0.398007 0.273152 1
0.399979 0.27324 0
0.401583 0.273418 0
0.402184 0.273201 0
0.404022 0.274464 0
0.406076 0.273316 0
0.401335 0.26616 0
0.401877 0.291178 0
0.413733 0.27151 0
0.40259 0.297727 0
0.413982 0.283432 0
0.394609 0.305461 0
0.389411 0.311572 0
0.396928 0.312695 0
0.395145 0.319726 0
0.396265 0.334425 0
0.359771 0.257745 0
0.37078 0.250032 0
0.356132 0.260643 0
0.42422 0.320571 0
0.406384 0.348044 0
0.408886 0.355986 0
0.41179 0.347844 0
0.413334 0.352325 0
0.423133 0.33901 0
0.404921 0.37643 0
0.404526 0.363847 0
0.32629 0.339024 0
0.315172 0.322465 0
0.328812 0.353011 0
0.310758 0.340996 0
0.399931 0.379908 0
0.411605 0.394029 0
0.414957 0.400933 0
0.418086 0.402076 0
0.419319 0.399269 0
0.416638 0.40829 0
0.471887 0.489527 0
0.437644 0.434134 0
0.421969 0.399409 0
0.422952 0.395271 0
0.424494 0.392564 0
0.427126 0.386841 0
0.423894 0.378403 0
0.414934 0.385228 0
0.460712 0.474146 0
0.438667 0.303081 0
0.478141 0.490846 0
0.427869 0.339378 0
0.435042 0.338683 0
0.436281 0.336378 0
0.437746 0.331384 0
0.436365 0.333346 0
0.438718 0.322376 0
0.436288 0.330394 0
0.436227 0.332689 0
0.434401 0.337004 0
0.431626 0.342852 0
0.432319 0.338466 0
0.431732 0.339679 0
0.431308 0.341136 0
0.430174 0.341759 0
0.430867 0.337989 0
0.432315 0.333314 0
0.435063 0.329002 0
0.434711 0.331688 0
0.434113 0.335079 0
0.437579 0.32687 0
0.440194 0.320227 0
0.441041 0.320584 0
0.438629 0.327948 0
0.444369 0.307645 0
0.446808 0.302885 0
0.447342 0.296713 0
0.444217 0.30899 0
0.446272 0.298211 0
0.443351 0.31614 0
0.444829 0.30692 0
0.445299 0.304829 0
0.447427 0.292844 0
0.448177 0.262943 0
0.447658 0.260734 0
0.447415 0.258268 0
0.448048 0.26051 0
0.443133 0.243682 0
0.445112 0.249169 0
0.440529 0.314526 0
0.43704 0.326362 0
0.435118 0.334227 0
0.430248 0.351551 0
0.43985 0.218648 0
0.424183 0.340774 0
0.437812 0.324187 0
0.443475 0.254883 0
0.424692 0.349673 0
0.439149 0.328818 0
0.449731 0.230178 0
0.44905 0.216608 0
0.442774 0.3306 0
0.447429 0.318313 0
0.446548 0.333237 0
0.444142 0.358405 0
0.448603 0.337127 0
0.455867 0.205313 0
0.445695 0.181361 0
0.438008 0.16514 0
0.434702 0.160688 0
0.434188 0.153493 0
0.431543 0.145199 0
0.42593 0.136077 0
0.412993 0.127613 0
0.45252 0.153777 0
0.385666 0.101187 0
0.461862 0.144211 0
0.384486 0.0747745 0
0.397974 0.0942963 0
0.482998 0.164179 0
0.476172 0.328515 0
0.459702 0.371515 0
0.32891 0.0382611 0
0.356727 0.0466023 0
0.35484 0.0377199 0
0.363022 0.0220009 0
0.361201 0.0154803 0
0.35726 0.0119725 0
0.351954 0.00763613 0
0.357837 0.00207941 0
0.369955 0 0
0.376752 0.00349843 0
0.383845 0.00444763 0
0.385773 0.00680427 0
0.424847 0.0301419 0
0.482334 0.35435 0
0.494399 0.354107 0
0.499136 0.334297 0
0.500495 0.331545 0
0.504698 0.321237 0
0.506504 0.317105 0
0.510459 0.30939 0
0.509046 0.317269 0
0.508645 0.322216 0
0.509342 0.324815 0
0.50962 0.328516 0
0.510783 0.332883 0
0.515458 0.321157 0
0.515689 0.324833 0
0.519098 0.319347 0
0.520036 0.321202 0
0.522211 0.320261 0
0.522208 0.330022 0
0.526018 0.325712 0
0.528427 0.326822 0
0.527466 0.340765 0
0.561591 0.270799 0
0.602518 0.255301 0
0.591077 0.273201 0
0.596458 0.274474 0
0.605019 0.280716 0
0.596573 0.294114 0
0.628815 0.288616 0
0.68536 0.34003 0
0.605468 0.314943 0
0.607053 0.334066 0
0.597891 0.348302 0
0.609594 0.353972 1
0.609594 0.353972 0
0.609597 0.353975 0
0.609572 0.353996 0
0.609535 0.354129 0
0.610017 0.355353 0
0.616607 0.413354 0
0.394676 0.0571954 0
0.372737 0.0623962 0
0.356352 0.0688337 0
0.342482 0.0669396 0
0.353951 0.0383932 0
0.0940674 7.48106e-05 0
0.0883963 0.0595851 0
0.0712956 0.127641 0
0.076352 0.153568 0
0.0761385 0.158322 0
0.0764288 0.165983 0
0.0595212 0.178977 0
0.0565301 0.177273 0
0.0495939 0.207539 0
0.0478584 0.200526 0
0.0394645 0.263567 0
0.0194004 0.359077 0
0.0381305 0.326032 0
0.0461936 0.318404 0
0.0529372 0.27814 0
0.0544943 0.276394 0
0.057548 0.285999 0
0.05999 0.290954 0
0.0633698 0.306964 0
0.0684073 0.323865 0
0.0568283 0.270014 0
0.0605082 0.281238 0
0.0581958 0.273938 0
0.0579034 0.270986 0
0.0588684 0.273316 0
0.0552449 0.253502 0
0.0569002 0.250638 0
0.0565405 0.251414 0
0.0508067 0.252052 0
0.0535568 0.263077 0
0.0551928 0.262084 0
0.0481869 0.25778 0
0.0516707 0.259239 0
0.0499407 0.25757 0
0.0512591 0.255977 0
0.063672 0.258973 0
0.0494782 0.253593 1
0.0748892 0.261499 0
0.0656185 0.234688 0
0.0595814 0.229603 1
0.0687476 0.221133 0
0.0645427 0.211418 1
0.0751853 0.204629 1
0.0675338 0.191271 1
0.0978067 0.174681 0
0.0841489 0.173938 1
0.0924532 0.1682 0
0.0964008 0.155198 0
0.101071 0.145937 0
0.105022 0.135471 0
0.10276 0.131973 0
0.10425 0.12415 0
0.107852 0.113761 0
0.10683 0.10972 0
0.111053 0.0969061 0
0.110466 0.0931203 0
0.109791 0.0896087 0
0.107771 0.0911515 0
0.107242 0.0888098 0
0.104093 0.093177 0
0.101002 0.098545 0
0.101967 0.0894134 0
0.100248 0.0907735 0
0.0989159 0.0904889 0
0.0998773 0.0777254 0
0.0956067 0.0908893 0
0.1002 0.0686962 0
0.0878191 0.110795 0
0.0851925 0.120329 0
0.0827611 0.135252 0
0.0823051 0.118576 0
0.0773515 0.130128 0
0.0728525 0.118992 0
0.0741439 0.144366 0
0.0693696 0.14498 0
0.0671129 0.153897 0
0.0783227 0.171826 1
0.0729636 0.189302 1
0.0669403 0.208712 1
0.0590581 0.229446 1
0.0502336 0.249076 1
0.043509 0.267936 1
0.0384945 0.279196 0
0.0262389 0.317785 0
0.031588 0.317525 0
0.0242681 0.335739 0
0.00798601 0.36608 0
0.0215722 0.357081 0
0.0345206 0.34103 0
0.0264766 0.364638 0
0.0333176 0.357966 0
0.0354864 0.362553 0
0.0286492 0.381059 0
0.0358123 0.368952 0
0.0358733 0.37568 0
0.0328543 0.386492 0
0.0377541 0.378546 0
0.0325805 0.400211 0
0.0310564 0.412628 0
0.0184519 0.445093 0
0.0200729 0.452033 0
0 0.46451 0
0.437952 0.843827 0
0.475045 0.741141 0
0.474258 0.735992 0
0.473418 0.735421 0
0.473399 0.735528 0
0.473372 0.735508 1
0.46173 0.733271 0
0.446206 0.732921 0
0.437581 0.725941 0
0.41929 0.739348 0
0.393011 0.756678 0
0.394019 0.726659 0
0.377274 0.730007 0
0.354631 0.740492 0
0.346945 0.72502 0
0.315005 0.738694 0
0.317664 0.722974 0
0.301405 0.723528 0
0.292992 0.713577 0
0.28773 0.701732 0
0.280603 0.694259 0
0.285201 0.673663 0
0.256587 0.677617 0
0.24682 0.672012 0
0.230239 0.669037 0
0.231165 0.657296 0
0.216023 0.652409 0
0.214014 0.640698 0
0.209675 0.631612 0
0.198004 0.62936 0
0.182823 0.61842 0
0.166991 0.618015 0
0.165639 0.610254 0
0.157568 0.603675 1
0.157577 0.603035 0
0.157686 0.603434 0
0.15785 0.602955 0
0.158274 0.601999 0
0.160137 0.597757 0
0.160711 0.595717 0
0.160288 0.597737 0
0.164239 0.591164 0
0.161975 0.595121 0
0.16239 0.594098 0
0.168977 0.583148 0
0.173958 0.5777 0
0.185206 0.56779 0
0.19124 0.559958 0
0.214074 0.531408 0
0.268575 0.498258 0
0.302353 0.482736 0
0.422927 0.171706 0
0.44608 0.216503 0
0.482328 0.230843 0
0.459289 0.466166 0
0.451842 0.412905 0
0.467688 0.306394 0
0.46151 0.413146 0
0.467136 0.326381 0
0.468182 0.33831 0
0.478161 0.278201 0
0.483458 0.245236 0
0.470141 0.440146 0
0.441672 0.422323 0
0.671497 0.607265 0
0.420115 0.0929199 0
0.512274 0.177254 0
0.497696 0.22691 0
0.500664 0.218768 0
0.501551 0.212859 0
0.508178 0.206519 0
0.478165 0.325239 0
0.4802 0.406021 0
1 0.665312 0
0.408498 0.188301 0
0.998168 0.693721 0
0.887401 0.67134 0
0.861454 0.658282 0
0.818509 0.642114 0
0.803377 0.639141 0
0.819944 0.642514 0
0.831705 0.645384 0
0.843864 0.657956 0
0.480526 0.394925 0
0.525043 0.094968 0
0.579052 0.117633 0
0.587812 0.105586 0
0.591107 0.103321 0
0.593673 0.100871 0
0.598108 0.0994633 0
0.600929 0.0954166 0
0.605445 0.0902021 0
0.611331 0.0855608 0
0.618963 0.0829935 0
0.62127 0.0794309 0
0.622706 0.078296 0
0.622875 0.0741214 0
0.625051 0.0686196 0
0.635845 0.0684571 0
0.640377 0.0653382 0
0.646731 0.0622485 0
0.650424 0.0585289 0
0.651514 0.059587 0
0.651578 0.0614186 0
0.652127 0.0621515 0
0.651707 0.0627879 0
0.659502 0.0626457 0
0.68974 0.0426242 0
0.68265 0.0490573 0
0.66417 0.0618854 0
0.664917 0.0604072 0
0.665455 0.0585362 0
0.690593 0.0448751 0
0.647393 0.065223 0
0.654651 0.0569083 0
0.645632 0.0607902 0
0.639946 0.0570704 0
0.636678 0.0536582 0
0.632977 0.0525771 0
0.625698 0.0531224 0
0.62582 0.0492181 0
0.623676 0.0481933 0
0.624169 0.048081 0
0.628288 0.0480708 0
0.627985 0.0498272 0
0.628534 0.049978 0
0.631008 0.0525484 0
0.631555 0.0556299 0
0.635279 0.0594456 0
0.643618 0.0621978 0
0.651621 0.06768 0
0.656274 0.0713505 0
0.661765 0.0765576 0
0.667492 0.0784803 0
0.670335 0.0825626 0
0.670712 0.0857868 0
0.675367 0.0868963 0
0.676918 0.0889012 0
0.676926 0.0915912 0
0.690625 0.0868707 0
0.690613 0.0903423 0
0.693488 0.09056 0
0.697461 0.0901983 0
0.700414 0.0893593 0
0.702935 0.0884065 0
0.705138 0.0868617 0
0.708951 0.0840194 0
0.71373 0.0803968 0
0.719973 0.0763872 0
0.721309 0.0753432 0
0.711898 0.0807853 0
0.717759 0.074407 0
0.709998 0.0765024 0
0.700835 0.0815028 0
0.699153 0.0820495 0
0.698779 0.0821496 0
0.696907 0.0818356 0
0.690951 0.0843683 0
0.688958 0.0843633 0
0.683667 0.085375 0
0.681368 0.0853074 0
0.680352 0.0854014 0
0.677369 0.0860612 0
0.68005 0.0835922 0
0.691366 0.0744255 0
0.675294 0.0808358 0
0.674912 0.0831373 0
0.67432 0.0837164 0
0.672878 0.0838986 0
0.671947 0.0839284 0
0.671652 0.0826494 0
0.67208 0.0816819 0
0.673635 0.0802829 0
0.676999 0.0800036 0
0.678498 0.078578 0
0.67042 0.0816551 0
0.668803 0.0803065 0
0.670511 0.077362 0
0.668508 0.0772638 0
0.66555 0.0779711 0
0.658996 0.0797284 0
0.654633 0.080437 0
0.650445 0.0800332 0
0.644979 0.0789247 0
0.639861 0.0794956 0
0.63681 0.0789171 0
0.638364 0.0774573 0
0.636394 0.0766519 0
0.637297 0.0751625 0
0.638781 0.0743624 0
0.637143 0.0753484 0
0.638036 0.0747651 0
0.6407 0.074136 0
0.642874 0.0734708 0
0.644329 0.0735698 0
0.646792 0.0742259 0
0.644655 0.0757531 0
0.641281 0.0766569 0
0.637807 0.0785442 0
0.637202 0.0804013 0
0.642048 0.0798574 0
0.647385 0.0796278 0
0.642133 0.0822392 0
0.63937 0.0834376 0
0.641038 0.0825723 0
0.640462 0.0812732 0
0.638972 0.0821188 0
0.63888 0.0831864 0
0.639087 0.0836402 0
0.640744 0.0836737 0
0.639538 0.0835674 0
0.638107 0.0840348 0
0.642255 0.0833629 0
0.643035 0.083657 0
0.640623 0.0842161 0
0.638627 0.0843629 0
0.637431 0.0849832 0
0.639019 0.0837874 0
0.636179 0.0839924 0
0.634067 0.085446 0
0.637535 0.0847238 0
0.638471 0.0846037 0
0.636798 0.084802 0
0.633788 0.0863349 0
0.630318 0.0874337 0
0.629046 0.0867266 0
0.629602 0.0878422 0
0.631739 0.0886997 0
0.633054 0.0883756 0
0.632666 0.0876484 0
0.627447 0.0881301 0
0.628169 0.0863882 0
0.628117 0.0865953 0
0.628754 0.0861242 0
0.629677 0.0847748 0
0.629968 0.084301 0
0.631338 0.0826361 0
0.632593 0.0827272 0
0.633732 0.0825198 0
0.634875 0.082526 0
0.636715 0.0812314 0
0.638766 0.0809881 0
0.63916 0.080297 0
0.639369 0.0808021 0
0.64237 0.0806057 0
0.646634 0.0795083 0
0.651157 0.0779487 0
0.638766 0.0804812 0
0.645077 0.0770221 0
0.6439 0.0762085 0
0.643586 0.0747687 0
0.64106 0.0730669 0
0.644565 0.0730529 0
0.646524 0.0722595 0
0.643761 0.0711189 0
0.642491 0.0692502 0
0.641723 0.0685307 0
0.642122 0.0674527 0
0.642928 0.0667582 0
0.643241 0.0646449 0
0.642942 0.0626087 0
0.636909 0.0613408 0
0.637175 0.0599208 0
0.637524 0.0597934 0
0.637679 0.0593881 0
0.637303 0.0565194 0
0.636085 0.0553263 0
0.639699 0.0542641 0
0.639006 0.0542717 0
0.63746 0.0526765 0
0.638219 0.0521761 0
0.637676 0.0509687 0
0.640932 0.0484745 0
0.64425 0.0485075 0
0.65062 0.0462302 0
0.645502 0.0424602 0
0.65466 0.047279 0
0.643012 0.0437884 0
0.643551 0.0436196 0
0.643684 0.0438388 0
0.645341 0.0441923 0
0.645398 0.0437998 0
0.646025 0.0423271 0
0.647278 0.0412061 0
0.648563 0.0411676 0
0.647856 0.0412347 0
0.648413 0.0417928 0
0.650492 0.0399495 0
0.651743 0.0400941 0
0.652387 0.0408058 0
0.652211 0.0405897 0
0.652653 0.0409507 0
0.654326 0.0407302 0
0.656478 0.0398161 0
0.657036 0.041179 0
0.656998 0.0411309 0
0.658748 0.0422728 0
0.660408 0.0420759 0
0.661881 0.041548 0
0.662496 0.040601 0
0.664969 0.0410683 0
0.665732 0.0401139 0
0.664516 0.0387311 0
0.664782 0.0371262 0
0.665682 0.0360878 0
0.66587 0.0346335 0
0.665204 0.0348132 0
0.66489 0.0348315 0
0.664824 0.0330735 0
0.666648 0.0339502 0
0.668409 0.0302671 0
0.669053 0.0337025 0
0.669195 0.0329489 1
