0.253153 0.330396 1
0.253963 0.329727 0
0.254469 0.329772 0
0.256876 0.333228 0
0.268289 0.336943 0
0.225964 0.271792 0
0.222472 0.276056 0
0.223914 0.273559 0
0.223639 0.272448 0
0.223688 0.271693 0
0.223958 0.271097 0
0.224237 0.270404 0
0.224685 0.269691 0
0.224787 0.270078 0
0.22538 0.270178 0
0.227111 0.266406 0
0.225168 0.270861 0
0.226811 0.269253 0
0.232307 0.263419 0
0.204645 0.180787 0
0.23166 0.261308 0
0.224964 0.270636 0
0.22504 0.271392 0
0.225905 0.271377 0
0.224578 0.274967 0
0.225347 0.273877 0
0.224074 0.278472 0
0.229399 0.269717 0
0.228613 0.273839 0
0.229309 0.275477 0
0.234394 0.272626 0
0.242259 0.298211 0
0.237047 0.300144 0
0.242473 0.29532 0
0.260319 0.269177 0
0.167311 0.364838 0
0.148598 0.364532 0
0.221653 0.303818 0
0.207739 0.304789 0
0.208586 0.303829 1
0.222075 0.299313 1
0.22863 0.293219 0
0.272544 0.288556 0
0.280472 0.2935 0
0.28144 0.292906 1
0.296789 0.287845 1
0.29696 0.28785 0
0.297127 0.287807 0
0.297255 0.287886 0
0.297441 0.287881 0
0.298063 0.287822 0
0.298848 0.287984 0
0.299588 0.288093 0
0.303817 0.28599 0
0.313047 0.281919 0
0.315059 0.282095 0
0.317108 0.28179 0
0.320361 0.277571 0
0.321604 0.280547 0
0.323683 0.278706 0
0.327308 0.283153 0
0.33232 0.285142 0
0.335928 0.289301 0
0.340223 0.292573 0
0.342988 0.296837 0
0.346008 0.299916 0
0.345884 0.30657 0
0.343469 0.305456 0
0.34604 0.365044 0
0.344486 0.369903 0
0.349622 0.375142 0
0.377492 0.391273 0
0.10715 0.466895 0
0.127724 0.429287 0
0.149473 0.437203 0
0.366802 0.390859 0
0.359375 0.393203 0
0.38844 0.399071 0
0.147438 0.426048 0
0.185681 0.405866 0
0.134317 0.478259 0
0.36828 0.38414 0
0.343825 0.404603 0
0.337967 0.419013 0
0.160677 0.458348 0
0.291223 0.473865 0
0.342293 0.548269 0
0.342718 0.548901 0
0.286427 0.451156 0
0.264754 0.44944 0
0.261634 0.447058 0
0.25782 0.445891 0
0.256077 0.444788 0
0.253866 0.443049 0
0.251237 0.442448 0
0.249751 0.441887 0
0.248736 0.440355 0
0.247577 0.440178 0
0.246905 0.44054 0
0.245952 0.440303 0
0.244735 0.441017 0
0.244039 0.438966 0
0.243911 0.437725 0
0.243728 0.437413 0
0.24356 0.436898 1
0.244959 0.436932 0
0.249086 0.448329 0
0.217725 0.415869 1
0.208453 0.412895 1
0.208515 0.411676 0
0.208011 0.411217 0
0.208976 0.411693 0
0.209756 0.410134 0
0.209976 0.407611 0
0.203743 0.4066 0
0.224424 0.454177 0
0.198676 0.388366 0
0.232626 0.441333 0
0.212817 0.460955 0
0.323584 0.427447 0
0.211279 0.369261 0
0.218271 0.372111 0
0.22198 0.370069 0
0.223464 0.370375 0
0.228563 0.366595 0
0.25018 0.398044 0
0.199455 0.365139 0
0.336695 0.434658 0
0.14646 0.407722 0
0.233729 0.401749 0
0.163004 0.355729 0
0.123525 0.226071 0
0.142392 0.210946 0
0.138949 0.217788 0
0.13389 0.191141 0
0.134387 0.220414 0
0.138521 0.2137 0
0.133058 0.216677 0
0.13409 0.199785 0
0.136033 0.204847 0
0.139324 0.206843 0
0.141981 0.208327 1
0.15052 0.207787 1
0.155283 0.207013 0
0.15455 0.20774 0
0.160045 0.206178 0
0.17001 0.20266 0
0.197545 0.198639 0
0.208979 0.2018 0
0.219021 0.206853 0
0.227408 0.207567 0
0.286154 0.20805 0
0.292569 0.199035 0
0.29384 0.198008 1
0.310112 0.190891 1
0.310422 0.190949 0
0.31051 0.191017 0
0.310894 0.19114 0
0.311582 0.1913 0
0.312342 0.191678 0
0.313842 0.191891 0
0.315729 0.191893 0
0.317911 0.190708 0
0.317488 0.189207 0
0.312611 0.187032 0
0.310894 0.187051 0
0.309903 0.187339 0
0.318642 0.188097 0
0.308284 0.189544 0
0.316902 0.188396 0
0.322423 0.190359 0
0.321084 0.188134 0
0.320733 0.186621 0
0.323199 0.186229 0
0.331933 0.188992 0
0.278357 0.21185 0
0.339391 0.195215 0
0.274932 0.21558 0
0.384538 0.428235 0
0.400486 0.425613 0
0.395098 0.42684 0
0.391839 0.426911 0
0.381379 0.429084 0
0.37566 0.430363 0
0.372537 0.431834 0
0.373066 0.432672 0
0.371507 0.433639 0
0.369389 0.43547 0
0.370882 0.436148 0
0.367869 0.438205 0
0.361965 0.441357 0
0.348186 0.449822 0
0.282528 0.427525 0
0.203489 0.36085 0
0.195329 0.419663 0
0.195231 0.42304 0
0.194538 0.424451 0
0.19589 0.422349 0
0.195982 0.421877 0
0.195295 0.424082 0
0.195624 0.423886 0
0.196184 0.422605 0
0.196399 0.422524 0
0.196388 0.423001 0
0.196901 0.421602 0
0.196656 0.423638 0
0.197097 0.428412 0
0.196653 0.424692 0
0.197383 0.427976 0
0.196787 0.423974 0
0.199048 0.431724 0
0.198096 0.429636 0
0.198189 0.429301 0
0.198666 0.43075 0
0.197498 0.42249 0
0.198826 0.430892 0
0.198436 0.428311 0
0.197534 0.424092 0
0.198173 0.42786 0
0.198916 0.430829 0
0.19772 0.423585 0
0.200062 0.431074 0
0.200123 0.43082 0
0.200397 0.431206 0
0.201114 0.431692 0
0.200841 0.431483 0
0.19993 0.431115 0
0.198159 0.424754 0
0.361956 0.469654 0
0.343125 0.517166 0
0.346075 0.518501 0
0.351018 0.492741 0
0.349476 0.498236 0
0.347056 0.514861 0
0.350069 0.501903 0
0.352762 0.489572 0
0.37401 0.459623 0
0.40387 0.449267 0
0.422459 0.445891 0
0.396084 0.448945 0
0.495538 0.431855 0
0.466828 0.439991 0
0.496071 0.432401 0
0.486421 0.434188 0
0.498344 0.430479 0
0.522869 0.422641 0
0.520664 0.424053 0
0.518312 0.424845 0
0.514409 0.426755 0
0.505827 0.428871 0
0.499402 0.431535 0
0.493279 0.432938 0
0.486259 0.434736 0
0.479917 0.437037 0
0.474338 0.438175 0
0.469092 0.439972 0
0.452597 0.442742 0
0.44733 0.442922 0
0.410371 0.449844 0
0.410054 0.449662 0
0.394091 0.454292 0
0.373118 0.463683 0
0.362705 0.473851 0
0.36025 0.479697 0
0.352565 0.498239 0
0.358962 0.481549 0
0.368161 0.47036 0
0.36733 0.470848 0
0.369208 0.470761 0
0.354659 0.492654 0
0.353825 0.505513 0
0.252996 0.426743 0
0.214207 0.428302 0
0.200142 0.430986 0
0.201192 0.430201 0
0.201998 0.43062 0
0.198146 0.425847 0
0.200782 0.43044 0
0.200787 0.429632 0
0.199713 0.428865 0
0.198484 0.425393 0
0.201319 0.430225 0
0.200405 0.429124 0
0.200908 0.429763 0
0.201169 0.430122 0
0.199666 0.428455 0
0.202377 0.431094 0
0.199007 0.424939 0
0.2002 0.429293 0
0.200837 0.42936 0
0.204328 0.431647 0
0.201548 0.43024 0
0.201928 0.430497 0
0.205749 0.432503 0
0.200968 0.430202 0
0.198013 0.429266 0
0.231235 0.424278 0
0.207887 0.432731 0
0.205704 0.432674 0
0.20345 0.416332 0
0.199944 0.42094 0
0.199819 0.42915 0
0.200672 0.41977 0
0.199895 0.427918 0
0.20278 0.423332 0
0.200245 0.477643 0
0.388828 0.678338 0
0.380609 0.660142 0
0.38658 0.678344 0
0.393982 0.700632 0
0.38127 0.664346 0
0.380962 0.659166 0
0.381884 0.667073 0
0.365969 0.620655 0
0.361596 0.59432 0
0.356359 0.515302 0
0.35202 0.561192 0
0.361642 0.495662 0
0.376911 0.464654 0
0.427154 0.452111 0
0.436643 0.449665 0
0.458031 0.446582 0
0.479694 0.441906 0
0.497338 0.43833 0
0.495836 0.438536 0
0.503578 0.437126 0
0.493545 0.439281 0
0.486444 0.441778 0
0.473711 0.444038 0
0.47049 0.448418 0
0.408234 0.730249 0
0.39488 0.688651 0
0.389846 0.667181 0
0.378719 0.639428 0
0.37742 0.642419 0
0.36955 0.621297 0
0.365504 0.605838 0
0.362897 0.597994 0
0.357578 0.580841 0
0.361878 0.598555 0
0.364464 0.604621 0
0.35782 0.57841 0
0.363453 0.602976 0
0.367059 0.606909 0
0.393134 0.652198 0
0.369289 0.484877 0
0.185559 0.43598 0
0.203183 0.428431 0
0.206989 0.431935 0
0.201811 0.429316 0
0.200995 0.428783 0
0.200661 0.428327 0
0.200367 0.427794 0
0.200255 0.427734 0
0.2033 0.43091 0
0.208006 0.43201 0
0.199059 0.426335 0
0.230159 0.423885 0
0.00201367 0.317743 0
0.0421206 0.405882 0
0.0428977 0.405714 0
0 0.328554 0
0.00420594 0.31795 0
0.272016 0.399896 0
0.394893 0.669524 0
0.400598 0.66351 0
0.414949 0.68622 0
0.426767 0.70485 0
0.400169 0.65828 0
0.393054 0.648388 0
0.388192 0.638519 0
0.390638 0.640883 0
0.383803 0.628431 0
0.389254 0.633039 0
0.418481 0.676304 0
0.402596 0.653125 0
0.389785 0.631641 0
0.398552 0.642297 0
0.425021 0.687139 0
0.372901 0.477913 0
0.40907 0.464368 0
0.412494 0.462834 0
0.426756 0.460658 0
0.382257 0.47573 0
0.416771 0.468323 0
0.259089 0.400521 0
0.135466 0.324649 0
0.165689 0.308171 0
0.259197 0.421891 0
0.229955 0.420859 0
0.142207 0.287476 0
0.165337 0.273649 0
0.209561 0.427046 0
0.205048 0.429464 0
0.203607 0.428991 0
0.200769 0.423086 0
0.207435 0.424352 0
0.184831 0.446397 0
0.383817 0.501195 0
0.368746 0.505389 0
0.375577 0.495644 0
0.376589 0.494666 0
0.355901 0.541163 0
0.359967 0.527959 0
0.363174 0.518093 0
0.378739 0.504279 0
0.396422 0.484456 0
0.391101 0.490625 0
0.385904 0.496442 0
0.389083 0.495546 0
0.406647 0.487839 0
0.384493 0.499721 0
0.44965 0.608246 0
0.454174 0.59669 0
0.473394 0.611185 0
0.470145 0.609372 0
0.457457 0.60198 0
0.451805 0.600125 0
0.447086 0.598317 0
0.444463 0.597817 0
0.429447 0.589246 0
0.432797 0.591957 0
0.422688 0.585933 0
0.416082 0.583596 0
0.410425 0.581177 0
0.400857 0.576491 0
0.395008 0.573088 0
0.385462 0.568437 0
0.383601 0.566174 0
0.378551 0.563424 0
0.371449 0.559898 0
0.373365 0.558989 0
0.361698 0.554602 0
0.35378 0.553279 1
0.354885 0.552869 0
0.355646 0.552732 0
0.356448 0.552591 0
0.358091 0.55215 0
0.364589 0.549225 0
0.417863 0.530271 0
0.22545 0.411905 0
0.268691 0.413925 0
0.267563 0.416415 0
0.268637 0.414642 0
0.262587 0.417101 0
0.227296 0.321703 0
0.220558 0.329804 0
0.221051 0.328492 0
0.222506 0.326921 0
0.222905 0.326811 0
0.222937 0.32672 1
0.221072 0.326951 0
0.211854 0.303069 1
0.205238 0.297056 1
0.205139 0.297058 0
0.205241 0.297111 0
0.205213 0.296257 0
0.205383 0.295858 0
0.205899 0.295269 0
0.206182 0.294914 0
0.204037 0.299055 0
0.148974 0.207817 1
0.457075 0.483879 0
0.376138 0.530225 0
0.369741 0.545134 0
0.367241 0.54753 0
0.367675 0.547258 0
0.36764 0.546825 0
0.367996 0.546852 0
0.368492 0.546069 0
0.368976 0.545825 0
0.369659 0.545268 0
0.370094 0.544983 0
0.370881 0.544822 0
0.371139 0.544809 0
0.371206 0.54464 0
0.369968 0.546222 0
0.365522 0.547901 0
0.370974 0.545507 0
0.367659 0.546881 0
0.370713 0.545543 0
0.377831 0.54096 0
0.384581 0.529266 0
0.107647 0.355182 0
0.11536 0.374033 1
0.122765 0.403188 1
0.12275 0.403143 0
0.123958 0.40679 0
0.214721 0.425809 0
0.208295 0.416314 0
0.209507 0.415819 0
0.209365 0.415755 1
0.228704 0.411475 1
0.248641 0.408956 1
0.248618 0.408917 0
0.248132 0.410013 0
0.242653 0.412773 0
0.293186 0.305729 0
0.29478 0.303021 0
0.295784 0.279935 0
0.423693 0.324786 0
0.419066 0.325047 1
0.419243 0.325099 0
0.419189 0.3251 0
0.419104 0.325095 0
0.419312 0.325163 0
0.419446 0.325066 0
0.419416 0.325312 0
0.418974 0.323258 0
0.436714 0.332014 0
0.386915 0.5295 0
0.383829 0.544141 0
0.385425 0.544979 0
0.387047 0.545895 0
0.386332 0.544969 0
0.385394 0.543533 0
0.38601 0.543314 0
0.386207 0.542571 0
0.386953 0.542152 0
0.387938 0.542225 0
0.391187 0.539797 0
0.39712 0.538808 0
0.40196 0.534868 0
0.406319 0.531965 0
0.409422 0.529378 0
0.414795 0.528341 0
0.405923 0.527672 0
0.402854 0.5272 0
0.402722 0.527075 0
0.403843 0.526225 0
0.404185 0.526367 0
0.404822 0.526673 0
0.402801 0.52706 0
0.415014 0.507597 0
0.228932 0.338681 0
0.327533 0.346601 0
0.286627 0.300342 0
0.291259 0.297447 0
0.290439 0.297702 0
0.290141 0.297058 0
0.290279 0.29736 0
0.290293 0.29731 0
0.290398 0.29717 0
0.290311 0.297163 1
0.291957 0.285652 1
0.291313 0.285529 0
0.294054 0.310904 0
0.29082 0.149618 0
0.297967 0.195845 0
0.29586 0.197893 1
0.296601 0.179778 1
0.296589 0.179738 0
0.296601 0.179775 0
0.296601 0.179778 0
0.296601 0.179778 0
0.296601 0.179778 0
0.296601 0.179778 0
0.296601 0.179778 0
0.296601 0.179778 0
0.296601 0.179778 0
0.296601 0.179778 0
0.296601 0.179778 0
0.296599 0.179775 0
0.296588 0.179771 0
0.296487 0.179373 0
0.296228 0.178598 0
0.29629 0.180304 0
0.283462 0.159793 0
0.30401 0.099026 0
1 0.187009 0
0.790179 0.289514 0
0.814029 0.2302 0
0.798043 0.238509 0
0.798151 0.229922 0
0.794938 0.228798 0
0.792954 0.226847 0
0.790777 0.22597 0
0.795653 0.213462 0
0.785596 0.217184 0
0.783563 0.217524 0
0.779592 0.220226 0
0.774891 0.221938 0
0.766583 0.229143 0
0.76072 0.236628 0
0.760698 0.232371 0
0.763039 0.226038 0
0.757979 0.23181 0
0.770285 0.207593 0
0.762656 0.215437 0
0.751343 0.228658 0
0.741637 0.244951 0
0.739609 0.241162 0
0.750514 0.219832 0
0.718284 0.277303 0
0.717796 0.270567 0
0.422253 0.578162 0
0.372641 0.553279 0
0.380952 0.521224 0
0.0193675 0.370843 0
0.137436 0.416307 0
0.137476 0.417078 0
0.142703 0.423913 0
0.13824 0.419126 0
0.143604 0.430311 0
0.123776 0.456176 0
0.110722 0.365352 0
0.017936 0.335604 0
0.370804 0.538316 0
0.308431 0.535885 0
0.326854 0.540069 0
0.358736 0.550952 0
0.354073 0.553446 0
0.353913 0.553246 0
0.353786 0.553278 0
0.353781 0.553279 0
0.35378 0.553279 0
0.35378 0.553279 0
0.35378 0.553279 0
0.35378 0.553279 0
0.35378 0.553279 0
0.353782 0.55328 0
0.353786 0.553277 0
0.353798 0.553291 0
0.35422 0.553155 0
0.36194 0.552111 0
0.378709 0.555569 0
0.382137 0.554282 0
0.389945 0.556064 0
0.396411 0.560088 0
0.415142 0.564674 0
0.410328 0.562153 0
0.406792 0.560749 0
0.406914 0.560784 0
0.403339 0.558389 0
0.408031 0.559885 0
0.393071 0.549941 0
0.388483 0.546392 0
0.38751 0.545023 0
0.382817 0.54535 0
0.360887 0.550631 0
0.430608 0.328149 0
0.314401 0.319375 0
0.301 0.310616 0
0.301111 0.310897 0
0.294571 0.314762 0
0.301963 0.304415 0
0.2881 0.313029 0
0.280488 0.267071 0
0.25489 0.41079 0
0.230837 0.41499 0
0.231173 0.414818 0
0.244941 0.40822 0
0.145259 0.422661 0
0.149405 0.420474 0
0.151528 0.422077 0
0.133997 0.41165 0
0.120482 0.407927 0
0.114174 0.367104 0
0.115143 0.375615 0
0.115226 0.374983 0
0.115162 0.374866 0
0.113191 0.372204 0
0.1022 0.383653 0
0.290533 0.259321 0
0.129777 0.32949 0
0.380428 0.00217084 0
0.713616 0.233387 0
0.714811 0.21815 0
0.712146 0.227404 0
0.710161 0.235333 0
0.717499 0.215093 0
0.733293 0.136515 0
0.724939 0.184317 0
0.721024 0.199563 0
0.722812 0.193772 0
0.724564 0.180216 0
0.712326 0.237651 0
0.705879 0.246981 0
0.715775 0.216981 0
0.697122 0.265555 0
0.692206 0.280969 0
0.703552 0.256328 0
0.693525 0.275585 0
0.685784 0.281821 0
0.212133 0.158186 0
0.104498 0.324312 0
0.11878 0.364307 0
0.126293 0.406673 0
0.122749 0.402416 0
0.124453 0.404383 0
0.136599 0.409252 0
0.132595 0.41007 0
0.123299 0.399645 0
0.0709519 0.387196 0
0.313809 0.316556 0
0.317638 0.314913 0
0.324974 0.531041 0
0.318743 0.523065 0
0.343733 0.339336 0
0.301184 0.300955 0
0.301115 0.311373 0
0.298079 0.319254 0
0.411115 0.329508 0
0.428862 0.328127 0
0.429951 0.316256 0
0.432773 0.321492 0
0.431296 0.325541 0
0.432332 0.322387 0
0.432119 0.322634 0
0.432114 0.323506 0
0.441506 0.326063 0
0.38511 0.345 0
0.374444 0.555671 0
0.366803 0.346651 0
0.410034 0.330171 0
0.364235 0.30031 0
0.39308 0.521617 0
0.395182 0.53778 0
0.397139 0.537573 0
0.397694 0.537863 0
0.390746 0.541389 0
0.406451 0.524805 0
0.336313 0.302558 0
0.298836 0.314131 0
0.29823 0.31329 0
0.300213 0.31155 0
0.300354 0.311844 0
0.300333 0.311141 0
0.296113 0.314108 0
0.324648 0.306618 0
0.16519 0.431237 0
0.156126 0.409853 0
0.158839 0.410499 0
0.156301 0.409501 0
0.157477 0.408525 0
0.157622 0.407283 0
0.158901 0.407011 0
0.160113 0.407069 0
0.160506 0.41255 0
0.160973 0.411571 0
0.161263 0.407366 0
0.160133 0.404112 0
0.157021 0.407568 0
0.151717 0.407295 0
0.151293 0.406004 0
0.148142 0.407133 0
0.146432 0.409604 0
0.147593 0.407383 0
0.141487 0.411243 0
0.144451 0.411563 0
0.151024 0.411548 0
0.130645 0.384522 0
0.128079 0.38754 0
0.145033 0.411118 0
0.333037 0.131342 0
0.225238 0.0593755 0
0.249109 0.164021 0
0.239811 0.135408 0
0.305294 0 0
0.174643 0.0920847 0
0.368788 0.339267 0
0.251585 0.0708383 0
0.309578 0.178774 0
0.331568 0.144984 0
0.339168 0.157036 0
0.315432 0.340643 0
0.269968 0.191175 0
0.250945 0.193954 0
0.251721 0.195542 0
0.249919 0.199096 0
0.241842 0.212845 0
0.171378 0.174535 0
0.286965 0.235695 0
0.30221 0.320762 0
0.308244 0.30767 0
0.1631 0.453686 0
0.134339 0.4083 0
0.131286 0.411053 0
0.131267 0.387314 0
0.13912 0.414714 0
0.133253 0.412028 0
0.134914 0.410942 0
0.135166 0.41985 0
0.227589 0.236482 0
0.16957 0.408801 0
0.120765 0.450939 0
0.315185 0.263219 0
0.31437 0.541832 0
0.33009 0.542736 0
0.335949 0.546177 0
0.322895 0.539758 0
0.384447 0.546259 0
0.381306 0.545351 0
0.373744 0.548775 0
0.374578 0.548734 0
0.380876 0.546812 0
0.379885 0.546818 0
0.371891 0.548929 0
0.374619 0.548903 0
0.375427 0.548692 0
0.368583 0.550314 0
0.368301 0.551012 0
0.377362 0.550019 0
0.374598 0.547652 0
0.34431 0.560013 0
0.141478 0.457002 0
0.0973399 0.441552 0
0.378129 0.331279 0
0.136289 0.447809 0
0.142349 0.431902 0
0.141082 0.430218 0
0.14465 0.431989 0
0.150011 0.413295 0
0.373141 0.357489 0
0.320721 0.322458 0
0.316051 0.311307 0
0.318562 0.314913 0
0.318123 0.314608 0
0.321173 0.318093 0
0.327096 0.319681 0
0.331109 0.32484 0
0.338969 0.328814 0
0.335909 0.329025 0
0.330772 0.374089 0
0.32405 0.381595 0
0.321687 0.382937 0
0.320469 0.385028 0
0.319239 0.386526 0
0.318029 0.388195 0
0.31697 0.389009 0
0.31535 0.39095 0
0.314701 0.391156 0
0.313689 0.391814 0
0.315786 0.391628 0
0.336601 0.401988 0
0.238628 0.31771 0
0.238573 0.317801 0
0.248091 0.320728 0
0.222245 0.267423 0
0.221422 0.264831 0
0.221538 0.262097 0
0.220552 0.260595 0
0.220609 0.260859 0
0.220838 0.261464 0
0.220353 0.260457 0
0.220435 0.258638 0
0.220213 0.258499 0
0.220299 0.258468 0
0.220122 0.257692 0
0.220038 0.256438 0
0.220692 0.258314 0
0.22028 0.256696 0
0.220194 0.255872 0
0.219958 0.254863 0
0.220107 0.254719 0
0.220442 0.255679 0
0.220501 0.254801 0
0.219492 0.251277 0
0.220231 0.25043 0
0.219358 0.247309 0
0.219609 0.245503 0
0.220975 0.245506 0
0.221155 0.2451 0
0.217597 0.23765 0
0.251609 0.221774 0
0.152497 0.40499 0
0.13886 0.408937 0
0.141278 0.406303 0
0.132082 0.3904 0
0.139531 0.404228 0
0.140496 0.405603 0
0.140742 0.404843 0
0.140787 0.404369 0
0.140594 0.403858 0
0.14147 0.404214 0
0.141343 0.403822 0
0.141267 0.403459 0
0.141144 0.40348 0
0.140867 0.400866 0
0.161656 0.410964 0
0.339259 0.418439 0
0.326113 0.402058 0
0.31821 0.398336 0
0.319789 0.398128 0
0.322159 0.398697 0
0.3243 0.399652 0
0.322193 0.399177 0
0.327578 0.401593 0
0.334298 0.405793 0
0.320024 0.399222 0
0.339889 0.407659 0
0.332903 0.406314 0
0.331411 0.404921 0
0.337821 0.406546 0
0.336628 0.404959 0
0.340934 0.406658 0
0.340472 0.406184 0
0.340943 0.406151 0
0.342732 0.40612 0
0.345349 0.406814 0
0.346069 0.406793 0
0.34669 0.406053 0
0.348739 0.405381 0
0.348838 0.405216 0
0.347816 0.405584 0
0.348812 0.405903 0
0.351118 0.406073 0
0.353621 0.406226 0
0.351456 0.405405 0
0.352036 0.407463 0
0.35666 0.410426 0
0.353897 0.410039 0
0.351516 0.407064 0
0.351046 0.407501 0
0.351517 0.407754 0
0.350501 0.406362 0
0.343812 0.405311 0
0.352521 0.410891 0
0.336756 0.407967 0
0.329968 0.407098 0
0.326355 0.407654 0
0.323388 0.407531 0
0.323478 0.407671 0
0.323801 0.408266 0
0.324126 0.407903 0
0.3185 0.411633 0
0.160935 0.406971 0
0.160954 0.422179 0
0.167613 0.419438 0
0.166687 0.420486 0
0.165734 0.421594 0
0.17088 0.420265 0
0.169071 0.421742 0
0.171712 0.421565 0
0.172367 0.422244 0
0.175181 0.422275 0
0.17642 0.423416 0
0.174723 0.424863 0
0.176467 0.425318 0
0.176282 0.42688 0
0.175979 0.428198 0
0.175187 0.429976 0
0.176573 0.430515 0
0.1777 0.43156 0
0.178054 0.432633 0
0.178311 0.434669 0
0.182193 0.446507 0
0.186711 0.412088 0
0.181627 0.453305 0
0.18612 0.451208 0
0.187292 0.452164 0
0.186923 0.453279 0
0.187367 0.455465 0
0.187236 0.465768 0
0.160902 0.486841 0
0.304381 0.499722 0
0.185616 0.486611 0
0.182314 0.477275 0
0.170593 0.486554 0
0.173845 0.488735 0
0.179916 0.488502 0
0.183394 0.524168 0
0.293149 0.512355 0
0.23008 0.539516 0
0.237271 0.545864 0
0.286075 0.539094 0
0.27332 0.551141 0
0.29267 0.543575 0
0.305603 0.538263 0
0.306399 0.542158 0
0.305877 0.54521 0
0.287251 0.559716 0
0.289517 0.563789 0
0.284015 0.572536 0
0.280772 0.580811 0
0.300444 0.571406 0
0.304237 0.570457 0
0.3125 0.561841 0
0.317453 0.561515 0
0.318218 0.562679 0
0.321366 0.562817 0
0.325878 0.562711 0
0.330273 0.558432 0
0.336769 0.556377 0
0.340822 0.555676 0
0.346309 0.554349 1
0.345854 0.553982 0
0.345933 0.5539 0
0.344883 0.553275 0
0.341694 0.551921 0
0.340973 0.549886 0
0.340263 0.406668 0
0.294122 0.533889 0
0.309072 0.536638 0
0.330363 0.407799 0
0.335833 0.408283 0
0.313437 0.519086 0
0.332989 0.406521 0
0.344553 0.403144 0
0.346648 0.40025 0
0.351299 0.392483 0
0.350492 0.393643 0
0.359495 0.389098 0
0.372656 0.384683 0
0.386449 0.382426 0
0.392154 0.37675 0
0.402428 0.371035 0
0.404955 0.362608 0
0.411095 0.358593 0
0.415403 0.358406 0
0.415561 0.341596 0
0.424044 0.338895 0
0.423217 0.337221 0
0.422377 0.336801 0
0.423116 0.338881 0
0.424627 0.341763 0
0.41902 0.337204 0
0.419571 0.336232 1
0.4194 0.305623 0
0.418748 0.303695 0
0.416768 0.305428 1
0.41797 0.298815 0
0.416402 0.293063 0
0.416109 0.28427 0
0.411146 0.281572 0
0.415934 0.275734 0
0.423 0.266164 0
0.410163 0.270551 0
0.412695 0.272461 0
0.406748 0.269724 0
0.41471 0.265469 0
0.418417 0.261614 0
0.409533 0.260043 0
0.400891 0.267048 0
0.411271 0.267072 0
0.410185 0.267406 0
0.409272 0.267432 0
0.414022 0.264322 0
0.388451 0.267686 0
0.24624 0.287269 0
0.259237 0.294776 0
0.242935 0.293717 0
0.258036 0.265968 0
0.266034 0.262306 0
0.242833 0.269725 0
0.258188 0.262581 0
0.22501 0.277973 0
0.222988 0.283543 0
0.221874 0.285269 0
0.222581 0.283442 0
0.222918 0.282825 0
0.22554 0.278202 0
0.233052 0.264707 0
0.225047 0.275394 0
0.224045 0.273256 0
0.224151 0.275463 0
0.240094 0.254659 0
0.225787 0.268155 0
0.224234 0.269861 0
0.224062 0.268914 0
0.223964 0.26972 0
0.228429 0.259883 0
0.238531 0.239615 0
0.246939 0.318865 0
0.251372 0.306517 0
0.106371 0.447798 0
0.129979 0.426579 0
0.138612 0.452224 0
0.292938 0.362861 0
0.119869 0.387609 1
0.12163 0.388616 0
0.124338 0.417883 1
0.122752 0.417428 0
0.124775 0.422229 0
0.118314 0.428485 0
0.121202 0.431201 0
0.118737 0.432305 0
0.112853 0.429327 0
0.110846 0.446379 0
0.108846 0.444305 0
0.112891 0.448653 0
0.114575 0.449944 0
0.0980055 0.463121 0
0.105219 0.471301 0
0.0804864 0.492743 0
0.312413 0.504455 0
0.329535 0.51952 0
0.337223 0.573277 0
0.333216 0.531371 0
0.31934 0.604919 0
0.331469 0.58237 0
0.336976 0.57855 0
0.335808 0.581076 0
0.334082 0.582926 0
0.329805 0.591294 0
0.314832 0.61035 0
0.303199 0.486943 0
0.310284 0.492244 0
0.30678 0.492446 0
0.303013 0.48971 0
0.301341 0.491009 0
0.298097 0.48975 0
0.297057 0.491008 0
0.295806 0.489216 0
0.294488 0.488609 0
0.295838 0.489222 0
0.295829 0.489436 0
0.297511 0.488068 0
0.29741 0.485285 0
0.296547 0.487857 0
0.302813 0.484844 0
0.304627 0.483416 0
0.302687 0.482591 0
0.305052 0.480551 0
0.308414 0.468013 0
0.305073 0.471217 0
0.305638 0.454758 0
0.307449 0.453405 0
0.319165 0.430535 0
0.329804 0.42771 0
0.309845 0.434712 0
0.347651 0.559394 0
0.326313 0.404424 0
0.321975 0.42663 0
0.324126 0.420577 0
0.311478 0.412476 0
0.319175 0.415276 0
0.311289 0.409605 0
0.301445 0.411102 0
0.256027 0.378341 0
0.242433 0.395903 0
0.241795 0.400744 0
0.241911 0.401863 1
0.24186 0.401465 0
0.237462 0.40177 0
0.17631 0.371584 0
0.169275 0.380882 0
0.163415 0.378048 0
0.170184 0.38201 0
0.161859 0.37965 0
0.164461 0.376484 0
0.156302 0.375216 0
0.160878 0.380547 0
0.154796 0.376266 0
0.154531 0.377799 0
0.152106 0.376221 1
