0.79309 0.317326 1
0.796604 0.314498 0
0.800967 0.310521 0
0.806386 0.30441 0
0.808003 0.293179 0
0.809723 0.285831 0
0.805046 0.280538 0
0.809421 0.271371 0
0.813428 0.268384 0
0.836083 0.246711 0
0.838573 0.232998 0
0.841635 0.233566 0
0.843351 0.230315 0
0.862763 0.278632 0
0.877178 0.283503 0
0.910255 0.224032 0
0.902496 0.225584 0
0.906217 0.219144 0
0.894913 0.286779 0
0.884775 0.273911 0
0.891836 0.274223 0
0.90672 0.224313 0
0.901111 0.224424 1
0.902205 0.223805 0
0.902836 0.224293 0
0.906513 0.223067 0
0.909181 0.223468 0
0.909129 0.225749 0
0.915711 0.224903 0
0.917752 0.22656 0
0.915371 0.230847 0
0.921717 0.230109 0
0.91435 0.232732 0
0.908617 0.235038 0
0.914766 0.231016 0
0.792801 0.201678 0
0.80714 0.211072 0
0.796841 0.210372 0
0.784858 0.207702 0
0.781672 0.209687 0
0.741389 0.202846 0
0.712841 0.195127 0
0.647026 0.169838 0
0.62235 0.157155 0
0.567888 0.139353 0
0.503269 0.0994315 0
0.471668 0.0943725 0
0.424843 0.0675676 0
0.404513 0.0649669 0
0.359121 0.0321736 0
0.356245 0.0346544 0
0.361548 0.0414563 0
0.371649 0.0530906 0
0.37412 0.0737317 0
0.368049 0.0717636 0
0.3591 0.0651374 0
0.355985 0.0721233 0
0.352623 0.0719862 0
0.344146 0.0762534 0
0.338799 0.0847478 0
0.326622 0.0935624 0
0.325235 0.102658 0
0.316712 0.10731 0
0.317642 0.121725 0
0.307697 0.125388 0
0.304392 0.134365 0
0.30001 0.144909 0
0.294738 0.155051 0
0.291384 0.167988 0
0.287175 0.167536 0
0.278932 0.17879 0
0.271718 0.185734 0
0.266682 0.194444 0
0.261919 0.201528 0
0.249706 0.208682 0
0.243526 0.212286 0
0.235771 0.217059 0
0.226739 0.219076 0
0.211015 0.229608 0
0.196053 0.231162 0
0.180951 0.239085 0
0.167923 0.243661 0
0.147257 0.246188 0
0.118816 0.252139 0
0.100384 0.253252 0
0.0888019 0.258465 0
0.0830585 0.266954 0
0.0764609 0.275069 0
0.0574606 0.27259 0
0.0518843 0.280802 0
0.0521334 0.283724 0
0.0523135 0.286181 0
0.0530019 0.288379 0
0.0531072 0.288517 0
0.0530995 0.288524 0
0.0530488 0.288372 0
0.0542488 0.287222 0
0.0645571 0.292214 0
0.0743181 0.298226 0
0.0656541 0.299326 0
0.0607509 0.302222 0
0.0330742 0.296699 0
0.0300904 0.302194 0
0.0222675 0.297251 0
0.0833988 0.320495 0
0.0891538 0.312554 0
0.115726 0.32201 0
0.130727 0.320318 0
0.144738 0.317256 0
0.164454 0.314458 0
0.188059 0.325241 0
0.208662 0.326219 0
0.239799 0.324204 0
0.272642 0.346241 0
0.299539 0.345257 0
0.30695 0.360432 0
0.576489 0.452762 0
0.596878 0.43711 0
0.596245 0.433687 1
0.608289 0.434619 0
0.612478 0.43055 0
0.615409 0.425073 0
0.628691 0.423023 0
0.638684 0.421215 0
0.653682 0.418655 0
0.655735 0.409995 0
0.664985 0.404854 0
0.670564 0.399964 0
0.673202 0.392112 0
0.684914 0.389125 0
0.692528 0.384217 0
0.7047 0.378195 0
0.709283 0.369438 0
0.711923 0.363397 0
0.709603 0.352761 0
0.7041 0.346046 0
0.718333 0.340941 0
0.735395 0.337281 0
0.748751 0.3367 0
0.751578 0.330645 0
0.751928 0.324952 0
0.752566 0.310603 0
0.767113 0.286667 0
0.808872 0.28115 0
0.81915 0.275475 0
0.826545 0.270887 0
0.829488 0.262162 0
0.835952 0.251804 0
0.834952 0.240842 0
0.840733 0.230733 1
0.839685 0.230088 0
0.846607 0.235312 0
0.853172 0.243722 0
0.863899 0.261294 0
0.878433 0.277619 0
0.883623 0.276685 0
0.887835 0.271349 0
0.897799 0.26898 0
0.918925 0.283007 0
0.911682 0.224052 0
0.911673 0.219937 0
0.952018 0.279806 0
0.940764 0.266519 0
0.958998 0.271475 0
0.961665 0.267402 0
0.922435 0.225394 0
0.924792 0.224607 0
0.927274 0.228367 0
0.928998 0.229882 0
0.932795 0.232479 0
0.934291 0.231161 0
0.936845 0.231329 1
0.897927 0.225765 1
0.841422 0.214191 1
0.803231 0.175982 0
0.798217 0.1766 0
0.762434 0.161061 0
0.757579 0.160683 0
0.741297 0.159171 0
0.729302 0.160811 0
0.661097 0.132465 0
0.601025 0.110738 0
0.556435 0.093654 0
0.504314 0.0720167 0
0.475095 0.0530893 0
0.394832 0.0343246 0
0.372694 0.0402876 1
0.357789 0.018692 0
0.327886 0 0
0.334709 0.0148094 0
0.351751 0.0290027 0
0.356652 0.0365513 0
0.361807 0.0415162 0
0.363197 0.043441 0
0.363844 0.0456655 0
0.35499 0.0493136 0
0.365087 0.0469883 0
0.362063 0.0542574 0
0.353939 0.0651137 0
0.350246 0.0687503 0
0.341366 0.082041 0
0.338951 0.095828 0
0.329428 0.102452 0
0.321823 0.110921 0
0.314472 0.126839 0
0.307706 0.134462 0
0.300811 0.146214 0
0.295476 0.162378 0
0.287804 0.166786 0
0.276196 0.176244 0
0.266709 0.178919 0
0.25863 0.190195 0
0.249816 0.204831 0
0.244185 0.215278 0
0.233579 0.226406 0
0.225815 0.232027 0
0.218012 0.233455 0
0.209802 0.247684 0
0.198183 0.249553 0
0.186352 0.254718 0
0.174332 0.264554 0
0.159761 0.268241 0
0.143268 0.27112 0
0.123393 0.269672 0
0.0967333 0.269918 0
0.0880332 0.277045 0
0.0504742 0.266749 0
0.050299 0.276393 0
0.0431375 0.283015 0
0.0429907 0.291958 0
0.0373426 0.298742 0
0.0340829 0.29976 0
0.0411659 0.295755 0
0.0406494 0.296132 0
0.040246 0.297669 0
0.0332773 0.300704 0
0.0262275 0.308735 0
0.0155013 0.313028 0
0.00850429 0.317544 0
0 0.321761 0
0.0237681 0.331598 0
0.0768884 0.348418 0
0.0871095 0.351137 0
0.0946788 0.349975 0
0.0940484 0.346753 0
0.102815 0.348106 0
0.147674 0.343646 0
0.173046 0.349317 0
0.197773 0.347232 0
0.24407 0.353263 0
0.292468 0.3772 0
0.341033 0.388199 0
0.389227 0.403622 0
0.446205 0.424106 0
0.564821 0.447233 0
0.555252 0.458705 0
0.565104 0.452463 0
0.56648 0.448242 0
0.609922 0.420458 0
0.689731 0.447089 0
0.599056 0.410791 0
0.598511 0.410193 0
0.607819 0.398729 0
0.611874 0.393339 0
0.611986 0.384337 0
0.621496 0.37982 0
0.621725 0.37452 0
0.63422 0.36652 0
0.654111 0.360277 0
0.666114 0.352039 0
0.685183 0.351272 0
0.693414 0.345302 0
0.695414 0.338779 0
0.737008 0.345885 0
0.776849 0.360864 0
0.77841 0.357224 0
0.779833 0.355193 0
0.788986 0.340013 0
0.807641 0.358588 0
0.755053 0.328808 0
0.803455 0.349825 0
0.852881 0.350596 0
0.842706 0.335719 0
0.850235 0.326594 0
0.839274 0.268764 0
0.841623 0.254132 0
0.843626 0.245962 0
0.8541 0.260922 0
0.862079 0.27696 0
0.875085 0.286504 0
0.877324 0.280589 0
0.884385 0.284817 0
0.900895 0.280749 0
0.933626 0.313015 0
0.929881 0.302159 0
0.897533 0.266367 0
0.94887 0.296197 0
0.990218 0.307042 0
0.984104 0.300142 0
0.966245 0.283822 0
0.993442 0.296147 0
1 0.294332 0
0.974662 0.274738 0
0.988036 0.281254 0
0.996535 0.28114 0
0.980798 0.270732 0
0.97106 0.266554 0
0.929828 0.235077 0
0.933797 0.228997 0
0.94409 0.235229 0
0.878943 0.213007 0
0.85849 0.209017 0
0.825806 0.196615 0
0.816961 0.19835 0
0.804904 0.187056 0
0.798759 0.18761 0
0.78062 0.18289 0
0.725514 0.161587 0
0.677583 0.145227 0
0.624767 0.132035 0
0.588625 0.117884 0
0.519672 0.0972074 0
0.464909 0.0716616 0
0.416254 0.0445646 0
0.361254 0.0276248 0
0.349031 0.0216415 0
0.35241 0.0282971 0
0.350484 0.0306747 0
0.33683 0.0293799 0
0.378131 0.0608813 0
0.370367 0.0563899 0
0.376522 0.0774914 0
0.365591 0.0473321 1
0.358311 0.052667 0
0.350501 0.0653209 0
0.343702 0.0714359 0
0.338319 0.0808665 0
0.331086 0.0888771 0
0.321369 0.0956106 0
0.321373 0.105767 0
0.317869 0.11755 0
0.312916 0.124002 0
0.306941 0.132232 0
0.29909 0.13507 0
0.285448 0.150215 0
0.286712 0.160029 0
0.284974 0.16088 0
0.286877 0.173669 0
0.280295 0.181344 0
0.274732 0.191179 0
0.261619 0.197094 0
0.257402 0.204472 0
0.246097 0.210605 0
0.251089 0.220859 0
0.235209 0.228846 0
0.246886 0.241405 0
0.225694 0.256062 0
0.196278 0.258208 0
0.166413 0.260874 0
0.151513 0.257834 0
0.132339 0.265105 0
0.103092 0.263901 0
0.0964037 0.269652 0
0.0897883 0.275869 0
0.0620373 0.277522 0
0.0573152 0.281091 0
0.0538923 0.286332 0
0.0539285 0.286573 0
0.0535824 0.288496 0
0.0514942 0.28966 0
0.0513438 0.28922 0
0.0531044 0.288513 1
0.0569424 0.287961 0
0.0600019 0.285256 0
0.0295831 0.272166 0
0.0830851 0.296263 0
0.077909 0.286261 0
0.0879843 0.290772 0
0.114323 0.292425 0
0.140692 0.311437 0
0.136061 0.295457 0
0.129401 0.293378 0
0.145849 0.302035 0
0.183377 0.317734 0
0.198306 0.320467 0
0.208964 0.316269 0
0.222441 0.303775 0
0.252767 0.299264 0
0.340775 0.37924 0
0.452994 0.44308 0
0.553164 0.458278 0
0.492522 0.448552 0
0.515811 0.445886 0
0.561555 0.444813 0
0.546074 0.447496 0
0.605767 0.4184 0
0.577063 0.429141 0
0.582181 0.423567 0
0.595051 0.413811 0
0.588286 0.40584 0
0.683612 0.419994 0
0.571809 0.417057 0
0.579972 0.41783 1
0.556544 0.388981 0
0.594367 0.37088 0
0.682911 0.37907 0
0.606617 0.367052 0
0.628877 0.35729 0
0.741288 0.373062 0
0.762866 0.372773 0
0.770104 0.368845 0
0.767768 0.35509 0
0.793128 0.366049 0
0.785885 0.351074 0
0.786377 0.345002 0
0.800264 0.343751 0
0.794083 0.342137 1
