0.609052 0.0875778 1
0.627589 0.095574 0
0.640072 0.0887048 0
0.654159 0.0897786 0
0.668785 0.100844 0
0.676645 0.104874 0
0.705071 0.112029 0
0.717975 0.117928 0
0.74378 0.13605 0
0.764261 0.141666 0
0.781838 0.172318 0
0.828877 0.137619 0
0.85633 0.136341 0
0.88625 0.133262 0
0.919124 0.127462 0
0.930506 0.153135 0
0.930197 0.165387 0
0.92753 0.173478 0
0.932969 0.169498 0
0.944456 0.16109 0
0.962166 0.142387 0
0.980842 0.132347 0
0.996954 0.128838 0
0.996792 0.136201 0
0.999539 0.141633 0
1 0.149039 0
0.98067 0.16034 0
0.967598 0.176189 0
0.925743 0.191355 1
0.939877 0.209207 0
0.927431 0.265373 0
0.886771 0.310452 0
0.841604 0.349029 0
0.799886 0.376119 0
0.775296 0.378209 0
0.725312 0.387064 0
0.699983 0.391669 0
0.673493 0.407799 0
0.647465 0.405873 0
0.623906 0.410931 1
0.588994 0.441205 0
0.585524 0.429358 0
0.567862 0.436231 0
0.553452 0.432078 0
0.537693 0.439671 0
0.520966 0.437729 0
0.495179 0.453278 0
0.487327 0.446876 0
0.47592 0.435411 0
0.451097 0.448419 0
0.432245 0.454318 0
0.409434 0.466179 0
0.388152 0.467971 0
0.378871 0.453818 0
0.3615 0.456061 0
0.351087 0.440015 0
0.32801 0.459851 0
0.269453 0.484746 0
0.276051 0.473889 0
0.0907909 0.452799 0
0.0356273 0.421366 0
0 0.376078 0
0.0158568 0.28941 0
0.0674546 0.184726 0
0.0711159 0.190383 0
0.0742034 0.192018 1
0.0622186 0.181264 0
0.0680752 0.177947 0
0.0671765 0.166444 0
0.0709597 0.159207 0
0.0788812 0.167752 0
0.0868252 0.180761 0
0.0862502 0.18703 0
0.0860413 0.191947 0
0.0864763 0.193397 0
0.0864978 0.195056 0
0.0865595 0.195845 0
0.0874632 0.197179 0
0.0877069 0.197167 0
0.0873884 0.195876 0
0.0866506 0.194417 0
0.08633 0.197111 0
0.0984035 0.181063 0
0.0996161 0.164185 0
0.104988 0.137558 0
0.0995762 0.105586 0
0.0884645 0.100914 0
0.0840441 0.0973888 0
0.0778592 0.0964219 0
0.0757338 0.101572 0
0.0719397 0.091239 0
0.154076 0.0267277 0
0.264662 0 0
0.298779 0.000603166 0
0.309812 0.0100692 0
0.343188 0.0108818 0
0.390162 0.0149748 0
0.417751 0.0160767 0
0.442647 0.0299272 0
0.462668 0.0494767 0
0.477967 0.0622604 0
0.482508 0.0744528 0
0.492205 0.091829 0
0.527747 0.0907107 0
0.552718 0.0876234 0
0.572573 0.087765 0
0.641787 0.0868538 0
0.656154 0.0880222 0
0.666609 0.0954138 0
0.677214 0.101682 0
0.689983 0.105367 0
0.7126 0.116175 0
0.7363 0.11915 0
0.760699 0.132923 0
0.773689 0.129316 0
0.792866 0.142632 0
0.809405 0.146916 0
0.82779 0.158468 0
0.845981 0.165815 0
0.860242 0.181333 0
0.889155 0.179922 0
0.913056 0.188812 1
0.902848 0.172 0
0.913655 0.182489 0
0.915274 0.185063 0
0.916056 0.189885 0
0.916814 0.189478 0
0.917967 0.187754 0
0.919142 0.183676 0
0.921053 0.177542 0
0.930399 0.158393 0
0.923702 0.174386 0
0.924066 0.176819 0
0.926363 0.173517 0
0.933666 0.157932 0
0.916568 0.201408 0
0.917806 0.202811 0
0.916046 0.216733 0
0.907806 0.2298 0
0.905425 0.24269 0
0.876232 0.266006 0
0.863727 0.297616 0
0.825943 0.320825 0
0.799049 0.338004 0
0.750362 0.365766 0
0.691287 0.392431 0
0.585261 0.428769 0
0.537001 0.478964 0
0.517044 0.482276 0
0.505854 0.475876 0
0.493693 0.470069 0
0.478711 0.472327 0
0.461743 0.474455 0
0.453634 0.488538 0
0.440815 0.482861 0
0.417702 0.486455 0
0.407777 0.484978 0
0.397332 0.479212 0
0.386297 0.4748 0
0.37749 0.472091 0
0.364144 0.471919 0
0.355459 0.455453 0
0.351078 0.446018 0
0.323289 0.447263 0
0.31885 0.434436 0
0.321829 0.42023 0
0.315837 0.406949 0
0.298584 0.401848 0
0.295413 0.387747 0
0.287924 0.370045 0
0.275069 0.361348 0
0.250636 0.358929 0
0.227392 0.345905 0
0.206709 0.327627 0
0.19001 0.316427 0
0.208229 0.28854 0
0.1913 0.26772 0
0.119156 0.273682 0
0.116469 0.250708 0
0.111405 0.235249 0
0.102036 0.223561 0
0.104213 0.215664 0
0.0974443 0.203827 0
0.0912966 0.199259 0
0.087541 0.197065 1
0.087541 0.197065 0
0.087541 0.197065 0
0.0875411 0.197065 0
0.0875415 0.197065 0
0.0875443 0.197064 0
0.0875304 0.197069 0
0.087749 0.197242 0
0.0884019 0.198397 0
0.0980826 0.189885 0
0.109177 0.1774 0
0.11709 0.170537 0
0.140141 0.10461 0
0.164427 0.0941451 0
0.171969 0.0906766 0
0.149688 0.0890287 0
0.151838 0.0879554 0
0.21765 0.0580465 0
0.265358 0.0539903 0
0.2888 0.0387784 0
0.32198 0.0323647 0
0.347162 0.0365991 0
0.357183 0.0401578 0
0.401408 0.0450824 0
0.420546 0.0360589 0
0.446045 0.0356247 0
0.427817 0.0645979 0
0.437165 0.0748463 0
0.469706 0.0727089 0
0.479688 0.0887902 0
0.48727 0.0994873 0
0.525625 0.0933889 0
0.545072 0.093781 0
0.563391 0.101742 0
0.569992 0.0953883 0
0.590296 0.0837974 0
0.618171 0.0817185 0
0.639033 0.0837241 0
0.654898 0.100173 0
0.675276 0.127367 0
0.680168 0.138062 0
0.685727 0.153372 0
0.696009 0.173345 0
0.709906 0.185672 0
0.72187 0.204603 0
0.75359 0.209175 0
0.777845 0.219518 0
0.801299 0.227765 0
0.85265 0.21265 0
0.909675 0.140141 0
0.910377 0.158328 0
0.917141 0.186499 0
0.918112 0.188784 0
0.919826 0.18705 0
0.922434 0.177941 0
0.92159 0.187292 0
0.915503 0.209772 0
0.921579 0.200394 0
0.927396 0.181988 0
0.947539 0.159948 0
0.917821 0.233649 0
0.923771 0.211031 0
0.925009 0.215521 0
0.922687 0.235226 0
0.925886 0.230558 0
0.91179 0.254749 0
0.89103 0.275156 0
0.881801 0.29543 0
0.843195 0.32795 0
0.80694 0.34288 0
0.777447 0.340137 0
0.749953 0.34936 0
0.721666 0.378291 0
0.692405 0.400719 0
0.559746 0.503134 0
0.555146 0.475272 0
0.517223 0.507049 0
0.504291 0.51546 0
0.487215 0.526126 0
0.475388 0.532579 0
0.454974 0.544022 0
0.457144 0.523913 0
0.437073 0.535851 0
0.405053 0.562046 0
0.425421 0.511632 0
0.394227 0.531309 0
0.389301 0.511871 0
0.379505 0.497905 0
0.373574 0.483609 0
0.37867 0.462263 0
0.351549 0.480718 0
0.345564 0.462484 0
0.354585 0.433056 0
0.327866 0.442036 0
0.302664 0.454267 0
0.293776 0.441262 0
0.31232 0.401147 0
0.273576 0.429926 0
0.252562 0.422357 0
0.23577 0.423322 1
0.236011 0.384211 0
0.262229 0.348202 0
0.28708 0.31449 0
0.282272 0.289142 0
0.299985 0.249295 0
0.290709 0.223806 0
0.281609 0.200093 0
0.257631 0.182186 0
0.152189 0.254063 1
