0.418472 0.140166 1
0.409494 0.14224 0
0.408639 0.141241 0
0.414493 0.137935 0
0.391871 0.144323 0
0.398126 0.144194 0
0.478939 0.121871 0
0.17355 0.226146 1
0.160055 0.230498 0
0.133618 0.241441 0
0.120039 0.250726 0
0.103702 0.259411 0
0.0900632 0.265071 0
0.078783 0.271483 0
0.0702237 0.278433 0
0.0479085 0.289993 0
0.0340245 0.297336 0
0.0298652 0.300748 0
0.0189789 0.305597 0
0.0121818 0.310571 0
0.00825717 0.314238 0
0.0047514 0.316041 0
0 0.316255 0
0.00889561 0.315243 0
0.0108921 0.314645 0
0.0174309 0.309305 0
0.0430577 0.299028 0
0.0834677 0.286885 0
0.107527 0.281258 0
0.140605 0.273322 0
0.184449 0.259846 0
0.248145 0.244051 0
0.283449 0.233411 0
0.26422 0.242706 0
0.303956 0.23184 0
0.328059 0.231073 0
0.369434 0.218976 0
0.412357 0.211436 0
0.423327 0.210231 0
0.444352 0.206285 0
0.447923 0.2036 0
0.47394 0.197026 0
0.497885 0.189773 0
0.525184 0.180228 0
0.536241 0.175412 0
0.570794 0.165988 0
0.604428 0.154874 0
0.624521 0.14638 0
0.612821 0.15337 0
0.648906 0.141294 0
0.646339 0.145422 0
0.623439 0.156037 0
0.572263 0.175028 0
0.512295 0.196105 0
0.473249 0.212075 0
0.510653 0.195912 0
0.55191 0.178553 0
0.487977 0.19011 0
0.502781 0.177939 0
0.691287 0.121243 0
0.855732 0.0572102 0
0.944371 0.0259069 0
1 0 0
0.997282 0.000455297 0
0.971301 0.00712128 0
0.913489 0.0260924 0
0.838056 0.0549315 0
0.881707 0.0389683 0
0.897764 0.0320467 0
0.867867 0.0474371 0
0.810928 0.062887 0
0.862192 0.0486927 0
0.805152 0.0677432 0
0.880925 0.0452813 0
0.820086 0.0642783 0
0.745834 0.0834669 0
0.767183 0.0723516 0
0.708071 0.0901582 0
0.673605 0.0956538 0
0.630475 0.105971 0
0.675718 0.086042 0
0.678818 0.0786427 0
0.635449 0.0897002 0
0.620319 0.0916183 0
0.586784 0.0969835 0
0.539077 0.104635 0
0.44285 0.131059 0
0.419082 0.139125 0
0.419111 0.137361 0
0.41731 0.135992 0
0.400407 0.140669 0
0.384436 0.145487 0
0.350099 0.15826 0
0.367999 0.151051 0
0.409047 0.136941 0
0.388434 0.143879 0
0.361253 0.152 0
0.289664 0.17778 0
0.32058 0.167636 0
0.243513 0.199911 0
0.218253 0.210985 0
0.269754 0.18468 0
0.416414 0.131006 0
0.1822 0.244944 0
0.103596 0.271116 0
0.0917649 0.284014 0
0.0964931 0.283863 0
0.115877 0.277828 0
0.101764 0.285707 0
0.0956368 0.291691 0
0.102638 0.290292 0
0.124631 0.281619 0
0.0954357 0.29065 0
0.0531683 0.30625 0
0.0467759 0.3065 0
0.0562161 0.301058 0
0.114574 0.290456 0
0.346859 0.180525 0
0.183151 0.25444 0
0.218935 0.248291 0
0.237258 0.248826 0
0.280205 0.235617 0
0.323592 0.224296 0
0.323764 0.228872 0
0.364464 0.218491 0
0.369588 0.221824 0
0.395359 0.214378 0
0.423049 0.212141 0
0.432837 0.209528 0
0.442262 0.207005 1
