0.967071 0.450121 1
0.967491 0.448819 0
0.978558 0.439816 0
0.989097 0.432085 0
0.996029 0.422788 0
1 0.411886 0
0.998154 0.401397 0
0.995208 0.39046 0
0.985205 0.381266 0
0.977093 0.374454 0
0.975379 0.358566 0
0.969671 0.345734 0
0.954357 0.339507 0
0.942687 0.322596 0
0.930163 0.313669 0
0.910272 0.302378 0
0.89881 0.285504 0
0.869729 0.281657 1
0.90231 0.258698 0
0.920083 0.233768 0
0.951905 0.191103 0
0.954417 0.170285 0
0.945612 0.151229 0
0.935154 0.144004 0
0.934184 0.128012 0
0.91113 0.135087 0
0.904294 0.116605 0
0.878662 0.119654 0
0.863669 0.114049 0
0.853242 0.110318 0
0.849805 0.104215 0
0.839814 0.0870419 0
0.843233 0.0768922 0
0.826296 0.0574732 0
0.82871 0.0511371 0
0.815637 0.041287 0
0.795539 0.0515365 0
0.693854 0.0720931 0
0.482092 0.167663 0
0.372356 0.249643 0
0.367552 0.253938 0
0.721994 0 0
0.0126147 0.437553 0
0.114826 0.4008 0
0.0786603 0.411954 0
0.0691188 0.428954 0
0.0354374 0.462369 0
0.0353085 0.47527 0
0.0298931 0.492183 0
0 0.510772 0
0.0465345 0.520054 0
0.0899175 0.521864 0
0.0679238 0.537912 0
0.119466 0.536431 0
0.0931444 0.539378 0
0.319725 0.466848 0
0.349447 0.433151 0
0.40274 0.433196 0
0.432014 0.425293 0
0.48166 0.403775 0
0.528766 0.359361 0
0.566058 0.368859 0
0.610415 0.340242 0
0.660364 0.32612 0
0.679972 0.330282 0
0.753812 0.303058 0
0.809928 0.292508 0
0.864101 0.282767 1
0.85418 0.290362 0
0.847118 0.301504 0
0.855228 0.295116 0
0.848216 0.307339 0
0.838726 0.335273 0
0.852752 0.323309 0
0.855748 0.323789 0
0.850136 0.342975 0
0.85339 0.348542 0
0.856391 0.363278 0
0.856215 0.377812 0
0.857225 0.389633 0
0.877589 0.401896 0
0.878633 0.398664 0
0.885985 0.402945 0
0.894756 0.416426 0
0.913093 0.408 0
0.923406 0.419136 0
0.940194 0.426638 0
0.949336 0.438875 0
0.94969 0.454023 0
0.965084 0.454111 0
0.97649 0.4526 0
0.974389 0.456305 0
0.977034 0.451909 0
0.984026 0.436401 0
0.991988 0.419212 0
0.987922 0.408276 0
0.993942 0.397613 0
0.993274 0.385963 0
0.994729 0.375607 0
0.987514 0.370001 0
0.978817 0.356922 0
0.970502 0.348696 0
0.954725 0.338541 0
0.947104 0.321077 0
0.930748 0.310619 0
0.916305 0.299632 0
0.89433 0.286041 0
0.873539 0.280657 0
0.894267 0.26793 0
0.912419 0.247033 0
0.931957 0.221052 0
0.936736 0.197671 0
0.946682 0.161565 0
0.918591 0.16293 0
0.89719 0.158412 0
0.884216 0.156947 0
0.875792 0.157844 0
0.866013 0.16137 0
0.854648 0.162394 0
0.847784 0.14936 0
0.847702 0.138098 0
0.834128 0.12322 0
0.836094 0.112744 0
0.826493 0.09716 0
0.81936 0.0878332 0
0.81115 0.0825695 0
0.796866 0.100789 0
0.802007 0.0962492 0
0.611598 0.137616 0
0.383801 0.299443 0
0.386831 0.304781 0
0.751473 0.0472485 0
0.0384032 0.488263 0
0.24222 0.407034 0
0.179073 0.408229 0
0.117622 0.449174 0
0.0589814 0.46626 0
0.0317756 0.487731 1
