0.402653 0.320258 1
0.408402 0.308869 0
0.415428 0.293581 0
0.422399 0.277781 0
0.429103 0.260671 0
0.436396 0.242598 0
0.441423 0.221987 0
0.445978 0.205232 0
0.446608 0.188363 0
0.450479 0.176035 0
0.451934 0.15853 0
0.445431 0.144973 0
0.445096 0.130187 0
0.43592 0.118579 0
0.417869 0.106316 0
0.405603 0.105246 0
0.39217 0.100015 0
0.376304 0.0978844 0
0.361781 0.0996182 0
0.342176 0.106383 0
0.323581 0.110443 0
0.304746 0.116221 0
0.289647 0.12315 0
0.273199 0.136255 0
0.26103 0.147068 0
0.244851 0.160005 0
0.227145 0.174957 0
0.215446 0.186744 0
0.202692 0.202521 0
0.189329 0.220197 0
0.17749 0.237116 0
0.166988 0.252684 0
0.159111 0.268449 0
0.154332 0.281647 0
0.148005 0.295513 0
0.140004 0.310559 0
0.129614 0.32406 0
0.113465 0.340083 0
0.0974609 0.357517 0
0.0885749 0.371155 0
0.0855796 0.393216 0
0.0766798 0.406837 0
0.0867657 0.419946 0
0.0871614 0.440647 0
0.0834576 0.458246 0
0.0796414 0.475409 0
0.0752946 0.497456 0
0.0730928 0.508797 0
0.0710826 0.526097 0
0.0697177 0.543209 0
0.0677514 0.559494 0
0.0653108 0.575411 0
0.063999 0.592752 0
0.0664385 0.608912 0
0.102276 0.645631 0
0.105606 0.662818 0
0.105362 0.678962 0
0.105354 0.698675 0
0.105284 0.71777 0
0.104597 0.733352 0
0.103267 0.750112 0
0.100878 0.768305 0
0.098357 0.785597 0
0.0965494 0.803566 0
0.0935973 0.828584 0
0.0913412 0.85545 0
0.0882311 0.869102 0
0.080751 0.884435 0
0.0357736 0.921558 0
0.0303983 0.939478 0
0.0414201 0.953284 0
0.028563 0.965868 0
0.0357323 0.977055 1
0.0575669 0.968207 0
0.0630645 0.985001 0
0.076543 0.987104 0
0.0889088 0.976756 0
0.107599 0.974145 0
0.112836 0.992238 0
0.125974 1 0
0.137978 0.988268 0
0.154386 0.983017 0
0.16683 0.998233 0
0.178695 0.992143 0
0.185186 0.980209 0
0.199987 0.970046 0
0.206799 0.880165 1
0.214172 0.862977 0
0.220257 0.845932 0
0.227045 0.832927 0
0.23478 0.821457 0
0.248206 0.802585 0
0.259161 0.78516 0
0.266897 0.770092 0
0.273938 0.755982 0
0.283339 0.743223 0
0.290956 0.733031 0
0.288269 0.718491 0
0.293669 0.708525 0
0.302264 0.695444 0
0.304562 0.681092 0
0.304545 0.663695 0
0.302997 0.650605 0
0.306096 0.636545 0
0.322035 0.631574 0
0.324651 0.61145 0
0.317448 0.599714 0
0.31823 0.587194 0
0.323402 0.570256 0
0.326331 0.555816 0
0.32714 0.539737 0
0.327304 0.523819 0
0.325859 0.504877 0
0.325615 0.487039 0
0.327506 0.472432 0
0.330884 0.455378 0
0.33481 0.436537 0
0.340158 0.414391 0
0.342248 0.393649 0
0.343518 0.376549 0
0.112171 0.0883952 1
0.354048 0.343757 0
0.363941 0.328149 0
0.370529 0.309276 0
0.376167 0.290011 0
0.384007 0.270425 0
0.388709 0.254663 0
0.39459 0.237953 0
0.404808 0.215245 0
0.399972 0.197413 0
0.410663 0.181789 0
0.408649 0.165688 0
0.406913 0.148826 0
0.462991 0.0481788 1
0.454344 0.0378534 0
0.438964 0.0267394 0
0.415011 0.010981 0
0.402648 0.0141643 0
0.395192 0.00110889 0
0.382251 0 0
0.37106 0.0127933 0
0.356167 0.00328938 0
0.344337 0.00854771 0
0.32964 0.019534 0
0.316109 0.0334051 0
0.301978 0.057423 0
0.287207 0.0728035 0
0.272666 0.0831917 0
0.255931 0.0950337 0
0.236944 0.110827 0
0.218376 0.12749 0
0.201466 0.142849 0
0.186338 0.157831 0
0.166394 0.179923 0
0.150469 0.19786 0
0.135324 0.214464 0
0.122723 0.22752 0
0.117397 0.241284 0
0.112116 0.256135 0
0.105895 0.270697 0
0.096891 0.286993 0
0.0905284 0.300505 0
0.0870809 0.313336 0
0.0872342 0.332212 0
0.122848 0.36844 0
0.129115 0.38773 0
0.133198 0.402904 0
0.132618 0.418297 0
0.160927 0.356981 0
0.129792 0.458126 0
0.123392 0.490835 0
0.11757 0.509966 0
0.118093 0.529253 0
0.119318 0.551891 0
0.116046 0.569455 0
0.111733 0.585419 0
0.1059 0.602088 0
0.0953585 0.617906 0
0.0741118 0.638598 0
0.0642596 0.654829 0
0.0585343 0.670918 0
0.0551535 0.685769 0
0.0551693 0.70326 0
0.0543002 0.723229 0
0.0513113 0.736867 0
0.0492443 0.753458 0
0.0491907 0.766674 0
0.0496488 0.790317 0
0.0475162 0.81325 0
0.0471997 0.831757 0
0.046708 0.853561 0
0.0456495 0.872698 0
0.0473003 0.887113 0
0.0580423 0.902278 0
0.0739242 0.911396 0
0.0710221 0.926683 0
0.0792856 0.933845 0
0.0940689 0.92555 0
0.107977 0.930359 0
0.115105 0.91297 0
0.130173 0.909398 0
0.138608 0.92677 0
0.15151 0.925373 0
0.163101 0.912944 0
0.176336 0.924988 0
0.193809 0.926089 0
0.208199 0.927841 0
0.221431 0.931859 0
0.236399 0.936728 0
0.248035 0.933004 0
0.259375 0.918173 0
0.275612 0.901544 0
0.287599 0.888281 0
0.297077 0.877555 0
0.305551 0.866987 0
0.31854 0.847963 0
0.327917 0.833377 0
0.338722 0.816882 0
0.347365 0.8031 0
0.354969 0.789574 0
0.362889 0.778051 1
0.370953 0.768055 0
0.373398 0.753994 0
0.378729 0.741195 0
0.376952 0.724793 0
0.387911 0.7102 0
0.395664 0.700344 0
0.39815 0.684286 0
0.399288 0.671263 0
0.398488 0.660355 0
0.370863 0.625206 0
0.379209 0.620278 0
0.390951 0.624706 0
0.402375 0.601033 0
0.399541 0.57289 0
0.387919 0.563562 0
0.3834 0.546382 0
0.387357 0.52657 0
0.388903 0.525977 0
0.380965 0.504761 0
0.379015 0.482998 0
0.379501 0.473221 0
0.378224 0.450332 1
0 0.400236 1
0.394211 0.399418 0
0.400717 0.387334 0
0.417658 0.367374 0
0.428838 0.354584 0
0.439555 0.339728 0
0.449618 0.31998 0
0.463358 0.294396 0
0.475093 0.267448 0
0.482714 0.246845 0
0.489094 0.223575 0
0.493731 0.199115 0
0.496073 0.176376 0
0.498884 0.157448 0
0.490571 0.130261 0
0.482138 0.103385 0
0.474382 0.092598 0
0.45835 0.0849964 0
0.435173 0.0731384 0
0.41742 0.064032 0
0.398808 0.0576952 0
0.377912 0.0536855 0
0.354783 0.0538033 0
0.345203 0.0552654 0
0.26968 0.0322979 0
0.254941 0.0391672 0
0.242108 0.0499627 0
0.211598 0.0629899 1
0.206167 0.0686341 0
0.191919 0.084948 0
0.182265 0.0971922 0
0.16059 0.118546 0
0.135785 0.140456 1
0.121732 0.15573 0
0.109094 0.171354 0
0.0933077 0.185251 0
0.0765044 0.1993 0
0.0649514 0.208304 1
0.064481 0.230623 0
0.053173 0.238764 0
0.0549823 0.252446 0
0.0398648 0.270067 0
0.0329143 0.281814 0
0.0257037 0.291781 0
0.0296215 0.310284 0
0.0325749 0.325928 0
0.0392062 0.348312 1
0.430755 0.44547 1
0.0447788 0.432352 0
0.0373178 0.461107 1
0.0335325 0.480049 0
0.0304889 0.499413 0
0.0233202 0.523059 0
0.0243345 0.538795 0
0.0266946 0.557321 0
0.0219721 0.575189 0
0.0121716 0.607269 0
0.0107087 0.612476 1
