0.592431 0.327552 1
0.58168 0.318077 0
0.571636 0.310017 0
0.551696 0.29232 0
0.536538 0.282534 0
0.527036 0.272255 0
0.505396 0.2575 0
0.496228 0.238956 0
0.482048 0.23064 0
0.473062 0.221703 0
0.460217 0.209888 0
0.45529 0.183285 0
0.441214 0.17799 0
0.429789 0.152322 0
0.420898 0.153206 0
0.411497 0.154526 0
0.401658 0.151808 0
0.38279 0.163774 0
0.212585 0.120609 0
0.206996 0.10747 0
0.202585 0.0611318 0
0.171643 0.0289232 0
0.145884 0.0355763 0
0.11708 0.0619543 0
0.118384 0.0690967 0
0.11271 0.0719853 0
0.110498 0.0685531 0
0.10236 0.0609118 0
0.0987631 0.0520743 0
0.0962892 0.063111 0
0.0911642 0.0540548 0
0.0844877 0.0509808 0
0.0860213 0.0388034 0
0.0794379 0.0348576 0
0.0740621 0.0294674 0
0.067581 0.027096 0
0.0622157 0.0249805 0
0.0572279 0.0157455 0
0.0530946 0.0138307 0
0.0402545 0.014958 0
0.0323517 0.00638672 0
0.0174927 0.00367099 0
0.0160413 0 1
0.0821152 0.145278 1
0.0819854 0.152168 0
0.0893933 0.169579 0
0.0900565 0.206646 0
0.108009 0.266791 0
0.126653 0.270481 0
0.139585 0.277892 0
0.158044 0.278644 0
0.172445 0.286581 0
0.191295 0.285523 0
0.20458 0.28529 0
0.219312 0.28695 0
0.232507 0.291291 0
0.247089 0.298579 0
0.256666 0.306892 0
0.26674 0.316461 0
0.281793 0.327123 0
0.304087 0.343813 0
0.318543 0.353755 0
0.346822 0.364916 0
0.376983 0.397004 0
0.410642 0.437109 0
0.430948 0.481672 0
0.442911 0.494938 0
0.441017 0.501458 0
0.442529 0.50276 0
0.44309 0.504718 1
0.447341 0.505123 0
0.45276 0.506127 0
0.463391 0.506124 0
0.466971 0.510611 0
0.478463 0.516109 0
0.487683 0.520377 0
0.50004 0.536116 0
0.555598 0.592812 0
0.760895 0.307669 1
0.584492 0.626594 0
0.603953 0.58925 0
0.635546 0.605916 0
0.644306 0.61687 0
0.660611 0.627077 0
0.670713 0.64267 0
0.694092 0.646871 0
0.713402 0.659663 0
0.721319 0.67794 0
0.744835 0.677004 0
0.751181 0.691703 0
0.771733 0.702084 0
0.789278 0.712615 0
0.790656 0.725457 0
0.813601 0.731971 0
0.818747 0.733731 0
0.826253 0.739766 0
0.833834 0.74339 0
0.839074 0.74503 0
0.839912 0.7481 0
0.848037 0.746384 1
0.868703 0.744795 0
0.879978 0.748992 0
0.898104 0.748854 0
0.894795 0.749091 0
0.909052 0.73716 0
0.945926 0.74213 0
0.935416 0.70914 0
0.936996 0.700085 0
0.947137 0.688286 0
0.960537 0.679874 0
0.972491 0.670566 0
0.985948 0.639848 0
0.987237 0.60858 0
0.960254 0.587609 0
1 0.551393 1
0.966539 0.564284 0
0.968857 0.551983 0
0.975613 0.537779 0
0.96953 0.528202 0
0.953459 0.525045 0
0.936097 0.516281 0
0.917258 0.509445 0
0.88583 0.5088 0
0.871633 0.503069 0
0.829995 0.502421 0
0.788714 0.492049 0
0.764836 0.479139 0
0.748723 0.462515 0
0.73786 0.445257 0
0.719239 0.4256 0
0.707627 0.409792 0
0.707429 0.390788 0
0.705868 0.372926 0
0.703912 0.361709 0
0.703182 0.352308 1
0.68399 0.354915 0
0.675677 0.349658 0
0.661684 0.341377 0
0.622942 0.306367 0
0.591026 0.280188 0
0.56406 0.280158 0
0.552475 0.270607 0
0.538406 0.255739 0
0.516736 0.255441 0
0.500487 0.238275 0
0.483881 0.23114 0
0.468013 0.205277 0
0.454696 0.18671 0
0.42965 0.173795 0
0.420814 0.162784 0
0.408737 0.162075 0
0.395298 0.163643 0
0.377925 0.168821 0
0.389848 0.159651 0
0.212206 0.112028 0
0.194801 0.118591 0
0.175365 0.0602766 0
0.138016 0.0520405 0
0.117748 0.0940382 0
0.119582 0.101932 0
0.117871 0.0999765 0
0.115983 0.0988259 0
0.111273 0.0942937 0
0.115308 0.097131 0
0.119697 0.0996267 0
0.120659 0.0992815 0
0.117713 0.098363 0
0.119261 0.098891 0
0.120413 0.0988649 0
0.119699 0.0974198 0
0.115384 0.0783197 0
0.00757905 0.114004 0
0.0119266 0.111125 0
0.00522746 0.118219 0
0.00555399 0.124867 0
0.00693046 0.133365 0
0.00565434 0.13949 0
0.00578874 0.143984 1
0.00219971 0.160195 0
0 0.169755 0
0.00481969 0.173916 0
0.00499281 0.209136 0
0.01995 0.226538 0
0.102634 0.272042 0
0.119014 0.270391 0
0.148714 0.276798 0
0.164961 0.272155 0
0.17899 0.265557 0
0.187378 0.273561 0
0.20376 0.272853 0
0.212834 0.277734 1
0.223723 0.279907 0
0.216487 0.313556 0
0.403933 0.056924 1
0.252526 0.334532 0
0.274884 0.296298 0
0.285743 0.312614 0
0.299168 0.32388 0
0.321273 0.322155 0
0.330265 0.34945 0
0.348915 0.362566 0
0.36771 0.377792 0
0.454369 0.478835 0
0.444073 0.499913 0
0.440669 0.497859 0
0.442314 0.503574 0
0.443161 0.504683 0
0.443184 0.504646 0
0.443792 0.504668 0
0.447194 0.506542 0
0.463235 0.512731 0
0.476841 0.521461 0
0.501758 0.528219 0
0.519932 0.536645 0
0.527698 0.549455 0
0.548237 0.557835 0
0.566238 0.571414 0
0.584552 0.584967 0
0.606159 0.609082 0
0.636266 0.620981 0
0.663373 0.63872 0
0.681498 0.64082 0
0.701758 0.661141 0
0.723334 0.679413 0
0.748917 0.681186 0
0.770637 0.695292 0
0.781099 0.708339 0
0.795984 0.713282 0
0.813131 0.707193 0
0.826411 0.715707 0
0.842634 0.729056 0
0.841958 0.725497 0
0.859122 0.730764 0
0.846895 0.743849 0
0.858025 0.729059 0
0.858561 0.734298 0
0.856558 0.7343 0
0.865104 0.727079 0
0.872818 0.722711 0
0.884458 0.719342 0
0.905774 0.709297 0
0.910631 0.724637 0
0.922688 0.711616 0
0.936677 0.703972 0
0.9475 0.681419 0
0.954959 0.665288 0
0.953146 0.640392 0
0.954517 0.623614 0
0.956109 0.590909 0
0.949309 0.572234 0
0.953059 0.550644 0
0.962615 0.5346 0
0.963329 0.531741 0
0.958493 0.527623 0
0.949564 0.521176 0
0.941577 0.513958 0
0.931914 0.503333 0
0.929501 0.505495 0
0.909188 0.499485 0
0.891281 0.491867 0
0.859125 0.486285 0
0.809624 0.479403 0
0.778322 0.469676 0
0.744782 0.458135 0
0.734718 0.447581 0
0.723971 0.423491 0
0.707612 0.406254 0
0.705459 0.394235 0
0.68985 0.396071 0
0.673465 0.385429 0
0.671 0.342732 0
0.654881 0.337953 0
0.645704 0.331801 0
0.64237 0.317195 0
0.58175 0.294327 0
0.381228 0.548573 1
0.308298 0.554071 0
0.568799 0.232524 0
0.508109 0.213231 0
0.496095 0.196715 0
0.486146 0.194147 0
0.47614 0.164231 0
0.464758 0.156775 0
0.459957 0.150709 0
0.445483 0.135237 1
0.427698 0.143243 0
0.422973 0.135708 0
0.409864 0.138874 0
0.367669 0.168383 0
0.260787 0.128214 0
0.218932 0.103299 0
0.19951 0.102417 0
0.187391 0.105503 0
0.177656 0.100243 0
0.166236 0.110981 0
0.159099 0.0937986 0
0.137163 0.0963683 0
0.134704 0.106169 1
