0.312187 0.614043 1
0.328493 0.618279 0
0.343851 0.66183 0
0.372742 0.689139 0
0.372867 0.67999 0
0.394812 0.711661 0
0.442776 0.72446 0
0.488523 0.745622 0
0.512195 0.763548 0
0.431823 0.811394 0
0.579241 0.753833 0
0.62274 0.769652 0
0.654867 0.763146 0
1 0.843899 1
0.707856 0.74253 0
0.76308 0.73314 0
0.784544 0.726397 0
0.822684 0.702092 0
0.849942 0.697901 0
0.869265 0.64143 0
0.869936 0.630168 0
0.878709 0.608169 0
0.918343 0.606961 0
0.921031 0.570838 0
0.927465 0.54094 0
0.93134 0.512657 0
0.939789 0.478246 0
0.938805 0.444914 0
0.831247 0.43863 0
0.799244 0.423161 0
0.778365 0.410624 0
0.754733 0.383441 0
0.716561 0.36539 0
0.670035 0.371805 0
0.640353 0.345551 0
0.606923 0.292303 0
0.575165 0.253234 0
0.596007 0.21014 0
0.498019 0.182705 0
0.527919 0.143397 0
0.488117 0.181588 0
0.480097 0.197345 0
0.460555 0.124017 0
0.427942 0.155661 0
0.376759 0.0953868 0
0.426874 0.0764264 0
0.40009 0.0477018 0
0.380096 0.0284146 0
0.355136 0.0303011 0
0.321826 0.0303324 0
0.307593 0.0308074 0
0.284497 0.0580844 0
0.257852 0.0404359 0
0.247516 0.068896 1
0.229676 0.0302095 0
0.220741 0.00133565 0
0.164476 0.00593659 0
0.164585 0 0
0.169973 0.0721661 0
0.136164 0.037272 0
0.122064 0.0451813 0
0.0793954 0.0822632 0
0.0605696 0.0928257 0
0.04246 0.0847057 0
0.0214586 0.115876 0
0.0535202 0.150454 0
0.0253241 0.152343 0
0 0.162161 0
0.0612044 0.182572 0
0.0531525 0.205854 0
0.0502047 0.224588 0
0.0534043 0.258903 0
0.0945258 0.261517 0
0.104654 0.242036 0
0.135361 0.229573 0
0.161875 0.219987 1
0.172507 0.251469 0
0.19727 0.268297 0
0.187481 0.290891 0
0.202317 0.325016 0
0.23726 0.340371 0
0.238681 0.366374 0
0.235612 0.39466 0
0.26921 0.423285 0
0.277043 0.444415 0
0.283778 0.483294 0
0.240068 0.552702 0
0.257638 0.55155 0
0.269085 0.583438 0
0.305843 0.564555 0
0.345914 0.546662 0
0.377732 0.552104 0
0.395793 0.576472 0
0.426887 0.581984 0
0.412945 0.622999 0
0.398138 0.669528 0
0.472158 0.687743 0
0.495129 0.624465 0
0.520774 0.687464 0
0.547016 0.656902 0
0.585436 0.687165 0
0.590872 0.639666 0
0.714492 0.601969 0
0.635401 0.618845 0
0.683996 0.650072 0
0.712357 0.657528 0
0.77056 0.668013 0
0.776661 0.631445 0
0.804505 0.60845 0
0.777382 0.56915 0
0.774176 0.553277 0
0.789584 0.533143 0
0.837623 0.541975 0
0.845983 0.526732 0
0.844307 0.493044 0
0.871097 0.467013 0
0.886907 0.359008 1
0.89837 0.394818 0
0.88495 0.35961 0
0.859609 0.350879 0
0.806515 0.337691 0
0.795442 0.348155 0
0.761325 0.312788 0
0.714405 0.294627 0
0.677674 0.294855 0
0.662956 0.26726 0
0.658356 0.226755 0
0.562062 0.260535 0
0.605292 0.172834 0
0.556009 0.178435 1
