0.56526 0.728216 1
0.563221 0.733115 0
0.57202 0.732857 0
0.562188 0.744732 0
0.5815 0.736694 0
0.546216 0.759165 0
0.58571 0.747892 0
0.550186 0.774893 0
0.542507 0.777379 0
0.545884 0.787986 0
0.549949 0.793227 0
0.592499 0.776581 0
0.615099 0.752377 0
0.614912 0.763301 0
0.628323 0.749908 0
0.637502 0.751728 0
0.632648 0.773102 0
0.631429 0.786684 0
0.621369 0.81527 0
0.619132 0.831717 0
0.627432 0.839677 0
0.620367 0.886956 0
0.63036 0.938055 0
0.650381 1 0
0.658194 0.978313 0
0.657137 0.992458 0
0.669687 0.963004 0
0.682995 0.928536 0
0.688778 0.918795 0
0.691734 0.913297 0
0.705299 0.895536 0
0.711073 0.886231 0
0.716421 0.883336 0
0.729457 0.877881 0
0.725206 0.878799 0
0.729318 0.876899 0
0.731083 0.877318 0
0.731349 0.877103 0
0.7314 0.877068 0
0.731392 0.877071 0
0.731392 0.87707 0
0.731392 0.87707 0
0.731392 0.87707 0
0.731392 0.87707 0
0.731392 0.87707 0
0.731392 0.87707 0
0.731392 0.87707 0
0.731392 0.87707 0
0.731392 0.87707 0
0.731392 0.87707 0
0.731392 0.87707 0
0.731392 0.87707 0
0.731392 0.87707 0
0.731392 0.87707 0
0.731392 0.87707 0
0.731392 0.87707 0
0.731392 0.877071 0
0.731414 0.877075 0
0.731617 0.877128 0
0.7317 0.877155 0
0.732022 0.877012 0
0.731604 0.877171 0
0.733253 0.877575 0
0.733627 0.877461 0
0.731392 0.87707 1
0.730884 0.877529 0
0.728238 0.880041 0
0.729207 0.879316 0
0.728135 0.88005 0
0.727912 0.881141 0
0.728054 0.880929 0
0.729197 0.879091 0
0.72976 0.879361 0
0.73153 0.877257 0
0.731372 0.877075 0
0.731392 0.877071 0
0.731392 0.87707 0
0.731392 0.87707 0
0.731392 0.87707 0
0.731392 0.87707 0
0.731392 0.87707 0
0.731392 0.87707 0
0.731391 0.877071 0
0.731388 0.877069 0
0.731376 0.877102 0
0.731231 0.877188 0
0.729273 0.877262 0
0.728359 0.876531 0
0.727452 0.876408 0
0.726928 0.876325 0
0.730715 0.876985 0
0.729241 0.875989 0
0.728195 0.873912 0
0.730475 0.876249 0
0.728372 0.87243 0
0.728621 0.870037 0
0.731197 0.867564 0
0.733968 0.867776 0
0.735891 0.862704 0
0.745213 0.847289 0
0.751647 0.830762 0
0.757555 0.817489 0
0.767262 0.799808 0
0.773254 0.791 0
0.771545 0.780839 0
0.84434 0.723958 0
0.854857 0.443532 0
0.835339 0.413222 0
0.84168 0.419454 0
0.843343 0.419806 0
0.848299 0.427043 0
0.851329 0.429167 0
0.857494 0.424674 0
0.862321 0.429178 0
0.863534 0.427136 0
0.864111 0.426183 0
0.867326 0.424971 0
0.869533 0.4247 0
0.87113 0.423609 0
0.873202 0.423948 0
0.875557 0.425234 0
0.876918 0.424314 0
0.878377 0.422016 0
0.880522 0.421669 0
0.881966 0.419896 1
0.891625 0.409369 0
0.90499 0.411324 0
0.915195 0.405344 0
0.926578 0.417141 0
0.956268 0.403545 0
0.974197 0.41263 0
0.975894 0.346206 0
0.972745 0.327076 0
0.98187 0.314231 0
0.962557 0.292753 0
0.968515 0.284913 0
0.951654 0.26462 0
0.948212 0.254072 0
0.935794 0.238273 0
0.926215 0.230209 0
0.919917 0.219641 0
0.929074 0.202867 0
0.917963 0.19273 0
0.908722 0.183325 0
0.893937 0.18252 0
0.881691 0.184224 0
0.865044 0.182577 0
0.856884 0.17709 0
0.850796 0.169783 0
0.84017 0.16192 0
0.832759 0.154722 0
0.829264 0.14669 0
0.823113 0.139025 0
0.818337 0.131571 0
0.812985 0.124442 0
0.807496 0.120054 1
0.807078 0.115099 0
0.803981 0.108039 0
0.800502 0.0960315 0
0.79506 0.0776881 0
0.790464 0.0633032 0
0.787563 0.0484697 0
0.783217 0.0365464 0
0.778271 0.0297326 0
0.772639 0.0242696 0
0.76439 0.0320912 0
0.76284 0.0418838 0
0.74935 0.0512482 0
0.739613 0.0248786 0
0.719262 0.0269011 0
0.708062 0 0
0.692763 0.000524378 0
0.686748 0.0137678 0
0.6883 0.0419138 0
0.67936 0.0467263 0
0.673957 0.0576234 0
0.663858 0.055159 0
0.656923 0.0600383 0
0.650461 0.0644905 0
0.644808 0.0678399 0
0.644759 0.0811913 0
0.64149 0.0872492 0
0.636999 0.0911259 0
0.632887 0.09897 0
0.628459 0.107371 0
0.623969 0.113359 0
0.619839 0.124163 0
0.61534 0.131708 0
0.60591 0.138656 0
0.60245 0.143187 0
0.599538 0.15231 0
0.595204 0.156884 0
0.592381 0.159271 0
0.58994 0.160459 0
0.587565 0.1618 0
0.586056 0.162386 0
0.585264 0.161739 0
0.58354 0.162013 0
0.582784 0.163081 0
0.582424 0.162927 0
0.582377 0.163028 0
0.581919 0.162303 0
0.584329 0.157082 0
0.585415 0.153658 0
0.582976 0.157601 0
0.580166 0.16769 0
0.57767 0.169135 0
0.57449 0.168997 0
0.573096 0.173751 0
0.570439 0.180657 0
0.567443 0.183949 0
0.568271 0.191973 0
0.56285 0.19837 0
0.563466 0.202493 0
0.561499 0.208481 0
0.561815 0.21218 0
0.559425 0.220627 0
0.557851 0.222036 0
0.558262 0.21894 0
0.558299 0.221851 0
0.557772 0.226607 0
0.557375 0.226387 0
0.557227 0.22754 0
0.557208 0.229134 0
0.55729 0.229218 0
0.557266 0.229951 0
0.557129 0.230215 1
0.560699 0.233285 0
0.566795 0.2364 0
0.567569 0.239366 0
0.570928 0.243767 0
0.572588 0.24873 0
0.57126 0.251208 0
0.573969 0.255498 0
0.573092 0.259824 0
0.573386 0.264068 0
0.573932 0.269253 0
0.57523 0.273094 0
0.577322 0.275881 0
0.582247 0.299204 0
0.581279 0.295302 0
0.574449 0.316216 0
0.568432 0.438204 0
0.565907 0.444969 0
0.56321 0.449659 0
0.561027 0.450849 0
0.56203 0.450814 0
0.559475 0.455767 0
0.559597 0.456068 0
0.559533 0.456182 0
0.559532 0.456209 0
0.55953 0.456214 0
0.55953 0.456214 1
0.563763 0.44868 0
0.563438 0.47794 1
0.564765 0.48106 0
0.565211 0.483365 0
0.565999 0.490965 0
0.567248 0.493135 0
0.568692 0.496366 0
0.5711 0.499142 0
0.571835 0.504941 0
0.568383 0.511905 0
0.573471 0.512977 0
0.576909 0.516539 0
0.580491 0.517549 0
0.581219 0.524848 0
0.585917 0.527453 0
0.594047 0.524811 0
0.596624 0.53134 0
0.603221 0.530523 0
0.608299 0.52213 0
0.611124 0.517116 0
0.614148 0.516441 0
0.615732 0.512148 0
0.618334 0.50278 0
0.62072 0.502408 0
0.621628 0.499442 0
0.622563 0.496407 0
0.624549 0.491847 0
0.626064 0.488743 0
0.628794 0.487654 0
0.629726 0.486082 0
0.630145 0.483709 0
0.630423 0.483494 0
0.630184 0.481419 0
0.628706 0.478498 0
0.628977 0.478152 0
0.628139 0.477492 0
0.628564 0.476294 1
0.62944 0.476795 0
0.630244 0.477612 0
0.630113 0.477143 0
0.629748 0.47705 0
0.629641 0.476367 0
0.629118 0.482517 0
0.565082 0.47161 0
0.5624 0.476383 0
0.563391 0.477661 1
0.562997 0.476852 0
0.563934 0.475229 0
0.548872 0.48137 0
0.453611 0.486818 0
0.44773 0.481002 0
0.443587 0.479098 0
0.443479 0.47949 0
0.444641 0.480677 0
0.44131 0.479628 0
0.440191 0.479388 0
0.439154 0.479103 0
0.437957 0.479554 0
0.432832 0.476853 0
0.434103 0.477914 0
0.432436 0.477776 0
0.433957 0.479692 0
0.430197 0.477225 0
0.429522 0.4766 0
0.429945 0.477202 0
0.428531 0.47635 0
0.427603 0.475885 0
0.427576 0.476115 0
0.4275 0.476094 1
0.426213 0.477387 0
0.422842 0.484354 0
0.418131 0.489209 0
0.414682 0.490697 0
0.411386 0.493601 0
0.405311 0.497565 0
0.401154 0.496555 0
0.399666 0.495928 0
0.392461 0.497572 0
0.390353 0.495607 0
0.388168 0.493863 0
0.384471 0.493025 0
0.379991 0.491559 0
0.376462 0.488247 0
0.365611 0.484921 0
0.358359 0.478309 0
0.353772 0.47311 1
0.3526 0.473177 0
0.349814 0.476823 0
0.346124 0.481109 0
0.347332 0.476419 0
0.344391 0.481195 0
0.327326 0.491427 0
0.328412 0.487098 0
0.32909 0.484401 0
0.326606 0.482983 0
0.322234 0.483194 0
0.326577 0.479791 0
0.31971 0.479847 0
0.323481 0.476294 0
0.325714 0.47391 0
0.329454 0.472065 0
0.322482 0.470927 0
0.320914 0.467367 0
0.326233 0.467888 0
0.326366 0.464872 0
0.324833 0.46168 0
0.318166 0.455987 0
0.326404 0.4557 0
0.311336 0.448953 0
0.29714 0.441441 0
0.273237 0.43012 0
0.255625 0.422138 0
0.275707 0.429401 0
0.249705 0.421105 0
0.24492 0.418898 0
0.271928 0.42378 0
0.244611 0.418392 0
0.249033 0.42123 0
0.259528 0.425037 0
0.243034 0.419593 0
0.241053 0.418531 0
0.330682 0.45033 0
0.335639 0.450494 0
0.315294 0.439192 0
0.226135 0.414677 0
0.229207 0.416548 0
0.221763 0.412258 0
0.226224 0.414853 0
0.219417 0.413211 0
0.215969 0.410914 0
0.217459 0.408542 0
0.21623 0.406492 0
0.214555 0.406431 0
0.216435 0.407928 0
0.219413 0.410246 0
0.219718 0.409875 0
0.223945 0.412268 0
0.226324 0.413174 0
0.229834 0.415229 0
0.232603 0.417094 0
0.235769 0.41917 0
0.229511 0.416074 0
0.0860012 0.393687 0
0 0.336643 0
0.072214 0.384649 0
0.235562 0.423263 0
0.326609 0.437768 0
0.346538 0.45745 0
0.347631 0.463032 0
0.34619 0.460816 0
0.347704 0.46256 0
0.348055 0.462728 0
0.347457 0.462498 0
0.344732 0.458688 0
0.327627 0.447226 0
0.291719 0.440067 0
0.312173 0.445547 0
0.304756 0.443145 0
0.317432 0.447037 0
0.334662 0.453896 0
0.342532 0.459211 0
0.339289 0.457392 0
0.328227 0.45253 0
0.348248 0.46301 1
0.345957 0.463002 0
0.353765 0.45507 0
0.359188 0.448829 0
0.366161 0.442439 0
0.371517 0.439011 0
0.384869 0.43818 0
0.395884 0.439554 0
0.404686 0.448157 0
0.414255 0.454042 0
0.423561 0.462091 1
0.428722 0.451091 0
0.432835 0.450261 0
0.434948 0.449656 0
0.44492 0.438753 0
0.441292 0.442746 0
0.450959 0.434603 0
0.510027 0.444701 0
0.544844 0.457882 0
0.552784 0.459906 0
0.553886 0.461008 0
0.553628 0.460777 0
0.554316 0.460871 0
0.554811 0.460793 0
0.555062 0.460677 1
0.555298 0.460702 0
0.547392 0.462267 0
0.641176 0.435923 0
0.631078 0.459696 0
0.631897 0.459329 0
0.633168 0.459918 0
0.633089 0.45991 0
0.633496 0.460064 0
0.633592 0.459903 1
0.633644 0.45954 0
0.634035 0.458461 0
0.634677 0.457513 0
0.635122 0.455592 0
0.636793 0.454538 0
0.637949 0.451361 0
0.639505 0.446927 0
0.640241 0.447353 0
0.64263 0.442372 0
0.644374 0.43838 0
0.645661 0.438313 0
0.644682 0.445608 0
0.65 0.440145 0
0.649831 0.448932 0
0.651896 0.445384 0
0.655029 0.445023 0
0.654039 0.438674 0
0.655306 0.441444 0
0.658713 0.442879 0
0.660011 0.442877 0
0.661896 0.443203 0
0.664678 0.441963 0
0.666397 0.441272 0
0.669793 0.435198 0
0.672774 0.443335 0
0.675343 0.435407 0
0.676338 0.437372 0
0.677726 0.436585 0
0.679325 0.440822 0
0.680682 0.44282 0
0.682441 0.439424 0
0.679045 0.441253 0
0.681929 0.440935 0
0.68807 0.442803 0
0.689073 0.441165 0
0.686903 0.441958 0
0.686893 0.444189 0
0.694646 0.44291 0
0.694502 0.44452 0
0.694787 0.450411 0
0.696986 0.456502 0
0.696454 0.453076 0
0.694795 0.44624 0
0.695916 0.44745 0
0.692918 0.445439 0
0.691397 0.446116 0
0.691271 0.446505 0
0.69962 0.450477 0
0.695067 0.446997 0
0.698525 0.448104 0
0.695972 0.44989 0
0.69336 0.448387 0
0.704731 0.453045 0
0.704566 0.451093 0
0.70385 0.45106 0
0.704938 0.453696 0
0.703137 0.454861 0
0.700589 0.45228 0
0.698753 0.453859 0
0.70291 0.456626 0
0.699894 0.45525 0
0.702072 0.452345 0
0.700035 0.451721 0
0.699811 0.452893 0
0.700783 0.455064 0
0.706038 0.458827 0
0.702303 0.455779 0
0.705901 0.459757 0
0.700099 0.453693 0
0.703156 0.454701 0
0.702504 0.453569 0
0.705374 0.457857 0
0.703825 0.45651 0
0.703603 0.45745 0
0.705486 0.459052 0
0.705253 0.460858 0
0.706131 0.458717 0
0.704945 0.460497 0
0.70604 0.459955 0
0.704776 0.460095 0
0.704514 0.45911 0
0.705036 0.458655 0
0.704683 0.457596 0
0.70366 0.456948 0
0.705019 0.457887 0
0.705709 0.457812 0
0.706137 0.459204 0
0.706143 0.459208 0
0.706143 0.459208 0
0.706143 0.459208 1
