0.575098 0.640268 1
0.573561 0.629629 0
0.585142 0.62839 0
0.573912 0.617909 0
0.584434 0.613177 0
0.587373 0.609934 0
0.592094 0.601928 0
0.590631 0.589836 0
0.59734 0.576021 0
0.602662 0.565986 0
0.61786 0.552444 0
0.623866 0.5427 0
0.639674 0.491446 0
0.658723 0.464673 0
0.675696 0.449611 0
0.683266 0.453486 0
0.689313 0.434749 0
0.694598 0.436699 0
0.706351 0.431027 0
0.707736 0.419896 0
0.702364 0.420305 0
0.69381 0.42109 0
0.70557 0.416137 0
0.710112 0.425882 0
0.711883 0.417014 0
0.71682 0.409008 0
0.715442 0.40144 0
0.7268 0.396567 0
0.726638 0.387648 1
0.729669 0.382027 0
0.73661 0.380746 0
0.744181 0.373039 0
0.747877 0.353271 0
0.733563 0.3444 0
0.737804 0.33049 0
0.737521 0.320813 0
0.728565 0.297695 0
0.739039 0.27733 0
0.722855 0.271933 0
0.726431 0.257503 0
0.736019 0.231458 0
0.727207 0.199524 0
0.720051 0.180449 0
0.712535 0.173222 0
0.705191 0.163196 0
0.697793 0.151968 0
0.689605 0.134425 0
0.685461 0.113375 0
0.670289 0.117713 0
0.655599 0.134745 0
0.659384 0.0826946 0
0.646117 0.0497135 0
0.620189 0.0361261 0
0.611411 0.0290153 0
0.564087 0 0
0.505254 0.0837008 0
0.44576 0.125566 0
0.42351 0.146466 0
0.412467 0.150165 0
0.406878 0.154952 0
0.39647 0.159626 0
0.396635 0.15853 0
0.39534 0.156616 0
0.384387 0.154508 0
0.381393 0.154815 0
0.377841 0.154366 0
0.373978 0.153625 0
0.367286 0.15227 0
0.365409 0.151095 1
0.363845 0.152729 0
0.362565 0.153071 0
0.360884 0.16287 0
0.361734 0.158195 0
0.363771 0.152394 0
0.362778 0.155554 0
0.374423 0.165238 0
0.142601 0.135684 0
0.152149 0.141294 0
0.103316 0.169452 0
0.0689682 0.257922 0
0.0839965 0.276096 0
0.0788681 0.286693 0
0.0796496 0.295088 0
0.0830438 0.313797 0
0.0844616 0.329188 0
0.075149 0.332135 0
0.0864448 0.354469 0
0.0765858 0.364024 0
0.0747994 0.37591 0
0.0691057 0.385223 0
0.0684919 0.4035 0
0.0673759 0.401857 0
0.0653721 0.413205 0
0.0652531 0.414341 0
0.0668862 0.413607 0
0.0661231 0.415768 1
0.0695213 0.416088 0
0.069536 0.420684 0
0.0665853 0.405457 0
0.0680741 0.403361 0
0.0669524 0.428858 0
0.074408 0.430951 0
0.0667089 0.437554 0
0.0766787 0.438322 0
0.0869086 0.435625 0
0.0979016 0.446094 0
0.109925 0.462001 0
0.120785 0.477716 0
0.115576 0.510294 0
0.122727 0.532821 0
0.139195 0.55153 0
0.135659 0.577508 0
0.135831 0.606179 0
0.146829 0.631872 0
0.155492 0.649742 0
0.168109 0.685526 0
0.200878 0.697973 0
0.226769 0.739813 0
0.244455 0.766532 0
0.275357 0.786822 0
0.303933 0.785898 0
0.324382 0.801241 0
0.37033 0.811595 0
0.397159 0.814528 0
0.426477 0.836385 0
0.442723 0.852278 0
0.45745 0.939356 0
0.477496 0.954945 0
0.499237 0.953333 0
0.514333 0.949012 0
0.530221 0.941883 0
0.548541 0.934005 0
0.562093 0.924521 0
0.569229 0.910976 0
0.576332 0.889772 0
0.588143 0.862962 0
0.58837 0.840852 0
0.593356 0.836327 0
0.59415 0.826638 0
0.594291 0.814196 0
0.579715 0.795275 0
0.576587 0.797513 1
0.592859 0.799817 0
0.590521 0.789708 0
0.601821 0.78571 0
0.613568 0.786091 0
0.631837 0.787442 0
0.628333 0.772797 0
0.635209 0.76955 0
0.643435 0.751246 0
0.648259 0.733568 0
0.683148 0.732224 0
0.600669 0.568608 0
0.616838 0.577166 0
0.572716 0.543118 0
0.575825 0.507706 0
0.587308 0.476573 0
0.588633 0.427593 0
0.58781 0.42589 0
0.592475 0.421442 0
0.597951 0.424118 0
0.613315 0.429659 0
0.715112 0.529759 0
0.713324 0.502335 0
0.715396 0.49664 0
0.719338 0.495382 0
0.729074 0.493368 0
0.617333 0.436325 0
0.601224 0.42165 0
0.591682 0.41161 0
0.594238 0.411912 0
0.603741 0.411049 0
0.611547 0.393107 0
0.622967 0.390655 0
0.631234 0.371684 0
0.651071 0.345825 0
0.680987 0.318404 0
0.687452 0.307993 0
0.700008 0.297123 0
0.708259 0.281171 0
0.700329 0.279252 0
0.696274 0.269067 0
0.695576 0.260599 0
0.687972 0.232703 0
0.686038 0.240359 0
0.680173 0.2127 0
0.675477 0.197413 0
0.673037 0.184974 0
0.667728 0.180508 0
0.655366 0.161551 0
0.645717 0.157091 0
0.634789 0.148646 0
0.634511 0.134197 0
0.634058 0.116191 0
0.626421 0.102499 0
0.617921 0.0889918 0
0.607569 0.0731307 0
0.595129 0.0659338 0
0.580524 0.0611569 0
0.540807 0.0755137 0
0.529506 0.0753841 0
0.48921 0.106843 0
0.47136 0.116943 0
0.462464 0.12417 0
0.45589 0.125152 0
0.455014 0.125954 0
0.450301 0.127238 0
0.437494 0.129401 0
0.431978 0.14109 0
0.435304 0.141132 0
0.326467 0.174309 0
0.334041 0.175618 0
0.325914 0.176584 0
0.320595 0.181718 0
0.284765 0.168866 0
0.238681 0.167517 0
0.212279 0.161699 0
0.204756 0.17881 0
0.201328 0.193868 0
0.18831 0.209139 0
0.123509 0.284412 0
0.124416 0.282643 0
0.120741 0.289012 0
0.111555 0.284907 0
0.0993461 0.287676 0
0.094382 0.293705 0
0.0938816 0.308745 0
0.0979916 0.322955 0
0.0836866 0.332907 0
0.0771576 0.339502 0
0.0682447 0.345299 0
0.0708189 0.348222 0
0.0283669 0.418502 0
0.0461899 0.447311 0
0.0605087 0.45061 0
0.0691368 0.445479 0
0.0794785 0.436814 0
0.0740767 0.440534 0
0.062831 0.443116 0
0.0591464 0.44698 0
0.0593399 0.448496 0
0.0496807 0.452311 0
0.0390559 0.444363 0
0.0412476 0.449442 0
0.0450691 0.46198 0
0.0468119 0.470277 0
0.0534655 0.484154 0
0.0624063 0.501723 0
0.0859071 0.522245 0
0.0909881 0.544605 0
0.0988529 0.564375 0
0.111108 0.582053 0
0.121175 0.600529 0
0.123066 0.635658 0
0.152311 0.646777 0
0.139047 0.672905 0
0.164616 0.726429 0
0.191381 0.760252 0
0.218761 0.800693 0
0.247443 0.81774 0
0.272015 0.81197 0
0.288885 0.824644 0
0.30151 0.825081 0
0.353175 0.832928 0
0.370227 0.837919 0
0.399837 0.839095 1
0.422376 0.846298 0
0.426711 0.845077 0
0.439208 0.844463 0
0.455551 0.845103 0
0.464479 0.832034 0
0.476191 0.833314 0
0.488651 0.827692 0
0.503578 0.827578 0
0.506482 0.816242 0
0.519502 0.813674 0
0.53633 0.810956 0
0.546067 0.800718 0
0.556069 0.796208 0
0.57342 0.797508 1
0.567643 0.795757 0
0.572018 0.795429 0
0.572898 0.795918 0
0.569876 0.792124 0
0.571498 0.793694 0
0.571444 0.792719 0
0.566978 0.782405 0
0.572667 0.792666 0
0.584267 0.737909 0
0.586144 0.727181 0
0.591761 0.730751 0
0.645119 0.701309 0
0.653421 0.68623 0
0.669046 0.674352 0
0.674599 0.654294 0
0.668315 0.630724 0
0.695393 0.621714 0
0.693846 0.602692 0
0.71279 0.589881 0
0.734306 0.581337 0
0.740307 0.564694 0
0.729855 0.541947 0
0.746223 0.526992 0
0.764003 0.515276 0
0.755859 0.48328 0
0.765994 0.491971 1
0.775833 0.48802 0
0.78526 0.485975 0
0.790518 0.484801 0
0.808185 0.485226 0
0.829217 0.482686 0
0.81613 0.464565 0
0.838399 0.467951 0
0.85833 0.468906 0
0.852649 0.459023 0
0.856485 0.454523 0
0.834326 0.436688 0
0.768377 0.430681 0
0.805961 0.414576 0
0.781003 0.413581 0
0.771053 0.414427 0
0.765242 0.402091 0
0.764732 0.394741 0
0.76881 0.357565 0
0.768713 0.330013 0
0.756411 0.31279 0
0.746777 0.301861 0
0.739021 0.270564 0
0.733618 0.260124 0
0.723077 0.269314 0
0.719429 0.253478 0
0.718883 0.235596 0
0.721796 0.241506 0
0.710865 0.214515 0
0.714687 0.217526 0
0.710081 0.194708 0
0.694578 0.179596 0
0.689235 0.164297 0
0.673004 0.154001 0
0.66564 0.1426 0
0.637723 0.14325 1
0.646175 0.115807 0
0.648375 0.102221 0
0.645988 0.0766805 0
0.639765 0.0550272 0
0.630694 0.0451792 0
0.624293 0.0374554 0
0.608955 0.037547 0
0.593417 0.0382452 0
0.578412 0.0259469 0
0.547345 0.0112005 0
0.516405 0.0105828 0
0.443992 0.0622318 0
0.376804 0.0769354 0
0.345036 0.125191 0
0.349395 0.124877 0
0.348078 0.125911 1
0.342722 0.12166 0
0.322998 0.112249 0
0.308589 0.112889 0
0.276387 0.136413 0
0.264959 0.141558 0
0.239915 0.143154 0
0.230748 0.156748 0
0.213364 0.165697 0
0.17429 0.181566 0
0.1648 0.191787 0
0.161428 0.210415 0
0.137895 0.223793 0
0.121481 0.240733 1
0.119744 0.246427 0
0.116178 0.251435 0
0.111025 0.25271 0
0.104625 0.260992 0
0.0996067 0.268074 0
0.0879548 0.267142 0
0.0873096 0.281459 0
0.0746206 0.284682 0
0.0619362 0.2962 0
0 0.450745 0
0.037392 0.480024 0
0.0442792 0.476002 0
0.0285733 0.461323 0
0.0324663 0.465637 0
0.0374023 0.466893 0
0.0396177 0.466725 0
0.0296409 0.45768 0
0.0201303 0.458336 0
0.0151723 0.448575 0
0.0178707 0.458425 0
0.0150773 0.460115 0
0.012763 0.460824 1
0.0146685 0.479987 0
0.0325375 0.497814 0
0.0435853 0.509261 0
0.0528453 0.523941 0
0.0650755 0.537076 0
0.0726646 0.548659 0
0.111384 0.567039 0
0.129102 0.590197 0
0.121461 0.608435 0
0.133648 0.63318 0
0.136516 0.65497 0
0.13917 0.67718 0
0.1855 0.691762 0
0.211951 0.702683 0
0.227797 0.726775 0
0.255732 0.742374 0
0.262797 0.773808 0
0.298659 0.775735 0
0.322803 0.801626 0
0.357607 0.800628 0
0.373884 0.813384 0
0.428246 1 0
0.426349 0.843677 0
0.438041 0.986502 0
0.455868 0.974172 0
0.474994 0.955417 0
0.483063 0.962277 0
0.497025 0.950613 0
0.504242 0.91953 0
0.510659 0.907674 0
0.527287 0.906578 0
0.541771 0.905509 0
0.552369 0.898464 0
0.563877 0.877477 0
0.574728 0.885081 0
0.575545 0.850134 0
0.586587 0.843249 0
0.574092 0.787089 0
0.583446 0.787467 0
0.574162 0.763943 0
0.593984 0.765723 0
0.579547 0.765526 0
0.583217 0.757252 0
0.585341 0.750634 0
0.551435 0.720932 0
0.577743 0.729507 0
0.591415 0.734133 0
0.607257 0.731663 0
0.624556 0.721475 0
0.527872 0.590991 0
0.510364 0.582216 0
0.49578 0.557819 0
0.506008 0.537621 0
0.501178 0.507559 0
0.495429 0.49101 0
0.491158 0.47319 0
0.500206 0.445723 0
0.505855 0.438283 0
0.444411 0.425393 0
0.426125 0.412967 0
0.438712 0.419048 0
0.491397 0.437164 0
0.476717 0.430899 0
0.479601 0.431453 0
0.45093 0.428877 0
0.463946 0.427132 0
0.450009 0.426388 0
0.45137 0.428617 0
0.452039 0.423437 0
0.454782 0.42164 0
0.456663 0.420406 1
0.463417 0.414331 0
0.457536 0.401779 0
0.467683 0.419116 0
0.492521 0.407743 0
0.497122 0.391809 0
0.535528 0.368731 0
0.540924 0.369867 0
0.553187 0.353986 0
0.52184 0.353147 0
0.522487 0.348004 0
0.515328 0.338131 0
0.526908 0.370296 0
0.572586 0.300728 0
0.546731 0.322346 0
0.558644 0.316514 0
0.55791 0.311588 0
0.612382 0.267719 0
0.577588 0.292705 0
0.550798 0.297533 0
0.585251 0.269598 0
0.595723 0.25675 0
0.617141 0.218998 0
0.61359 0.217646 0
0.606446 0.19641 0
0.613505 0.196719 0
0.614254 0.183645 0
0.612227 0.182157 0
0.619349 0.17533 0
0.613704 0.157369 0
0.617347 0.149904 0
0.61841 0.15152 1
