0.460934 0.659444 1
0.460262 0.656313 0
0.462512 0.654142 0
0.463692 0.651527 0
0.466172 0.649949 0
0.471315 0.648366 0
0.475533 0.650024 0
0.470034 0.641321 0
0.475016 0.638971 0
0.473484 0.633796 0
0.472514 0.628971 0
0.463422 0.620326 0
0.471357 0.620879 0
0.464237 0.61349 0
0.432704 0.597839 0
0.433219 0.588573 0
0.474249 0.606677 0
0.457944 0.589181 0
0.46761 0.592715 0
0.464218 0.587526 0
0.477321 0.589862 0
0.468378 0.581903 0
0.476391 0.584472 0
0.473291 0.580252 0
0.47255 0.570055 0
0.489537 0.589289 0
0.501699 0.596352 0
0.505831 0.591484 0
0.508361 0.589224 0
0.51114 0.586315 0
0.510157 0.582058 0
0.513866 0.57857 0
0.513913 0.572651 0
0.516619 0.570311 0
0.519778 0.569733 0
0.524933 0.570618 0
0.524736 0.562348 0
0.52428 0.559762 0
0.534184 0.565936 0
0.536232 0.563831 0
0.539347 0.560995 0
0.542617 0.558123 0
0.545518 0.555471 0
0.546879 0.546714 0
0.551266 0.546464 0
0.551626 0.546259 0
0.554657 0.547778 0
0.558496 0.542573 0
0.560449 0.541858 0
0.563852 0.54008 0
0.567205 0.534456 0
0.570046 0.533705 0
0.573084 0.531598 0
0.577228 0.528213 0
0.577877 0.522459 0
0.58456 0.521352 0
0.586382 0.518571 0
0.588442 0.517991 1
0.589036 0.51768 0
0.591088 0.515741 0
0.593638 0.512848 0
0.596629 0.51225 0
0.598398 0.50937 0
0.600651 0.509215 0
0.603627 0.504686 0
0.608571 0.500419 0
0.613849 0.498023 0
0.616198 0.492247 0
0.621498 0.485309 0
0.625224 0.481145 0
0.63997 0.480524 0
0.648697 0.473329 0
0.649234 0.465411 0
0.647493 0.458208 0
0.667372 0.455003 0
0.65732 0.44907 0
0.667375 0.449099 0
0.66902 0.434752 0
0.676296 0.432266 0
0.678035 0.42557 0
0.681916 0.423522 0
0.688506 0.422657 0
0.6942 0.417896 0
0.697931 0.414485 0
0.701121 0.409129 0
0.701818 0.405769 0
0.704296 0.399836 0
0.704961 0.39205 0
0.705329 0.386794 0
0.70713 0.381629 1
0.71053 0.376428 0
0.713812 0.370026 0
0.718377 0.366205 0
0.721754 0.360852 0
0.713921 0.35647 0
0.722978 0.353002 0
0.738066 0.353211 0
0.75191 0.349873 0
0.752477 0.345696 0
0.746626 0.340763 0
0.733469 0.334198 0
0.717382 0.330962 0
0.746626 0.330971 0
0.745411 0.329318 0
0.734263 0.327368 0
0.743617 0.325344 0
0.748245 0.323847 0
0.75174 0.319913 0
0.748954 0.316624 0
0.742458 0.314559 0
0.738223 0.310625 0
0.72722 0.307485 0
0.712136 0.302288 0
0.71662 0.298805 0
0.72925 0.293882 0
0.739321 0.284601 0
0.732325 0.286852 0
0.726514 0.286334 0
0.724123 0.284924 1
0.729354 0.275318 0
0.741543 0.270136 0
0.736377 0.25621 0
0.74762 0.256023 0
0.755892 0.249279 0
0.757974 0.239327 0
0.767592 0.238995 0
0.772767 0.235684 0
0.779574 0.227798 0
0.794217 0.209538 0
0.805398 0.192667 0
0.819477 0.184147 0
0.822841 0.191096 0
0.839526 0.195377 0
0.852291 0.199044 0
0.864186 0.192031 0
0.876728 0.192697 0
0.878792 0.197204 0
0.88713 0.200553 0
0.89222 0.198006 0
0.901136 0.195048 0
0.905324 0.191994 1
0.905468 0.1909 0
0.905138 0.189093 0
0.904331 0.187212 0
0.904507 0.185859 0
0.904144 0.185236 0
0.904793 0.184527 0
0.91207 0.184229 0
0.892854 0.181242 0
0.89434 0.178306 0
0.92068 0.185061 0
0.934773 0.192925 0
0.932062 0.18701 0
0.938973 0.188463 0
0.9445 0.187552 0
0.957637 0.190904 0
0.954561 0.1834 0
0.949248 0.17593 0
0.950712 0.171055 0
0.944673 0.164925 0
0.938549 0.159786 0
0.930673 0.155686 0
0.931082 0.153515 0
0.943207 0.15197 0
0.963125 0.150623 0
0.990779 0.145917 0
1 0.144177 0
0.996971 0.13942 0
0.976049 0.138631 0
0.959249 0.133327 0
0.974775 0.127167 0
0.976547 0.123352 0
0.962478 0.118792 0
0.961049 0.11385 0
0.959915 0.113984 0
0.950337 0.1147 0
0.943688 0.117245 0
0.941208 0.115408 0
0.93722 0.114555 0
0.927136 0.116721 0
0.917971 0.115632 1
0.91443 0.106182 0
0.909129 0.100826 0
0.906374 0.0893829 0
0.90257 0.0725491 0
0.893133 0.0560878 0
0.878937 0.0378535 0
0.855841 0.0204908 0
0.843748 0.0249793 0
0.823888 0.0140716 0
0.794869 0 0
0.768329 0.0137774 0
0.74898 0.0322298 0
0.725432 0.0443016 0
0.708289 0.0519404 0
0.694976 0.076765 0
0.686222 0.0831559 0
0.681599 0.0891238 0
0.682603 0.0984966 0
0.680739 0.100573 0
0.680602 0.100806 0
0.680617 0.100861 1
0.676814 0.100833 0
0.682472 0.104285 0
0.68546 0.105807 0
0.690694 0.102384 0
0.688158 0.109321 0
0.700467 0.0986099 0
0.699282 0.107172 0
0.694534 0.11318 0
0.695645 0.115637 0
0.690736 0.121822 0
0.701078 0.122075 0
0.709675 0.123748 0
0.713652 0.125873 0
0.715787 0.128788 0
0.71342 0.133332 0
0.71169 0.134093 0
0.702442 0.140365 0
0.710349 0.139803 0
0.707608 0.144941 0
0.706435 0.146595 1
0.706794 0.147087 0
0.706742 0.148569 0
0.707308 0.151471 0
0.707361 0.15382 0
0.707111 0.158164 0
0.708365 0.161809 0
0.708382 0.166781 0
0.701937 0.16598 0
0.74274 0.190264 0
0.485306 0.423401 0
0.512359 0.400537 0
0.434687 0.0506042 0
0.401528 0.0700767 0
0.398726 0.0717853 0
0.396183 0.0735923 0
0.402169 0.072658 0
0.398276 0.0747287 0
0.398232 0.0759171 0
0.402282 0.074923 0
0.398621 0.0764788 0
0.398449 0.0776335 0
0.394249 0.0793349 0
0.39363 0.0802819 0
0.39691 0.0801728 0
0.391363 0.0821227 0
0.406785 0.0848879 0
0.400432 0.0852024 0
0.388552 0.0847662 0
0.38748 0.0848112 0
0.386695 0.0856099 0
0.386163 0.0862815 0
0.387206 0.0863784 0
0.382894 0.0911524 0
0.384125 0.0890191 0
0.38329 0.0900766 0
0.383602 0.0908359 0
0.383685 0.0916945 0
0.383627 0.0921279 0
0.383948 0.0920604 0
0.413217 0.103588 0
0.416947 0.125474 0
0.418075 0.115102 0
0.420134 0.121843 0
0.401396 0.0915763 0
0.406179 0.0919649 0
0.443203 0.130883 0
0.45862 0.117533 0
0.469502 0.113271 0
0.497905 0.118783 0
0.518881 0.108267 0
0.55434 0.119692 0
0.57365 0.124955 0
0.587158 0.107816 0
0.59598 0.105309 0
0.596653 0.108993 0
0.375307 0.0797971 0
0.373564 0.0799882 0
0.225862 0.127633 0
0.178049 0.163774 0
0.116577 0.191249 0
0.0892512 0.213216 0
0.0591936 0.234779 0
0.0413348 0.237075 0
0.00210151 0.255914 0
0 0.275783 0
0.0122391 0.250976 0
0.0255087 0.241074 0
0.0440633 0.234605 0
0.0507973 0.225127 0
0.0632038 0.223044 0
0.07611 0.178705 0
0.0925911 0.128627 0
0.132627 0.0928758 0
0.174046 0.0637196 0
0.207978 0.0476293 0
0.239591 0.0445931 0
0.385046 0.0179817 0
0.326316 0.0346045 0
0.378559 0.0322567 0
0.379389 0.0412851 0
0.378759 0.0534373 0
0.379393 0.0688185 1
0.379324 0.0688996 0
0.379193 0.0691841 0
0.380467 0.0689602 0
0.380066 0.0697649 0
0.38094 0.069458 0
0.379791 0.0704747 0
0.383629 0.0683554 0
0.380549 0.0706666 0
0.381878 0.0704457 0
0.381541 0.0709333 0
0.383814 0.0694405 0
0.381136 0.0716786 0
0.385233 0.0689876 0
0.385634 0.0692239 0
0.382926 0.0721066 0
0.386685 0.0692518 0
0.399228 0.0614479 0
0.39408 0.0678219 0
0.394381 0.0697936 0
0.398539 0.0691743 0
0.394502 0.0728012 0
0.395617 0.073536 0
0.390993 0.0763457 0
0.390815 0.0776782 0
0.392389 0.0778955 0
0.394561 0.0783893 0
0.390303 0.0802807 0
0.398851 0.0787448 0
0.390781 0.0813106 0
0.388523 0.0830962 0
0.388484 0.0838913 0
0.390637 0.0842066 0
0.388806 0.0853988 0
0.389585 0.0860993 0
0.388433 0.0872194 0
0.388143 0.0876635 0
0.388444 0.0888938 0
0.388416 0.0896533 1
