0.69384 0.0112836 1
0.692261 0.00799386 0
0.687371 0 0
0.693598 0.0133791 0
0.692394 0.0183783 0
0.683081 0.0242051 0
0.650948 0.0405311 0
0.660769 0.0262899 0
0.655186 0.0244402 0
0.647965 0.0287786 0
0.636148 0.0353401 0
0.620695 0.044439 0
0.596524 0.0397102 0
0.600986 0.0602375 0
0.591569 0.0524285 0
0.58956 0.0563882 0
0.592289 0.0645151 0
0.589771 0.0774699 0
0.590711 0.0797264 0
0.593144 0.0807646 0
0.601978 0.0861836 0
0.603457 0.0929047 0
0.609588 0.092454 0
0.611698 0.0900077 0
0.619856 0.0893364 0
0.625855 0.099122 0
0.638803 0.0997457 0
0.652619 0.0927952 0
0.664314 0.0918617 0
0.672874 0.0926593 0
0.689539 0.0905992 0
0.702302 0.0864608 0
0.721677 0.0801663 0
0.714532 0.0923807 0
0.720124 0.0928381 0
0.736153 0.0824395 0
0.744675 0.0822992 0
0.747237 0.0843522 0
0.753061 0.0832195 0
0.758609 0.0920232 0
0.761252 0.0927399 0
0.766937 0.0904914 0
0.767807 0.0976529 0
0.777759 0.099338 0
0.777861 0.10782 0
0.786316 0.109363 0
0.790545 0.110131 0
0.791648 0.116553 0
0.790457 0.124283 0
0.797635 0.127481 0
0.79562 0.13411 0
0.798497 0.137332 0
0.799456 0.139702 0
0.800659 0.142324 0
0.800163 0.145705 0
0.80197 0.150466 0
0.803452 0.154426 1
0.805937 0.158256 0
0.806627 0.161557 0
0.809689 0.164138 0
0.812385 0.168404 0
0.815199 0.17659 0
0.817286 0.178813 0
0.822431 0.191052 0
0.82514 0.19732 0
0.827629 0.202802 0
0.830846 0.209218 0
0.828255 0.216157 0
0.830727 0.224941 0
0.835365 0.230214 0
0.838269 0.234664 0
0.846332 0.240191 0
0.84938 0.250151 0
0.847524 0.25883 0
0.860677 0.260946 0
0.864243 0.267631 0
0.864918 0.278415 0
0.871546 0.285854 0
0.872968 0.295813 0
0.883427 0.299642 0
0.883521 0.309149 0
0.887914 0.314 0
0.888819 0.323371 0
0.892785 0.330145 0
0.908546 0.335338 0
0.896472 0.34431 1
0.904458 0.354162 0
0.908566 0.366783 0
0.907033 0.369961 0
0.90831 0.372379 0
0.910436 0.378293 0
0.907696 0.378264 0
0.922581 0.39278 0
0.918642 0.393281 0
0.923096 0.398692 0
0.925753 0.397541 0
0.924209 0.39681 0
0.923205 0.39768 0
0.928554 0.402703 0
0.937131 0.411262 0
0.940433 0.418759 0
0.940617 0.422867 0
0.946982 0.433032 0
0.959467 0.446847 0
0.965832 0.454667 0
0.969868 0.461721 0
0.975576 0.475108 0
0.973394 0.483481 0
0.971441 0.486372 0
0.973806 0.492528 0
0.970426 0.502474 0
0.972828 0.514645 0
0.96763 0.523309 0
0.964015 0.538281 0
0.965104 0.546834 0
0.953827 0.551483 0
0.947265 0.560472 0
0.946598 0.563663 0
0.939175 0.570412 0
0.936985 0.581338 0
0.932622 0.5838 0
0.927455 0.587574 0
0.931228 0.600306 0
0.933671 0.602627 0
0.926468 0.612675 0
0.931005 0.61287 0
0.928545 0.618249 0
0.926484 0.624549 0
0.92602 0.627033 0
0.927302 0.626252 0
0.924137 0.628437 1
0.921232 0.633546 0
0.917013 0.640263 0
0.92578 0.60378 0
0.923086 0.599704 0
0.925624 0.591796 0
0.93162 0.589812 0
0.907266 0.590947 0
0.921476 0.582251 0
0.921576 0.574703 0
0.914015 0.571711 0
0.895843 0.571401 0
0.909801 0.560577 0
0.904159 0.554119 0
0.902468 0.548292 0
0.858392 0.55899 0
0.863772 0.549703 0
0.85462 0.546877 0
0.83629 0.547794 0
0.812683 0.554087 0
0.809046 0.545429 0
0.794573 0.544253 0
0.773358 0.521552 0
0.794631 0.703979 0
0.822994 0.724013 0
0.83421 0.739646 0
0.839584 0.741345 0
0.832093 0.750717 0
0.844995 0.757652 0
0.847621 0.776876 0
0.838137 0.785706 0
0.839886 0.788853 0
0.836024 0.792153 0
0.835025 0.796335 0
0.832898 0.800486 0
0.83289 0.800264 0
0.831356 0.804862 0
0.829679 0.807161 1
0.828764 0.810263 0
0.830168 0.813349 0
0.827034 0.818035 0
0.826549 0.822738 0
0.827945 0.829879 0
0.834226 0.83395 0
0.828827 0.836376 0
0.831458 0.846579 0
0.856713 0.873878 0
0.879511 0.905293 0
0.890491 0.919467 0
0.884803 0.928161 0
0.909253 0.955275 0
0.888015 0.967921 0
0.916297 0.994587 0
0.893249 0.992775 0
0.868675 0.994831 0
0.840968 1 0
0.795455 0.982 0
0.764308 0.952812 0
0.744376 0.93337 0
0.723942 0.910597 0
0.705887 0.89957 0
0.700767 0.899422 0
0.691891 0.904385 0
0.685805 0.904446 1
0.683639 0.906796 0
0.681014 0.909399 0
0.677609 0.914387 0
0.672702 0.916215 0
0.668697 0.918349 0
0.664417 0.924216 0
0.65776 0.92216 0
0.654277 0.928639 0
0.646552 0.924237 0
0.640995 0.9281 0
0.633498 0.92263 0
0.628425 0.926104 0
0.623621 0.92894 0
0.619398 0.933733 0
0.612285 0.92304 0
0.607914 0.924217 0
0.605463 0.926222 0
0.600504 0.92632 0
0.597013 0.924879 0
0.594168 0.927399 0
0.591957 0.925777 0
0.589102 0.925472 1
0.586496 0.9252 0
0.583035 0.92476 0
0.579977 0.925864 0
0.576689 0.925294 0
0.573228 0.92449 0
0.571019 0.922773 0
0.568177 0.921898 0
0.563098 0.919811 0
0.559655 0.918312 0
0.55563 0.916279 0
0.551786 0.914532 0
0.5481 0.912745 0
0.543014 0.909996 0
0.538381 0.907073 0
0.53522 0.904963 0
0.532341 0.902954 0
0.530291 0.901814 0
0.528145 0.900227 0
0.525695 0.898032 0
0.524 0.899151 0
0.520229 0.893041 0
0.51569 0.888425 0
0.511835 0.884188 0
0.507945 0.877581 0
0.506878 0.878177 0
0.504776 0.875231 0
0.503032 0.873998 0
0.500461 0.86893 0
0.498263 0.867194 0
0.497204 0.865589 0
0.496311 0.86387 0
0.495641 0.862465 1
0.494203 0.861227 0
0.493405 0.859752 0
0.491253 0.857907 0
0.489181 0.856465 0
0.486364 0.853407 0
0.481467 0.851129 0
0.476439 0.847008 0
0.477614 0.843126 0
0.473212 0.841954 0
0.469398 0.839238 0
0.466259 0.836391 0
0.459627 0.834407 0
0.453056 0.826795 0
0.447834 0.826414 0
0.44784 0.816607 0
0.443258 0.8146 0
0.442228 0.804908 0
0.436424 0.802774 0
0.438857 0.788745 0
0.427327 0.792873 0
0.427256 0.778808 0
0.415457 0.784557 0
0.408557 0.776771 0
0.4107 0.760188 0
0.401842 0.754728 0
0.421527 0.727674 0
0.409123 0.731103 0
0.397988 0.734059 0
0.393154 0.729894 0
0.387662 0.727527 0
0.380769 0.726 0
0.376699 0.723104 1
0.375726 0.721637 0
0.36408 0.709363 0
0.358593 0.70438 0
0.355006 0.697925 0
0.348487 0.691605 0
0.342537 0.686664 0
0.327388 0.681402 0
0.313836 0.662455 0
0.307471 0.658236 0
0.288575 0.650835 0
0.27573 0.646672 0
0.259827 0.652831 0
0.241611 0.637468 0
0.228365 0.628653 0
0.212558 0.633575 0
0.19922 0.627065 0
0.185887 0.616959 0
0.166762 0.61837 0
0.157955 0.615889 0
0.14946 0.614803 0
0.141794 0.60807 0
0.139245 0.606839 0
0.132168 0.605621 0
0.122394 0.591924 0
0.117042 0.59419 0
0.115115 0.595417 0
0.106568 0.587461 0
0.0962981 0.578348 0
0.0895369 0.569907 0
0.0867725 0.567934 0
0.0842205 0.56221 0
0.0796882 0.555495 0
0.075924 0.543554 0
0.0759973 0.54479 0
0.0784574 0.553817 0
0.0749395 0.543469 0
0.0752413 0.539176 0
0.0748698 0.539729 1
0.0705125 0.538039 0
0.0726284 0.532766 0
0.0652187 0.531027 0
0.0664868 0.527225 0
0.0611526 0.524594 0
0.0673588 0.513425 0
0.062505 0.498441 0
0.0886476 0.499288 0
0.0896377 0.485571 0
0.0971187 0.48031 0
0.107711 0.479235 0
0.114577 0.478232 0
0.112187 0.470492 0
0.119317 0.470889 0
0.122555 0.468342 0
0.133271 0.465191 0
0.093292 0.443616 0
0.130454 0.451635 0
0.126904 0.446417 0
0.140315 0.45077 0
0.13384 0.440348 0
0.132211 0.433798 0
0.135208 0.432434 0
0.125706 0.421688 0
0.126218 0.417146 0
0.120797 0.41124 0
0.119866 0.40653 0
0.111169 0.397129 0
0.113505 0.395088 0
0.11609 0.391499 0
0.116401 0.38772 0
0.121507 0.384268 0
0.118273 0.376005 0
0.12231 0.372754 0
0.123431 0.368648 0
0.117816 0.36238 0
0.114259 0.358934 0
0.114029 0.356662 0
0.110235 0.350632 0
0.110986 0.347681 0
0.106099 0.34002 0
0.108901 0.338742 1
0.106079 0.339869 0
0.101071 0.324401 0
0.0952206 0.31997 0
0.0812884 0.306457 0
0.0614742 0.284186 0
0.0664984 0.287281 0
0.0522802 0.281913 0
0.0359823 0.254654 0
0.0263198 0.229266 0
0.0045388 0.187971 0
0.0026998 0.201743 0
0.0225827 0.181507 0
0.0121202 0.170055 0
0.00448438 0.126688 0
0 0.139439 0
0.0561878 0.133853 0
0.132476 0.133216 0
0.161724 0.124918 0
0.195916 0.124617 0
0.203493 0.103152 0
0.209386 0.0862464 0
0.233447 0.0729421 0
0.246959 0.0615962 0
0.256828 0.0407372 0
0.294953 0.0288656 0
0.310454 0.0456271 0
0.33728 0.0454468 0
0.355245 0.0351826 0
0.327518 0.0371024 0
0.367807 0.0781111 0
0.375973 0.0728081 0
0.410547 0.0641928 0
0.414151 0.0697875 0
0.434328 0.0831046 0
0.45521 0.0777295 0
0.463426 0.0812678 0
0.477497 0.0885032 0
0.475263 0.0962178 0
0.479676 0.105067 0
0.482025 0.113439 0
0.495185 0.113887 0
0.497776 0.121208 1
