0.121222 0.813339 1
0.121137 0.813332 0
0.121223 0.81334 0
0.121222 0.813339 0
0.121222 0.813339 0
0.121222 0.813339 0
0.121222 0.81334 0
0.121206 0.813331 0
0.121213 0.813338 0
0.1212 0.813332 0
0.121156 0.813288 0
0.121064 0.813269 0
0.121499 0.813214 0
0.121031 0.813089 0
0.121543 0.812678 0
0.12164 0.812483 0
0.121091 0.813005 0
0.121496 0.812386 0
0.121128 0.812528 0
0.121532 0.812265 0
0.12096 0.812789 0
0.120942 0.812709 0
0.120993 0.81269 0
0.121097 0.812625 0
0.120973 0.812844 0
0.12123 0.812611 0
0.121056 0.812758 0
0.121693 0.812252 0
0.123031 0.811751 0
0.123471 0.811326 0
0.124271 0.81018 0
0.12599 0.809607 0
0.126851 0.808211 0
0.127196 0.807554 0
0.127751 0.805498 0
0.128587 0.800209 0
0.12851 0.799701 0
0.128372 0.799045 0
0.128509 0.799734 0
0.128293 0.798357 0
0.128152 0.797733 0
0.128073 0.797403 0
0.128042 0.797288 0
0.128007 0.796994 0
0.128134 0.797446 0
0.127964 0.796757 0
0.127669 0.795913 0
0.127529 0.795584 0
0.127437 0.795345 0
0.12732 0.795037 0
0.127312 0.795038 0
0.127397 0.795326 0
0.127469 0.79556 0
0.127737 0.796354 0
0.127857 0.796793 0
0.127426 0.795379 0
0.127237 0.794926 0
0.12717 0.794713 0
0.127108 0.794543 0
0.127255 0.79497 0
0.127487 0.795751 0
0.127398 0.795477 0
0.127275 0.795172 0
0.127114 0.79479 0
0.127049 0.794675 0
0.127079 0.794798 0
0.127144 0.795052 0
0.127339 0.795661 0
0.127177 0.795244 0
0.127089 0.7952 0
0.126992 0.795065 0
0.127084 0.795579 0
0.127314 0.796237 0
0.127398 0.796778 0
0.127106 0.795571 0
0.126926 0.795075 0
0.12715 0.79612 0
0.127017 0.795546 0
0.12694 0.795313 0
0.126982 0.795531 0
0.127153 0.796271 0
0.127429 0.798126 0
0.127189 0.797154 0
0.126859 0.795771 0
0.126872 0.795969 0
0.126933 0.79644 0
0.1267 0.795137 0
0.127092 0.79712 0
0.126832 0.796168 0
0.126818 0.796232 0
0.126877 0.796637 0
0.126794 0.796116 0
0.126649 0.795304 0
0.127119 0.797806 0
0.126667 0.795093 0
0.126828 0.796055 0
0.127052 0.797347 0
0.126797 0.796311 0
0.126296 0.801382 0
0.126669 0.79448 0
0.126704 0.794843 0
0.126675 0.800233 0
0.126984 0.799031 0
0.126189 0.80275 0
0.126712 0.801018 0
0.127083 0.799159 0
0.12714 0.798235 0
0.127147 0.797884 0
0.127092 0.797046 0
0.127012 0.796204 0
0.127042 0.796077 0
0.127054 0.795706 0
0.12778 0.799091 0
0.12733 0.797213 0
0.127161 0.79619 0
0.12729 0.796669 0
0.126758 0.802702 0
0.127393 0.797763 0
0.127631 0.797771 0
0.126707 0.803095 0
0.127306 0.796527 0
0.127693 0.79858 0
0.12718 0.795605 0
0.127477 0.796967 0
0.127268 0.796582 0
0.127135 0.801532 0
0.127435 0.796658 0
0.127099 0.802943 0
0.127463 0.797133 0
0.126952 0.803881 0
0.12753 0.79577 0
0.127385 0.79586 0
0.127464 0.795955 0
0.127856 0.797841 0
0.12773 0.7971 0
0.127573 0.796588 0
0.127667 0.796943 0
0.128184 0.798918 0
0.127985 0.797773 0
0.127845 0.797258 0
0.127773 0.796781 0
0.12786 0.796868 0
0.128071 0.79751 0
0.128174 0.798062 0
0.128661 0.799694 0
0.128644 0.79916 0
0.128972 0.800659 0
0.128889 0.799899 0
0.128894 0.799355 0
0.129083 0.799597 0
0.129335 0.799912 0
0.129734 0.800763 0
0.130169 0.801347 0
0.130554 0.802067 0
0.131382 0.804306 0
0.124739 0.812362 0
0.123156 0.812803 0
0.121524 0.81329 0
0.121278 0.813323 0
0.121225 0.813341 0
0.121223 0.813339 0
0.121222 0.813339 0
0.121222 0.813339 0
0.121222 0.813339 0
0.121222 0.813339 0
0.121222 0.813339 0
0.121222 0.813339 0
0.121222 0.813339 0
0.121222 0.813339 0
0.121222 0.813339 0
0.121222 0.813339 0
0.121222 0.813339 0
0.121222 0.813339 0
0.121239 0.81334 0
0.121338 0.813367 0
0.12201 0.813746 0
0.124958 0.812018 0
0.132642 0.803165 0
0.132092 0.801607 0
0.131415 0.800981 0
0.131212 0.80086 0
0.131361 0.801348 0
0.131582 0.801983 0
0.131236 0.801675 0
0.131307 0.80222 0
0.131729 0.804255 0
0.131723 0.804618 0
0.131643 0.80525 0
0.131664 0.806061 0
0.131585 0.806766 0
0.131198 0.807425 0
0.130707 0.808274 0
0.129509 0.809792 0
0.125596 0.812434 0
0.127583 0.811147 0
0.129151 0.809574 0
0.128887 0.80909 0
0.129122 0.807108 0
0.129436 0.804333 0
0.129346 0.802324 0
0.129176 0.801511 0
0.129074 0.800304 0
0.12868 0.798623 0
0.128606 0.798364 0
0.128508 0.797919 0
0.128825 0.799122 0
0.12841 0.797411 0
0.128503 0.798008 0
0.12868 0.798591 0
0.12819 0.796912 0
0.127952 0.796077 0
0.127613 0.795231 0
0.127573 0.795234 0
0.127752 0.795714 0
0.127966 0.796327 0
0.127821 0.795934 0
0.12776 0.795786 0
0.127477 0.794937 0
0.127526 0.795123 0
0.127769 0.795853 0
0.127993 0.796411 0
0.128252 0.797414 0
0.127763 0.79591 0
0.127665 0.79568 0
0.127945 0.796384 0
0.127655 0.795482 0
0.127488 0.795134 0
0.127363 0.794702 0
0.127321 0.794597 0
0.127483 0.79497 0
0.127355 0.794576 0
0.127391 0.794626 0
0.127528 0.794998 0
0.127666 0.795225 0
0.127925 0.796016 0
0.128369 0.797233 0
0.128022 0.796433 0
0.127762 0.795676 0
0.127603 0.795339 0
0.127447 0.794974 0
0.127547 0.795313 0
0.127752 0.796019 0
0.127519 0.795321 0
0.127438 0.795304 0
0.127593 0.795742 0
0.127397 0.795315 0
0.127431 0.795493 0
0.127488 0.795928 0
0.128004 0.797936 0
0.127314 0.795811 0
0.127318 0.796043 0
0.127378 0.796588 0
0.127225 0.796157 0
0.127165 0.796186 0
0.127327 0.797411 0
0.127126 0.796661 0
0.127007 0.796206 0
0.127327 0.797893 0
0.126908 0.795987 0
0.126705 0.795328 0
0.126666 0.795647 0
0.126702 0.796305 0
0.126574 0.795992 0
0.126371 0.79797 0
0.126426 0.796278 0
0.126093 0.79572 0
0.125468 0.798447 0
0.125525 0.796979 0
0.12551 0.796469 0
0.125666 0.794804 0
0.125725 0.795013 0
0.125562 0.797284 0
0.125496 0.797034 0
0.125318 0.797144 0
0.12507 0.797627 0
0.12508 0.797156 0
0.124928 0.797376 0
0.124864 0.797196 0
0.124669 0.797398 0
0.124398 0.797784 0
0.124146 0.798055 0
0.1237 0.798774 0
0.123337 0.79883 0
0.122732 0.799836 0
0.122131 0.800058 0
0.121644 0.800341 0
0.120825 0.801183 0
0.121356 0.800691 0
0.121868 0.799813 0
0.121796 0.799569 0
0.12136 0.799884 0
0.120252 0.80048 0
0.120068 0.800403 0
0.117783 0.801725 0
0.120203 0.79986 0
0.119949 0.799517 0
0.122218 0.797585 0
0.123577 0.794781 0
0.123334 0.795543 0
0.124197 0.792132 0
0.123816 0.792682 0
0.123544 0.789764 0
0.123786 0.791575 0
0.123684 0.791898 0
0.123631 0.791761 0
0.123423 0.789812 0
0.123324 0.789921 0
0.123225 0.789624 0
0.123054 0.789165 0
0.122962 0.78907 0
0.122834 0.788739 0
0.122809 0.788771 0
0.122576 0.788174 0
0.122737 0.788763 0
0.122595 0.788345 0
0.122665 0.788593 0
0.122636 0.788349 0
0.122457 0.787866 0
0.122527 0.788078 0
0.122617 0.788356 0
0.122524 0.788095 0
0.122351 0.787673 0
0.122397 0.787831 0
0.122453 0.788032 0
0.122321 0.787614 0
0.122334 0.787842 0
0.122288 0.787718 0
0.122215 0.787562 0
0.122201 0.787658 0
0.122149 0.787524 0
0.122141 0.787525 0
0.122144 0.787643 0
0.122112 0.787511 0
0.122088 0.787389 0
0.122043 0.787329 0
0.122072 0.787517 0
0.12209 0.787645 0
0.122024 0.78748 0
0.12205 0.787582 0
0.122048 0.787574 0
0.12203 0.787514 0
0.122036 0.787485 0
0.122089 0.787672 0
0.122064 0.787569 0
0.122068 0.787595 0
0.122175 0.787831 0
0.12228 0.788348 0
0.122156 0.7879 0
0.122238 0.788317 0
0.122286 0.788486 0
0.122243 0.788223 0
0.12225 0.788217 0
0.122333 0.788461 0
0.122292 0.788284 0
0.122202 0.788002 0
0.122275 0.788333 0
0.122252 0.78825 0
0.122291 0.788478 0
0.122312 0.788586 0
0.122341 0.788748 0
0.122283 0.788545 0
0.122418 0.789096 0
0.122302 0.788508 0
0.122352 0.788639 0
0.122504 0.788873 0
0.122466 0.789141 0
0.122547 0.788974 0
0.122486 0.789095 0
0.122516 0.788674 0
0.122695 0.78944 0
0.122726 0.790538 0
0.122676 0.791272 0
0.122705 0.791172 0
0.122692 0.791255 0
0.122671 0.791132 0
0.122695 0.790882 0
0.122618 0.791161 0
0.122724 0.790505 0
0.122588 0.790971 0
0.12252 0.791108 0
0.122464 0.791218 0
0.122427 0.791199 0
0.122433 0.791077 0
0.122138 0.791979 0
0.121913 0.792249 0
0.121227 0.792911 0
0.121362 0.792838 0
0.121537 0.792374 0
0.120271 0.79318 0
0.120774 0.792732 0
0.121089 0.792329 0
0.120372 0.792598 0
0.120292 0.792514 0
0.120264 0.792296 0
0.120287 0.7921 0
0.120261 0.79198 0
0.120337 0.791828 0
0.12004 0.791856 0
0.119962 0.791687 0
0.119987 0.791524 0
0.119971 0.791592 0
0.119992 0.791654 0
0.119999 0.79137 0
0.11996 0.791362 0
0.120037 0.791197 1
0.12013 0.790937 0
0.120419 0.79095 0
0.1206 0.790653 0
0.120811 0.790476 0
0.120721 0.790251 0
0.120434 0.789575 0
0.120417 0.789147 0
0.120447 0.788848 0
0.120508 0.788592 0
0.1207 0.788456 0
0.120404 0.788363 0
0.120395 0.788028 0
0.120488 0.788193 0
0.120796 0.787699 0
0.120865 0.78718 0
0.120663 0.786902 0
0.120496 0.786844 0
0.120613 0.786918 0
0.12056 0.787023 0
0.12047 0.786846 0
0.12024 0.786564 0
0.120106 0.786285 0
0.12004 0.786099 0
0.120123 0.785971 0
0.120084 0.785785 0
0.11994 0.785387 0
0.119709 0.785299 0
0.119261 0.785108 0
0.118655 0.784639 0
0.117629 0.784514 0
0.115716 0.784244 0
0.115602 0.783334 0
0.115104 0.782656 0
0.114157 0.782313 0
0.114316 0.781248 0
0.114226 0.780775 0
0.113674 0.779761 0
0.113663 0.779085 0
0.113254 0.778169 0
0.112736 0.777477 0
0.113534 0.776107 0
0.113769 0.774984 0
0.114737 0.773518 0
0.115195 0.771997 0
0.116065 0.770964 0
0.117562 0.770197 0
0.1183 0.769787 0
0.119018 0.769492 1
0.109801 0.751662 0
0.112111 0.757192 0
0.107606 0.743534 0
0.112008 0.732412 0
0.116747 0.722125 1
0.110815 0.711154 0
0.115712 0.700545 1
0.110547 0.686688 0
0.109538 0.681364 0
0.114269 0.670426 1
0.10799 0.659695 0
0.107549 0.653272 0
0.107323 0.635383 0
0.112128 0.625746 1
0.105901 0.615244 0
0.105298 0.601237 0
0.110436 0.590429 1
0.104917 0.569194 0
0.105044 0.568496 0
0.104884 0.56306 0
0.103746 0.553362 0
0.102454 0.541485 0
0.107549 0.530125 1
0.100995 0.512864 0
0.100194 0.506534 0
0.0990697 0.493649 0
0.0982888 0.464966 0
0.0978528 0.465332 0
0.103829 0.45231 1
0.0968314 0.439464 0
0.102612 0.426833 1
0.0961388 0.408474 0
0.0965641 0.400386 0
0.0971479 0.394913 0
0.100721 0.387229 1
0.0943313 0.383804 0
0.0887179 0.371794 0
0.0883302 0.366569 0
0.0846239 0.342714 0
0.0864501 0.34069 0
0.0875716 0.335642 0
0.0867194 0.33878 0
0.0906099 0.327031 0
0.0915258 0.32346 0
0.0973104 0.315533 1
0.0941116 0.310094 0
0.0906008 0.301902 0
0.0902004 0.298693 0
0.0879361 0.292469 0
0.0872277 0.287037 0
0.0863114 0.283822 0
0.0834263 0.267291 0
0.0839228 0.269986 0
0.0833296 0.266309 0
0.0826283 0.260117 0
0.0821623 0.254334 0
0.0815241 0.213241 0
0.0819721 0.20694 0
0.0824283 0.20619 0
0.0826919 0.205779 0
0.0828838 0.205674 0
0.0838606 0.202771 0
0.0859179 0.199569 0
0.0852404 0.199456 0
0.0898666 0.193002 0
0.0891346 0.194489 0
0.0906389 0.193773 0
0.0915836 0.193203 1
0.0903319 0.192083 0
0.0911162 0.192005 0
0.0828144 0.182639 0
0.0816619 0.181196 0
0.0805749 0.180023 0
0.0778989 0.174269 0
0.0774355 0.173575 0
0.0759794 0.17185 0
0.0741022 0.166946 0
0.0729379 0.165099 0
0.0723157 0.164328 0
0.0704992 0.160979 0
0.0695784 0.15866 0
0.0686289 0.156379 0
0.0671228 0.153732 0
0.0656466 0.150947 0
0.0647254 0.149737 0
0.0627727 0.146313 0
0.0619599 0.144912 0
0.0599538 0.140573 0
0.0581902 0.138202 0
0.0570382 0.13552 0
0.0557233 0.133322 0
0.0541146 0.130645 0
0.0523901 0.128278 0
0.0517615 0.127122 0
0.0505873 0.124882 0
0.0485499 0.121103 0
0.0474953 0.119539 0
0.046215 0.117503 0
0.0444439 0.114587 0
0.0443972 0.115799 0
0.040716 0.109837 0
0.0388889 0.107013 0
0.0376567 0.105856 0
0.0339539 0.100275 0
0.0327473 0.0985928 0
0.0318071 0.097291 0
0.0281329 0.0919148 0
0.0287856 0.0934486 0
0.0258021 0.0881083 0
0.025009 0.0866821 0
0.0228228 0.0828749 0
0.02451 0.0847671 0
0.0237502 0.0828679 0
0.0210248 0.0769691 0
0.0237637 0.0804426 0
0.0218183 0.0756942 0
0.0186255 0.0705558 0
0.0204646 0.07226 0
0.0187238 0.0675569 0
0.0173908 0.0640452 0
0.0166392 0.0609947 0
0.0157069 0.058331 0
0.0153952 0.0563229 0
0.0136279 0.0514667 0
0.0154464 0.0522789 0
0.0135853 0.0479974 0
0.012892 0.0438575 0
0.013702 0.0421187 0
0.0123885 0.0380435 0
0.0110846 0.033283 0
0.0120399 0.0327242 0
0.010856 0.0286881 0
0.0104764 0.0259838 0
0.0121912 0.0264502 0
0.013203 0.0272754 0
0.0114551 0.0232894 0
0.0113529 0.0222877 0
0.0086297 0.0167117 0
0.00703829 0.0131485 0
0.00861834 0.0151555 0
0.00780285 0.0134704 0
0.0122501 0.0219421 0
0.00984411 0.0177216 0
0.00588668 0.0102337 0
0.0093629 0.0165426 0
0.00640759 0.0111016 0
0.00892295 0.0157034 0
0.0114216 0.0200131 0
0.0132434 0.0233197 0
0.0115653 0.0204514 0
0.00711463 0.0122189 0
0.00159913 0.00277121 0
0.00704121 0.0126674 0
0.0096318 0.0172215 0
0.0090832 0.0163698 0
0.00479757 0.00898012 0
0 0.000500165 0
0.00197798 0.00377905 0
0.00580297 0.0101886 0
0.00824569 0.0148748 0
0.00803397 0.0144134 0
0.00499563 0.00881439 0
0.00742096 0.0124568 0
0.0048588 0.00768676 0
0.00276564 0.00396607 0
0.00648736 0.0103887 0
0.000275664 0 0
0.00576221 0.00916478 0
0.00959191 0.0161391 0
0.0170146 0.0300192 0
0.0146856 0.0254805 0
0.0139243 0.0233435 0
0.0108303 0.0174919 0
0.00935711 0.0149183 0
0.00662844 0.00970222 0
0.0109375 0.0160676 0
0.0127726 0.0184964 0
0.0120703 0.0144841 0
0.0158058 0.0201605 0
0.0165962 0.0202407 0
0.0146516 0.0146695 0
0.0174512 0.0173829 0
0.0188034 0.0182931 0
0.0180585 0.0152439 0
0.0215031 0.0206793 0
0.0238344 0.0216889 0
0.0267857 0.0256731 0
0.0307589 0.0302793 0
0.031818 0.0276619 0
0.033013 0.0274269 0
0.0338764 0.025849 0
0.0371873 0.0293281 0
0.0390379 0.0300124 0
0.0421919 0.0316342 0
0.0449448 0.0348115 0
0.0482007 0.0374688 0
0.0515466 0.0408253 0
0.0536527 0.0414097 0
0.0584232 0.0489626 0
0.060527 0.0503849 0
0.0649751 0.0566777 0
0.068113 0.0635078 0
0.0706335 0.0658586 0
0.0728324 0.0670397 0
0.0739033 0.0665079 0
0.0776824 0.0725564 0
0.0809272 0.0800625 0
0.0834858 0.0838919 0
0.0857888 0.0888336 0
0.088087 0.0936705 0
0.0915367 0.104346 0
0.0917045 0.0993491 0
0.0950986 0.112076 0
0.0983038 0.186285 0
0.101603 0.17012 0
0.101472 0.175388 0
0.102159 0.175138 0
0.104607 0.167424 0
0.103293 0.176345 0
0.102671 0.179471 0
0.102435 0.18208 0
0.103817 0.18065 0
0.102694 0.184329 0
0.103369 0.18466 0
0.102097 0.188854 0
0.0986493 0.194906 0
0.0972372 0.193397 1
0.103409 0.198434 0
0.100435 0.192906 0
0.107667 0.205073 0
0.110108 0.20877 0
0.112687 0.217084 0
0.111843 0.21129 0
0.113395 0.214518 0
0.114896 0.21766 0
0.117371 0.228087 0
0.117166 0.223854 0
0.118956 0.2303 0
0.120598 0.233914 0
0.117859 0.274419 0
0.120141 0.258895 0
0.118095 0.281565 0
0.117079 0.286442 0
0.117365 0.288835 0
0.116569 0.29389 0
0.115358 0.297225 0
0.112293 0.30511 0
0.11185 0.305571 0
0.10699 0.315163 0
0.104263 0.31632 1
0.106751 0.319653 0
0.107955 0.322012 0
0.110903 0.329479 0
0.111637 0.334718 0
0.110814 0.331301 0
0.112117 0.338973 0
0.110318 0.354009 0
0.110513 0.354896 0
0.111197 0.352356 0
0.108918 0.3652 0
0.109333 0.365201 0
0.108573 0.370406 0
0.108963 0.369407 0
0.107586 0.37529 0
0.107571 0.376341 1
0.108517 0.374642 0
0.115181 0.381762 0
0.117664 0.384712 0
0.119424 0.389545 0
0.119854 0.392859 0
0.119396 0.406387 0
0.119599 0.405628 0
0.119475 0.406638 0
0.119765 0.402677 0
0.113503 0.421928 0
0.110125 0.424798 1
0.113444 0.429313 0
0.11333 0.430388 0
0.1171 0.439937 0
0.114193 0.44735 0
0.113332 0.449232 0
0.111527 0.451928 1
0.113534 0.455214 0
0.116096 0.45814 0
0.117314 0.460631 0
0.120439 0.471804 0
0.120324 0.471366 0
0.121802 0.476001 0
0.124274 0.491055 0
0.123684 0.48528 0
0.125574 0.500032 0
0.123549 0.488501 0
0.125228 0.503735 0
0.124744 0.509601 0
0.124282 0.511763 0
0.12317 0.516067 0
0.121193 0.522649 0
0.115537 0.531277 1
0.119574 0.537695 0
0.123015 0.544567 0
0.124939 0.547438 0
0.12715 0.555269 0
0.129647 0.573116 0
0.128962 0.565758 0
0.12919 0.567992 0
0.128892 0.582774 0
0.129976 0.58013 0
0.128332 0.586417 0
0.12551 0.593061 0
0.118997 0.602459 1
0.123061 0.615226 0
0.122168 0.621621 0
0.122365 0.620404 0
0.12016 0.627053 1
0.12253 0.632012 0
0.123561 0.636755 0
0.123624 0.636517 0
0.12432 0.645932 0
0.124845 0.648188 0
0.124716 0.649354 0
0.124933 0.65025 0
0.123724 0.65891 0
0.124041 0.657504 0
0.121925 0.665797 1
0.127576 0.674532 0
0.12679 0.672242 0
0.127217 0.675743 0
0.127985 0.677695 0
0.127288 0.688137 0
0.125151 0.695977 0
0.123341 0.698266 1
0.126325 0.703549 0
0.126617 0.70329 0
0.12715 0.715388 0
0.124392 0.723472 0
0.124386 0.722826 1
0.127487 0.727542 0
0.129693 0.7302 0
0.132167 0.73344 0
0.133124 0.73605 0
0.134012 0.738546 0
0.137554 0.743212 0
0.134935 0.757441 0
0.133271 0.761772 0
0.130498 0.765723 0
0.128375 0.767793 0
0.126088 0.769587 1
0.128871 0.773232 0
0.127916 0.780669 0
0.12648 0.784143 1
0.12811 0.781792 0
0.127985 0.78323 0
0.128705 0.782639 0
0.130007 0.781681 0
0.134003 0.777462 0
0.130411 0.782537 0
0.135381 0.777899 0
0.13668 0.778332 0
0.162277 0.783388 0
0.164795 0.78029 0
0.166465 0.784745 0
0.166836 0.786428 0
0.167422 0.78842 0
0.16739 0.788913 0
0.167777 0.790669 1
0.16648 0.788559 0
0.165898 0.788527 0
0.165348 0.789652 0
0.176126 0.773501 0
0.169033 0.786658 0
0.167657 0.792217 0
0.324184 0.749391 0
0.313312 0.753769 0
0.31192 0.755032 0
0.313394 0.757169 0
0.313568 0.759671 0
0.312771 0.763486 0
0.313464 0.766666 0
0.314859 0.770601 0
0.313369 0.775951 0
0.314346 0.777975 0
0.315093 0.77983 0
0.314903 0.782833 0
0.31474 0.785377 1
0.315911 0.78444 0
0.3207 0.779521 0
0.3157 0.784296 0
0.317915 0.784554 0
0.322386 0.780707 0
0.322031 0.78152 0
0.328085 0.778698 0
0.323705 0.782252 0
0.322079 0.783866 0
0.322828 0.784137 0
0.329561 0.781489 0
0.326508 0.783231 0
0.324008 0.784767 0
0.325221 0.78459 0
0.333383 0.783655 0
0.343362 0.78158 0
0.335169 0.784162 0
0.323624 0.787293 0
0.330856 0.784216 0
0.530874 0.785921 0
0.526771 0.789422 0
0.548472 0.789746 0
0.557771 0.790796 0
0.588902 0.790998 0
0.619728 0.789002 0
0.607872 0.791872 0
0.580218 0.794976 0
0.605651 0.794191 0
0.645987 0.791443 0
0.630354 0.794396 0
0.633347 0.795296 0
0.654188 0.793219 0
0.670097 0.793119 0
0.669667 0.794465 0
0.6851 0.794424 0
0.707048 0.792418 0
0.708907 0.792876 0
0.722057 0.79206 0
0.719105 0.794473 0
0.733908 0.793262 0
0.734056 0.794716 0
0.765654 0.79062 0
0.76251 0.79245 0
0.778211 0.790904 0
0.797024 0.789223 0
0.791515 0.791241 0
0.794299 0.792049 0
0.810395 0.790389 0
0.822194 0.789137 0
0.825048 0.789051 0
0.841471 0.786523 0
0.850744 0.786368 0
0.853016 0.787163 0
0.85756 0.787284 0
0.870229 0.784774 0
0.865104 0.786953 0
0.884937 0.782921 0
0.883492 0.784693 0
0.895053 0.782745 0
0.897819 0.782054 0
0.906088 0.780197 0
0.916131 0.778178 0
0.9203 0.778475 0
0.930504 0.77603 0
0.932053 0.77587 0
0.934909 0.774749 0
0.937718 0.773952 0
0.942129 0.773712 0
0.951592 0.771149 0
0.953941 0.770631 0
0.955325 0.770533 0
0.962023 0.769801 0
0.962731 0.769397 0
0.964592 0.769189 0
0.972386 0.766962 0
0.973953 0.766703 0
0.975807 0.766701 0
0.976559 0.766443 0
0.977592 0.766197 0
0.979167 0.765608 1
0.979253 0.765652 0
0.97928 0.765705 0
0.980365 0.766465 0
0.979966 0.766011 0
0.980664 0.766057 0
0.981249 0.766239 0
0.982961 0.766702 0
0.984073 0.767602 0
0.984451 0.766869 0
0.987918 0.770222 0
0.989186 0.770528 0
0.988732 0.768963 0
0.99105 0.771101 0
0.987747 0.767302 0
0.988061 0.766915 0
0.995244 0.771722 0
0.992062 0.768666 0
0.993509 0.769256 0
0.998039 0.772051 0
0.994868 0.769425 0
0.997842 0.770981 0
0.997119 0.769987 0
1 0.772082 0
0.996229 0.76907 0
0.998267 0.770541 0
0.995301 0.768124 0
0.993579 0.766307 0
0.991685 0.76452 0
0.99069 0.763805 0
0.991384 0.764347 0
0.993563 0.766538 0
0.99511 0.767949 0
0.993742 0.766918 0
0.996098 0.768926 0
0.999202 0.771314 0
0.996095 0.768751 0
0.998402 0.770089 0
0.995644 0.767768 0
0.993447 0.76609 0
0.996739 0.768078 0
0.993805 0.765891 0
0.994595 0.766363 0
0.991636 0.764135 0
0.989858 0.762555 0
0.986324 0.760045 0
0.98757 0.760544 0
0.983625 0.758642 0
0.954396 0.757448 0
0.943493 0.759661 0
0.951472 0.758368 0
0.960414 0.755522 0
0.937132 0.76104 0
0.949823 0.758472 0
0.938351 0.761221 0
0.923633 0.764624 0
0.90053 0.77009 0
0.887928 0.772857 0
0.904354 0.769043 0
0.916854 0.766244 0
0.927708 0.763028 0
0.938773 0.7606 0
0.926908 0.763153 0
0.908123 0.76735 0
0.899185 0.769177 0
0.906373 0.766906 0
0.923792 0.763061 0
0.90958 0.766417 0
0.895276 0.770034 0
0.902313 0.768171 0
0.907385 0.766697 0
0.917825 0.764274 0
0.927527 0.761636 0
0.916399 0.765284 0
0.906591 0.76863 0
0.898197 0.771477 0
0.909318 0.768614 0
0.919711 0.766384 0
0.908158 0.76951 0
0.907194 0.769967 0
0.914387 0.768812 0
0.907384 0.770849 0
0.907401 0.77102 0
0.901797 0.772667 0
0.900978 0.773158 0
0.904161 0.773186 0
0.901643 0.773396 0
0.894409 0.774935 0
0.88916 0.775421 0
0.896962 0.773065 0
0.899073 0.772087 0
0.891185 0.773979 0
0.878035 0.776465 0
0.874142 0.776987 0
0.869896 0.777389 0
0.865323 0.77767 0
0.860779 0.777623 0
0.851995 0.779715 0
0.847525 0.780265 0
0.840338 0.781279 0
0.834852 0.782085 0
0.826047 0.783723 0
0.829395 0.783299 0
0.831481 0.782852 0
0.831241 0.783301 0
0.830384 0.78369 0
0.827373 0.785215 0
0.821239 0.786457 0
0.81261 0.788098 0
0.804731 0.790268 0
0.805976 0.789796 0
0.789223 0.793707 0
0.78714 0.794118 0
0.764859 0.797389 0
0.757262 0.798873 0
0.735655 0.804018 0
0.724296 0.806189 0
0.720427 0.805263 0
0.710952 0.806529 0
0.683496 0.811226 0
0.687021 0.810424 0
0.675403 0.810582 0
0.657638 0.813435 0
0.646538 0.814192 0
0.621299 0.815945 0
0.477602 0.821495 0
0.615471 0.817947 0
0.47334 0.822828 0
0.525868 0.829045 0
0.498502 0.827339 0
0.503106 0.828991 0
0.481897 0.828288 0
0.515758 0.832558 0
0.484498 0.830219 0
0.483356 0.831218 0
0.516539 0.836739 0
0.483967 0.832865 0
0.479448 0.833929 0
0.490346 0.836618 0
0.484509 0.837202 0
0.494861 0.839399 0
0.457927 0.835528 0
0.456558 0.83639 0
0.4641 0.837737 0
0.440116 0.834206 0
0.434664 0.833621 0
0.419479 0.830793 0
0.409791 0.829843 0
0.417024 0.831606 0
0.391447 0.825695 0
0.395749 0.826249 0
0.381943 0.822988 0
0.382833 0.823042 0
0.361001 0.81801 0
0.36249 0.81677 0
0.350379 0.813563 0
0.343408 0.809681 0
0.336391 0.80764 0
0.330087 0.80406 0
0.316193 0.795055 1
0.313448 0.799095 0
0.303664 0.807776 0
0.29917 0.807824 0
0.292298 0.811777 0
0.280468 0.814138 0
0.285758 0.812242 0
0.284623 0.813188 0
0.2814 0.813862 0
0.266452 0.816816 0
0.265028 0.815705 0
0.255223 0.816188 0
0.247818 0.816734 0
0.224497 0.812749 0
0.205217 0.809755 0
0.194244 0.804683 0
0.171377 0.803997 0
0.16018 0.80317 0
0.160942 0.802155 0
0.162001 0.80118 1
0.162001 0.801184 0
0.161999 0.801196 0
0.16203 0.801315 0
0.162128 0.801701 0
0.162983 0.801908 0
0.162087 0.801796 0
0.162039 0.801898 0
0.16207 0.801833 0
0.162103 0.801957 0
0.16234 0.802012 0
0.162902 0.802553 0
0.165969 0.803984 0
0.169389 0.805783 0
0.179746 0.802838 0
0.178642 0.803164 0
0.181136 0.801935 0
0.182481 0.800626 0
0.182973 0.800348 1
