0.557831 0.531649 1
0.557552 0.532078 0
0.555085 0.531159 0
0.55596 0.533091 0
0.556077 0.534306 0
0.552985 0.531233 0
0.548008 0.528501 0
0.563916 0.540031 0
0.589398 0.577522 0
0.592395 0.579493 0
0.600481 0.592671 0
0.60182 0.594438 1
0.601267 0.594398 0
0.599712 0.594278 0
0.598565 0.594238 0
0.594072 0.59831 0
0.643923 0.608887 0
0.641247 0.607619 0
0.641058 0.6078 0
0.641182 0.607827 0
0.641119 0.608024 0
0.641209 0.60792 0
0.641209 0.607978 1
0.642965 0.608483 0
0.645375 0.61135 0
0.645877 0.612563 0
0.648373 0.61472 0
0.650074 0.615746 0
0.651117 0.617823 0
0.653531 0.619126 0
0.655675 0.62091 0
0.65925 0.622968 0
0.661479 0.62459 0
0.662212 0.627863 0
0.663937 0.63009 1
0.665654 0.634577 0
0.661982 0.635891 0
0.661071 0.641155 0
0.655218 0.642892 0
0.659566 0.648017 0
0.657354 0.65252 0
0.653534 0.653266 0
0.651013 0.656485 0
0.643272 0.659232 0
0.639571 0.66205 0
0.638696 0.662111 1
0.637628 0.666076 0
0.635318 0.66932 0
0.631861 0.672078 0
0.631051 0.675948 0
0.629428 0.682287 0
0.624052 0.68036 0
0.624613 0.689507 0
0.621066 0.689873 0
0.618456 0.699862 0
0.614065 0.696155 0
0.610469 0.696869 0
0.604069 0.702128 1
0.600646 0.704679 0
0.599755 0.700735 0
0.598126 0.698335 0
0.59603 0.699793 0
0.592189 0.699687 0
0.590778 0.696866 0
0.589818 0.694258 0
0.588254 0.68868 0
0.586849 0.685709 0
0.581836 0.687472 0
0.583584 0.679969 1
0.581798 0.680858 0
0.556015 0.687148 0
0.548463 0.68596 0
0.545143 0.684486 0
0.541613 0.68352 0
0.538451 0.681967 0
0.539477 0.673813 0
0.535081 0.673586 0
0.53353 0.670347 0
0.528207 0.669986 0
0.526992 0.666707 0
0.52674 0.663666 1
0.52674 0.663666 0
0.52674 0.663666 0
0.52674 0.663666 0
0.526739 0.663666 0
0.526739 0.66364 0
0.526595 0.663846 0
0.52366 0.66136 0
0.433212 0.632821 0
0.419655 0.616598 0
0.406654 0.678622 0
0.402939 0.676057 1
0.404818 0.676463 0
0.406654 0.675778 0
0.404392 0.670418 0
0.397891 0.669138 0
0.397856 0.667482 0
0.392915 0.668955 0
0.39543 0.664809 0
0.394847 0.667369 0
0.42659 0.679784 0
0.428501 0.679916 0
0.430543 0.67903 1
0.421444 0.682335 0
0.396959 0.663649 0
0.43122 0.405995 0
0.0129864 0.344799 0
0 0.305874 0
0.00997345 0.304808 0
0.00771556 0.299102 0
0.0203205 0.30112 0
0.0368853 0.298832 0
0.0291489 0.342953 0
0.515758 0.29323 0
0.623433 0.605887 1
0.62333 0.605931 0
0.620712 0.606301 0
0.713517 0.443485 0
0.722085 0.469987 0
0.726513 0.478297 0
0.726975 0.477233 0
0.728294 0.479267 0
0.728264 0.47956 0
0.729671 0.481448 0
0.729555 0.481751 0
0.729612 0.481762 1
0.729857 0.483261 0
0.726538 0.487457 0
0.705477 0.464768 0
0.582302 0.160991 0
0.574139 0.16008 0
0.611588 0.147199 0
0.270298 0.22792 0
0.261317 0.223697 0
0.252952 0.225005 0
0.240402 0.224012 0
0.210887 0.236944 0
0.198705 0.25289 1
0.19211 0.253728 0
0.189753 0.262542 0
0.183482 0.262 0
0.173721 0.259197 0
0.171052 0.265694 0
0.169387 0.274657 0
0.16715 0.279095 0
0.161076 0.28032 0
0.161775 0.285068 0
0.16017 0.292727 0
0.157096 0.295866 1
0.645691 0.0288863 0
0.65865 0.0195599 0
0.685379 0.00421707 0
0.673249 0.0134895 0
0.695398 0 0
0.665564 0.0128599 0
0.760037 0.508799 0
0.766078 0.545738 0
0.763837 0.54656 0
0.763723 0.546717 0
0.763744 0.546707 0
0.763748 0.546706 1
0.764562 0.549307 0
0.764012 0.554305 0
0.735812 0.56433 0
0.974938 0.240542 0
0.937281 0.422003 0
0.922262 0.425835 0
0.910269 0.430516 0
0.912205 0.429048 0
0.903673 0.429994 0
0.899272 0.432088 0
0.89498 0.432275 1
0.891066 0.433164 0
0.890939 0.4364 0
0.892118 0.440374 0
0.891343 0.441829 0
0.892927 0.44473 0
0.890619 0.445194 0
0.890598 0.453116 0
0.666651 0.565796 0
0.628647 0.586875 0
0.635526 0.602979 0
0.637653 0.605953 1
0.637767 0.605803 0
0.638015 0.605619 0
0.638059 0.605362 0
0.638261 0.60527 0
0.638115 0.596953 0
0.639383 0.596489 0
0.639553 0.594252 0
0.640412 0.592882 0
0.634793 0.587575 0
0.6372 0.587803 0
0.637222 0.586951 0
0.636799 0.585904 1
0.637103 0.58551 0
0.638264 0.585689 0
0.656135 0.601552 0
0.657453 0.60143 0
0.660364 0.604068 0
0.660146 0.604013 0
0.656562 0.598084 0
0.725113 0.628911 0
0.513024 0.898893 0
0.589266 0.918878 0
0.590748 0.926527 1
0.690759 0.63211 0
0.692269 0.63969 0
0.582224 0.957291 0
0.587281 0.931035 0
0.589222 0.936695 0
0.586816 0.937098 0
0.588564 0.945641 0
0.567437 0.989647 0
0.566618 0.992675 0
0.566616 0.992731 0
0.566611 0.992738 0
0.566612 0.992739 1
0.568929 0.992967 0
0.5716 0.993014 0
0.572942 0.993858 0
0.572444 0.999199 0
0.576028 0.999022 0
0.578512 1 0
0.581445 0.997173 0
0.58583 0.991085 0
0.589074 0.999917 0
0.589027 0.991219 0
0.590496 0.991268 1
0.590496 0.991268 0
0.590496 0.991269 0
0.590501 0.991265 0
0.590534 0.991331 0
0.590865 0.991304 0
0.590858 0.988788 0
0.533548 0.992366 0
0.533314 0.98735 0
0.531683 0.985557 0
0.529512 0.986413 0
0.527946 0.984978 0
0.527221 0.981803 1
0.527039 0.981706 0
0.526921 0.980636 0
0.500757 0.973622 0
0.56266 0.74594 0
0.557579 0.644173 0
0.559846 0.647323 0
0.535661 0.622373 0
0.502057 0.631451 0
0.46806 0.670083 0
0.469989 0.669097 0
0.469696 0.666721 1
0.470578 0.665017 0
0.472952 0.659587 0
0.472951 0.657282 0
0.470463 0.654887 0
0.470748 0.645653 0
0.464994 0.578154 0
0.457305 0.577457 0
0.44682 0.617694 0
0.449261 0.621147 0
0.448125 0.620121 0
0.449091 0.621685 1
0.442301 0.616672 0
0.436371 0.613771 0
0.429586 0.610587 0
0.420657 0.601534 0
0.416808 0.605926 0
0.412416 0.607489 0
0.405728 0.603915 0
0.401761 0.609565 0
0.395871 0.612324 0
0.392427 0.616734 0
0.388406 0.621112 0
0.382585 0.626756 1
0.38033 0.627976 0
0.387657 0.639727 0
0.379588 0.63877 0
0.382904 0.644529 0
0.380191 0.645166 0
0.377912 0.645622 0
0.376785 0.648318 0
0.376303 0.652631 0
0.371882 0.647782 0
0.369014 0.648498 0
0.36999 0.652511 1
0.368099 0.654572 0
0.367459 0.655286 0
0.365182 0.654517 0
0.361787 0.661126 0
0.444697 0.657212 0
0.363871 0.635792 0
0.591432 0.50565 0
0.591064 0.521371 0
0.59058 0.524829 0
0.589174 0.526169 0
0.588938 0.526523 0
0.588939 0.526633 1
0.591589 0.526869 0
0.594192 0.527546 0
0.597078 0.527478 0
0.599796 0.526061 0
0.603218 0.525631 0
0.608811 0.501001 0
0.781258 0.475987 0
0.790765 0.464139 0
0.792609 0.465894 0
0.793586 0.467607 0
0.794678 0.468656 1
0.795774 0.467877 0
0.798168 0.465913 0
0.800127 0.464003 0
0.803762 0.461678 0
0.810366 0.451271 0
0.862925 0.441925 0
0.864272 0.428491 0
0.863519 0.425299 0
0.862361 0.423935 0
0.860263 0.422664 0
0.860331 0.422623 0
0.859902 0.422465 1
0.85905 0.422643 0
0.859152 0.420667 0
0.857518 0.422881 0
0.85608 0.424139 0
0.854546 0.424565 0
0.851604 0.427334 0
0.851323 0.424928 0
0.852334 0.422736 0
0.851167 0.421894 0
0.852169 0.41767 0
0.853068 0.419567 1
0.853067 0.419567 0
0.853063 0.419566 0
0.853079 0.419581 0
0.852869 0.419727 0
0.852399 0.420681 0
0.845304 0.425685 0
0.810151 0.490481 0
0.797379 0.489803 0
0.798344 0.489569 0
0.798411 0.489789 0
0.798469 0.490066 1
0.696329 0.889274 0
0.629105 0.896962 0
0.621212 0.898662 0
0.619494 0.896769 0
0.620104 0.895254 0
0.620084 0.894311 0
0.620062 0.894219 0
0.620042 0.894202 0
0.620042 0.894199 0
0.620042 0.894199 0
0.620042 0.894199 0
0.620042 0.894199 1
0.651507 0.874189 0
0.607108 0.640138 0
0.592627 0.637256 0
0.62437 0.873614 0
0.609078 0.88977 0
0.588072 0.646838 0
0.580991 0.644071 0
0.580925 0.646041 0
0.58045 0.647231 0
0.579939 0.648367 0
0.579752 0.649206 1
0.578249 0.648985 0
0.57605 0.648728 0
0.5722 0.644693 0
0.573648 0.651213 0
0.54199 0.616047 0
0.55742 0.627724 0
0.536939 0.613735 0
0.529472 0.60989 0
0.49309 0.614445 0
0.489989 0.616948 0
0.489435 0.616844 0
0.489291 0.616729 1
0.488183 0.618469 0
0.486469 0.617727 0
0.485123 0.617963 0
0.484054 0.617413 0
0.483341 0.616341 0
0.482038 0.616686 0
0.481494 0.614022 0
0.478779 0.616872 0
0.479823 0.612117 0
0.4789 0.6114 0
0.477933 0.611275 1
0.476084 0.61056 0
0.473562 0.610794 0
0.471799 0.611585 0
0.469221 0.612425 0
0.468126 0.613473 0
0.466617 0.61351 0
0.481856 0.596779 0
0.131249 0.417005 0
0.143133 0.405997 0
0.136497 0.400942 0
0.13508 0.39944 0
0.133456 0.399245 1
0.129529 0.399072 0
0.125872 0.398125 0
0.122233 0.395348 0
0.120825 0.389395 0
0.116022 0.390641 0
0.113935 0.387291 0
0.101115 0.410441 0
0.100998 0.396639 0
0.0941249 0.401707 0
0.0910031 0.400892 0
0.0857771 0.4008 1
0.0795903 0.398589 0
0.072204 0.398067 0
0.0784891 0.402576 0
0.356627 0.600062 0
0.449184 0.628354 0
0.453448 0.625101 0
0.455495 0.62489 0
0.454136 0.625547 0
0.45477 0.625777 0
0.45479 0.626569 0
0.454089 0.62665 1
0.45423 0.626828 0
0.454074 0.62673 0
0.454627 0.627163 0
0.456263 0.629157 0
0.443274 0.656155 0
0.437627 0.662992 0
0.436986 0.665147 0
0.435548 0.668658 0
0.433701 0.672035 0
0.433373 0.673303 0
0.433838 0.673862 0
0.433046 0.676063 1
0.433143 0.675865 0
0.435492 0.673702 0
0.430352 0.695287 0
0.425929 0.696808 0
0.428391 0.696824 0
0.416205 0.698908 0
0.418218 0.714783 0
0.420805 0.713778 0
0.420886 0.713779 0
0.420894 0.713784 0
0.420894 0.713784 1
0.420016 0.713812 0
0.41995 0.714384 0
0.419315 0.714622 0
0.418887 0.715148 0
0.419617 0.716213 0
0.420061 0.716398 0
0.418432 0.718618 0
0.443439 0.705463 0
0.446139 0.710084 0
0.446017 0.710712 0
0.446049 0.710695 0
0.446053 0.710701 1
0.446976 0.710364 0
0.448735 0.710158 0
0.450682 0.709143 0
0.452017 0.708401 0
0.453767 0.70824 0
0.454848 0.708031 0
0.456061 0.706587 0
0.457664 0.706332 0
0.458014 0.706912 0
0.459938 0.706558 0
0.460179 0.70358 1
0.46139 0.703362 0
0.462148 0.702656 0
0.463584 0.703423 0
0.463315 0.702421 0
0.430528 0.711534 0
0.43094 0.711493 0
0.429703 0.712444 0
0.429519 0.711549 0
0.428485 0.712065 0
0.428051 0.711796 0
0.427464 0.711546 0
0.426784 0.711581 1
0.426788 0.711577 0
0.426773 0.711554 0
0.42697 0.711319 0
0.428755 0.710705 0
0.401148 0.708516 0
0.398432 0.713906 0
0.399031 0.71164 0
0.398963 0.711464 0
0.398081 0.711353 0
0.397938 0.711209 0
0.397615 0.711045 1
0.395275 0.71078 0
0.392573 0.71177 0
0.390316 0.710764 0
0.390287 0.711553 0
0.386622 0.710938 0
0.38292 0.711528 0
0.37422 0.700116 0
0.372624 0.695661 0
0.367916 0.690723 0
0.367476 0.690005 0
0.367167 0.690202 1
0.365336 0.691348 0
0.36358 0.691853 0
0.362181 0.692779 0
0.360821 0.693664 0
0.359179 0.694181 0
0.357852 0.696178 0
0.35635 0.696128 0
0.35466 0.695981 0
0.353852 0.696186 0
0.352358 0.697101 0
0.350991 0.69617 0
0.34966 0.695747 1
0.348427 0.696226 0
0.346831 0.696748 0
0.345412 0.697161 0
0.344245 0.698054 0
0.342659 0.69788 0
0.341039 0.699545 0
0.340945 0.698718 0
0.338749 0.70013 0
0.336646 0.699699 0
0.336428 0.699299 0
0.334711 0.699049 1
0.33278 0.699877 0
0.331044 0.700577 0
0.32983 0.701029 0
0.327858 0.701521 0
0.324751 0.703181 0
0.323527 0.701798 0
0.317547 0.703149 0
0.313464 0.702322 0
0.312365 0.700874 0
0.310563 0.699515 0
0.31038 0.699352 0
0.309332 0.698451 1
0.308972 0.698357 0
0.308591 0.698046 0
0.308135 0.697957 0
0.307814 0.697829 0
0.306197 0.699066 0
0.305733 0.697279 0
0.293333 0.710066 0
0.295605 0.707527 0
0.296444 0.705583 0
0.29585 0.704838 0
0.296119 0.703253 1
0.296022 0.702925 0
0.296277 0.702556 0
0.296527 0.702369 0
0.29623 0.701855 0
0.296519 0.701706 0
0.29656 0.701283 0
0.296613 0.70113 0
0.296584 0.700931 0
0.29655 0.700618 0
0.296544 0.700308 0
0.297453 0.700026 0
0.297846 0.700325 1
0.297803 0.700217 0
0.297193 0.698809 0
0.296599 0.698865 0
0.296369 0.698574 0
0.304357 0.689203 0
0.308168 0.687086 0
0.308365 0.686664 0
0.308748 0.686384 0
0.308736 0.686407 0
0.309064 0.686407 0
0.309145 0.686311 1
0.309231 0.686089 0
0.309517 0.686009 0
0.309978 0.685787 0
0.310424 0.685418 0
0.311951 0.68432 0
0.313505 0.683216 0
0.318159 0.681057 0
0.320306 0.679732 0
0.32105 0.679263 0
0.321347 0.679062 0
0.321452 0.678711 1
0.322077 0.677863 0
0.322355 0.677259 0
0.322307 0.676459 0
0.322119 0.675978 0
0.322247 0.675662 0
0.321319 0.67565 0
0.321597 0.674877 0
0.322054 0.674103 0
0.322941 0.673226 0
0.323214 0.672597 0
0.323553 0.671767 0
0.323855 0.671146 1
0.323891 0.670919 0
0.323649 0.670253 0
0.32356 0.669705 0
0.323651 0.669478 0
0.3232 0.669102 0
0.323082 0.669162 0
0.322988 0.668746 0
0.322619 0.668161 0
0.319009 0.656824 0
0.319081 0.657284 0
0.319098 0.657282 1
0.319218 0.657152 0
0.319303 0.656941 0
0.319571 0.656713 0
0.319731 0.656479 0
0.320044 0.656618 0
0.320611 0.656773 0
0.320164 0.655578 0
0.32094 0.655997 0
0.321147 0.655688 0
0.320992 0.654923 0
0.321111 0.653691 0
0.321552 0.653226 1
0.321735 0.653277 0
0.321858 0.65356 0
0.322059 0.653989 0
0.322285 0.653892 0
0.322334 0.653971 0
0.3225 0.654069 0
0.322587 0.654281 0
0.322631 0.65444 0
0.322662 0.654629 0
0.3228 0.654975 0
0.322645 0.655205 1
0.32263 0.655211 0
0.322644 0.655207 0
0.322647 0.655216 0
0.322701 0.655212 0
0.322357 0.655868 0
0.317738 0.662315 0
0.315824 0.659469 0
0.316289 0.660118 0
0.316985 0.661443 0
0.316432 0.660696 0
0.31627 0.660684 0
0.316444 0.660863 1
0.315858 0.660715 0
0.316016 0.661599 0
0.315144 0.662229 0
0.314179 0.660696 0
0.313009 0.659761 0
0.313163 0.659953 0
0.313506 0.661967 0
0.312676 0.661208 0
0.311603 0.660921 0
0.311268 0.66061 0
0.311374 0.660604 1
0.311462 0.660788 0
0.311583 0.661215 0
0.312337 0.661691 0
0.312099 0.662092 0
0.311294 0.662298 0
0.311291 0.662464 0
0.310387 0.661819 0
0.31037 0.661787 0
0.310018 0.662045 0
0.309844 0.662107 0
0.309779 0.662126 1
0.309753 0.662317 0
0.310039 0.662792 0
0.311737 0.663468 0
0.312837 0.664134 0
0.312531 0.664056 0
0.312676 0.664136 0
0.312754 0.664354 0
0.311964 0.664362 0
0.312682 0.665498 0
0.312807 0.66592 0
0.313136 0.666008 0
0.313224 0.666428 1
0.313027 0.666278 0
0.312849 0.666337 0
0.312673 0.666698 0
0.312672 0.666918 0
0.312424 0.667121 0
0.312058 0.667335 0
0.311726 0.667592 0
0.311273 0.667994 0
0.310925 0.668197 0
0.31023 0.668582 0
0.309488 0.668985 1
0.309063 0.669043 0
0.30888 0.669144 0
0.308521 0.668989 0
0.308313 0.668971 0
0.308102 0.668975 0
0.30775 0.668834 0
0.307572 0.668842 0
0.307333 0.668732 0
0.307046 0.668818 0
0.306795 0.668935 0
0.306661 0.668684 0
0.306585 0.668595 1
0.306171 0.668368 0
0.305494 0.667975 0
0.305101 0.667936 0
0.300983 0.664655 0
0.301188 0.663788 0
0.30054 0.663153 0
0.300097 0.662632 0
0.300157 0.662695 0
0.299672 0.662132 0
0.299496 0.661715 0
0.29957 0.662037 1
0.299515 0.662061 0
0.299254 0.662042 0
0.298634 0.66121 0
0.298182 0.660398 0
0.298204 0.660052 0
0.297515 0.659465 0
0.296903 0.658818 0
0.296573 0.658205 0
0.295848 0.657124 0
0.295463 0.656416 0
0.294445 0.656429 0
0.294263 0.656574 1
