0.612921 0.602733 1
0.613507 0.602432 0
0.614298 0.601893 0
0.614947 0.601863 0
0.615305 0.601292 0
0.616172 0.600632 0
0.616402 0.59974 0
0.616812 0.599317 0
0.617347 0.599064 0
0.617791 0.598818 0
0.618452 0.598606 0
0.618797 0.598363 1
0.618787 0.598363 0
0.618706 0.598179 0
0.618048 0.597282 0
0.61681 0.595233 0
0.61676 0.595212 0
0.614466 0.589746 0
0.614039 0.590075 0
0.611714 0.577618 0
0.613682 0.571897 0
0.618131 0.568531 0
0.619672 0.567552 1
0.617853 0.567084 0
0.614481 0.565428 0
0.613369 0.564769 0
0.610493 0.562996 0
0.60886 0.561851 0
0.610605 0.562053 0
0.602498 0.53377 0
0.600049 0.533074 0
0.599585 0.532633 0
0.599584 0.532655 0
0.59958 0.532653 0
0.599579 0.532654 1
0.59874 0.53309 0
0.597636 0.532961 0
0.596502 0.532894 0
0.595435 0.532565 0
0.593819 0.53284 0
0.592969 0.533308 0
0.59167 0.534338 0
0.58967 0.535629 0
0.588691 0.534911 0
0.587544 0.534295 0
0.586372 0.534076 1
0.586372 0.534076 0
0.586372 0.534075 0
0.586362 0.53407 0
0.586319 0.534082 0
0.585904 0.534121 0
0.586861 0.537701 0
0.629987 0.555724 0
0.626179 0.56179 0
0.625857 0.563417 0
0.629269 0.5614 0
0.622939 0.567112 1
0.624186 0.566998 0
0.627034 0.56605 0
0.648067 0.566098 0
0.653391 0.571748 0
0.661517 0.577873 0
0.665728 0.5796 0
0.668524 0.59786 0
0.672624 0.600309 0
0.674294 0.606879 0
0.678473 0.611273 0
0.679208 0.615038 0
0.682247 0.618994 1
0.684513 0.618314 0
0.687157 0.615201 0
0.688024 0.615766 0
0.691068 0.609478 0
0.695258 0.593838 0
0.711214 0.563489 0
0.731501 0.548547 0
0.734278 0.546533 0
0.738271 0.543588 0
0.741502 0.54097 0
0.743184 0.539381 1
0.743319 0.539234 0
0.743172 0.539289 0
0.744589 0.546433 0
0.833502 0.538198 0
0.825833 0.5308 0
0.82472 0.528791 0
0.824483 0.528509 0
0.824498 0.528451 0
0.8245 0.528455 0
0.8245 0.528454 0
0.8245 0.528454 1
0.824711 0.529548 0
0.828051 0.531705 0
0.829663 0.532202 0
0.830816 0.534194 0
0.835525 0.537738 0
0.841329 0.54631 0
0.84938 0.559105 0
0.857184 0.563829 0
0.855872 0.562824 0
0.864497 0.570292 0
0.865509 0.570834 0
0.866242 0.571417 1
0.866142 0.57133 0
0.865796 0.571022 0
0.862931 0.569258 0
0.84889 0.55938 0
0.919117 0.564312 0
0.917096 0.570664 0
0.91798 0.571366 0
0.917828 0.570976 0
0.917815 0.570128 0
0.91782 0.570301 0
0.917881 0.570503 1
0.917891 0.570495 0
0.918018 0.570539 0
0.917377 0.570696 0
0.9755 0.620607 0
0.993477 0.69168 0
0.993977 0.694923 0
0.9719 0.636686 0
0.968099 0.639834 0
0.97057 0.629565 0
1 0.67744 0
0.986489 0.685012 1
0.983538 0.681619 0
0.980004 0.677785 0
0.973197 0.67323 0
0.97052 0.672993 0
0.965522 0.669139 0
0.962735 0.661768 0
0.958322 0.661541 0
0.942044 0.66251 0
0.934852 0.65936 0
0.935743 0.648241 0
0.929416 0.645082 0
0.924544 0.64305 1
0.923736 0.642816 0
0.922944 0.642766 0
0.91997 0.638873 0
0.918522 0.63827 0
0.917834 0.63598 0
0.916737 0.635962 0
0.915165 0.635007 0
0.913986 0.634873 0
0.912389 0.634155 0
0.910553 0.632868 0
0.909408 0.630667 1
0.909409 0.630667 0
0.909439 0.630758 0
0.908963 0.631147 0
0.908336 0.633658 0
0.880296 0.648315 0
0.865597 0.639443 0
0.861291 0.632657 0
0.859688 0.630107 0
0.859558 0.63009 0
0.859623 0.630204 0
0.859505 0.62999 1
0.857588 0.631361 0
0.856525 0.631227 0
0.853499 0.63342 0
0.847849 0.632305 0
0.812861 0.573021 0
0.804832 0.571111 0
0.803894 0.572252 0
0.803537 0.572218 0
0.80356 0.57223 0
0.80365 0.572226 0
0.8037 0.572216 0
0.803474 0.572209 1
0.800884 0.570361 0
0.800351 0.568719 0
0.797652 0.565164 0
0.796133 0.560199 0
0.793365 0.559148 0
0.791982 0.558127 0
0.789264 0.558472 0
0.786856 0.557866 0
0.784468 0.556715 0
0.782258 0.556944 0
0.780946 0.555156 1
0.780947 0.555146 0
0.780943 0.55511 0
0.780914 0.554777 0
0.778958 0.554574 0
0.777432 0.636945 0
0.776536 0.632505 0
0.774581 0.633774 0
0.773756 0.635692 0
0.773111 0.636609 0
0.772205 0.63677 0
0.770818 0.637181 1
0.770273 0.639527 0
0.769948 0.641103 0
0.77332 0.644596 0
0.752832 0.664928 0
0.736554 0.679625 0
0.71851 0.692734 0
0.714603 0.698039 0
0.71258 0.702357 0
0.709951 0.703532 0
0.709855 0.705876 0
0.709571 0.710083 0
0.707102 0.711087 1
0.705068 0.712065 0
0.701522 0.710215 0
0.704552 0.711836 0
0.659479 0.707045 0
0.644704 0.707756 0
0.644855 0.703164 0
0.638503 0.711994 0
0.632942 0.719116 0
0.633026 0.715464 0
0.630011 0.717434 0
0.628282 0.720961 1
0.628224 0.721068 0
0.627715 0.721254 0
0.626323 0.72111 0
0.623461 0.719206 0
0.618576 0.717443 0
0.597439 0.708643 0
0.584152 0.707024 0
0.548024 0.694366 0
0.546233 0.70003 0
0.543512 0.700929 0
0.542171 0.703715 1
0.541137 0.704549 0
0.527979 0.697796 0
0.506222 0.689975 0
0.500366 0.689177 0
0.476956 0.67973 0
0.46328 0.670649 0
0.450863 0.657933 0
0.436428 0.636298 0
0.430637 0.615765 0
0.426508 0.611603 0
0.42309 0.598104 0
0.419127 0.595513 1
0.410953 0.601557 0
0.405184 0.603832 0
0.401389 0.608609 0
0.393183 0.611767 0
0.389446 0.622477 0
0.385122 0.62539 0
0.382165 0.627096 0
0.374462 0.62303 0
0.366697 0.620909 0
0.362251 0.619167 0
0.354719 0.621703 1
0.348665 0.619423 0
0.347894 0.62437 0
0.342059 0.616116 0
0.341175 0.593715 0
0.366431 0.550009 0
0.349257 0.517151 0
0.34582 0.504222 0
0.342453 0.497447 0
0.337454 0.491533 0
0.332613 0.484547 0
0.330573 0.481242 1
0.325619 0.482973 0
0.318108 0.482284 0
0.315066 0.483333 0
0.310097 0.484234 0
0.302254 0.485627 0
0.297318 0.486244 0
0.29259 0.486305 0
0.283452 0.48635 0
0.278929 0.485313 0
0.273082 0.485687 0
0.269274 0.482952 0
0.264641 0.482803 1
0.2634 0.482157 0
0.263682 0.482353 0
0.262206 0.481952 0
0.260888 0.481576 0
0.260087 0.480792 0
0.258573 0.480166 0
0.257096 0.479673 0
0.255565 0.481992 0
0.249222 0.465347 0
0.154043 0.667108 0
0.15648 0.662756 1
0.159659 0.668813 0
0.107782 0.757406 0
0.0704336 0.733897 0
0.0617548 0.72712 0
0.0566563 0.718841 0
0.0544696 0.717594 0
0.0527117 0.715651 0
0.0505008 0.712534 0
0.0490138 0.708071 0
0.0493401 0.708598 0
0.048207 0.707608 1
0.043093 0.712628 0
0.0362622 0.714771 0
0.0342999 0.715076 0
0.0324665 0.720723 0
0.0289143 0.725446 0
0.0257765 0.724175 0
0.0224094 0.721352 0
0.0195298 0.722408 0
0.0126459 0.731196 0
0.0134639 0.729205 0
0.00878951 0.729723 0
0.00766096 0.726821 1
0.00535761 0.725086 0
0 0.721634 0
0.00762317 0.695958 0
0.0335793 0.6828 0
0.0478277 0.676159 0
0.0441138 0.673858 0
0.0464155 0.669358 0
0.0528283 0.666655 0
0.0573144 0.662496 0
0.0630711 0.661462 0
0.0675942 0.659774 1
0.0726973 0.658895 0
0.0763631 0.654453 0
0.0797373 0.650337 0
0.0828196 0.641866 0
0.0909082 0.643835 0
0.0959972 0.656846 0
0.102604 0.661212 0
0.108773 0.662397 0
0.112391 0.650817 0
0.117691 0.655954 0
0.122252 0.655477 1
0.122245 0.655471 0
0.122214 0.655427 0
0.121996 0.655495 0
0.121105 0.654338 0
0.124355 0.649483 0
0.0841136 0.64293 0
0.338159 0.357469 0
0.357282 0.383216 0
0.380965 0.398388 0
0.383413 0.396418 0
0.381462 0.393665 0
0.381743 0.392438 1
0.380678 0.39011 0
0.381235 0.380948 0
0.320393 0.338527 0
0.673302 0.00272902 0
0.667973 0.0111258 0
0.659653 0.0301938 0
0.693962 0.0138293 0
0.690284 0.0171985 0
0.689009 0.0167835 0
0.688999 0.0167704 0
0.688999 0.0167704 1
0.68643 0.0161767 0
0.681689 0.0132585 0
0.675554 0.0135186 0
0.678523 0.0100078 0
0.664833 0.0173212 0
0.664634 0.00943298 0
0.670154 0.00269678 0
0.665235 0.00747495 0
0.663104 0.00235695 0
0.659921 0.000338374 0
0.656664 0.00209848 1
0.653478 0.00173611 0
0.648842 0.00146425 0
0.64394 0.00155876 0
0.636074 0 0
0.619297 0.0129068 0
0.608847 0.0289868 0
0.604882 0.0314303 0
0.567861 0.0302363 0
0.38548 0.224154 0
0.407422 0.246053 0
0.412225 0.250796 0
0.415095 0.25326 1
0.417028 0.261161 0
0.421429 0.26322 0
0.427474 0.300901 0
0.435688 0.291045 0
0.423854 0.301303 0
0.42706 0.303285 0
0.430571 0.304152 0
0.435549 0.310216 0
0.436067 0.31729 0
0.441193 0.323481 0
0.441005 0.32969 1
0.445333 0.329144 0
0.446172 0.330454 0
0.458596 0.32825 0
0.520949 0.327333 0
0.532508 0.339474 0
0.546883 0.35225 0
0.552735 0.360944 0
0.568296 0.370208 0
0.579493 0.385141 0
0.58992 0.398914 0
0.601071 0.416114 1
0.626854 0.402251 0
0.631351 0.4028 0
0.656717 0.39422 0
0.676949 0.396286 0
0.715214 0.395964 0
0.729484 0.400085 0
0.752513 0.414981 0
0.759818 0.422768 0
0.76917 0.436689 0
0.769799 0.453952 0
0.778449 0.475535 0
0.778801 0.493207 1
0.778245 0.493004 0
0.777958 0.492577 0
0.777932 0.493746 0
0.776816 0.492616 0
0.773567 0.487936 0
0.774756 0.489121 0
0.754217 0.460373 0
0.871615 0.582762 0
0.868985 0.582079 0
0.868925 0.581661 0
0.868968 0.58164 1
0.869358 0.582345 0
0.868289 0.58308 0
0.889784 0.586037 0
0.892263 0.587105 0
0.89503 0.591033 0
0.893115 0.59222 0
0.892524 0.593016 0
0.891804 0.593122 0
0.891379 0.593406 0
0.890494 0.594279 0
0.890437 0.594017 1
0.88955 0.593497 0
0.888125 0.593554 0
0.882437 0.592352 0
0.876789 0.593836 0
0.876639 0.593492 0
0.87584 0.593678 0
0.874418 0.593477 0
0.874787 0.593587 0
0.873689 0.593523 0
0.874751 0.593458 0
0.873606 0.593486 0
0.872781 0.593435 1
0.872764 0.593492 0
0.872845 0.593669 0
0.87304 0.593824 0
0.872449 0.592461 0
0.87242 0.591206 0
0.872022 0.590558 0
0.871916 0.589721 0
0.872268 0.588466 0
0.877032 0.586096 0
0.8737 0.584814 0
0.87373 0.584731 1
0.873581 0.584681 0
0.873291 0.584584 0
0.873325 0.584366 0
0.872207 0.585351 0
0.894837 0.58587 0
0.899342 0.587223 0
0.89978 0.586283 0
0.901717 0.585987 0
0.903441 0.586391 0
0.904827 0.585307 0
0.906236 0.585082 1
0.90624 0.585058 0
0.906059 0.585146 0
0.905296 0.586144 0
0.8937 0.581295 0
0.914894 0.544104 0
0.911824 0.54847 0
0.911193 0.548729 0
0.911237 0.548753 0
0.91123 0.548755 0
0.911233 0.54876 0
0.911238 0.548767 0
0.91123 0.548756 1
0.910698 0.548546 0
0.910656 0.547804 0
0.910517 0.547041 0
0.909832 0.546716 0
0.910271 0.545024 0
0.910379 0.545272 0
0.90938 0.545561 0
0.909644 0.543957 0
0.908515 0.54478 0
0.907893 0.544642 0
0.907429 0.544723 1
0.906912 0.544103 0
0.906689 0.543872 0
0.90616 0.542789 0
0.905914 0.543388 0
0.916398 0.534645 0
0.904255 0.470997 0
0.630595 0.858241 0
0.587517 0.802386 0
0.588261 0.793654 0
0.590293 0.790847 0
0.590923 0.78978 1
0.591356 0.78892 0
0.590622 0.788015 0
0.594869 0.789288 0
0.596219 0.788363 0
0.591518 0.784723 0
0.595795 0.785927 0
0.599072 0.785635 0
0.594693 0.782322 0
0.593398 0.78101 0
0.598146 0.781145 0
0.595811 0.779115 0
0.596314 0.778221 1
0.596894 0.777418 0
0.596909 0.776957 0
0.59769 0.776427 0
0.597994 0.775369 0
0.597424 0.775402 0
0.622751 0.778417 0
0.669768 0.779166 0
0.670753 0.775559 0
0.674395 0.771913 0
0.677975 0.767587 0
0.681897 0.765011 1
0.685264 0.765315 0
0.69052 0.76747 0
0.699239 0.770203 0
0.711429 0.773368 0
0.730371 0.777529 0
0.730188 0.77764 0
0.7392 0.776172 0
0.739259 0.777094 0
0.747232 0.775724 0
0.751103 0.77262 0
0.756174 0.768032 1
0.757767 0.773563 0
0.763839 0.772132 0
0.772868 0.771044 0
0.781216 0.770595 0
0.786123 0.770573 0
0.793912 0.771139 0
0.803973 0.766856 0
0.811889 0.764209 0
0.821511 0.760372 0
0.824952 0.752503 0
0.836576 0.74578 0
0.840744 0.737677 1
