0.108858 0.324265 1
0.104572 0.32918 0
0.102648 0.333623 0
0.0988836 0.336596 0
0.0924906 0.339969 0
0.087585 0.348947 0
0.0821836 0.351232 0
0.0805901 0.353947 0
0.0714222 0.367044 0
0.0628839 0.374929 0
0.0564141 0.369455 0
0.0604427 0.389303 1
0.0740701 0.437234 0
0.0861152 0.468402 0
0.159581 0.466737 0
0.181867 0.466766 0
0.246103 0.469616 0
0.310094 0.454933 0
0.365116 0.482026 0
0.384959 0.475979 0
0.412802 0.473389 0
0.435002 0.487481 0
0.448746 0.478908 0
0.473911 0.477506 1
0.491773 0.480667 0
0.51246 0.473903 0
0.551811 0.502585 0
0.578597 0.498187 0
0.609298 0.505116 0
0.731469 0.481229 0
0.668519 0.502003 0
0.726001 0.491608 0
0.73054 0.484719 0
0.733225 0.483022 0
0.739074 0.482837 0
0.743523 0.478424 1
0.746132 0.477408 0
0.744925 0.471794 0
0.732556 0.445813 0
0.747398 0.46594 0
0.750698 0.455729 0
0.748198 0.443314 0
0.749455 0.437405 0
0.744681 0.425635 0
0.743909 0.420657 0
0.745925 0.41136 0
0.74921 0.406672 1
0.751481 0.397736 0
0.75079 0.391189 0
0.755626 0.381901 0
0.765396 0.376489 0
0.766602 0.366004 0
0.778647 0.357045 0
0.780062 0.347739 0
0.792408 0.332421 0
0.81197 0.31663 0
0.819556 0.30216 0
0.812688 0.295811 0
0.811237 0.293442 1
0.816097 0.286211 0
0.819204 0.276748 0
0.819911 0.25991 0
0.825313 0.248281 0
0.844386 0.235398 0
0.865717 0.226541 0
0.881496 0.218021 0
0.898699 0.211634 0
0.926683 0.205213 0
0.940106 0.199024 0
0.944008 0.193614 0
0.944164 0.190868 1
0.944207 0.19072 0
0.943738 0.190697 0
0.941792 0.187554 0
0.92824 0.184273 0
0.865048 0.117351 0
0.857258 0.126899 0
0.802586 0.126645 0
0.791603 0.111606 0
0.776856 0.116187 0
0.762082 0.111738 0
0.743956 0.119815 0
0.733931 0.119683 1
0.722237 0.116834 0
0.684957 0.10144 0
0.663538 0.0900423 0
0.661599 0.0946018 0
0.608558 0.0700825 0
0.556369 0.0433782 0
0.500039 0.0117149 0
0.287565 0 0
0.295606 0.0335662 0
0.298051 0.0515035 0
0.297712 0.0596803 1
0.271405 0.0442505 0
0.26222 0.0467507 0
0.255712 0.049592 0
0.3114 0.0732064 0
0.308327 0.0809749 0
0.316216 0.0789219 0
0.320175 0.0842001 0
0.316517 0.0871803 0
0.379825 0.0938954 0
0.322003 0.0987199 0
0.32779 0.109059 0
0.330904 0.11803 1
0.326057 0.126505 0
0.327378 0.140241 0
0.324757 0.147846 0
0.318184 0.157747 0
0.307329 0.166209 0
0.293349 0.172146 0
0.289052 0.179818 0
0.299542 0.194395 0
0.294033 0.206159 0
0.284472 0.216813 0
0.277746 0.227485 0
0.270275 0.237037 1
0.267909 0.243852 0
0.262772 0.253474 0
0.262411 0.259533 0
0.241576 0.266235 0
0.23408 0.276865 0
0.224129 0.281406 0
0.210801 0.292244 0
0.189023 0.30477 0
0.166296 0.304661 0
0.129956 0.309343 0
0.118065 0.31677 1
0.117437 0.317701 0
0.1154 0.315035 0
0.117482 0.30678 0
0.0490657 0.31212 0
0.033145 0.312448 0
0.0313801 0.318143 0
0.0141713 0.319603 0
0.0043843 0.334825 0
0 0.336863 0
0.0566664 0.407501 0
0.053248 0.4044 0
0.0516372 0.403398 1
0.0459352 0.40756 0
0.0352449 0.410124 0
0.0289829 0.422055 0
0.0244158 0.42205 0
0.00667796 0.402601 0
0.288301 0.459406 0
0.328683 0.464313 0
0.335506 0.4623 0
0.345888 0.466694 0
0.348808 0.466056 0
0.349211 0.465943 0
0.349389 0.465888 1
0.377433 0.451683 0
0.434291 0.449539 0
0.52327 0.49129 0
0.544497 0.484822 0
0.569436 0.482839 0
0.596264 0.50325 0
0.619874 0.502 0
0.653899 0.502695 0
0.69928 0.494309 0
0.704217 0.487766 0
0.713245 0.470948 0
0.724712 0.463491 1
0.706078 0.463804 0
0.709866 0.457601 0
0.709081 0.453024 0
0.701591 0.449647 0
0.705634 0.444406 0
0.706726 0.438856 0
0.704706 0.43559 0
0.707247 0.429959 0
0.708208 0.42865 0
0.707824 0.42504 0
0.705492 0.420831 1
0.707035 0.415747 0
0.706544 0.406548 0
0.709342 0.395519 0
0.712391 0.365152 0
0.727105 0.348633 0
0.74729 0.339088 0
0.757178 0.330225 0
0.769205 0.328412 0
0.783441 0.321379 0
0.788263 0.310731 0
0.786368 0.304725 0
0.804698 0.295184 1
0.801416 0.292118 0
0.797585 0.286629 0
0.796596 0.276053 0
0.79757 0.270362 0
0.831524 0.257302 0
0.865837 0.257079 0
0.9203 0.251435 0
0.878435 0.242196 0
0.939447 0.254641 0
0.949484 0.237561 0
0.963211 0.220023 0
0.957626 0.208864 1
0.958523 0.206738 0
0.970857 0.20006 0
0.971503 0.19527 0
0.983831 0.183344 0
1 0.166209 0
0.869992 0.118236 0
0.867685 0.103659 0
0.863633 0.104829 0
0.859499 0.104435 0
0.863136 0.104026 0
0.853572 0.108011 1
0.841434 0.102368 0
0.817319 0.104214 0
0.793175 0.109796 0
0.673633 0.0671482 0
0.636132 0.0543649 0
0.624085 0.0625364 0
0.568065 0.0352846 0
0.55503 0.040507 0
0.511935 0.0266414 0
0.481021 0.0229359 0
0.406916 0.00527792 0
0.389493 0.0166011 1
0.377752 0.0267966 0
0.35209 0.0288061 0
0.359282 0.0424006 0
0.25121 0.0381892 0
0.240289 0.0377815 0
0.243621 0.0603649 0
0.34935 0.0726781 0
0.346984 0.0750313 0
0.352283 0.0777058 0
0.345865 0.0833828 0
0.347577 0.0864663 0
0.35138 0.0888032 1
0.353574 0.093907 0
0.354736 0.0991186 0
0.35659 0.112298 0
0.353889 0.14499 0
0.333764 0.160529 0
0.320046 0.171289 0
0.278449 0.16384 0
0.263031 0.164847 0
0.246556 0.160216 0
0.237184 0.15835 0
0.220759 0.147496 0
0.214391 0.151836 1
0.207109 0.158003 0
0.212839 0.176501 0
0.206157 0.186095 0
0.203601 0.198835 0
0.193153 0.208231 0
0.194565 0.221589 0
0.195773 0.243002 0
0.17772 0.244956 0
0.160476 0.249855 0
0.1558 0.262901 0
0.149149 0.271008 1
0.142274 0.275803 0
0.129843 0.279485 0
0.10228 0.309925 0
0.0968731 0.326664 0
0.108034 0.356723 0
0.0967642 0.371458 0
0.0919036 0.379888 0
0.086716 0.383959 0
0.0822317 0.385402 0
0.0763432 0.389707 0
0.0671528 0.393694 0
0.0649799 0.392384 1
0.07843 0.397976 0
0.0959144 0.412993 0
0.110808 0.43408 0
0.130365 0.443569 0
0.127943 0.453997 0
0.138903 0.464671 0
0.163589 0.482558 0
0.188005 0.48684 0
0.232333 0.495203 0
0.273372 0.505041 0
0.31452 0.511803 0
0.335536 0.512176 1
0.338073 0.5125 0
0.34878 0.520068 0
0.401216 0.54861 0
0.549422 0.546559 0
0.577196 0.544014 0
0.600231 0.545552 0
0.652781 0.561933 0
0.692507 0.558838 0
0.709745 0.564592 0
0.73246 0.561383 0
0.741903 0.5524 1
0.75294 0.550454 0
0.760601 0.540336 0
0.767076 0.532087 0
0.7756 0.528506 0
0.706517 0.451474 0
0.721322 0.447242 0
0.696796 0.437022 0
0.768118 0.490315 0
0.781055 0.486948 0
0.779366 0.482214 0
0.779706 0.475851 0
0.778496 0.471296 1
0.78218 0.470874 0
0.810885 0.450979 0
0.804871 0.447282 0
0.81433 0.439882 0
0.822342 0.420599 0
0.832484 0.399073 0
0.835488 0.380096 0
0.843493 0.361381 0
0.852478 0.342339 0
0.855245 0.332691 0
0.865047 0.308756 0
0.864001 0.297684 1
0.877069 0.297412 0
0.877694 0.288547 0
0.866835 0.281198 0
0.868167 0.272881 0
0.869294 0.269759 0
0.873148 0.263553 0
0.873718 0.253529 0
0.872437 0.241854 0
0.898158 0.234348 0
0.910308 0.141611 0
0.917844 0.13471 0
0.918172 0.134341 1
