0.00670009 0.361325 1
0.00394834 0.357857 0
0.00134737 0.351768 0
0 0.343162 0
0.00307662 0.335563 0
0.00944022 0.327307 0
0.0177131 0.325279 0
0.0236041 0.337226 0
0.0303243 0.348644 0
0.041474 0.357793 0
0.0479128 0.334882 0
0.0439448 0.320805 0
0.0689079 0.32151 0
0.0566797 0.325108 0
0.0458068 0.315529 0
0.0603764 0.332944 0
0.0642425 0.345333 0
0.0547439 0.313291 0
0.0575667 0.346572 0
0.0628811 0.315736 0
0.0702568 0.337953 0
0.051391 0.340878 0
0.0714809 0.329427 0
0.0456355 0.329112 0
0.0422928 0.24773 0
0.0388448 0.244307 0
0.0296499 0.242816 0
0.0228002 0.23953 0
0.018558 0.234867 1
0.0297221 0.225895 0
0.0236892 0.221271 0
0.0157842 0.217489 0
0.01404 0.210433 0
0.0162235 0.20235 0
0.0212285 0.197839 0
0.0263505 0.192668 0
0.0303535 0.187371 0
0.0374229 0.192651 0
0.0447197 0.200654 1
0.0512745 0.202572 0
0.0541254 0.195584 0
0.0536993 0.182904 0
0.0587719 0.179603 0
0.0668273 0.18007 0
0.0754808 0.183164 0
0.0759699 0.189953 0
0.0780062 0.204799 1
0.0825224 0.203012 0
0.0882947 0.198933 0
0.0910058 0.198212 0
0.911944 0.138784 1
0.913753 0.142691 0
0.913329 0.145341 0
0.915489 0.152766 0
0.91755 0.155697 0
0.926631 0.162214 0
0.943259 0.160729 1
0.926258 0.177751 0
0.926273 0.182087 0
0.932224 0.186751 0
0.955394 0.176844 0
0.949869 0.196733 0
0.955062 0.19544 0
0.976567 0.202237 0
0.964117 0.207769 0
0.965967 0.213135 0
0.983301 0.213465 1
0.97749 0.223752 0
0.983205 0.226048 0
1 0.226079 0
0.995984 0.241712 0
0.984566 0.243866 0
0.984803 0.248853 0
0.972989 0.244395 0
0.969799 0.249547 0
0.96965 0.25672 0
0.963013 0.261898 1
0.953642 0.259258 0
0.948506 0.240242 0
0.94372 0.247574 0
0.935957 0.239306 0
0.926536 0.240302 0
0.923435 0.24044 0
0.925011 0.255241 0
0.924141 0.262716 0
0.907495 0.256769 0
0.904122 0.258681 0
0.904552 0.272439 0
0.89312 0.271573 0
0.884646 0.27593 0
0.878725 0.280406 1
0.869222 0.289612 0
0.863561 0.294741 0
0.856069 0.302103 0
0.849444 0.30867 0
0.843198 0.316516 0
0.836938 0.322374 0
0.825734 0.329118 0
0.825682 0.335913 0
0.818014 0.340174 0
0.813572 0.345566 0
0.806765 0.350698 0
0.800128 0.36057 0
0.794988 0.365448 0
0.792582 0.367566 1
0.784237 0.377572 0
0.778601 0.384111 0
0.770738 0.390891 0
0.763545 0.398657 0
0.755686 0.405745 0
0.749158 0.411517 1
0.742925 0.416298 0
0.733482 0.422625 0
0.724744 0.427841 0
0.716868 0.431507 0
0.707892 0.435062 0
0.698548 0.437631 0
0.689458 0.440189 0
0.680576 0.441825 0
0.674047 0.442991 0
0.66712 0.444338 0
0.657799 0.45102 0
0.652349 0.442889 0
0.646853 0.441651 0
0.637799 0.439614 1
0.631723 0.443488 0
0.627878 0.458586 0
0.619319 0.459512 0
0.613176 0.460556 0
0.607286 0.455466 0
0.600595 0.448972 0
0.594565 0.444923 0
0.588399 0.458 0
0.580789 0.457041 0
0.573445 0.453921 1
0.566785 0.44745 0
0.559223 0.452531 0
0.551448 0.445239 0
0.546347 0.435775 0
0.537414 0.436918 0
0.529412 0.433324 0
0.523106 0.429809 0
0.517062 0.426718 0
0.509496 0.419884 0
0.500836 0.417637 0
0.493385 0.414346 0
0.485671 0.410232 0
0.47971 0.408243 0
0.4703 0.40122 0
0.464277 0.397536 0
0.456471 0.394975 1
0.448501 0.392384 0
0.440655 0.389316 0
0.432321 0.385791 0
0.425558 0.383031 0
0.417469 0.380483 0
0.410752 0.377592 0
0.405226 0.374089 0
0.397066 0.37175 0
0.388278 0.371664 0
0.381965 0.372969 0
0.374227 0.375467 0
0.367565 0.372583 0
0.360643 0.367831 0
0.35738 0.363368 1
0.359323 0.353197 0
0.351532 0.348636 0
0.344726 0.344239 0
0.343279 0.337119 0
0.343876 0.329132 0
0.34399 0.322144 0
0.345606 0.31488 0
0.34863 0.309571 0
0.357798 0.304635 0
0.361859 0.297555 1
0.361233 0.290433 0
0.363248 0.283698 0
0.368322 0.277487 0
0.373345 0.273427 0
0.382243 0.269414 0
0.389954 0.264207 0
0.396272 0.258971 0
0.402619 0.252742 0
0.408942 0.245724 0
0.414292 0.239662 0
0.420072 0.234383 0
0.429171 0.22879 0
0.435938 0.225364 0
0.440894 0.221981 1
0.445016 0.217285 0
0.447945 0.211984 0
0.452418 0.202099 0
0.45653 0.197045 0
0.460438 0.191444 0
0.466045 0.18402 0
0.472114 0.176473 0
0.478657 0.16825 1
0.484964 0.160593 0
0.489314 0.155497 0
0.493458 0.15046 0
0.498938 0.143732 0
0.505592 0.135927 0
0.509233 0.131453 0
0.513847 0.125883 0
0.518671 0.120516 0
0.52355 0.115185 0
0.527918 0.110648 1
0.532623 0.105691 0
0.538898 0.09894 0
0.545074 0.092609 0
0.551239 0.0864287 0
0.557216 0.0807281 0
0.564119 0.0737807 0
0.56933 0.0679645 0
0.573837 0.0628973 0
0.586395 0.0630683 0
0.59071 0.0603159 0
0.593976 0.0557997 0
0.593587 0.0435482 0
0.604789 0.0390534 0
0.606738 0.0300819 1
0.607612 0.0220807 0
0.611225 0.0184513 0
0.619681 0.0151392 0
0.627176 0.0112272 0
0.634007 0.0125357 0
0.640174 0.015679 0
0.644675 0.0268107 0
0.653123 0.0286199 0
0.659002 0.0278837 0
0.665698 0.0266172 0
0.672694 0.0246595 0
0.67432 0.0146516 0
0.678931 0.00704808 0
0.685072 0.00401493 0
0.691408 0.00223197 0
0.699324 0 1
0.705604 0.00716256 0
0.710947 0.0094376 0
0.718483 0.017352 0
0.726053 0.0236183 0
0.733905 0.0162477 0
0.74021 0.0202198 0
0.748122 0.0282039 0
0.758968 0.0301072 1
0.767605 0.0232957 0
0.790096 0.0126669 0
0.777768 0.0148536 0
0.788281 0.0219918 0
0.783129 0.0187064 0
0.796488 0.0105622 1
0.807265 0.00660695 0
0.815417 0.00855227 0
0.820018 0.0117015 0
0.831864 0.0245999 1
0.834026 0.0300785 0
0.832103 0.0355981 0
0.827239 0.042385 0
0.824124 0.0472194 0
0.816048 0.0499728 0
0.812336 0.0504695 0
0.806652 0.0616983 0
0.800179 0.0700023 0
0.800558 0.0733563 0
0.806521 0.0802817 0
0.825742 0.0802867 0
0.836273 0.0828006 0
0.830265 0.0976745 0
0.825248 0.0961585 0
0.822788 0.104771 0
0.817464 0.106926 0
0.810215 0.10865 0
0.800466 0.111589 0
0.795099 0.120748 0
0.791695 0.125904 0
0.78716 0.136532 0
0.792683 0.149747 0
0.794429 0.153687 0
0.792022 0.155783 0
0.796705 0.147884 0
0.774454 0.206028 1
0.752468 0.200682 0
0.755463 0.164386 0
0.759454 0.199733 0
0.75406 0.202808 0
0.746204 0.217159 0
0.743183 0.232873 0
0.741764 0.239223 0
0.740411 0.246612 0
0.739839 0.258022 0
0.737106 0.266727 0
0.734924 0.27373 0
0.731739 0.285027 0
0.7291 0.293765 0
0.724835 0.30334 0
0.719815 0.311565 0
0.71414 0.319426 0
0.710447 0.326969 0
0.705923 0.33422 0
0.700512 0.343198 0
0.696812 0.349935 0
0.693669 0.356123 0
0.688822 0.36512 1
0.678832 0.374312 0
0.685773 0.377478 0
0.678539 0.389312 0
0.677454 0.394893 0
0.673905 0.400376 0
0.695502 0.483775 0
0.688656 0.492799 0
0.686782 0.498044 0
0.685493 0.504997 0
0.687582 0.513019 1
0.679556 0.51889 0
0.663141 0.516932 0
0.677013 0.530631 0
0.666211 0.533016 1
0.652415 0.532819 0
0.647991 0.533146 0
0.653569 0.545802 0
0.648195 0.550783 0
0.635139 0.541818 0
0.638333 0.55932 0
0.626644 0.559996 0
0.623878 0.566018 0
0.613221 0.556969 0
0.607582 0.552519 0
0.603018 0.553091 0
0.605398 0.572841 1
0.591104 0.556153 0
0.586826 0.569189 0
0.580859 0.565852 0
0.577199 0.547547 0
0.571783 0.558165 0
0.561768 0.558366 0
0.559482 0.569788 0
0.543455 0.558296 0
0.538293 0.557588 0
0.530787 0.554949 1
0.522778 0.549928 0
0.519218 0.555655 0
0.510177 0.549839 0
0.502817 0.545948 0
0.489301 0.550466 0
0.486559 0.545266 0
0.479719 0.548347 0
0.472302 0.541946 0
0.463566 0.53909 0
0.454741 0.534368 0
0.448169 0.532601 0
0.440187 0.527829 0
0.433274 0.524595 0
0.425685 0.522933 1
0.418068 0.515385 0
0.413351 0.51233 0
0.405432 0.509038 0
0.399391 0.503855 0
0.392146 0.497584 0
0.38776 0.493547 0
0.385329 0.480413 0
0.379343 0.479421 0
0.37028 0.481446 0
0.369432 0.476745 0
0.364421 0.470352 0
0.363346 0.470356 1
