0.272962 0.431433 0
0.271873 0.43053 0
0.270524 0.428471 1
0.268785 0.424895 0
0.270561 0.423284 0
0.273945 0.420915 0
0.275094 0.418694 0
0.274502 0.415648 0
0.273827 0.413786 0
0.271165 0.409855 0
0.272818 0.406085 0
0.271561 0.403205 0
0.270203 0.402405 0
0.265606 0.401929 0
0.262905 0.399649 0
0.263627 0.39595 0
0.264708 0.392705 0
0.263098 0.391589 0
0.258141 0.389706 0
0.256569 0.387135 0
0.254911 0.386723 0
0.24911 0.387366 0
0.245607 0.386473 1
0.241972 0.385601 0
0.238605 0.384961 0
0.234759 0.386048 0
0.232249 0.388643 0
0.229656 0.38923 0
0.226335 0.38724 0
0.225182 0.382897 0
0.222868 0.38143 0
0.219635 0.382949 0
0.217877 0.385713 0
0.215515 0.388525 0
0.212753 0.389064 0
0.209822 0.387483 0
0.208602 0.382828 0
0.206379 0.379521 0
0.203539 0.37806 0
0.199046 0.379232 0
0.196065 0.381229 0
0.194279 0.380149 0
0.192215 0.377404 1
0.192533 0.373635 0
0.191722 0.370277 0
0.191375 0.36804 0
0.194941 0.365054 0
0.198511 0.361184 0
0.198019 0.359537 0
0.194351 0.357848 0
0.190825 0.355354 0
0.190366 0.351918 0
0.190575 0.349144 0
0.191244 0.345862 0
0.190872 0.342521 0
0.192166 0.339334 0
0.195176 0.337478 0
0.199275 0.337754 0
0.20191 0.336848 0
0.203587 0.334586 0
0.20262 0.331707 1
0.200987 0.329325 0
0.207396 0.32449 0
0.205387 0.32255 0
0.2015 0.321043 0
0.200929 0.318052 0
0.203986 0.313696 0
0.206701 0.31044 0
0.206746 0.307114 0
0.205965 0.304041 0
0.202221 0.304266 0
0.199197 0.303655 0
0.198304 0.300705 0
0.198591 0.297061 0
0.199119 0.294374 0
0.201137 0.290526 0
0.202809 0.288182 0
0.205855 0.286075 0
0.206602 0.283731 0
0.206455 0.281247 0
0.205248 0.277184 0
0.204484 0.274014 0
0.202191 0.272622 0
0.198551 0.272666 0
0.195647 0.271516 1
0.192386 0.269729 0
0.184611 0.270924 0
0.183798 0.269934 0
0.184798 0.26573 0
0.185626 0.262024 0
0.184917 0.259311 0
0.181986 0.257189 0
0.177861 0.256925 0
0.173618 0.257069 0
0.172695 0.255959 0
0.176083 0.249068 0
0.1769 0.243539 1
0.175491 0.242055 0
0.172602 0.242409 0
0.168819 0.245678 0
0.165622 0.247285 0
0.163073 0.246707 0
0.162071 0.244301 0
0.16271 0.23939 0
0.158691 0.235946 0
0.155431 0.234633 0
0.154608 0.232654 0
0.154506 0.230141 0
0.15692 0.226864 0
0.160067 0.223569 0
0.16193 0.222179 0
0.164519 0.220258 0
0.166838 0.217931 0
0.167591 0.215516 0
0.166563 0.21205 0
0.165038 0.20856 0
0.162466 0.206813 0
0.159697 0.205238 0
0.157687 0.203601 1
0.154616 0.199536 0
0.152865 0.197103 0
0.152081 0.194501 0
0.1514 0.191233 0
0.150797 0.188546 0
0.150096 0.185224 0
0.149158 0.180227 0
0.148722 0.177738 0
0.14851 0.174632 0
0.14878 0.17117 0
0.149834 0.167372 0
0.150146 0.164123 0
0.148553 0.161752 0
0.146676 0.15924 0
0.145796 0.156534 0
0.146081 0.153629 0
0.147822 0.150206 0
0.148648 0.146791 1
0.14874 0.143099 0
0.146663 0.141136 0
0.144831 0.138879 0
0.141048 0.137277 0
0.139336 0.135604 0
0.137137 0.133079 0
0.134764 0.129585 0
0.133217 0.126218 1
0.131334 0.124048 0
0.128744 0.121884 0
0.12624 0.121925 0
0.122727 0.123887 0
0.120923 0.123158 0
0.120049 0.117439 0
0.117931 0.114029 0
0.115455 0.113649 1
0.112693 0.11576 0
0.109337 0.119693 0
0.106764 0.119039 0
0.104417 0.117093 0
0.102079 0.113763 0
0.0989385 0.111683 0
0.0952476 0.111758 0
0.0923644 0.112375 1
0.0907671 0.112148 0
0.0840418 0.115009 0
0.080429 0.116294 0
0.0782218 0.118648 0
0.076348 0.119381 0
0.0730397 0.117562 0
0.0694139 0.117281 0
0.066607 0.117796 0
0.0640835 0.118874 0
0.0640952 0.121592 0
0.0607125 0.124248 0
0.0623585 0.127366 0
0.0647658 0.129599 0
0.0668302 0.132368 1
0.0672408 0.136088 0
0.0658813 0.139265 0
0.0621947 0.140845 0
0.0593266 0.14211 0
0.0570152 0.143787 0
0.0548115 0.1463 0
0.0541706 0.148782 0
0.0549797 0.153372 0
0.0554176 0.158032 0
0.0555405 0.161211 0
0.0558863 0.165346 0
0.055681 0.168207 0
0.0541284 0.170832 0
0.0520405 0.173371 1
0.0481791 0.176691 0
0.047084 0.179076 0
0.0497341 0.181567 0
0.053981 0.184401 0
0.0569769 0.186956 0
0.0578711 0.190204 0
0.0584441 0.192864 0
0.0578507 0.194896 1
0.0528152 0.196726 0
0.0503857 0.200605 0
0.0485889 0.201628 0
0.0446094 0.200434 0
0.0403317 0.199101 0
0.0373743 0.199959 1
0.0367949 0.202325 0
0.0391303 0.206549 0
0.0397991 0.208738 0
0.0381006 0.210354 0
0.0386312 0.214334 0
0.0406086 0.218169 0
0.0437275 0.218309 0
0.0461441 0.218946 0
0.0507684 0.220792 0
0.0516398 0.222569 0
0.049865 0.227611 0
0.0477661 0.240877 0
0.0493203 0.240912 0
0.0536499 0.240442 0
0.0564672 0.24089 0
0.0590432 0.242265 0
0.0595116 0.245248 0
0.0541858 0.249732 0
0.052791 0.25168 0
0.0565857 0.252794 0
0.0604556 0.255499 0
0.0601363 0.258661 0
0.0562082 0.261557 0
0.0509932 0.262718 0
0.046691 0.263327 0
0.0463637 0.266003 0
0.0477321 0.268403 0
0.0511722 0.271204 0
0.0551218 0.271887 0
0.058906 0.271959 0
0.0611044 0.273122 0
0.0613328 0.277437 0
0.0600998 0.28024 0
0.0558067 0.281899 0
0.0511057 0.283609 0
0.04609 0.284036 0
0.0390606 0.283379 0
0.0377117 0.284976 0
0.0424017 0.28984 0
0.0428431 0.293097 0
0.0452083 0.297172 0
0.041428 0.298634 1
0.0383272 0.301428 0
0.0354943 0.300932 0
0.0334558 0.298108 0
0.0310259 0.296777 0
0.0280771 0.295271 0
0.0238453 0.295449 0
0.0203003 0.297185 0
0.0210674 0.301318 0
0.0235726 0.305012 0
0.0260355 0.310618 0
0.0246889 0.31374 0
0.020373 0.313927 0
0.0190988 0.312241 0
0.0153885 0.310098 0
0.0121584 0.315268 0
0.00965875 0.312132 0
0.00711536 0.3088 0
0.00420931 0.308905 0
0.00190228 0.314549 0
0.00296867 0.316828 0
0.00557397 0.320341 0
0.00567399 0.323885 1
0.000691784 0.326313 0
0 0.3289 0
0.00140103 0.331603 0
0.00338305 0.335194 0
0.00586743 0.335255 0
0.0095729 0.331846 0
0.0111751 0.336293 0
0.0148041 0.332078 0
0.0192035 0.329718 0
0.0193767 0.332486 0
0.0168635 0.338642 0
0.0146973 0.343451 1
0.0175619 0.344332 0
0.0208409 0.344756 0
0.0250707 0.343237 0
0.0264741 0.338801 0
0.0287387 0.335046 0
0.0319437 0.331298 0
0.0363288 0.328472 0
0.0399572 0.327939 0
0.0423145 0.329392 0
0.0448899 0.331488 0
0.0484916 0.335246 0
0.051195 0.338115 1
0.0535133 0.340523 0
0.0559894 0.343382 0
0.0581685 0.346332 0
0.0603846 0.34933 0
0.0624776 0.352157 0
0.0648798 0.355567 0
0.0676906 0.360116 0
0.0691977 0.362463 0
0.0709874 0.36514 0
0.0742831 0.368698 0
0.078578 0.370569 0
0.0797053 0.371789 0
0.0806395 0.374334 0
0.082103 0.377619 1
0.0819275 0.380472 0
0.0811117 0.383762 0
0.0819867 0.386541 0
0.0843091 0.389866 0
0.0863554 0.392949 0
0.0884365 0.394664 0
0.0922556 0.394518 0
0.0950964 0.395402 0
0.0969014 0.397992 0
0.0981431 0.401413 0
0.0988369 0.404341 0
0.099542 0.407426 0
0.102025 0.410105 0
0.104233 0.412416 1
0.107725 0.412654 0
0.111921 0.412063 0
0.114723 0.413337 0
0.11546 0.416315 0
0.116937 0.419345 0
0.120891 0.420466 0
0.125483 0.419718 0
0.127621 0.42 0
0.13042 0.42176 0
0.132267 0.424686 0
0.134242 0.427923 0
0.135525 0.431486 0
0.132662 0.434913 0
0.126662 0.435242 1
0.122422 0.436067 0
0.217388 0.362281 1
0.122603 0.440928 0
0.123642 0.442501 1
0.129129 0.442176 0
0.132994 0.443337 0
0.131811 0.447805 0
0.13161 0.450593 0
0.130128 0.454045 0
0.13074 0.454941 1
0.137049 0.453823 0
0.142253 0.451138 0
0.144564 0.451487 0
0.146091 0.454221 0
0.145751 0.45756 0
0.144759 0.460907 0
0.144302 0.464548 0
0.145693 0.467278 0
0.148526 0.468044 0
0.153133 0.466593 0
0.155542 0.467523 0
0.155399 0.472299 0
0.156329 0.476924 0
0.157817 0.479949 0
0.159731 0.482279 0
0.16206 0.484131 0
0.164674 0.48526 0
0.166457 0.487615 0
0.167919 0.490957 0
0.169738 0.494156 1
0.171831 0.496849 0
0.175221 0.501273 0
0.176863 0.503457 0
0.179301 0.50672 0
0.181243 0.50936 0
0.183186 0.511994 0
0.185881 0.515384 0
0.188573 0.51774 0
0.190199 0.519341 0
0.192633 0.521467 0
0.195863 0.524124 0
0.194097 0.528433 0
0.19176 0.531544 0
0.192023 0.533485 0
0.194658 0.535603 0
0.194968 0.540293 0
0.196039 0.542721 0
0.198314 0.544091 1
0.201702 0.545772 0
0.203142 0.54514 0
0.205552 0.539788 0
0.208473 0.538744 0
0.211596 0.539576 0
0.213911 0.542307 0
0.215139 0.546588 0
0.215859 0.549917 0
0.218404 0.552072 0
0.221368 0.552699 0
0.224611 0.555363 0
0.226543 0.554976 0
0.228407 0.550878 0
0.230182 0.548748 1
0.232005 0.545209 0
0.232979 0.54244 0
0.234945 0.540303 0
0.238314 0.538506 0
0.24069 0.539688 0
0.241544 0.542737 0
0.242555 0.547175 0
0.244232 0.548944 0
0.261116 0.54505 0
0.251291 0.550361 0
0.253264 0.555169 0
0.255311 0.555079 0
0.255934 0.555541 0
0.266967 0.547873 1
0.270008 0.544818 0
0.272618 0.545126 0
0.274735 0.547303 0
0.274777 0.551277 0
0.275754 0.554242 0
0.278336 0.555736 0
0.281752 0.555563 0
0.285455 0.554241 0
0.28919 0.552951 0
0.291015 0.556314 0
0.29605 0.563682 0
0.298498 0.566517 0
0.301204 0.565651 0
0.303948 0.565067 0
0.30597 0.560926 0
0.306073 0.553751 0
0.307069 0.553619 0
0.312418 0.568155 1
0.313712 0.567217 0
0.314634 0.562595 0
0.316281 0.560608 0
0.320235 0.564326 0
0.32268 0.56347 0
0.324619 0.561828 0
0.323542 0.557981 0
0.320342 0.554918 0
0.319575 0.552307 0
0.322536 0.549757 0
0.32743 0.548905 0
0.330277 0.550221 0
0.31839 0.539178 0
0.315161 0.535895 0
0.317418 0.533795 0
0.319388 0.533167 0
0.326259 0.537886 0
0.335628 0.54408 0
0.334634 0.541253 0
0.331236 0.535101 0
0.328912 0.531578 0
0.32844 0.528957 0
0.328682 0.526075 0
0.329619 0.522824 1
0.332031 0.521151 0
0.336175 0.520456 0
0.338354 0.519443 0
0.340653 0.525144 0
0.342983 0.52396 0
0.34581 0.520335 0
0.346618 0.521108 0
0.346429 0.525921 0
0.348738 0.530159 0
0.354263 0.537369 0
0.352769 0.53864 0
0.358397 0.539225 0
0.3628 0.540575 0
0.365817 0.540488 0
0.369011 0.53947 0
0.370289 0.538235 1
0.371199 0.534136 0
0.373342 0.531418 0
0.375611 0.529067 0
0.377655 0.526242 0
0.380875 0.526238 0
0.384418 0.526738 0
0.388011 0.526391 0
0.391456 0.525538 0
0.394455 0.524404 0
0.397545 0.52314 0
0.400365 0.522126 0
0.403246 0.521219 1
0.406974 0.520058 0
0.40997 0.518912 0
0.411845 0.516641 0
0.414218 0.515215 0
0.417625 0.515941 0
0.42255 0.519222 0
0.425955 0.521787 0
0.428386 0.521353 0
0.429834 0.520143 0
0.430797 0.517774 0
0.433788 0.516176 0
0.436156 0.51471 1
0.435542 0.512098 0
0.431147 0.503223 0
0.43264 0.501193 0
0.434779 0.500121 0
0.437658 0.498417 0
0.438211 0.495261 0
0.437341 0.492826 0
0.43477 0.489888 0
0.432358 0.489259 0
0.429608 0.489588 0
0.42547 0.490207 0
0.422677 0.48875 1
0.421438 0.485968 0
0.418661 0.483875 0
0.415281 0.482183 0
0.413135 0.481002 0
0.410043 0.478894 0
0.407095 0.476356 0
0.40376 0.473222 0
0.40178 0.471013 0
0.399379 0.468025 0
0.396751 0.464418 0
0.393795 0.46 0
0.391974 0.456996 1
0.390025 0.453386 0
0.38765 0.448482 0
0.385747 0.443995 0
0.383816 0.438891 0
0.382903 0.43609 0
0.381625 0.431444 0
0.38039 0.426273 0
0.379329 0.42126 0
0.378598 0.417218 0
0.378049 0.413551 1
0.377444 0.408596 0
0.376958 0.40379 0
0.376583 0.399229 0
0.376321 0.39519 0
0.376059 0.389862 0
0.375894 0.385568 0
0.375792 0.381656 0
0.375738 0.377751 1
0.37571 0.372808 0
0.3757 0.36804 0
0.375698 0.365223 0
0.375714 0.363344 0
0.375764 0.360042 0
0.375822 0.356457 0
0.375884 0.352714 0
0.37594 0.34908 0
0.375995 0.34506 0
0.376033 0.341726 1
0.376073 0.337699 0
0.376098 0.333773 0
0.376106 0.330815 0
0.376099 0.327141 0
0.376086 0.322618 0
0.376065 0.320102 0
0.376018 0.316878 0
0.375954 0.314042 0
0.375853 0.310834 0
0.375755 0.308237 0
0.375637 0.305215 0
0.375517 0.302432 1
0.375382 0.299563 0
0.375246 0.296359 0
0.375109 0.292927 0
0.375 0.289854 0
0.374898 0.286499 0
0.374804 0.282785 0
0.374723 0.279181 0
0.374661 0.276071 1
0.374638 0.271852 0
0.374635 0.269293 0
0.374663 0.266098 0
0.374736 0.261307 0
0.374821 0.258136 0
0.374994 0.253514 0
0.375216 0.248877 0
0.375421 0.245755 1
0.37569 0.242152 0
0.376105 0.237698 0
0.37653 0.234039 0
0.377039 0.229921 0
0.377679 0.225662 0
0.378252 0.222185 0
0.379605 0.214992 0
0.380541 0.210289 0
0.381343 0.206844 0
0.382154 0.203528 1
0.383054 0.200282 0
0.384066 0.196744 0
0.385365 0.192582 0
0.38667 0.188521 1
0.387737 0.185337 0
0.388952 0.181853 0
0.390354 0.177853 0
0.391727 0.1739 0
0.393135 0.169837 0
0.394428 0.165981 1
0.395576 0.162421 0
0.396891 0.158222 0
0.398124 0.15411 0
0.399394 0.149671 0
0.400459 0.14579 0
0.401195 0.142855 0
0.402054 0.139264 0
0.402669 0.136543 0
0.403591 0.132124 0
0.404232 0.128933 0
0.404891 0.125359 0
0.405511 0.121853 1
0.406 0.118779 0
0.406478 0.115594 0
0.407027 0.111673 0
0.407425 0.108632 0
0.407968 0.104366 0
0.408342 0.101502 0
0.408774 0.0987126 0
0.409383 0.0953924 0
0.409839 0.0920871 0
0.409581 0.0881884 0
0.408693 0.0850386 0
0.408993 0.0824628 1
0.410469 0.0801663 0
0.413323 0.0778227 0
0.4138 0.0747288 0
0.413135 0.0719987 0
0.410909 0.0692801 0
0.409086 0.0664434 0
0.40838 0.0630339 0
0.409166 0.0599065 0
0.411105 0.0565221 0
0.412533 0.0536484 0
0.41328 0.0506592 0
0.412243 0.046793 1
0.41085 0.0441907 0
0.408401 0.0415161 0
0.407847 0.0377864 0
0.4079 0.0340026 0
0.410092 0.0308248 0
0.413107 0.0298117 0
0.41706 0.028855 0
0.419197 0.026351 0
0.420001 0.0231802 0
0.415758 0.0211319 0
0.414071 0.0184763 0
0.417491 0.0158988 1
0.420403 0.0140889 0
0.419989 0.0104468 0
0.417149 0.00761996 0
0.415135 0.0043127 0
0.412342 0.00345721 0
0.410556 0.00619571 0
0.408254 0.00861243 0
0.405285 0.0113054 0
0.402108 0.0121074 0
0.400593 0.0094173 0
0.400423 0.00581198 0
0.400038 0.0014989 0
0.397433 0 0
0.394469 0.000492212 0
0.392584 0.00440512 0
0.388397 0.00360121 1
0.386282 0.00545237 0
0.384722 0.00867481 0
0.386144 0.0125402 0
0.384793 0.0155065 0
0.387171 0.0187138 0
0.387285 0.0218152 0
0.385682 0.0249203 0
0.383141 0.0270328 0
0.379569 0.0276131 0
0.376136 0.0291379 1
0.374541 0.0315222 0
0.374465 0.0350908 0
0.375018 0.0387266 0
0.374748 0.0419979 0
0.373838 0.0450274 0
0.372705 0.0482361 1
0.371596 0.0505445 0
0.36968 0.0536174 0
0.36681 0.0592004 0
0.36554 0.0617963 0
0.364184 0.0644679 0
0.362624 0.0674721 1
0.36078 0.0708163 0
0.358989 0.0738473 0
0.355795 0.0790946 0
0.353302 0.0832765 0
0.351763 0.0859805 0
0.350149 0.0888873 1
0.348429 0.09219 0
0.346704 0.0956523 0
0.344756 0.0998405 0
0.343409 0.102897 0
0.342231 0.105872 0
0.341188 0.108844 0
0.340198 0.111984 0
0.339148 0.115651 1
0.338866 0.117589 0
0.33892 0.121443 0
0.339317 0.126742 0
0.339348 0.12901 0
0.339689 0.131875 0
0.340213 0.134787 1
0.340795 0.137413 0
0.341739 0.140221 0
0.343169 0.14408 0
0.344245 0.146672 0
0.34551 0.149984 0
0.346428 0.152599 0
0.347852 0.154241 0
0.351674 0.156176 1
0.353892 0.157868 0
0.356555 0.159812 0
0.35868 0.161246 0
0.425037 0.188353 1
0.428622 0.190285 0
0.432927 0.192702 0
0.434957 0.193969 0
0.437536 0.195609 0
0.440945 0.197932 0
0.442926 0.199402 1
0.444921 0.201119 0
0.446943 0.202932 0
0.449431 0.204982 0
0.452098 0.206909 0
0.454611 0.208653 0
0.457233 0.210609 0
0.457945 0.213367 0
0.458019 0.217137 0
0.458552 0.220135 0
0.463618 0.221512 0
0.464518 0.224773 0
0.465689 0.227613 0
0.467003 0.230361 0
0.468291 0.233085 1
0.469602 0.236028 0
0.470794 0.23832 0
0.471839 0.239934 0
0.478572 0.239886 0
0.482707 0.240611 0
0.484323 0.241415 1
0.484517 0.242602 0
0.479754 0.252586 0
0.480385 0.254584 0
0.481439 0.25714 0
0.482943 0.260409 0
0.484359 0.263066 1
0.485655 0.265319 0
0.4872 0.268259 0
0.488604 0.270634 0
0.490252 0.272952 0
0.492077 0.275375 0
0.493734 0.277597 0
0.495468 0.279957 0
0.497345 0.282495 0
0.499146 0.284882 0
0.500961 0.287174 0
0.502986 0.289554 0
0.5055 0.292339 1
0.507578 0.294527 0
0.509626 0.296553 0
0.512012 0.298804 0
0.514561 0.301109 0
0.516833 0.3031 0
0.519527 0.305418 0
0.52204 0.307471 0
0.524681 0.309407 1
0.527569 0.311341 0
0.529992 0.313073 0
0.532383 0.315455 0
0.534276 0.318198 0
0.536052 0.320872 0
0.538405 0.323149 0
0.541422 0.324053 0
0.544444 0.32265 0
0.546824 0.320017 0
0.549728 0.318715 0
0.552736 0.319599 0
0.554745 0.321742 0
0.555598 0.324307 0
0.555799 0.328315 0
0.556597 0.332564 0
0.559191 0.33405 1
0.562478 0.333658 0
0.564522 0.336411 0
0.566925 0.336282 0
0.568755 0.331612 0
0.572372 0.33448 0
0.574486 0.333091 0
0.575252 0.329299 0
0.574592 0.325246 0
0.575756 0.322713 0
0.57803 0.31993 0
0.580813 0.319167 0
0.583969 0.320069 0
0.587151 0.323059 0
0.590299 0.324988 0
0.592661 0.323459 0
0.594823 0.319246 0
0.596928 0.31777 0
0.600364 0.318304 1
0.603465 0.317707 0
0.606265 0.315967 0
0.607826 0.313553 0
0.608131 0.310303 0
0.60644 0.307093 0
0.604267 0.303414 0
0.605316 0.301312 0
0.609989 0.300191 0
0.613317 0.29894 0
0.615117 0.296865 0
0.616342 0.29377 0
0.616398 0.291349 1
0.615286 0.287793 0
0.613059 0.285166 0
0.610651 0.283482 0
0.607315 0.281177 0
0.604837 0.278819 0
0.602447 0.276059 0
0.601207 0.273279 0
0.601269 0.269956 1
0.602173 0.267002 0
0.60413 0.263947 0
0.607324 0.263662 0
0.609067 0.261299 0
0.609754 0.259206 0
0.61034 0.253862 0
0.611442 0.250164 0
0.61269 0.24621 0
0.613741 0.243026 0
0.614738 0.240128 0
0.615551 0.23787 0
0.616315 0.235056 1
0.616784 0.231085 0
0.617351 0.228297 0
0.618219 0.22643 0
0.624305 0.225073 1
0.665577 0.176829 0
0.666453 0.175183 1
0.668435 0.170917 0
0.670441 0.166294 0
0.671481 0.163521 0
0.672212 0.16144 1
0.672871 0.158528 0
0.6737 0.153888 0
0.674271 0.149858 0
0.674814 0.14485 0
0.675144 0.140754 0
0.675385 0.137469 1
0.675501 0.134708 0
0.675624 0.131397 0
0.676196 0.127835 0
0.676996 0.124976 0
0.677136 0.12227 0
0.676376 0.119459 0
0.675134 0.116154 0
0.674322 0.112463 0
0.674523 0.108946 0
0.6766 0.104501 1
0.675699 0.101566 0
0.674761 0.0983192 0
0.679163 0.0972642 0
0.684861 0.0958748 0
0.68523 0.0932096 0
0.686139 0.0908058 0
0.685232 0.0881767 0
0.68406 0.0862019 1
0.679783 0.0848368 0
0.676405 0.0839135 0
0.673897 0.082069 0
0.672106 0.0776903 0
0.670319 0.0749257 0
0.667478 0.0727264 0
0.664329 0.0705411 0
0.661817 0.0694086 1
0.658152 0.0685536 0
0.655545 0.0685524 0
0.654553 0.0705246 0
0.653681 0.0729459 0
0.654113 0.0759314 0
0.655784 0.078959 1
0.659 0.0871179 0
0.65798 0.0942047 0
0.65508 0.0958986 0
0.651237 0.0954471 0
0.649115 0.0963502 0
0.649643 0.0982546 1
0.654053 0.102814 0
0.653337 0.105519 0
0.651431 0.10711 0
0.648192 0.109393 0
0.647361 0.113384 0
0.642106 0.112182 0
0.640872 0.116071 0
0.639767 0.119043 0
0.638507 0.121726 0
0.637177 0.124239 0
0.635382 0.127707 0
0.633892 0.130923 1
0.632514 0.134121 0
0.631186 0.137867 0
0.630373 0.140601 0
0.629705 0.143458 0
0.628568 0.149456 0
0.62832 0.151805 1
0.628172 0.156177 0
0.628199 0.160227 0
0.628513 0.164029 0
0.629112 0.168025 1
0.630647 0.174588 0
0.631808 0.178233 0
0.633161 0.181541 0
0.63496 0.184944 1
0.637313 0.188702 0
0.638998 0.191022 0
0.644154 0.197086 0
0.645789 0.198887 0
0.649547 0.202389 0
0.651527 0.204181 1
0.653862 0.20609 0
0.656488 0.208217 0
0.659625 0.210622 0
0.662208 0.212562 0
0.664997 0.214525 0
0.667832 0.216472 0
0.6712 0.218717 0
0.675026 0.221241 1
0.678874 0.223767 0
0.682595 0.226165 0
0.686082 0.2284 0
0.689207 0.230284 0
0.691722 0.231673 0
0.693951 0.232901 0
0.695784 0.234042 0
0.698183 0.235921 1
0.699869 0.237591 0
0.701805 0.239826 0
0.704152 0.242403 0
0.70639 0.244776 0
0.708829 0.247391 0
0.711261 0.250042 1
0.713624 0.252684 0
0.716222 0.255622 0
0.719778 0.259746 0
0.721961 0.262337 0
0.724196 0.265064 0
0.726304 0.26766 0
0.727958 0.269468 0
0.730597 0.271564 1
0.732688 0.2732 0
0.734417 0.275121 0
0.735153 0.27768 0
0.734572 0.280552 0
0.735294 0.283329 0
0.736829 0.285752 0
0.738577 0.288521 0
0.740172 0.291305 0
0.741713 0.294109 0
0.743606 0.297576 0
0.745338 0.300738 0
0.747415 0.304482 1
0.749757 0.308658 0
0.751744 0.312183 0
0.753629 0.315487 0
0.755431 0.318579 0
0.756977 0.321175 0
0.758835 0.3242 0
0.760941 0.327575 0
0.76263 0.330235 0
0.764167 0.332577 0
0.766001 0.335382 0
0.767915 0.338085 0
0.769532 0.340138 1
0.771582 0.342675 0
0.773077 0.344612 0
0.775553 0.347704 0
0.777544 0.349331 0
0.780717 0.350641 0
0.782915 0.352627 0
0.78444 0.354914 0
0.785648 0.357541 1
0.787229 0.360176 0
0.789142 0.362113 0
0.791212 0.363082 0
0.795888 0.36322 0
0.800073 0.36271 0
0.80286 0.362927 0
0.805131 0.364473 0
0.807027 0.367045 1
0.808279 0.37009 0
0.810431 0.372088 0
0.81403 0.373519 0
0.816225 0.372206 0
0.818869 0.370492 0
0.822104 0.369098 0
0.825341 0.367631 0
0.828184 0.371126 0
0.82883 0.373017 0
0.829978 0.375113 0
0.834052 0.377132 0
0.838094 0.373051 0
0.840566 0.372491 0
0.843219 0.372235 0
0.8494 0.376519 0
0.851653 0.375775 1
0.852502 0.370122 0
0.854607 0.370983 0
0.857905 0.374693 0
0.860424 0.374065 0
0.862889 0.369766 0
0.864666 0.367687 0
0.867567 0.369058 0
0.871276 0.374346 0
0.873269 0.374193 0
0.875 0.371832 1
0.876149 0.368001 0
0.876548 0.360835 0
0.878128 0.362485 0
0.881017 0.362236 0
0.884507 0.363366 0
0.887607 0.363462 0
0.889145 0.359089 0
0.888702 0.354986 0
0.889112 0.352247 0
0.892153 0.350111 0
0.89711 0.349459 0
0.900416 0.352214 0
0.903077 0.352609 0
0.905533 0.351867 0
0.905386 0.347365 0
0.906231 0.343173 0
0.909919 0.343655 0
0.915566 0.347065 0
0.914747 0.341787 0
0.914889 0.339009 0
0.915234 0.335261 0
0.91823 0.333842 0
0.923629 0.335079 0
0.927016 0.337036 1
0.930073 0.338254 0
0.934474 0.339231 0
0.933858 0.333985 0
0.935569 0.330439 0
0.934481 0.325022 0
0.939492 0.325722 0
0.943693 0.328083 0
0.946961 0.327902 0
0.948512 0.324492 0
0.947154 0.31992 0
0.946047 0.317616 0
0.945027 0.314011 1
0.946349 0.308778 0
0.948148 0.306669 0
0.952092 0.307468 0
0.954325 0.307008 0
0.955149 0.301442 0
0.960381 0.312693 0
0.962483 0.31104 0
0.964035 0.30675 0
0.966012 0.30616 0
0.972732 0.306619 0
0.971571 0.309757 0
0.976237 0.311927 0
0.983357 0.312135 0
0.983192 0.309019 0
0.964745 0.293292 0
0.988475 0.310249 1
0.964957 0.289433 0
0.967508 0.294513 0
0.970128 0.286588 0
0.971483 0.295418 0
0.972904 0.287702 0
0.975998 0.292809 0
0.97772 0.295302 0
0.981494 0.298107 0
0.986098 0.299064 0
0.987774 0.297826 0
0.985099 0.293222 0
0.983984 0.290411 0
0.979697 0.28485 0
0.983012 0.284028 0
0.987073 0.28296 0
0.989273 0.283762 0
0.993455 0.290569 0
0.997669 0.290018 0
0.992966 0.284443 0
1 0.283055 1
0.995263 0.278939 0
0.995937 0.274184 0
0.990535 0.274379 0
0.989113 0.270263 1
0.985792 0.271506 0
0.982189 0.273418 0
0.978953 0.274226 0
0.974827 0.274262 0
0.974852 0.26988 0
0.97532 0.264656 0
0.972316 0.264317 0
0.967363 0.266976 0
0.961338 0.267862 0
0.958784 0.264599 0
0.957845 0.259774 0
0.953731 0.260378 0
0.949651 0.258655 0
0.947299 0.256187 0
0.944663 0.252804 0
0.942346 0.249691 0
0.940498 0.246483 0
0.938669 0.244793 0
0.93445 0.244518 0
0.931504 0.242963 1
0.929632 0.240357 0
0.929517 0.236898 0
0.929929 0.233816 0
0.929307 0.230732 0
0.928373 0.226131 0
0.926556 0.223514 0
0.92434 0.222183 0
0.921403 0.225993 0
0.918363 0.229672 0
0.915831 0.230206 0
0.913057 0.226517 0
0.912594 0.223911 0
0.912408 0.218546 0
0.910242 0.216565 0
0.907594 0.216466 0
0.904876 0.217755 1
0.902418 0.220914 0
0.897389 0.222963 0
0.895906 0.215747 0
0.893934 0.214461 0
0.890848 0.213454 0
0.887916 0.21314 0
0.885612 0.213746 0
0.882501 0.216175 1
0.878108 0.217884 0
0.878642 0.222254 0
0.877354 0.223845 0
0.87787 0.227389 0
0.876506 0.22927 0
0.873028 0.230848 0
0.869802 0.230362 0
0.867033 0.228491 0
0.864204 0.228503 0
0.863031 0.226661 0
0.863215 0.222923 0
0.861315 0.221313 0
0.859266 0.220297 0
0.858581 0.219899 1
