1 0.168409 1
0.999249 0.171581 0
0.996373 0.172196 0
0.992155 0.174428 0
0.99068 0.175624 0
0.987477 0.177078 0
0.984419 0.178195 0
0.982898 0.179576 0
0.978879 0.180777 1
0.975343 0.183451 0
0.97282 0.183944 0
0.967336 0.189664 0
0.965314 0.189481 0
0.959549 0.196707 0
0.957619 0.199092 0
0.953531 0.200264 0
0.950608 0.201686 0
0.94595 0.204415 0
0.942232 0.208748 1
0.941907 0.208558 0
0.940428 0.207195 0
0.939034 0.203721 0
0.938806 0.201578 0
0.939252 0.201724 0
0.939112 0.198778 0
0.939589 0.196265 0
0.939805 0.181733 0
0.938205 0.179858 0
0.935427 0.18017 0
0.935991 0.175126 0
0.938582 0.167427 0
0.940448 0.163252 0
0.942903 0.144674 0
0.945282 0.138074 0
0.946623 0.135899 0
0.946428 0.134465 0
0.946364 0.131305 0
0.945273 0.131747 0
0.945256 0.129236 0
0.945388 0.128458 0
0.943619 0.127457 0
0.944198 0.125911 0
0.94307 0.12655 0
0.941467 0.126948 0
0.942146 0.123957 1
0.939608 0.121857 0
0.937854 0.119563 0
0.932319 0.120798 0
0.925916 0.119244 0
0.923704 0.117668 0
0.923117 0.113865 0
0.913344 0.113472 0
0.915628 0.111517 0
0.902785 0.114284 0
0.903815 0.112233 1
0.901599 0.107464 0
0.895878 0.107175 0
0.895561 0.105891 0
0.89258 0.104037 0
0.890931 0.10445 0
0.887444 0.10352 0
0.883829 0.102854 0
0.880637 0.0996708 0
0.878241 0.0996776 0
0.875055 0.0976273 0
0.870254 0.0965236 0
0.865226 0.0949752 0
0.859307 0.0935417 0
0.859408 0.0901726 0
0.854073 0.0888381 0
0.849511 0.0890647 0
0.844638 0.0923448 0
0.838229 0.0933553 0
0.835772 0.0940358 0
0.829299 0.0945156 0
0.82351 0.0956586 0
0.816138 0.0994613 0
0.813074 0.102244 0
0.80719 0.101244 0
0.801029 0.103123 0
0.799437 0.106953 1
0.79467 0.10629 0
0.78973 0.104603 0
0.782529 0.104891 0
0.776757 0.103405 0
0.769886 0.105015 0
0.766316 0.108861 0
0.755883 0.103692 0
0.758876 0.111287 0
0.754436 0.11628 0
0.748565 0.116768 0
0.748419 0.121251 0
0.742041 0.120944 1
0.738331 0.124688 0
0.73631 0.128129 0
0.732019 0.132785 0
0.726452 0.135424 0
0.727115 0.138794 0
0.725311 0.142201 0
0.725179 0.146127 0
0.71947 0.149147 0
0.720162 0.154105 0
0.718854 0.158916 0
0.716528 0.16294 0
0.717583 0.166597 1
0.718385 0.171607 0
0.720088 0.176065 0
0.722233 0.17966 0
0.721812 0.187918 0
0.72193 0.191649 0
0.723062 0.19672 0
0.726269 0.198804 0
0.726821 0.205046 0
0.731878 0.212931 0
0.732716 0.215417 0
0.735274 0.22009 0
0.738869 0.226579 1
0.741242 0.232756 0
0.742682 0.240931 0
0.744357 0.245518 0
0.747417 0.245366 0
0.761152 0.276537 0
0.765262 0.286239 0
0.768312 0.293382 0
0.772201 0.302438 1
0.777595 0.310103 0
0.779502 0.31507 0
0.777694 0.314791 0
0.801664 0.355185 0
0.802578 0.362721 0
0.804809 0.366244 0
0.806318 0.368674 0
0.807166 0.371431 0
0.807799 0.374095 0
0.808998 0.379498 1
0.809644 0.383188 0
0.815033 0.386357 0
0.815342 0.388455 0
0.82022 0.393537 0
0.819069 0.400199 0
0.819898 0.406946 0
0.821632 0.411557 0
0.821258 0.416174 0
0.818907 0.422978 0
0.818417 0.433213 0
0.812566 0.442459 0
0.858893 0.441448 0
0.864931 0.452959 0
0.861781 0.458281 1
0.860236 0.461377 0
0.862573 0.467405 0
0.860321 0.472329 0
0.856217 0.474987 0
0.85967 0.481103 0
0.852886 0.48376 0
0.845464 0.485417 0
0.818815 0.486726 0
0.82002 0.48879 0
0.816659 0.493058 0
0.813891 0.497263 0
0.810754 0.502098 0
0.81103 0.507572 0
0.809427 0.512528 1
0.810727 0.518727 0
0.812566 0.519727 0
0.848573 0.529382 0
0.8457 0.536222 0
0.847438 0.541294 0
0.850466 0.547424 0
0.848436 0.552533 0
0.85302 0.559271 0
0.849254 0.562445 0
0.847004 0.568785 1
0.847399 0.577652 0
0.841773 0.581842 0
0.818242 0.589901 0
0.822224 0.597911 0
0.822664 0.602345 0
0.824603 0.607767 0
0.823794 0.610807 0
0.823203 0.613593 0
0.820934 0.615853 0
0.820271 0.621475 0
0.815193 0.619784 0
0.802816 0.617281 0
0.79746 0.618608 0
0.793516 0.620058 1
0.792364 0.62637 0
0.787055 0.629159 0
0.78382 0.631433 0
0.779114 0.633841 0
0.779922 0.645543 0
0.809825 0.717829 0
0.779256 0.688981 0
0.76713 0.680615 0
0.760035 0.679977 0
0.749087 0.681431 0
0.747749 0.684362 0
0.738617 0.681985 0
0.733076 0.686138 0
0.728156 0.686022 1
0.725749 0.690721 0
0.721524 0.693761 0
0.718234 0.697969 0
0.715188 0.700044 0
0.707972 0.699658 0
0.704573 0.705811 0
0.700541 0.709351 0
0.695857 0.711199 0
0.692211 0.715264 0
0.687486 0.718614 0
0.680829 0.718893 0
0.676489 0.720146 1
0.670947 0.723062 0
0.665791 0.725726 0
0.660663 0.72827 0
0.653831 0.731606 0
0.648235 0.734327 0
0.641223 0.737731 1
0.634607 0.740919 0
0.631643 0.746359 0
0.625561 0.746766 0
0.620224 0.753062 0
0.611864 0.7546 0
0.606227 0.753979 0
0.600967 0.756129 0
0.595808 0.758261 1
0.588594 0.759812 0
0.584314 0.765359 0
0.576372 0.763839 0
0.571876 0.766972 0
0.567251 0.769863 0
0.562024 0.771669 0
0.555392 0.772306 0
0.549566 0.7712 0
0.544077 0.771686 0
0.539912 0.773747 1
0.535266 0.77734 0
0.52901 0.779271 0
0.523281 0.781328 0
0.516365 0.784369 0
0.513584 0.787487 0
0.507629 0.789051 0
0.50097 0.790297 0
0.496414 0.793976 0
0.486145 0.789031 0
0.481171 0.794367 0
0.475725 0.794645 0
0.469963 0.79391 0
0.46028 0.791648 0
0.453739 0.793176 0
0.447713 0.791466 0
0.441953 0.79308 1
0.436256 0.797352 0
0.429266 0.798056 0
0.424907 0.804957 0
0.418716 0.806843 0
0.412526 0.810449 0
0.407488 0.810505 0
0.400696 0.808423 0
0.39469 0.810467 0
0.38637 0.800858 0
0.385034 0.80464 1
0.37824 0.80166 0
0.375569 0.805023 0
0.370688 0.800851 0
0.364396 0.801267 1
0.358645 0.796253 0
0.353247 0.793176 1
0.347375 0.789357 0
0.227515 0.424044 1
0.22791 0.418995 0
0.228315 0.414484 1
0.229681 0.408696 0
0.231689 0.401323 0
0.233306 0.39684 0
0.237723 0.388751 1
0.235747 0.385856 0
0.236769 0.382223 0
0.234826 0.380339 0
0.235329 0.376616 0
0.241977 0.370179 0
0.284467 0.291015 0
0.336322 0.279665 0
0.343092 0.279895 0
0.370669 0.288636 0
0.450281 0.411787 0
0.438578 0.41568 0
0.441121 0.417412 1
0.448063 0.420885 0
0.454436 0.424149 0
0.460959 0.427578 0
0.466779 0.430752 0
0.47416 0.435045 0
0.480756 0.439191 1
0.485917 0.442746 0
0.492335 0.447559 0
0.498076 0.452258 0
0.501191 0.456816 0
0.508939 0.461765 0
0.514225 0.466537 1
0.512632 0.471196 0
0.51809 0.47582 0
0.555533 0.445167 0
0.573234 0.460375 0
0.576722 0.473964 0
0.582196 0.491177 0
0.585557 0.507493 0
0.585149 0.52922 0
0.58347 0.561664 0
0.575917 0.570959 0
0.573353 0.583289 0
0.570232 0.586742 0
0.568565 0.592878 0
0.567712 0.597829 1
0.563068 0.602793 0
0.563264 0.613134 0
0.556069 0.619221 0
0.552247 0.629188 0
0.54671 0.636801 0
0.540898 0.640393 0
0.535744 0.645965 0
0.531413 0.651929 0
0.526041 0.655886 0
0.521764 0.659722 0
0.517372 0.666235 0
0.511563 0.667452 1
0.508535 0.672034 0
0.503543 0.674761 0
0.498121 0.677555 0
0.492939 0.679958 0
0.486074 0.681871 0
0.480056 0.683922 0
0.47581 0.689706 0
0.467464 0.687817 0
0.462107 0.688178 0
0.45494 0.688948 0
0.449839 0.689505 0
0.439793 0.688772 0
0.429674 0.68759 0
0.424008 0.686152 1
0.420474 0.685327 0
0.417697 0.682094 0
0.414066 0.680402 0
0.407644 0.677651 0
0.404226 0.673381 0
0.3975 0.669444 0
0.393185 0.665037 0
0.385134 0.660396 0
0.379934 0.655815 0
0.375174 0.65317 1
0.373187 0.647122 0
0.36828 0.638777 0
0.366325 0.632629 0
0.362917 0.62508 0
0.362511 0.618639 0
0.356435 0.614873 1
0.355038 0.61158 0
0.29087 0.475861 1
0.293521 0.472218 0
0.291018 0.464962 1
0.291651 0.457359 0
0.292262 0.451823 0
0.296734 0.442692 0
0.294466 0.433835 0
0.298559 0.426434 0
0.298809 0.418265 0
0.300281 0.411707 0
0.299629 0.398414 0
0.302836 0.391073 0
0.30415 0.386982 0
0.302626 0.380674 0
0.303419 0.377739 1
0.306608 0.372956 0
0.311985 0.368003 0
0.313839 0.36235 0
0.317086 0.358292 0
0.321253 0.353033 0
0.327289 0.346698 0
0.337272 0.342736 0
0.344119 0.339124 0
0.350388 0.333548 0
0.352994 0.325327 0
0.363885 0.322922 0
0.358876 0.311916 0
0.364658 0.308292 0
0.367802 0.304592 1
0.368241 0.303713 0
0.381289 0.307013 0
0.469178 0.362174 0
0.47663 0.362592 0
0.484801 0.369705 0
0.486816 0.373532 1
0.490231 0.375272 0
0.495944 0.379395 0
0.502409 0.383848 0
0.507785 0.386859 0
0.514237 0.391386 0
0.519361 0.395416 0
0.53179 0.40392 0
0.535131 0.417311 0
0.540291 0.423833 0
0.54529 0.433442 0
0.546705 0.442334 0
0.546992 0.448573 0
0.550218 0.454761 0
0.549054 0.461732 0
0.551666 0.464841 0
0.552011 0.469093 1
0.552683 0.470191 0
0.554974 0.475703 0
0.56494 0.521886 0
0.535187 0.568664 0
0.522002 0.571514 0
0.519451 0.573556 0
0.517233 0.576017 0
0.516514 0.577651 1
0.509893 0.581809 0
0.502538 0.589975 0
0.495743 0.593391 0
0.488528 0.596717 0
0.481982 0.599304 0
0.475666 0.601612 0
0.469728 0.603637 0
0.463214 0.602371 1
0.460502 0.603945 0
0.45702 0.60455 0
0.452839 0.604895 0
0.447226 0.605166 0
0.444044 0.606764 0
0.443073 0.608934 0
0.458184 0.609748 0
0.30501 0.705635 0
0.323506 0.71319 0
0.321104 0.711857 0
0.321098 0.711382 0
0.320778 0.711036 1
0.318347 0.708013 0
0.316356 0.704767 0
0.309742 0.701208 0
0.308131 0.696205 0
0.301199 0.691584 0
0.294666 0.689891 0
0.29173 0.685007 0
0.289386 0.679212 1
0.287529 0.672963 0
0.286113 0.663004 0
0.2855 0.656223 0
0.285227 0.648843 0
0.286398 0.641579 0
0.287332 0.638468 0
0.290933 0.634459 0
0.288932 0.629566 0
0.293256 0.623671 0
0.292052 0.618433 1
0.288372 0.613056 0
0.288042 0.608897 0
0.287314 0.603388 0
0.284513 0.598676 0
0.253947 0.576793 0
0.25626 0.573223 0
0.254923 0.568271 0
0.256587 0.566083 0
0.258385 0.563723 0
0.259249 0.560055 1
0.260959 0.55845 0
0.311601 0.556029 0
0.307615 0.550693 0
0.311497 0.547666 0
0.316133 0.546123 0
0.320897 0.540385 1
0.323109 0.538324 0
0.32493 0.535829 0
0.328906 0.53157 0
0.331316 0.527864 0
0.33436 0.520426 0
0.339097 0.513794 0
0.344619 0.504573 0
0.348532 0.495777 0
0.350992 0.489475 0
0.352456 0.485879 0
0.353724 0.483956 0
0.354048 0.481772 1
0.353813 0.476617 0
0.355591 0.472878 0
0.355857 0.466846 0
0.359185 0.462411 0
0.361656 0.458956 0
0.363479 0.45093 0
0.366611 0.441924 0
0.36886 0.436534 0
0.370444 0.424966 0
0.3751 0.413096 0
0.379599 0.410389 0
0.38632 0.405644 1
0.385598 0.401454 0
0.389307 0.40221 0
0.388658 0.395485 0
0.389308 0.392078 0
0.392212 0.391021 0
0.392913 0.389892 0
0.393719 0.388761 0
0.389066 0.373549 0
0.452372 0.273101 0
0.467755 0.293232 0
0.471293 0.29779 0
0.472115 0.298521 0
0.471038 0.29739 0
0.469094 0.296577 0
0.474344 0.298938 0
0.469623 0.297563 0
0.472201 0.298905 0
0.475853 0.301486 1
0.482485 0.297597 0
0.486524 0.2984 0
0.494808 0.297072 0
0.502381 0.297645 0
0.508254 0.300616 0
0.517238 0.302173 0
0.529203 0.304339 0
0.538597 0.309637 0
0.539348 0.317217 0
0.545365 0.321807 0
0.553865 0.326191 0
0.555563 0.331529 0
0.560652 0.337531 0
0.565598 0.344193 1
0.568667 0.34912 0
0.572025 0.360557 0
0.577395 0.373592 0
0.582685 0.387791 0
0.585163 0.392685 0
0.591587 0.395441 0
0.595726 0.411348 0
0.591029 0.423982 0
0.591623 0.434104 0
0.596256 0.444268 0
0.591102 0.452308 0
0.589706 0.461005 1
0.59036 0.465651 0
0.590592 0.471466 0
0.591193 0.476586 0
0.588027 0.480502 0
0.589119 0.495574 0
0.581887 0.503696 0
0.568166 0.509598 0
0.525127 0.513423 0
0.525107 0.511853 0
0.525448 0.517449 0
0.521002 0.520129 0
0.519117 0.524065 1
0.512471 0.527023 0
0.501415 0.53 0
0.494807 0.528811 0
0.488722 0.532031 0
0.481932 0.533349 0
0.477744 0.538048 1
0.471554 0.539214 0
0.463753 0.536599 0
0.456515 0.537806 0
0.450255 0.541718 1
0.443407 0.542085 0
0.436623 0.542271 1
0.430316 0.542266 0
0.200939 0.523334 1
0.194636 0.522416 0
0.188467 0.521087 0
0.182212 0.518658 0
0.177209 0.516326 1
0.169272 0.513609 0
0.163769 0.511198 0
0.157271 0.509626 0
0.157688 0.503888 0
0.153273 0.498706 0
0.150877 0.493972 0
0.145337 0.490948 0
0.143881 0.486871 1
0.140543 0.48202 0
0.1381 0.475706 0
0.136155 0.470651 0
0.130812 0.464574 0
0.13074 0.460327 0
0.127973 0.455315 0
0.13136 0.446938 0
0.130076 0.440549 1
0.126424 0.43504 0
0.125733 0.429642 0
0.122231 0.419897 0
0.119168 0.416224 0
0.118709 0.407782 0
0.119368 0.400195 0
0.119237 0.393027 0
0.119569 0.3855 0
0.121706 0.380165 0
0.122489 0.375585 0
0.127163 0.37101 0
0.13201 0.363284 0
0.134156 0.359974 0
0.136207 0.358444 0
0.137134 0.354238 0
0.143556 0.351731 0
0.148187 0.348579 0
0.150946 0.346628 1
0.151885 0.34469 0
0.153042 0.34136 0
0.153269 0.33776 0
0.157496 0.33429 0
0.157881 0.324951 0
0.157317 0.315457 0
0.160482 0.324378 0
0.165176 0.319589 0
0.166141 0.315966 0
0.167537 0.31043 0
0.173744 0.305177 0
0.191254 0.297588 0
0.201699 0.292208 0
0.208986 0.283448 0
0.217483 0.280256 0
0.222492 0.276272 0
0.227272 0.27226 0
0.228602 0.267944 0
0.234235 0.26542 0
0.235743 0.261475 1
0.240722 0.257195 0
0.245357 0.253242 0
0.250223 0.249141 0
0.253448 0.243016 0
0.258306 0.242668 0
0.262097 0.232218 0
0.269903 0.230708 0
0.277603 0.22992 0
0.28015 0.222401 0
0.283884 0.219194 0
0.290566 0.218704 0
0.295151 0.215383 1
0.297126 0.212067 0
0.303158 0.206571 0
0.30512 0.202476 0
0.313763 0.199389 0
0.317423 0.195547 0
0.323144 0.192157 0
0.329181 0.190651 0
0.337703 0.188485 0
0.345281 0.184598 0
0.349107 0.182972 0
0.354644 0.181271 0
0.359535 0.181064 0
0.362469 0.179832 0
0.36838 0.181135 1
0.370423 0.178325 0
0.374308 0.174796 0
0.377321 0.170514 0
0.379932 0.168857 0
0.384247 0.168687 0
0.393318 0.164768 0
0.392087 0.158581 0
0.396843 0.154457 0
0.404632 0.151296 0
0.414118 0.15212 0
0.42413 0.148708 0
0.422128 0.146494 0
0.423525 0.144135 0
0.430275 0.142979 0
0.434803 0.141087 0
0.443835 0.143906 0
0.45215 0.142112 0
0.454838 0.140563 0
0.458831 0.136381 0
0.459557 0.136676 0
0.46159 0.134567 0
0.464569 0.134248 0
0.469571 0.136042 0
0.473885 0.136743 1
0.47774 0.131676 0
0.483048 0.130028 0
0.483679 0.126964 0
0.483389 0.123859 0
0.484103 0.119666 0
0.486205 0.115572 0
0.488058 0.113235 0
0.491838 0.110764 0
0.493677 0.106058 0
0.5 0.102251 0
0.502419 0.0987106 0
0.503967 0.0958124 0
0.50671 0.0936423 0
0.509222 0.0907981 1
0.508826 0.0892501 0
0.507682 0.0858709 0
0.505287 0.0809218 0
0.504013 0.0780319 0
0.503272 0.0767753 0
0.500187 0.079724 0
0.496414 0.0736284 0
0.495615 0.0705396 0
0.492549 0.0669599 0
0.492044 0.0625326 0
0.490201 0.0587912 0
0.490181 0.056092 0
0.487915 0.052556 0
0.485544 0.0433863 0
0.485457 0.0415863 0
0.483866 0.0378535 1
0.483321 0.0372195 0
0.480647 0.0381647 0
0.47794 0.0367521 0
0.482645 0.030832 0
0.479985 0.0275072 0
0.477435 0.0258131 0
0.475789 0.0219014 0
0.471642 0.0221482 0
0.468141 0.0212002 0
0.461149 0.0229028 0
0.454874 0.0191255 0
0.44753 0.0142845 0
0.434646 0.0168916 0
0.4294 0.0187174 0
0.425982 0.0144448 0
0.414758 0.0205967 0
0.407123 0.0240411 0
0.396545 0.0282719 0
0.39031 0.0275388 0
0.384403 0.0271756 0
0.379282 0.0279863 0
0.373473 0.0277249 1
0.367233 0.0266622 0
0.362416 0.0234694 0
0.358363 0.0213921 0
0.354415 0.0185425 0
0.351194 0.0127835 0
0.344257 0.0129057 0
0.339612 0.0112072 0
0.336174 0.00848432 0
0.328136 0.0114332 0
0.324805 0.0115829 1
0.320389 0.0136789 0
0.314286 0.0135456 0
0.310201 0.00965111 0
0.306756 0.00867099 0
0.302607 0.0133562 0
0.295623 0.0129079 0
0.29255 0.0158986 0
0.286286 0.0213947 0
0.278695 0.0205823 0
0.271635 0.0235252 0
0.2694 0.0258071 0
0.265247 0.024286 0
0.260352 0.0238898 0
0.255805 0.028454 0
0.251242 0.0301015 0
0.247822 0.0310073 1
0.242227 0.0324237 0
0.235428 0.0366953 0
0.231168 0.0369262 0
0.226398 0.0371826 0
0.221475 0.0370694 0
0.216657 0.0332627 0
0.210803 0.0350809 0
0.206051 0.0342143 0
0.203108 0.033096 0
0.197512 0.0307146 0
0.194965 0.0364582 0
0.190497 0.0382652 0
0.186648 0.0399034 0
0.183028 0.0440553 0
0.176657 0.0472398 0
0.174051 0.0492181 1
0.169141 0.0481768 0
0.16435 0.0485454 0
0.161488 0.0496019 0
0.152898 0.0443985 0
0.142321 0.0304452 0
0.137284 0.0477721 0
0.133625 0.0494731 0
0.12509 0.0333679 0
0.117906 0.0246969 0
0.113219 0.0279676 0
0.106234 0.0454208 0
0.102362 0.0501742 0
0.0957782 0.0500814 0
0.0924042 0.048241 1
0.0919032 0.0403662 0
0.0899437 0.0329094 0
0.0854746 0.0138274 0
0.0806676 0.0163462 0
0.0800865 0.0310668 0
0.0776224 0.0260015 0
0.0746688 0.0289539 0
0.0723938 0.0216347 0
0.0718461 0.0166996 0
0.0708508 0.0157816 0
0.0669399 0.00800968 0
0.067031 0.013362 0
0.0638824 0.012065 0
0.0621652 0.00555761 0
0.0593573 0 0
0.0578731 0.000647448 1
0.0558951 0.00700474 0
0.0543621 0.0307564 0
0.0522948 0.0300282 0
0.049732 0.0292629 0
0.0462438 0.0238506 0
0.0413797 0.0169615 0
0.0450653 0.0116254 0
0.0274487 0.010675 0
0.0227044 0.0200563 0
0.0277034 0.0319732 0
0.0327316 0.0473877 0
0.0368342 0.0436992 1
0.0331088 0.0388039 0
0.0353294 0.0438429 0
0.0194116 0.053846 0
0 0.0440606 0
0.00207562 0.0480338 0
1.14968e-05 0.0526308 1
0.000401957 0.0550847 0
0.0113372 0.0746714 0
0.0135739 0.0749904 0
0.0132135 0.0763279 0
0.0198929 0.0810149 0
0.0243321 0.0837579 0
0.0291961 0.0844289 0
0.0349694 0.0857923 0
0.0335164 0.0938394 0
0.0333594 0.10001 0
0.0321403 0.104042 0
0.031289 0.108023 0
0.0316956 0.114158 0
0.0315821 0.118952 0
0.0311308 0.128368 0
0.0266119 0.132494 0
0.0235634 0.134527 0
0.0244349 0.139094 0
0.0274466 0.144222 0
0.0271184 0.147324 0
0.0263377 0.149957 0
0.0245397 0.151144 1
0.0277136 0.152118 0
0.0289107 0.155551 0
0.0282832 0.156701 0
0.0309135 0.157522 0
0.031563 0.159378 0
0.0325676 0.159861 0
0.033231 0.158983 0
0.0403202 0.160647 0
0.0412823 0.160692 0
0.0412861 0.159778 0
0.0383026 0.155964 0
0.0473346 0.159702 0
0.0427901 0.156624 0
0.0504399 0.158706 0
0.0495566 0.15762 0
0.0497917 0.157761 0
0.058245 0.160988 0
0.0638793 0.164145 0
0.0580099 0.16038 0
0.0636131 0.167201 0
0.072392 0.171158 0
0.0687617 0.169787 0
0.0763651 0.17385 0
0.0856836 0.176952 0
0.0878726 0.178797 0
0.0885792 0.178437 0
0.0952538 0.181028 0
0.101133 0.184189 1
0.106476 0.174957 0
0.128371 0.152703 0
0.122244 0.169153 0
0.134582 0.157181 0
0.133375 0.157898 0
0.133994 0.158974 0
0.13347 0.161613 0
0.133053 0.16253 1
0.133053 0.16253 0
0.133053 0.16253 0
0.133055 0.162526 0
0.133073 0.162519 0
0.132967 0.16259 0
0.131705 0.162387 0
0.132896 0.162491 0
0.133072 0.162537 0
0.133061 0.162501 0
0.133398 0.162006 0
0.133634 0.166089 0
0.134419 0.110194 0
