0.68759 0.580869 1
0.69406 0.580893 0
0.702019 0.583719 0
0.702992 0.580748 0
0.712533 0.583152 0
0.720372 0.581159 0
0.737605 0.580047 0
0.752325 0.578134 0
0.768986 0.569892 0
0.788744 0.566725 0
0.803009 0.564516 0
0.819134 0.560451 0
0.836469 0.563881 0
0.846845 0.563923 0
0.859008 0.56357 0
0.867832 0.558899 0
0.872575 0.554694 1
0.875003 0.551542 0
0.875294 0.545694 0
0.872671 0.539939 0
0.863318 0.530015 0
0.85513 0.531168 0
0.857562 0.521639 0
0.865449 0.518635 0
0.865739 0.510586 0
0.862318 0.495136 0
0.857686 0.482896 0
0.859588 0.469644 0
0.859816 0.458818 0
0.860827 0.450776 0
0.857205 0.43563 0
0.855545 0.420859 0
0.850243 0.410824 1
0.840139 0.398082 0
0.804791 0.812687 1
0.818422 0.366911 0
0.81017 0.354545 1
0.800736 0.339217 0
0.788854 0.329307 0
0.776778 0.316901 0
0.778585 0.293848 1
0.774365 0.276155 0
0.75755 0.25093 0
0.747825 0.242359 0
0.740057 0.231517 0
0.72282 0.219218 0
0.708824 0.204266 0
0.692035 0.1782 0
0.672609 0.179887 1
0.667542 0.158348 0
0.6482 0.141931 0
0.626708 0.125316 0
0.607506 0.113026 0
0.592068 0.101816 0
0.569793 0.0975251 1
0.558922 0.083447 0
0.553279 0.064356 0
0.543043 0.0532034 0
0.537111 0.0409977 0
0.522509 0.0336304 0
0.509395 0.0279056 0
0.493073 0.0313171 0
0.491644 0.027249 0
0.468378 0.0318088 0
0.459894 0.0288487 1
0.448256 0.0210527 0
0.43665 0.0182523 0
0.426116 0.00634508 0
0.414807 0.00462549 0
0.409111 0.00652806 0
0.402893 0 0
0.365739 0.0121392 0
0.355781 0.0089307 0
0.339995 0.00744797 0
0.33331 0.00713995 0
0.326554 0.00841713 0
0.30563 0.0157845 1
0.29249 0.0183094 0
0.283317 0.0196038 0
0.265459 0.0170796 0
0.254299 0.0279425 0
0.242544 0.0331432 0
0.227261 0.0473396 1
0.218187 0.0402702 0
0.199804 0.0352192 0
0.187503 0.202015 0
0.193517 0.207785 0
0.156837 0.232307 0
0 0.312388 0
0.0132925 0.319039 0
0.0206969 0.306514 0
0.0170034 0.294422 0
0.0195683 0.290408 0
0.0139212 0.287939 0
0.0171702 0.289989 0
0.019688 0.287714 0
0.0212443 0.290944 1
0.0303838 0.293293 0
0.0365562 0.29849 0
0.0488931 0.299264 0
0.0543639 0.311025 0
0.0715735 0.301926 0
0.0676004 0.31147 0
0.0799751 0.311954 0
0.0841345 0.313667 1
0.0845555 0.312946 0
0.0877061 0.313504 0
0.130065 0.324241 0
0.174863 0.327425 0
0.224425 0.392911 0
0.20931 0.370677 0
0.226424 0.393896 0
0.231252 0.418778 1
0.24866 0.425209 0
0.242364 0.440183 0
0.265924 0.440568 0
0.274194 0.449102 0
0.288911 0.454278 0
0.312417 0.460308 0
0.335303 0.46988 0
0.355461 0.498682 0
0.37808 0.515862 0
0.403683 0.587282 0
0.420187 0.59131 0
0.421714 0.606136 0
0.436985 0.613 0
0.446105 0.619374 0
0.449847 0.631148 0
0.461069 0.640053 0
0.474229 0.64375 0
0.480181 0.652669 0
0.485298 0.655101 0
0.490148 0.658383 1
0.497026 0.659549 0
0.503107 0.662351 0
0.506036 0.666539 0
0.509279 0.666688 0
0.513302 0.664001 0
0.519188 0.663527 0
0.521993 0.664671 0
0.525644 0.668687 0
0.537721 0.668949 0
0.558925 0.680529 0
0.568405 0.708198 0
0.583109 0.71505 0
0.601386 0.715336 0
0.628402 0.711359 0
0.640935 0.713733 0
0.659822 0.712447 0
0.676651 0.710776 0
0.695965 0.695468 0
0.715213 0.682406 0
0.729771 0.685755 0
0.749774 0.684219 0
0.770055 0.671045 0
0.789127 0.643382 0
0.814727 0.648582 0
0.846694 0.650552 0
0.878797 0.648853 0
0.919653 0.641583 0
0.945157 0.635536 0
0.940632 0.631703 0
0.950016 0.627923 0
0.947417 0.632689 0
0.948684 0.633872 0
0.947576 0.631744 0
0.947788 0.63559 0
0.93784 0.642527 0
0.952887 0.650581 0
0.938463 0.650613 0
0.947239 0.6578 0
0.972718 0.662543 0
0.96994 0.652581 0
0.978645 0.662516 0
0.754038 0.462938 0
0.766833 0.448264 0
0.761279 0.432877 0
0.764084 0.413718 0
0.765348 0.393845 0
0.755323 0.377491 0
0.745961 0.358054 0
0.73834 0.345398 0
0.727958 0.320147 0
0.715511 0.303638 0
0.704764 0.302109 0
0.697161 0.286368 0
0.686071 0.265798 0
0.677918 0.259713 0
0.66435 0.252324 0
0.655562 0.238351 0
0.634089 0.238853 0
0.622577 0.230451 0
0.608723 0.217537 0
0.602075 0.205447 0
0.589466 0.208528 0
0.545715 0.225341 0
0.523484 0.223522 0
0.499653 0.224068 0
0.489199 0.215911 0
0.477203 0.20507 0
0.47507 0.206164 0
0.460896 0.201364 0
0.45828 0.199511 0
0.45569 0.199501 0
0.448191 0.194437 0
0.446723 0.195075 0
0.443062 0.192865 1
0.436075 0.191457 0
0.425051 0.18503 0
0.413845 0.183363 0
0.397567 0.177791 0
0.389353 0.17383 0
0.377945 0.170149 0
0.36285 0.162354 0
0.346877 0.160794 0
0.333518 0.152941 0
0.324916 0.141142 0
0.315423 0.154567 0
0.302123 0.159176 0
0.2955 0.161554 0
0.285017 0.163235 0
0.269986 0.161227 0
0.259786 0.163045 1
0.250844 0.163052 0
0.240418 0.163887 0
0.227508 0.168488 0
0.212215 0.168804 0
0.201229 0.169844 0
0.189018 0.17016 0
0.172389 0.170743 0
0.154247 0.183622 0
0.135633 0.193043 0
0.115614 0.192557 0
0.0950742 0.192434 0
0.0679051 0.195893 0
0.0567824 0.197536 0
0.0558726 0.198601 0
0.0603005 0.201582 0
0.0681483 0.210744 0
0.0826719 0.220073 0
0.0956781 0.228943 0
0.104549 0.230164 0
0.102105 0.235075 0
0.110547 0.235142 0
0.126727 0.235128 0
0.144463 0.228719 0
0.14539 0.238004 0
0.14105 0.2562 0
0.166589 0.293065 0
0.197229 0.322173 0
0.223978 0.33692 0
0.236986 0.363619 0
0.259428 0.389208 0
0.226393 0.447839 0
0.23549 0.454931 0
0.234499 0.467358 0
0.231815 0.472822 1
0.235609 0.474905 0
0.241512 0.47949 0
0.251423 0.483365 0
0.292105 0.475168 0
0.291129 0.480726 0
0.325752 0.482893 0
0.389243 0.588415 0
0.372366 0.615738 0
0.350484 0.64071 0
0.356539 0.652758 0
0.35377 0.662181 0
0.35146 0.670315 0
0.350249 0.681148 0
0.352782 0.685848 1
0.35977 0.697194 0
0.368928 0.708637 0
0.376524 0.722625 0
0.382485 0.73169 0
0.396091 0.738696 0
0.406618 0.746123 1
0.416353 0.755563 0
0.42852 0.762956 0
0.437176 0.770497 0
0.442752 0.777727 1
0.447319 0.783758 0
0.441755 0.800918 0
0.608209 0.655636 0
0.59939 0.636396 0
0.605922 0.635099 0
0.60805 0.631546 0
0.613462 0.631817 0
0.621896 0.63076 1
0.624111 0.627727 0
0.624936 0.625245 0
0.625797 0.629639 0
0.628508 0.629894 0
0.631055 0.630265 0
0.633473 0.631365 0
0.638224 0.632214 0
0.637598 0.619327 0
0.757195 0.805405 0
0.762728 0.793045 0
0.802249 0.732495 0
1 0.6004 0
0.971873 0.581819 0
0.974587 0.579865 0
0.981254 0.582492 0
0.976007 0.574871 0
0.981421 0.579453 0
0.986065 0.577459 1
0.99223 0.572588 0
0.991025 0.556768 0
0.989313 0.543775 0
0.990136 0.528517 0
0.978194 0.517216 0
0.973172 0.503837 0
0.965681 0.492715 0
0.967405 0.486008 0
0.973611 0.485269 0
0.955993 0.464575 0
0.951903 0.45539 0
0.954635 0.450528 1
0.954028 0.43598 0
0.953453 0.406668 0
0.955071 0.386867 0
0.946177 0.372213 0
0.939194 0.351171 0
0.925483 0.355544 0
0.898619 0.348623 0
0.891611 0.333308 0
0.864626 0.328176 0
0.85467 0.328038 1
0.851217 0.326207 0
0.832521 0.310313 0
0.690828 0.98251 0
0.741393 0.303234 0
0.737033 0.277677 0
0.734089 0.268688 0
0.728007 0.259347 0
0.709324 0.24855 0
0.690301 0.233625 0
0.67367 0.223674 0
0.648743 0.214313 0
0.63104 0.207399 0
0.601272 0.189639 0
0.592839 0.186074 0
0.575021 0.172307 0
0.56784 0.166433 0
0.56268 0.168927 0
0.556513 0.165692 1
0.543843 0.162306 0
0.162178 0.475883 1
0.519914 0.151852 0
0.507661 0.145966 1
0.500226 0.13881 0
0.483272 0.130846 0
0.467928 0.12599 0
0.459621 0.119941 0
0.448348 0.115127 0
0.435502 0.109279 1
0.434838 0.109292 0
0.416406 0.106086 0
0.414912 0.107817 0
0.405817 0.108165 0
0.386227 0.108546 0
0.36589 0.111959 0
0.359513 0.112214 0
0.343665 0.114102 0
0.328703 0.107205 0
0.316364 0.106459 0
0.302679 0.112788 0
0.287399 0.111025 0
0.260967 0.106182 0
0.257679 0.107911 0
0.256454 0.107758 0
0.248055 0.10586 1
0.240983 0.109052 0
0.235409 0.113464 0
0.22036 0.115374 0
0.210622 0.117651 0
0.178017 0.117835 0
0.141813 0.117311 0
0.117618 0.114941 0
0.0952377 0.114381 0
0.0791999 0.109064 0
0.0709981 0.10622 0
0.068334 0.106353 0
0.0674578 0.10664 1
0.0716318 0.117156 0
0.0740084 0.125411 0
0.0817317 0.124281 0
0.0952276 0.129796 0
0.0972134 0.147569 0
0.0999836 0.147593 0
0.103879 0.139864 0
0.100382 0.15867 0
0.101544 0.166489 0
0.0974487 0.177938 0
0.103293 0.194485 0
0.154728 0.289222 0
0.19301 0.324743 0
0.239628 0.374294 0
0.246706 0.385403 0
0.26863 0.396134 0
0.275036 0.414505 0
0.260601 0.438309 0
0.25679 0.461682 0
0.266177 0.471021 0
0.285274 0.470441 0
0.293362 0.476304 0
0.317055 0.478744 0
0.324467 0.479758 0
0.358918 0.505358 0
0.402689 0.557119 0
0.39643 0.578551 0
0.399859 0.589649 0
0.396989 0.608072 0
0.401765 0.604957 0
0.414378 0.615681 0
0.415846 0.624212 0
0.423145 0.632786 0
0.433954 0.634753 0
0.43361 0.641822 0
0.43157 0.647644 0
0.440998 0.646615 0
0.452926 0.652184 0
0.46873 0.688598 0
0.509472 0.739772 0
0.512213 0.739606 0
0.517952 0.746144 0
0.518284 0.749883 0
0.522193 0.751654 1
0.534449 0.750907 0
0.543158 0.751705 0
0.554906 0.758732 0
0.571942 0.73977 0
0.582825 0.747797 0
0.594236 0.750563 0
0.617406 0.753338 0
0.613836 0.794616 1
0.628907 0.788396 0
0.653969 0.759695 0
0.679826 0.740067 0
0.687364 0.75116 0
0.710903 0.742167 0
0.727246 0.751102 0
0.739442 0.756985 0
0.755572 0.764204 1
0.765926 0.754882 0
0.794402 0.733172 0
0.816994 0.740843 0
0.831379 0.758856 1
0.842361 0.756604 0
0.859048 0.720057 0
0.907172 0.708324 0
0.878015 0.698805 0
0.869511 0.757464 0
0.870729 0.758601 1
0.876693 0.7622 0
0.880436 0.752972 0
0.89335 0.768972 0
0.914344 0.771193 0
0.918822 0.767426 0
0.917779 0.768917 1
0.912246 0.765039 0
0.913765 0.758229 0
0.901489 0.737231 0
0.92758 0.731924 1
0.959086 0.754712 0
0.95185 0.712561 0
0.916195 0.702402 0
0.738244 0.418259 0
0.719878 0.46279 0
0.716133 0.447635 0
0.711074 0.460351 0
0.709864 0.458169 0
0.702167 0.44075 0
0.700631 0.472665 1
0.68325 0.414183 0
0.680818 0.429895 1
0.667113 0.429581 0
0.659747 0.415358 0
0.644587 0.403909 0
0.639888 0.407922 0
0.635684 0.410172 0
0.622574 0.397534 0
0.609819 0.385345 0
0.59398 0.368513 1
0.585891 0.364886 0
0.219156 0.575096 1
0.56747 0.358757 0
0.558205 0.357078 1
0.551165 0.354256 0
0.560357 0.337687 1
0.538802 0.341194 0
0.525035 0.315035 0
0.532289 0.323095 0
