0.24875 0.62927 1
0.259161 0.633382 0
0.273926 0.643907 0
0.294427 0.655537 0
0.312533 0.663 0
0.338056 0.658991 0
0.354006 0.664423 1
0.372816 0.669386 0
0.395651 0.67539 0
0.410502 0.687562 0
0.424354 0.693221 0
0.444648 0.69009 0
0.462625 0.695025 1
0.476877 0.697606 0
0.491406 0.698876 0
0.51335 0.705539 0
0.524653 0.715821 0
0.538089 0.716216 0
0.552146 0.715045 0
0.564304 0.717734 0
0.58362 0.70817 0
0.594833 0.700567 0
0.608647 0.696739 1
0.630132 0.694546 0
0.640965 0.689578 0
0.654702 0.690676 0
0.673457 0.684295 0
0.687591 0.678755 0
0.705285 0.677235 0
0.710293 0.67244 0
0.720841 0.659208 0
0.741833 0.635184 0
0.75289 0.628144 1
0.766012 0.62661 0
0.782275 0.625629 0
0.796985 0.616874 0
0.813731 0.606234 0
0.828847 0.593336 0
0.843478 0.581345 0
0.850244 0.567206 0
0.863183 0.551789 0
0.873319 0.531504 0
0.875619 0.517066 1
0.881652 0.512129 0
0.88773 0.507166 0
0.889555 0.504691 0
0.918096 0.490555 0
0.91033 0.445956 0
0.900518 0.421377 0
0.892662 0.398794 0
0.891715 0.373416 0
0.910028 0.342751 0
0.901986 0.313033 0
0.905193 0.303057 0
0.903204 0.295614 0
0.904757 0.297569 0
0.904366 0.293952 0
0.902089 0.290224 0
0.904015 0.280804 0
0.903139 0.277634 0
0.900287 0.266042 0
0.901344 0.255128 0
0.898428 0.247899 1
0.88998 0.238928 0
0.883583 0.233149 0
0.869135 0.221329 0
0.841942 0.209271 0
0.823852 0.197425 0
0.809065 0.186715 0
0.793819 0.176781 0
0.772489 0.177726 0
0.750432 0.171885 0
0.736421 0.149951 0
0.706974 0.152111 0
0.673991 0.148577 0
0.64697 0.145191 0
0.636392 0.15069 0
0.617169 0.146798 0
0.600619 0.135828 0
0.588561 0.131413 0
0.582019 0.135364 0
0.575633 0.126345 0
0.555261 0.126258 1
0.544738 0.126099 0
0.521721 0.117656 0
0.505306 0.111848 0
0.493803 0.106317 0
0.471486 0.100669 0
0.44445 0.0864857 0
0.385582 0.0420579 0
0.373116 0.0468579 0
0.366436 0.0527992 0
0.358373 0.063105 0
0.347937 0.0676897 0
0.339952 0.0666001 1
0.322813 0.0625401 0
0.313655 0.0650619 0
0.295827 0.0909968 0
0.28289 0.0945308 0
0.269518 0.0945263 0
0.261652 0.100417 0
0.252565 0.122263 0
0.240285 0.130057 1
0.232589 0.143303 0
0.223368 0.157414 0
0.220171 0.168228 0
0.201869 0.17419 0
0.196141 0.188333 0
0.169638 0.192118 1
0.155095 0.202678 0
0.147431 0.213216 0
0.14242 0.231455 0
0.127759 0.236298 0
0.115485 0.248943 0
0.103281 0.262002 1
0.0911725 0.264745 0
0.0760638 0.278665 0
0.0633749 0.300115 0
0.0409824 0.322426 1
0.0324906 0.325477 0
0.0155896 0.336891 0
0.0139343 0.34497 0
0.00729694 0.369207 1
0.00242151 0.379169 0
0 0.389214 0
0.000598424 0.39307 0
0.0046154 0.39902 0
0.0087154 0.406589 0
0.0127786 0.413478 1
0.0131538 0.424548 0
0.0221451 0.438727 0
0.0245109 0.448834 0
0.0283791 0.462248 0
0.0381313 0.468914 0
0.0496578 0.477133 0
0.0647432 0.487362 0
0.0709069 0.489322 0
0.0797111 0.499199 0
0.0914677 0.506704 1
0.102447 0.513104 0
0.118307 0.513109 0
0.130492 0.530189 0
0.141512 0.539238 1
0.164176 0.564219 0
0.189415 0.572854 0
0.217026 0.573417 0
0.226867 0.577951 1
0.241339 0.583043 0
0.256707 0.579154 0
0.27952 0.583861 0
0.295222 0.594253 0
0.312665 0.602736 0
0.325336 0.603778 0
0.338506 0.609294 0
0.35422 0.620821 0
0.373002 0.625076 0
0.388866 0.625612 0
0.405672 0.625247 0
0.418155 0.621072 0
0.435333 0.625303 0
0.450084 0.616916 0
0.469854 0.619127 0
0.479832 0.621636 0
0.498041 0.621859 0
0.508997 0.609685 0
0.523172 0.595715 0
0.537525 0.589536 0
0.549355 0.581607 0
0.562502 0.571272 0
0.576201 0.573277 0
0.596122 0.58301 0
0.613755 0.57017 0
0.631751 0.57224 0
0.644695 0.5767 0
0.655926 0.580189 0
0.662651 0.584908 0
0.674729 0.589853 0
0.676852 0.588055 0
0.736278 0.610408 0
0.722972 0.602529 0
0.725607 0.590091 0
0.732209 0.576918 0
0.729571 0.557044 0
0.774257 0.570521 0
0.784477 0.559326 0
0.785649 0.540822 0
0.806561 0.537819 0
0.807375 0.525594 0
0.826481 0.512668 0
0.801173 0.476204 0
0.811849 0.466234 0
0.82488 0.455738 0
0.833386 0.450564 0
0.828802 0.440363 0
0.833567 0.42974 0
0.841109 0.416866 0
0.850944 0.410231 0
0.844095 0.395265 0
0.846978 0.381649 0
0.856231 0.365305 0
0.872185 0.346898 0
0.867018 0.332119 0
0.868783 0.330442 0
0.864636 0.325268 0
0.858665 0.320027 0
0.861449 0.318637 0
0.857193 0.315317 0
0.84799 0.306677 0
0.843564 0.304488 1
0.84744 0.298121 0
0.84686 0.293679 0
0.849914 0.287159 0
0.845938 0.283491 0
0.838494 0.276026 0
0.822037 0.273489 0
0.815516 0.255759 0
0.801146 0.240071 0
0.779036 0.247397 0
0.776749 0.216859 0
0.769027 0.197261 0
0.748299 0.198733 0
0.735457 0.193376 0
0.735863 0.157484 0
0.722304 0.145772 0
0.695369 0.151496 0
0.672732 0.149574 0
0.654859 0.140676 0
0.635309 0.136028 0
0.615834 0.121191 0
0.596271 0.110019 0
0.559427 0.0966013 0
0.522288 0.0931209 0
0.51855 0.0914029 0
0.516184 0.0910194 0
0.515516 0.0904448 1
0.505916 0.0917424 0
0.49996 0.0950411 0
0.495084 0.0948052 0
0.486687 0.0940271 0
0.470723 0.0881574 0
0.435766 0.0810806 0
0.410074 0.0598726 0
0.400067 0.0770053 0
0.3832 0.0796098 0
0.36788 0.0881196 0
0.352568 0.0971838 0
0.338813 0.104242 0
0.323674 0.115362 0
0.310295 0.122469 0
0.305175 0.130871 0
0.303289 0.144499 0
0.311943 0.162571 0
0.27596 0.153917 0
0.263924 0.163811 0
0.252438 0.171623 0
0.243602 0.185246 0
0.234912 0.196559 0
0.222945 0.208092 0
0.203019 0.218241 0
0.191329 0.228596 0
0.180825 0.244596 0
0.181693 0.267711 0
0.16209 0.273282 0
0.149 0.292412 0
0.134458 0.305986 0
0.134183 0.321679 0
0.143356 0.359356 0
0.135068 0.380368 0
0.115576 0.401056 0
0.10087 0.403039 0
0.0956815 0.407486 1
0.090534 0.409686 0
0.0818859 0.414119 0
0.0845487 0.412395 0
0.0783153 0.413229 0
0.0615555 0.411305 0
0.0736093 0.419113 0
0.0849022 0.42388 0
0.0839618 0.432725 0
0.0941023 0.427582 0
0.101673 0.439931 0
0.110772 0.442776 0
0.111202 0.461897 0
0.114456 0.471692 0
0.124044 0.476333 0
0.139679 0.48065 0
0.158855 0.486114 0
0.183747 0.498547 0
0.205694 0.504689 0
0.210802 0.502645 0
0.222647 0.514765 1
0.241668 0.513879 0
0.265032 0.510922 0
0.282454 0.520831 0
0.292552 0.524138 0
0.298353 0.530591 0
0.313704 0.532738 0
0.333167 0.539648 0
0.346035 0.554126 0
0.365404 0.553614 0
0.377762 0.569348 1
0.393087 0.57418 0
0.404911 0.577322 0
0.426216 0.583406 0
0.438003 0.583958 1
0.450164 0.587509 0
0.466407 0.586685 0
0.479365 0.592897 0
0.489319 0.582888 0
0.50635 0.57916 0
0.518152 0.578235 0
0.530882 0.572457 0
0.546817 0.565199 0
0.560113 0.560472 0
0.577979 0.560658 0
0.595683 0.565955 0
0.611965 0.564038 0
0.627745 0.573272 0
0.645183 0.579922 0
0.658004 0.571339 0
0.672559 0.571839 0
0.686645 0.574542 0
0.697511 0.576557 0
0.727075 0.588664 0
0.736721 0.584675 0
0.742936 0.579551 0
0.750483 0.569363 1
0.764135 0.561787 0
0.776903 0.553309 0
0.791635 0.542639 0
0.802999 0.533261 0
0.816507 0.522518 0
0.829949 0.510189 0
0.840528 0.498671 0
0.852907 0.485791 1
0.864067 0.474396 0
0.887205 0.454185 0
0.927703 0.439987 0
0.945926 0.423939 1
0.955517 0.405947 0
0.963034 0.390221 0
0.985989 0.34626 0
0.987602 0.341238 0
0.988775 0.301227 0
0.987634 0.279488 0
0.998871 0.270445 0
0.998269 0.262417 1
1 0.251877 0
0.999355 0.24443 0
0.987371 0.231582 0
0.981457 0.221938 0
0.977671 0.216655 0
0.971164 0.207232 0
0.960045 0.20196 0
0.95145 0.198018 1
0.941165 0.190921 0
0.929791 0.17492 0
0.916004 0.165717 0
0.899802 0.165037 1
0.877097 0.140226 0
0.853205 0.141457 0
0.832395 0.131595 0
0.818232 0.125519 1
0.800556 0.118824 0
0.781739 0.111671 0
0.765765 0.105508 0
0.74869 0.10011 1
0.726476 0.0922755 0
0.703518 0.080342 1
0.688056 0.0653494 0
0.661036 0.067879 0
0.642246 0.0527212 0
0.621849 0.058166 0
0.605593 0.0545137 0
0.586954 0.033618 0
0.572929 0.0484293 0
0.56353 0.0334546 1
0.550743 0.008653 0
0.536948 0.00613395 0
0.515132 0.0231096 0
0.50794 0.0236697 1
0.491031 0.020544 0
0.481121 0.0133147 0
0.465645 0 0
0.411262 0.138632 0
0.408895 0.146557 0
0.39687 0.159203 1
0.39364 0.162558 0
0.389266 0.165116 0
0.362849 0.163379 0
0.349886 0.165099 0
0.336852 0.171882 0
0.325832 0.170464 0
0.315888 0.179117 0
0.304716 0.186076 0
0.288929 0.192491 0
0.282973 0.206212 0
0.264832 0.211085 0
0.256473 0.223199 0
0.238835 0.23171 0
0.208891 0.22647 0
0.208893 0.249915 0
0.200799 0.271075 0
0.184769 0.279651 0
0.167045 0.290486 0
0.143683 0.299091 0
0.140821 0.31076 0
0.135534 0.316409 0
0.138895 0.330506 0
0.123269 0.333722 0
0.10479 0.347349 0
0.0804563 0.354887 0
0.070092 0.363679 0
0.065286 0.365963 0
0.0643519 0.368332 1
