0.135832 0.73506 1
0.137149 0.745811 0
0.134185 0.760289 0
0.136958 0.768381 0
0.154555 0.77022 1
0.159429 0.784704 0
0.168982 0.796939 0
0.175659 0.807866 0
0.184211 0.814995 0
0.196156 0.821382 0
0.207356 0.831286 0
0.216951 0.842259 0
0.225079 0.852538 1
0.23851 0.864071 0
0.251519 0.875137 0
0.261013 0.882664 0
0.271831 0.891175 0
0.282152 0.898571 0
0.295966 0.906781 0
0.303085 0.917845 0
0.316023 0.912132 1
0.333545 0.917433 0
0.336516 0.927727 0
0.349487 0.930177 0
0.357607 0.91739 0
0.367804 0.913821 0
0.374096 0.903592 0
0.386923 0.904998 0
0.394474 0.892051 0
0.408387 0.897433 0
0.419128 0.894587 0
0.42188 0.882507 0
0.417629 0.869647 1
0.408319 0.860493 0
0.410634 0.845624 0
0.411813 0.828176 0
0.41569 0.817241 0
0.419253 0.805345 0
0.424765 0.792559 0
0.429519 0.77993 0
0.434084 0.766815 0
0.438696 0.755753 0
0.444858 0.741088 0
0.451505 0.725606 0
0.457706 0.711571 0
0.465356 0.693984 0
0.472687 0.675615 0
0.477846 0.660793 0
0.482193 0.646206 0
0.485636 0.633055 0
0.486472 0.622311 0
0.489185 0.610035 0
0.487333 0.596122 0
0.489789 0.584677 0
0.48633 0.572635 0
0.485994 0.559806 0
0.486547 0.5469 0
0.486816 0.532791 0
0.483197 0.519231 0
0.483728 0.507582 0
0.483365 0.490922 0
0.503409 0.448493 0
0.501613 0.431808 0
0.504224 0.416563 0
0.508443 0.402766 0
0.504625 0.390273 0
0.498183 0.376231 1
0.491915 0.363122 0
0.483447 0.351559 1
0.473264 0.339385 0
0 0.30731 1
0.448946 0.310526 0
0.441546 0.297212 1
0.441269 0.282903 0
0.43232 0.269624 0
0.43037 0.253184 0
0.413505 0.250827 0
0.409432 0.232352 0
0.400579 0.219171 1
0.389454 0.202106 0
0.379005 0.18663 1
0.367399 0.173874 0
0.350762 0.158978 0
0.335551 0.143394 0
0.324294 0.129266 0
0.311006 0.110236 0
0.303371 0.0998829 0
0.291905 0.086657 0
0.278965 0.0746195 0
0.266694 0.0648281 0
0.254262 0.0590463 0
0.24697 0.0503279 0
0.235424 0.0504712 0
0.227657 0.0603956 0
0.215813 0.0517089 0
0.204708 0.0572071 0
0.201176 0.071472 0
0.187343 0.071858 0
0.182549 0.0860919 0
0.168999 0.083141 0
0.162976 0.0940795 0
0.158477 0.106933 0
0.146354 0.108137 0
0.143629 0.120454 0
0.139464 0.133026 1
0.13753 0.151347 0
0.140569 0.173891 0
0.146236 0.18849 0
0.156721 0.20983 0
0.162406 0.225804 0
0.165343 0.236487 0
0.165552 0.248026 0
0.165012 0.261963 1
0.165601 0.281734 0
0.165885 0.298478 0
0.166078 0.316028 0
0.165931 0.335542 0
0.16575 0.350616 0
0.166521 0.37679 0
0.165741 0.386839 0
0.164375 0.400944 0
0.165335 0.415071 0
0.163249 0.429684 0
0.161919 0.442464 0
0.160832 0.454632 0
0.160074 0.466519 0
0.159597 0.481062 0
0.159845 0.494072 0
0.162591 0.506845 0
0.164111 0.51917 0
0.162553 0.530907 0
0.164138 0.546646 0
0.166878 0.558607 0
0.16515 0.569067 0
0.167639 0.581458 0
0.181384 0.588493 0
0.168831 0.606957 0
0.165387 0.627181 0
0.165249 0.643299 0
0.167705 0.659899 0
0.170625 0.673925 0
0.174138 0.692527 0
0.176217 0.714466 0
0.182166 0.730061 0
0.1896 0.742465 0
0.197682 0.754062 0
0.206107 0.765737 0
0.215171 0.776382 0
0.22443 0.787164 0
0.234366 0.796493 0
0.245311 0.80646 0
0.257875 0.817839 0
0.27052 0.829234 0
0.281852 0.839383 0
0.292388 0.847975 0
0.30467 0.85679 0
0.31819 0.865388 0
0.331551 0.87147 0
0.344448 0.875782 0
0.355814 0.883165 0
0.381876 0.934924 0
0.397104 0.939351 0
0.40768 0.944097 0
0.416658 0.935582 0
0.428883 0.940705 0
0.435438 0.928716 0
0.449382 0.932672 0
0.459211 0.923526 0
0.464243 0.910181 0
0.478687 0.91064 0
0.490321 0.905202 0
0.493394 0.894794 0
0.499546 0.881253 0
0.504943 0.865838 0
0.512223 0.849791 1
0.512791 0.836002 0
0.518096 0.824708 0
0.513429 0.812617 0
0.520534 0.802135 0
0.525311 0.791234 0
0.530916 0.777796 0
0.532582 0.761771 0
0.535925 0.74724 0
0.540892 0.732055 0
0.545832 0.718176 0
0.556524 0.698853 0
0.570556 0.682388 0
0.580398 0.666934 0
0.585288 0.649441 0
0.586363 0.635775 0
0.58621 0.621058 0
0.584971 0.605399 0
0.582856 0.591054 1
0.580634 0.577486 0
0.579114 0.559876 0
0.576702 0.544845 0
0.571754 0.530882 0
0.564326 0.51359 0
0.560573 0.500003 1
0.554451 0.487075 0
0.545818 0.470245 0
0.539075 0.456645 0
0.532929 0.443013 1
0.526311 0.426898 0
0.477942 0.41048 0
0.468956 0.398389 0
0.460297 0.383225 0
0.451565 0.368943 0
0.443683 0.355688 1
0.437633 0.342436 0
0.00618673 0.25806 1
0.365104 0.320567 0
0.362602 0.304004 1
0.357179 0.292014 0
0.349679 0.279996 0
0.341049 0.26736 0
0.335104 0.256614 0
0.334742 0.240416 0
0.331748 0.230043 0
0.327619 0.215974 0
0.373407 0.143858 0
0.367287 0.128595 0
0.359908 0.116218 0
0.349085 0.0996318 0
0.320311 0.0602417 1
0.310915 0.0508343 0
0.295797 0.0388094 0
0.278712 0.0274422 0
0.262984 0.0180595 0
0.24762 0.0163002 0
0.242153 0.00272762 0
0.228065 0 0
0.224153 0.0136555 1
0.208521 0.0148238 0
0.193221 0.0182046 0
0.178346 0.0262685 0
0.164099 0.0344126 0
0.150593 0.0430186 0
0.139207 0.0521074 0
0.12681 0.0636278 0
0.115623 0.0768025 0
0.108049 0.0897684 0
0.0970452 0.096545 1
0.0971232 0.112506 0
0.092927 0.123555 0
0.0859278 0.134289 0
0.108038 0.208493 0
0.109415 0.224339 0
0.110438 0.237969 0
0.111347 0.25683 0
0.111519 0.274714 0
0.110754 0.291102 0
0.109927 0.307941 0
0.109301 0.328504 0
0.108431 0.346275 0
0.107269 0.361584 0
0.105723 0.37873 0
0.104557 0.396291 0
0.104648 0.409756 0
0.10435 0.428013 0
0.10321 0.441043 0
0.101761 0.454667 0
0.100882 0.467622 0
0.0999041 0.483251 0
0.0993818 0.495339 0
0.102744 0.51099 0
0.106479 0.523506 0
0.106173 0.535652 0
0.107015 0.549079 0
0.106406 0.562312 0
0.103316 0.578203 0
0.100623 0.590568 0
0.0992955 0.604723 1
0.102863 0.625109 0
0.10729 0.636548 0
0.113615 0.648374 0
0.121813 0.661611 1
0.127496 0.676894 0
0.136494 0.683386 0
0.146118 0.693067 0
0.209856 0.704129 0
0.222727 0.707743 0
0.23089 0.717813 0
0.241283 0.727525 0
0.251168 0.737429 0
0.260104 0.747211 0
0.269309 0.758415 0
0.27831 0.770727 0
0.288558 0.781931 0
0.299921 0.793822 0
0.309461 0.804264 0
0.318591 0.81636 0
0.318297 0.96254 0
0.330685 0.969299 0
0.344341 0.972899 0
0.360549 0.97589 0
0.378774 0.981954 1
0.401043 0.990541 0
0.412881 0.986598 0
0.416912 0.998437 0
0.429246 1 0
0.440913 0.993557 0
0.439607 0.978551 0
0.453338 0.977182 0
0.470762 0.973264 0
0.483117 0.965399 0
0.493771 0.95575 0
0.506514 0.94393 0
0.516649 0.935163 0
0.526947 0.925756 0
0.533126 0.912802 1
0.538824 0.901806 0
0.545775 0.887406 0
0.552131 0.872382 0
0.556456 0.858482 0
0.560294 0.84396 0
0.56389 0.830213 1
0.566968 0.815623 0
0.570026 0.799167 0
0.572596 0.784541 0
0.575875 0.762875 1
0.578188 0.742587 0
0.580406 0.723526 0
0.580403 0.706211 0
0.549224 0.666474 0
0.546803 0.651977 0
0.546075 0.637644 0
0.545034 0.622319 0
0.544384 0.609243 0
0.544439 0.588143 0
0.544819 0.574325 0
0.533211 0.563194 0
0.541024 0.547464 0
0.536137 0.536642 0
0.530607 0.522044 0
0.524883 0.507152 0
0.520287 0.494428 0
0.513616 0.481614 0
0.502085 0.472006 0
0.483489 0.461641 0
0.472133 0.45163 0
0.462181 0.440797 0
0.454317 0.429844 0
0.443604 0.424295 0
0.435312 0.402321 0
0.423514 0.388617 0
0.416839 0.375468 0
0.411695 0.360452 0
0.407726 0.346573 1
0.405494 0.332917 0
0.402159 0.314934 0
0.393975 0.300919 0
0.391093 0.282785 1
0.387003 0.27 0
0.379316 0.253469 0
0.374202 0.238771 0
0.364452 0.222127 0
0.354412 0.205611 0
0.34102 0.190038 0
0.328144 0.179151 0
0.316306 0.168829 0
0.296195 0.152215 0
0.285293 0.14437 0
0.272686 0.138467 0
0.25896 0.13138 0
0.262825 0.115904 0
0.263355 0.103221 0
0.246739 0.113046 0
0.250429 0.0970492 0
0.239585 0.0896954 0
0.230194 0.0897138 0
0.221678 0.102678 0
0.218223 0.119068 0
0.204766 0.117202 0
0.194228 0.125677 0
0.196143 0.143784 0
0.18247 0.147226 0
0.173663 0.155299 0
0.164366 0.15931 0
0.110853 0.165689 0
0.100267 0.168549 0
0.0869374 0.170493 0
0.0802292 0.179147 0
0.0727359 0.191236 0
0.0636865 0.214066 0
0.0653403 0.236187 0
0.0644497 0.24788 1
0.0634131 0.258628 0
0.0588797 0.286549 1
0.0552852 0.298187 0
0.0639553 0.31547 0
0.0538391 0.33213 0
0.0524196 0.341788 1
0.0542239 0.36054 0
0.0516409 0.371035 0
0.0524783 0.386095 0
0.0462337 0.403608 0
0.0467956 0.414133 0
0.0613307 0.434993 0
0.0489875 0.443714 0
0.0452513 0.45193 1
0.0571096 0.465906 0
0.044769 0.484553 0
0.0463824 0.491696 0
0.0613299 0.520339 0
0.0628841 0.53258 0
0.06324 0.544876 1
0.0629593 0.560317 0
0.0635895 0.573292 0
0.134566 0.60262 0
0.13809 0.607273 0
0.193389 0.619772 0
0.210812 0.629419 1
0.206174 0.640393 0
0.206267 0.648979 0
0.21578 0.660561 0
0.19827 0.673914 0
