0.184295 0.807011 0
0.148305 0.820887 0
0.147845 0.795215 0
0.129659 0.789393 0
0.115744 0.779655 0
0.107967 0.75801 0
0.0900875 0.735542 0
0.0771479 0.716154 0
0.0815878 0.689294 0
0.0676514 0.670716 0
0.0540444 0.649733 0
0.0541419 0.631802 0
0.0543291 0.617105 0
0.0575084 0.598169 0
0.0448762 0.578596 0
0.0466516 0.560971 0
0.0529389 0.542888 0
0.0398642 0.520971 0
0.0394474 0.505106 0
0.0459516 0.491473 0
0.0483803 0.471063 0
0.0533987 0.459985 0
0.0585131 0.435997 0
0.0904059 0.405845 0
0.101895 0.37449 0
0.11117 0.356932 0
0.112143 0.324661 0
0.11908 0.307848 0
0.127814 0.299653 0
0.128428 0.279675 0
0.13146 0.261926 1
0.129583 0.241285 0
0.140192 0.231254 0
0.148509 0.211119 0
0.155933 0.182781 0
0.156457 0.165346 0
0.175556 0.14732 0
0.187722 0.122962 0
0.197837 0.0845563 0
0.22038 0.0506132 0
0.221258 0.0397678 0
0.219137 0.0408209 0
0.22661 0.040843 0
0.231428 0.0470851 0
0.23682 0.0477789 0
0.246946 0.0436419 0
0.260264 0.0370202 0
0.273857 0.0406988 0
0.287192 0.047084 0
0.293923 0.0617454 0
0.305131 0.0729623 0
0.309383 0.0746642 0
0.321441 0.0931681 0
0.338992 0.10786 0
0.347319 0.127836 0
0.356838 0.146436 0
0.34686 0.164115 0
0.358249 0.181951 0
0.360589 0.191222 0
0.369543 0.216445 0
0.379618 0.235813 0
0.40017 0.250566 0
0.404048 0.26441 0
0.411871 0.278756 0
0.419727 0.295235 0
0.425837 0.311683 0
0.421751 0.328383 0
0.419286 0.349455 0
0.416897 0.36595 0
0.416458 0.382838 0
0.415822 0.392357 1
0.422331 0.40793 0
0.430804 0.422902 0
0.433369 0.440172 0
0.435557 0.456446 0
0.427394 0.462688 0
0.452251 0.497677 0
0.452743 0.514123 0
0.434027 0.543834 0
0.428269 0.552335 0
0.413923 0.569438 0
0.406102 0.588384 0
0.389205 0.608224 1
0.383106 0.626741 0
0.374722 0.64742 0
0.368274 0.668019 0
0.362452 0.688386 1
0.355816 0.709207 0
0.360491 0.73081 0
0.365515 0.750906 0
0.361186 0.771066 0
0.353733 0.79253 0
0.348127 0.805337 0
0.35818 0.822223 0
0.361898 0.837138 0
0.40068 0.877904 0
0.413647 0.91049 0
0.419041 0.937352 0
0.379275 0.96313 0
0.352585 0.970445 0
0.344316 0.983709 0
0.343967 0.988426 0
0.342562 0.991419 0
0.335621 0.995599 0
0.308233 0.981326 0
0.295321 0.975435 0
0.278954 0.976466 0
0.267427 0.973215 0
0.262422 0.976615 0
0.24391 0.928421 0
0.228823 0.912571 0
0.220973 0.895074 0
0.201764 0.881441 0
0.193218 0.865754 0
0.181915 0.851538 0
0.160692 0.841203 0
0.150678 0.828835 0
0.137792 0.818132 0
0.122253 0.80415 0
0.117765 0.784857 0
0.10557 0.766701 0
0.0963377 0.748098 0
0.0870537 0.72771 0
0.0765397 0.705424 0
0.078288 0.681027 0
0.0722303 0.654015 0
0.0706897 0.643027 0
0.067881 0.610281 0
0.062477 0.592564 0
0.0579803 0.567532 0
0.053909 0.544112 0
0.0608906 0.52724 0
0.0630777 0.509235 0
0.0557071 0.489968 0
0.0681797 0.468303 0
0.0667028 0.447487 0
0.0814231 0.43535 0
0.0798165 0.408681 0
0.0918227 0.382025 0
0.121123 0.368739 0
0.131645 0.352529 0
0.141543 0.313437 0
0.142731 0.291184 0
0.107978 0.233712 0
0.140008 0.221887 0
0.14373 0.199379 0
0.153772 0.184189 0
0.1568 0.16033 0
0.160757 0.136453 0
0.181283 0.131512 0
0.185493 0.10953 0
0.201392 0.0609717 0
0.214524 0.0477799 0
0.219643 0.0290867 0
0.215683 0.0156471 0
0.218012 0.00951617 0
0.21625 0.00280902 1
0.223864 0.000226598 0
0.233956 0 0
0.241151 0.000611879 0
0.253117 0.00983825 0
0.270496 0.0170281 0
0.282457 0.0204873 0
0.294693 0.027943 0
0.309467 0.0392862 0
0.317655 0.0561589 0
0.326441 0.062653 1
0.336616 0.0814692 0
0.348941 0.103152 0
0.367474 0.121235 0
0.366165 0.1365 1
0.374582 0.151798 0
0.385463 0.169268 0
0.397313 0.186508 0
0.412172 0.204343 1
0.411352 0.220913 0
0.427228 0.229819 0
0.44621 0.243066 0
0.457802 0.262745 0
0.474985 0.278479 0
0.480484 0.292558 0
0.48338 0.308023 0
0.473487 0.325549 0
0.457415 0.340999 0
0.449437 0.356074 1
0.449309 0.371576 0
0.4564 0.385819 0
0.455712 0.400169 0
0.43907 0.418219 0
0.431944 0.432754 0
0.420129 0.447684 0
0.42168 0.471134 0
0.425222 0.49229 1
0.412863 0.510298 0
0.413013 0.528469 0
0.399728 0.54633 0
0.383642 0.56281 0
0.380971 0.582619 0
0.365401 0.60489 0
0.365575 0.633507 0
0.35759 0.654514 0
0.344777 0.675814 0
0.337602 0.693743 0
0.33088 0.716787 0
0.32679 0.746116 0
0.336484 0.771089 0
0.336078 0.795346 0
0.343651 0.813521 0
0.338937 0.834718 1
0.342103 0.853789 0
0.345564 0.875788 0
0.357859 0.898271 0
0.367961 0.910884 1
0.360214 0.928824 0
0.364219 0.952811 0
0.364667 0.965012 0
0.360085 0.976494 0
0.354811 0.990262 0
0.340877 0.994589 1
0.334449 1 0
0.313668 0.993482 0
0.292973 0.985083 0
0.278076 0.978307 0
0.261961 0.976691 0
0.250274 0.972092 1
0.238957 0.957581 0
0.222766 0.935496 0
0.204333 0.916257 0
0.189695 0.902524 1
0.172299 0.884273 0
0.161925 0.873741 0
0.152155 0.860733 0
0.136964 0.843924 1
0.120137 0.826599 0
0.106372 0.811122 0
0.0940505 0.797947 0
0.0827858 0.778781 1
0.0711923 0.759041 0
0.0497708 0.739226 0
0.0421985 0.720765 0
0.0338887 0.704357 0
0.0228324 0.683564 0
0.0242762 0.657489 1
0.0207018 0.642544 0
0.0189832 0.615484 0
0.0170443 0.598482 0
0.0146977 0.577865 0
0.00869251 0.55322 0
0.00543531 0.534445 1
0.0051426 0.519454 0
0.00468224 0.508623 0
0.00882416 0.492492 0
0 0.459856 1
0.0140927 0.450244 0
0.0101343 0.423936 0
0.00913515 0.405859 0
0.0281715 0.371999 0
0.0433848 0.354103 0
0.0285712 0.326481 1
0.0766717 0.310497 0
0.0459043 0.285638 0
0.0359343 0.244375 0
0.0716556 0.230507 0
0.0808972 0.200102 0
0.102453 0.180845 1
0.101727 0.166036 0
0.113531 0.141527 0
0.122848 0.122841 0
0.125335 0.0987855 0
0.134778 0.0771225 0
0.132363 0.0596458 1
0.14403 0.0474861 0
0.16179 0.0307555 0
0.153403 0.0135419 0
0.162858 0.00623725 1
