0.0725231 0.774792 0
0.0622849 0.83198 0
0.112228 0.837867 0
0.13566 0.843923 0
0.164893 0.832003 0
0.187468 0.830535 0
0.226412 0.806064 0
0.243158 0.810389 0
0.251419 0.808329 0
0.261368 0.800039 0
0.267121 0.793491 0
0.276303 0.775023 0
0.281799 0.770152 0
0.286458 0.753443 0
0.258846 0.715229 0
0.261732 0.341673 0
0.233036 0.322984 0
0.252138 0.301906 0
0.258245 0.285793 0
0.275046 0.26201 0
0.273299 0.26928 0
0.280096 0.249684 0
0.292297 0.231216 1
0.295551 0.187825 0
0.320811 0.156013 0
0.337496 0.125293 0
0.359601 0.100686 0
0.381141 0.0907734 0
0.412107 0.074087 1
0.431429 0.0459468 0
0.458064 0.0385367 0
0.485714 0.0197018 0
0.519063 0.012395 0
0.541313 0 0
0.569543 0.00945939 1
0.598766 0.0114171 0
0.617758 0.0122167 0
0.650759 0.0144225 0
0.684472 0.0138368 0
0.707634 0.0389562 0
0.743094 0.0410148 0
0.771736 0.0457226 0
0.806764 0.0668375 0
0.858782 0.0587627 0
0.888046 0.0836397 1
0.915563 0.10131 0
0.935634 0.106673 0
0.953075 0.133685 0
0.983467 0.147043 0
1 0.163614 0
0.985372 0.197242 1
0.96999 0.232266 0
0.96507 0.269247 0
0.946058 0.280601 0
0.927112 0.304026 0
0.89592 0.310774 0
0.877471 0.322434 1
0.868724 0.342642 0
0.857919 0.361194 0
0.826678 0.387044 0
0.793617 0.403961 0
0.77642 0.425062 0
0.746299 0.428039 0
0.719293 0.43548 0
0.689653 0.458281 0
0.660803 0.456172 0
0.630958 0.464093 0
0.606215 0.485442 0
0.577926 0.508736 1
0.55866 0.530316 0
0.532982 0.54632 0
0.517193 0.554765 0
0.497139 0.575344 1
0.48445 0.584849 0
0.476133 0.593078 0
0.42058 0.563793 0
0.114669 0.511782 0
0.0811328 0.51859 0
0.0690812 0.528467 1
0.0639857 0.546076 0
0.0521639 0.565505 0
0.0215716 0.581212 0
0.0179273 0.607332 1
0.0155171 0.634193 0
0.00645799 0.66527 0
0 0.698349 0
0.00732101 0.730726 0
0.00795984 0.767995 0
0.0235198 0.814317 1
0.0324059 0.837341 0
0.0661367 0.859525 0
0.0931096 0.871462 0
0.123975 0.8658 0
0.154971 0.857155 0
0.194981 0.847125 0
0.210509 0.834809 0
0.238284 0.814732 1
0.238795 0.814188 0
0.241596 0.813077 0
0.24598 0.810253 0
0.248843 0.806117 0
0.261475 0.794703 0
0.267402 0.783508 0
0.27062 0.77267 0
0.283762 0.763408 0
0.282452 0.723535 0
0.282531 0.396567 0
0.232208 0.355423 0
0.231241 0.325235 0
0.239583 0.305352 0
0.25557 0.285717 0
0.270198 0.266195 0
0.283023 0.242803 0
0.274527 0.222817 0
0.312464 0.191579 0
0.317921 0.162808 0
0.340085 0.149581 0
0.372994 0.135238 0
0.397324 0.119697 0
0.418194 0.112429 0
0.438255 0.106134 0
0.471452 0.0987152 0
0.504285 0.084455 0
0.533249 0.083217 0
0.548045 0.0823218 0
0.566075 0.0809866 0
0.605975 0.0925182 0
0.623271 0.0792974 0
0.64275 0.0901393 0
0.676685 0.09359 0
0.707496 0.102258 0
0.73841 0.113744 0
0.764108 0.10653 0
0.804299 0.122785 0
0.832332 0.129569 0
0.873544 0.125815 0
0.928417 0.135248 0
0.832171 0.185855 0
