0.842034 0.174629 1
0.850394 0.164272 0
0.864591 0.155663 0
0.872744 0.148144 0
0.882761 0.147085 0
0.901146 0.139218 0
0.931265 0.0763873 0
0.936193 0.0728172 0
0.941343 0.0760105 0
0.944008 0.0784266 0
0.95823 0.0645143 0
0.949845 0.119165 0
0.953058 0.112023 0
0.954762 0.10509 0
0.957523 0.0838852 0
0.96038 0.0947766 0
0.989356 0.147534 0
0.993561 0.158155 0
0.983971 0.170639 0
1 0.223013 0
0.986998 0.278396 0
0.98122 0.296057 0
0.953839 0.30696 0
0.933798 0.3398 0
0.896094 0.369228 0
0.852502 0.39378 0
0.783212 0.414835 0
0.754155 0.433552 0
0.720212 0.451668 0
0.717756 0.478433 0
0.70908 0.493601 0
0.70298 0.512522 0
0.684629 0.529167 0
0.680172 0.525361 0
0.661744 0.525135 0
0.643513 0.525529 0
0.62798 0.542223 0
0.605834 0.548052 0
0.572828 0.545837 0
0.546148 0.555191 0
0.516367 0.562189 0
0.486133 0.565039 0
0.462209 0.561292 0
0.440411 0.552637 0
0.41359 0.539321 0
0.378826 0.530747 0
0.350001 0.51769 0
0.336483 0.50897 0
0.312325 0.491156 0
0.294394 0.476583 0
0.286956 0.467178 0
0.267347 0.430079 0
0.263162 0.414828 0
0.262357 0.401669 0
0.215844 0.377122 0
0.177647 0.303154 0
0.189155 0.306814 0
0.187126 0.305108 1
0.170871 0.275354 1
0.160842 0.250338 1
0.162136 0.237516 0
0.131786 0.14957 0
0.112587 0.128377 0
0.103225 0.129643 1
0.102781 0.128406 0
0.103648 0.124512 0
0.101132 0.12086 0
0.102086 0.114172 0
0.102031 0.111128 0
0.101026 0.0943971 0
0.098948 0.0954463 0
0.0977261 0.0927595 0
0.0944806 0.0814088 0
0.0845489 0.0768217 0
0.0816099 0.0888567 0
0.0780887 0.0897051 0
0.0787592 0.0915089 0
0.07341 0.0926179 0
0.0778699 0.104243 0
0.0750659 0.114407 0
0.0744897 0.116856 0
0.0688468 0.112094 0
0.0556622 0.129786 0
0.0825111 0.168556 0
0.098553 0.209033 0
0.110687 0.220683 0
0.145589 0.265541 0
0.136859 0.256299 0
0.169656 0.261694 0
0.203016 0.278086 0
0.221452 0.304691 0
0.226246 0.312396 0
0.229676 0.311705 1
0.246133 0.313413 0
0.259116 0.320031 0
0.270601 0.332288 0
0.284603 0.347515 0
0.282806 0.367794 1
0.291898 0.365841 0
0.332654 0.380313 0
0.343821 0.38644 1
0.363697 0.380057 0
0.381254 0.372555 0
0.393591 0.359508 0
0.421767 0.360877 0
0.437093 0.362145 0
0.451484 0.350731 0
0.473365 0.341963 0
0.481365 0.333426 0
0.488066 0.326814 0
0.501825 0.318645 0
0.512932 0.310548 0
0.533131 0.296737 0
0.555497 0.287814 0
0.606996 0.270817 0
0.613142 0.27024 0
0.651813 0.257418 0
0.677157 0.249971 0
0.693805 0.243226 0
0.707324 0.228897 0
0.76282 0.223616 0
0.786721 0.225175 0
0.832268 0.219271 0
0.843143 0.217653 0
0.857563 0.216519 0
0.881697 0.191143 0
0.894744 0.175332 0
0.911572 0.159174 0
0.927057 0.1382 0
0.933815 0.130345 0
0.948608 0.0967772 0
0.95768 0.0880038 0
0.962333 0.0893802 0
0.964362 0.0878652 0
0.964618 0.088251 0
0.965198 0.0884847 0
0.965448 0.0887152 0
0.965618 0.088899 0
0.966341 0.0891555 0
0.966582 0.0893204 0
0.966764 0.0894227 1
0.974762 0.102792 0
0.979922 0.129668 0
0.981917 0.158835 0
0.994996 0.231621 0
0.968046 0.270471 0
0.963212 0.315997 0
0.945234 0.345861 0
0.93728 0.37992 0
0.9226 0.401562 0
0.897534 0.427479 0
0.847938 0.44971 0
0.813257 0.467858 0
0.761577 0.481069 0
0.729707 0.504877 0
0.705616 0.513087 0
0.676676 0.537453 0
0.659473 0.530622 0
0.626508 0.540357 0
0.606271 0.545318 0
0.573007 0.582002 0
0.552539 0.56043 0
0.524804 0.568363 0
0.497135 0.58986 0
0.465391 0.58485 0
0.425469 0.613315 0
0.388808 0.597935 0
0.397232 0.560424 0
0.372358 0.55236 0
0.35031 0.542639 0
0.328852 0.517033 0
0.307607 0.501999 0
0.295988 0.488652 0
0.281576 0.455604 0
0.276384 0.454897 0
0.260989 0.446905 0
0.206766 0.376849 0
0.206156 0.365878 0
0.202257 0.357067 0
0.199521 0.35219 0
0.191301 0.345197 0
0.147328 0.319457 0
0.154326 0.332882 0
0.105037 0.22579 1
0.0946917 0.199135 1
0.0993689 0.191772 0
0.0865837 0.133464 0
0.0794701 0.0794057 0
0.0762227 0.0692236 0
0.0694229 0.0627827 0
0.0632769 0.0510403 0
0.0634342 0.0419699 0
0.0634375 0.0346469 0
0.0656501 0.0303295 0
0.0648129 0.0231023 0
0.0568358 0.0125276 0
0.0428694 0 0
0.0394239 0.00067117 0
0.0349956 0.00584124 0
0.0327538 0.0155021 0
0.0270565 0.0264792 0
0.0217041 0.0362643 0
0.017876 0.0427485 0
0.0157819 0.0418436 0
0.0118379 0.0431379 0
0.00865996 0.0517894 1
0.00151691 0.0648972 0
0.000932399 0.0815807 0
0 0.0981588 0
0.0245915 0.153544 0
0.0378596 0.165092 0
0.046741 0.167416 0
0.0718768 0.176466 1
0.0633715 0.181042 0
0.0948943 0.214724 1
0.110972 0.228838 1
0.132792 0.241439 1
0.128538 0.237307 0
0.164454 0.266261 1
0.175308 0.275369 1
0.176935 0.274509 0
0.179833 0.273896 0
0.18119 0.273525 0
0.184939 0.273943 0
0.269244 0.345152 0
0.278908 0.366372 0
0.301303 0.371739 0
0.315438 0.375371 0
0.321651 0.376705 0
0.343431 0.387434 0
0.343019 0.388487 0
0.357095 0.392122 0
0.388638 0.383484 0
0.440132 0.360827 0
0.458648 0.354725 0
0.478512 0.348152 0
0.499603 0.340955 0
0.513788 0.336895 0
0.531193 0.331187 0
0.565829 0.312403 0
0.584703 0.303479 0
0.597965 0.291063 0
0.624099 0.280609 0
0.649557 0.273052 0
0.692071 0.239101 0
0.690578 0.251641 0
0.714745 0.219835 0
0.734572 0.212248 0
0.756008 0.193162 0
0.768882 0.165299 0
0.790091 0.1529 0
0.789359 0.134354 0
0.823016 0.101588 0
0.830441 0.0845334 0
0.838514 0.0732861 0
0.864366 0.0611789 0
0.864666 0.051928 0
0.88407 0.0492941 0
0.888818 0.050463 0
0.894714 0.0527655 0
0.900774 0.0529921 1
0.902509 0.0536965 0
0.905615 0.0531083 0
0.91054 0.0487779 0
0.913684 0.0485437 0
0.917364 0.0472157 0
0.919688 0.0512329 0
0.923235 0.0486872 0
0.926719 0.0511199 0
0.925448 0.05881 0
0.911657 0.112015 0
0.914045 0.208758 0
0.932738 0.249162 0
0.961983 0.296223 0
0.945571 0.319652 0
0.917333 0.341235 0
0.911462 0.38054 0
0.8781 0.397812 0
0.853377 0.43709 0
0.842022 0.461064 0
0.829433 0.469882 0
0.809406 0.504138 0
0.787381 0.521976 0
0.77383 0.537146 0
0.765622 0.537614 0
0.742295 0.553669 0
0.730443 0.557364 1
0.709435 0.568992 0
0.697406 0.57819 0
0.669353 0.594323 0
0.646964 0.580778 0
0.60939 0.582321 0
0.56492 0.596874 0
0.543199 0.586191 0
0.488973 0.590702 0
0.469553 0.602389 0
0.424969 0.605571 0
0.400829 0.580916 0
0.357796 0.556677 0
0.351489 0.53506 0
0.326881 0.512972 0
0.304315 0.491496 0
0.264136 0.448907 0
0.253417 0.421384 0
0.261529 0.388196 0
0.260172 0.383548 1
