0.0766134 0.267911 1
0.0776411 0.266066 0
0.0775805 0.264091 0
0.0884964 0.26654 0
0.0961086 0.265393 0
0.105473 0.265704 0
0.113836 0.271198 0
0.133291 0.273352 0
0.123075 0.264856 0
0.15927 0.279835 0
0.173871 0.279859 0
0.173106 0.278803 0
0.194318 0.287393 0
0.209693 0.284809 0
0.238958 0.299952 0
0.260854 0.311407 0
0.286326 0.317843 0
0.311538 0.319827 0
0.342268 0.34698 0
0.368688 0.350533 0
0.428086 0.381508 0
0.461908 0.392858 0
0.541237 0.424734 0
0.556224 0.43566 0
0.592021 0.435179 0
0.609705 0.434307 0
0.614784 0.423895 0
0.609185 0.409278 0
0.598683 0.393592 0
0.601319 0.384606 0
0.603598 0.373224 0
0.621673 0.368387 0
0.638361 0.362557 0
0.65025 0.362121 0
0.659023 0.355004 0
0.660135 0.349194 0
0.665234 0.338888 0
0.671081 0.332589 0
0.650104 0.312336 0
0.653715 0.304819 0
0.668269 0.30489 0
0.669492 0.298881 0
0.67213 0.284878 0
0.678346 0.276779 0
0.683913 0.271335 0
0.686188 0.25855 0
0.691581 0.254699 0
0.741574 0.262152 0
0.756476 0.259953 0
0.767643 0.26193 0
0.766912 0.251564 0
0.76723 0.242759 0
0.776642 0.247533 0
0.787325 0.257026 0
0.803682 0.261059 0
0.823865 0.268483 0
0.844158 0.26731 0
0.856685 0.269593 0
0.856913 0.262421 0
0.863984 0.258556 0
0.883467 0.258778 0
0.907118 0.255908 0
0.909734 0.247227 0
0.930885 0.250469 0
0.946066 0.244556 0
0.988584 0.249996 0
0.991493 0.240419 0
0.999306 0.233914 0
0.998421 0.223739 1
0.999329 0.219998 0
0.995555 0.210332 0
0.995556 0.204935 0
1 0.201217 0
0.993657 0.192811 0
0.975 0.186619 0
0.951039 0.171327 0
0.932752 0.170005 0
0.918975 0.164732 0
0.914542 0.147507 0
0.865135 0.151777 0
0.867709 0.138222 0
0.843843 0.143573 0
0.80299 0.145871 0
0.791023 0.146804 0
0.749007 0.149495 0
0.73907 0.136819 0
0.713006 0.124142 0
0.680128 0.111206 0
0.612085 0.0801463 0
0.585859 0.0826473 0
0.537466 0.0691686 0
0.478005 0.0514392 0
0.4377 0.0517765 0
0.424011 0.0468299 0
0.412975 0.0392653 0
0.405531 0.0330937 0
0.396727 0.0337093 0
0.396978 0.0416942 0
0.392754 0.0449553 0
0.39042 0.0537872 0
0.38693 0.057762 0
0.384612 0.063653 0
0.379763 0.0653797 0
0.33662 0.0656121 0
0.337024 0.0681889 0
0.338947 0.072868 0
0.338661 0.0760349 0
0.339515 0.0812667 0
0.337333 0.0842996 0
0.335527 0.0875005 0
0.334949 0.0925724 0
0.337114 0.0993047 0
0.339001 0.115057 0
0.332185 0.116897 0
0.330299 0.120868 0
0.326033 0.127236 0
0.323493 0.136091 0
0.320544 0.137493 0
0.311263 0.138124 0
0.306273 0.147651 0
0.296763 0.157684 0
0.289506 0.16529 0
0.281924 0.184272 0
0.273606 0.194401 0
0.260306 0.20663 0
0.249328 0.216673 0
0.240074 0.226413 0
0.218036 0.223221 0
0.207616 0.223432 0
0.176112 0.218918 0
0.141064 0.219481 0
0.107119 0.225346 0
0.109953 0.237225 0
0.100026 0.240453 0
0.0944861 0.245754 0
0.0750736 0.247193 0
0.0653981 0.252345 0
0.0618137 0.254705 0
0.0623968 0.258253 0
0.0576522 0.262337 0
0.0571589 0.265407 0
0.0533667 0.268699 0
0.0480716 0.269005 0
0.0410476 0.267488 0
0.0530497 0.278721 0
0.120606 0.291753 0
0.132167 0.296897 0
0.129973 0.300705 0
0.130306 0.309849 0
0.141932 0.310734 0
0.175415 0.317609 0
0.18041 0.313324 0
0.203014 0.322181 0
0.212792 0.317931 0
0.221757 0.317124 0
0.295341 0.355562 0
0.328635 0.361126 0
0.344663 0.363445 0
0.381809 0.382275 0
0.430528 0.396574 0
0.464267 0.407217 0
0.499248 0.414474 0
0.547212 0.434364 0
0.561666 0.436316 0
0.602381 0.444047 0
0.630201 0.446894 1
0.63333 0.441768 0
0.637112 0.433803 0
0.64894 0.424023 0
0.647433 0.413539 0
0.637786 0.400418 0
0.635363 0.390429 0
0.637868 0.379837 0
0.645476 0.367427 0
0.640802 0.353635 0
0.647709 0.346321 0
0.66693 0.343991 0
0.676356 0.335427 0
0.675384 0.315896 0
0.673727 0.318709 0
0.675379 0.303022 0
0.680864 0.296818 0
0.687348 0.291617 0
0.689195 0.279344 0
0.702696 0.272877 0
0.724291 0.275193 0
0.724791 0.264921 0
0.730351 0.258992 0
0.746226 0.251507 0
0.751038 0.241914 0
0.754653 0.236168 0
0.763827 0.239486 0
0.771358 0.245236 0
0.776273 0.242206 0
0.796887 0.250716 0
0.814086 0.2574 0
0.807979 0.249551 0
0.831154 0.253169 0
0.834235 0.248388 0
0.837623 0.245596 0
0.852444 0.248475 0
0.872454 0.250528 0
0.886364 0.240234 0
0.894223 0.239491 0
0.899908 0.231342 0
0.911768 0.228529 0
0.934048 0.237289 0
0.948514 0.230228 0
0.968018 0.221243 0
0.969233 0.214704 0
0.959893 0.21036 0
0.950877 0.205963 0
0.94298 0.202752 0
0.931342 0.198175 0
0.917337 0.191223 0
0.920202 0.183869 0
0.926352 0.179464 0
0.908847 0.1765 0
0.90025 0.176246 0
0.895141 0.172282 0
0.887526 0.166871 0
0.880195 0.165391 0
0.866578 0.170242 0
0.855807 0.159981 0
0.717898 0.145046 0
0.702045 0.138578 0
0.687135 0.130018 0
0.656346 0.114668 0
0.626102 0.108989 0
0.602631 0.107198 0
0.561973 0.0924849 0
0.486047 0.0732948 0
0.418291 0.0305047 0
0.404952 0.0237103 0
0.394623 0.0150558 0
0.383628 0.00636547 0
0.375765 0.00553036 0
0.368324 0.00388341 0
0.362512 0 0
0.362325 0.0104251 0
0.355532 0.0118495 0
0.350576 0.0158642 0
0.347171 0.0177678 0
0.345528 0.0239097 1
0.343496 0.0183415 0
0.3608 0.0482689 0
0.361338 0.0467787 1
0.306743 0.0626507 0
0.30226 0.0690498 0
0.307125 0.074486 0
0.303915 0.0770215 0
0.301458 0.0806824 0
0.312557 0.0896439 0
0.313141 0.0923216 1
0.309889 0.0999091 0
0.303127 0.106516 0
0.297703 0.116417 0
0.294351 0.123655 0
0.283261 0.132435 0
0.280757 0.143702 0
0.275499 0.155767 0
0.268771 0.170127 0
0.250842 0.178101 0
0.246265 0.191697 0
0.230342 0.20148 0
0.221287 0.212746 0
0.20504 0.222826 0
0.190752 0.229963 0
0.180446 0.242178 0
0.172838 0.24487 0
0.10009 0.214708 0
0.085924 0.224373 0
0.0754474 0.231965 0
0.0630522 0.238139 0
0.057994 0.248135 0
0.0515235 0.256399 0
0.0514599 0.263468 0
0.0465738 0.275461 0
0.0463962 0.279705 0
0.0509309 0.282559 0
0.0493905 0.292164 0
0.043866 0.290684 0
0.0448039 0.292183 0
0.0375472 0.293702 0
0.0196577 0.301621 0
0.0114921 0.30495 0
0.00619319 0.309725 0
0 0.320879 0
0.0353463 0.340288 0
0.0232058 0.342027 0
0.01912 0.346875 0
0.0447535 0.352424 0
0.114652 0.373362 0
0.146538 0.391947 0
0.164357 0.379564 0
0.195079 0.3834 0
0.223242 0.38762 0
0.263797 0.389177 0
0.298187 0.396467 0
0.327287 0.411139 0
0.405363 0.438805 0
0.474928 0.460063 0
0.538308 0.472741 0
0.553412 0.46802 0
0.548887 0.454684 0
0.591763 0.457565 0
0.6109 0.4586 0
0.617628 0.453702 0
0.602773 0.434503 0
0.603769 0.423658 0
0.595859 0.412739 0
0.591133 0.400626 0
0.613092 0.399564 0
0.62215 0.393115 0
0.622251 0.378782 0
0.621628 0.370712 0
0.657484 0.374258 0
0.654661 0.35797 0
0.653542 0.34566 0
0.660302 0.335991 0
0.658693 0.326949 0
0.662817 0.312763 0
0.672215 0.311175 0
0.676305 0.300233 0
0.681982 0.291363 0
0.684839 0.280194 0
0.689556 0.26617 0
0.6968 0.261378 0
0.716723 0.254362 0
0.732374 0.241249 0
0.734571 0.229266 0
0.74061 0.220754 1
0.744621 0.219801 0
0.740847 0.214467 0
0.757818 0.220292 0
0.768873 0.230721 0
0.772938 0.228432 0
0.770637 0.222748 0
0.78026 0.226086 0
0.805704 0.239117 0
0.821263 0.237411 0
0.855463 0.248597 0
0.869528 0.237669 0
0.886656 0.228744 0
0.893508 0.224538 0
0.906509 0.226291 0
0.918646 0.226894 0
0.939018 0.225885 0
0.949053 0.224689 0
0.982175 0.215104 0
0.991956 0.210236 0
0.974832 0.203381 0
0.972247 0.200145 0
0.962263 0.190332 0
0.952685 0.188971 0
0.931934 0.18101 0
0.93433 0.176768 0
0.934507 0.171439 0
0.921585 0.170584 0
0.878223 0.153683 0
0.870252 0.146872 0
0.861672 0.154288 0
0.845924 0.160874 0
0.793007 0.163256 0
0.72697 0.136615 0
0.75026 0.16273 0
0.757572 0.165999 1
0.739711 0.142551 0
0.686812 0.107839 0
0.639943 0.0918334 0
0.618629 0.102276 0
0.573062 0.0808871 0
0.532796 0.0809369 0
0.461437 0.0693384 0
0.411957 0.0630702 1
0.358855 0.0439227 1
0.342815 0.0477134 0
0.342848 0.049953 0
0.341956 0.0511038 1
