0 0.41325 1
0.0112553 0.534754 0
0.129857 0.828186 0
0.151532 0.858641 1
0.146501 0.853831 0
0.133436 0.838432 0
0.12435 0.828404 0
0.100537 0.793564 0
0.100746 0.794393 0
0.111404 0.811705 0
0.0984848 0.791286 0
0.0858335 0.769262 0
0.0696354 0.737642 0
0.0804895 0.753938 0
0.0726539 0.735795 0
0.0592631 0.704266 0
0.0592082 0.702548 0
0.0590898 0.699494 0
0.0568295 0.686066 1
0.0395086 0.626551 0
0.0397321 0.623755 0
0.0247669 0.554736 1
0.0235927 0.53798 0
0.0240441 0.522357 0
0.0242593 0.509671 0
0.0239542 0.494797 0
0.024805 0.487277 0
0.0252978 0.476924 0
0.0251874 0.456135 0
0.0266893 0.444809 0
0.028672 0.441265 0
0.0300361 0.436464 0
0.0315104 0.430031 0
0.0328708 0.423432 0
0.0347549 0.4186 0
0.0365857 0.415582 1
0.0387516 0.411495 0
0.0399764 0.407378 0
0.0413334 0.41126 0
0.0430713 0.409626 0
0.0440568 0.395612 0
0.0467673 0.387417 0
0.0483542 0.377198 0
0.049384 0.37904 0
0.0514443 0.383792 0
0.0517729 0.389955 0
0.0517749 0.399568 0
0.0519601 0.411062 0
0.0521185 0.424217 0
0.052733 0.436517 0
0.0530526 0.445026 0
0.0531916 0.448346 1
0.0690823 0.535893 0
0.0754168 0.544328 0
0.0909831 0.591351 0
0.102914 0.620585 1
0.106143 0.627996 0
0.103269 0.625306 0
0.0992241 0.626329 0
0.0959456 0.626652 0
0.0926594 0.623752 0
0.0897743 0.619537 0
0.0866725 0.614481 0
0.0845493 0.611586 0
0.0828425 0.609156 0
0.0798723 0.604147 0
0.0778012 0.599146 0
0.0766669 0.596878 0
0.0743948 0.592255 0
0.0741265 0.593634 0
0.0744522 0.594249 0
0.0750282 0.597343 0
0.0755546 0.603033 0
0.0748401 0.604766 0
0.073629 0.60411 0
0.0729004 0.603134 0
0.0719977 0.602739 0
0.0709475 0.602598 0
0.0692459 0.601223 0
0.0677535 0.599331 0
0.0671919 0.598304 0
0.0669058 0.597471 0
0.0659533 0.594455 0
0.06518 0.591858 0
0.0397102 0.424285 0
0.0411993 0.451405 0
0.0509647 0.54539 1
0.0398186 0.416087 1
0.0902213 0.667962 0
0.0945476 0.675513 1
0.0419785 0.339239 1
0.0636249 0.590889 0
0.0675198 0.624207 1
0.0512839 0.560746 0
0.554496 1 1
0.280546 0.918643 0
0.269621 0.909475 0
0.261356 0.901781 0
0.254946 0.895215 0
0.258569 0.899542 0
0.261714 0.899474 0
0.267625 0.902384 0
0.268065 0.90058 0
0.265986 0.896883 0
0.26931 0.898787 0
0.274216 0.901074 0
0.275299 0.899394 1
0.294209 0.914581 0
0.306606 0.922364 0
0.317933 0.928992 0
0.339331 0.942356 0
0.361001 0.955499 0
0.384811 0.967638 0
0.400163 0.971991 0
0.413973 0.976101 0
0.426075 0.97852 0
0.439369 0.980758 0
0.451181 0.981903 0
0.461629 0.982877 0
0.469815 0.983948 0
0.481919 0.984217 0
0.496079 0.984965 0
0.505957 0.986696 0
0.521187 0.987491 0
0.537341 0.989421 0
0.54796 0.988741 0
0.568671 0.988635 0
0.577824 0.987794 0
0.591088 0.987877 0
0.602975 0.986723 0
0.614312 0.985254 0
0.622796 0.985862 0
0.633012 0.984926 0
0.64146 0.981923 0
0.65513 0.978843 0
0.656932 0.980652 0
0.668243 0.980503 0
0.678274 0.978554 0
0.68716 0.975828 0
0.687872 0.976569 0
0.715153 0.962412 0
0.732651 0.954085 0
1 0.492965 0
0.871575 0.830705 0
0.748162 0.9514 0
0.757178 0.944913 0
0.774791 0.932174 0
0.790002 0.920012 0
0.803432 0.907055 0
0.812507 0.898162 0
0.812812 0.896582 0
0.824814 0.882401 0
0.834494 0.870935 0
0.835979 0.867489 0
0.848306 0.851877 0
0.849899 0.8481 0
0.845414 0.852144 0
0.857988 0.834357 0
0.870569 0.813152 0
0.853956 0.833337 0
0.857164 0.826329 0
0.852036 0.828404 0
0.848852 0.826769 0
0.849006 0.820407 0
0.847645 0.815856 0
0.846452 0.811201 0
0.84897 0.801849 0
0.852362 0.790667 0
0.853958 0.780617 0
0.85457 0.771827 0
0.855553 0.762828 0
0.855297 0.754005 0
0.854125 0.744047 0
0.852594 0.738911 1
0.852975 0.730313 0
0.856244 0.712978 0
0.861793 0.690679 0
0.865247 0.67292 0
0.867613 0.658697 0
0.869928 0.644219 0
0.871 0.631211 0
0.872963 0.616564 0
0.874274 0.603402 0
0.8747 0.590724 0
0.875559 0.577383 0
0.877086 0.559239 0
0.878252 0.540193 0
0.87854 0.52463 0
0.878574 0.510671 1
0.879043 0.49574 0
0.877301 0.47776 1
0.875085 0.455059 1
0.872901 0.429423 1
0.869203 0.406243 1
0.864531 0.382708 0
0.859888 0.358152 0
0.855234 0.338319 0
0.849125 0.324649 0
0.842266 0.307347 0
0.834332 0.286349 0
0.824833 0.260178 0
0.816198 0.237783 0
0.806546 0.219783 0
0.797702 0.205857 0
0.788764 0.19246 0
0.779754 0.180117 0
0.768775 0.166499 0
0.758194 0.154113 0
0.748216 0.143248 0
0.738165 0.133881 0
0.727739 0.124969 0
0.716627 0.114123 0
0.707342 0.10783 0
0.697676 0.101911 0
0.683899 0.0912067 0
0.670519 0.0822308 0
0.65955 0.0751367 0
0.644368 0.0671811 0
0.628887 0.0610376 0
0.613847 0.0562138 0
0.604225 0.0525475 0
0.592814 0.0491694 0
0.58264 0.0461853 0
0.572619 0.043562 0
0.56288 0.0389299 0
0.551928 0.0339744 0
0.550134 0.0331284 0
0.549459 0.0333981 0
0.539463 0.0313054 0
0.535565 0.0281718 0
0.533902 0.0270022 0
0.532037 0.0275119 0
0.527274 0.0277577 0
0.522354 0.0287012 0
0.518614 0.0281771 0
0.508963 0.0249246 0
0.499175 0.0232632 0
0.498963 0.022832 0
0.500769 0.0241132 0
0.49833 0.0243038 0
0.490397 0.0229616 0
0.486449 0.0233709 0
0.485603 0.0236175 0
0.484979 0.0229409 0
0.486791 0.0224691 0
0.493737 0.0223036 0
0.502161 0.0223159 0
0.514778 0.0231268 0
0.520423 0.0229102 0
0.525593 0.0226025 0
0.540082 0.0247404 0
0.555474 0.0260515 0
0.574663 0.0289049 0
0.254868 0.621565 0
0.266216 0.6469 0
0.282069 0.672896 0
0.299186 0.698293 0
0.31388 0.717356 0
0.328289 0.733631 0
0.352404 0.756841 0
0.377032 0.776463 0
0.398747 0.790412 0
0.426332 0.80558 0
0.457456 0.818497 0
0.490014 0.826956 0
0.519571 0.830975 0
0.54649 0.832829 1
0.581851 0.827042 0
0.617781 0.816589 0
0.651994 0.801725 0
0.683337 0.784966 0
0.714086 0.764785 0
0.7402 0.742012 0
0.758636 0.720664 0
0.77626 0.69567 0
0.791084 0.671945 0
0.79941 0.657665 0
0.802759 0.650713 0
0.80863 0.639744 0
0.812689 0.631649 0
0.865851 0.477777 0
0.868877 0.455536 0
0.871585 0.437062 0
0.87323 0.427567 1
0.874605 0.421906 0
0.875441 0.418411 0
0.875607 0.420491 0
0.875536 0.425018 0
0.875723 0.432288 1
0.87596 0.444518 0
0.875294 0.451517 1
0.87451 0.457794 1
0.872717 0.467168 0
0.87084 0.476046 0
0.868972 0.486426 0
0.866537 0.499188 1
0.861896 0.512974 0
0.855006 0.53491 0
0.84881 0.555786 0
0.842177 0.578047 0
0.834298 0.600153 0
0.826446 0.619252 0
0.820077 0.634178 1
0.815811 0.644989 0
0.813241 0.65203 0
0.806857 0.665427 0
0.800019 0.677372 0
0.80221 0.668846 0
0.790375 0.690877 0
0.778206 0.708502 0
0.779127 0.702086 0
0.77245 0.713219 0
0.75302 0.736901 0
0.731606 0.758639 0
0.676942 0.804465 0
0.63513 0.824634 0
0.566892 0.844862 0
0.492001 0.848622 0
0.441049 0.839037 0
0.396043 0.816316 0
0.371941 0.803066 0
0.33538 0.778221 0
0.283721 0.733564 0
0.266066 0.705933 0
0.238652 0.674518 0
0.219418 0.636263 0
0.205299 0.595961 0
0.192717 0.556459 0
0.185753 0.518206 1
0.179749 0.475562 0
0.176043 0.446115 0
0.175639 0.415664 0
0.176122 0.38679 0
0.178821 0.385296 0
0.182547 0.332998 0
0.190864 0.291747 0
0.206057 0.243567 0
0.220986 0.203975 0
0.23052 0.188928 0
0.439718 0 1
0.268854 0.134282 0
0.429538 0.00408603 0
0.423519 0.0100863 0
0.416425 0.0124921 0
0.407192 0.0196935 0
0.396084 0.0294027 0
0.390883 0.0321296 0
0.389286 0.0333703 0
0.386533 0.0345279 0
0.380002 0.0379779 0
0.374842 0.0405744 0
0.370202 0.0474587 0
0.366908 0.0540789 0
0.363799 0.0573428 0
0.356473 0.059087 0
0.351947 0.0632147 0
0.350225 0.0660965 0
0.349007 0.0676249 0
0.346824 0.0700723 0
0.341096 0.0767075 0
0.335735 0.0836812 0
0.331537 0.0875319 0
0.326749 0.0934444 0
0.322008 0.0986179 0
0.316034 0.106101 0
0.310369 0.115285 0
0.303754 0.127374 0
0.298186 0.139353 0
0.290924 0.153797 0
0.283544 0.166382 0
0.276781 0.18178 0
0.270142 0.200544 0
0.267247 0.21217 0
0.228092 0.442866 0
0.23397 0.357105 0
0.246741 0.309534 0
0.255832 0.292772 0
0.253836 0.318998 0
0.25352 0.345721 0
0.252588 0.38586 0
0.257858 0.418834 0
0.26412 0.450486 0
0.272776 0.484701 0
0.285831 0.517582 0
0.304811 0.551708 0
0.32357 0.577094 0
0.32793 0.579723 0
0.360388 0.611647 0
0.38077 0.625645 0
0.398787 0.632723 0
0.417278 0.635808 0
0.434735 0.635404 0
0.451681 0.633181 0
0.469715 0.629345 0
0.490846 0.624491 0
0.51423 0.616649 0
0.540889 0.602839 0
0.565231 0.583134 0
0.587517 0.560886 0
0.599878 0.532018 0
0.590841 0.517736 0
0.579528 0.510525 0
0.590056 0.478229 0
0.593162 0.452411 0
0.587867 0.439766 0
0.582363 0.420138 0
0.575587 0.414661 0
0.563053 0.420313 0
0.559026 0.416079 0
0.548355 0.411766 0
0.534644 0.404627 0
0.53155 0.404319 0
0.522046 0.40025 0
0.516591 0.398533 0
0.514895 0.398073 0
0.514916 0.398089 0
0.514191 0.39796 0
0.514139 0.397953 0
0.514119 0.397941 0
0.514119 0.397941 0
0.514119 0.397941 0
0.514119 0.397941 0
0.514119 0.397941 0
0.514119 0.397941 0
0.514119 0.397941 0
0.514119 0.397941 0
0.514119 0.397941 0
0.514119 0.397941 0
0.514119 0.397941 0
0.514119 0.397941 0
0.514119 0.397941 0
0.514119 0.397941 0
0.514119 0.397941 0
0.514119 0.397941 1
