0.565692 0.0938639 1
0.565473 0.0936557 0
0.565753 0.0931175 0
0.565541 0.0934232 0
0.566003 0.0933674 0
0.56571 0.0938235 0
0.5657 0.0938369 0
0.565842 0.093512 0
0.566117 0.0934351 0
0.566338 0.0930221 0
0.566091 0.0931483 0
0.565751 0.0932836 0
0.565757 0.0932032 0
0.566164 0.0928446 0
0.566636 0.0928081 0
0.566114 0.0930446 0
0.565787 0.0935789 0
0.565823 0.0935393 0
0.566112 0.0933856 0
0.566095 0.0935267 0
0.566301 0.0932891 0
0.564838 0.0935073 0
0.564401 0.0936429 0
0.567763 0.0935327 0
0.568076 0.093244 0
0.568738 0.0930813 0
0.568996 0.0931132 0
0.569107 0.0930375 0
0.56931 0.0928972 0
0.569132 0.0929614 0
0.569151 0.0928714 0
0.569204 0.0928137 0
0.569233 0.092852 0
0.569322 0.092884 0
0.56912 0.0928525 0
0.569415 0.0924435 0
0.569827 0.0918676 0
0.569676 0.0917432 0
0.569591 0.0913707 0
0.569175 0.0910961 0
0.568214 0.0909684 0
0.568226 0.0907693 0
0.568598 0.0905497 0
0.568845 0.0902386 0
0.569069 0.0899382 0
0.569497 0.0897363 0
0.569455 0.0899043 0
0.569126 0.0897794 0
0.56908 0.0894957 0
0.568908 0.0890623 0
0.568427 0.088975 0
0.568151 0.0889499 0
0.567926 0.0887839 0
0.567704 0.0887801 0
0.567757 0.0887621 0
0.567482 0.0887239 0
0.567263 0.0886311 0
0.567138 0.0885407 0
0.567013 0.0885006 0
0.566911 0.0883377 0
0.566881 0.0881953 0
0.566876 0.0880822 0
0.566849 0.0878931 0
0.566688 0.0876873 0
0.566577 0.0877579 0
0.566293 0.0876137 0
0.566205 0.0873566 0
0.566218 0.0872669 0
0.566133 0.0872106 0
0.565953 0.0872356 0
0.565933 0.0871856 0
0.565867 0.0871836 0
0.565765 0.0871902 0
0.565645 0.0871651 0
0.565564 0.0870472 0
0.565498 0.0868614 0
0.565418 0.0868058 0
0.565377 0.086853 0
0.56533 0.0868113 0
0.565216 0.086871 0
0.56519 0.0867499 0
0.56516 0.0867269 0
0.565133 0.0868535 0
0.565055 0.0869529 0
0.565003 0.0869598 0
0.564956 0.0868695 0
0.564934 0.0873579 0
0.564927 0.0872891 0
0.564876 0.0871576 0
0.564783 0.0870061 0
0.564767 0.0870034 0
0.564717 0.0869136 0
0.564669 0.0867546 0
0.56468 0.0865874 0
0.564718 0.0866858 0
0.564655 0.0871729 0
0.564664 0.0874732 0
0.564568 0.0875498 0
0.564598 0.0874517 0
0.564533 0.0872005 0
0.564549 0.0871718 0
0.56449 0.0873905 0
0.564429 0.0875048 0
0.564476 0.0875872 0
0.564567 0.0877107 0
0.564595 0.0878027 0
0.564566 0.0875989 0
0.564561 0.0875777 0
0.564727 0.0877735 0
0.564668 0.087579 0
0.564699 0.087487 0
0.564678 0.0876354 0
0.564517 0.0878365 0
0.564496 0.0878886 0
0.564585 0.0876947 0
0.564494 0.0873946 0
0.564633 0.0872357 0
0.564628 0.0873912 0
0.564694 0.0875097 0
0.564624 0.0876795 0
0.56474 0.0880185 0
0.564678 0.0879119 0
0.564702 0.0879089 0
0.564724 0.0880026 0
0.564598 0.0879963 0
0.564528 0.0878837 0
0.564546 0.0877956 0
0.564451 0.0876847 0
0.564626 0.0877313 0
0.564593 0.0879696 0
0.564796 0.0884113 0
0.564781 0.0886066 0
0.564568 0.0883572 0
0.564632 0.0884041 0
0.564658 0.0887066 0
0.56467 0.0890943 0
0.564723 0.0894138 0
0.564739 0.0895045 0
0.564828 0.0895829 0
0.564775 0.0894087 0
0.564798 0.089293 0
0.564825 0.0893031 0
0.564678 0.0895209 0
0.565138 0.0891396 0
0.565162 0.089016 0
0.565265 0.0890891 0
0.5654 0.0891181 0
0.565519 0.0890969 0
0.565536 0.0890759 0
0.56561 0.089124 0
0.56579 0.0892824 0
0.566529 0.0889021 0
0.566393 0.0888975 0
0.566052 0.0891421 0
0.565878 0.0892876 0
0.565911 0.0891034 0
0.56599 0.0890095 0
0.566772 0.0887105 0
0.567334 0.0886787 0
0.566898 0.0882455 0
0.56644 0.0880683 0
0.567054 0.0878516 0
0.565641 0.0879324 0
0.56558 0.0875904 0
0.565554 0.0875755 0
0.565537 0.0874726 0
0.565942 0.0872966 0
0.565866 0.0871998 0
0.565631 0.0875686 0
0.565575 0.0876404 0
0.565525 0.0875343 0
0.565444 0.0872913 0
0.565396 0.0871808 0
0.565431 0.0870558 0
0.565338 0.0872164 0
0.565396 0.0874038 0
0.565328 0.0876916 0
0.565284 0.0876997 0
0.565253 0.0877084 0
0.565261 0.0875988 0
0.565161 0.0874229 0
0.565067 0.0873914 0
0.565006 0.0874851 0
0.564834 0.0873533 0
0.564772 0.087296 0
0.564748 0.0872819 0
0.564692 0.0872442 0
0.564682 0.087134 0
0.564557 0.0870795 0
0.564536 0.0873376 0
0.564611 0.087543 0
0.564568 0.0873797 0
0.56453 0.0872526 0
0.564548 0.0871962 0
0.564533 0.0871001 0
0.564604 0.0870356 0
0.56449 0.0868722 0
0.564483 0.0870327 0
0.564458 0.0871935 0
0.56448 0.0871745 0
0.564545 0.0873631 0
0.564643 0.08759 0
0.564623 0.087743 0
0.56467 0.0875656 0
0.564572 0.0873215 0
0.564566 0.0873388 0
0.564584 0.0875031 0
0.564494 0.087319 0
0.564511 0.0871013 0
0.564538 0.0872449 0
0.564539 0.0872387 0
0.56452 0.0869472 0
0.564434 0.0868859 0
0.564281 0.0871879 0
0.564233 0.0861123 0
0.56422 0.0863199 0
0.56423 0.0863795 0
0.564268 0.0864041 0
0.564278 0.0865106 0
0.564221 0.0864255 0
0.564262 0.0860567 0
0.564142 0.0859237 0
0.564211 0.086093 0
0.564227 0.0861089 0
0.56416 0.085794 0
0.564177 0.0858484 0
0.564217 0.0860818 0
0.564285 0.0862757 0
0.56429 0.0861405 0
0.564252 0.0860597 0
0.564243 0.0860493 0
0.564275 0.0860387 0
0.564319 0.0860915 0
0.564347 0.0861975 0
0.564338 0.0861383 0
0.564261 0.0860236 0
0.564214 0.0858246 0
0.564255 0.0856006 0
0.564198 0.0857995 0
0.564219 0.0861485 0
0.564286 0.0862191 0
0.564247 0.0859259 0
0.564251 0.0858669 0
0.564287 0.0858436 0
0.564262 0.0859514 0
0.564239 0.0859421 0
0.564241 0.0860873 0
0.564227 0.0861174 0
0.564204 0.0860763 0
0.564137 0.0860092 0
0.564192 0.0858103 0
0.564144 0.0857128 0
0.564134 0.0855785 0
0.564096 0.0860153 0
0.564245 0.0862362 0
0.564411 0.0861917 0
0.564395 0.085987 0
0.564362 0.0858635 0
0.564346 0.0860311 0
0.564224 0.0862233 0
0.564339 0.086117 0
0.564325 0.0860093 0
0.564302 0.0859395 0
0.564231 0.0862691 0
0.564325 0.0863239 0
0.564255 0.0863694 0
0.564133 0.0864437 0
0.564328 0.0861046 0
0.564094 0.0865304 0
0.564113 0.0864891 0
0.564039 0.08649 0
0.564136 0.0863778 0
0.564103 0.0863114 0
0.563924 0.0863462 0
0.563714 0.0862664 0
0.563806 0.0860614 0
0.563799 0.0861516 0
0.56394 0.0863595 0
0.563842 0.0865558 0
0.5635 0.0867717 0
0.563431 0.0865664 0
0.564313 0.0864468 0
0.564146 0.0864102 0
0.564266 0.0861625 0
0.564359 0.0861177 0
0.56457 0.0862076 0
0.564655 0.086407 0
0.564598 0.0865502 0
0.564735 0.0866632 0
0.564793 0.0870666 0
0.565276 0.0873066 0
0.565191 0.087677 0
0.565302 0.0877172 0
0.565269 0.0877795 0
0.565456 0.0878428 0
0.5656 0.0881091 0
0.565548 0.0885502 0
0.565593 0.0888099 0
0.565702 0.0888574 0
0.566018 0.0888382 0
0.566217 0.089359 0
0.566208 0.0896728 0
0.566271 0.089781 0
0.566548 0.0898092 0
0.56685 0.0900857 0
0.567042 0.0899472 0
0.567122 0.0898177 0
0.567012 0.0903129 0
0.563498 0.0909514 0
0.562935 0.0913913 0
0.562633 0.0918555 0
0.562854 0.0915825 0
0.568653 0.0908673 0
0.569252 0.0904852 0
0.563676 0.0908781 0
0.562616 0.0914976 0
0.571282 0.0914708 0
0.569738 0.0909146 0
0.562566 0.0926781 0
0.561657 0.0920003 0
0.561657 0.0918912 0
0.561462 0.0918042 0
0.561507 0.0918165 0
0.561646 0.0916809 0
0.561274 0.0920913 0
0.561053 0.0925388 0
0.560919 0.0924787 0
0.560943 0.0923999 0
0.560806 0.0925001 0
0.560623 0.0926157 0
0.560572 0.0927471 0
0.560539 0.0924805 0
0.560845 0.0916515 0
0.560954 0.091247 0
0.560833 0.0913822 0
0.560692 0.0915811 0
0.560503 0.0915413 0
0.560644 0.091985 0
0.560282 0.0926927 0
0.559845 0.0930786 0
0.559859 0.0929319 0
0.559605 0.0932418 0
0.559457 0.093166 0
0.55946 0.0930349 0
0.559612 0.0926769 0
0.559745 0.0924781 0
0.559855 0.0924452 0
0.559944 0.0925063 0
0.559958 0.0924819 0
0.559967 0.0924962 0
0.559853 0.092491 0
0.559824 0.0926875 0
0.559772 0.092815 0
0.559688 0.0929818 0
0.559638 0.0924064 0
0.559522 0.0922085 0
0.55953 0.0921347 0
0.559387 0.0924804 0
0.559458 0.0927229 0
0.559328 0.0923717 0
0.559702 0.0926062 0
0.559951 0.0926761 0
0.560278 0.0925578 0
0.560112 0.0921691 0
0.559613 0.0918382 0
0.559626 0.0917864 0
0.560007 0.0915543 0
0.56008 0.0912693 0
0.559791 0.0909731 0
0.55995 0.0909944 0
0.55998 0.0911283 0
0.56023 0.0909499 0
0.560324 0.0907812 0
0.559855 0.0909695 0
0.559906 0.090783 0
0.559706 0.0906685 0
0.559593 0.0907804 0
0.559536 0.0908254 0
0.559424 0.09074 0
0.55948 0.0907715 0
0.559396 0.0907095 0
0.559526 0.0904552 0
0.559705 0.0905462 0
0.559747 0.0909283 0
0.559827 0.0910492 0
0.560033 0.0912875 0
0.560201 0.0913279 0
0.5604 0.0911578 0
0.560213 0.0912752 0
0.56041 0.0914346 0
0.560548 0.0914958 0
0.560658 0.0917851 0
0.56068 0.0918946 0
0.56061 0.0920064 0
0.560736 0.0921352 0
0.56078 0.0923862 0
0.560854 0.0926882 0
0.561108 0.0927535 0
0.561366 0.0930763 0
0.561616 0.0932283 0
0.561519 0.0932921 0
0.561461 0.0933228 0
0.561567 0.0932977 0
0.561858 0.0932975 0
0.561551 0.093667 0
0.561925 0.0938657 0
0.561916 0.0941027 0
0.56199 0.0941512 0
0.562244 0.0941518 0
0.562575 0.0943093 0
0.562355 0.0944619 0
0.562286 0.094984 0
0.562179 0.0952539 0
0.562129 0.095588 0
0.562258 0.096052 0
0.562408 0.0964153 0
0.562735 0.0965798 0
0.563244 0.0969639 0
0.563318 0.0971473 0
0.563568 0.0975376 0
0.563943 0.0977548 0
0.563749 0.0978252 0
0.563765 0.0980369 0
0.563944 0.0984263 0
0.563726 0.0987308 0
0.56438 0.0989316 0
0.564805 0.0986094 0
0.5649 0.0986433 0
0.564845 0.0986763 0
0.564791 0.098691 0
0.565117 0.0987999 0
0.565289 0.0987426 0
0.565613 0.0987817 0
0.56621 0.0988018 0
0.566753 0.0987646 0
0.566105 0.098885 0
0.566255 0.0987137 0
0.566326 0.0986331 0
0.566437 0.098447 0
0.566218 0.098716 0
0.566023 0.0988941 0
0.566256 0.098945 0
0.566466 0.0989868 0
0.566515 0.0988456 0
0.566579 0.0983649 0
0.56668 0.0984942 0
0.566677 0.0986444 0
0.567082 0.0982979 0
0.565912 0.0980151 0
0.565935 0.0980367 0
0.565918 0.097974 0
0.565933 0.0979897 0
0.565927 0.0979206 0
0.565911 0.0978625 0
0.566014 0.0977531 0
0.566056 0.0977532 0
0.566054 0.0976565 0
0.565983 0.0976318 0
0.565993 0.0978935 0
0.566088 0.0980237 0
0.566343 0.097693 0
0.566276 0.0979912 0
0.566353 0.0979268 0
0.566487 0.0980456 0
0.566636 0.0981936 0
0.566717 0.0981972 0
0.566711 0.0982116 0
0.566718 0.0981773 0
0.566717 0.0980578 0
0.566639 0.0980035 0
0.566583 0.0979102 0
0.567313 0.0984823 0
0.567378 0.0984653 0
0.567477 0.0985678 0
0.567592 0.09854 0
0.567315 0.0984907 0
0.567305 0.0984374 0
0.567307 0.0983845 0
0.567284 0.0983211 0
0.567248 0.098291 0
0.567279 0.0982803 0
0.567509 0.0984955 0
0.567566 0.0983926 0
0.567364 0.0984007 0
0.567632 0.0985588 0
0.567953 0.0987771 0
0.56784 0.098855 0
0.567916 0.0988986 0
0.56834 0.0989965 0
0.56865 0.0990843 0
0.568957 0.099022 0
0.568867 0.0989483 0
0.56763 0.0984062 0
0.567795 0.0984189 0
0.567918 0.098519 0
0.568023 0.0982921 0
0.568287 0.0982997 0
0.56853 0.0983359 0
0.568551 0.0986477 0
0.568603 0.0986205 0
0.568582 0.0985492 0
0.568308 0.09867 0
0.568689 0.0987795 0
0.568303 0.0987107 0
0.568197 0.0984732 0
0.568101 0.0983037 0
0.568203 0.0980623 0
0.56774 0.0981511 0
0.567784 0.0982471 0
0.566958 0.0979279 0
0.56678 0.0981449 0
0.566512 0.0981837 0
0.565859 0.0985011 0
0.565435 0.0991097 0
0.565169 0.0995957 0
0.564834 0.0999463 0
0.56427 0.100257 0
0.563336 0.100215 0
0.570056 0.100553 0
0.45758 0.105807 0
0.464304 0.107505 0
0.462742 0.104615 0
0.462818 0.102805 0
0.462989 0.101518 0
0.462584 0.0996357 0
0.461665 0.0984757 0
0.461536 0.0974442 0
0.461097 0.0959937 0
0.460767 0.093621 0
0.460179 0.091474 0
0.460478 0.0886616 0
0.459018 0.0865965 0
0.458902 0.0859091 0
0.457682 0.0825069 0
0.456569 0.0805673 0
0.456658 0.0786979 0
0.456581 0.0774937 0
0.456012 0.075643 0
0.456047 0.0742925 0
0.455713 0.0725035 1
0.420022 0.0797171 1
0.389699 0.0789618 0
0.385819 0.0869203 1
0.384448 0.0847805 0
0.422132 0.0785237 0
0.411279 0.0637538 0
0.411375 0.0679343 1
0.411022 0.0679382 0
0.411587 0.0681373 0
0.412483 0.0681247 0
0.396608 0.0739956 0
0.364549 0.0800872 0
0.360898 0.0846995 0
0.361122 0.0848149 0
0.361104 0.0848626 1
0.368439 0.0826324 0
0.329354 0.122257 0
0.279998 0.14656 0
0.274121 0.152207 1
0.2708 0.158107 0
0.244735 0.193445 0
0.223509 0.257749 0
0.19553 0.290666 0
0.18925 0.286521 0
0.187432 0.287823 0
0.186221 0.287571 1
0.185934 0.290907 0
0.18273 0.290129 0
0.18174 0.295727 0
0.197803 0.302075 0
0.208878 0.561381 0
0.188519 0.599843 1
0.216001 0.552558 0
0.189994 0.371322 0
0.202772 0.558465 0
0.382986 0.0916828 1
0.415585 0.0761374 1
0.457574 0.0622683 1
0.463232 0.0578499 0
0.478116 0.0507699 0
0.483485 0.0500596 0
0.493299 0.0489262 0
0.500171 0.0456327 0
0.509727 0.046705 0
0.519929 0.0431729 0
0.525584 0.0414536 1
0.52063 0.0346848 0
0.515843 0.028198 0
0.50814 0.0229913 0
0.498678 0.0167063 0
0.485619 0.0121481 0
0.473565 0.0132297 0
0.460634 0.0150081 0
0.454853 0.0165148 0
0.447845 0.0161481 0
0.44112 0.0177045 0
0.440589 0.0161586 0
0.437838 0.0148802 0
0.434154 0.0145089 0
0.430338 0.0152015 0
0.427554 0.0167696 0
0.424485 0.0170438 0
0.421691 0.0174247 1
0.421386 0.0172521 0
0.420567 0.0170199 0
0.417214 0.0106291 0
0.339666 0.0194261 0
0.340103 0.0255245 0
0.337482 0.0242713 0
0.336622 0.0240516 1
0.307622 0.0352601 0
0.306708 0.0324259 1
0.3066 0.0324349 0
0.306328 0.0347242 0
0.338912 0.0275189 0
0.214954 0.076219 0
0.211907 0.0896814 0
0.210168 0.088578 0
0.208864 0.0879418 0
0.207441 0.0868134 1
0.206546 0.0865647 0
0.204652 0.0858088 0
0.205783 0.0878353 0
0.187747 0.0875321 0
0.111709 0.12322 0
0.0950011 0.140877 0
0.0734344 0.210597 0
0.0698071 0.227035 0
0.0719459 0.242834 0
0.069543 0.248663 0
0.0673527 0.254462 0
0.0614846 0.252085 0
0.0676836 0.271696 1
0.253179 0.874488 1
0.182797 0.81645 0
0.200523 0.83526 1
0.217597 0.851977 1
0.231137 0.874001 0
0.241198 0.874921 0
0.266334 0.893216 1
0.274141 0.905643 0
0.278868 0.911932 0
0.295761 0.917281 0
0.305873 0.919816 0
0.321017 0.925974 0
0.321997 0.927901 0
0.32356 0.928495 1
0.321979 0.929254 0
0.302578 0.919908 0
0.258534 0.894389 0
0.206658 0.854891 0
0.139892 0.786038 0
0.0796408 0.692812 0
0.0105379 0.434142 0
0.0316064 0.581549 0
0.0104635 0.493784 0
0 0.48313 0
0.0052362 0.504004 0
0.0156815 0.540807 0
0.0228316 0.566325 0
0.0312995 0.583613 0
0.0344353 0.587772 0
0.0390343 0.595926 0
0.0451128 0.604692 0
0.045181 0.609839 0
0.0579656 0.622914 0
0.0633492 0.629776 0
0.0563748 0.613046 0
0.0640257 0.624516 0
0.0775828 0.648417 0
0.0905026 0.657588 1
0.0875163 0.646142 0
0.152995 0.757229 1
0.294627 0.877133 1
0.408129 0.922574 1
0.520905 0.937251 1
0.590868 0.930845 1
0.649943 0.91712 1
0.765731 0.866348 1
0.891474 0.754381 1
0.94192 0.67372 1
0.9971 0.547698 0
0.980433 0.551213 1
0.999548 0.521885 0
0.993678 0.53043 0
0.994934 0.518077 0
1 0.501251 0
0.996597 0.497567 0
0.994744 0.495245 0
0.996257 0.472216 0
0.989753 0.458412 0
0.987713 0.454047 0
0.978347 0.438897 0
0.967363 0.434107 1
0.970914 0.432774 0
0.976994 0.441878 0
0.968727 0.432586 0
0.967527 0.4343 0
0.967013 0.434074 0
0.966447 0.433863 0
0.965902 0.433713 0
0.965395 0.433902 0
0.964754 0.433834 0
0.964413 0.433957 0
0.965092 0.436984 0
0.980141 0.456681 0
0.971727 0.538439 0
0.975559 0.519608 0
0.957905 0.552877 0
0.958717 0.552287 0
0.958397 0.551578 1
0.958192 0.551593 0
0.95765 0.552464 0
0.956873 0.559768 0
0.945313 0.634295 0
0.931915 0.657086 0
0.927602 0.665054 0
0.927589 0.664848 1
0.919288 0.673208 0
0.896152 0.726945 0
0.886393 0.739554 0
0.887176 0.738118 1
0.870316 0.759078 1
0.851524 0.778319 0
0.838142 0.794751 0
0.819089 0.809836 0
0.761666 0.845951 0
0.766255 0.84894 1
0.730698 0.869788 1
0.659926 0.890478 0
0.642098 0.902839 1
0.594176 0.91146 1
0.697553 0.882581 0
0.725548 0.867508 0
0.728391 0.866388 0
0.73374 0.871931 0
0.569819 0.908044 1
0.536178 0.90866 1
0.500097 0.905766 1
0.32732 0.854863 0
0.329502 0.850661 0
0.331527 0.849242 0
0.329208 0.849698 1
0.331917 0.836705 0
0.261232 0.80475 1
0.231667 0.778661 1
0.21712 0.763147 1
0.211067 0.764973 0
0.194542 0.734878 0
0.145267 0.646607 0
0.149882 0.664284 0
0.145782 0.658175 0
0.146735 0.658333 0
0.147766 0.658451 0
0.148568 0.658589 1
0.148568 0.658589 0
0.148568 0.658589 0
0.148568 0.658589 0
0.148568 0.658589 0
0.148568 0.658589 0
0.148568 0.658589 0
0.148568 0.658589 0
0.148568 0.658589 0
0.148568 0.658589 0
0.148578 0.658591 0
0.148596 0.658589 0
0.148682 0.658509 0
0.151086 0.659385 0
0.156147 0.661213 0
0.206572 0.700079 0
0.212973 0.73814 0
0.213948 0.744247 0
0.218994 0.712532 0
0.213368 0.732559 0
0.215749 0.744613 0
0.217905 0.731281 0
0.217361 0.739868 0
0.217342 0.73808 0
0.218692 0.735661 0
0.218864 0.734788 0
0.222159 0.72495 0
0.221423 0.73013 0
0.220965 0.733966 0
0.222331 0.732655 0
0.224044 0.729763 0
0.226103 0.726842 0
0.223466 0.733319 0
0.224515 0.732981 0
0.226114 0.73137 0
0.225542 0.734041 0
0.226024 0.733571 0
0.226923 0.733522 0
0.228128 0.733235 0
0.230528 0.731114 0
0.231819 0.730512 0
0.233147 0.731494 0
0.237169 0.72861 0
0.236178 0.729958 0
0.237466 0.731171 0
0.235206 0.733973 0
0.244018 0.731591 0
0.239367 0.733558 0
0.235798 0.73744 0
0.235069 0.73832 0
0.234732 0.73929 0
0.233673 0.740869 0
0.234243 0.742194 0
0.231462 0.745142 0
0.228217 0.748909 0
0.232511 0.747659 0
0.229766 0.750235 0
0.228407 0.752314 0
0.228082 0.753885 0
0.22704 0.755486 0
0.225649 0.757145 0
0.224054 0.758759 1
0.228205 0.758615 0
0.225233 0.7589 0
0.238823 0.772419 0
0.236565 0.775943 0
0.233435 0.778361 0
0.232431 0.778517 1
0.232489 0.778532 0
0.233571 0.778668 0
0.23787 0.77614 0
0.221047 0.78154 0
0.222675 0.779318 0
0.22349 0.779059 0
0.223593 0.779223 0
0.223595 0.779346 1
0.223591 0.779345 0
0.223557 0.779341 0
0.223773 0.779374 0
0.220134 0.778805 0
0.226395 0.804695 0
0.225125 0.805177 0
0.225519 0.807501 0
0.225202 0.811417 0
0.22541 0.812448 0
0.225847 0.814183 0
0.225009 0.816316 0
0.225176 0.816997 0
0.225118 0.817674 0
0.225116 0.818589 0
0.224421 0.819646 0
0.224834 0.820738 0
0.224552 0.821932 0
0.223979 0.82275 0
0.224535 0.823525 0
0.222507 0.826361 0
0.239442 0.833707 0
0.244374 0.849216 0
0.242438 0.848681 0
0.238563 0.848499 0
0.227316 0.842978 0
0.237851 0.843305 0
0.258244 0.861393 0
0.25624 0.869984 1
0.277272 0.885338 1
0.259588 0.858299 0
0.22471 0.84248 0
0.227514 0.848257 1
0.222432 0.83776 0
0.212121 0.836302 1
0.30582 0 1
0.4047 0.942795 0
0.387384 0.939232 0
0.382601 0.937525 0
0.376837 0.935473 0
0.375883 0.934218 0
0.374923 0.93347 1
0.376991 0.933795 0
0.385956 0.935205 0
0.381439 0.932623 0
0.400101 0.93192 1
0.425339 0.932108 1
0.452413 0.944044 0
0.482867 0.932325 0
0.485325 0.927685 0
0.486004 0.928028 0
0.485976 0.928015 0
0.485978 0.928014 1
0.486322 0.928663 0
0.48401 0.92606 0
0.51878 0.924679 1
0.536363 0.922051 1
0.53566 0.920973 0
0.561058 0.91631 1
0.56016 0.916302 0
0.559495 0.91615 0
0.557391 0.916937 0
0.566279 0.90292 1
0.584161 0.886474 0
0.588729 0.8961 1
0.58958 0.894872 0
0.590348 0.893201 0
0.589614 0.89587 0
0.590464 0.89506 0
0.592538 0.891579 0
0.596342 0.858097 0
0.600084 0.854706 0
0.631171 0.83111 0
0.638026 0.838208 0
0.644847 0.838217 0
0.649522 0.838087 1
0.653731 0.834951 0
0.658399 0.828202 0
0.666415 0.824149 0
0.670306 0.8225 0
0.671292 0.813816 0
0.68593 0.804271 0
0.698588 0.79893 0
0.70497 0.797643 0
0.718262 0.794804 0
0.726927 0.792153 0
0.735343 0.790146 0
0.739714 0.786477 0
0.741916 0.784782 0
0.742582 0.783424 1
0.748367 0.775859 0
0.751986 0.765793 0
0.758218 0.757879 0
0.766902 0.749132 0
0.785317 0.740034 0
0.803294 0.731084 0
0.810177 0.728563 0
0.819033 0.727372 0
0.833996 0.725096 0
0.835148 0.725121 0
0.843029 0.726351 1
0.845125 0.71207 0
0.854664 0.688638 0
0.863438 0.681566 0
0.878122 0.672436 1
0.87774 0.674374 0
0.874131 0.607999 0
0.880085 0.600335 0
0.89362 0.578653 0
0.903733 0.567769 0
0.916643 0.558322 0
0.924253 0.555512 1
0.919898 0.545289 0
0.916527 0.515807 0
0.918827 0.501675 0
0.923235 0.498556 0
0.923096 0.490274 0
0.926712 0.492178 1
0.920709 0.4861 0
0.921417 0.480769 0
0.908088 0.469222 0
0.902308 0.457543 0
0.894678 0.444699 0
0.885876 0.427421 0
0.877004 0.394363 0
0.878344 0.370893 0
0.881494 0.363468 1
0.881555 0.359692 0
0.881401 0.353243 0
0.88197 0.349756 0
0.880229 0.346355 0
0.875077 0.334714 0
0.870682 0.328205 0
0.868277 0.323407 0
0.865057 0.314863 0
0.858584 0.310412 0
0.850423 0.29422 0
0.84331 0.287956 0
0.828937 0.286652 0
0.791088 0.250193 0
0.619996 0.177466 0
0.564235 0.140136 0
0.567427 0.135646 0
0.56583 0.134316 0
0.565663 0.134285 0
0.56563 0.134316 0
0.565631 0.134321 0
0.565631 0.134321 0
0.565631 0.134321 0
0.565631 0.134321 0
0.565631 0.134321 1
0.564541 0.137918 0
0.562536 0.136969 0
0.560043 0.142179 0
0.557437 0.145097 0
0.556185 0.147282 0
0.555059 0.147993 0
0.554327 0.145761 0
0.552877 0.149655 0
0.566078 0.149633 0
0.408169 0.242149 0
0.371079 0.223519 0
0.37479 0.220498 0
0.376944 0.22117 0
0.374878 0.219595 0
0.37382 0.220657 0
0.372468 0.220429 0
0.371243 0.220579 0
0.367943 0.215692 1
0.366529 0.215737 0
0.368216 0.224596 0
0.370344 0.222398 0
0.3675 0.223779 0
0.365896 0.220629 0
0.365921 0.225419 0
0.366312 0.227116 0
0.365047 0.2267 0
0.364078 0.223512 0
0.364004 0.214564 0
0.363708 0.217227 0
0.364021 0.226455 0
0.36721 0.238012 0
0.365989 0.234624 0
0.372361 0.249899 0
0.368083 0.243383 0
0.37095 0.246757 0
0.375467 0.255917 0
0.375629 0.257344 0
0.371668 0.261846 0
0.389323 0.308174 0
0.385837 0.570762 0
0.368195 0.578812 0
0.369204 0.579753 0
0.370187 0.576475 0
0.369149 0.579631 0
0.36908 0.5825 0
0.36784 0.581599 0
0.369074 0.58475 0
0.370377 0.5866 0
0.370841 0.5863 0
0.370499 0.585897 0
0.371116 0.587068 0
0.371885 0.588016 1
0.372917 0.588486 0
0.375752 0.587231 0
0.378101 0.587817 0
0.377304 0.590824 0
0.380149 0.589631 0
0.379757 0.591572 0
0.379396 0.593109 0
0.383821 0.591003 0
0.383062 0.591705 0
0.383528 0.590624 0
0.382489 0.590519 0
0.381685 0.591603 0
0.380612 0.594816 0
0.378659 0.596136 0
0.378579 0.596556 0
0.378845 0.598 0
0.378963 0.599422 0
0.37951 0.600062 0
0.381828 0.598337 0
0.382687 0.59863 0
0.383348 0.599249 0
0.38361 0.599702 0
0.382673 0.600216 0
0.384075 0.602347 0
0.385157 0.602104 0
0.387137 0.598072 0
0.374181 0.575898 0
0.633093 0.35898 0
0.336982 0.528915 0
0.672516 0.373112 0
0.662427 0.407319 1
0.661554 0.406498 0
0.66135 0.405881 0
0.661407 0.406217 0
0.661151 0.405906 0
0.661518 0.405998 0
0.661604 0.405978 0
0.660991 0.404978 0
0.661251 0.40504 0
0.661639 0.404978 0
0.659565 0.403996 0
0.659392 0.401455 0
0.661618 0.40546 0
0.661802 0.406508 0
0.662202 0.406999 0
0.662445 0.407178 0
0.662046 0.406677 0
0.66117 0.406129 0
0.662271 0.406983 0
0.662034 0.406919 0
0.662328 0.40733 0
0.662429 0.407158 0
0.661254 0.406011 0
0.659895 0.404988 0
0.657573 0.406198 0
0.691116 0.388531 0
0.408745 0.584909 0
0.402601 0.595756 0
0.406646 0.590712 0
0.404922 0.588169 0
0.410308 0.585365 0
0.41648 0.582373 0
0.41703 0.578474 0
0.425597 0.560311 0
0.424018 0.564671 0
0.428919 0.561098 0
0.431787 0.556063 0
0.432895 0.545856 0
0.430138 0.540472 0
0.454198 0.528369 0
0.602144 0.394271 0
0.61494 0.403149 0
0.613021 0.40719 0
0.611128 0.407664 0
0.608977 0.409037 0
0.605815 0.408964 0
0.602803 0.406736 0
0.598399 0.4065 0
0.594805 0.404279 0
0.590734 0.40474 0
0.590457 0.408743 0
0.593107 0.413922 0
0.590906 0.415464 0
0.585855 0.412945 0
0.5831 0.413937 0
0.578584 0.415309 0
0.576528 0.415898 0
0.574632 0.417229 0
0.574127 0.419725 0
0.571632 0.419548 0
0.558036 0.419896 0
0.562042 0.420812 0
0.559968 0.421539 0
0.557956 0.421886 0
0.553908 0.421139 0
0.551399 0.422661 0
0.548405 0.4245 0
0.546232 0.424904 0
0.533486 0.425933 0
0.536083 0.429942 0
0.527923 0.42985 0
0.533157 0.429215 0
0.53339 0.432669 0
0.537027 0.436191 0
0.534207 0.437481 0
0.534987 0.439576 0
0.535887 0.442727 0
0.535589 0.444605 0
0.53554 0.447291 0
0.536084 0.450371 0
0.534674 0.452813 1
