0.486333 0.109907 1
0.486334 0.109937 0
0.4863 0.110053 0
0.48632 0.110082 0
0.486356 0.110435 0
0.486255 0.109929 0
0.486022 0.110144 0
0.486504 0.109968 0
0.486748 0.10965 0
0.486874 0.109405 0
0.486232 0.1092 0
0.486255 0.109322 0
0.487023 0.109992 0
0.485801 0.110251 0
0.486003 0.110225 0
0.485662 0.110476 0
0.485822 0.110136 0
0.485927 0.109949 0
0.48608 0.109898 0
0.485734 0.110021 0
0.485966 0.110222 0
0.486212 0.110049 0
0.486267 0.11006 0
0.486124 0.110493 0
0.485933 0.110517 0
0.486227 0.11007 0
0.486261 0.110068 0
0.485288 0.110265 0
0.48596 0.11056 0
0.48558 0.110607 0
0.485759 0.110693 0
0.486137 0.110079 0
0.486176 0.110053 0
0.486137 0.109968 0
0.486305 0.109944 0
0.486339 0.109926 0
0.486343 0.110172 0
0.485398 0.110556 0
0.484956 0.111506 0
0.48504 0.11191 0
0.485165 0.111522 0
0.485303 0.111908 0
0.485476 0.111352 0
0.48562 0.111384 0
0.485517 0.111249 0
0.485396 0.110956 0
0.485951 0.110343 0
0.48607 0.110281 0
0.485784 0.110702 0
0.485726 0.110921 0
0.483952 0.113481 0
0.499912 0.109154 0
0.289237 0.565361 0
0.317207 0.620113 0
0.313281 0.612502 0
0.317513 0.612566 0
0.320921 0.612787 0
0.320761 0.611403 0
0.320799 0.610601 0
0.319501 0.610965 0
0.318791 0.609496 0
0.321258 0.608938 0
0.321228 0.598468 0
0.312955 0.588465 0
0.320323 0.610697 0
0.296121 0.573353 0
0.309939 0.582262 0
0.31348 0.585822 0
0.315631 0.589603 0
0.313878 0.589909 0
0.313615 0.590118 0
0.310949 0.589091 0
0.289939 0.569992 0
0.306373 0.582533 0
0.310568 0.594174 0
0.292316 0.589087 0
0.29222 0.588443 0
0.293457 0.58714 0
0.293083 0.58269 0
0.294518 0.582786 0
0.296018 0.582125 0
0.284187 0.563345 0
0.29454 0.578341 0
0.290872 0.579911 0
0.290836 0.580714 0
0.292287 0.577367 0
0.299089 0.587662 0
0.261612 0.547852 0
0.272378 0.553275 0
0.259829 0.546479 0
0.256414 0.545279 0
0.258155 0.547818 0
0.252622 0.545108 0
0.242856 0.540006 0
0.246248 0.542274 0
0.255167 0.548414 0
0.250934 0.545524 0
0.244016 0.541352 0
0.266162 0.555653 0
0.253049 0.546812 0
0.248034 0.54181 0
0.263215 0.561796 0
0.263577 0.560104 0
0.247663 0.563982 0
0.215819 0.556597 0
0.218515 0.559998 0
0.208861 0.555761 0
0.206608 0.556536 0
0.202286 0.553238 0
0.197296 0.552407 0
0.203484 0.557643 0
0.198014 0.555116 0
0.188782 0.549196 0
0.186401 0.550145 0
0.181601 0.546997 0
0.183884 0.549847 0
0.181317 0.551111 0
0.177506 0.548936 0
0.176412 0.549334 0
0.174903 0.550765 0
0.173631 0.552194 0
0.170644 0.549856 0
0.169379 0.550092 0
0.168027 0.548105 0
0.168019 0.548566 0
0.165569 0.54843 0
0.164823 0.550914 0
0.174034 0.57866 0
0.0850291 0.565005 0
0.46841 0.0721355 0
0.411914 0.113505 0
0.420561 0.10449 0
0.422221 0.103157 0
0.423368 0.100432 0
0.423693 0.0955978 0
0.425475 0.0926014 0
0.427497 0.0900136 0
0.427173 0.0880614 0
0.428632 0.0860369 0
0.429357 0.0844441 0
0.427379 0.0835087 0
0.426956 0.0826785 0
0.424625 0.0831942 0
0.441373 0.0650371 0
0.075591 0.34057 0
0.0817097 0.341679 0
0.0908326 0.332952 0
0.0930951 0.329137 0
0.097479 0.323409 0
0.0949084 0.311124 0
0.386527 0.0564486 0
0.410483 0.0610235 0
0.461221 0.0658254 0
0.514739 0.0650103 0
0.515419 0.0640653 0
0.512185 0.0637765 0
0.508764 0.0667136 0
0.508273 0.0673934 0
0.468034 0.0593746 0
0.476878 0.0646076 0
0.41961 0.0834492 0
0.490057 0.0720633 0
0.481432 0.0656307 0
0.499006 0.0677467 0
0.501636 0.0708029 0
0.515254 0.065272 0
0.550878 0.0979093 0
0.374816 0.241248 0
0.555607 0.100319 0
0.551667 0.0918978 0
0.560104 0.108876 0
0.571408 0.128025 0
0.628815 0.167934 0
0.634253 0.16416 0
0.635844 0.164162 0
0.635614 0.163056 0
0.630404 0.16552 0
0.637217 0.164358 0
0.635987 0.165038 0
0.637844 0.162987 0
0.634382 0.163679 0
0.626657 0.164634 0
0.617476 0.166362 0
0.622221 0.170261 0
0.62306 0.172836 0
0.627419 0.174208 0
0.628957 0.176071 0
0.630835 0.176566 0
0.632094 0.177615 0
0.633249 0.179128 0
0.634466 0.179027 0
0.644074 0.17935 0
0.639138 0.17813 0
0.640412 0.176772 0
0.642679 0.174153 0
0.645423 0.176312 0
0.654144 0.172196 0
0.657564 0.1717 0
0.65907 0.16969 0
0.65664 0.169573 0
0.652103 0.168371 0
0.653465 0.16742 0
0.652743 0.170801 0
0.652402 0.17495 0
0.653524 0.171609 0
0.654455 0.16925 0
0.652884 0.169791 0
0.652331 0.169247 0
0.648391 0.175672 0
0.61232 0.145946 0
0.143429 0.317902 0
0.122108 0.313215 0
0.120275 0.3126 0
0.120775 0.312354 0
0.1164 0.318965 0
0.117149 0.315166 0
0.119319 0.313133 0
0.118271 0.313607 0
0.118648 0.31411 0
0.126692 0.309697 0
0.591559 0.234114 0
0.64326 0.142062 0
0.650163 0.13334 0
0.118799 0.320259 0
0.11831 0.316368 0
0.11796 0.314745 0
0.117809 0.314448 1
0.12265 0.317851 0
0.119612 0.327891 0
0.119479 0.332954 0
0.113792 0.339792 0
0.106793 0.344083 0
0.102792 0.34518 0
0.100928 0.347656 1
0.103201 0.344544 0
0.0957883 0.354572 1
0.094418 0.356016 0
0.0942925 0.357796 0
0.0933008 0.359706 0
0.0912809 0.36212 0
0.0901882 0.366131 0
0.0880516 0.367776 1
0.087329 0.381301 1
0.0875233 0.381171 0
0.089908 0.384539 0
0.0912028 0.362718 0
0.0889997 0.368131 0
0.0904608 0.367596 0
0.0897785 0.368236 0
0.0881933 0.368706 0
0.0882456 0.36905 0
0.0878413 0.369105 0
0.0881861 0.369645 0
0.088025 0.369734 0
0.0889395 0.370331 0
0.0870677 0.370156 0
0.104585 0.373753 0
0.125423 0.404151 0
0.124879 0.410505 0
0.126069 0.413795 0
0.126975 0.416175 0
0.126506 0.415479 0
0.12688 0.416168 0
0.124577 0.413103 0
0.125268 0.413741 0
0.1242 0.411753 0
0.121215 0.409076 0
0.119812 0.408927 0
0.119733 0.407628 0
0.113909 0.404188 0
0.101357 0.406528 0
0.0945583 0.404209 0
0.0881072 0.401289 0
0.0846326 0.395714 0
0.0829007 0.390297 0
0.0814432 0.389594 0
0.0816586 0.388693 0
0.0814282 0.388393 0
0.0814444 0.388319 0
0.0814381 0.388331 0
0.0814437 0.388325 0
0.0814461 0.38832 1
0.0882609 0.378087 1
0.0906458 0.378982 0
0.0991442 0.350394 1
0.336175 0.0956342 1
0.11488 0.312166 1
0.135637 0.272957 0
0.128975 0.275718 0
0.128398 0.275428 0
0.12834 0.27508 0
0.127458 0.274285 1
0.106972 0.302821 0
0.101141 0.313067 0
0.0913661 0.315732 0
0.0885825 0.319084 0
0.0825147 0.323242 0
0.0817253 0.32645 0
0.0811668 0.328433 0
0.08015 0.328701 0
0.0798898 0.330007 1
0.0777583 0.328648 0
0.0738456 0.327716 0
0.0703305 0.327582 0
0.0681012 0.324353 0
0.0614722 0.324419 0
0.057969 0.321202 0
0.0631172 0.314152 0
0.0616874 0.304313 0
0.0626911 0.299459 0
0.0613541 0.293404 0
0.062849 0.291901 0
0.0633994 0.288618 0
0.0608099 0.284065 0
0.0627604 0.278888 0
0.0537229 0.266529 0
0.0575854 0.265549 0
0.0627345 0.268437 0
0.0559712 0.248124 0
0.0589564 0.242368 0
0.0532646 0.218393 0
0 0.27841 0
0.199778 1 0
0.243852 0.962878 0
0.257875 0.95496 0
0.28019 0.925786 0
0.286629 0.927214 0
0.295892 0.932093 1
0.743082 0.865904 1
0.832032 0.765899 1
0.862495 0.711838 1
0.915177 0.500756 1
0.886995 0.319613 1
0.825366 0.201822 1
0.830513 0.197786 0
0.915616 0.276349 0
0.538299 0 0
0.504532 0.0152441 0
0.501528 0.0265994 0
0.499887 0.0269189 0
0.500066 0.0274995 1
0.49954 0.00694452 0
0.432185 0.0344658 1
0.315579 0.0677652 1
0.217855 0.129499 1
0.166731 0.181897 1
0.165914 0.183804 0
0.168289 0.189132 0
0.103138 0.269518 0
0.113542 0.269016 0
0.114538 0.271337 0
0.115112 0.271577 0
0.115601 0.271841 0
0.115954 0.272197 0
0.117227 0.272619 0
0.117483 0.27288 1
0.117526 0.272898 0
0.117478 0.27315 0
0.116197 0.270154 0
0.172394 0.185796 0
0.649927 0.100959 1
0.645318 0.102372 0
0.64356 0.104593 0
0.634727 0.104366 0
0.632129 0.0990876 0
0.440246 0.0666737 0
0.431767 0.0476149 0
0.436038 0.0337991 0
0.275616 0.15116 0
0.267944 0.163284 0
0.167136 0.236436 0
0.184064 0.22704 0
0.184873 0.229249 0
0.188495 0.230219 0
0.192388 0.23215 0
0.195466 0.233324 0
0.231678 0.273494 0
0.217434 0.283181 0
0.227948 0.277671 0
0.240484 0.239198 0
0.584463 0.194389 0
0.555598 0.123424 0
0.561267 0.116165 0
0.550213 0.103206 0
0.528829 0.0830521 0
0.514584 0.0746051 0
0.518749 0.0758232 0
0.519437 0.074756 0
0.524641 0.0825215 0
0.665484 0.122016 0
0.669123 0.133523 0
0.513236 0.0743766 0
0.553337 0.0964179 0
0.258324 0.249033 0
0.196343 0.232777 0
0.81493 0.388625 0
0.784834 0.47325 0
0.858736 0.3211 0
0.837712 0.312982 0
0.858933 0.324662 0
0.850613 0.319125 0
0.859434 0.31915 0
0.548358 0.0873792 0
0.74788 0.0944735 0
0.65806 0.0625488 0
0.669223 0.107956 0
0.671825 0.109298 0
0.673373 0.111286 0
0.670384 0.107088 0
0.672138 0.109614 0
0.669536 0.105294 0
0.667897 0.102482 0
0.666533 0.1009 0
0.664909 0.0966621 0
0.664578 0.0956246 0
0.664641 0.0960551 0
0.665227 0.0962478 0
0.665416 0.0970979 0
0.665575 0.0974548 0
0.666473 0.0980871 0
0.670108 0.10296 0
0.674485 0.109347 0
0.666276 0.0967027 0
0.670034 0.102748 0
0.666769 0.100279 0
0.664199 0.0969649 0
0.664748 0.0984393 0
0.666472 0.102447 0
0.669141 0.108262 0
0.672155 0.078167 0
0.358993 0.0870373 0
0.486274 0.048337 0
0.403422 0.0669169 0
0.189687 0.184202 0
0.187872 0.175293 0
0.188766 0.174346 0
0.188203 0.174316 0
0.187007 0.174305 0
0.186856 0.173709 0
0.18599 0.17371 0
0.185667 0.173505 0
0.185291 0.173325 0
0.185066 0.173098 0
0.184615 0.173027 0
0.184331 0.172758 0
0.184166 0.17272 1
0.184145 0.172676 0
0.184474 0.17238 0
0.184444 0.17138 0
0.187376 0.17012 0
0.215262 0.111893 0
0.213395 0.12252 0
0.216409 0.126155 1
0.213138 0.119207 0
0.212593 0.118846 0
0.210643 0.115436 0
0.208378 0.10925 0
0.209489 0.10954 0
0.205431 0.0978636 0
0.206478 0.0840921 0
0.206579 0.0839235 0
0.220195 0.0214256 0
0.290264 0.0256472 0
0.312276 0.0424663 0
0.308816 0.0446246 0
0.31271 0.0490336 0
0.312518 0.049781 1
0.324996 0.0356913 0
0.34148 0.0170315 0
0.371037 0.00511631 0
0.403213 0.0176296 0
0.412543 0.0258128 0
0.426815 0.0317148 1
0.439762 0.0332955 1
0.445359 0.0306931 0
0.450288 0.0244481 0
0.499924 0.0373503 1
0.501101 0.0390233 0
0.500207 0.0387748 0
0.478866 0.0458752 0
0.704489 0.0590134 0
0.66914 0.0939005 1
0.686055 0.0934283 0
0.737988 0.0658691 0
0.799742 0.330876 0
0.860716 0.360238 0
0.871397 0.343981 1
0.841963 0.35695 0
0.746789 0.181412 0
0.757155 0.187474 0
0.758424 0.236091 0
0.765034 0.23159 0
0.7687 0.226386 0
0.765614 0.210024 0
0.775421 0.218449 0
0.78064 0.210043 0
0.787171 0.212535 0
0.792203 0.210401 1
0.469079 0.927453 1
0.48967 0.927013 0
0.511383 0.925393 0
0.54984 0.911128 0
0.619877 0.877901 0
0.660177 0.837275 0
0.701667 0.846981 0
0.710458 0.854306 0
0.720051 0.854446 0
0.725776 0.855572 1
0.725882 0.855116 0
0.717524 0.850336 0
0.702247 0.850236 0
0.85004 0.802362 0
0.833479 0.760242 1
0.892701 0.778007 0
0.872716 0.70466 1
0.833149 0.774139 1
0.877571 0.699039 0
0.900083 0.704933 0
0.965963 0.468595 0
0.958555 0.457167 0
0.942272 0.466902 0
0.941511 0.466892 0
0.941582 0.467245 0
0.940763 0.469499 0
0.945217 0.465911 0
0.939218 0.466734 0
0.930255 0.480028 0
0.941713 0.469771 0
0.956025 0.461418 0
0.921858 0.492246 1
0.919337 0.50519 1
0.923506 0.501957 0
0.923756 0.502276 0
0.92645 0.549713 0
0.921547 0.517868 0
0.925593 0.556883 0
0.921602 0.549823 0
0.917746 0.571391 0
0.911573 0.581955 0
0.892523 0.62846 0
0.902709 0.612712 0
0.880394 0.643555 0
0.891145 0.618803 0
0.819433 0.797439 0
0.83899 0.751205 0
0.682887 0.806012 0
0.710377 0.810692 0
0.719792 0.816411 0
0.718247 0.80815 0
0.700478 0.788745 0
0.619529 0.801256 0
0.590244 0.806776 0
0.644867 0.917612 0
0.596415 0.770533 0
0.532391 0.791671 0
0.515579 0.787843 0
0.459429 0.826577 0
0.479311 0.800637 0
0.474169 0.782511 0
0.468355 0.802198 0
0.461299 0.801404 0
0.458103 0.798627 0
0.457173 0.781107 0
0.452952 0.786193 0
0.453154 0.780927 0
0.448902 0.750575 0
0.435004 0.73795 0
0.428022 0.729128 0
0.447539 0.723153 0
0.287125 0.570016 0
0.266093 0.581971 0
0.253118 0.547468 0
0.247014 0.533139 0
0.254007 0.553364 0
0.243527 0.521238 0
0.243894 0.530111 0
0.237549 0.509919 0
0.244723 0.520765 0
0.247295 0.537278 0
0.241925 0.516349 0
0.243315 0.515977 0
0.246358 0.522516 0
0.250584 0.527265 0
0.283871 0.525396 0
0.314994 0.289378 0
0.348181 0.273044 0
0.252722 0.468898 0
0.346925 0.299723 0
0.352147 0.318004 0
0.375164 0.322654 0
0.329396 0.311998 0
0.302554 0.308973 0
0.255956 0.589678 0
0.396709 0.30865 0
0.292262 0.543794 0
0.255403 0.562916 0
0.370501 0.351393 0
0.357491 0.372233 0
0.297422 0.483879 0
0.337507 0.552801 0
0.339296 0.50137 0
0.352659 0.490286 0
0.356821 0.451593 0
0.372038 0.533268 0
0.394794 0.425873 0
0.402589 0.429687 0
0.392997 0.478534 0
0.38264 0.45415 0
0.426548 0.504163 0
0.428354 0.453013 0
0.42479 0.447394 0
0.491225 0.466074 0
0.412851 0.50489 0
0.42701 0.487723 0
0.488981 0.465208 0
0.449682 0.450332 0
0.425378 0.512439 0
0.423685 0.500667 0
0.448911 0.485497 0
0.428567 0.501352 0
0.440814 0.477545 0
0.434915 0.479062 0
0.442812 0.480117 0
0.440103 0.476685 0
0.445838 0.47749 0
0.456195 0.488134 0
0.453941 0.481049 0
0.449395 0.478997 0
0.451026 0.47763 0
0.451367 0.479338 0
0.463688 0.484604 0
0.459807 0.482858 0
0.460481 0.48346 0
0.463781 0.484604 0
0.463781 0.484604 0
0.463781 0.484604 0
0.463781 0.484604 0
0.463781 0.484604 0
0.463781 0.484604 0
0.463781 0.484604 0
0.463781 0.484604 0
0.463781 0.484604 1
