0.455139 0.205558 1
0.245314 0.366162 0
0.235859 0.3958 0
0.264916 0.431862 0
0.491405 0.206953 0
0.248269 0.436451 0
0.242026 0.392488 0
0.235778 0.396376 0
0.236101 0.396191 0
0.236101 0.396242 0
0.236088 0.39622 0
0.236072 0.396277 0
0.236115 0.396178 0
0.236182 0.396224 0
0.236184 0.396294 0
0.236147 0.396237 0
0.236219 0.39601 0
0.236679 0.395495 0
0.236409 0.395712 0
0.236881 0.395617 0
0.236323 0.397283 0
0.236065 0.396742 0
0.236213 0.397094 0
0.236395 0.397192 0
0.23735 0.397734 0
0.236062 0.395489 0
0.237225 0.395135 0
0.23623 0.397165 0
0.237981 0.396738 0
0.238067 0.396546 0
0.237669 0.3965 0
0.237508 0.39659 0
0.236447 0.396644 0
0.236879 0.396416 0
0.236346 0.396372 1
0.246318 0.369502 0
0.520549 0.211394 0
0.474479 0.218916 0
0.464217 0.214151 0
0.465296 0.22087 0
0.260852 0.453901 0
0.472442 0.193573 0
0.471936 0.216183 0
0.466561 0.21186 0
0.468142 0.213643 0
0.487175 0.211094 0
0.295531 0.375442 0
0.454912 0.208095 0
0.466178 0.212925 0
0.47353 0.214979 0
0.501221 0.209854 0
0.266458 0.397069 0
0.491891 0.23096 0
0.466556 0.21239 0
0.469753 0.209926 0
0.469232 0.21285 0
0.464968 0.208219 0
0.465941 0.208284 0
0.466565 0.208306 0
0.465854 0.207619 0
0.466405 0.207795 0
0.467781 0.208638 0
0.467778 0.208655 0
0.467245 0.208252 0
0.466565 0.208102 0
0.466951 0.208765 0
0.468205 0.209044 0
0.467372 0.208491 0
0.469804 0.209479 0
0.469427 0.209192 0
0.469016 0.209175 0
0.469574 0.209033 0
0.464191 0.207034 0
0.468241 0.208524 0
0.468792 0.20835 0
0.471109 0.209657 0
0.469945 0.208812 0
0.472134 0.210627 0
0.471102 0.209299 0
0.474826 0.210628 0
0.478009 0.210762 0
0.484198 0.214922 0
0.487053 0.213872 0
0.493056 0.213988 0
0.499936 0.216046 0
0.502192 0.214948 0
0.507001 0.216508 0
0.508141 0.216613 0
0.509811 0.216539 0
0.515196 0.220042 0
0.524198 0.227539 0
0.587325 0.238386 0
0.593352 0.236182 0
0.592377 0.236518 0
0.596313 0.235332 0
0.596259 0.235276 0
0.596516 0.235431 0
0.597307 0.234889 0
0.598158 0.235152 0
0.599896 0.234732 0
0.60173 0.233725 0
0.602207 0.23377 0
0.602123 0.233583 0
0.602106 0.233549 0
0.603279 0.233144 0
0.605196 0.232532 0
0.604764 0.233072 0
0.609002 0.230719 0
0.611592 0.229136 1
0.611578 0.229167 0
0.611417 0.229243 0
0.611121 0.22938 0
0.611358 0.229298 0
0.611497 0.229239 0
0.610875 0.229651 0
0.611661 0.229984 0
0.58647 0.240671 0
0.640387 0.215149 0
0.640747 0.218867 1
0.640747 0.218867 0
0.640747 0.218867 0
0.640747 0.218867 0
0.640747 0.218867 0
0.640747 0.218867 0
0.640744 0.218866 0
0.640731 0.218855 0
0.6407 0.218733 0
0.640373 0.21814 0
0.639773 0.216 0
0.657427 0.221338 0
0.657953 0.220289 0
0.658109 0.220233 0
0.658104 0.220218 1
0.730248 0.306938 1
0.763021 0.388629 1
0.545921 0.258377 0
0.612032 0.230034 0
0.635627 0.214744 0
0.550096 0.227233 0
0.730616 0.312945 0
0.712971 0.257203 0
0.706225 0.262974 0
0.705116 0.266019 0
0.665326 0.232384 0
0.666127 0.226537 0
0.665451 0.226451 0
0.663088 0.226474 0
0.696341 0.254714 0
0.662208 0.230035 0
0.665526 0.226436 1
0.665513 0.226478 0
0.665606 0.226606 0
0.666125 0.227436 0
0.658631 0.231985 0
0.699594 0.25908 1
0.699495 0.259163 0
0.699407 0.259215 0
0.699354 0.2593 0
0.699303 0.259359 0
0.699033 0.259551 0
0.699546 0.259199 0
0.700212 0.26073 0
0.698536 0.267893 0
0.734633 0.337601 0
0.744931 0.332956 1
0.76063 0.390344 0
0.754856 0.379441 0
0.658612 0.232814 0
0.69445 0.266342 0
0.73753 0.33519 0
0.737063 0.340081 0
0.702159 0.272723 0
0.703465 0.260331 0
0.614856 0.27263 0
0.615372 0.267916 0
0.610529 0.265826 0
0.613759 0.265872 0
0.61579 0.265029 0
0.61681 0.262683 0
0.619596 0.264222 0
0.601984 0.283348 0
0.731953 0.352622 0
0.631663 0.280691 0
0.632432 0.251481 0
0.646835 0.236236 0
0.645978 0.23343 0
0.645702 0.232991 0
0.645507 0.233814 0
0.640214 0.219437 0
0.641295 0.219041 0
0.641964 0.218914 0
0.645749 0.230856 0
0.642207 0.232164 0
0.642665 0.232317 0
0.644029 0.231362 0
0.644711 0.230551 0
0.643643 0.230772 0
0.643081 0.230912 0
0.643303 0.23083 0
0.644056 0.23058 0
0.644275 0.230714 0
0.639192 0.23031 0
0.638183 0.230106 0
0.637697 0.22322 0
0.636195 0.229168 0
0.633329 0.230582 0
0.628879 0.236049 0
0.646659 0.294791 0
0.652009 0.300068 0
0.652289 0.310882 0
0.664594 0.309287 0
0.662339 0.318407 0
0.670233 0.323085 0
0.680572 0.322896 0
0.686398 0.329197 0
0.672414 0.338868 0
0.65047 0.25518 0
0.678678 0.339607 0
0.668829 0.253366 0
0.617578 0.231931 0
0.672057 0.252926 0
0.616273 0.226541 0
0.614712 0.227172 0
0.6145 0.227056 0
0.614108 0.227223 1
0.614677 0.226903 0
0.61726 0.225562 0
0.634459 0.155279 0
0.38173 0.156235 0
0.391715 0.174828 0
0.392435 0.174731 1
0.391711 0.174695 0
0.396529 0.170854 0
0.353596 0.216271 0
0.182254 0.362526 0
0.159986 0.392515 0
0.16414 0.390154 1
0.234302 0.750679 1
0.303544 0.812127 1
0.357016 0.841612 1
0.361188 0.844743 0
0.285874 0.804799 0
0.285064 0.804843 0
0.285289 0.801108 0
0.24642 0.773714 0
0.244468 0.774949 0
0.244927 0.776524 0
0.244609 0.776895 0
0.245799 0.781981 0
0.245712 0.78079 0
0.246514 0.785175 1
0.249223 0.784793 0
0.254313 0.793305 1
0.258725 0.79514 0
0.25707 0.794729 0
0.25994 0.796201 0
0.264981 0.799058 0
0.281358 0.815806 0
1 0.615553 0
0.890097 0.429759 0
0.869929 0.427222 0
0.863396 0.418103 0
0.867315 0.421558 0
0.879545 0.430519 0
0.889469 0.436616 0
0.870541 0.424111 0
0.863255 0.419589 0
0.858215 0.415845 0
0.862194 0.4196 0
0.854324 0.414645 0
0.85139 0.413902 0
0.844276 0.404511 0
0.832988 0.39941 1
0.830581 0.392588 1
0.828112 0.386819 0
0.827568 0.385403 0
0.820857 0.372777 0
0.822433 0.376742 0
0.821314 0.377277 0
0.811873 0.365484 0
0.815248 0.372248 0
0.807451 0.363862 0
0.810604 0.36898 0
0.803575 0.367254 0
0.803824 0.368445 0
0.799569 0.367848 0
0.797859 0.368243 0
0.789584 0.366213 0
0.790572 0.369092 0
0.78539 0.370118 0
0.781768 0.371344 0
0.779671 0.373356 1
0.781246 0.372759 0
0.790933 0.366592 0
0.708381 0.41057 0
0.870459 0.535482 0
0.741204 0.393928 1
0.738964 0.394794 0
0.734742 0.398127 0
0.73248 0.399658 0
0.729823 0.400298 0
0.724357 0.407806 0
0.719951 0.410478 0
0.713574 0.420445 0
0.709978 0.426143 0
0.705337 0.441248 0
0.693336 0.451932 0
0.687957 0.465004 0
0.685567 0.492558 0
0.681613 0.507747 0
0.673129 0.53786 0
0.669328 0.567748 0
0.651413 0.634103 0
0.657641 0.640145 0
0.6629 0.656417 0
0.662103 0.660889 0
0.666807 0.65939 0
0.675425 0.703143 1
0.648693 0.730801 1
0.608349 0.762776 1
0.672311 0.659936 0
0.666227 0.671587 0
0.668593 0.673769 0
0.668914 0.67619 1
0.571789 0.761924 0
0.580757 0.750515 0
0.584324 0.753525 0
0.584302 0.757403 0
0.587001 0.760292 1
0.586954 0.760324 0
0.586472 0.760625 0
0.579834 0.75973 0
0.526579 0.786088 0
0.508274 0.804612 1
0.491448 0.810028 1
0.491529 0.814083 0
0.446314 0.824059 0
0.449208 0.822398 0
0.447879 0.822277 1
0.447746 0.822392 0
0.447242 0.823114 0
0.446732 0.82341 0
0.444618 0.82617 0
0.444814 0.82652 0
0.444361 0.827948 0
0.435995 0.834036 0
0.434093 0.83628 0
0.431849 0.849827 0
0.355191 0.817633 0
0.355128 0.826822 0
0.355701 0.826573 0
0.35546 0.826844 1
0.354879 0.826621 0
0.351525 0.822154 0
0.330139 0.826737 0
0.327816 0.827046 0
0.324266 0.825503 0
0.323615 0.82597 0
0.321387 0.824978 0
0.320471 0.825077 0
0.319993 0.825337 1
0.32058 0.826716 0
0.320954 0.828233 0
0.32121 0.828973 0
0.320725 0.830599 0
0.320744 0.832117 0
0.321456 0.83331 0
0.320927 0.835568 0
0.320273 0.83861 0
0.320671 0.840329 0
0.319789 0.842605 0
0.3196 0.844045 0
0.319476 0.845873 0
0.319965 0.846422 0
0.319739 0.848993 0
0.320571 0.851458 0
0.324433 0.854511 0
0.327017 0.856367 0
0.320208 0.855392 0
0.375866 0.89459 0
0.334659 0.865526 0
0.344182 0.864794 0
0.351955 0.863953 1
0.287438 0.871765 0
0.679279 0.819897 1
0.830924 0.399208 1
0.171458 0.705588 1
0.239145 0.824195 0
0.244159 0.814801 0
0.249276 0.794085 0
0.24965 0.793219 1
0.244675 0.789266 1
0.238588 0.791605 0
0.231489 0.789225 0
0.225683 0.784599 0
0.21946 0.782369 0
0.214061 0.774116 0
0.214243 0.770392 0
0.214604 0.76255 0
0.215952 0.757689 0
0.216804 0.755106 0
0.21994 0.750685 0
0.22169 0.749797 1
0.221688 0.749793 0
0.221689 0.749772 0
0.221541 0.749769 0
0.222432 0.749142 0
0.219366 0.757443 0
0.181752 0.694775 0
0.176319 0.699849 0
0.175419 0.700065 0
0.174155 0.700459 1
0.174632 0.699214 0
0.174825 0.698745 0
0.173588 0.692188 0
0.165648 0.66935 0
0.164652 0.662679 0
0.151063 0.64804 0
0.106535 0.648843 0
0.0981466 0.648014 0
0.0941178 0.644591 1
0.0242204 0.487653 0
0.00660522 0.478834 0
0 0.472957 0
0.00935393 0.424516 0
0.0152005 0.377162 0
0.0399333 0.33996 0
0.0630623 0.310745 1
0.0544004 0.276474 0
0.0700521 0.239938 0
0.0704091 0.215356 0
0.0791315 0.189025 0
0.0827396 0.158027 0
0.0977534 0.147312 0
0.104096 0.122784 0
0.112358 0.0960124 0
0.123841 0.0930056 0
0.121552 0.061874 0
0.138999 0.0779776 0
0.140773 0.0532337 0
0.156061 0.0506032 0
0.16174 0.0336722 0
0.184807 0.0366124 0
0.194962 0.0196691 0
0.213162 0.015925 0
0.249831 0.0198188 0
0.344966 0.0392654 0
0.371886 0.0596794 0
0.374915 0.0686111 0
0.379453 0.0717826 0
0.383098 0.0783356 1
0.390147 0.0746267 0
0.399925 0.0686665 0
0.409282 0.0660999 0
0.425256 0.0493778 0
0.435081 0.044851 0
0.446222 0.0396867 0
0.457315 0.0269888 0
0.470939 0.018802 0
0.482761 0.0150133 0
0.49622 0.00359561 0
0.506887 0.00322233 0
0.517148 0 0
0.525562 0.000793599 0
0.53462 0.000108993 0
0.545845 0.00278053 0
0.555115 0.00930209 0
0.56258 0.0126811 0
0.568579 0.0152044 0
0.59042 0.0261601 0
0.594176 0.0281866 0
0.604009 0.0341941 0
0.615913 0.0431923 0
0.622648 0.0514767 0
0.628346 0.00940177 0
0.720068 0.312686 0
0.771249 0.314753 0
0.7579 0.329142 0
0.753505 0.330633 0
0.751849 0.331851 0
0.752589 0.331675 0
0.754206 0.330558 0
0.755375 0.330167 0
0.755655 0.330483 0
0.75546 0.330729 0
0.754693 0.33134 0
0.752988 0.332128 0
0.752341 0.332493 0
0.75178 0.332709 0
0.75052 0.333245 0
0.751441 0.332922 0
0.751014 0.333088 0
0.750713 0.333176 0
0.750113 0.333271 0
0.749979 0.333336 0
0.750045 0.333283 0
0.750075 0.333247 0
0.750985 0.332935 0
0.751327 0.333008 0
0.751614 0.333016 0
0.75162 0.333013 0
0.750909 0.333145 0
0.750193 0.333408 0
0.749926 0.333374 1
0.653064 0.212988 1
0.661313 0.222247 1
0.678096 0.240742 1
0.676895 0.24295 0
0.725291 0.307562 1
0.760601 0.328197 0
0.752798 0.335971 0
0.751857 0.335458 0
0.751639 0.335892 0
0.751549 0.335971 0
0.752572 0.337585 0
0.751471 0.336619 0
0.751535 0.337443 0
0.755517 0.336358 0
0.719514 0.303588 0
0.718024 0.310583 0
0.717806 0.310428 0
0.717722 0.310665 0
0.71753 0.31054 0
0.71695 0.310292 0
0.717183 0.310794 0
0.715608 0.309986 0
0.714964 0.309949 0
0.714668 0.309587 0
0.714604 0.309886 0
0.714843 0.309974 0
0.715902 0.309899 0
0.715956 0.309993 0
0.71587 0.310019 0
0.715973 0.30996 0
0.715027 0.310577 0
0.713236 0.311017 0
0.710708 0.3123 0
0.710807 0.312278 0
0.709898 0.31264 0
0.708769 0.312989 0
0.707851 0.313405 0
0.706575 0.313564 0
0.705431 0.314146 0
0.703921 0.314139 0
0.703208 0.313923 0
0.702075 0.313946 0
0.701516 0.313872 0
0.700564 0.3136 0
0.69961 0.313523 0
0.699122 0.31332 0
0.698504 0.313056 0
0.698255 0.312819 0
0.697919 0.312781 0
0.697331 0.312527 0
0.697159 0.312139 0
0.696689 0.311823 0
0.696079 0.311636 0
0.694879 0.311174 0
0.694094 0.310548 0
0.693554 0.309745 0
0.691493 0.309539 0
0.689284 0.309355 0
0.684025 0.307811 0
0.672062 0.303754 0
0.6692 0.302597 0
0.669437 0.301596 0
0.67228 0.301139 0
0.67382 0.300845 0
0.667791 0.295672 0
0.630326 0.237627 0
0.65052 0.248445 0
0.64023 0.223317 0
0.642584 0.221493 0
0.642432 0.221412 0
0.642446 0.221467 0
0.6425 0.221513 0
0.642539 0.221562 0
0.64255 0.221543 0
0.642507 0.221437 0
0.642475 0.221305 0
0.642346 0.221036 0
0.642215 0.220932 0
0.642158 0.220799 0
0.642059 0.220716 0
0.64199 0.220662 0
0.641962 0.220643 0
0.641956 0.220615 0
0.642001 0.220607 0
0.642125 0.22069 0
0.642152 0.220752 0
0.641926 0.220487 0
0.641795 0.220291 0
0.641675 0.220043 0
0.641579 0.219953 0
0.641369 0.219747 0
0.641248 0.219692 0
0.641242 0.219738 0
0.641119 0.219548 0
0.641055 0.21948 0
0.640928 0.219244 1
0.641147 0.219632 0
0.641055 0.219473 0
0.641048 0.21949 0
0.641056 0.219509 0
0.641175 0.219734 0
0.641466 0.219898 0
0.645021 0.222744 0
0.65044 0.289371 0
0.429902 0.193141 0
0.432239 0.175165 0
0.38857 0.653178 0
0.447116 0.76223 0
0.458031 0.792009 0
0.460011 0.797787 0
0.459555 0.798108 0
0.459648 0.798054 0
0.45987 0.798047 1
0.602978 0.765413 1
0.663605 0.711132 0
0.679129 0.693625 0
0.691178 0.708158 0
0.678444 0.694596 0
0.677114 0.695216 0
0.676871 0.695131 0
0.676912 0.695181 1
0.666984 0.705545 1
0.667 0.705587 0
0.666548 0.705712 0
0.668023 0.70747 0
0.639895 0.730844 0
0.641139 0.729707 1
0.635007 0.724039 0
0.662809 0.703693 0
0.666883 0.706396 0
0.666797 0.705593 0
0.666955 0.705568 0
0.666981 0.705546 0
0.666984 0.705546 0
0.666984 0.705545 0
0.666984 0.705546 0
0.666984 0.705548 0
0.666975 0.705552 0
0.666931 0.705596 0
0.666647 0.706062 0
0.666533 0.704563 0
0.685928 0.713357 0
0.683932 0.709891 0
0.683371 0.710084 1
0.683535 0.710287 0
0.683902 0.710523 0
0.684524 0.709932 0
0.70559 0.693146 0
0.174831 0.480534 0
0.265349 0.637266 0
0.223377 0.700146 0
0.226499 0.698415 0
0.226003 0.698187 0
0.226068 0.698486 0
0.226995 0.69929 0
0.227175 0.700242 0
0.227251 0.700284 0
0.227506 0.700803 0
0.227536 0.700913 0
0.227838 0.701302 0
0.227913 0.701343 0
0.227927 0.701356 0
0.227928 0.701355 1
0.228022 0.701217 0
0.228381 0.70107 0
0.22895 0.699871 0
0.224144 0.688716 0
0.271829 0.636082 0
0.487782 0.82731 1
0.487768 0.827352 0
0.487993 0.827191 0
0.486283 0.829859 0
0.507993 0.812094 0
0.508445 0.812612 0
0.508406 0.811932 0
0.508317 0.811711 0
0.508328 0.811316 0
0.508311 0.811266 0
0.508317 0.811249 0
0.508316 0.81125 0
0.508326 0.811267 0
0.508327 0.811316 0
0.508317 0.811248 1
0.508356 0.811316 0
0.5085 0.811683 0
0.506312 0.814575 0
0.488926 0.804269 0
0.491312 0.807086 1
0.491303 0.807069 0
0.491293 0.807023 0
0.491276 0.806917 0
0.491278 0.806858 0
0.491153 0.80649 0
0.49116 0.806374 0
0.491127 0.806232 0
0.491113 0.806305 0
0.491087 0.806514 0
0.490763 0.803006 0
0.482689 0.78886 0
0.442523 0.741047 0
0.481288 0.801486 0
0.475987 0.809653 0
0.290916 0.60137 0
0.28177 0.568154 0
0.280861 0.559687 0
0.282535 0.558899 0
0.284735 0.552284 0
0.282947 0.542746 0
0.284013 0.540338 0
0.289341 0.541858 0
0.297221 0.543367 0
0.302591 0.548764 0
0.305565 0.548064 0
0.308834 0.548663 0
0.310313 0.549036 0
0.31503 0.550526 0
0.317651 0.551651 0
0.318627 0.551385 0
0.322293 0.552964 0
0.323891 0.550752 0
0.324347 0.54902 0
0.324271 0.54665 0
0.324654 0.545154 0
0.325728 0.545223 0
0.326946 0.542748 0
0.326959 0.540612 0
0.327556 0.538558 0
0.328729 0.534497 0
0.328399 0.530843 0
0.32585 0.527245 0
0.326053 0.524158 0
0.325544 0.520626 0
0.326614 0.518423 0
0.328644 0.515532 0
0.328144 0.512072 0
0.327239 0.510753 0
0.326898 0.508769 0
0.328671 0.50585 0
0.329131 0.502254 0
0.328466 0.498396 0
0.328365 0.495454 0
0.331064 0.494495 0
0.333981 0.500001 0
0.335943 0.499954 0
0.327399 0.485977 0
0.329659 0.484822 0
0.330863 0.485397 0
0.331193 0.486882 0
0.332224 0.487431 0
0.330789 0.488544 0
0.330022 0.48974 0
0.329673 0.489225 0
0.331226 0.488353 0
0.331878 0.489552 0
0.333137 0.490614 0
0.335581 0.490458 0
0.337088 0.490014 0
0.338534 0.492134 0
0.340564 0.492615 0
0.342132 0.491045 0
0.342877 0.489324 0
0.344417 0.487623 0
0.346059 0.485648 0
0.346059 0.482031 0
0.347672 0.473818 0
0.350606 0.463954 0
0.352042 0.46506 0
0.353497 0.464742 0
0.35433 0.467452 0
0.353952 0.470012 0
0.354471 0.472835 0
0.355948 0.473566 0
0.356952 0.472751 0
0.358089 0.472782 0
0.358381 0.47505 0
0.359227 0.477411 0
0.360049 0.480277 0
0.360072 0.483613 0
0.360506 0.486975 0
0.363369 0.485869 0
0.363594 0.488115 0
0.364917 0.494113 0
0.371102 0.495734 0
0.39514 0.412472 0
0.378116 0.522925 0
0.363615 0.501394 0
0.404051 0.402997 0
0.37599 0.542169 0
0.373706 0.524683 0
0.374535 0.530026 0
0.374221 0.532965 0
0.375677 0.538198 0
0.378029 0.541757 0
0.38153 0.547892 0
0.381553 0.548388 0
0.381348 0.547271 0
0.378974 0.538793 0
0.384599 0.54683 0
0.387289 0.547774 0
0.388141 0.547345 0
0.388405 0.543797 0
0.392738 0.543646 0
0.393836 0.540138 0
0.396705 0.539522 0
0.397116 0.540632 0
0.399928 0.540932 0
0.394304 0.553765 0
0.445638 0.404105 0
0.447855 0.402574 0
0.472152 0.389096 0
0.542485 0.373564 0
0.532084 0.381958 0
0.550631 0.377551 0
0.539211 0.38019 0
0.533013 0.383286 0
0.532104 0.385549 0
0.536806 0.386319 0
0.550305 0.386374 0
0.541583 0.391354 0
0.560005 0.385478 0
0.455626 0.426167 0
0.426644 0.486675 0
0.437887 0.464037 0
0.449478 0.451821 0
0.456031 0.447543 0
0.452181 0.455948 0
0.445495 0.472021 0
0.453677 0.462076 0
0.456949 0.461264 0
0.457491 0.463108 0
0.457276 0.468476 0
0.459754 0.469682 0
0.460697 0.46923 0
0.459292 0.472848 0
0.458883 0.475051 0
0.460639 0.474041 0
0.460708 0.477041 0
0.460153 0.478726 0
0.459188 0.482833 0
0.460046 0.481873 0
0.460474 0.484512 0
0.460643 0.485962 0
0.461986 0.485668 0
0.463883 0.486895 0
0.464826 0.486096 0
0.464018 0.483037 0
0.462691 0.484827 0
0.465057 0.482965 0
0.465836 0.484108 0
0.466429 0.485847 0
0.468065 0.487445 0
0.4688 0.484026 0
0.470231 0.484991 0
0.471429 0.483683 0
0.472056 0.483913 0
0.47342 0.485004 1
