0.487628 0.778076 1
0.487628 0.778076 0
0.487628 0.778076 0
0.487631 0.778076 0
0.487613 0.778097 0
0.487522 0.77783 0
0.484211 0.78077 0
0.456083 0.782493 0
0.458637 0.785619 0
0.458648 0.786348 1
0.426329 0.778872 1
0.459718 0.786928 0
0.457802 0.78644 0
0.425081 0.777177 1
0.458602 0.778431 0
0.458829 0.785879 0
0.459124 0.785984 0
0.456441 0.779958 0
0.489388 0.783171 0
0.494979 0.769887 0
0.547869 0.77993 1
0.574799 0.775124 0
0.573464 0.776429 0
0.573228 0.776544 1
0.577985 0.775996 0
0.559369 0.777783 0
0.560708 0.776341 1
0.560403 0.776506 0
0.559578 0.776319 0
0.55029 0.781746 0
0.560333 0.775494 0
0.556687 0.77584 0
0.506792 0.771561 0
0.501057 0.768862 0
0.552708 0.777384 0
0.544708 0.777525 0
0.542004 0.780994 0
0.551369 0.783635 0
0.613041 0.772774 0
0.594106 0.784725 0
0.612532 0.783444 0
0.568064 0.767951 0
0.626603 0.788977 0
0.670608 0.789811 0
0.382888 0.740675 0
0.411735 0.771371 0
0.407415 0.767796 0
0.213911 0.809602 0
0.250532 0.797275 0
0.267107 0.795176 0
0.270558 0.799324 0
0.407305 0.783314 0
0.41837 0.777239 0
0.417394 0.77735 0
0.415714 0.777032 0
0.417196 0.778832 0
0.419358 0.778574 1
0.42517 0.777235 1
0.439253 0.784194 1
0.460689 0.791535 1
0.461401 0.793868 0
0.476443 0.816959 0
0.542184 0.79549 1
0.543687 0.805835 0
0.536877 0.803281 0
0.583464 0.873743 0
0.535669 0.813486 0
0.544142 0.819634 0
0.59515 0.917675 0
0.689495 0.991039 0
0.8432 0.420329 0
0.897817 0.409927 0
0.903895 0.40992 0
0.906975 0.41054 1
0.906922 0.41036 0
0.90676 0.409612 0
0.903934 0.407035 0
0.896282 0.402568 0
0.882598 0.377487 0
0.606672 0.0564172 0
0.617679 0.0544058 0
0.618583 0.0519193 0
0.620527 0.0502183 0
0.623157 0.0443094 0
0.625335 0.0444546 0
0.62565 0.0439731 1
0.65689 0.0332257 0
0.923782 0.186818 0
0.625823 0.0390709 0
0.914576 0.283635 0
0.907514 0.293749 0
0.592779 0 0
0.653043 0.0557241 0
0.638159 0.00638228 0
0.871108 0.251986 0
0.835743 0.264919 0
0.836234 0.265103 0
0.835746 0.265343 1
0.812027 0.269207 1
0.814689 0.266505 0
0.850797 0.291614 0
0.63988 0.13596 0
0.685398 0.149014 0
0.687692 0.157575 0
0.696964 0.17316 0
0.683504 0.182809 0
0.675585 0.196644 0
0.509003 0.159334 0
0.425692 0.0740715 0
0.431991 0.113427 0
0.425846 0.107246 0
0.41911 0.100031 0
0.421665 0.106815 0
0.422384 0.109551 0
0.424347 0.114859 0
0.421982 0.114477 0
0.389158 0.0694586 0
0.382691 0.130574 0
0.387025 0.135219 0
0.401257 0.154222 0
0.399649 0.173459 0
0.41545 0.205197 0
0.419236 0.214752 0
0.417157 0.224863 0
0.414708 0.239859 0
0.410458 0.254265 0
0.409875 0.270762 0
0.391009 0.280088 0
0.392501 0.288467 0
0.261524 0.313591 0
0.245188 0.288475 0
0.261176 0.318233 0
0.270529 0.303608 0
0.259347 0.591645 0
0.237559 0.569815 0
0.396931 0.614158 0
0.426251 0.742958 0
0.414732 0.64185 0
0.424596 0.768166 0
0.424491 0.773149 0
0.425591 0.771582 0
0.428039 0.769251 0
0.429837 0.766872 0
0.436117 0.760251 0
0.451749 0.76667 0
0.453747 0.771591 0
0.441666 0.756288 0
0.460509 0.769814 0
0.458594 0.770907 0
0.458238 0.770996 0
0.459669 0.770583 0
0.448881 0.759739 0
0.439392 0.745803 0
0.584598 0.668564 0
0.589492 0.701867 0
0.0880681 0.36813 0
0.168064 0.501309 0
0.150083 0.521108 0
0.165737 0.532841 0
0.0993882 0.386472 0
0.614636 0.709858 0
0.585826 0.691455 0
0.457179 0.741327 0
0.453209 0.741225 0
0.45368 0.73942 0
0.457758 0.737809 0
0.459709 0.741762 0
0.463305 0.742192 0
0.468448 0.744323 0
0.472787 0.74523 0
0.474953 0.753592 0
0.475902 0.759064 0
0.478329 0.762714 1
0.481501 0.75636 0
0.487595 0.735218 0
0.554341 0.762959 0
0.549621 0.770919 0
0.55063 0.772199 0
0.55087 0.773058 1
0.568048 0.774731 1
0.568823 0.783778 1
0.568831 0.783807 0
0.568807 0.78391 0
0.569815 0.785467 0
0.556011 0.803977 0
0.566017 0.798373 0
0.557797 0.803631 0
0.567252 0.804748 0
0.570441 0.808124 0
0.65035 0.882536 0
0.598975 0.851713 0
0.619782 0.863686 0
0.648031 0.883641 0
0.76972 0.867506 0
0.827078 0.843398 0
0.856078 0.819788 0
0.86802 0.799583 0
0.881652 0.784599 0
0.900196 0.761496 0
0.911862 0.734432 0
0.882604 0.377359 0
0.878327 0.433925 0
0.893094 0.427039 0
0.898832 0.423378 0
0.89803 0.424388 0
0.905067 0.362797 0
0.874938 0.295507 0
0.890291 0.29398 0
0.887951 0.292768 0
0.883464 0.293924 0
0.881969 0.294581 0
0.888596 0.292774 0
0.888806 0.293489 0
0.894935 0.291826 0
0.896369 0.29266 0
0.895861 0.292911 0
0.895364 0.293616 0
0.900474 0.292312 0
0.900276 0.292839 0
0.899551 0.292128 0
0.902346 0.29401 0
0.85465 0.288499 0
0.851333 0.288462 0
0.842816 0.283425 0
0.804351 0.288605 0
0.810809 0.289959 0
0.789269 0.271606 0
0.78768 0.272229 0
0.786144 0.273987 0
0.773404 0.27503 0
0.670711 0.220379 0
0.669699 0.218256 0
0.668062 0.254017 0
0.479479 0.155473 0
0.454145 0.165186 0
0.456799 0.187136 0
0.399535 0.155993 0
0.400409 0.162448 0
0.380858 0.166507 0
0.390289 0.21161 0
0.369865 0.220744 0
0.282665 0.18347 0
0.276918 0.205986 0
0.253682 0.224126 0
0.255298 0.24883 0
0.252506 0.268534 0
0.241446 0.269807 0
0.229508 0.270556 0
0.235175 0.280016 0
0.228771 0.281784 0
0.241094 0.305538 0
0.212981 0.286302 0
0.204039 0.292291 0
0.188038 0.296319 0
0.196413 0.308731 0
0.197446 0.320989 0
0.178048 0.323414 0
0.158757 0.321435 0
0.1451 0.318497 0
0.142878 0.321166 0
0.106913 0.305045 0
0.138791 0.340604 0
0.125356 0.347749 0
0.0488543 0.324221 0
0.0831264 0.358449 0
0 0.329246 0
0.067982 0.380255 0
0.0974144 0.399982 0
0.113129 0.416048 0
0.144629 0.432766 0
0.165957 0.448904 0
0.15918 0.453969 0
0.162099 0.458439 0
0.164154 0.461381 0
0.162819 0.461799 0
0.162992 0.461865 1
0.158016 0.467444 0
0.145772 0.462595 0
0.139311 0.474429 0
0.148344 0.466159 0
0.116236 0.474674 0
0.094038 0.471955 0
0.0680867 0.479823 0
0.0459799 0.492735 0
0.0332771 0.510152 0
0.0189148 0.53768 0
0.0230532 0.561089 0
0.00187728 0.579103 0
0.0323976 0.612814 0
0.0426171 0.631739 0
0.0565009 0.656765 0
0.0568393 0.67241 0
0.0604653 0.689056 0
0.0764228 0.716808 0
0.0826723 0.734042 0
0.0988445 0.744945 0
0.0922336 0.755854 0
0.472133 0.758136 0
0.4018 0.754157 0
0.403727 0.751801 0
0.403217 0.756532 0
0.411911 0.751707 0
0.439522 0.78211 0
0.447156 0.787153 0
0.496304 0.811351 0
0.518187 0.799478 0
0.515212 0.801228 0
0.566323 0.804088 0
0.717398 0.830984 0
0.691123 0.844155 0
0.588054 0.829311 0
0.629771 0.863236 0
0.711562 0.863639 0
0.736378 0.863366 0
0.750941 0.852432 0
0.777682 0.858862 0
0.794607 0.8486 0
0.816737 0.852411 0
0.837802 0.836794 0
0.854928 0.81822 0
0.907836 0.798148 0
0.882173 0.495436 0
0.79853 0.304355 0
0.852969 0.303869 0
0.926444 0.353073 0
0.941492 0.645819 0
0.958257 0.611725 0
0.963187 0.575777 0
0.967364 0.566293 0
0.974882 0.569771 0
0.982957 0.581495 0
0.974252 0.553568 0
0.984287 0.555741 0
0.992367 0.55198 0
0.994084 0.540946 0
1 0.539803 0
0.997027 0.527535 0
0.99593 0.52039 0
0.998878 0.516867 0
0.987208 0.488398 0
0.982339 0.479112 0
0.972562 0.472015 0
0.963072 0.447146 0
0.956716 0.432274 0
0.916075 0.413637 1
0.930966 0.423758 0
0.935498 0.427937 0
0.984947 0.452873 0
0.831336 0.283728 0
0.828237 0.271366 1
0.799334 0.242616 1
0.799333 0.242616 0
0.799329 0.24261 0
0.799288 0.242608 0
0.799122 0.242501 0
0.797785 0.241781 0
0.797541 0.23617 0
0.261996 0.222524 0
0.314014 0.239385 0
0.303525 0.253306 0
0.303916 0.251734 0
0.305937 0.248673 0
0.304859 0.25047 0
0.302568 0.252591 0
0.300148 0.255989 1
0.294886 0.260223 0
0.29429 0.264337 0
0.292934 0.272877 0
0.311215 0.273316 0
0.288636 0.625184 0
0.310874 0.335305 0
0.320588 0.610824 1
0.326475 0.607769 0
0.318668 0.597682 0
0.321624 0.593437 0
0.329922 0.590777 0
0.304653 0.587752 0
0.334698 0.578621 0
0.335027 0.569671 0
0.344066 0.560354 0
0.355338 0.556795 0
0.358391 0.544013 0
0.365476 0.533224 0
0.384991 0.537711 0
0.374235 0.495216 0
0.402223 0.541914 0
0.382304 0.463921 0
0.435785 0.419068 0
0.444824 0.479071 0
0.455104 0.46277 0
0.472631 0.434957 0
0.480984 0.445112 0
0.492264 0.448 0
0.503936 0.455304 0
0.516341 0.461186 0
0.522049 0.466463 1
