0.592767 0.155962 1
0.597998 0.155236 0
0.605559 0.154064 0
0.611457 0.156431 0
0.622653 0.157017 0
0.621706 0.155961 0
0.623851 0.156204 0
0.638294 0.160514 0
0.64831 0.157013 0
0.660427 0.160957 0
0.664399 0.157926 0
0.678329 0.16286 0
0.693652 0.16542 0
0.705434 0.170058 0
0.719515 0.172382 0
0.730439 0.177403 0
0.7476 0.182975 0
0.761653 0.191032 0
0.774279 0.198436 0
0.789052 0.207983 0
0.798432 0.21547 0
0.815239 0.227524 0
0.826927 0.240173 0
0.844148 0.254852 1
0.853223 0.271045 0
0.864627 0.282001 0
0.87383 0.299125 0
0.893985 0.328345 0
0.915277 0.364154 0
0.916017 0.373635 1
0.917229 0.379847 0
0.921319 0.388437 0
0.920309 0.388487 0
0.917936 0.385207 0
0.914334 0.378835 0
0.910744 0.369337 0
0.909231 0.362101 0
0.901357 0.351098 0
0.89421 0.336391 0
0.89329 0.334257 0
0.894232 0.332148 0
0.919771 0.371542 0
0.895983 0.329197 0
0.910725 0.346846 0
0.958072 0.530333 0
0.94656 0.638244 0
0.908418 0.739968 0
0.895757 0.769327 0
0.881833 0.798953 0
0.860413 0.833588 0
0.835369 0.866208 0
0.811682 0.892528 0
0.763642 0.932294 0
0.717044 0.959477 0
0.660816 0.981822 0
0.582672 0.997619 0
0.49973 1 0
0.372712 0.977762 1
0.290963 0.941161 0
0.17352 0.858773 0
0.115624 0.790099 0
0.0797696 0.734765 0
0.0558643 0.686303 1
0.0346146 0.631278 1
0.0244046 0.578266 0
0.0190179 0.556731 0
0.0165576 0.539504 0
0.010812 0.511861 0
0.00560728 0.486313 0
0.00225197 0.475291 0
0.00840159 0.461764 0
0.00524313 0.454158 0
0.00509933 0.441723 0
0.00505407 0.440251 0
0.00493643 0.42984 0
0.00467189 0.438344 0
0.00562502 0.439873 0
0 0.427266 0
0.00273604 0.437353 0
0.00425794 0.448398 0
0.00522722 0.453819 0
0.00606858 0.451287 0
0.0046583 0.430841 0
0.0043087 0.431722 0
0.00577918 0.43161 0
0.00447897 0.424968 0
0.0078533 0.429974 0
0.0129507 0.424177 0
0.01638 0.389808 0
0.0272412 0.350496 0
0.0419648 0.31291 0
0.0618367 0.266684 0
0.0843835 0.224899 0
0.102385 0.204443 0
0.413119 0 0
0.214586 0.09426 0
0.412826 0.00408482 1
0.0748219 0.26079 0
0.261355 0.0728399 0
0.0795804 0.268996 0
0.154942 0.173286 0
0.0344232 0.419353 0
0.0600483 0.680756 1
0.503592 0.0278078 0
0.501995 0.037064 1
0.42811 0.0566308 1
0.400443 0.936515 1
0.309884 0.116401 0
0.156953 0.259181 0
0.103578 0.37773 0
0.0942687 0.455789 0
0.0987636 0.480542 0
0.10447 0.504279 0
0.11058 0.522732 0
0.120735 0.548115 0
0.132699 0.563395 0
0.14428 0.582131 0
0.149565 0.549704 0
0.470968 0.15515 0
0.874153 0.582767 1
0.874811 0.463574 1
0.872677 0.577794 0
0.856105 0.636747 0
0.76321 0.77207 1
0.648103 0.839373 0
0.63095 0.840693 0
0.59518 0.845049 0
0.224469 0.611045 0
0.220129 0.56825 0
0.761735 0.305349 1
0.795232 0.353997 0
0.812632 0.39348 0
0.828511 0.448377 0
0.826372 0.460175 0
0.828451 0.500017 0
0.82521 0.524302 0
0.822003 0.534702 0
0.819008 0.543213 0
0.819479 0.543279 0
0.824437 0.537318 0
0.830861 0.528285 0
0.834957 0.51782 0
0.838258 0.510809 0
0.844082 0.499683 0
0.847162 0.493596 1
0.849435 0.48049 0
0.848493 0.466183 0
0.850463 0.446118 0
0.850476 0.431862 0
0.848875 0.413826 0
0.847795 0.395678 0
0.845327 0.37544 0
0.84307 0.35442 0
0.842698 0.337091 0
0.842536 0.322398 0
0.841529 0.311164 0
0.841233 0.298869 0
0.839777 0.2876 0
0.841894 0.27746 0
0.836077 0.266931 0
0.842589 0.266073 0
0.848166 0.268104 0
0.852761 0.273476 0
0.853583 0.276396 0
0.855961 0.279434 0
0.858863 0.280526 0
0.860995 0.281317 0
0.860515 0.280881 0
0.861026 0.278264 0
0.860783 0.27332 0
0.856091 0.264717 0
0.849878 0.252962 0
0.843308 0.238475 0
0.824376 0.214922 0
0.797307 0.188154 0
0.764032 0.159497 0
0.766168 0.158561 0
0.735626 0.134573 0
0.719233 0.122527 0
0.699563 0.109968 0
0.671166 0.0940393 0
0.643049 0.079719 0
0.617305 0.0686609 0
0.601078 0.0620677 0
0.571638 0.0519504 0
0.544136 0.0445697 0
0.527551 0.0419352 0
0.510329 0.0403671 1
0.487769 0.0396087 1
0.468971 0.0416813 0
0.456566 0.0441207 0
0.432312 0.0463252 1
0.397038 0.0508564 1
0.36321 0.0582381 0
0.364603 0.0622983 0
0.318061 0.0752159 0
0.307276 0.0850273 0
0.295566 0.0935106 0
0.272216 0.109673 0
0.261068 0.122328 0
0.251082 0.13472 0
0.23248 0.149881 0
0.212546 0.169697 0
0.19736 0.190295 0
0.178442 0.213445 0
0.161591 0.233955 0
0.150863 0.249491 0
0.134671 0.277062 0
0.124594 0.302775 0
0.116358 0.328997 0
0.109804 0.357667 0
0.0883615 0.389974 0
0.0819693 0.417678 0
0.0839805 0.437782 0
0.0811039 0.456118 0
0.078179 0.474699 0
0.0752344 0.498942 0
0.0672928 0.526297 0
0.0603694 0.550836 0
0.0574074 0.576265 0
0.059382 0.609963 1
0.0705064 0.658464 0
0.071388 0.643468 0
0.0742574 0.639132 0
0.0800152 0.632036 0
0.0824214 0.637156 0
0.0843488 0.639641 0
0.0870955 0.640912 0
0.0957659 0.646986 0
0.113866 0.653317 0
0.124353 0.662468 0
0.140409 0.675116 0
0.156993 0.68738 0
0.17163 0.696959 0
0.182124 0.703919 0
0.198806 0.717441 0
0.231196 0.740758 0
0.227102 0.743728 0
0.279628 0.778934 0
0.294193 0.793873 0
0.364663 0.829459 0
0.423088 0.853373 1
0.473671 0.866612 0
0.514186 0.874142 0
0.547671 0.878412 0
0.585006 0.875841 0
0.615045 0.873815 0
0.63532 0.867629 0
0.651823 0.862799 0
0.668911 0.856665 0
0.679077 0.852361 0
0.687669 0.8486 0
0.700758 0.840847 0
0.708789 0.834963 0
0.719478 0.828548 0
0.722544 0.824841 0
0.731368 0.818063 0
0.740979 0.81116 0
0.752277 0.803197 0
0.759762 0.797709 0
0.767982 0.791604 0
0.775053 0.786426 1
0.785063 0.780155 0
0.792781 0.773643 0
0.803132 0.76519 0
0.809128 0.762729 0
0.814255 0.761906 0
0.822097 0.755188 0
0.831325 0.743102 0
0.835809 0.743999 0
0.850668 0.729107 0
0.863999 0.713658 0
0.877063 0.701646 0
0.890509 0.68836 0
0.904432 0.672963 0
0.918134 0.662385 0
0.930428 0.653287 0
0.941897 0.652788 1
0.952149 0.653327 0
0.96097 0.646912 0
0.966362 0.641848 0
0.97479 0.637656 0
0.978273 0.640088 0
0.983171 0.631176 0
0.9854 0.626337 0
0.985926 0.620965 0
0.986478 0.610351 0
0.986162 0.596858 0
0.989553 0.587335 0
0.991624 0.576284 0
0.994041 0.561566 0
0.999007 0.540689 0
1 0.514104 0
0.998773 0.486784 0
0.996564 0.457209 0
0.99217 0.426093 0
0.984753 0.395154 0
0.984408 0.386339 0
0.97642 0.361278 0
0.966701 0.336809 0
0.956351 0.308523 0
0.94254 0.277972 0
0.923914 0.246928 0
0.89911 0.210368 1
0.872395 0.176907 0
0.833743 0.136661 0
0.825459 0.140369 0
0.792906 0.117456 0
0.753546 0.0921862 0
0.745472 0.0945325 0
0.703675 0.0738687 0
0.69085 0.0754129 0
0.651265 0.064463 0
0.616349 0.0579911 0
0.576076 0.0533382 0
0.530454 0.0515627 0
0.493815 0.0556867 0
0.466956 0.0616295 0
0.444912 0.0689363 0
0.423675 0.0786486 0
0.389924 0.0976335 0
0.365452 0.105006 0
0.334719 0.128618 0
0.317045 0.145544 0
0.291702 0.167078 0
0.271068 0.185786 0
0.253804 0.214639 0
0.23421 0.236477 0
0.22224 0.26098 0
0.202788 0.294364 0
0.182616 0.32595 0
0.164693 0.367659 0
0.289077 0.829274 0
0.211234 0.733874 0
0.157261 0.57708 0
0.164713 0.453075 0
0.164582 0.449935 0
0.162763 0.461372 0
0.165855 0.485301 0
0.166784 0.506477 0
0.165745 0.529243 0
0.164009 0.544558 0
0.175713 0.576181 0
0.186741 0.602617 0
0.187 0.619992 0
0.202348 0.651619 0
0.220611 0.676557 0
0.220767 0.688052 0
0.269894 0.736675 0
0.296126 0.750163 0
0.327094 0.76496 0
0.379923 0.785958 0
0.441929 0.786138 0
0.493092 0.791687 0
0.544338 0.778534 0
0.58405 0.765196 0
0.622007 0.746513 0
0.674381 0.696299 0
0.710065 0.671547 0
0.726557 0.614847 0
0.74413 0.550616 0
0.736545 0.516242 0
0.689095 0.413058 0
0.666362 0.406678 0
0.67588 0.511397 0
0.658882 0.512626 0
0.643722 0.461176 0
0.586811 0.441274 0
0.492445 0.464205 0
0.557882 0.475901 0
0.548743 0.491491 0
0.537393 0.516694 0
0.538166 0.51688 0
0.538212 0.516894 0
0.538209 0.516899 0
0.538211 0.516899 0
0.538211 0.516899 0
0.538211 0.516899 0
0.538211 0.516899 0
0.538211 0.516899 0
0.538211 0.516899 0
0.538211 0.516899 0
0.538211 0.516899 0
0.538211 0.516899 0
0.538211 0.516899 1
