0.690891 0.125515 1
0.6404 0.120669 0
0.59339 0.118365 0
0.545477 0.117062 0
0.509132 0.12048 0
0.460894 0.130009 0
0.419754 0.140962 0
0.436691 0.142089 0
0.421424 0.145068 0
0.401583 0.14737 0
0.380548 0.150985 0
0.3637 0.154147 0
0.354663 0.153471 0
0.364136 0.14411 0
0.339099 0.150117 0
0.444285 0.105501 0
0.518461 0.0857312 0
0.574957 0.0745586 0
0.630123 0.0662825 0
0.695459 0.0559423 0
0.69597 0.0516758 0
0.651476 0.0528119 0
0.711858 0.0399395 0
0.62416 0.0430134 0
0.653014 0.0339332 0
0.603166 0.038257 0
0.599161 0.033984 0
0.606297 0.0307468 0
0.635492 0.0279314 0
0.599711 0.0297149 0
0.59657 0.0303791 0
0.593654 0.0286833 0
0.59699 0.0260835 0
0.552986 0.0245631 0
0.56525 0.0226477 0
0.578953 0.0229181 0
0.548413 0.0195906 0
0.531534 0.0211841 0
0.546987 0.0171634 0
0.561488 0.00949664 0
0.569819 0.00485621 0
0.57972 0.00290623 0
0.590225 0 0
0.556073 0.00429199 0
0.500475 0.0207269 0
0.0888998 0.265851 0
0.0956816 0.263871 0
0.364639 0.0731496 0
0.320221 0.0997301 1
0.282204 0.125893 0
0.248409 0.151434 0
0.0312385 0.410957 0
0.0557369 0.37348 0
0.0461699 0.400819 0
0.0279217 0.450142 0
0.0106021 0.510909 0
0.00625488 0.537543 0
0.00436617 0.554341 0
0.000783418 0.580589 0
0 0.608671 0
0.00223157 0.633887 0
0.00602204 0.647013 0
0.0125947 0.635807 0
0.0203659 0.618318 0
0.0284716 0.594752 1
0.0417826 0.554217 1
0.0564703 0.528625 1
0.0378817 0.664848 1
0.0457818 0.625056 1
0.0527581 0.61534 0
0.0546854 0.636928 1
0.0585142 0.657486 0
0.0667719 0.658542 0
0.0769587 0.63594 0
0.0788955 0.669978 0
0.0898417 0.652212 0
0.112104 0.627008 0
0.201638 0.532083 0
0.356862 0.433591 0
0.486392 0.397468 0
0.492421 0.473725 0
0.514603 0.516479 1
0.535693 0.57372 1
0.604523 0.66399 1
0.659161 0.751434 1
0.665741 0.798989 0
0.67039 0.838758 1
0.697602 0.860881 1
0.69907 0.873251 0
0.703001 0.885707 0
0.730173 0.896371 0
0.760932 0.896565 0
0.79308 0.894215 1
0.800472 0.906736 0
0.801542 0.910234 0
0.798716 0.90871 0
0.793569 0.90534 0
0.790165 0.90373 0
0.787825 0.90567 0
0.836409 0.801295 0
0.843244 0.777821 0
0.846574 0.74997 0
0.844251 0.748427 0
0.843339 0.749331 0
0.844665 0.745316 0
0.843896 0.743658 0
0.840089 0.756254 0
0.830269 0.780694 0
0.831046 0.766162 0
0.827126 0.768431 0
0.825566 0.767685 0
0.823342 0.769003 0
0.825975 0.765781 0
0.825314 0.76539 0
0.823176 0.766471 0
0.821693 0.767114 0
0.822783 0.765592 0
0.827381 0.762338 0
0.832556 0.759563 0
0.833156 0.758759 0
0.831998 0.759418 0
0.833414 0.75908 0
0.835042 0.757786 0
0.833542 0.757848 0
0.834881 0.757365 0
0.840057 0.756962 0
0.843092 0.755863 0
0.843454 0.752774 0
0.841555 0.754792 0
0.846069 0.75546 0
0.849895 0.75337 0
0.852081 0.750313 0
0.857566 0.748551 0
0.858197 0.745234 0
0.857516 0.740373 0
0.859648 0.737054 0
0.8626 0.733447 0
0.866439 0.725222 0
0.877202 0.708571 0
0.884592 0.699417 0
0.890562 0.688297 0
0.893102 0.67561 0
0.894311 0.667707 0
0.900385 0.65958 0
0.902258 0.6532 0
0.910357 0.645497 0
0.917243 0.639786 0
0.922573 0.621042 0
0.92787 0.589667 0
0.935944 0.561706 0
0.934117 0.53208 0
0.92944 0.498862 0
0.925796 0.473383 0
0.922756 0.45308 0
0.919647 0.436914 0
0.917409 0.422669 0
0.913718 0.409906 0
0.910748 0.399231 0
0.90731 0.391606 0
0.906655 0.386217 0
0.912223 0.378044 0
0.914813 0.364109 0
0.91537 0.35466 0
0.915797 0.346769 0
0.917062 0.343338 0
0.915319 0.3369 0
0.911879 0.327772 0
0.912329 0.317681 0
0.91011 0.310688 0
0.916248 0.323079 0
0.908936 0.300604 0
0.907906 0.286894 0
0.903965 0.278312 0
0.901056 0.269044 0
0.898874 0.261681 0
0.896314 0.259398 0
0.895557 0.259279 0
0.905786 0.270716 0
0.904721 0.264319 0
0.900082 0.258586 0
0.908641 0.258738 0
0.899102 0.235145 0
0.899918 0.229475 0
0.894691 0.229283 0
0.893328 0.227959 0
0.908126 0.242868 0
0.893864 0.220412 0
0.896007 0.227087 0
0.897722 0.228571 0
0.890309 0.223651 0
0.885053 0.218686 0
0.8738 0.205881 0
0.863318 0.192453 0
0.861636 0.188966 0
0.849825 0.188388 0
0.843121 0.180104 0
0.850672 0.177568 0
0.816584 0.163089 0
0.795838 0.159379 0
0.785198 0.149674 0
0.772243 0.142247 0
0.752739 0.133964 0
0.732525 0.124978 0
0.698559 0.113797 0
0.578687 0.102259 0
0.433615 0.122318 0
0.360869 0.1431 0
0.289433 0.173015 0
0.263702 0.180627 0
0.236796 0.185272 0
0.230876 0.186758 0
0.251978 0.167854 1
0.349109 0.10862 0
0.612824 0.0455118 0
0.664731 0.0448941 0
0.693369 0.0474429 0
0.649254 0.0437433 0
0.560484 0.0450344 0
0.488459 0.0536337 0
0.485492 0.0511657 0
0.527814 0.0387199 0
0.532667 0.0362661 0
0.520437 0.0359128 0
0.53104 0.0307763 0
0.546098 0.0254041 0
0.562797 0.0208684 0
0.56719 0.0180309 0
0.554737 0.0176778 0
0.544146 0.0176929 0
0.535734 0.0173679 0
0.542547 0.0167274 0
0.520204 0.0176897 0
0.512414 0.018041 0
0.497285 0.0197855 0
0.504525 0.0194569 0
0.507019 0.0195128 0
0.496358 0.0223079 0
0.482664 0.025955 0
0.473872 0.0278622 0
0.465065 0.0316989 0
0.449131 0.045238 0
0.416613 0.0646924 0
0.337379 0.101874 0
0.246987 0.159774 0
0.157853 0.243499 0
0.120512 0.2959 0
0.110899 0.317799 0
0.0883934 0.358806 0
0.0787716 0.383798 0
0.0680463 0.410177 0
0.0604059 0.440032 1
0.0513666 0.476014 0
0.0523592 0.488354 0
0.0539992 0.491046 0
0.0527201 0.499853 0
0.0592101 0.491931 1
0.0784653 0.456473 1
0.0848343 0.450318 0
0.0890886 0.455722 0
0.0934018 0.46769 0
0.0932455 0.484994 0
0.0901691 0.502742 0
0.0978437 0.498103 0
0.13939 0.435106 0
0.149641 0.438735 0
0.184503 0.408698 0
0.246859 0.363985 0
0.274508 0.367092 0
0.298473 0.3747 0
0.327486 0.400863 0
0.343381 0.42091 0
0.340104 0.468007 0
0.337594 0.50421 0
0.343875 0.599731 0
0.351339 0.696163 0
0.372474 0.784344 0
0.39932 0.845096 0
0.422459 0.87537 0
0.446479 0.900233 0
0.487583 0.930561 0
0.531219 0.951924 0
0.552088 0.956552 0
0.566648 0.956478 0
0.598088 0.958711 0
0.636174 0.958014 0
0.665986 0.950806 0
0.68464 0.941395 0
0.711214 0.934216 0
0.724255 0.925575 0
0.738471 0.912302 0
0.749271 0.898082 0
0.752509 0.889674 0
0.757051 0.880156 0
0.764997 0.871891 0
0.77052 0.863389 0
0.775219 0.854135 0
0.776142 0.848647 0
0.771266 0.841583 0
0.769909 0.837506 0
0.775816 0.836969 0
0.780629 0.839775 0
0.786015 0.845811 0
0.798997 0.854819 0
0.807761 0.854578 0
0.819051 0.85894 0
0.826481 0.860907 0
0.829771 0.859649 0
0.834067 0.857926 0
0.834733 0.858675 0
0.829244 0.860088 0
0.824893 0.856784 0
0.820953 0.853267 0
0.816747 0.853179 0
0.814423 0.853778 0
0.814411 0.853199 0
0.817663 0.851709 0
0.820487 0.854003 0
0.821963 0.855164 0
0.825282 0.855762 0
0.831265 0.857611 1
0.83409 0.854323 0
0.836081 0.852463 0
0.837612 0.85103 0
0.839631 0.848601 0
0.841908 0.846534 0
0.84385 0.844497 0
0.846747 0.841438 0
0.850804 0.838492 0
0.854974 0.835077 0
0.860754 0.829741 0
0.869214 0.825086 0
0.881526 0.815524 0
0.887321 0.811048 0
0.899713 0.80399 0
0.915402 0.789537 0
0.929673 0.77229 0
0.941546 0.755779 0
0.954516 0.73395 0
0.96703 0.714414 0
0.973508 0.706136 0
0.982723 0.678782 0
0.985177 0.661227 0
0.988656 0.654315 0
0.991918 0.632612 0
0.99894 0.584236 0
1 0.5429 0
0.991359 0.55197 0
0.989257 0.524987 0
0.987815 0.499947 0
0.984486 0.468736 0
0.97648 0.440625 0
0.97247 0.428844 0
0.958596 0.407694 0
0.94548 0.387208 0
0.93762 0.370328 0
0.944074 0.367893 0
0.956604 0.375903 0
0.958808 0.371743 0
0.954662 0.35554 0
0.959391 0.352928 0
0.967257 0.359299 0
0.961151 0.345951 0
0.95836 0.333192 0
0.958976 0.328557 0
0.964412 0.333507 0
0.962758 0.329405 0
0.967821 0.32218 0
0.980098 0.323522 0
0.974492 0.317677 0
0.965692 0.306045 0
0.965443 0.300464 1
0.118567 0.903648 1
0.0906179 0.850083 0
0.0707181 0.794866 0
0.0605947 0.743875 0
0.05257 0.701512 0
0.0475358 0.667212 1
0.0472809 0.633297 1
0.0442732 0.596254 1
0.047199 0.56306 1
0.0521242 0.528748 1
0.0592879 0.49366 1
0.0653292 0.467096 1
0.0752233 0.440124 1
0.089314 0.412226 0
0.0983766 0.392885 0
0.110458 0.362837 0
0.128694 0.327703 0
0.138798 0.310867 0
0.160161 0.27914 0
0.204488 0.226745 0
0.380294 0.114512 0
0.466922 0.0840589 0
0.440354 0.0868653 0
0.45108 0.0724703 0
0.475477 0.0645779 0
0.483183 0.0611373 0
0.479758 0.0611088 0
0.47593 0.058402 0
0.479772 0.0554612 0
0.475541 0.05625 0
0.479732 0.0560264 0
0.480613 0.0536428 0
0.471152 0.0546713 0
0.451252 0.0577023 0
0.443692 0.0592458 0
0.43391 0.0587563 0
0.423802 0.0634626 0
0.42414 0.0633232 0
0.406435 0.0660883 0
0.399953 0.0670615 0
0.386636 0.0723853 0
0.377012 0.0781125 0
0.366356 0.083024 0
0.355276 0.087753 0
0.344049 0.0954696 0
0.33096 0.102777 0
0.321296 0.109002 0
0.311896 0.11153 0
0.307753 0.114477 0
0.302162 0.119398 0
0.285563 0.137826 0
0.258988 0.164596 0
0.231198 0.193751 0
0.220896 0.213398 0
0.213538 0.232674 0
0.200869 0.253413 0
0.188454 0.271549 0
0.174034 0.293617 0
0.159984 0.313577 0
0.147209 0.33076 0
0.134006 0.353668 0
0.126063 0.362884 0
0.114289 0.392838 0
0.108709 0.403471 0
0.0987644 0.448077 0
0.0956434 0.479942 0
0.091107 0.493375 0
0.0880239 0.471624 0
0.0858363 0.54081 0
0.0839919 0.54144 0
0.0901196 0.588046 0
0.0972019 0.621139 0
0.103254 0.654552 0
0.102798 0.660343 0
0.105977 0.683269 0
0.114073 0.701989 0
0.126669 0.729585 0
0.134096 0.746851 0
0.13743 0.755116 0
0.157831 0.792614 0
0.181037 0.828098 0
0.200833 0.851739 0
0.216574 0.870537 0
0.229529 0.88404 0
0.245792 0.899789 0
0.265843 0.918473 0
0.286586 0.934676 0
0.317702 0.952282 0
0.355732 0.972367 0
0.368288 0.973076 0
0.373497 0.971554 0
0.392943 0.980934 0
0.417181 0.990543 0
0.457311 0.998001 0
0.446326 0.990688 0
0.488114 0.995808 0
0.483797 1 0
0.536428 0.997484 0
0.558901 0.99638 0
0.698487 0.973359 0
0.636731 0.973768 0
0.639423 0.970682 0
0.679098 0.948109 0
0.66378 0.942432 0
0.628897 0.944245 0
0.646446 0.92391 0
0.698811 0.920458 0
0.703731 0.892479 0
0.698827 0.879447 0
0.694562 0.860563 1
0.69465 0.82793 1
0.737777 0.747779 0
0.764316 0.679682 0
0.787268 0.644147 0
0.773032 0.61118 0
0.664244 0.536398 0
0.43901 0.645157 0
0.443113 0.697951 0
0.45537 0.737513 0
0.443164 0.709716 0
0.447898 0.600962 1
0.553384 0.499188 1
0.647749 0.499123 0
0.609943 0.521977 0
0.572261 0.529568 0
0.585755 0.527124 0
0.583252 0.528015 0
0.587574 0.546614 0
0.586019 0.581947 0
0.5945 0.598229 0
0.598479 0.602475 0
0.57837 0.619929 0
0.593171 0.644169 1
0.606145 0.676969 0
0.606174 0.683074 0
0.607326 0.685822 0
0.607213 0.686794 0
0.607221 0.686841 0
0.607216 0.686883 0
0.607216 0.686885 0
0.607216 0.686886 0
0.607216 0.686886 0
0.607216 0.686886 0
0.607216 0.686886 0
0.607216 0.686886 0
0.607216 0.686886 1
