0.371982 0.11681 1
0.351093 0.110226 0
0.340516 0.107768 0
0.332208 0.102925 0
0.293176 0.0975509 0
0.301841 0.0939244 0
0.292795 0.0890731 0
0.27335 0.0825776 0
0.258388 0.0759721 1
0.267122 0.0669111 0
0.260477 0.063136 0
0.2551 0.061505 0
0.254628 0.0626097 0
0.253385 0.0668449 0
0.248307 0.0712513 0
0.229873 0.0756716 0
0.227707 0.080899 0
0.22049 0.091423 0
0.208883 0.11125 0
0.203629 0.137563 0
0.197267 0.158688 0
0.19207 0.178581 0
0.180536 0.205473 0
0.171135 0.231335 0
0.163918 0.262419 0
0.155845 0.290758 0
0.146745 0.310773 0
0.139668 0.342212 0
0.130986 0.372013 0
0.125036 0.397458 0
0.119285 0.433815 0
0.117502 0.473981 0
0.1149 0.503493 0
0.110158 0.523307 0
0.114136 0.552991 0
0.118496 0.576587 0
0.123457 0.593411 0
0.131192 0.616681 0
0.143061 0.650998 0
0.156974 0.667259 0
0.174181 0.686613 0
0.20455 0.720988 0
0.227186 0.734015 0
0.256834 0.768043 0
0.27678 0.791383 0
0.301342 0.810092 0
0.322104 0.826733 0
0.347018 0.832084 0
0.374338 0.844303 0
0.40153 0.855667 0
0.427664 0.867142 0
0.453913 0.876691 0
0.482386 0.883795 0
0.516792 0.887406 0
0.554778 0.887302 0
0.592038 0.885273 0
0.625532 0.879989 0
0.634593 0.878388 0
0.671292 0.871244 0
0.712398 0.855906 0
0.742168 0.840396 0
0.791763 0.811211 0
0.818458 0.79754 0
0.835081 0.792857 0
0.863454 0.780182 1
0.896285 0.764555 1
0.910847 0.754216 0
0.926898 0.741747 0
0.94522 0.717408 0
0.956786 0.70457 1
0.96659 0.696348 0
0.978559 0.676435 0
0.981865 0.685995 0
0.979883 0.707174 0
0.982859 0.707857 0
0.988803 0.693802 0
0.993555 0.676662 0
0.994223 0.679386 0
0.994415 0.679794 0
1 0.656921 0
0.977907 0.656613 0
0.967573 0.644886 0
0.958235 0.632578 0
0.951916 0.621559 0
0.946813 0.605412 0
0.942685 0.584967 0
0.937751 0.584278 0
0.932971 0.582089 0
0.929195 0.562222 0
0.924284 0.547682 0
0.915538 0.547146 0
0.904156 0.541472 0
0.890744 0.533484 0
0.880539 0.520804 0
0.879212 0.503803 0
0.879003 0.487783 0
0.869583 0.478566 0
0.85735 0.47256 0
0.850064 0.459658 0
0.839646 0.449136 0
0.82309 0.444689 0
0.809245 0.430179 0
0.798327 0.410431 0
0.784071 0.396588 0
0.768052 0.388752 0
0.7542 0.376999 0
0.741631 0.357915 0
0.728121 0.334827 0
0.713201 0.314815 0
0.694261 0.302312 0
0.672574 0.289032 0
0.651078 0.267515 0
0.630392 0.240258 0
0.607544 0.220661 0
0.579368 0.204234 0
0.549237 0.183521 0
0.520823 0.162923 0
0.477528 0.147449 0
0.435231 0.135971 0
0.411204 0.13074 0
0.399617 0.120033 0
0.384473 0.107108 0
0.366245 0.0966425 0
0.355338 0.0824898 0
0.337965 0.0696891 0
0.327987 0.0568964 0
0.306474 0.0475589 0
0.276578 0.0447987 1
0.257835 0.0436306 0
0.240559 0.0451828 0
0.223913 0.0450838 0
0.214883 0.0403529 0
0.199882 0.0398509 1
0.199069 0.0323499 0
0.199789 0.03375 0
0.196167 0.0425212 0
0.189428 0.0516481 0
0.181655 0.0598347 0
0.169088 0.0615322 0
0.168918 0.0595061 0
0.16509 0.0696505 0
0.156857 0.0886547 0
0.149511 0.107995 0
0.142916 0.129763 0
0.137822 0.152623 0
0.134182 0.172845 0
0.134233 0.180878 0
0.12298 0.207607 0
0.10313 0.256612 0
0.105374 0.251736 0
0.0920804 0.279946 0
0.0815651 0.316983 0
0.0755927 0.347948 0
0.0696107 0.383945 0
0.0641636 0.435601 0
0.066652 0.459468 0
0.0693443 0.488314 0
0.0723539 0.524475 0
0.0815281 0.563919 0
0.0930646 0.592278 0
0.110977 0.607972 0
0.131447 0.634873 0
0.152597 0.653207 0
0.179219 0.67437 0
0.207424 0.699708 0
0.23318 0.726117 0
0.256201 0.749127 0
0.279874 0.769226 0
0.303977 0.785328 0
0.326626 0.800968 0
0.346894 0.821493 0
0.365851 0.835466 0
0.386034 0.851606 0
0.405701 0.860999 0
0.425243 0.867442 0
0.444108 0.876224 0
0.463299 0.885764 0
0.481884 0.898789 0
0.502816 0.901225 0
0.52367 0.909751 0
0.547586 0.914976 0
0.568926 0.92174 0
0.587196 0.930876 0
0.606554 0.938563 0
0.625194 0.946172 0
0.642413 0.956137 0
0.663928 0.968198 0
0.690498 0.985579 0
0.715609 0.998042 0
0.737508 0.997056 0
0.757749 0.993928 0
0.773554 0.993286 1
0.780647 0.995439 0
0.788568 0.993981 0
0.801816 0.990678 0
0.803963 1 0
0.81925 0.988055 0
0.832909 0.978814 0
0.836252 0.98043 0
0.846784 0.967376 0
0.864067 0.949459 0
0.948785 0.713097 0
0.851935 0.920302 0
0.847456 0.914236 0
0.830952 0.929689 0
0.82138 0.928846 0
0.823011 0.912952 0
0.831286 0.897319 0
0.833728 0.889795 0
0.846837 0.869894 0
0.863229 0.839844 1
0.890683 0.770456 1
0.900503 0.724579 0
0.899651 0.714797 0
0.884765 0.747528 1
0.872583 0.450672 1
0.88571 0.499336 0
0.892945 0.57191 0
0.884086 0.655873 0
0.871661 0.669276 0
0.865669 0.660918 0
0.856786 0.668165 0
0.849439 0.658924 0
0.843402 0.637868 0
0.836731 0.613791 0
0.831652 0.588675 0
0.8221 0.58211 0
0.817969 0.52525 1
0.805758 0.505768 0
0.793282 0.499421 0
0.780098 0.489097 0
0.765636 0.472087 0
0.749188 0.451606 0
0.732955 0.419387 0
0.719127 0.3816 1
0.699855 0.35796 0
0.67644 0.343602 0
0.657196 0.316263 0
0.638698 0.291606 0
0.626379 0.238878 0
0.602333 0.239872 0
0.578323 0.216793 0
0.556042 0.205457 0
0.545633 0.189993 0
0.536079 0.17424 0
0.523677 0.154392 0
0.512626 0.128083 0
0.50435 0.104026 0
0.502844 0.0829236 0
0.50244 0.0630828 0
0.499304 0.0491605 0
0.493708 0.0411043 0
0.487921 0.0303575 0
0.478999 0.0190285 0
0.473459 0.0127343 0
0.465552 0.00669333 0
0.448044 0 0
0.416443 0.000480088 0
0.383246 0.00535804 0
0.366525 0.00965775 0
0.352262 0.0133368 0
0.339548 0.0172187 0
0.331483 0.0198672 0
0.321256 0.022649 0
0.300406 0.0329556 1
0.273998 0.0505141 1
0.251281 0.0708391 1
0.220157 0.0956841 0
0.19918 0.114077 0
0.183973 0.134175 0
0.168547 0.169476 0
0.151365 0.197649 0
0.168804 0.192219 1
0.117843 0.245057 0
0.0948515 0.282986 0
0.0748524 0.312994 0
0.0541005 0.363 0
0.0307645 0.422238 0
0.0104859 0.492643 0
0 0.566116 0
0.00440177 0.699546 0
0.0434452 0.814975 1
0.045282 0.7884 0
0.0551054 0.758679 0
0.0616862 0.716589 0
0.0724343 0.677896 0
0.0931271 0.672321 0
0.11128 0.648318 0
0.133323 0.645611 0
0.159374 0.619383 0
0.175167 0.652609 0
0.204693 0.639002 0
0.232424 0.643398 0
0.25327 0.642371 0
0.263662 0.643527 1
0.31103 0.640561 0
0.335858 0.642657 0
0.360452 0.642586 0
0.394152 0.642412 0
0.41426 0.642906 0
0.460741 0.642821 0
0.532888 0.642325 0
0.595218 0.642939 0
0.623286 0.642995 0
0.637478 0.643039 0
0.643276 0.643043 0
0.64003 0.643035 0
0.640216 0.643034 0
0.636539 0.643035 1
