0.950316 0.503978 1
0.952547 0.546558 0
0.954982 0.587213 0
0.953159 0.629578 0
0.943967 0.68622 0
0.92049 0.750271 0
0.883447 0.817656 1
0.8476 0.877916 0
0.813788 0.90856 0
0.783054 0.927948 0
0.750509 0.940109 0
0.724724 0.952275 0
0.694678 0.963657 0
0.667813 0.973468 0
0.641402 0.982274 0
0.60924 0.993194 0
0.574931 1 0
0.542831 0.997198 0
0.508074 0.988981 0
0.471552 0.979668 0
0.432637 0.974228 0
0.39189 0.961609 0
0.347003 0.940013 0
0.298474 0.920802 0
0.261184 0.895092 0
0.224388 0.855716 0
0.184319 0.813759 0
0.145447 0.769409 0
0.108618 0.723645 0
0.0841706 0.681595 0
0.0821699 0.656021 0
0.0953394 0.644842 0
0.10656 0.623087 0
0.11937 0.598746 0
0.133527 0.57553 0
0.150304 0.564879 0
0.168894 0.560518 0
0.187677 0.556469 0
0.205372 0.557696 0
0.219082 0.560027 0
0.238788 0.573266 0
0.264268 0.578449 0
0.285985 0.574045 0
0.304192 0.575525 0
0.330793 0.586415 0
0.361817 0.601889 0
0.393536 0.635508 0
0.431535 0.697619 0
0.48501 0.761752 0
0.541303 0.828177 0
0.610726 0.87222 1
0.693541 0.882954 1
0.765213 0.874594 0
0.811788 0.85345 0
0.86531 0.804644 0
0.911177 0.752804 1
0.94455 0.704762 0
0.968925 0.670628 0
0.988732 0.631527 0
1 0.573439 0
0.993076 0.481395 0
0.967911 0.391002 0
0.892538 0.259668 0
0.498532 0.0412316 0
0.508527 0.0342532 0
0.528636 0.0277473 0
0.561469 0.0213578 0
0.587293 0.0152033 0
0.611142 0.00555582 0
0.645635 0 0
0.675953 0.00346335 0
0.696114 0.00335789 0
0.716341 0.00649919 0
0.730842 0.00913096 0
0.737324 0.00964698 0
0.749082 0.0347421 0
0.760827 0.0481336 0
0.76686 0.0603479 0
0.773792 0.0729242 0
0.783352 0.0888875 0
0.796741 0.10761 0
0.813354 0.13112 0
0.837317 0.156222 0
0.853339 0.183614 0
0.874967 0.222821 0
0.888698 0.2611 0
0.901311 0.301794 0
0.912975 0.345777 0
0.924141 0.393181 0
0.932695 0.437445 0
0.924181 0.460244 0
0.929204 0.502917 0
0.925834 0.557531 0
0.918436 0.608675 0
0.902195 0.680547 0
0.873365 0.735584 0
0.859491 0.747384 1
0.83821 0.751259 0
0.816687 0.76798 0
0.795 0.790765 0
0.763873 0.819427 0
0.724395 0.849774 0
0.688059 0.873034 1
0.653713 0.895594 0
0.617506 0.917397 1
0.574262 0.935471 0
0.520744 0.943341 0
0.471023 0.945974 0
0.42686 0.946514 0
0.376957 0.944384 0
0.316003 0.927786 0
0.256722 0.904299 0
0.201003 0.879264 0
0.154396 0.846671 0
0.0872505 0.796753 0
0.00657725 0.529235 0
0.0170069 0.693531 0
0.0258445 0.708579 0
0 0.601903 0
0.0426353 0.674312 0
0.0437152 0.606936 0
0.0743996 0.601847 0
0.104498 0.617087 0
0.132151 0.601995 0
0.152269 0.605308 0
0.161391 0.606118 0
0.190325 0.605362 0
0.235712 0.605823 0
0.289394 0.617964 0
0.3221 0.605627 0
0.395219 0.603561 0
0.481993 0.602541 0
0.532414 0.602827 0
0.537341 0.602677 0
0.539147 0.60272 0
0.539987 0.602744 0
0.541042 0.602738 1
