0.997109 0.304982 1
0.997335 0.305495 0
0.999157 0.299749 0
0.998473 0.306647 0
0.99754 0.305498 0
0.997618 0.305974 0
0.999771 0.29802 0
0.996479 0.305898 0
1 0.297247 0
0.998364 0.301225 0
0.998043 0.302083 0
0.997844 0.301076 0
0.99807 0.301373 0
0.997804 0.299974 0
0.99727 0.299551 1
0.99746 0.297946 0
0.997253 0.297987 0
0.996651 0.297264 0
0.996306 0.29665 0
0.996361 0.296842 0
0.995968 0.296168 0
0.996231 0.292727 0
0.997533 0.289236 0
0.997223 0.28955 0
0.99561 0.290573 0
0.994398 0.296412 0
0.99361 0.295719 0
0.993251 0.297189 0
0.992473 0.296499 0
0.994057 0.300242 1
0.99194 0.299435 0
0.990801 0.299723 0
0.98938 0.300433 0
0.987789 0.302188 0
0.986657 0.304734 0
0.985894 0.307196 0
0.984951 0.306859 0
0.984273 0.309165 0
0.98392 0.310042 0
0.98392 0.313301 0
0.98396 0.313972 0
0.982449 0.314307 0
0.982255 0.313267 0
0.981289 0.312855 0
0.981096 0.31248 1
0.977893 0.3088 0
0.974656 0.30349 0
0.974393 0.304809 0
0.974058 0.305523 0
0.971229 0.305284 0
0.970561 0.305663 0
0.968792 0.30684 0
0.968371 0.307019 0
0.967469 0.307152 0
0.966937 0.306879 0
0.967099 0.307337 0
0.966188 0.308003 0
0.965598 0.307844 0
0.964485 0.30791 1
0.96184 0.307195 0
0.960598 0.306532 0
0.958566 0.307079 0
0.957757 0.309047 0
0.955701 0.309908 0
0.954822 0.310543 0
0.951924 0.309989 0
0.949447 0.308295 0
0.94866 0.312874 0
0.948491 0.317397 0
0.947418 0.317423 0
0.943861 0.317184 0
0.940126 0.319069 0
0.937763 0.321584 0
0.936343 0.319163 1
0.93565 0.316855 0
0.930891 0.315881 0
0.929715 0.320736 0
0.925139 0.323626 0
0.925646 0.315767 0
0.918151 0.320341 0
0.919007 0.318425 0
0.914369 0.309617 0
0.909193 0.309124 0
0.904979 0.30747 0
0.900055 0.308761 0
0.896751 0.30603 0
0.892644 0.306775 0
0.888961 0.30928 0
0.886569 0.310841 1
0.876989 0.310098 0
0.869701 0.315302 0
0.870971 0.306691 0
0.861531 0.316013 0
0.858582 0.306465 0
0.850662 0.31626 0
0.848637 0.306632 0
0.847004 0.306161 0
0.850792 0.300774 0
0.841568 0.300955 0
0.833805 0.305336 0
0.828377 0.304538 0
0.82633 0.302004 0
0.825374 0.299077 0
0.817468 0.303139 1
0.819571 0.296669 0
0.825333 0.286748 0
0.806322 0.302072 0
0.797793 0.307482 0
0.793773 0.293774 0
0.796278 0.286896 0
0.798932 0.27328 0
0.791507 0.282938 0
0.791731 0.27306 0
0.790789 0.264986 0
0.791069 0.260537 0
0.78214 0.265198 0
0.778912 0.267757 0
0.779803 0.260141 1
0.778313 0.251188 0
0.771655 0.249178 0
0.764356 0.251403 0
0.754358 0.251877 0
0.75085 0.24734 0
0.743986 0.237224 0
0.737644 0.24062 0
0.723843 0.223945 0
0.707277 0.228206 0
0.689189 0.222095 0
0.617434 0.225617 0
0.61073 0.223211 0
0.610768 0.222848 0
0.608408 0.223075 0
0.606576 0.223332 1
0.606523 0.223358 0
0.606092 0.223575 0
0.606253 0.223399 0
0.606127 0.223459 0
0.604804 0.224513 0
0.602889 0.226186 0
0.613415 0.255076 0
0.342635 0.154977 0
0.344038 0.186419 0
0.339429 0.186227 0
0.339082 0.186515 0
0.337051 0.188178 0
0.334739 0.187948 0
0.333468 0.191484 0
0.331671 0.191994 1
0.329888 0.194511 0
0.327487 0.194323 0
0.321526 0.194636 0
0.319071 0.196454 0
0.312064 0.193158 0
0.314209 0.194323 0
0.212014 0.280949 0
0.228067 0.291791 0
0.216487 0.284101 0
0.221298 0.291104 0
0.217826 0.285101 0
0.216982 0.283512 0
0.217051 0.281617 0
0.21875 0.27957 0
0.217372 0.278513 1
0.217965 0.278626 0
0.221435 0.276021 0
0.226174 0.272501 0
0.227213 0.270182 0
0.228053 0.269586 0
0.229902 0.26489 0
0.237707 0.259418 0
0.239936 0.258071 0
0.242712 0.253137 0
0.248931 0.251996 0
0.250962 0.247893 0
0.251452 0.250041 0
0.256968 0.242652 0
0.257549 0.239335 1
0.258149 0.23602 0
0.258566 0.234981 0
0.261668 0.233391 0
0.256908 0.2236 0
0.25191 0.209952 0
0.243172 0.173459 0
0.243051 0.167766 0
0.241229 0.160705 0
0.233173 0.149213 0
0.231547 0.145715 0
0.22976 0.140975 0
0.22549 0.138111 0
0.220512 0.133543 0
0.218769 0.130777 0
0.215429 0.127187 1
0.214549 0.127138 0
0.212659 0.127979 0
0.211732 0.127981 0
0.21127 0.12819 0
0.209059 0.12807 0
0.156627 0.191269 0
0.0931614 0.193192 0
0.0660712 0.16134 0
0.0628086 0.165184 0
0.0624982 0.164961 0
0.0604824 0.164837 0
0.0594732 0.164916 0
0.0588733 0.16524 0
0.0599984 0.165362 0
0.0587025 0.165032 1
0.0531164 0.166022 0
0.0511594 0.17345 0
0.0454257 0.178874 0
0.0456088 0.188321 0
0.0393027 0.190898 0
0.0384519 0.198231 0
0.0393191 0.207636 0
0.034538 0.20984 0
0.0383118 0.228554 0
0.0426717 0.235723 0
0.0397678 0.23702 0
0.0419803 0.25092 0
0.0409087 0.257831 0
0.0366834 0.26222 0
0.0457228 0.28092 1
0.0439128 0.282306 0
0.0452902 0.284284 0
0.046493 0.285638 0
0.0430123 0.289386 0
0.0383886 0.298562 0
0 0.289652 0
0.0585435 0.488732 0
0.0793784 0.512466 0
0.0810616 0.519522 0
0.0843596 0.526774 0
0.085416 0.53855 0
0.0865356 0.544041 0
0.0873084 0.549613 0
0.0878072 0.550705 1
0.0844285 0.555431 0
0.082462 0.566461 0
0.0716708 0.576953 0
0.0723176 0.59316 0
0.0461477 0.624439 0
0.0433379 0.669599 0
0.0611056 0.682192 0
0.0830475 0.673567 0
0.0980008 0.669904 0
0.111863 0.661117 0
0.132334 0.648087 0
0.137536 0.640271 0
0.143249 0.635935 0
0.145144 0.634496 0
0.148141 0.633988 1
0.148566 0.632633 0
0.149132 0.6319 0
0.149582 0.631463 0
0.149935 0.630351 0
0.149618 0.629918 0
0.150359 0.628796 0
0.149535 0.627118 0
0.148946 0.626721 0
0.149786 0.628504 0
0.13806 0.605502 0
0.086434 0.340489 0
0.0949147 0.340291 0
0.0964987 0.339204 0
0.0948941 0.339093 0
0.0954106 0.33893 1
0.0954112 0.33893 0
0.0954165 0.338917 0
0.0954133 0.338867 0
0.0956731 0.338137 0
0.0956974 0.33767 0
0.0981541 0.337216 0
0.115647 0.32526 0
0.120045 0.117554 0
0.128772 0.112427 0
0.128129 0.114349 0
0.128723 0.114376 0
0.12848 0.11446 0
0.128541 0.112639 0
0.128528 0.112785 0
0.128854 0.11229 1
0.129173 0.108108 0
0.1277 0.10531 0
0.131278 0.100144 0
0.125996 0.0931956 0
0.126468 0.0735781 0
0.125788 0.041605 0
0.143607 0.0198812 0
0.151427 0.00837491 0
0.173386 0.000600919 0
0.18261 0 0
0.200594 0.0101209 0
0.208054 0.0184756 0
0.221025 0.0289178 0
0.224463 0.0332888 1
0.223386 0.0358919 0
0.227579 0.0384379 0
0.22592 0.0425757 0
0.222411 0.0480361 0
0.227928 0.0493493 0
0.227021 0.0537739 0
0.225947 0.060496 0
0.218989 0.0656853 0
0.212156 0.0723055 0
0.209972 0.0764058 0
0.207394 0.0799854 0
0.203997 0.084726 0
0.202111 0.0881187 0
0.200245 0.0926749 0
0.199437 0.0953947 1
0.199435 0.0954672 0
0.199432 0.0953988 0
0.199448 0.0955153 0
0.19987 0.0963641 0
0.201794 0.0928177 0
0.0979665 0.146301 0
0.0993384 0.16503 0
0.0931222 0.171241 0
0.0848819 0.16851 0
0.0779153 0.171232 0
0.0792008 0.180356 0
0.0797827 0.203366 0
0.0800499 0.369154 0
0.0880922 0.362605 0
0.0885409 0.362115 1
0.0882171 0.365444 0
0.08935 0.373289 0
0.089635 0.378636 0
0.0918812 0.384914 0
0.0947434 0.38973 0
0.0944541 0.38809 0
0.107867 0.412539 0
0.192356 0.462235 0
0.221076 0.501458 0
0.247972 0.646666 0
0.235717 0.672436 0
0.234959 0.679663 0
0.23499 0.680237 0
0.235001 0.682415 0
0.23646 0.683838 1
0.251492 0.693495 0
0.266764 0.714044 0
0.27279 0.72166 0
0.287642 0.728241 0
0.304344 0.74706 0
0.313252 0.759871 0
0.332956 0.771145 0
0.347831 0.777127 0
0.356078 0.798558 0
0.372043 0.803206 0
0.390087 0.808723 0
0.404747 0.817438 0
0.415837 0.805822 0
0.424229 0.793299 1
0.433977 0.781276 0
0.441943 0.780327 0
0.448834 0.770741 0
0.461948 0.756189 0
0.472994 0.742972 0
0.481925 0.729197 0
0.481575 0.713406 0
0.481486 0.679669 0
0.491229 0.650407 0
0.517183 0.588703 0
0.520149 0.584196 0
0.527319 0.580518 0
0.528356 0.57956 0
0.528907 0.580248 0
0.530245 0.577514 1
0.530401 0.577337 0
0.527628 0.577452 0
0.517158 0.591235 0
0.527039 0.395255 0
0.55316 0.36996 0
0.557862 0.365517 0
0.560028 0.363325 0
0.560594 0.363261 0
0.560622 0.36321 0
0.560646 0.363182 0
0.560651 0.363181 0
0.560651 0.363181 0
0.560651 0.363181 0
0.560651 0.363181 0
0.560651 0.363181 1
0.56133 0.361113 0
0.561953 0.358936 0
0.564469 0.356788 0
0.563667 0.354456 0
0.562809 0.350176 0
0.564321 0.347675 0
0.565188 0.345246 0
0.562592 0.339385 0
0.54923 0.332411 0
0.574 0.190339 0
0.575632 0.191974 0
0.575298 0.191385 0
0.575263 0.191348 0
0.575269 0.191383 0
0.575245 0.191322 1
0.574969 0.190865 0
0.575315 0.190052 0
0.575215 0.189558 0
0.573655 0.188346 0
0.584308 0.196713 0
0.625736 0.113319 0
0.613967 0.104704 0
0.611352 0.105667 0
0.609276 0.104206 0
0.606839 0.101201 0
0.600524 0.102256 0
0.597165 0.101956 0
0.593476 0.101998 0
0.589242 0.103656 1
0.580626 0.0981879 0
0.573545 0.0976887 0
0.567738 0.102709 0
0.555899 0.10146 0
0.551115 0.105924 0
0.54431 0.111068 0
0.530156 0.108608 0
0.519638 0.119286 0
0.490224 0.144395 0
0.474715 0.189103 0
0.450346 0.219745 0
0.444801 0.22225 0
0.438235 0.229822 0
0.432837 0.235112 0
0.428736 0.238124 1
0.42653 0.240427 0
0.425478 0.242807 0
0.424768 0.245607 0
0.422563 0.249545 0
0.422838 0.252393 0
0.42093 0.257204 0
0.418198 0.260462 0
0.416845 0.271519 0
0.405886 0.273904 0
0.429878 0.426208 0
0.418225 0.44193 0
0.41756 0.446537 0
0.418575 0.450387 0
0.41878 0.452691 0
0.420327 0.455271 1
0.420373 0.45941 0
0.42195 0.465632 0
0.423498 0.467801 0
0.42643 0.471938 0
0.430532 0.47565 0
0.432473 0.486031 0
0.438585 0.492582 0
0.442359 0.496103 0
0.45059 0.500513 0
0.448442 0.500833 0
0.470875 0.521189 0
0.563221 0.58628 0
0.569433 0.584417 0
0.569387 0.58436 0
0.569389 0.584364 1
0.575751 0.584913 0
0.580704 0.585783 0
0.587056 0.590647 0
0.592252 0.590555 0
0.595912 0.593477 0
0.604314 0.591226 0
0.61065 0.595935 0
0.616491 0.596629 0
0.622121 0.596615 0
0.629934 0.605938 0
0.634207 0.606384 0
0.640638 0.609213 0
0.646453 0.610732 0
0.648817 0.606853 1
0.650572 0.606417 0
0.653518 0.604908 0
0.673954 0.598592 0
0.673094 0.588546 0
0.676441 0.581787 0
0.681001 0.575233 0
0.679808 0.539729 0
0.660126 0.517862 0
0.63462 0.500521 0
0.627691 0.496505 0
0.626026 0.493332 0
0.623039 0.491356 0
0.619453 0.485279 0
0.616693 0.483515 0
0.614337 0.479702 1
0.614011 0.475154 0
0.615949 0.46988 0
0.618993 0.46127 0
0.624007 0.457283 0
0.627519 0.443021 0
0.632037 0.432783 0
0.634625 0.422615 0
0.637501 0.399562 0
0.635648 0.382904 0
0.630915 0.365646 0
0.620454 0.356156 0
0.616376 0.352902 0
0.608458 0.344813 0
0.603712 0.340543 0
0.602437 0.335228 1
0.602218 0.333134 0
0.602207 0.329881 0
0.602281 0.328324 0
0.601823 0.324866 0
0.600476 0.321814 0
0.599287 0.313949 0
0.5947 0.309634 0
0.599063 0.180543 0
0.603874 0.180204 0
0.607823 0.173543 0
0.608976 0.171423 0
0.613883 0.165423 0
0.616077 0.163571 0
0.616666 0.158007 0
0.616514 0.15464 1
0.615579 0.151403 0
0.613108 0.146781 0
0.609287 0.145062 0
0.604517 0.143836 0
0.579112 0.144383 0
0.574143 0.1463 0
0.56876 0.151047 0
0.565349 0.153479 0
0.564257 0.151281 0
0.560338 0.153524 0
0.559005 0.156622 0
0.554852 0.15724 0
0.554334 0.160559 0
0.553698 0.163478 1
0.553697 0.163478 0
0.553696 0.163479 0
0.553683 0.163474 0
0.553384 0.163344 0
0.552344 0.163978 0
0.549799 0.160062 0
0.52392 0.146302 0
0.462552 0.253326 0
0.423212 0.32722 0
0.426504 0.343639 0
0.424607 0.354751 0
0.421637 0.359025 0
0.419835 0.365991 0
0.419508 0.366064 0
0.418584 0.367676 1
0.414307 0.373137 0
0.41161 0.374758 0
0.40942 0.380444 0
0.402385 0.382302 0
0.41107 0.39489 0
0.38123 0.492684 0
0.396555 0.503678 0
0.39963 0.515155 0
0.416298 0.523814 0
0.435676 0.525297 0
0.448437 0.524674 0
0.448981 0.52832 0
0.455352 0.53056 0
0.458643 0.534727 0
0.463977 0.534506 1
0.465526 0.534125 0
0.466332 0.532956 0
0.470231 0.528784 0
0.47188 0.528076 0
0.475137 0.526858 0
0.479879 0.524151 0
0.483283 0.519209 0
0.48939 0.514755 0
0.502324 0.518875 0
0.535257 0.528131 0
0.543146 0.541427 0
0.546763 0.543588 0
0.546391 0.536133 0
0.55103 0.541263 0
0.552463 0.540166 1
