0.98707 0.455489 1
0.98708 0.45553 0
0.98769 0.455632 0
0.994462 0.456734 0
0.995719 0.454887 0
0.99615 0.454104 0
0.995921 0.45304 0
0.995871 0.452151 0
0.995804 0.451539 0
0.99575 0.451319 0
0.995531 0.451053 0
0.994985 0.450427 0
0.994679 0.450065 0
0.994156 0.449853 0
0.993817 0.449856 1
0.993678 0.449623 0
0.993495 0.449728 0
0.99323 0.449447 0
0.992988 0.449282 0
0.992697 0.44938 0
0.992441 0.449061 0
0.992302 0.449129 0
0.991705 0.448548 0
0.991286 0.448553 0
0.985783 0.446748 0
0.985236 0.447304 0
0.985147 0.447455 0
0.985154 0.44747 0
0.985156 0.44747 0
0.985154 0.447473 1
0.984797 0.447655 0
0.984328 0.44767 0
0.984171 0.447787 0
0.984041 0.447979 0
0.983396 0.447808 0
0.982357 0.447414 0
0.981899 0.446679 0
0.980135 0.445648 0
0.975225 0.440275 0
0.974658 0.439028 0
0.974445 0.438761 0
0.974369 0.438112 0
0.97404 0.437605 0
0.973776 0.437383 1
0.973769 0.437386 0
0.973706 0.437596 0
0.974895 0.439563 0
0.967228 0.409544 0
0.969973 0.409981 0
0.970203 0.409554 0
0.970144 0.409475 0
0.970142 0.409372 0
0.970142 0.409352 0
0.970145 0.409353 0
0.970145 0.409353 0
0.970145 0.409353 0
0.970145 0.409353 0
0.970145 0.409353 0
0.970145 0.409353 1
0.96996 0.409324 0
0.96988 0.409146 0
0.96971 0.409087 0
0.969617 0.408989 0
0.969488 0.408912 0
0.969212 0.408808 0
0.968864 0.408789 0
0.968312 0.40846 0
0.970605 0.409637 0
0.958391 0.378366 0
0.95813 0.378969 0
0.958263 0.378923 0
0.958185 0.378828 0
0.958237 0.378931 0
0.958236 0.378952 1
0.957924 0.379168 0
0.957434 0.379336 0
0.957199 0.379669 0
0.955405 0.38024 0
0.945546 0.376447 0
0.940588 0.374283 0
0.938388 0.359958 0
0.938259 0.358039 0
0.938059 0.355925 0
0.938156 0.353515 0
0.938309 0.351592 0
0.937585 0.350413 0
0.93766 0.349305 0
0.937939 0.348397 1
0.937937 0.348357 0
0.93797 0.348093 0
0.938759 0.347714 0
0.939525 0.348514 0
0.940807 0.349042 0
0.942091 0.349061 0
0.942897 0.35029 0
0.944261 0.350767 0
0.945192 0.351612 0
0.946356 0.352193 0
0.947316 0.353242 0
0.948161 0.35416 0
0.948802 0.355726 0
0.949698 0.355984 0
0.950752 0.356264 1
0.951801 0.35666 0
0.954102 0.355234 0
0.956348 0.355366 0
0.958555 0.354934 0
0.960239 0.354958 0
0.962015 0.355239 0
0.963883 0.355651 0
0.966769 0.355844 0
0.968957 0.356494 0
0.970713 0.359251 0
0.973159 0.360353 0
0.970563 0.369296 0
0.970876 0.372692 0
0.970753 0.373758 0
0.970345 0.374592 1
0.973722 0.373941 0
0.977653 0.37408 0
0.979845 0.37435 0
0.982458 0.376106 0
0.983815 0.37881 0
0.986251 0.38134 0
0.986547 0.383073 0
0.986918 0.385891 0
0.986873 0.391337 0
0.987022 0.393284 0
0.986782 0.395613 0
0.985192 0.397704 0
0.984243 0.399393 0
0.983452 0.40068 1
0.983528 0.400735 0
0.983599 0.400819 0
0.983685 0.400898 0
0.983519 0.400762 0
0.983487 0.400796 0
0.983635 0.40093 0
0.983998 0.40136 0
0.985005 0.399629 0
0.975807 0.437961 0
0.975771 0.437001 0
0.978593 0.443158 0
0.979235 0.44324 0
0.979427 0.443374 0
0.98605 0.452443 0
0.987437 0.452028 1
0.987498 0.451865 0
0.986284 0.449383 0
0.978667 0.530405 0
0.973581 0.518478 0
0.972939 0.521804 0
0.97321 0.522307 0
0.973742 0.523032 0
0.973647 0.523058 0
0.973694 0.523329 0
0.973768 0.523545 0
0.973879 0.523551 0
0.973955 0.523771 0
0.97368 0.52383 0
0.97347 0.524173 1
0.973824 0.525121 0
0.973994 0.526388 0
0.973405 0.527605 0
0.972622 0.528698 0
0.971721 0.529761 0
0.97108 0.531145 0
0.970727 0.533533 0
0.969128 0.533957 0
0.967824 0.534878 0
0.966659 0.535703 0
0.966357 0.536572 0
0.964944 0.535951 0
0.963895 0.535735 0
0.962985 0.534913 0
0.961942 0.533882 1
0.961336 0.534047 0
0.961011 0.534244 0
0.960258 0.534381 0
0.959715 0.534393 0
0.959555 0.534483 0
0.959305 0.53479 0
0.958912 0.538725 0
0.984087 0.47332 0
0.985348 0.466632 0
0.985449 0.466363 0
0.985414 0.466057 0
0.985383 0.465901 0
0.985307 0.465736 0
0.98518 0.465594 0
0.985159 0.465598 1
0.985056 0.465523 0
0.985266 0.465651 0
0.981225 0.465091 0
0.989635 0.430948 0
0.986647 0.435314 0
0.987121 0.435427 0
0.986983 0.435662 0
0.986931 0.435647 0
0.986623 0.436244 0
0.986436 0.436342 0
0.986329 0.436389 0
0.986207 0.436581 0
0.985977 0.436761 0
0.985995 0.436791 1
0.985767 0.436947 0
0.985576 0.437165 0
0.985329 0.437258 0
0.985096 0.437334 0
0.984833 0.437321 0
0.984459 0.437286 0
0.984259 0.437232 0
0.984344 0.438734 0
0.97187 0.433751 0
0.971844 0.435626 0
0.972031 0.435698 0
0.972103 0.435777 0
0.972106 0.435801 0
0.972105 0.435803 0
0.972106 0.435804 1
0.971973 0.435876 0
0.971571 0.435813 0
0.971137 0.435567 0
0.971017 0.435684 0
0.971041 0.435931 0
0.97095 0.436025 0
0.970611 0.435953 0
0.971003 0.43612 0
0.969677 0.435637 0
0.961828 0.460804 0
0.965094 0.457908 0
0.964848 0.457274 0
0.964925 0.457229 0
0.964923 0.45722 0
0.964921 0.457215 1
0.964489 0.457187 0
0.964141 0.45731 0
0.963751 0.457169 0
0.963186 0.457323 0
0.962729 0.457202 0
0.962119 0.457433 0
0.961457 0.457302 0
0.960806 0.457109 0
0.959857 0.456525 0
0.952953 0.453942 0
0.956688 0.428384 0
0.957561 0.427019 0
0.957462 0.42645 0
0.957262 0.42626 1
0.957226 0.42624 0
0.957141 0.426201 0
0.957277 0.426277 0
0.956405 0.426353 0
0.953164 0.429674 0
0.882111 0.385402 0
0.878166 0.384952 0
0.880058 0.37787 0
0.876152 0.37477 0
0.895403 0.354263 0
0.893568 0.352478 0
0.895735 0.34956 0
0.898686 0.346084 0
0.898524 0.343947 0
0.901073 0.341725 1
0.87844 0.328669 0
0.860483 0.31559 0
0.834774 0.302461 0
0.815826 0.285967 0
0.80602 0.278128 0
0.806018 0.28064 0
0.818704 0.278308 0
0.827059 0.275182 0
0.821007 0.268539 0
0.808102 0.259165 0
0.810524 0.24882 0
0.805529 0.238713 0
0.80408 0.224064 0
0.797956 0.216983 0
0.790261 0.208777 1
0.782872 0.201163 0
0.780999 0.189439 0
0.771374 0.183357 0
0.762412 0.180517 0
0.760905 0.173135 0
0.7548 0.165813 0
0.754036 0.157164 0
0.746142 0.150288 0
0.74009 0.143788 0
0.732012 0.137957 0
0.717522 0.138284 0
0.710273 0.132571 0
0.70068 0.13275 0
0.693015 0.126986 1
0.684662 0.120408 0
0.67676 0.113465 0
0.669116 0.10824 0
0.664518 0.105185 0
0.654385 0.0985112 0
0.643144 0.0842735 0
0.636923 0.0674037 0
0.630132 0.0575358 0
0.616425 0.0619023 0
0.609622 0.0598531 0
0.600453 0.0605773 0
0.596375 0.058748 0
0.585386 0.0536086 0
0.575267 0.0519209 0
0.568322 0.0476479 1
0.565071 0.045885 0
0.562324 0.043271 0
0.557972 0.043238 0
0.556814 0.0403298 0
0.553706 0.0363211 0
0.551246 0.0339429 0
0.548707 0.0317213 0
0.545227 0.0309619 0
0.543219 0.0301361 0
0.540191 0.0279519 0
0.537541 0.0284691 0
0.534737 0.0270427 0
0.531817 0.0257247 0
0.52822 0.0241631 1
0.52821 0.0241151 0
0.528532 0.0230263 0
0.527493 0.0102962 0
0.526924 0.0222315 0
0.519318 0.0016238 0
0.511559 0.00053307 0
0.507157 0.000558929 0
0.508197 0 0
0.501356 0.00439313 0
0.495853 0.0158899 0
0.495749 0.0177207 0
0.495802 0.0180144 0
0.495839 0.0180022 0
0.495874 0.0181682 0
0.495885 0.0183612 1
0.495382 0.0185019 0
0.495329 0.0188968 0
0.495103 0.0192578 0
0.494628 0.0196361 0
0.494606 0.0202144 0
0.49467 0.020457 0
0.494582 0.0210291 0
0.494422 0.0217245 0
0.494617 0.0228715 0
0.494753 0.0235256 0
0.494751 0.0248788 0
0.4955 0.025176 0
0.495916 0.0263313 0
0.497473 0.0263971 0
0.498148 0.0269082 1
0.497711 0.0274738 0
0.497626 0.0277098 0
0.49711 0.0283385 0
0.496373 0.0291126 0
0.495464 0.0302025 0
0.494467 0.03106 0
0.494609 0.0317725 0
0.494879 0.0326693 0
0.494743 0.0336409 0
0.495117 0.034525 0
0.496212 0.035043 0
0.497257 0.0347874 0
0.498 0.0356741 0
0.498766 0.0354926 1
0.499849 0.0366687 0
0.5011 0.0355353 0
0.501676 0.0358684 0
0.502719 0.0358447 0
0.503322 0.0354528 0
0.504161 0.0348439 0
0.5049 0.0328495 0
0.504409 0.030723 0
0.504766 0.0304673 0
0.504513 0.0299 0
0.505241 0.0295209 0
0.504733 0.0283647 0
0.503649 0.02677 0
0.5033 0.0261665 0
0.503228 0.0261493 1
0.503356 0.0260258 0
0.503313 0.0259207 0
0.503291 0.0257957 0
0.503519 0.0254894 0
0.502947 0.0289672 0
0.498694 0.0462728 0
0.46945 0.0173119 0
0.466555 0.0219694 0
0.465922 0.0212341 0
0.465936 0.0212492 0
0.465933 0.0212471 0
0.465933 0.021247 0
0.465933 0.0212471 0
0.465933 0.0212471 0
0.465933 0.0212471 1
0.465134 0.021714 0
0.464236 0.0208092 0
0.462419 0.0209655 0
0.460976 0.0202851 0
0.460696 0.0193226 0
0.46042 0.0190918 0
0.458569 0.019888 0
0.458697 0.0220467 0
0.457552 0.0232495 0
0.45727 0.0234317 0
0.45751 0.0251069 0
0.45869 0.0278571 0
0.45788 0.0278185 0
0.457575 0.0281556 1
0.454774 0.0266867 0
0.453438 0.0265199 0
0.452831 0.0275927 0
0.451344 0.027084 0
0.451373 0.0285926 0
0.449983 0.029241 0
0.449537 0.0299608 0
0.449161 0.0313768 0
0.450147 0.0328274 0
0.450417 0.0350946 0
0.448479 0.035042 0
0.446863 0.0350163 0
0.445541 0.0350117 0
0.445736 0.0357533 0
0.444144 0.0355908 1
0.441747 0.0369263 0
0.441058 0.0377745 0
0.438995 0.0382421 0
0.437919 0.0381955 0
0.434848 0.0387246 0
0.432813 0.0397774 0
0.431233 0.0406661 0
0.429995 0.042255 0
0.428874 0.0433803 0
0.427849 0.0441565 0
0.426634 0.0454367 0
0.4258 0.0471528 0
0.423785 0.0478325 0
0.421216 0.0485803 1
0.419587 0.0504339 0
0.416761 0.0528324 0
0.412097 0.0572085 0
0.409047 0.0591328 0
0.406169 0.0607978 0
0.402963 0.0643111 0
0.397965 0.0659642 0
0.392795 0.070925 0
0.386602 0.0721449 0
0.382667 0.0796665 0
0.376479 0.0870582 0
0.371802 0.0927359 0
0.368146 0.0954746 0
0.362392 0.0955694 0
0.358095 0.10359 1
0.346542 0.108345 0
0.344164 0.11985 0
0.336755 0.127017 0
0.334061 0.138298 0
0.322871 0.135712 0
0.315857 0.143647 0
0.314056 0.155111 0
0.303388 0.156021 0
0.295055 0.164209 0
0.287155 0.174284 0
0.284045 0.19077 0
0.279404 0.19973 0
0.266165 0.205824 0
0.254599 0.206619 0
0.246469 0.214747 1
0.238805 0.223019 0
0.231783 0.231116 0
0.225571 0.237797 0
0.219964 0.243423 0
0.213712 0.250108 0
0.207499 0.256423 0
0.201593 0.262653 0
0.19442 0.27006 0
0.187314 0.277548 0
0.179763 0.286126 0
0.173291 0.293468 0
0.167283 0.300496 0
0.161421 0.308005 0
0.155913 0.315096 1
0.150333 0.321289 0
0.14024 0.327298 0
0.137903 0.336844 0
0.134012 0.34237 0
0.134008 0.347661 0
0.129475 0.354174 0
0.123021 0.359059 0
0.123021 0.36376 0
0.120263 0.368271 0
0.112581 0.370171 0
0.109043 0.375152 0
0.108679 0.380762 0
0.105166 0.386294 0
0.102383 0.390711 0
0.101022 0.39374 1
0.102116 0.396286 0
0.102086 0.398644 0
0.10159 0.4007 0
0.102411 0.402714 0
0.103349 0.405985 0
0.101177 0.407514 0
0.0989216 0.410102 0
0.0972643 0.412785 0
0.0961681 0.415528 0
0.0936221 0.416635 0
0.0922248 0.418304 0
0.0904808 0.421505 0
0.0877152 0.422737 0
0.0862213 0.424776 0
0.0843854 0.426122 1
0.0849018 0.427228 0
0.0860787 0.430695 0
0.0901128 0.435732 0
0.0929381 0.438714 0
0.0916271 0.439574 0
0.0913344 0.441168 0
0.0958634 0.445177 0
0.0948073 0.449406 0
0.0942265 0.452894 0
0.0911048 0.458315 0
0.0657413 0.462573 0
0.065597 0.462248 0
0.0655647 0.462278 0
0.0655646 0.462273 1
0.0657915 0.463087 0
0.0662605 0.463783 0
0.0664601 0.464275 0
0.0664188 0.465545 0
0.0662809 0.466224 0
0.0668006 0.4677 0
0.0661887 0.468479 0
0.0672072 0.470302 0
0.0657924 0.469732 0
0.0649739 0.470558 0
0.0646841 0.471721 0
0.0638244 0.472336 0
0.0629714 0.472732 0
0.0618316 0.472003 0
0.0611443 0.471714 1
0.0604544 0.471913 0
0.0597901 0.471371 0
0.0591265 0.471372 0
0.0585647 0.471184 0
0.0573762 0.470984 0
0.0570757 0.469567 0
0.0558321 0.469858 0
0.0553727 0.469536 0
0.0543405 0.468655 0
0.0553833 0.46673 0
0.0604608 0.462381 0
0.0628193 0.460081 0
0.0659131 0.451765 0
0.0651277 0.45215 0
0.0644086 0.452355 1
0.0634876 0.451799 0
0.0628352 0.45102 0
0.0619799 0.450866 0
0.0607925 0.449729 0
0.059645 0.450185 0
0.0579892 0.44978 0
0.0564828 0.450186 0
0.0561382 0.451945 0
0.0590346 0.454233 0
0.0610874 0.455578 0
0.0620465 0.456527 0
0.0611301 0.456817 0
0.0608343 0.457844 0
0.0618425 0.458413 1
0.061842 0.458413 0
0.0618403 0.458415 0
0.0617123 0.458316 0
0.0626077 0.457021 0
0.00740091 0.471224 0
0 0.485711 0
0.0103899 0.498876 0
0.0691538 0.52456 0
0.069286 0.528037 0
0.0689615 0.528301 0
0.0690623 0.528427 0
0.069094 0.528484 0
0.0691023 0.528483 0
0.0691029 0.528484 0
0.0691028 0.528485 1
0.0707986 0.530093 0
0.0711649 0.533322 0
0.0710664 0.535255 0
0.0722265 0.537203 0
0.0726934 0.53981 0
0.0733608 0.542136 0
0.0745974 0.544426 0
0.074564 0.546532 0
0.0743481 0.548966 0
0.0741408 0.550866 0
0.074039 0.553052 0
0.0740266 0.554748 0
0.0738504 0.557053 0
0.0735732 0.558556 1
0.0734953 0.559022 0
0.0728455 0.5592 0
0.0725261 0.559557 0
0.0725541 0.560057 0
0.0730339 0.56056 0
0.0730107 0.560972 0
0.0727794 0.561346 0
0.0722653 0.561689 0
0.0720325 0.561993 0
0.0720483 0.562416 0
0.0721076 0.562806 0
0.072181 0.562988 0
0.0723619 0.563313 0
0.0723049 0.563603 0
0.0726151 0.563783 1
0.0726113 0.564075 0
0.0724979 0.564243 0
0.0724806 0.564427 0
0.0723961 0.564678 0
0.0722895 0.56524 0
0.072348 0.565544 0
0.0724171 0.565917 0
0.072276 0.566339 0
0.0723907 0.566747 0
0.0727065 0.567131 0
0.0726619 0.568023 0
0.073329 0.568185 0
0.0734733 0.5689 0
0.0742717 0.568854 0
0.075166 0.569038 1
0.0775517 0.573959 0
0.0783829 0.576813 0
0.0811928 0.579127 0
0.0837259 0.585193 0
0.0875338 0.58713 0
0.0928502 0.589839 0
0.0970039 0.593131 0
0.101251 0.596879 0
0.107618 0.599425 0
0.109606 0.605552 0
0.116187 0.612175 0
0.124317 0.61385 0
0.130062 0.618801 0
0.132275 0.624736 1
0.13876 0.631225 0
0.144911 0.637507 0
0.152186 0.644454 0
0.160493 0.652971 0
0.167162 0.659717 0
0.17496 0.666782 0
0.183248 0.674282 0
0.191686 0.682263 0
0.200715 0.690296 0
0.209321 0.697891 0
0.21662 0.706638 0
0.224929 0.712043 0
0.234622 0.718267 0
0.242511 0.72367 0
0.252373 0.73119 1
0.262637 0.739342 0
0.271554 0.746187 0
0.281128 0.753101 0
0.285139 0.765909 0
0.291785 0.773713 0
0.302702 0.775188 0
0.312137 0.783814 0
0.323498 0.791288 0
0.334652 0.798638 0
0.345013 0.806924 0
0.360776 0.80197 0
0.370036 0.811339 0
0.374986 0.826661 0
0.385863 0.822679 0
0.393865 0.832547 1
0.404383 0.834196 0
0.412279 0.840975 0
0.423661 0.836348 0
0.431612 0.83392 0
0.437442 0.83381 0
0.446925 0.834282 0
0.44862 0.861928 0
0.45712 0.858883 0
0.462848 0.865864 0
0.468275 0.873508 0
0.47308 0.878332 0
0.478567 0.882089 0
0.483573 0.885273 0
0.488872 0.889264 1
0.493629 0.888813 0
0.498852 0.890127 0
0.505233 0.891712 0
0.510122 0.89447 0
0.512421 0.897353 0
0.516424 0.898002 0
0.519576 0.902442 0
0.523302 0.905179 0
0.529383 0.911012 0
0.531358 0.911364 0
0.533047 0.91486 0
0.535623 0.915744 0
0.537559 0.917977 0
0.540013 0.920951 0
0.542228 0.922766 1
0.542276 0.922993 0
0.542293 0.923176 0
0.542267 0.922865 0
0.542343 0.923418 0
0.542764 0.923693 0
0.542676 0.924492 0
0.540689 0.925137 0
0.56367 0.934739 0
0.564157 0.932919 0
0.564461 0.933124 0
0.565032 0.933478 0
0.563812 0.933504 0
0.563856 0.933454 0
0.563804 0.93359 1
0.563988 0.93384 0
0.564637 0.935142 0
0.565524 0.937887 0
0.567264 0.939704 0
0.56716 0.939857 0
0.567493 0.941703 0
0.567827 0.944537 0
0.568221 0.94605 0
0.567929 0.948904 0
0.567002 0.951561 0
0.564983 0.950977 0
0.561755 0.955832 0
0.559269 0.9582 0
0.55833 0.949715 0
0.556392 0.948809 1
0.554346 0.951633 0
0.553136 0.951048 0
0.552747 0.949866 0
0.55113 0.950396 0
0.551503 0.949088 0
0.550208 0.948916 0
0.551628 0.946692 0
0.551321 0.945649 0
0.551453 0.944959 0
0.552802 0.943876 0
0.552411 0.943409 0
0.551966 0.942724 0
0.551814 0.942454 0
0.551809 0.942049 0
0.552176 0.941445 1
0.55194 0.940857 0
0.551907 0.94088 0
0.551896 0.940753 0
0.551634 0.939581 0
0.552063 0.936603 0
0.552672 0.935687 0
0.557496 0.931054 0
0.557934 0.929955 0
0.557874 0.929764 0
0.558173 0.929448 0
0.558318 0.929223 0
0.558369 0.929038 0
0.558614 0.928719 0
0.558634 0.928649 1
0.558567 0.928319 0
0.558464 0.928226 0
0.557654 0.926797 0
0.563837 0.919398 0
0.565994 0.919317 0
0.572904 0.918884 0
0.576068 0.920174 0
0.575695 0.919918 0
0.576012 0.919207 0
0.577761 0.921112 0
0.578128 0.921736 0
0.57813 0.921823 0
0.578137 0.921837 0
0.578136 0.921838 0
0.578135 0.921838 1
0.57921 0.92212 0
0.581992 0.918426 0
0.582823 0.920284 0
0.583468 0.921357 0
0.585586 0.920575 0
0.587128 0.921096 0
0.588389 0.920874 0
0.590192 0.920814 0
0.591395 0.921464 0
0.593075 0.922038 0
0.595365 0.92205 0
0.597178 0.922113 0
0.596851 0.924586 0
0.601224 0.923878 0
0.604214 0.922013 1
0.606055 0.921484 0
0.608341 0.919897 0
0.609637 0.922487 0
0.611634 0.919358 0
0.613905 0.919022 0
0.615608 0.914017 0
0.617417 0.912994 0
0.618992 0.912217 0
0.620891 0.913235 0
0.621984 0.911412 0
0.622833 0.910004 0
0.624233 0.908261 0
0.625668 0.907718 0
0.626574 0.90672 1
0.629831 0.909786 0
0.632026 0.907273 0
0.633711 0.904997 0
0.635079 0.902691 0
0.63723 0.904079 0
0.638832 0.900437 0
0.640426 0.896113 0
0.641756 0.893689 0
0.643955 0.890784 0
0.646071 0.888569 0
0.647694 0.885444 0
0.648663 0.88451 0
0.65057 0.882495 0
0.653022 0.881204 0
0.654636 0.879568 1
0.657621 0.875466 0
0.661793 0.871215 0
0.666122 0.866727 0
0.665749 0.861952 0
0.668563 0.858511 0
0.675317 0.854734 0
0.67532 0.848345 0
0.682856 0.845366 0
0.689845 0.842117 0
0.691535 0.837011 0
0.696685 0.834152 0
0.708769 0.829374 0
0.712109 0.822671 0
0.71576 0.817388 0
0.720173 0.812714 1
0.726927 0.806174 0
0.732902 0.799948 0
0.738513 0.79402 0
0.7446 0.787208 0
0.751759 0.779279 0
0.759922 0.771375 0
0.76713 0.763057 0
0.775756 0.753646 0
0.784042 0.743992 0
0.791822 0.734562 0
0.799402 0.72512 0
0.80721 0.715719 0
0.814411 0.707227 0
0.821773 0.698555 1
0.829086 0.689677 0
0.836003 0.680877 0
0.844573 0.668725 0
0.848108 0.65569 0
0.85584 0.646139 0
0.859669 0.637473 0
0.87135 0.63388 0
0.874217 0.623764 0
0.879037 0.613068 0
0.886593 0.608175 0
0.894004 0.602426 0
0.899509 0.595789 0
0.907234 0.590476 0
0.910329 0.585875 0
0.913977 0.58083 1
0.91328 0.57987 0
0.912944 0.578338 0
0.911585 0.576463 0
0.90889 0.572182 0
0.910048 0.569511 0
0.906259 0.566216 0
0.903857 0.559418 0
0.905258 0.549703 0
0.900149 0.554586 0
0.950121 0.515405 0
0.951974 0.514689 0
0.952697 0.514916 0
0.95252 0.514514 0
0.953146 0.514621 1
0.95318 0.51454 0
0.953147 0.514586 0
0.953147 0.514588 0
0.953155 0.514631 0
0.952906 0.514337 0
0.95231 0.512895 0
0.945355 0.511729 0
0.96527 0.47673 0
0.969076 0.469461 0
0.971215 0.454776 0
0.968631 0.455424 0
0.968491 0.45518 0
0.968489 0.455177 0
0.968488 0.455177 0
0.968488 0.455177 1
0.96859 0.454803 0
0.968424 0.454356 0
0.968407 0.453924 0
0.968406 0.45361 0
0.968247 0.452957 0
0.968572 0.452122 0
0.968543 0.451467 0
0.965249 0.438686 0
0.964595 0.439298 0
0.964641 0.439199 0
0.964584 0.439257 0
0.964538 0.439304 0
0.964562 0.43936 0
0.964505 0.439585 0
0.964431 0.439687 1
0.964382 0.43985 0
0.964256 0.43999 0
0.964254 0.44014 0
0.963908 0.440165 0
0.964213 0.440396 0
0.96424 0.440527 0
0.964266 0.440723 0
0.964385 0.440873 0
0.964505 0.441018 0
0.964484 0.441106 0
0.964403 0.44126 0
0.964511 0.441394 0
0.964507 0.441515 0
0.964464 0.441581 1
0.964444 0.441764 0
0.964429 0.441831 0
0.964368 0.441992 0
0.964359 0.442293 0
0.964096 0.442675 0
0.964077 0.442951 0
0.963845 0.443554 0
0.963882 0.44652 0
0.940373 0.460861 0
0.961816 0.483341 0
0.967062 0.479717 0
0.966384 0.479701 0
0.96646 0.479546 0
0.966456 0.479526 0
0.966463 0.479519 1
0.966532 0.479448 0
0.966652 0.479433 0
0.966738 0.479264 0
0.966785 0.479121 0
0.967046 0.479155 0
0.967127 0.478952 0
0.967199 0.478829 0
0.967128 0.478666 0
0.967321 0.478525 0
0.967368 0.478347 0
0.967494 0.478171 0
0.967444 0.477998 0
0.967429 0.477807 0
0.967395 0.477604 0
0.967324 0.477404 1
0.967365 0.477316 0
0.967306 0.477263 0
0.96734 0.477148 0
0.967233 0.477118 0
0.967229 0.477031 0
0.967132 0.476997 0
0.96733 0.476751 0
0.967511 0.476447 0
0.967239 0.476446 0
0.966529 0.477091 0
0.966604 0.476853 0
0.966604 0.476762 0
0.966627 0.476647 0
0.966596 0.476577 1
0.96659 0.476572 0
0.966571 0.476541 0
0.966536 0.476482 0
0.966579 0.476532 0
0.966535 0.476445 0
0.966517 0.476035 0
0.966085 0.473764 0
0.975697 0.481589 0
0.974456 0.483427 0
0.974135 0.483787 0
0.974004 0.483824 0
0.974091 0.484114 0
0.974264 0.484452 0
0.974308 0.484492 0
0.974322 0.484522 1
0.974622 0.484768 0
0.975061 0.484946 0
0.975212 0.485306 0
0.97554 0.486095 0
0.975728 0.486357 0
0.976161 0.486747 0
0.976418 0.486993 0
0.976413 0.487425 0
0.977501 0.487096 0
0.977734 0.487399 0
0.978583 0.487561 0
0.978971 0.487902 0
0.979777 0.487802 0
0.980359 0.487761 1
0.980361 0.487775 0
0.980355 0.48789 0
0.980376 0.488081 0
0.980367 0.488165 0
0.980368 0.48819 0
0.980319 0.488363 0
0.980383 0.488565 0
0.980335 0.488948 0
0.980171 0.489245 0
0.981049 0.498489 0
0.983015 0.499489 0
0.983839 0.499697 0
0.983886 0.499716 0
0.983907 0.499724 0
0.983909 0.499726 1
0.983896 0.500587 0
0.983932 0.50116 0
0.984182 0.501804 0
0.983524 0.5028 0
0.984018 0.502807 0
0.983769 0.503626 0
0.983915 0.504655 0
0.983917 0.505409 0
0.983315 0.506535 0
0.983657 0.506872 0
0.98395 0.507692 0
0.9831 0.508766 0
0.984514 0.508323 0
0.984436 0.509054 0
0.984615 0.509504 1
0.984678 0.509564 0
0.985049 0.509776 0
0.98531 0.509819 0
0.98656 0.510105 0
0.987908 0.509726 0
0.989821 0.509509 0
0.997689 0.502994 0
0.991624 0.495039 0
0.986528 0.492762 0
0.986451 0.492146 0
0.985357 0.491226 0
0.985479 0.490986 0
0.985148 0.490723 0
0.984896 0.490301 1
0.984915 0.490299 0
0.984928 0.490174 0
0.985347 0.48976 0
0.987776 0.489171 0
0.997469 0.485009 0
0.998316 0.451885 0
1 0.454222 0
0.999832 0.456242 0
0.985605 0.447575 0
0.984916 0.44677 0
0.992344 0.455844 0
0.979246 0.416272 0
0.979255 0.417384 0
0.979075 0.417417 0
0.979042 0.417358 1
0.979635 0.417602 0
0.983751 0.419937 0
0.970906 0.38591 0
0.960561 0.373919 0
0.96041 0.376936 0
0.960321 0.376729 0
0.96028 0.376747 0
0.960213 0.376824 0
0.96019 0.376857 0
0.96014 0.376929 0
0.960099 0.376964 0
0.960102 0.376969 0
0.960077 0.376991 0
0.960041 0.377055 0
0.960034 0.377061 1
0.960021 0.377098 0
0.960083 0.377173 0
0.959941 0.377133 0
0.95991 0.377139 0
0.960308 0.377251 0
0.959788 0.377126 0
0.961462 0.377912 0
0.96154 0.377786 0
0.959479 0.377093 0
0.961111 0.377605 0
0.965535 0.38301 0
0.966097 0.382908 0
0.966126 0.38331 0
0.966061 0.383484 1
0.966034 0.383552 0
0.966008 0.383697 0
0.966064 0.384035 0
0.965938 0.384483 0
0.967943 0.386046 0
0.972375 0.399949 0
0.97377 0.400476 0
0.974914 0.406161 0
0.975389 0.406164 0
0.974993 0.402719 0
0.974759 0.404788 0
0.97481 0.404451 0
0.974328 0.404102 0
0.974595 0.403894 0
0.974412 0.403723 1
0.974413 0.403723 0
0.974421 0.403726 0
0.974378 0.403728 0
0.97433 0.403807 0
0.974676 0.404102 0
0.974533 0.403219 0
0.974739 0.403165 0
0.974549 0.404889 0
0.974451 0.405145 0
0.974316 0.405068 0
0.974197 0.401889 0
0.97434 0.402027 0
0.976439 0.407443 0
0.974377 0.410933 0
0.973235 0.411619 1
