0.849453 0.150337 1
0.864772 0.12796 0
0.880185 0.105045 0
0.893338 0.0857957 0
0.908243 0.0724157 0
0.92261 0.0585181 0
0.940077 0.0408464 0
0.952138 0.0337093 0
0.96485 0.0299181 0
0.975474 0.0274829 0
0.983 0.0273674 0
0.991432 0.0303734 0
0.997605 0.0349158 0
0.999383 0.041223 0
1 0.0513767 0
0.998893 0.0638699 1
0.995979 0.080363 0
0.993486 0.096213 0
0.979523 0.122837 0
0.967144 0.146895 0
0.953893 0.174095 0
0.936662 0.203421 0
0.921738 0.225283 0
0.9037 0.257726 0
0.879315 0.300009 0
0.849887 0.346574 0
0.817135 0.394293 0
0.786179 0.435838 0
0.756017 0.469111 0
0.731383 0.492026 0
0.715026 0.510456 1
0.699213 0.527275 0
0.683012 0.541494 0
0.666382 0.552717 0
0.647921 0.562274 0
0.62561 0.569686 0
0.599219 0.576782 0
0.576518 0.57971 0
0.55538 0.579154 0
0.529223 0.581233 0
0.50464 0.578048 0
0.48111 0.570749 0
0.456392 0.565597 0
0.435585 0.55757 0
0.414321 0.545758 0
0.392522 0.534232 1
0.376899 0.523266 0
0.360038 0.508975 0
0.336679 0.495425 0
0.317022 0.479749 0
0.299145 0.461105 0
0.279779 0.441007 0
0.261545 0.419725 0
0.246472 0.395822 0
0.233808 0.369999 0
0.222307 0.343995 0
0.206247 0.316014 0
0.184322 0.282853 0
0.167813 0.252634 0
0.157628 0.227228 0
0.143232 0.197991 0
0.128118 0.166416 1
0.106424 0.130113 0
0.0991111 0.104649 0
0.0938703 0.0894338 0
0.0902092 0.0809255 0
0.0847411 0.0724451 0
0.0814099 0.0643884 0
0.0795801 0.0621473 0
0.0723266 0.0558885 0
0.0691274 0.0518924 0
0.066267 0.0529633 0
0.0621827 0.0494442 0
0.05898 0.0561872 0
0.0579311 0.0575005 0
0.0573389 0.0628668 0
0.0551246 0.0717863 1
0.0537714 0.0723729 0
0.0534885 0.0822125 0
0.0552852 0.0933745 0
0.0515567 0.0997877 0
0.0467048 0.105387 0
0.0583336 0.13247 0
0.078074 0.160184 0
0.0930749 0.186203 0
0.1073 0.211133 0
0.122202 0.232002 0
0.135689 0.247686 0
0.151952 0.257372 0
0.171228 0.265167 0
0.191493 0.272761 0
0.209472 0.280982 1
0.227536 0.289553 0
0.241849 0.298856 0
0.249908 0.311138 0
0.258443 0.322291 0
0.268642 0.334991 0
0.281496 0.346518 0
0.299311 0.353556 0
0.32069 0.359232 0
0.343463 0.365455 0
0.366506 0.371172 0
0.392833 0.372842 0
0.41396 0.377537 0
0.42986 0.389481 0
0.449336 0.402024 0
0.470698 0.408706 1
0.494718 0.408164 0
0.522478 0.403876 0
0.546263 0.396267 0
0.565324 0.387597 0
0.585977 0.376479 0
0.606314 0.363649 0
0.627726 0.355474 0
0.659232 0.343005 0
0.682144 0.325877 0
0.705747 0.30893 0
0.726312 0.295471 0
0.739303 0.287075 0
0.757474 0.268181 0
0.78336 0.243468 0
0.804411 0.227283 0
0.825007 0.208428 1
0.840954 0.191734 0
0.85664 0.173307 0
0.870298 0.15628 0
0.882515 0.13799 0
0.899619 0.115582 0
0.917045 0.0927997 0
0.933248 0.0719504 0
0.946554 0.0566333 0
0.949555 0.0545229 0
0.956327 0.0477075 0
0.960109 0.0435678 0
0.963951 0.0437688 0
0.96641 0.0437197 0
0.967083 0.0443591 0
0.969258 0.0487621 1
0.973463 0.0510068 0
0.974723 0.0553953 0
0.97613 0.0638007 0
0.972596 0.0807398 0
0.95891 0.108808 0
0.945105 0.134411 0
0.934238 0.160361 0
0.921221 0.191264 0
0.900002 0.225861 0
0.870053 0.270904 0
0.851548 0.305944 0
0.837998 0.335722 0
0.819742 0.369994 0
0.792767 0.411498 0
0.76459 0.448144 1
0.739099 0.477696 0
0.715501 0.502505 0
0.692306 0.52592 0
0.670677 0.544203 0
0.653424 0.556192 0
0.635981 0.564148 0
0.612511 0.572233 0
0.576227 0.578473 0
0.555439 0.579113 0
0.529026 0.578706 0
0.49917 0.57205 0
0.466931 0.566962 0
0.439582 0.555088 0
0.41765 0.54605 0
0.397708 0.542155 1
0.372446 0.533965 0
0.350053 0.524092 0
0.32826 0.511002 0
0.306684 0.496066 0
0.286557 0.478442 0
0.270081 0.462654 0
0.250546 0.445929 0
0.22731 0.422098 0
0.211918 0.39855 0
0.197233 0.375185 0
0.191099 0.363077 0
0.188949 0.346783 0
0.188562 0.323568 0
0.141993 0.278918 0
0.121 0.239982 0
0.100952 0.202297 1
0.0904448 0.175226 0
0.0808939 0.148177 0
0.0701622 0.120968 0
0.0532965 0.0846771 0
0.0510356 0.0665889 0
0.0472863 0.0503556 0
0.0417409 0.0396037 0
0.0401953 0.0289192 0
0.0418552 0.0175043 0
0.0416841 0.0110271 0
0.0401248 0.00800309 0
0.0383217 0.00339835 0
0.0340464 0.00240342 0
0.0303498 0 0
0.0241481 0.000798171 1
0.0178479 0.00347778 0
0.0142809 0.00659301 0
0.0112264 0.0108938 0
0.00810527 0.0146314 0
0.00544505 0.017062 0
0.0042213 0.0200854 0
0.00307006 0.02558 0
0.0018341 0.0306759 0
0 0.0355627 0
0.000976747 0.0428444 0
0.015437 0.0661993 0
0.0344956 0.0954743 0
0.049757 0.123144 0
0.0672737 0.152203 0
0.0778306 0.172833 1
0.0906505 0.191058 0
0.106979 0.205392 0
0.12914 0.21819 0
0.148796 0.231698 0
0.161296 0.2434 0
0.17232 0.25265 0
0.185773 0.261623 0
0.196767 0.271679 0
0.206356 0.281043 0
0.221578 0.292273 0
0.23461 0.30301 0
0.243868 0.316433 0
0.271879 0.327497 0
0.292532 0.337133 0
0.316472 0.33987 1
0.336426 0.344589 0
0.357492 0.352386 0
0.375009 0.36401 0
0.394193 0.372662 0
0.418902 0.374878 0
0.440721 0.382799 0
0.466903 0.382878 0
0.488619 0.38383 0
0.511821 0.38119 0
0.530266 0.385125 0
0.558803 0.368147 0
0.586809 0.356692 0
0.609005 0.351594 0
0.634081 0.340567 0
0.662767 0.322044 0
0.692524 0.296127 1
0.706095 0.29426 0
0.731481 0.272968 0
0.752703 0.255966 0
0.773912 0.233061 0
0.790766 0.210209 0
0.804397 0.193194 0
0.818814 0.170357 0
0.830008 0.140076 0
0.84246 0.111585 0
0.851673 0.0961124 0
0.861009 0.0810724 0
0.879052 0.0589069 0
0.894073 0.0383749 0
0.898513 0.0378653 0
0.902956 0.0340025 1
0.90911 0.0268014 0
0.917563 0.0241924 0
0.926831 0.0222959 0
0.935192 0.0218337 0
0.942566 0.0254863 0
0.951061 0.0317415 0
0.95825 0.0363096 0
0.964785 0.0406366 0
0.973493 0.0496164 0
0.979754 0.0664396 0
0.975008 0.0969718 0
0.968044 0.132835 0
0.958781 0.165065 0
0.953026 0.188029 0
0.937003 0.216102 1
0.916589 0.254696 0
0.89401 0.29473 0
0.879021 0.333125 0
0.855656 0.374768 0
0.837961 0.409356 0
0.822102 0.43561 0
0.808669 0.459817 0
0.789365 0.480692 0
0.772598 0.489456 0
0.762784 0.518988 0
0.748157 0.516851 0
0.73612 0.539047 0
0.72897 0.530589 0
0.709024 0.534893 0
0.686328 0.54095 1
0.667412 0.543562 0
0.645423 0.546543 0
0.607563 0.556312 0
0.584311 0.55276 0
0.558542 0.5489 0
0.510973 0.547661 0
0.471668 0.539545 0
0.452559 0.534424 0
0.431034 0.5195 0
0.415878 0.517126 0
0.386326 0.504062 0
0.363127 0.482925 0
0.320495 0.455306 0
0.30486 0.4282 0
0.279096 0.402867 0
0.258508 0.362517 1
