0.567357 0.428404 1
0.567357 0.428404 0
0.567357 0.428404 0
0.567357 0.428404 0
0.943302 0.61205 0
0.972007 0.616189 0
0.958698 0.625118 0
0.926443 0.641371 0
0.911791 0.662484 0
0.907438 0.678577 0
0.88241 0.695289 0
0.858808 0.710795 0
0.839302 0.716809 0
0.817829 0.729164 0
0.787246 0.746436 0
0.764324 0.762544 0
0.733997 0.763165 1
0.69929 0.783575 0
0.6806 0.816854 0
0.645729 0.843872 0
0.602808 0.869348 0
0.566656 0.886718 0
0.53291 0.902007 0
0.484337 0.906679 0
0.44065 0.951121 0
0.387696 0.965842 0
0.327718 0.932693 0
0.295576 0.925346 0
0.27577 0.911348 0
0.247794 0.893901 0
0.217065 0.878377 0
0.19395 0.857406 0
0.16833 0.840897 1
0.137717 0.843928 0
0.123946 0.817532 0
0.0997912 0.792434 0
0.0735684 0.784344 0
0.0553897 0.756636 0
0.0425172 0.724965 0
0.0349473 0.674739 0
0.0326899 0.643734 0
0.0386223 0.591608 0
0.0361093 0.536426 0
0.0466129 0.509359 0
0.0330915 0.468724 0
0.0393784 0.428046 0
0.0443979 0.394796 0
0.0340177 0.366085 0
0.0583549 0.32752 0
0.0660831 0.304985 1
0.0662703 0.290641 0
0.0677524 0.279358 0
0.0816 0.267223 0
0.093487 0.253657 0
0.107881 0.243409 0
0.121776 0.228203 0
0.140851 0.227594 0
0.157 0.224474 0
0.177243 0.218842 0
0.196032 0.222787 0
0.21862 0.227513 0
0.232664 0.216427 0
0.263847 0.225917 0
0.281095 0.21634 0
0.320087 0.216378 0
0.339237 0.217562 1
0.344704 0.213904 0
0.35958 0.184693 0
0.400916 0.122973 0
0.395676 0.140309 0
0.4985 0.0292823 0
0.59134 0.030304 0
0.722089 0 0
0.751214 0.05587 0
0.808243 0.0846007 0
0.838501 0.134163 0
0.865799 0.350331 0
0.855466 0.346359 0
0.859319 0.351555 0
0.860327 0.357747 0
0.864125 0.362706 0
0.865001 0.363394 1
0.884289 0.371667 0
0.898854 0.381059 0
0.911176 0.397174 0
0.923417 0.408928 0
0.943434 0.426146 0
0.953805 0.444729 0
0.961972 0.456029 0
0.965987 0.475822 0
0.977855 0.498298 0
1 0.519784 0
0.997338 0.539816 0
0.98559 0.563881 0
0.979788 0.581738 0
0.967441 0.602767 0
0.962522 0.611122 0
0.949937 0.619924 0
0.940687 0.630621 1
0.932353 0.657121 0
0.91146 0.678675 0
0.888197 0.680445 0
0.864335 0.695585 0
0.844445 0.707333 0
0.815781 0.721241 0
0.797982 0.726555 0
0.784981 0.72721 0
0.749264 0.73899 0
0.704497 0.789636 0
0.647606 0.81227 0
0.603931 0.836048 0
0.568365 0.853851 0
0.527524 0.875742 0
0.496686 0.877376 0
0.454306 0.8905 1
0.430917 0.89781 0
0.363358 0.902629 0
0.333926 0.923101 0
0.295943 0.910722 0
0.2464 0.915034 0
0.203201 0.90184 0
0.168429 0.887187 0
0.131138 0.880455 0
0.119188 0.837133 0
0.0918075 0.797431 0
0.0486788 0.791888 0
0.0263194 0.770988 0
0.0125149 0.737851 0
0.0120329 0.705711 0
0.0045753 0.657565 0
0.00343491 0.617728 0
0 0.587039 1
