0.972048 0.31772 1
0.97488 0.296055 0
0.985752 0.289033 0
0.979623 0.282536 0
0.950011 0.24037 0
0.916195 0.196586 0
0.901518 0.168864 1
0.875108 0.159314 0
0.853355 0.134178 0
0.820345 0.109148 0
0.781911 0.0783126 0
0.74369 0.0545009 0
0.708883 0.0356874 1
0.674458 0.0208894 0
0.625662 0.0169074 0
0.569676 0.0113886 0
0.510927 0.0084729 0
0.447872 0.00274882 0
0.391904 0 0
0.348248 0.000137843 0
0.309947 0.00439047 0
0.274737 0.00938979 0
0.242466 0.0175598 1
0.224665 0.0462475 0
0.204583 0.0670944 0
0.182196 0.0869722 0
0.157861 0.107361 0
0.135582 0.125892 0
0.117992 0.142768 0
0.0943185 0.16709 0
0.0650633 0.186179 1
0.0587459 0.206002 0
0.0544547 0.227367 0
0.0452754 0.252211 0
0.0376621 0.28188 0
0.0316119 0.314799 0
0.0286793 0.349377 0
0.0193245 0.393583 0
0.00989177 0.425321 0
0.00207515 0.457393 0
0 0.494142 0
0.000112369 0.528904 0
0.000365465 0.560336 0
0.00687357 0.590598 0
0.0113433 0.618473 0
0.0191894 0.642688 0
0.0304619 0.669121 0
0.0398228 0.699692 0
0.0504964 0.729404 1
0.0563296 0.733642 0
0.0654982 0.74421 0
0.0743671 0.754357 0
0.0905285 0.778137 0
0.109825 0.802908 0
0.136232 0.821171 0
0.169718 0.835865 0
0.205925 0.843012 0
0.251679 0.852389 0
0.31771 0.873347 0
0.383447 0.901821 0
0.441179 0.931524 1
0.49367 0.940681 0
0.554991 0.953583 0
0.614961 0.966285 0
0.665089 0.971295 0
0.699263 0.965939 0
0.72109 0.952803 0
0.748127 0.94353 0
0.788665 0.94192 0
0.82527 0.938765 0
0.847152 0.925686 0
0.863527 0.909726 0
0.871707 0.893953 0
0.886161 0.878923 0
0.908733 0.858321 0
0.923306 0.840002 0
0.927994 0.82273 0
0.943688 0.806727 0
0.956957 0.783185 0
0.958799 0.748583 0
0.966114 0.708807 0
0.979338 0.670498 0
0.982136 0.631408 0
0.972196 0.592595 0
0.962338 0.55475 0
0.960649 0.510643 0
0.962125 0.468723 0
0.964422 0.431085 0
0.962906 0.394891 0
0.959532 0.374323 0
0.95586 0.347057 0
0.950852 0.32014 0
0.936933 0.287596 1
0.925361 0.263388 0
0.923904 0.246336 0
0.906958 0.228125 0
0.877211 0.191288 0
0.844216 0.153005 0
0.838131 0.134102 0
0.822322 0.115968 0
0.798413 0.0867846 0
0.775555 0.0664194 0
0.756675 0.0604464 0
0.714483 0.0562843 0
0.68258 0.0573157 0
0.652925 0.0518516 0
0.617732 0.0360964 1
0.553555 0.0380432 0
0.4748 0.029945 0
0.418469 0.0437445 0
0.38464 0.0535108 0
0.351376 0.0455167 0
0.331888 0.0406889 1
0.305717 0.0668351 0
0.267695 0.0779447 0
0.225251 0.0691332 0
0.189473 0.0736562 0
0.16196 0.0884996 0
0.138454 0.107027 0
0.117485 0.128957 0
0.0936781 0.145336 0
0.0692668 0.165288 0
0.0558411 0.194485 0
0.0455171 0.230979 0
0.0397875 0.263691 0
0.0369287 0.303539 0
0.0337897 0.331649 0
0.0299753 0.359544 0
0.0219104 0.387068 0
0.0154612 0.411441 0
0.0154443 0.435469 1
0.0215916 0.478325 0
0.0179072 0.508505 0
0.0128214 0.537817 0
0.0150318 0.567721 0
0.0198641 0.580759 0
0.0203613 0.598233 1
0.0433358 0.62836 0
0.0588209 0.651135 0
0.0643106 0.667275 0
0.0715005 0.688649 0
0.0847821 0.709896 0
0.100359 0.733561 0
0.106116 0.74664 0
0.11182 0.762005 0
0.124832 0.794617 0
0.137827 0.824568 1
0.162799 0.842328 0
0.192708 0.853978 0
0.236769 0.862142 0
0.274439 0.855901 0
0.302424 0.858179 0
0.344467 0.877309 0
0.394375 0.90463 0
0.511886 0.969422 0
0.570991 0.987575 0
0.617608 0.994994 0
0.653033 1 0
0.589144 0.942077 1
0.603376 0.924218 0
0.633225 0.914046 0
0.640494 0.890225 0
0.686908 0.895361 0
0.714589 0.883403 0
0.750859 0.8855 1
0.781634 0.856178 0
0.813383 0.840796 0
0.83965 0.819916 0
0.853103 0.784569 0
0.866057 0.748041 0
0.881885 0.713017 0
0.899752 0.691653 0
0.889346 0.631202 0
