0.872361 0.0293872 0
0.904847 0.0296547 0
0.903774 0.0297698 0
0.897838 0.0301211 0
0.900204 0.0299086 0
0.899128 0.0301626 0
0.897566 0.0301965 0
0.898377 0.0302033 0
0.899063 0.030094 0
0.899035 0.0300931 0
0.899386 0.0301166 0
0.898703 0.030263 0
0.895885 0.0307244 0
0.899176 0.0301006 0
0.896026 0.0305187 0
0.896163 0.0304823 0
0.898049 0.030189 0
0.896747 0.0302807 0
0.896748 0.0302779 1
0.896941 0.0302649 0
0.897105 0.030286 0
0.896651 0.0304022 0
0.896524 0.030369 0
0.896479 0.0304432 0
0.89665 0.030412 0
0.896593 0.0304687 0
0.896417 0.0304384 0
0.896681 0.0304078 0
0.896445 0.0304068 0
0.896632 0.0303657 0
0.896379 0.030385 0
0.89637 0.0303772 0
0.896132 0.0303324 0
0.895917 0.0304096 0
0.895431 0.0305025 0
0.895764 0.0304281 0
0.895543 0.0304815 0
0.895556 0.0306105 0
0.895471 0.0305926 0
0.89553 0.0305348 0
0.895251 0.0304875 0
0.895371 0.0305452 0
0.895105 0.0308023 0
0.894914 0.0306287 0
0.895338 0.0307985 0
0.894819 0.030448 0
0.895069 0.0306559 0
0.894919 0.030619 0
0.894042 0.0306549 0
0.894062 0.0306822 0
0.89389 0.03081 0
0.893608 0.0309285 0
0.892315 0.0305618 0
0.892717 0.0312812 0
0.890883 0.0310641 1
0.894286 0.0300955 0
0.891313 0.0305399 0
0.891039 0.0309146 0
0.890898 0.0310518 0
0.89088 0.0310518 0
0.8908 0.0310329 0
0.890825 0.0310393 0
0.890867 0.031012 0
0.890849 0.0310582 0
0.89079 0.0310147 0
0.890765 0.0309443 0
0.890797 0.0309144 0
0.890729 0.0309264 0
0.890711 0.0309839 0
0.890685 0.0309148 0
0.890695 0.0308655 0
0.890617 0.030896 0
0.890632 0.0310061 0
0.890695 0.0310274 0
0.890628 0.0310195 0
0.89063 0.0311212 0
0.890653 0.0310145 0
0.890598 0.0312854 0
0.890457 0.0310603 0
0.890167 0.0313069 0
0.889859 0.0313227 0
0.889586 0.0314844 0
0.889098 0.0311151 0
0.888716 0.0315003 0
0.888106 0.0317914 0
0.887373 0.0315024 0
0.886982 0.0313419 0
0.886905 0.0312912 0
0.886492 0.0311136 0
0.88612 0.0310867 0
0.885946 0.0313935 0
0.885951 0.0314248 0
0.88528 0.0311741 0
0.885335 0.0310637 0
0.884865 0.0310848 0
0.88479 0.0312061 0
0.88505 0.0314953 0
0.88466 0.0314197 0
0.884137 0.0312027 0
0.883697 0.0311605 0
0.883248 0.0313134 0
0.882155 0.0314357 0
0.882132 0.0314301 0
0.881201 0.0315587 0
0.880611 0.0315623 1
0.88048 0.0301675 0
0.934141 0.0290417 0
0.945801 0.0270546 0
0.950476 0.0267856 0
0.95565 0.0261396 0
0.953085 0.0256682 0
0.948589 0.0258975 0
0.941679 0.0262671 0
0.944886 0.0259435 0
0.944395 0.0261218 0
0.957112 0.0249505 0
0.953569 0.0259362 0
0.963369 0.0249485 0
0.967627 0.0215943 0
0.870288 0.0254061 0
0.871171 0.0348523 0
0.87063 0.0343503 0
0.870599 0.0343864 0
0.870593 0.0343827 0
0.870593 0.0343829 0
0.870593 0.0343829 0
0.870593 0.0343829 1
0.998638 0.0217168 0
0.98258 0.024856 0
0.989138 0.0241038 0
0.964217 0.0263744 0
0.879296 0.0273906 0
0.988312 0.0251081 0
0.998639 0.0234927 0
1 0.0229548 0
0.999883 0.0227064 0
0.996214 0.0233535 0
0.993268 0.0221554 0
0.994783 0.0227609 0
0.871233 0.0267282 0
0.860896 0.0366477 0
0.862341 0.0352391 0
0.861389 0.03465 0
0.860953 0.0350079 0
0.860217 0.0349116 1
0.859827 0.0346928 0
0.858054 0.0350344 0
0.857783 0.0352097 0
0.857495 0.0350834 0
0.85691 0.0348279 0
0.855936 0.034999 0
0.855301 0.0351797 0
0.854471 0.0353381 0
0.854156 0.0348529 0
0.85256 0.035591 0
0.851972 0.0356938 0
0.850855 0.0358318 1
0.850563 0.0359179 0
0.850133 0.0357723 0
0.849638 0.036083 0
0.849373 0.0360836 0
0.848837 0.0365457 0
0.848268 0.0364736 0
0.847659 0.0369413 0
0.847129 0.0376079 0
0.846341 0.0377706 0
0.845948 0.0382109 0
0.84516 0.0386114 0
0.843871 0.0390277 1
0.842951 0.0387627 0
0.842425 0.0393679 0
0.841513 0.039095 0
0.84085 0.038725 0
0.840231 0.0386539 0
0.839095 0.0388622 1
0.83803 0.0393735 0
0.838126 0.0395629 0
0.836626 0.0395411 0
0.835548 0.0399804 0
0.834764 0.0405444 0
0.83421 0.0408486 0
0.832528 0.0403583 0
0.83183 0.0408996 1
0.828816 0.0373357 0
0.821674 0.0539129 0
0.537846 0.0101045 0
0.537277 0.0234869 0
0.535636 0.0255354 0
0.566067 0 0
0.827974 0.0507587 0
0.827503 0.0417653 0
0.826503 0.0416515 0
0.825905 0.0416586 1
0.825161 0.0419094 0
0.824586 0.0419762 0
0.824155 0.042416 0
0.823565 0.042481 0
0.822865 0.0428715 0
0.822378 0.0426602 0
0.821227 0.0427559 0
0.820592 0.0426631 1
0.822515 0.0517104 0
0.906883 0.0193162 0
0.89659 0.0276834 0
0.901978 0.033516 0
0.814123 0.0454331 0
0.814866 0.0430819 1
0.813893 0.0438314 0
0.812945 0.0436631 0
0.811284 0.0434384 0
0.809132 0.0397977 0
0.810137 0.0445493 0
0.808793 0.0437226 1
0.810744 0.0432171 0
0.908597 0.0346982 0
0.897782 0.027727 0
0.896967 0.0303261 0
0.897235 0.0297315 0
0.89646 0.0328399 0
0.808139 0.050862 0
0.802571 0.044941 1
0.801521 0.0442888 0
0.801239 0.0454608 0
0.800598 0.0456735 0
0.800198 0.0463741 0
0.799462 0.0483914 0
0.782901 0.0233773 0
0.791637 0.0374354 0
0.799657 0.0508479 0
0.796951 0.0491246 0
0.789783 0.0376715 0
0.790558 0.0390479 0
0.794553 0.0470919 1
0.794896 0.0473207 0
0.7887 0.0396549 0
0.812298 0.0851638 0
0.793626 0.0524885 0
0.793051 0.0673841 0
0.790373 0.068192 0
0.790162 0.068757 0
0.789787 0.0692849 1
0.78924 0.0666631 0
0.788462 0.0665027 0
0.797242 0.0685654 0
0.854308 0.137047 0
0.820216 0.126364 0
0.777467 0.0417735 0
0.782834 0.0485609 0
0.78279 0.0477136 1
0.782702 0.0477514 0
0.782471 0.047755 0
0.782209 0.0477934 0
0.782044 0.047828 0
0.781596 0.0478705 0
0.781653 0.0478467 0
0.781624 0.0478964 0
0.781439 0.0473729 0
0.77723 0.043378 0
0.79257 0.0810213 0
0.786502 0.0754036 0
0.786828 0.0761273 0
0.786598 0.0760642 0
0.786651 0.0760378 1
0.786594 0.0765854 0
0.785961 0.076463 0
0.789406 0.0808756 0
0.788503 0.0871688 0
0.819446 0.128445 0
0.79252 0.0875997 0
0.782508 0.0750521 0
0.782614 0.0759735 1
0.789919 0.0871283 0
0.801983 0.108466 0
0.779293 0.0741195 0
0.802623 0.110782 0
0.773991 0.0552255 0
0.773344 0.0475834 1
0.77233 0.0489002 0
0.778385 0.0789948 0
0.777111 0.0776243 0
0.776349 0.0775641 1
0.775145 0.0533135 0
0.774519 0.0809265 0
0.783942 0.0992287 0
0.786288 0.080122 0
0.497628 0.102241 0
0.767122 0.0484353 1
0.766535 0.0485776 0
0.764507 0.0498415 0
0.771292 0.0821341 0
0.770724 0.0781518 0
0.770608 0.079626 0
0.769452 0.0772012 0
0.768269 0.0815973 0
0.768659 0.0797084 1
0.768185 0.0801031 0
0.758544 0.0467163 0
0.761995 0.0545592 0
0.761913 0.0566362 1
0.761339 0.0569671 0
0.760574 0.0574308 0
0.759737 0.05775 0
0.758424 0.0570749 0
0.757881 0.0577775 0
0.756799 0.0576364 1
0.755986 0.0579427 0
0.755527 0.058172 0
0.754445 0.0580438 0
0.753507 0.0575645 0
0.752852 0.057794 0
0.751981 0.0577734 0
0.751604 0.058922 0
0.750967 0.0587227 0
0.75081 0.0588701 0
0.749979 0.0590761 1
0.749687 0.0599756 0
0.749716 0.0604678 0
0.749295 0.0703661 0
0.749843 0.0713728 1
0.748534 0.07218 0
0.744457 0.0569982 0
0.744495 0.0546289 0
0.744259 0.0544506 1
0.743864 0.0537949 0
0.743143 0.0534645 0
0.74251 0.0537636 0
0.741779 0.053445 0
0.740791 0.0561063 0
0.739556 0.0558969 0
0.738395 0.0550581 0
0.737601 0.0545104 1
0.736835 0.0539354 0
0.736411 0.0539628 0
0.735903 0.0544378 0
0.738769 0.0428778 0
0 0.00746922 0
0.718505 0.01408 0
0.733962 0.0550831 0
0.73154 0.0545233 1
0.730706 0.0548869 0
0.730233 0.0552253 0
0.72938 0.0553247 0
0.728272 0.0553354 0
0.7275 0.0556882 0
0.726873 0.0554382 0
0.725897 0.0555349 0
0.725637 0.0553312 1
0.725134 0.0558799 0
0.726396 0.0533979 0
0.705715 0.0125817 0
0.559968 0.0319766 0
0.57654 0.0417695 0
0.575994 0.0425193 0
0.591872 0.0349536 0
0.729787 0.0393157 0
0.717523 0.0551625 0
0.718376 0.054635 1
0.71794 0.0545671 0
0.717327 0.054535 0
0.717274 0.0544155 0
0.716857 0.0541804 0
0.716097 0.0543521 0
0.715706 0.0549159 0
0.714998 0.0548203 0
0.714083 0.0552781 0
0.713341 0.0549482 0
0.71294 0.0535735 1
0.712677 0.0533356 0
0.712029 0.0533713 0
0.711563 0.053331 0
0.710777 0.0548904 0
0.71096 0.0582106 0
0.709696 0.0612595 1
0.708609 0.0601934 0
0.707629 0.0493498 0
0.706538 0.0486002 0
0.705774 0.0483942 1
0.705073 0.0484463 0
0.704502 0.049183 0
0.703458 0.0503098 0
0.702062 0.0515774 0
0.701112 0.0533996 0
0.70038 0.0538126 0
0.699569 0.0546275 0
0.699055 0.0548447 0
0.698657 0.0548244 0
0.698322 0.0548965 1
0.697872 0.0549258 0
0.697255 0.0548425 0
0.696104 0.055311 0
0.694975 0.0550622 0
0.693917 0.0546532 0
0.692861 0.0546361 0
0.691465 0.0547917 0
0.690853 0.0546052 1
0.690089 0.0543852 0
0.689069 0.0540755 0
0.68822 0.0534217 0
0.687514 0.0531097 1
0.686182 0.0532168 0
0.685102 0.052975 0
0.683741 0.0537876 0
0.682036 0.0540602 1
0.6804 0.0542066 0
0.678869 0.0542291 0
0.677438 0.0550332 0
0.676758 0.0549482 0
0.675852 0.0550116 0
0.675197 0.0554507 0
0.674058 0.0556109 0
0.673185 0.0555737 1
0.672215 0.0562218 0
0.671424 0.0566917 0
0.670769 0.0567556 0
0.669728 0.0567196 0
0.668367 0.0563591 0
0.667012 0.0554055 1
0.665274 0.0563616 0
0.66999 0.0667165 0
0.667695 0.0662677 0
0.666036 0.0655051 1
0.664724 0.0516871 0
0.662309 0.0541006 0
0.662527 0.0491247 0
0.660359 0.0474869 1
0.54316 0.0387949 0
0.668641 0.0237696 0
0.660571 0.0448449 0
0.655248 0.0552143 1
0.653297 0.0570413 0
0.652891 0.0551074 0
0.650135 0.0579631 0
0.650121 0.0551268 1
0.64859 0.0555242 0
0.647801 0.0538181 0
0.646659 0.0538295 0
0.646186 0.0509974 0
0.645925 0.0492308 0
0.649202 0.0431462 0
0.656404 0.0160757 0
0.643482 0.0468997 1
0.642952 0.0459169 0
0.641599 0.0464003 0
0.640707 0.046495 0
0.639723 0.0471909 0
0.638736 0.04682 0
0.638219 0.0466796 0
0.637307 0.0467008 0
0.63623 0.0466229 1
0.633568 0.0492291 0
0.644855 0.0239913 0
0.550859 0.0285908 0
0.553766 0.0277935 0
0.545154 0.0355813 0
0.640107 0.00923 0
0.633 0.0454025 0
0.627229 0.0514681 1
0.626233 0.0517306 0
0.626494 0.0525935 0
0.622575 0.0427687 0
0.778465 0.0376133 0
0.78154 0.0302644 0
0.796155 0.0487401 0
0.787666 0.0372386 0
0.790698 0.0123842 0
0.625801 0.0305494 0
0.618497 0.0517654 1
0.617539 0.0514139 0
0.616698 0.0513993 0
0.616121 0.0508497 0
0.613751 0.0526901 0
0.599686 0.0219142 0
0.796168 0.0250735 0
0.776203 0.0406178 0
0.768927 0.0521893 0
0.605601 0.0458663 0
0.611259 0.0503153 1
0.610464 0.0502973 0
0.609995 0.0504 0
0.609236 0.050767 0
0.608253 0.0505436 0
0.607438 0.0507166 0
0.606731 0.050463 0
0.606151 0.0501226 0
0.605859 0.0498397 1
0.604933 0.0491458 0
0.604898 0.0485571 0
0.604362 0.048105 0
0.603987 0.0476936 0
0.60303 0.0471064 0
0.60206 0.0463585 0
0.601219 0.0458399 0
0.599963 0.0453661 1
0.599356 0.045165 0
0.598759 0.0446114 0
0.597987 0.0443298 0
0.597371 0.04428 0
0.596581 0.0444292 0
0.595987 0.0446607 0
0.594996 0.0448732 0
0.594257 0.0448179 1
0.593723 0.0447216 0
0.59306 0.0448789 0
0.592562 0.0446992 0
0.591804 0.044831 0
0.590919 0.0452363 0
0.590285 0.0451847 0
0.589495 0.0451266 0
0.58928 0.0445844 1
0.588633 0.0444888 0
0.58822 0.0444092 0
0.587612 0.0442873 0
0.58662 0.0446467 0
0.586313 0.0444621 0
0.585651 0.044541 0
0.585367 0.0446532 0
0.58471 0.0446375 1
0.583817 0.04411 0
0.582832 0.044544 0
0.581816 0.0435181 0
0.580388 0.0437014 0
0.579111 0.0438967 0
0.578159 0.0437929 0
0.577588 0.0440133 0
0.577074 0.0438881 0
0.576693 0.0437988 0
0.576456 0.04408 0
0.57629 0.0445762 0
0.576195 0.044803 0
0.576158 0.0447823 0
0.576102 0.0449401 1
0.576253 0.0445763 0
0.572628 0.0483527 0
0.559832 0.060711 0
0.483829 0.038305 0
0.48128 0.0472849 0
0.481552 0.0455831 0
0.481831 0.0435722 0
0.483025 0.046739 0
0.568243 0.0469164 0
0.573118 0.0418657 0
0.571347 0.0413978 0
0.570866 0.0416903 0
0.569886 0.0419466 0
0.569098 0.0422052 0
0.568534 0.0425451 0
0.567931 0.042232 0
0.566834 0.0429745 0
0.566287 0.0427251 0
0.565746 0.042884 0
0.565218 0.0429399 0
0.564877 0.0431108 0
0.56455 0.0432229 0
0.564036 0.0433098 0
0.563771 0.0433647 1
0.563618 0.0432841 0
0.56346 0.0432738 0
0.563177 0.043215 0
0.562936 0.0431401 0
0.562603 0.0430563 0
0.562306 0.0431205 0
0.56198 0.0429341 0
0.561611 0.0428083 0
0.561167 0.0428931 0
0.560582 0.0428038 0
0.559979 0.0427491 0
0.559456 0.042571 0
0.558865 0.0427152 0
0.558042 0.0426921 0
0.557063 0.0427703 0
0.556486 0.0427744 0
0.555468 0.0428946 0
0.554668 0.0432279 0
0.553962 0.0431457 0
0.553122 0.0433151 1
0.55261 0.0431982 0
0.552084 0.043282 0
0.551281 0.0435883 0
0.550488 0.0434664 0
0.549655 0.0438794 0
0.54907 0.0440223 0
0.548503 0.0440934 0
0.548029 0.0433624 0
0.545626 0.0495713 0
0.462176 0.0272132 0
0.550821 0.0435546 0
0.545647 0.044397 1
0.54528 0.044355 0
0.544762 0.0442378 0
0.544503 0.0439735 0
0.54383 0.043956 0
0.543248 0.0437534 0
0.542969 0.0433815 0
0.542363 0.0433532 0
0.541815 0.0432413 0
0.541025 0.0431841 0
0.540531 0.0428856 0
0.539708 0.0426178 0
0.539074 0.042527 1
0.538256 0.0423712 0
0.537492 0.0421356 0
0.532024 0.0428302 0
0.473335 0.0343309 0
0.472553 0.029285 0
0.47713 0.027043 0
0.529606 0.037868 0
0.533292 0.0422002 1
0.532622 0.0420571 0
0.531917 0.042329 0
0.53113 0.0421137 0
0.530444 0.0420108 0
0.529334 0.0421269 0
0.528717 0.0421409 0
0.528233 0.0419701 0
0.527465 0.0421896 0
0.527022 0.0419694 0
0.526186 0.0419166 0
0.525593 0.0418028 0
0.52496 0.0419307 0
0.524323 0.0420764 0
0.52358 0.041931 1
0.523179 0.0421576 0
0.522501 0.0422399 0
0.522018 0.0421399 0
0.521324 0.0420499 0
0.520746 0.042012 0
0.520128 0.0420768 0
0.519736 0.0418799 0
0.519263 0.0419287 0
0.51861 0.0420153 0
0.518317 0.0417447 0
0.517733 0.0418293 0
0.517137 0.0414433 0
0.516517 0.0413987 0
0.51597 0.0413362 1
0.513731 0.039778 0
0.476747 0.036236 0
0.476866 0.0352546 0
0.477329 0.035036 0
0.477879 0.0354114 0
0.480415 0.0324823 0
0.513578 0.0379714 0
0.513126 0.0414589 0
0.512207 0.0407216 0
0.511598 0.0408387 0
0.511268 0.0408785 0
0.51058 0.0408075 1
0.509982 0.0407856 0
0.509239 0.040654 0
0.508053 0.0406282 0
0.507158 0.0406752 0
0.506673 0.0407732 0
0.505539 0.0407783 0
0.504918 0.0406982 0
0.504373 0.0405584 0
0.503754 0.040518 0
0.503161 0.0406198 1
0.5026 0.0405256 0
0.50139 0.0399857 0
0.500617 0.0401941 0
0.499918 0.0397146 0
0.499244 0.0398803 0
0.49824 0.0397344 0
0.497507 0.0397646 0
0.497077 0.0395766 0
0.496614 0.0397082 0
0.496564 0.0396475 0
0.496373 0.0397907 0
0.496109 0.0398159 0
0.496119 0.0398386 0
0.495764 0.0399847 0
0.495968 0.0399254 0
0.495653 0.0401237 0
0.495604 0.0400905 0
0.495598 0.040086 1
0.495559 0.0399991 0
0.4958 0.0401603 0
0.495331 0.0401603 0
0.495479 0.0402627 0
0.503901 0.0444884 0
0.571783 0.00978968 0
0.578256 0.0132448 0
0.578362 0.0127852 0
0.578636 0.0127686 0
0.578921 0.012797 0
0.578953 0.0128831 0
0.579149 0.0128885 0
0.579469 0.0128418 0
0.579693 0.013018 0
0.579862 0.0132513 0
0.580925 0.012642 0
0.574594 0.00968189 0
0.482229 0.0326007 0
0.487298 0.038883 0
0.487467 0.0398014 0
0.486993 0.0399309 0
0.486087 0.0397413 1
0.485424 0.0397249 0
0.485073 0.0395689 0
0.484313 0.039519 0
0.483593 0.039484 0
0.482821 0.0394492 0
0.481965 0.0393473 0
0.481323 0.0393819 0
0.480776 0.0392729 0
0.480179 0.0390357 0
0.479544 0.0391654 0
0.479073 0.0392946 0
0.478448 0.0391486 0
0.477778 0.0391035 0
0.477315 0.0393068 1
0.476919 0.0392929 0
0.476105 0.0390434 0
0.47558 0.0391749 0
0.47496 0.0393983 0
0.474423 0.0392514 0
0.473786 0.0392163 0
0.473472 0.0391403 0
0.472863 0.0392269 0
0.472537 0.0393123 0
0.471961 0.0393401 0
0.471516 0.0393623 0
0.470739 0.0395343 0
0.470329 0.0394127 0
0.469926 0.039399 1
0.469465 0.0393559 0
0.469074 0.0393242 0
0.468484 0.039196 0
0.468101 0.0389847 0
0.467617 0.0388187 0
0.466997 0.0388349 0
0.466638 0.0385703 0
0.466162 0.0384046 0
0.465691 0.0383404 0
0.465202 0.0384041 0
0.464768 0.0383328 0
0.464135 0.0383509 0
0.463514 0.0382915 0
0.463108 0.0383668 0
0.462579 0.0384515 0
0.462311 0.0385855 1
0.461711 0.0367099 0
0.522853 0.0506725 0
0.524698 0.0159721 0
0.524517 0.0146188 0
0.525604 0.0153865 0
0.525465 0.0149579 0
0.525323 0.0151489 0
0.525561 0.0156939 0
0.525817 0.0154153 0
0.526205 0.0152815 0
0.526265 0.0151432 0
0.526117 0.0151572 0
0.526171 0.0151406 0
0.526424 0.0151346 0
0.526488 0.0150909 0
0.525981 0.0164162 0
0.529649 0.00887508 0
0.450102 0.0342303 0
0.452491 0.038676 0
0.451982 0.0380507 0
0.452046 0.0380828 0
0.452007 0.0380912 0
0.451828 0.0380697 0
0.451614 0.0380915 1
0.451536 0.0381596 0
0.451307 0.0381994 0
0.451107 0.0383006 0
0.450873 0.0382985 0
0.450562 0.038396 0
0.450299 0.0385053 0
0.449929 0.0386952 0
0.449251 0.0388244 0
0.44885 0.0387323 0
0.448538 0.0388401 0
0.448304 0.0389805 0
0.44781 0.0390298 0
0.447326 0.0390049 0
0.446908 0.0389911 0
0.446366 0.0391733 0
0.445903 0.0391586 0
0.445428 0.0392278 0
0.444867 0.0391755 0
0.444342 0.0391963 0
0.443965 0.0390869 0
0.443321 0.0389221 0
0.442903 0.0388679 0
0.442735 0.0387677 0
0.442258 0.0387119 0
0.441785 0.0384366 0
0.441367 0.0383199 0
0.44086 0.0381616 0
0.440461 0.0380456 1
0.440044 0.0379572 0
0.439737 0.0378484 0
0.439261 0.0377183 0
0.43887 0.037577 0
0.439858 0.0389225 0
0.530033 0.0490805 0
0.533709 0.0153278 0
0.438024 0.0351809 0
0.437051 0.0372965 0
0.436285 0.0373 0
0.435442 0.0372614 0
0.435073 0.0373126 0
0.434437 0.0377248 0
0.434103 0.0376011 0
0.433535 0.0377417 0
0.433316 0.0377736 1
0.433142 0.0376951 0
0.432624 0.0376067 0
0.431518 0.037786 0
0.431158 0.0377746 0
0.430635 0.0376677 0
0.429802 0.037279 0
0.428377 0.0378912 0
0.428197 0.0377164 0
0.427586 0.0374181 0
0.427047 0.0375431 0
0.42658 0.0375941 0
0.425814 0.0374426 1
0.425248 0.0374747 0
0.424679 0.0375471 0
0.424226 0.0372304 0
0.423671 0.0375151 0
0.422951 0.0372698 0
0.422234 0.0376099 0
0.421574 0.0374654 0
0.420969 0.0373709 0
0.420402 0.0372824 0
0.420001 0.0371875 1
0.419266 0.0372061 0
0.418572 0.0373976 0
0.418054 0.0373408 0
0.417443 0.0374853 0
0.416469 0.037454 0
0.416229 0.0370672 0
0.415512 0.0368041 0
0.415177 0.0368385 0
0.414911 0.0365912 0
0.414466 0.0364885 1
0.413908 0.0365331 0
0.413393 0.0363122 0
0.413014 0.0361841 0
0.412359 0.0362866 0
0.411941 0.0360131 0
0.41138 0.0360045 0
0.410857 0.0365381 0
0.410427 0.0365254 0
0.41027 0.0357847 0
0.409597 0.0351376 0
0.409056 0.0354919 0
0.409067 0.0360366 0
0.408688 0.0361391 0
0.408462 0.0364896 0
0.408153 0.0364249 0
0.407737 0.0366933 1
0.405311 0.0366075 0
0.396945 0.0365941 0
0.45396 0.0360255 0
