0.477962 0 1
0.502838 0.00821143 0
0.516939 0.0133127 0
0.534213 0.00527921 0
0.558857 0.0190878 0
0.579353 0.0329954 0
0.592534 0.0259544 1
0.611003 0.0421226 0
0.630821 0.0483173 0
0.650126 0.0479661 0
0.671161 0.0583597 0
0.692331 0.0690079 0
0.713279 0.0658358 0
0.727845 0.0861779 0
0.739003 0.107151 1
0.746079 0.1201 0
0.764994 0.113263 0
0.776538 0.144079 0
0.787071 0.156597 0
0.801101 0.177032 0
0.817378 0.200705 0
0.829715 0.221641 0
0.837754 0.234054 0
0.854777 0.239974 0
0.875973 0.266408 0
0.893955 0.310126 0
0.902315 0.31676 0
0.914714 0.32317 0
0.931708 0.33216 0
0.948278 0.339704 0
0.951718 0.351328 0
0.948481 0.341424 0
0.946301 0.340152 0
0.938008 0.35658 0
0.925277 0.366725 0
0.917201 0.369519 0
0.907508 0.393803 0
0.893078 0.440926 0
0.883289 0.475528 0
0.871906 0.515588 0
0.858973 0.571991 0
0.84564 0.620255 0
0.830509 0.666738 1
0.825229 0.693849 0
0.821461 0.721152 0
0.819807 0.748913 0
0.812583 0.76587 0
0.803345 0.773769 0
0.796709 0.778322 0
0.777951 0.788243 0
0.763348 0.815577 0
0.739976 0.835837 0
0.716509 0.834658 0
0.693713 0.832789 0
0.671496 0.833684 0
0.655658 0.830361 0
0.632586 0.85757 0
0.607889 0.863785 0
0.582944 0.859953 0
0.561672 0.850009 0
0.541032 0.860556 0
0.517784 0.866161 0
0.493795 0.864584 0
0.472002 0.871268 0
0.447837 0.896413 1
0.42153 0.879476 0
0.395761 0.861524 0
0.369757 0.866572 0
0.346136 0.883183 0
0.320896 0.877121 0
0.298884 0.880435 1
0.284199 0.877182 0
0.26885 0.881204 0
0.245374 0.863131 0
0.227063 0.842418 1
0.204878 0.831643 0
0.184053 0.818472 0
0.160362 0.79722 0
0.131042 0.777931 1
0.118259 0.757092 0
0.105602 0.739859 0
0.0919052 0.72293 0
0.0816054 0.708486 0
0.0733001 0.702997 0
0.0655133 0.694116 0
0.0551612 0.680078 0
0.0433841 0.662996 1
0.0376451 0.630703 0
0.0332098 0.60668 0
0.0288542 0.57943 0
0.0252672 0.548937 0
0.0229117 0.515659 0
0.0167793 0.495259 0
0.0104038 0.494554 0
0.00724021 0.490389 0
0.00495601 0.47748 0
0.00235243 0.460951 0
0 0.450617 0
0.000268734 0.4391 0
0.00330816 0.429542 0
0.011275 0.407111 1
0.0163497 0.38716 0
0.0219668 0.363625 0
0.0295181 0.33438 0
0.0341172 0.307061 1
0.0486269 0.284003 0
0.0668701 0.257931 0
0.0743949 0.248749 0
0.0803013 0.222989 0
0.0931148 0.182877 0
0.109591 0.145116 0
0.120272 0.118072 0
0.127374 0.117124 0
0.142757 0.0907248 0
0.154639 0.0780018 0
0.166001 0.0812854 0
0.171504 0.0885456 1
0.18414 0.0877517 0
0.20007 0.0841036 0
0.216988 0.0770358 0
0.23815 0.0610246 1
0.260375 0.0486373 0
0.284564 0.0243537 0
0.306102 0.017614 0
0.328275 0.0242738 0
0.350775 0.0379725 0
0.372914 0.052476 0
0.38983 0.0335195 0
0.408684 0.0258382 1
0.428471 0.0299946 0
0.450424 0.0330268 0
0.468414 0.033093 0
0.482661 0.0680674 0
0.505605 0.0713515 0
0.527225 0.0616165 0
0.545429 0.070302 0
0.565701 0.0989719 0
0.591739 0.117547 0
0.617665 0.114579 0
0.645543 0.0980949 0
0.669992 0.0840813 1
0.685878 0.10091 0
0.705357 0.108819 0
0.724528 0.115406 0
0.747255 0.132504 0
0.771926 0.149916 0
0.790585 0.16194 0
0.806141 0.176556 0
0.818199 0.201063 1
0.838006 0.220358 0
0.857884 0.239309 0
0.882981 0.267415 0
0.901423 0.311215 0
0.92126 0.326928 0
0.935029 0.340433 0
0.954989 0.351208 0
0.966086 0.35391 0
0.968966 0.354247 0
0.986168 0.344534 0
0.996406 0.345284 0
0.994745 0.362171 0
1 0.383218 0
0.978943 0.38032 0
0.958024 0.400159 0
0.94131 0.432288 0
0.920564 0.481125 0
0.895348 0.535422 1
0.884019 0.559788 0
0.88269 0.582163 0
0.875249 0.632689 0
0.856078 0.698191 0
0.838902 0.756744 0
0.837679 0.772851 0
0.832694 0.796806 0
0.824015 0.793911 0
0.805416 0.799619 0
0.7851 0.808852 0
0.763567 0.816347 0
0.744533 0.816714 0
0.72756 0.815745 0
0.704227 0.821019 0
0.675766 0.842086 0
0.650506 0.85201 1
0.633438 0.832582 0
0.613357 0.83899 0
0.591434 0.862808 0
0.567188 0.905146 0
0.554437 0.818552 0
0.531833 0.830188 0
0.501767 0.867011 0
0.472596 0.899053 1
0.453586 0.891514 0
0.427873 0.904198 0
0.409059 0.898841 0
0.393846 0.898725 0
0.373673 0.90637 0
0.346915 0.905602 0
0.321933 0.897808 0
0.299786 0.886666 0
0.275056 0.898137 0
0.261763 0.869521 1
0.237524 0.900235 0
0.218345 0.877974 0
0.191207 0.856017 0
0.179444 0.831104 0
0.149044 0.806709 0
0.132184 0.792342 0
0.120488 0.780941 0
0.109277 0.763282 0
0.0968885 0.746914 0
0.0826569 0.738445 0
0.0713805 0.718461 0
0.0646623 0.70417 0
0.0568286 0.689833 0
0.0459296 0.66516 0
0.0369188 0.639655 0
0.0315988 0.604815 1
0.0332803 0.591344 0
0.0304172 0.570784 0
0.0263994 0.541976 0
0.0242936 0.51429 0
0.0211183 0.509398 0
0.0162261 0.522173 0
0.0144679 0.524672 0
0.0120147 0.509641 0
0.00714549 0.499777 0
0.0040141 0.500202 0
0.00354613 0.483111 0
0.00727308 0.447607 0
0.0121735 0.403286 0
0.0160634 0.369036 0
0.0263048 0.325115 0
0.0444061 0.282181 1
0.050288 0.273937 0
0.0585955 0.245838 0
0.0762047 0.189506 0
0.0930907 0.144983 0
0.10204 0.152844 0
0.109563 0.150302 1
0.120443 0.131939 0
0.133641 0.115217 0
0.139222 0.102035 0
0.146615 0.104759 0
0.164274 0.0915998 0
0.180665 0.0885286 0
0.194531 0.0982482 0
0.212463 0.0990057 0
0.236443 0.0680241 0
0.258367 0.038631 0
0.272754 0.047111 0
0.291086 0.055314 0
0.312016 0.0366696 0
0.332297 0.0313116 1
0.352697 0.0627762 0
0.377185 0.0756119 0
0.407283 0.0737406 0
0.417311 0.0641908 0
0.438159 0.0435952 0
0.463948 0.0344772 0
0.487952 0.0384267 0
0.512004 0.026782 1
0.526912 0.029116 0
0.546375 0.0402576 0
0.580783 0.0563682 0
0.610051 0.0365373 0
0.637524 0.0271744 0
0.660786 0.0316873 0
0.680581 0.0376839 0
0.690835 0.0696566 0
0.719955 0.0690184 0
0.745486 0.0867607 0
0.768704 0.101547 0
0.792835 0.129952 0
0.806676 0.146135 0
0.821084 0.176907 1
0.844171 0.215228 0
0.867344 0.24814 0
0.880317 0.261209 0
0.888769 0.269587 0
0.89861 0.263331 0
0.90622 0.287672 0
0.917936 0.300116 0
0.922442 0.316574 0
0.931951 0.308626 0
0.94058 0.313734 0
0.946377 0.326249 0
0.939033 0.321507 0
0.928263 0.333201 0
0.91707 0.379893 0
0.912021 0.423768 0
0.908625 0.481656 1
0.891529 0.50966 0
0.889945 0.525851 0
0.884461 0.566208 0
0.877743 0.608495 0
0.869929 0.657164 0
0.872403 0.697377 0
0.873005 0.743621 0
0.873805 0.777653 0
0.866167 0.785038 0
0.867216 0.782393 0
0.862166 0.78452 0
0.856312 0.786596 0
0.848583 0.799168 0
0.841188 0.814943 0
0.832873 0.831475 0
0.824276 0.845042 0
0.817364 0.854873 0
0.811269 0.865234 0
0.80554 0.893925 0
0.792303 0.94784 0
0.805264 0.864345 0
0.809447 0.866874 0
0.811148 0.841717 0
0.814472 0.813669 1
