0.983599 0.0340259 0
0.984601 0.034609 0
0.985196 0.0354099 0
0.985554 0.0375852 0
0.986755 0.0405644 0
0.989787 0.0421719 0
0.985546 0.0465602 0
0.979778 0.0524304 0
0.98197 0.0562251 1
0.983289 0.0643231 0
0.986508 0.0717091 0
0.983304 0.074502 0
0.972224 0.0829968 0
0.950121 0.106425 0
0.932939 0.140113 0
0.924115 0.16646 0
0.916464 0.187158 0
0.913365 0.204998 0
0.916322 0.222109 0
0.915008 0.247243 0
0.90561 0.278538 0
0.892531 0.310734 0
0.875325 0.341545 0
0.853418 0.375046 0
0.824007 0.418607 0
0.791478 0.457316 0
0.766922 0.480343 1
0.746511 0.498163 0
0.721002 0.518773 0
0.697313 0.535317 0
0.678189 0.543539 0
0.661723 0.546734 0
0.643181 0.55367 0
0.616483 0.571154 0
0.586042 0.583184 1
0.561838 0.57679 0
0.540871 0.575295 0
0.51523 0.577952 0
0.492418 0.57424 0
0.472096 0.571353 0
0.445222 0.575777 0
0.417434 0.57537 0
0.396824 0.565825 1
0.379478 0.549965 0
0.36092 0.540091 0
0.342275 0.529056 0
0.327768 0.513355 0
0.314951 0.498376 0
0.297978 0.482463 0
0.280543 0.461983 0
0.263396 0.435883 0
0.246385 0.411853 0
0.232848 0.392212 0
0.221487 0.369326 0
0.210061 0.344636 0
0.19606 0.319549 0
0.183482 0.295019 0
0.169857 0.271837 0
0.15677 0.247982 0
0.146061 0.222897 0
0.136896 0.199453 0
0.12884 0.18095 0
0.119867 0.16275 0
0.110821 0.144739 0
0.100717 0.128248 0
0.0918779 0.112555 0
0.0887062 0.101506 0
0.0869004 0.0942105 0
0.0819338 0.0886584 0
0.0752181 0.0834808 0
0.0694176 0.0797692 0
0.063753 0.0808202 0
0.0597881 0.0815262 0
0.0546412 0.078363 0
0.050334 0.0804623 0
0.047105 0.0852856 0
0.0453257 0.0870076 0
0.0451027 0.0899592 0
0.0437729 0.087738 1
0.0493912 0.0876136 0
0.0591057 0.0962683 0
0.0731373 0.11048 0
0.0835909 0.127323 0
0.094184 0.13752 0
0.109805 0.138916 0
0.127945 0.137881 0
0.141731 0.141788 0
0.154826 0.149176 0
0.169029 0.155502 0
0.183966 0.160857 0
0.201582 0.165509 0
0.220926 0.167342 0
0.243584 0.166994 0
0.271358 0.170264 0
0.297398 0.178617 0
0.321025 0.186162 0
0.343438 0.190784 0
0.366064 0.195523 0
0.390691 0.199304 0
0.419531 0.199945 0
0.453192 0.198476 0
0.482064 0.204231 0
0.502747 0.217152 0
0.530578 0.220774 0
0.561569 0.216684 0
0.58938 0.213342 0
0.620231 0.211599 0
0.644416 0.216138 0
0.662913 0.225803 0
0.689142 0.231234 0
0.716584 0.227346 0
0.727769 0.222313 0
0.734784 0.212943 0
0.753847 0.198445 0
0.772717 0.190857 0
0.785393 0.187057 0
0.800839 0.180771 0
0.815344 0.173416 0
0.825217 0.167397 0
0.834134 0.158689 0
0.84784 0.143909 0
0.859615 0.128599 0
0.864952 0.121178 0
0.866489 0.119296 0
0.871583 0.113615 0
0.882957 0.10018 0
0.893569 0.0906441 0
0.899837 0.0842135 0
0.90296 0.0760778 0
0.908428 0.0662946 0
0.923523 0.0535221 0
0.939086 0.0444645 0
0.953023 0.0378357 0
0.968221 0.0288131 0
0.977423 0.0221489 0
0.977279 0.0215995 0
0.972335 0.0269231 0
0.970995 0.0339081 0
0.976913 0.0349621 0
0.984345 0.0332853 0
0.99143 0.0359509 0
0.99807 0.0464348 0
1 0.0566883 0
0.998366 0.0583225 0
0.992307 0.0598558 0
0.982191 0.0713547 0
0.975465 0.0779818 1
0.969181 0.080824 0
0.952729 0.0953331 0
0.933139 0.125105 0
0.91774 0.15793 0
0.906295 0.182502 0
0.896281 0.205435 0
0.88743 0.236011 0
0.880333 0.263306 0
0.864658 0.298455 0
0.841251 0.343794 0
0.823366 0.377834 0
0.801116 0.417314 0
0.772664 0.456591 0
0.751132 0.479116 0
0.732905 0.501317 0
0.709099 0.528087 1
0.679986 0.547717 0
0.655891 0.561219 0
0.634404 0.567606 0
0.60906 0.571391 0
0.585168 0.574373 0
0.561807 0.578762 0
0.533539 0.581851 0
0.503269 0.583221 0
0.476823 0.582662 0
0.453909 0.572154 0
0.431124 0.561133 0
0.406985 0.557009 0
0.378579 0.551265 0
0.348725 0.542239 0
0.321629 0.529592 0
0.296459 0.510942 1
0.276506 0.484789 0
0.254984 0.46132 0
0.229425 0.436006 0
0.207698 0.409858 0
0.187085 0.384482 0
0.168316 0.355766 0
0.149445 0.323385 0
0.129265 0.290318 0
0.111656 0.257674 0
0.100002 0.229613 0
0.0893065 0.204486 0
0.0760586 0.175022 0
0.0625433 0.144424 0
0.0508646 0.119129 0
0.0417756 0.0986453 0
0.0342078 0.0800199 0
0.0271845 0.0619189 0
0.0223825 0.0465021 0
0.0195138 0.0337808 0
0.0179653 0.021496 0
0.0177853 0.0135394 0
0.0186462 0.0119731 0
0.0174124 0.00917231 0
0.0107732 0.00323763 0
0.00514695 0 0
0 0.00194533 1
0.00689312 0.0139254 0
0.00736819 0.0199336 0
0.00450211 0.0211257 0
0.00356484 0.0230591 0
0.00625625 0.0262923 0
0.0114848 0.0296591 0
0.0167553 0.034462 0
0.0222273 0.0434683 0
0.029205 0.0579697 0
0.0401715 0.0714286 0
0.0579093 0.0781078 0
0.0740717 0.0832295 0
0.0829203 0.094029 0
0.0949088 0.0993497 0
0.110096 0.102136 0
0.12666 0.108098 0
0.147677 0.113845 0
0.166965 0.121054 0
0.179046 0.129118 0
0.192399 0.135948 1
0.216017 0.147186 0
0.239171 0.16041 0
0.267001 0.169456 0
0.308505 0.172455 0
0.336346 0.178925 0
0.351406 0.190004 0
0.375132 0.19862 0
0.404804 0.20745 0
0.43415 0.213648 0
0.459134 0.217074 0
0.493102 0.212172 0
0.54692 0.193648 1
0.584603 0.189866 0
0.599454 0.203402 0
0.63152 0.205775 0
0.669584 0.198053 0
0.690239 0.197067 0
0.705343 0.202318 0
0.724057 0.20616 0
0.74429 0.204473 0
0.758268 0.201519 0
0.765349 0.198583 0
0.789732 0.179669 0
0.820466 0.153476 0
0.836679 0.139598 0
0.849028 0.132965 0
0.860336 0.127746 0
0.867847 0.126036 1
0.872522 0.120375 0
0.883164 0.10185 0
0.888421 0.0928589 0
0.894979 0.0895226 0
0.902 0.0837898 0
0.909367 0.0734021 0
0.920693 0.0587169 0
0.926774 0.0523155 0
0.929739 0.0483036 0
0.943175 0.033654 0
0.958144 0.0222097 0
0.966358 0.015927 0
0.968448 0.0149921 0
0.96533 0.020751 0
0.969848 0.0165502 0
0.97886 0.00887318 1
0.98292 0.0133304 0
0.987115 0.0131165 0
0.991076 0.0145639 0
0.993127 0.0215105 0
0.9922 0.032482 0
0.983429 0.0510096 0
0.969767 0.0664511 0
0.960039 0.0691459 0
0.957672 0.0671261 0
0.947981 0.0791158 0
0.92694 0.0995506 0
0.913442 0.120269 0
0.902729 0.144098 0
0.893006 0.169852 0
0.882666 0.200627 0
0.872803 0.234015 0
0.867988 0.262783 0
0.855356 0.297489 0
0.83658 0.337417 0
0.81814 0.378542 0
0.798477 0.41849 0
0.781745 0.447749 0
0.763143 0.475259 0
0.755119 0.487558 0
0.774548 0.456572 0
0.740329 0.489821 0
0.701799 0.526504 0
0.671134 0.553681 0
0.643939 0.564373 0
0.611965 0.569336 0
0.579315 0.576427 0
0.551839 0.585631 0
0.52681 0.592913 0
0.500294 0.594353 1
0.4816 0.582419 0
0.465314 0.574205 0
0.443206 0.568664 0
0.412276 0.562509 0
0.375453 0.553638 0
0.350781 0.539625 0
0.327647 0.527174 0
0.299848 0.515961 0
0.271803 0.494761 0
0.252128 0.470244 0
0.229773 0.450325 0
0.204189 0.42689 1
0.197905 0.40899 0
0.178402 0.379375 0
0.176248 0.34287 0
0.161134 0.307968 0
0.131225 0.273232 0
0.117136 0.245361 0
0.108923 0.216125 0
0.0978101 0.182514 0
0.0782315 0.15309 0
0.0662446 0.127155 0
0.0577987 0.114902 0
0.0502629 0.0915007 0
0.0471389 0.0728156 0
0.0467549 0.0626147 0
0.0667106 0.0457581 0
0.0309971 0.0411751 0
0.0343823 0.0343958 0
0.0251114 0.0154848 1
0.0236832 0.0137387 0
0.0324647 0.0146307 0
0.040003 0.0102986 0
0.0347064 0.0229777 0
0.0275816 0.034553 0
0.0251668 0.0339243 0
0.0321383 0.0309777 0
0.0449458 0.0381572 0
0.061846 0.0378091 0
0.0727372 0.038525 1
