0.690618 0.377921 0
0.698948 0.384487 0
0.708791 0.387823 0
0.713039 0.390199 0
0.728956 0.395742 0
0.731053 0.398347 0
0.738479 0.404819 0
0.7569 0.410027 0
0.775647 0.412491 0
0.789732 0.412244 0
0.801284 0.422348 0
0.820262 0.425099 0
0.843858 0.434931 0
0.853796 0.439867 0
0.871798 0.447523 0
0.880965 0.45696 0
0.904626 0.460141 0
0.919482 0.473762 0
0.935352 0.481284 1
0.947501 0.483999 0
0.947578 0.480523 0
0.963467 0.479136 0
0.976193 0.478272 0
0.992517 0.475718 0
0.99176 0.466539 0
1 0.454179 0
0.997674 0.445888 0
0.993905 0.427209 0
0.994817 0.408768 0
0.986024 0.403434 0
0.974489 0.384103 0
0.980192 0.38381 0
0.962464 0.367191 1
0.939575 0.361161 0
0.92416 0.357226 0
0.904569 0.336486 0
0.892518 0.324998 0
0.864181 0.310279 0
0.834027 0.299059 0
0.809758 0.293949 0
0.78973 0.287221 0
0.743019 0.285486 0
0.748263 0.25453 0
0.723873 0.235675 0
0.687979 0.217444 0
0.673445 0.19914 0
0.642899 0.182947 0
0.622856 0.166631 0
0.591131 0.149353 0
0.55485 0.135144 0
0.517763 0.121212 0
0.486411 0.109617 0
0.455207 0.0978801 0
0.431097 0.0842897 0
0.412016 0.0694468 0
0.391889 0.062464 0
0.374845 0.0524241 0
0.354313 0.0457556 0
0.341193 0.0381101 0
0.322819 0.0246901 0
0.306173 0.0206464 0
0.289707 0.0193223 0
0.272409 0.0166133 1
0.26201 0.0129758 0
0.252883 0.00459991 0
0.244626 0.00181162 0
0.237794 0.00443586 0
0.22489 0.00230082 0
0.208293 0 0
0.198404 0.00108013 0
0.192593 0.00231732 0
0.180832 0.00199145 0
0.170988 0.00278028 0
0.16265 0.0077483 0
0.154799 0.010914 0
0.145836 0.0181026 0
0.138622 0.0203672 1
0.134506 0.0355422 0
0.13115 0.0440679 0
0.118167 0.0580904 0
0.11412 0.066897 0
0.110372 0.0822782 0
0.104852 0.0945957 0
0.101498 0.107579 0
0.0907818 0.117681 0
0.085945 0.137898 0
0.0801213 0.149897 0
0.0733255 0.167374 0
0.0721772 0.179995 0
0.0722214 0.197119 0
0.0675186 0.204883 0
0.066878 0.210055 0
0.061487 0.222384 0
0.0606448 0.231663 0
0.0563863 0.241962 0
0.0511617 0.250934 0
0.0471349 0.25957 0
0.0427835 0.269439 0
0.0306117 0.274855 1
0.0293259 0.287669 0
0.02515 0.303995 0
0.025882 0.316386 0
0.0237878 0.333359 0
0.0241431 0.344923 0
0.0328499 0.356908 0
0.0390899 0.37443 0
0.0459524 0.38952 0
0.0576888 0.411032 0
0.0660466 0.43639 0
0.0661002 0.453842 0
0.0755306 0.483015 0
0.0819577 0.509558 0
0.0872241 0.535283 0
0.0930546 0.554313 0
0.10899 0.580412 0
0.131339 0.601278 0
0.153585 0.624892 0
0.189381 0.652272 0
0.2377 0.687787 0
0.274994 0.712903 0
0.306073 0.730548 1
0.344522 0.744276 0
0.375532 0.760683 0
0.414169 0.773418 0
0.442987 0.781556 0
0.469365 0.789258 0
0.497344 0.79998 0
0.521081 0.804642 0
0.54643 0.814385 0
0.557959 0.810937 0
0.572572 0.808701 0
0.587127 0.807048 0
0.612301 0.804978 0
0.641328 0.810796 0
0.667263 0.8114 0
0.687589 0.80392 0
0.706755 0.795496 0
0.729423 0.78332 0
0.7533 0.773079 0
0.782469 0.764652 0
0.807611 0.756491 1
0.822528 0.731393 0
0.8363 0.709482 0
0.850752 0.692235 0
0.862953 0.674799 0
0.863959 0.654495 0
0.857871 0.629943 0
0.864672 0.603656 0
0.868051 0.585395 0
0.87193 0.559495 0
0.87797 0.532476 0
0.882621 0.504307 0
0.890637 0.480549 0
0.903774 0.466221 0
0.913194 0.45207 0
0.91662 0.441045 0
0.926617 0.427812 0
0.931473 0.409824 0
0.948387 0.402706 0
0.946082 0.389097 0
0.961983 0.380799 0
0.969388 0.367382 0
0.968663 0.352734 0
0.963697 0.340764 0
0.961816 0.328587 0
0.968483 0.324449 0
0.971522 0.317831 0
0.964249 0.304551 0
0.962549 0.299625 1
0.953042 0.295934 0
0.934692 0.28467 0
0.916258 0.26962 0
0.90384 0.254145 0
0.869053 0.233178 0
0.822891 0.216345 0
0.777249 0.204399 0
0.777994 0.202843 0
0.738605 0.187377 0
0.712105 0.176107 0
0.681637 0.163628 0
0.643494 0.147742 0
0.606109 0.132074 0
0.570035 0.115839 0
0.542134 0.102623 0
0.506739 0.0902693 0
0.474758 0.0821207 0
0.450502 0.0775041 0
0.428337 0.0756811 0
0.403226 0.0742483 0
0.377171 0.0740704 0
0.361259 0.0752228 0
0.334747 0.0736287 0
0.300676 0.0698327 1
0.265845 0.075645 0
0.263073 0.0917658 0
0.224209 0.102105 0
0.206752 0.114855 0
0.182502 0.130075 0
0.159408 0.147399 0
0.14529 0.170319 0
0.132863 0.190676 0
0.113913 0.207674 0
0.0958005 0.231225 0
0.0867355 0.257527 0
0.0771412 0.284066 0
0.0652749 0.304137 0
0.056211 0.320556 0
0.0453478 0.346052 0
0.0366675 0.369635 0
0.0308442 0.393287 0
0.0253613 0.421081 0
0.00801055 0.446635 0
0.00273989 0.475845 0
0.00509472 0.501791 0
0.00201776 0.517861 1
0 0.529086 0
0.00509305 0.542818 0
0.0114212 0.5604 0
0.0149487 0.579987 0
0.0188855 0.59602 0
0.0200376 0.608232 0
0.0218891 0.619133 0
0.0250844 0.626102 0
0.0224792 0.630867 0
0.0226275 0.637859 0
0.0184866 0.644465 0
0.0188108 0.653407 1
0.0265905 0.666039 0
0.0384188 0.684006 0
0.0600116 0.706934 0
0.069935 0.721576 0
0.0850851 0.738569 0
0.10122 0.759613 0
0.114945 0.774297 0
0.123625 0.784805 1
0.144073 0.788237 0
0.186087 0.796738 0
0.174811 0.787739 0
0.241126 0.801255 0
0.253745 0.797159 0
0.326789 0.807951 0
0.383143 0.810207 0
0.425783 0.801881 0
0.452939 0.78736 0
0.456052 0.765615 0
0.510172 0.763249 0
0.543562 0.753288 0
0.579515 0.747186 0
0.546453 0.717085 0
0.576255 0.710387 0
0.599237 0.701093 0
0.615857 0.687858 0
0.629061 0.669943 0
0.634989 0.651139 0
0.641097 0.633638 0
0.687151 0.630567 0
0.685178 0.608443 0
0.69241 0.586974 0
0.716648 0.567245 0
0.740002 0.550424 0
0.758858 0.534264 0
0.777864 0.519164 0
0.798381 0.504857 0
0.811352 0.487362 0
0.813608 0.465023 0
0.839057 0.458268 0
0.862523 0.450135 0
0.863567 0.431708 0
0.854514 0.407016 1
0.885767 0.395429 0
0.876948 0.365471 0
0.87572 0.334011 0
0.875732 0.309511 0
0.88004 0.288101 0
0.885747 0.26197 0
0.897522 0.236924 0
0.90335 0.219278 0
0.91535 0.21531 0
0.933837 0.208375 0
0.949709 0.188333 0
0.946346 0.173965 0
0.954345 0.15988 0
0.961309 0.157037 0
0.963178 0.159245 0
0.967749 0.154316 0
0.972429 0.15226 0
0.963517 0.144463 0
0.959624 0.144568 0
0.962649 0.145972 0
0.958988 0.144862 0
0.9496 0.139467 0
0.941071 0.127075 0
0.919997 0.109813 0
0.897659 0.0910494 0
0.867859 0.0678652 1
0.83857 0.0616904 0
0.801557 0.0504908 0
0.804914 0.053032 0
0.766506 0.0400402 0
0.736145 0.0367523 0
0.698507 0.025253 0
0.660675 0.0161278 0
0.620783 0.0103786 0
0.578355 0.00529191 0
0.540777 0.00139574 1
0.490035 0.00177604 0
0.487076 0.0193625 0
0.450688 0.0251083 0
0.408744 0.0311796 0
0.407436 0.0511526 0
0.371137 0.0574018 0
0.366346 0.0801174 0
0.336205 0.0942308 0
0.309805 0.10773 0
0.278798 0.119029 0
0.244428 0.131718 0
0.222123 0.154564 0
0.209799 0.179143 0
0.197875 0.204929 0
0.188458 0.231148 0
0.167327 0.256978 0
0.152886 0.27926 0
0.129059 0.300066 0
0.119258 0.322898 0
0.102583 0.349521 0
0.0882241 0.373036 0
0.0887289 0.400231 0
0.076939 0.424289 0
0.0801851 0.456258 1
0.0741354 0.48144 0
0.0595757 0.499329 0
0.0591395 0.524789 0
0.0626611 0.552679 0
0.0664218 0.578934 0
0.0724082 0.601993 0
0.0791956 0.620606 0
0.0767597 0.633977 0
0.0813598 0.647594 0
0.0974919 0.665239 0
0.10426 0.678647 0
0.0964207 0.680351 0
0.0964845 0.688434 0
0.108753 0.694226 0
0.117614 0.698177 0
0.109663 0.697821 0
0.11456 0.701253 0
0.125984 0.706077 0
0.128447 0.712635 0
0.148766 0.729173 0
0.172932 0.747867 0
0.183168 0.767513 1
0.204396 0.786813 0
0.267252 0.816278 0
0.273411 0.829372 0
0.318119 0.853131 0
0.337411 0.867072 0
0.350255 0.878325 0
0.405951 0.904998 0
0.386119 0.898825 0
0.452356 0.925447 0
0.45215 0.922429 0
0.450031 0.917687 0
0.458835 0.914886 0
0.469934 0.91085 0
0.528781 0.924259 1
0.564101 0.920433 0
0.526995 0.890487 0
0.56116 0.889256 0
0.610973 0.88863 0
0.665043 0.893243 0
0.627259 0.867246 0
0.669256 0.885623 0
0.711219 0.882096 0
0.705406 0.86523 0
0.759415 0.870977 0
0.759462 0.853877 0
0.759947 0.837713 0
0.761571 0.824762 0
0.803969 0.821282 0
0.816806 0.812928 0
0.828049 0.80047 0
0.847446 0.7844 0
0.841251 0.762917 0
0.839933 0.744604 0
0.854008 0.737148 1
