0.714359 0.0506243 0
0.734582 0.0370402 0
0.762599 0.0324718 0
0.79444 0.044598 0
0.824001 0.0675306 0
0.841094 0.0898121 0
0.859466 0.112766 0
0.881781 0.141162 0
0.893832 0.166017 0
0.899733 0.192048 0
0.922199 0.230711 0
0.928564 0.257509 0
0.938861 0.287578 0
0.939068 0.311344 0
0.941234 0.339083 0
0.947853 0.370675 0
0.956017 0.401331 1
0.95945 0.435941 0
0.974071 0.47425 0
0.957506 0.484672 0
0.936097 0.490695 0
0.924568 0.508735 0
0.898933 0.501328 0
0.889397 0.501931 0
0.868032 0.494074 0
0.851945 0.488595 0
0.831431 0.478953 0
0.808189 0.482565 0
0.777608 0.489851 0
0.741576 0.492823 0
0.725835 0.513014 0
0.690898 0.517948 0
0.668944 0.523208 0
0.654826 0.533592 0
0.62514 0.526154 0
0.601852 0.523229 0
0.585307 0.523439 0
0.563186 0.520904 0
0.53685 0.517468 0
0.504997 0.511744 0
0.466252 0.508201 0
0.435347 0.512073 0
0.40734 0.51448 0
0.381002 0.506821 0
0.350308 0.492178 0
0.317171 0.48925 0
0.285364 0.483613 0
0.262602 0.481984 0
0.234391 0.483971 0
0.204079 0.480077 0
0.169571 0.480906 0
0.133162 0.48077 0
0.0970923 0.477918 0
0.0638832 0.473879 0
0.0359759 0.472878 1
0.0309612 0.463511 0
0.0276071 0.444457 0
0.0227548 0.412155 0
0.01924 0.384649 0
0.00861409 0.380846 0
0.00324399 0.363335 0
0.000203312 0.347146 0
0 0.330898 0
0.0030717 0.314951 0
0.00258163 0.286832 1
0.0158396 0.26966 0
0.0305009 0.254158 0
0.0441018 0.242289 0
0.0575004 0.244502 0
0.071947 0.252719 0
0.0799351 0.244984 0
0.0931031 0.23156 0
0.109103 0.212666 0
0.125302 0.191778 0
0.143124 0.171522 0
0.162528 0.155471 0
0.186951 0.138775 1
0.215601 0.127564 0
0.245702 0.114041 0
0.276138 0.0989989 0
0.312282 0.0834074 0
0.333142 0.0684435 0
0.366069 0.0544637 0
0.411542 0.0472452 0
0.451078 0.0373122 0
0.489554 0.0232406 0
0.545379 0.0147895 0
0.602933 0.00949187 0
0.640477 0.0085833 0
0.658426 0.00613223 0
0.677001 0.00440436 0
0.698058 0.00457797 0
0.718434 0.00348209 0
0.746804 0.00266466 0
0.769863 0 1
0.785974 0.0323244 0
0.819198 0.061403 0
0.856356 0.093109 0
0.87312 0.126094 0
0.883052 0.155742 0
0.890081 0.182707 0
0.905628 0.218352 0
0.921562 0.254496 0
0.922228 0.283895 0
0.932643 0.326971 0
0.939356 0.360152 0
0.965803 0.407439 0
0.988252 0.450275 0
0.978099 0.469817 0
1 0.461544 0
0.970539 0.49868 0
0.968012 0.526451 0
0.960792 0.539596 0
0.951233 0.550156 0
0.92479 0.542279 0
0.9009 0.535378 0
0.864075 0.525279 0
0.82539 0.51715 0
0.793688 0.512027 0
0.770688 0.522384 0
0.754586 0.52853 0
0.729456 0.541634 0
0.71723 0.56452 1
0.691307 0.555566 0
0.66779 0.556597 0
0.582231 0.548798 0
0.606747 0.521991 0
0.575221 0.518343 0
