0.69768 0.124435 0
0.729072 0.0568351 0
0.765056 0.0684152 0
0.787055 0.0704681 0
0.812016 0.0855624 0
0.836941 0.108519 0
0.866635 0.11338 0
0.893872 0.145535 0
0.903556 0.16776 0
0.923217 0.210292 0
0.930276 0.24029 0
0.93665 0.271478 0
0.951675 0.298417 0
0.948265 0.340188 0
0.959744 0.384269 0
0.96894 0.421101 0
0.970879 0.462817 0
0.985604 0.510394 0
0.975986 0.555554 0
0.98927 0.624887 0
0.98003 0.649994 0
0.980428 0.678039 0
0.985854 0.667786 0
0.976582 0.672858 0
0.971335 0.684018 0
0.969393 0.694421 0
0.950754 0.699669 0
0.928446 0.70864 0
0.896417 0.7002 0
0.882187 0.707323 0
0.846063 0.70195 0
0.828816 0.710354 0
0.804235 0.707654 1
0.763072 0.729808 0
0.722962 0.724429 0
0.672131 0.763353 0
0.632865 0.821239 0
0.583728 0.849637 0
0.535505 0.849248 0
0.498962 0.844204 0
0.42588 0.858336 0
0.37133 0.820673 0
0.325027 0.838055 0
0.301738 0.807103 0
0.25886 0.789342 0
0.230071 0.764971 0
0.187846 0.733004 0
0.160577 0.708534 0
0.130692 0.691722 0
0.0889896 0.656198 0
0.0591603 0.648247 0
0.032456 0.624793 0
0.0297804 0.619686 0
0.0217987 0.60665 0
0.0165539 0.592993 0
0.00990325 0.582506 0
0.00985567 0.562408 1
0.0135522 0.54416 0
0.0163661 0.529386 0
0 0.523327 0
0.000123912 0.50468 0
0.00338751 0.488585 0
0.00123986 0.475295 0
0.00349414 0.458226 0
0.0133068 0.449643 1
0.0100714 0.432285 0
0.0209378 0.41713 0
0.0344623 0.405065 0
0.0333387 0.379205 0
0.0437985 0.363472 0
0.0764063 0.359408 0
0.0767287 0.339059 0
0.114673 0.345141 0
0.11951 0.321564 0
0.144894 0.307416 0
0.165285 0.299971 0
0.188995 0.280047 0
0.210252 0.272698 0
0.24475 0.254915 1
0.280344 0.211809 0
0.320049 0.185224 0
0.376396 0.164062 0
0.407565 0.131467 0
0.435611 0.0915444 0
0.466937 0.0705507 0
0.527689 0.0407175 0
0.597016 0.0415686 0
0.641769 0.0320148 0
0.682425 0.00946346 0
0.70995 0.0129328 0
0.716246 0 0
0.750088 0.0147235 0
0.772015 0.033693 0
0.801093 0.0511339 0
0.831979 0.0661649 1
0.866503 0.0806017 0
0.879286 0.0976669 0
0.888737 0.145607 0
0.902525 0.16263 0
0.905259 0.199461 0
0.921396 0.235075 0
0.935838 0.276005 0
0.940892 0.314029 0
0.963505 0.369708 0
0.960093 0.396463 0
0.949973 0.439018 0
0.968577 0.508574 0
0.989644 0.547353 0
0.992517 0.605451 1
0.990793 0.619261 0
0.995694 0.629556 0
1 0.643044 0
0.998904 0.655856 0
0.996035 0.657998 0
0.982266 0.660824 0
0.966301 0.674564 0
0.953712 0.691008 0
0.928201 0.696318 0
0.894227 0.684949 0
0.869941 0.673133 0
0.853045 0.690627 0
0.838782 0.717338 0
0.804067 0.735593 0
0.759772 0.71637 0
0.727963 0.693176 0
0.691067 0.687618 0
0.66544 0.692393 0
0.611136 0.757447 0
0.579745 0.770206 0
0.612951 0.62205 0
