0.468044 0.022295 0
0.431932 0.0258334 0
0.404899 0.0322102 0
0.369517 0.0372273 0
0.330929 0.0413494 0
0.308082 0.0530098 0
0.283441 0.0523157 0
0.245905 0.045043 0
0.213691 0.0475796 0
0.188431 0.0524286 0
0.157381 0.0667506 0
0.131241 0.0854008 0
0.113652 0.119456 0
0.0978517 0.147866 0
0.0807714 0.186095 0
0.0685861 0.245057 0
0.0585095 0.291746 0
0.0464285 0.329469 0
0.0324684 0.357566 0
0.00994218 0.385251 0
0 0.431024 1
0.0188338 0.492628 0
0.0255238 0.527436 0
0.0281868 0.546889 0
0.0372867 0.562659 0
0.0458139 0.578369 0
0.050366 0.589035 0
0.0522538 0.596288 0
0.0600998 0.606693 1
0.0786248 0.604693 0
0.0985701 0.591128 0
0.119297 0.591018 0
0.139498 0.598242 0
0.163062 0.598617 0
0.188049 0.587346 0
0.217641 0.589015 0
0.248743 0.584265 0
0.278301 0.575573 0
0.314402 0.566095 0
0.340569 0.540233 0
0.367962 0.528957 0
0.403827 0.511827 0
0.440262 0.488612 0
0.492248 0.477502 0
0.557666 0.4813 0
0.622764 0.491096 0
0.669966 0.496183 0
0.694706 0.490914 0
0.717944 0.488175 0
0.740274 0.475118 0
0.767849 0.467087 0
0.793551 0.464365 0
0.815035 0.462205 0
0.841599 0.462608 0
0.873996 0.469722 0
0.893779 0.471421 0
0.907953 0.469808 0
0.92498 0.467011 0
0.933549 0.461262 0
0.946222 0.458302 0
0.983888 0.470253 0
0.978391 0.451809 0
0.97923 0.441444 1
0.995599 0.456822 0
1 0.462497 0
0.985384 0.445982 0
0.966655 0.431412 0
0.959541 0.426784 0
0.950872 0.420535 0
0.941784 0.414145 0
0.930792 0.412365 0
0.913495 0.409169 0
0.889613 0.406788 0
0.873256 0.397121 0
0.863418 0.384331 0
0.845354 0.366278 0
0.827988 0.340949 0
0.806076 0.309584 0
0.780588 0.277063 0
0.743245 0.237968 0
0.706343 0.202633 0
0.67151 0.172808 0
0.641256 0.143976 0
0.61602 0.114869 0
0.598053 0.0864413 0
0.579336 0.0572708 0
0.567915 0.0408213 0
0.548363 0.0244891 0
0.516212 0 1
0.450737 0.00826324 0
0.403875 0.0182727 0
0.379692 0.0205858 0
0.350759 0.0333704 0
0.315339 0.0505325 0
0.286472 0.0553939 0
0.261959 0.0474517 0
0.23187 0.0412523 0
0.202837 0.0385782 0
0.171722 0.0430099 0
0.147799 0.0533653 0
0.113292 0.0457611 1
0.100443 0.0801373 0
0.0851353 0.111645 0
0.121838 0.145374 0
0.110295 0.187239 0
0.0936188 0.238035 0
0.0493498 0.290371 0
0.0399374 0.349591 0
0.0264981 0.383087 0
0.0207865 0.424772 0
0.0261723 0.467732 0
0.0351699 0.507594 0
0.0462858 0.537095 0
0.0577341 0.561847 0
0.0642222 0.586734 0
0.0710115 0.608423 0
0.0817342 0.625003 0
0.0902307 0.634839 0
0.0977442 0.632681 0
0.10758 0.62339 0
0.120422 0.615573 0
0.147407 0.623717 0
0.172965 0.6252 0
0.192591 0.620207 0
0.223449 0.628981 0
0.259334 0.642762 0
0.286344 0.636719 0
0.308774 0.630492 1
