0.0851214 0.55851 0
0.0740898 0.579499 0
0.063129 0.591599 0
0.0462781 0.612363 0
0.0306335 0.640243 1
0.0389384 0.660399 0
0.0431664 0.670278 0
0.0641549 0.674821 0
0.0686772 0.691932 0
0.0656283 0.715488 0
0.0717735 0.729436 0
0.0744531 0.746362 0
0.0670731 0.77033 1
0.0805713 0.784266 0
0.0973269 0.792483 0
0.0966035 0.801993 0
0.0881576 0.831446 0
0.102867 0.841493 0
0.111491 0.851408 0
0.123587 0.863239 0
0.138255 0.877478 0
0.154684 0.885458 0
0.168478 0.890302 0
0.183521 0.904705 0
0.205216 0.924842 0
0.225081 0.948308 0
0.243931 0.953172 0
0.264563 0.957397 0
0.286514 0.967147 0
0.311106 0.974739 0
0.323365 0.970598 0
0.335328 0.958543 0
0.351947 0.942701 0
0.363077 0.928079 0
0.365785 0.915437 0
0.371798 0.902277 0
0.385464 0.887747 0
0.407171 0.870143 0
0.437561 0.858031 0
0.466289 0.838702 0
0.484085 0.816993 0
0.496788 0.799809 0
0.512661 0.781937 0
0.521305 0.762377 0
0.532925 0.748991 0
0.538548 0.740904 0
0.535864 0.730407 0
0.530707 0.720289 0
0.526313 0.718218 0
0.516864 0.699758 0
0.518937 0.681767 0
0.518567 0.652539 0
0.509375 0.625945 0
0.49353 0.604253 0
0.47661 0.583646 0
0.468572 0.562848 0
0.457795 0.539969 0
0.439464 0.517905 0
0.420674 0.495062 0
0.401382 0.478472 0
0.375185 0.472007 0
0.355233 0.453222 0
0.335659 0.433464 0
0.319963 0.414259 0
0.306299 0.39187 0
0.288995 0.373013 0
0.275642 0.354464 0
0.270314 0.332095 0
0.265819 0.311746 0
0.254741 0.291574 0
0.249179 0.271473 0
0.251187 0.259664 0
0.253655 0.248011 0
0.246679 0.223124 0
0.236959 0.201232 0
0.238577 0.181467 0
0.24067 0.16412 0
0.236875 0.140571 0
0.231981 0.106932 0
0.234013 0.0920777 0
0.234326 0.0766807 0
0.234596 0.0597992 0
0.234921 0.0471905 0
0.235884 0.0382865 0
0.237145 0.0322843 0
0.232837 0.0252079 0
0.223822 0.0153956 0
0.212601 0.010804 0
0.201626 0.0110544 0
0.188981 0.0117884 0
0.175871 0.0131069 0
0.163087 0.0149534 0
0.151814 0.0155878 0
0.143473 0.016843 0
0.13326 0.0177434 0
0.120872 0.0178522 0
0.104677 0.0174025 0
0.0969572 0.0180041 0
0.087084 0.0199773 0
0.0713687 0.024809 0
0.0536251 0.0310856 1
0.050968 0.0472398 0
0.0485208 0.0722432 0
0.0474837 0.0999696 0
0.0540458 0.118162 0
0.0558722 0.129799 0
0.0492833 0.14458 0
0.0457847 0.161359 0
0.0413086 0.179953 0
0.0265325 0.198976 0
0.0126513 0.218352 0
0.00366983 0.231242 0
0.00472151 0.236739 0
0 0.250292 0
0.00161193 0.261099 1
0.00943394 0.274154 0
0.023427 0.279621 0
0.0306039 0.291692 0
0.0344132 0.307757 0
0.0402067 0.325723 0
0.0470447 0.343778 0
0.0497213 0.359985 0
0.0389847 0.378392 0
0.030054 0.401573 0
0.0313829 0.420226 0
0.0366463 0.438074 0
0.0419968 0.45813 1
0.0398022 0.470857 0
0.0448252 0.484655 0
0.0528548 0.498875 0
0.0629928 0.513489 0
0.0702207 0.528527 0
0.0956661 0.530875 0
0.104595 0.545616 0
0.104145 0.565186 0
0.106245 0.582264 0
0.115449 0.596733 0
0.117776 0.614823 0
0.116925 0.636671 0
0.113756 0.659677 0
0.113898 0.682495 0
0.118576 0.704686 0
0.122754 0.728715 0
0.128554 0.751857 0
0.141032 0.775314 0
0.153315 0.798297 0
0.16307 0.816077 0
0.175607 0.830911 0
0.195932 0.839174 0
0.203368 0.861739 0
0.216043 0.881234 0
0.229948 0.91017 0
0.250959 0.92661 0
0.265136 0.943031 0
0.285478 0.95005 0
0.305124 0.965334 0
0.319612 0.971442 0
0.337255 0.968195 0
0.34627 0.985532 0
0.356875 0.990765 0
0.367958 0.987487 0
0.382598 0.99256 0
0.391525 0.964571 1
0.394215 0.943137 0
0.405165 0.92306 0
0.427302 0.891907 0
0.447378 0.867384 0
0.487453 0.840616 0
0.496453 0.833564 0
0.51053 0.818265 0
0.532714 0.792302 0
0.545507 0.763531 0
0.553419 0.756809 0
0.562849 0.737182 0
0.560744 0.718474 0
0.554877 0.701049 0
0.551118 0.682766 0
0.541572 0.667319 0
0.5279 0.655223 0
0.516352 0.640108 0
0.503602 0.61828 0
0.491366 0.593079 0
0.478882 0.569139 0
0.466383 0.545314 0
0.456417 0.519662 1
0.441097 0.502623 0
0.43783 0.478808 0
0.389274 0.473388 0
0.372017 0.457252 0
0.358017 0.440805 0
0.34774 0.426992 0
0.339365 0.413706 0
0.343384 0.389268 1
0.335884 0.366717 0
0.327946 0.350448 0
0.321899 0.337467 0
0.319339 0.31174 0
0.313937 0.291154 0
0.309352 0.276183 0
0.308067 0.250668 0
0.299689 0.256388 1
0.304283 0.215379 0
0.293025 0.200435 0
0.286232 0.172652 0
0.288452 0.159378 0
0.283636 0.126418 0
0.286089 0.106363 0
0.292799 0.0930338 0
0.295441 0.0838022 1
0.290743 0.0708919 0
0.289032 0.0512664 0
0.284836 0.034719 0
0.280342 0.0232264 0
0.274553 0.0124371 0
0.26705 0 1
0.255047 0.00375475 0
0.243412 0.00520064 0
0.228466 0.00803776 0
0.211842 0.010471 0
0.196664 0.0140523 0
0.186841 0.0185556 0
0.177785 0.021447 0
0.1718 0.0225256 0
0.161185 0.0267633 0
0.144153 0.0323233 0
0.130249 0.0349421 0
0.124499 0.0361803 0
0.114135 0.0403985 0
0.0978966 0.0503618 0
0.0865072 0.0786176 0
0.087031 0.0995995 1
0.0902167 0.112764 0
0.085915 0.132377 0
0.0823076 0.151465 0
0.0765257 0.172371 0
0.055136 0.197465 0
0.038661 0.221247 0
0.0399641 0.236231 0
0.0393608 0.242438 0
0.040972 0.249411 0
0.0460731 0.259309 0
0.0489573 0.260183 0
0.0557761 0.263066 0
0.0565877 0.277953 0
0.05904 0.292705 0
0.068023 0.302256 0
0.0739077 0.314093 0
0.0677843 0.334291 0
0.0612882 0.354364 0
0.0688797 0.365524 0
0.0780044 0.380259 0
0.0835649 0.397652 0
0.0885244 0.414657 0
0.0917454 0.432383 0
0.0901876 0.453404 0
0.0917085 0.478515 0
0.0968137 0.479599 0
0.0954596 0.498412 0
0.0954225 0.5194 0
0.104589 0.533781 0
0.106886 0.547352 0
0.102014 0.564002 0
0.0982027 0.583305 0
0.0854728 0.618743 0
0.0830546 0.63877 0
0.0794359 0.661913 0
0.0693876 0.694856 0
0.068481 0.721224 0
0.0666517 0.742635 0
0.0753017 0.76949 0
0.0849815 0.798655 0
0.103914 0.819062 0
0.10199 0.859455 0
0.111883 0.871149 0
0.126272 0.885487 0
0.133058 0.91564 0
0.138314 0.949102 0
0.146872 0.96198 0
0.154265 0.967966 1
0.175031 0.963268 0
0.195434 0.96762 0
0.210991 0.977787 0
0.223434 0.985757 0
0.237071 0.995586 0
0.25527 0.997042 0
0.270338 1 0
0.285531 0.979424 0
0.305772 0.956857 0
0.339274 0.931493 0
0.375627 0.910788 0
0.41029 0.889247 0
0.456846 0.864514 0
0.489828 0.864872 1
0.496821 0.842015 0
0.506437 0.82802 0
0.521707 0.808172 0
0.540685 0.795102 0
0.559513 0.785177 0
0.569537 0.78007 0
0.57048 0.76282 0
0.575689 0.732185 0
0.574646 0.7251 0
0.573077 0.716918 0
0.572883 0.705108 0
0.573338 0.692139 0
0.574212 0.679069 0
0.575289 0.665714 0
0.575265 0.652595 0
0.573425 0.640173 0
0.579669 0.627334 0
0.588875 0.6051 1
0.562539 0.612041 0
0.56104 0.611304 0
0.547536 0.607253 0
0.5391 0.602433 0
