0.483593 0.818439 0
0.543253 0.837159 0
0.561797 0.803593 0
0.601487 0.775717 0
0.652089 0.745032 0
0.680193 0.717046 0
0.683678 0.704866 0
0.703004 0.689152 0
0.758339 0.653422 0
0.750936 0.653818 0
0.785636 0.622396 0
0.831838 0.596166 0
0.864198 0.558029 0
0.897392 0.523767 0
0.929755 0.516943 0
0.962018 0.507838 0
0.980096 0.489067 0
0.962915 0.46884 0
0.946087 0.429997 0
0.918668 0.395966 0
0.929086 0.36511 0
0.900818 0.315183 0
0.911 0.266727 0
0.899517 0.219585 0
0.894255 0.171896 0
0.89918 0.105303 0
0.868801 0.0734895 0
0.846015 0.0534501 0
0.814059 0.100061 0
0.722581 0.0752052 0
0.668242 0.0605079 0
0.649499 0.0755045 0
0.595773 0.0687522 0
0.571814 0.0725923 0
0.545221 0.0823383 0
0.510763 0.105441 0
0.474055 0.105265 0
0.43627 0.103192 0
0.405877 0.117326 0
0.396716 0.153593 0
0.383319 0.204024 0
0.354506 0.225768 0
0.332826 0.253115 0
0.29663 0.27091 0
0.280973 0.318826 0
0.232319 0.35458 0
0.225652 0.396628 0
0.182561 0.420749 0
0.136182 0.448405 0
0.108138 0.464209 0
0.1119 0.508137 0
0.103685 0.539589 0
0.0917014 0.567463 0
0.0738203 0.583048 0
0.0688741 0.614047 0
0.0460584 0.622379 0
0.0330143 0.653686 0
0.021382 0.668759 0
0.000410967 0.679526 0
0.000400108 0.690783 0
0.00898438 0.714344 1
0.00937536 0.736416 0
0.0123473 0.756137 0
0.0217686 0.78516 0
0.0317277 0.815392 0
0.0444313 0.853214 0
0.0495741 0.873926 0
0.0582386 0.901938 0
0.0810696 0.916043 0
0.0964786 0.945856 0
0.10832 0.954418 0
0.123664 0.949923 0
0.136957 0.949961 1
0.141631 0.946089 0
0.145004 0.934072 0
0.154132 0.921116 0
0.199865 0.962739 0
0.243036 0.979822 0
0.281289 1 0
0.301508 0.984552 0
0.315144 0.955546 0
0.307748 0.915816 0
0.347105 0.915738 0
0.384382 0.906592 0
0.419764 0.909917 0
0.453523 0.903119 0
0.473049 0.892384 0
0.506837 0.881793 0
0.522378 0.839841 0
0.574476 0.826588 0
0.598654 0.787625 1
0.623691 0.755606 0
0.621779 0.72969 0
0.637031 0.730304 0
0.634468 0.703226 0
0.651347 0.6866 0
0.644964 0.645453 0
0.67664 0.620017 0
0.723101 0.596583 0
0.766327 0.567508 0
0.794021 0.548978 0
0.839039 0.519818 0
0.917473 0.509832 0
0.881349 0.474961 0
0.888717 0.442417 0
0.903535 0.420944 0
0.909993 0.396711 1
0.896994 0.362176 0
0.8969 0.321671 0
0.882085 0.282454 0
0.874111 0.243652 0
0.856329 0.200134 0
0.837133 0.159167 0
0.828635 0.126255 0
0.817348 0.066156 0
0.788202 0.0468455 0
0.760953 0.0384357 1
0.731036 0.0219296 0
0.692894 0.015262 0
0.64842 0.00947291 0
0.61415 0 0
0.584424 0.0164615 0
0.544232 0.0429457 0
0.527232 0.0566473 0
0.487479 0.0766709 1
0.455294 0.0797414 0
0.426234 0.104758 0
0.397884 0.118852 0
0.368373 0.123411 0
0.355408 0.159831 0
0.331911 0.192965 0
0.297602 0.195996 0
0.288903 0.245046 0
0.263279 0.265615 0
0.247158 0.305554 1
0.236606 0.34018 0
0.179521 0.369277 0
0.101167 0.394851 0
0.0865917 0.421257 0
0.086513 0.442729 0
0.0748407 0.47572 0
0.0383577 0.49919 0
0.0503994 0.527793 0
0.0464962 0.548665 0
0.0492178 0.568105 0
0 0.592497 0
0.0353235 0.644935 0
0.109559 0.74289 0
