0.170784 0.442628 0
0.168187 0.434965 0
0.193548 0.387265 0
0.208349 0.36218 0
0.208277 0.349566 0
0.197676 0.345044 0
0.209799 0.319591 0
0.226943 0.271461 0
0.222219 0.245912 0
0.231486 0.205283 0
0.272403 0.175297 0
0.317352 0.141323 0
0.32614 0.121484 0
0.3024 0.121732 0
0.277366 0.122359 0
0.269776 0.119469 0
0.269231 0.113804 0
0.28441 0.107716 0
0.286991 0.124966 0
0.30222 0.148044 0
0.340173 0.182199 0
0.353062 0.186527 0
0.32142 0.23418 0
0.240534 0.327721 0
0.232124 0.286023 1
0.283352 0.215673 0
0.304248 0.199197 0
0.317912 0.207444 0
0.335192 0.208676 0
0.34532 0.218986 0
0.354017 0.246477 0
0.377409 0.254797 0
0.394264 0.263145 0
0.420121 0.297643 0
0.398636 0.273862 0
0.392946 0.290734 0
0.390907 0.320233 0
0.395632 0.339169 0
0.392998 0.396142 0
0.367826 0.442008 0
0.363256 0.460352 0
0.355697 0.471928 0
0.364414 0.465329 0
0.384831 0.438394 0
0.401844 0.430593 0
0.43291 0.396564 0
0.471749 0.345969 0
0.467585 0.357957 0
0.462254 0.342515 0
0.474263 0.3317 0
0.499808 0.308817 0
0.541875 0.25975 0
0.570998 0.217235 0
0.573648 0.237816 0
0.60228 0.1999 1
0.610771 0.18923 0
0.609228 0.189276 0
0.619702 0.17758 0
0.628332 0.167705 0
0.635833 0.149828 0
0.636271 0.106798 0
0.626897 0.122974 0
0.615334 0.115916 0
0.583601 0.126135 0
0.547557 0.129433 0
0.511189 0.114934 0
0.481036 0.0930666 0
0.444298 0.0988514 0
0.406893 0.111725 0
0.373778 0.11649 0
0.346727 0.123774 0
0.310957 0.147337 0
0.271669 0.186615 0
0.225749 0.228212 0
0.194463 0.258442 0
0.191184 0.268563 0
0.20062 0.262577 0
0.220638 0.247414 0
0.237685 0.232717 0
0.251426 0.225088 0
0.26687 0.224541 0
0.282301 0.236638 0
0.278572 0.257763 0
0.273924 0.279401 0
0.266984 0.308714 0
0.25801 0.335632 0
0.256471 0.350387 0
0.219986 0.390659 0
0.202627 0.420916 0
0.18581 0.466142 0
0.159846 0.497119 0
0.152283 0.463237 0
0.163623 0.423824 1
0.182048 0.430113 0
0.175366 0.474706 0
0.154114 0.518825 0
0.156149 0.544238 1
0.28895 0.436651 0
0.400698 0.345172 0
0.491217 0.255462 0
0.58646 0.155589 1
0.582537 0.184402 0
0.57895 0.190311 0
0.588446 0.167756 0
0.596309 0.153367 0
0.600919 0.134412 0
0.622761 0.103599 0
0.63559 0.102498 0
0.634137 0.111675 0
0.629781 0.132513 0
0.634381 0.144302 0
0.629165 0.16743 0
0.647509 0.139867 1
0.6613 0.133163 0
0.672277 0.139273 0
0.672503 0.143311 0
0.684815 0.130283 0
0.700037 0.116247 0
0.703888 0.110839 0
0.699736 0.11167 0
0.708032 0.100437 0
0.714785 0.099115 0
0.716852 0.103147 0
0.717504 0.0807222 0
0.69807 0.0719624 0
0.652857 0.101991 0
0.666127 0.0598141 0
0.642129 0.055004 0
0.634245 0.0737172 0
0.636548 0.0791448 0
0.62468 0.111266 1
0.629118 0.0911489 0
0.599873 0.0641085 0
0.611106 0.0630292 0
0.642891 0.0403381 0
0.642477 0.0563561 0
0.619447 0.111242 0
0.588871 0.158054 0
0.54794 0.196866 0
0.522447 0.222923 0
0.484377 0.261293 0
0.462597 0.269379 0
0.453839 0.259756 0
0.456965 0.223812 0
0.509318 0.127791 1
0.501174 0.156961 0
0.484225 0.18497 0
0.482712 0.196821 0
0.458932 0.22917 0
0.410836 0.264272 0
0.371216 0.296563 0
0.338837 0.330592 0
0.313952 0.378834 0
0.283654 0.431756 0
0.263776 0.473505 0
0.244457 0.515722 0
0.220554 0.561841 0
0.199176 0.607039 0
0.184023 0.639387 0
0.18 0.659856 0
0.155198 0.696885 1
0.110075 0.718632 0
0.0646057 0.728839 0
0.0434614 0.706851 0
0.069938 0.65305 0
0.0925891 0.602936 0
0.0861291 0.584263 1
0.0919211 0.535038 0
0.0720243 0.521504 0
0.075517 0.498208 0
0.0894011 0.462751 0
0.0808401 0.449265 0
0.0909565 0.427437 0
0.106449 0.408598 0
0.11196 0.403568 0
0.0756064 0.426874 0
0.0399457 0.443903 0
0.0165789 0.445575 0
0 0.439529 0
0.023791 0.399198 0
0.0841482 0.310274 1
0.140757 0.236688 0
0.196069 0.168267 0
0.235574 0.116426 0
0.252532 0.0981376 0
0.291564 0.0844706 0
0.311218 0.0667773 0
0.297427 0.0504229 0
0.291089 0.0459059 0
0.291058 0.0413716 0
0.314045 0.0540477 0
0.353603 0.0634193 0
0.384109 0.0779005 1
0.378722 0.102532 0
0.373215 0.119264 0
0.390077 0.129365 0
0.427705 0.139252 0
0.465796 0.154323 0
0.482666 0.166216 0
0.505739 0.16374 0
0.521291 0.154798 0
0.525625 0.14252 0
0.53806 0.126224 0
0.569935 0.123841 0
0.617162 0.134002 0
0.6469 0.136273 0
0.674097 0.124617 0
0.684788 0.107667 0
0.66429 0.118459 0
0.621442 0.146695 0
0.573731 0.168105 0
0.544658 0.174056 0
0.538625 0.16513 0
0.567624 0.123013 0
0.58662 0.0943253 0
0.583895 0.0882857 0
0.560189 0.103683 0
0.544652 0.113444 0
0.57833 0.0836657 1
0.516665 0.121299 0
0.452782 0.189681 0
0.407025 0.222806 0
0.371587 0.242804 0
0.343286 0.261612 0
0.309207 0.28496 0
0.271534 0.306924 0
0.227427 0.348834 0
0.16272 0.39001 0
0.10811 0.424306 1
0.196517 0.357786 0
0.309637 0.275284 0
0.437328 0.182504 0
0.545881 0.104306 1
0.567434 0.082167 0
0.587929 0.0620196 0
0.603838 0.0397036 0
0.601938 0.0414654 0
0.612287 0.0222892 0
0.624508 0 0
0.606891 0.00513329 0
0.560197 0.0649277 0
0.527719 0.10565 0
0.510268 0.116819 1
0.456651 0.159954 0
0.417359 0.194697 0
0.331085 0.270356 0
0.195716 0.381013 0
0.127462 0.444362 0
0.101628 0.468234 1
0.173142 0.39268 0
0.258479 0.303613 0
0.361753 0.208998 0
0.442229 0.121916 1
0.474478 0.0827315 0
0.483526 0.0707605 0
0.494332 0.0473398 0
0.496688 0.0262692 0
0.505389 0.00575091 0
0.484735 0.024738 0
0.448543 0.0569429 0
0.419209 0.0582686 0
0.392142 0.0990842 0
0.417138 0.0946917 0
0.411907 0.133612 0
0.40243 0.143801 1
0.383085 0.146274 0
0.313744 0.169422 0
0.342833 0.13071 0
0.346424 0.177125 0
0.336801 0.189903 0
0.379686 0.15896 1
0.381137 0.222656 0
0.356744 0.276504 0
0.344271 0.321876 0
0.330685 0.359921 0
0.355125 0.405917 0
0.326067 0.445977 0
0.323057 0.48116 0
0.286404 0.551522 0
0.259766 0.640309 0
0.206347 0.75175 1
0.200137 0.749783 0
0.183457 0.763429 0
0.174132 0.767123 0
0.163811 0.775208 0
0.159036 0.777751 0
0.147952 0.790732 0
0.14093 0.805454 0
0.145738 0.807586 0
0.147763 0.822027 0
0.160721 0.819931 0
0.198286 0.78543 0
0.234799 0.756113 0
0.236118 0.755479 0
0.225948 0.765206 0
0.232878 0.756492 0
0.221153 0.762073 1
0.272497 0.712834 0
0.313427 0.677283 0
0.346183 0.640587 0
0.334811 0.651066 0
0.320021 0.675002 0
0.347363 0.633913 0
0.226517 0.739114 0
0.219213 0.735178 0
0.185791 0.756907 0
0.174775 0.752138 1
0.180166 0.721583 0
0.15242 0.708057 0
0.123505 0.710384 0
0.073141 0.716501 0
0.074227 0.670385 0
0.0824418 0.623081 0
0.113465 0.552015 0
0.121529 0.527191 0
0.11213 0.51 0
0.112882 0.484404 0
0.10214 0.464883 0
0.11256 0.423012 0
0.14058 0.37719 0
0.166002 0.323407 0
0.169877 0.282615 0
0.218341 0.23643 0
0.224683 0.2263 0
0.219389 0.219892 1
0.200802 0.276834 0
0.154785 0.342642 0
0.125403 0.389487 0
0.145701 0.396385 0
0.124705 0.421441 0
0.131232 0.439571 0
0.171373 0.422624 0
0.198964 0.422139 0
0.189081 0.460553 0
0.190196 0.489521 0
0.186222 0.520067 0
0.116813 0.603968 1
0.124294 0.605613 0
0.128465 0.637047 0
0.142199 0.648298 0
0.14176 0.652752 0
0.0717327 0.670371 0
0.0603694 0.655474 0
0.0767334 0.649544 0
0.0893398 0.6348 0
0.0945303 0.597092 0
0.100209 0.557407 1
0.0932992 0.572067 0
0.10187 0.548826 1
0.521117 0.692652 0
0.916932 0.836228 1
0.900082 0.861271 0
0.889245 0.87265 0
0.870903 0.881691 0
0.813874 0.907617 0
0.713402 0.947466 0
0.777101 0.907038 1
0.725242 0.894098 0
0.617408 0.924412 0
0.549539 0.956487 0
0.543219 0.948762 0
0.497401 0.986691 0
0.440766 0.992842 0
0.371344 0.972176 0
0.288721 1 0
0.342884 0.953617 0
0.280914 0.960764 0
0.243338 0.962096 0
0.26807 0.957946 0
0.229447 0.938261 0
0.222326 0.97116 0
0.223233 0.92157 0
0.214603 0.919579 0
0.214705 0.906855 0
0.221596 0.904242 0
0.227062 0.917183 0
0.218531 0.916578 0
0.209435 0.914728 0
0.203386 0.901996 0
0.197287 0.882515 0
0.176378 0.851693 1
0.185556 0.88518 0
0.186518 0.875403 0
0.168095 0.882846 0
0.171779 0.907728 0
0.16937 0.909039 0
0.167527 0.899576 0
0.161918 0.902604 0
0.172793 0.92979 0
0.246978 0.946882 0
0.24236 0.95091 0
0.236904 0.978427 0
0.219747 0.974388 0
0.204526 0.943089 0
0.177069 0.938829 0
0.235804 0.896764 0
0.192953 0.901643 1
0.266791 0.905428 0
0.291922 0.906259 0
0.310643 0.956425 0
0.312419 0.946659 0
0.338731 0.95069 0
0.421688 0.936337 1
0.469106 0.946519 0
0.47417 0.939975 0
0.484291 0.936679 0
0.506359 0.916962 0
0.484096 0.96648 0
0.482215 0.920495 0
0.544445 0.915594 0
0.565876 0.89745 0
0.589849 0.917838 0
0.629205 0.922318 0
0.673887 0.935078 0
0.575676 0.890808 0
0.534994 0.856323 0
0.600563 0.882749 0
0.617462 0.881907 0
0.672219 0.887415 0
0.708575 0.870988 0
0.756518 0.862121 0
0.769238 0.839209 0
0.797163 0.833469 1
0.825721 0.810321 0
0.841197 0.792926 0
0.83655 0.778189 0
0.885502 0.766329 0
0.872934 0.747942 0
0.895107 0.719927 0
0.895116 0.713245 0
0.883518 0.706418 0
0.905539 0.698656 0
0.922618 0.680699 0
0.93267 0.658531 0
0.953722 0.646631 1
0.927372 0.628327 0
0.966283 0.609365 0
0.953714 0.600201 0
0.943378 0.585879 0
0.95484 0.580712 0
0.958134 0.557426 0
0.966149 0.542802 0
0.943626 0.538957 0
0.931555 0.530158 0
0.959988 0.503346 0
0.917054 0.520192 0
0.932335 0.492911 0
0.903151 0.466723 0
0.90388 0.418568 0
0.869958 0.415594 0
0.884814 0.379503 0
0.882227 0.376692 0
0.883365 0.377514 1
0.856655 0.326852 0
0.869803 0.307872 0
0.854462 0.315948 0
0.845423 0.291764 0
0.837173 0.308042 0
0.799836 0.296265 0
0.77634 0.302507 0
0.749779 0.314052 0
0.773941 0.327443 0
0.742093 0.316093 0
0.772433 0.306116 0
0.723878 0.306976 0
0.699271 0.332497 0
0.646498 0.338855 0
0.643065 0.34907 0
0.573524 0.389978 0
0.551417 0.378202 0
0.566221 0.382396 0
0.562783 0.397572 0
0.479974 0.436789 0
0.448693 0.4596 0
0.514684 0.440098 0
0.424618 0.510289 0
0.382789 0.524271 1
0.414555 0.526026 0
0.440566 0.514211 0
0.519662 0.495589 0
0.492276 0.524681 0
0.553551 0.522384 0
0.524242 0.53124 0
0.546294 0.532356 0
0.512896 0.554227 0
0.54351 0.566979 0
0.533531 0.565175 0
0.500132 0.603298 0
0.475372 0.615812 0
0.494972 0.626273 0
0.570004 0.591916 0
0.598985 0.561191 0
0.590283 0.572646 0
0.626409 0.551885 0
0.60821 0.572001 0
0.609585 0.563877 0
0.578229 0.59471 0
0.608072 0.558292 0
0.656884 0.548489 0
0.592002 0.596446 0
0.673058 0.547418 1
0.65288 0.565872 0
0.583481 0.590219 0
0.525571 0.639352 0
0.537966 0.61678 0
0.536633 0.613909 0
0.573744 0.587072 0
0.619389 0.576813 0
0.629151 0.550824 0
0.585007 0.559245 0
0.608411 0.539168 0
0.550773 0.57898 0
0.539226 0.582281 0
0.576673 0.606991 0
0.554639 0.61455 0
0.543138 0.614561 0
0.596557 0.570895 0
0.601453 0.581209 0
0.609915 0.590086 0
0.605416 0.596323 0
0.631745 0.588455 0
0.57788 0.591656 0
0.615338 0.602836 0
0.594455 0.584723 0
0.595811 0.607431 0
0.581942 0.576263 0
0.519015 0.613983 0
0.581533 0.584551 0
0.569177 0.594213 0
0.571565 0.558478 0
0.593009 0.565804 0
0.571863 0.536726 0
0.577755 0.595057 0
0.568023 0.589257 0
0.5362 0.594119 0
0.550258 0.590781 0
0.52505 0.601954 0
0.511937 0.604217 0
0.476997 0.602576 0
0.545033 0.558208 0
