0.197147 0.735213 0
0.226621 0.767279 0
0.223192 0.769615 0
0.222841 0.769124 0
0.222717 0.769082 0
0.22274 0.769113 0
0.222749 0.769183 0
0.222919 0.769153 0
0.223035 0.769028 0
0.222986 0.769044 0
0.223301 0.76899 0
0.223254 0.769091 0
0.223403 0.769082 0
0.223371 0.76908 0
0.223191 0.769079 0
0.223106 0.768979 0
0.222888 0.769076 0
0.222774 0.769193 0
0.222827 0.769286 0
0.222867 0.769272 0
0.222819 0.769266 0
0.222697 0.7692 0
0.222541 0.769262 0
0.22253 0.769209 0
0.222286 0.769369 0
0.222284 0.769339 0
0.222294 0.769343 0
0.222503 0.769355 0
0.222379 0.769404 0
0.222503 0.769353 0
0.222658 0.769236 0
0.222684 0.769323 0
0.222572 0.769373 0
0.22255 0.769387 0
0.222391 0.769328 0
0.222383 0.76934 0
0.222413 0.769315 0
0.222304 0.769366 0
0.222392 0.769383 0
0.222644 0.769416 0
0.222789 0.769335 0
0.222688 0.769304 0
0.222486 0.769223 0
0.222467 0.76921 0
0.222458 0.76934 0
0.222327 0.769411 0
0.22259 0.769479 0
0.222492 0.769366 0
0.22282 0.769526 0
0.222403 0.76939 0
0.222312 0.769353 0
0.222336 0.769351 0
0.222234 0.769365 1
0.222234 0.769365 0
0.222234 0.769365 0
0.222234 0.769365 0
0.222234 0.769365 0
0.222234 0.769365 0
0.222234 0.769365 0
0.222234 0.769364 0
0.22225 0.769381 0
0.222468 0.769397 0
0.224138 0.768316 0
0.226978 0.754544 0
0.135541 0.581793 0
0.124219 0.603865 0
0.121923 0.607591 0
0.122187 0.608358 0
0.122251 0.608598 0
0.122259 0.608646 0
0.122263 0.608652 0
0.122262 0.608653 0
0.122262 0.608653 0
0.122262 0.608653 0
0.122262 0.608654 0
0.122263 0.608653 0
0.122265 0.608652 0
0.122233 0.608603 0
0.122185 0.608556 0
0.122069 0.608524 0
0.122262 0.608654 1
0.124028 0.609524 0
0.12623 0.610525 0
0.126977 0.611194 0
0.129332 0.612411 0
0.129523 0.613349 0
0.131581 0.614672 0
0.135525 0.617178 0
0.137281 0.617784 0
0.137368 0.619042 0
0.137844 0.621055 0
0.140287 0.623074 0
0.141249 0.624586 0
0.143428 0.626662 0
0.143718 0.63128 0
0.141079 0.633449 0
0.144127 0.635092 0
0.142613 0.636843 0
0.143529 0.638436 1
0.146191 0.636082 0
0.133319 0.610283 0
0.224798 0.765362 0
0.239967 0.769689 0
0.23917 0.771671 0
0.239256 0.771686 0
0.239855 0.772417 0
0.232787 0.775871 0
0.293945 0.802855 0
0.295609 0.807338 0
0.298318 0.815427 0
0.236972 0.781793 0
0.295061 0.807701 0
0.240013 0.77746 0
0.252022 0.777244 0
0.302913 0.842216 0
0.296889 0.849086 0
0.296377 0.853258 0
0.298589 0.859135 0
0.296405 0.863371 0
0.29554 0.865992 0
0.295089 0.869842 0
0.29305 0.871668 0
0.291165 0.874239 0
0.290737 0.876581 0
0.291251 0.876316 0
0.290897 0.876737 0
0.290401 0.877745 0
0.290351 0.8786 0
0.290143 0.878848 0
0.28969 0.879464 0
0.289647 0.880559 0
0.288844 0.88111 0
0.288339 0.88121 0
0.288178 0.881302 0
0.287931 0.881458 0
0.288099 0.881445 0
0.288187 0.881312 0
0.287874 0.881784 0
0.287172 0.881588 0
0.286363 0.882032 0
0.285911 0.88202 1
0.285534 0.881826 0
0.285493 0.881097 0
0.284545 0.881202 0
0.284229 0.880476 0
0.282858 0.879788 0
0.282526 0.878577 0
0.281936 0.878262 0
0.281797 0.87693 0
0.2812 0.875144 0
0.280341 0.875022 0
0.279968 0.874073 0
0.279837 0.873375 0
0.279716 0.871905 0
0.278942 0.870804 0
0.27797 0.870265 0
0.277796 0.869498 0
0.277151 0.86843 0
0.276471 0.867574 0
0.27888 0.869271 0
0.309481 0.862773 0
0.315805 0.846862 0
0.20678 0.768722 0
0.123274 0.666532 0
0.123855 0.6737 0
0.125166 0.673137 0
0.128103 0.673179 0
0.13058 0.673442 0
0.135804 0.672848 0
0.140092 0.674182 0
0.142272 0.676093 0
0.196693 0.76653 0
0.189387 0.764045 1
0.189285 0.763638 0
0.189756 0.762593 0
0.190123 0.770042 0
0.173166 0.686789 0
0.174184 0.678208 0
0.176205 0.676926 0
0.176182 0.676908 0
0.176309 0.67675 0
0.176008 0.676801 0
0.175814 0.676689 0
0.175651 0.676464 0
0.175996 0.676003 0
0.17577 0.675435 0
0.176577 0.675052 0
0.176826 0.674957 0
0.176968 0.675534 0
0.177005 0.675753 0
0.177132 0.675875 0
0.177059 0.676587 0
0.17703 0.676607 1
0.178314 0.678702 0
0.179652 0.682067 0
0.181198 0.685204 0
0.182393 0.684686 0
0.183787 0.68487 0
0.18626 0.690167 0
0.188397 0.69138 0
0.191351 0.693112 0
0.19254 0.695668 0
0.194925 0.698812 0
0.199587 0.704842 0
0.199268 0.708512 0
0.20224 0.71686 0
0.19983 0.722851 0
0.20174 0.728497 0
0.202113 0.731262 1
0.201998 0.731257 0
0.201657 0.73103 0
0.201374 0.731106 0
0.200871 0.730729 0
0.199784 0.729633 0
0.200153 0.730616 0
0.195629 0.730138 0
0.172675 0.735757 0
0.165794 0.741348 0
0.167454 0.75026 0
0.169974 0.760026 0
0.170279 0.760701 0
0.173214 0.764189 0
0.174449 0.765916 0
0.17728 0.765866 0
0.178279 0.766062 1
0.178227 0.766079 0
0.178163 0.766417 0
0.178052 0.765113 0
0.176701 0.764286 0
0.176073 0.762199 0
0.169622 0.758036 0
0.0313472 0.412926 0
0.0421584 0.328112 0
0.235413 0.693522 0
0.0515008 0.447486 0
0.195233 0.691445 0
0.174694 0.754263 0
0.240108 0.656895 0
0.00555817 0.403258 0
0.0621985 0.391469 0
0.0675123 0.392897 0
0.0689221 0.396134 0
0.0681003 0.396561 0
0.0689333 0.395702 0
0.0688032 0.39485 0
0.0684658 0.395378 0
0.0719068 0.395965 0
0.0734277 0.396389 0
0.0738635 0.395427 0
0.0755251 0.395259 0
0.075638 0.396149 1
0.0757609 0.396071 0
0.0754317 0.396153 0
0.0753543 0.396648 0
0.0742061 0.395911 0
0.072597 0.396049 0
0.0713721 0.396026 0
0.0748909 0.38755 0
0.141755 0.433771 0
0.146049 0.457914 0
0.133913 0.483394 0
0.173389 0.643251 0
0.186343 0.639694 0
0.172871 0.644531 0
0.309965 0.775277 0
0.196881 0.816407 0
0.204598 0.825262 0
0.206018 0.824507 0
0.207306 0.824323 0
0.208837 0.824895 0
0.209985 0.825491 1
0.213924 0.829407 0
0.218695 0.832495 0
0.222882 0.832937 0
0.227478 0.838064 0
0.230625 0.839799 0
0.234273 0.841054 0
0.236456 0.843338 0
0.238936 0.846061 1
0.239177 0.846252 0
0.240543 0.846077 0
0.240438 0.846798 0
0.241583 0.846874 0
0.24303 0.845673 0
0.242391 0.846851 0
0.24368 0.846735 0
0.245231 0.84607 0
0.239233 0.850937 0
0.233506 0.854641 0
0.101392 0.881575 0
0.0664186 0.862381 0
0.0912425 0.882169 0
0.106078 0.893323 0
0.118303 0.905742 0
0.158887 0.915286 0
0.175192 0.921025 0
0.183557 0.929878 0
0.254953 0.929905 0
0.265226 0.924798 0
0.306096 0.912333 0
0.301304 0.911545 0
0.298627 0.913088 0
0.298165 0.913955 0
0.297334 0.914679 0
0.297743 0.91608 0
0.29765 0.917685 0
0.297405 0.918781 0
0.297665 0.919833 0
0.297635 0.921684 0
0.297213 0.922046 0
0.29631 0.921852 0
0.296844 0.922343 0
0.296881 0.923191 0
0.29783 0.92339 0
0.299128 0.923288 1
0.2996 0.929151 0
0.302358 0.939837 0
0.302074 0.946694 0
0.312952 0.954533 0
0.331675 0.964261 0
0.344757 0.966339 0
0.361193 0.9632 0
0.371396 0.961852 0
0.372197 0.961616 0
0.381947 0.951799 1
0.365107 1 0
0.749513 0.907319 0
0.740247 0.911075 0
0.730624 0.90395 1
0.72893 0.904168 0
0.72537 0.907049 0
0.723754 0.905523 0
0.720525 0.906051 0
0.720012 0.903488 0
0.721678 0.899396 0
0.720573 0.896836 0
0.719428 0.896194 1
0.71428 0.894657 0
0.708214 0.89179 0
0.703696 0.890945 0
0.695536 0.890433 0
0.68568 0.893277 0
0.675519 0.893898 0
0.667768 0.895398 0
0.654547 0.896581 1
0.273876 0.37033 0
0.122625 0.23733 1
0.121745 0.246614 0
0.115495 0.253135 1
0.112207 0.261385 0
0.104333 0.26832 0
0.100226 0.280305 0
0.0957728 0.289009 1
0.0931465 0.292313 0
0.0914222 0.295525 0
0.0908852 0.29916 0
0.090611 0.30344 0
0.0933445 0.309284 0
0.0908811 0.312502 0
0.0934523 0.317637 0
0.0942549 0.321484 0
0.101224 0.327606 0
0.103629 0.3313 0
0.110815 0.338084 0
0.11668 0.3448 0
0.12066 0.35085 0
0.122499 0.355594 0
0.128042 0.361731 0
0.129171 0.373031 0
0.119293 0.393776 0
0.12617 0.385694 0
0.0928821 0.411328 0
0.0897087 0.408697 0
0.0833184 0.407072 0
0.0824107 0.40684 1
0.081824 0.408507 0
0.0830139 0.416277 0
0.0801892 0.417783 0
0.0784051 0.425695 0
0.0747681 0.427759 0
0.0703846 0.432591 0
0.065538 0.434525 0
0.0572741 0.438586 0
0.0494948 0.439772 0
0.0440662 0.443788 0
0.0404878 0.447245 0
0.0387279 0.448282 0
0.0387204 0.448771 0
0.0377599 0.450069 1
0.03301 0.45274 0
0.0338898 0.458948 0
0.034657 0.465743 0
0.0335238 0.468499 0
0.0335505 0.476107 0
0.0329454 0.480279 0
0.0330641 0.484092 0
0.0332813 0.489291 0
0.0322925 0.492055 0
0.0363543 0.49707 0
0.0338304 0.503435 0
0.0355762 0.507442 1
0.0374934 0.516481 0
0.0388497 0.526052 0
0.0406181 0.534327 0
0.0404722 0.5433 1
0 0.564135 0
0.280741 0.836704 0
0.313428 0.828045 0
0.311619 0.827845 0
0.572568 0.859531 0
0.561977 0.905208 1
0.556546 0.90441 0
0.55176 0.90542 0
0.544861 0.904563 0
0.541242 0.90107 0
0.53319 0.905375 0
0.526706 0.904226 0
0.519617 0.902007 0
0.515089 0.902022 1
0.513546 0.90146 0
0.512079 0.899061 0
0.512541 0.899427 0
0.510286 0.898651 0
0.508877 0.899421 0
0.507382 0.899124 0
0.504819 0.896967 0
0.502571 0.892531 0
0.505713 0.898722 0
0.500666 0.894381 0
0.496063 0.890968 0
0.493805 0.891187 0
0.489887 0.890474 0
0.488871 0.891087 0
0.485687 0.889065 0
0.481186 0.887837 0
0.480829 0.888732 0
0.481308 0.891237 0
0.478652 0.892641 0
0.47849 0.899992 0
0.478032 0.904413 0
0.478129 0.906023 0
0.478799 0.908585 0
0.480021 0.908234 0
0.48118 0.909905 0
0.482786 0.912313 1
0.483503 0.912381 0
0.48542 0.909972 0
0.455471 0.882423 0
0.252297 0.841282 0
0.453244 0.829934 0
0.0644497 0.646805 0
0.0459005 0.64065 0
0.0449685 0.642193 1
0.0439103 0.656095 0
0.0409712 0.66301 0
0.0421724 0.669267 0
0.0438643 0.68343 0
0.0442087 0.69114 0
0.0542465 0.702446 1
0.0543683 0.70831 0
0.0562287 0.715326 0
0.0568568 0.723535 0
0.0614149 0.722844 0
0.0673042 0.722211 0
0.0714664 0.720262 0
0.075891 0.718002 0
0.0774155 0.720129 0
0.0795565 0.721201 0
0.0795962 0.722205 0
0.0845789 0.720176 0
0.0819479 0.727458 0
0.0766628 0.721748 0
0.211026 0.90018 0
0.232933 0.875834 0
0.236935 0.873613 0
0.239466 0.874991 0
0.23881 0.870448 0
0.245651 0.872403 0
0.24611 0.869356 0
0.246333 0.865301 0
0.244914 0.864655 1
0.363698 0.909886 0
0.36847 0.913867 1
0.458359 0.81088 0
0.917269 0.677887 1
0.947493 0.653222 0
0.993917 0.565374 0
0.966352 0.431997 0
0.951698 0.393762 1
0.958971 0.36927 0
0.954643 0.340115 0
0.955367 0.309407 0
0.938117 0.261852 0
0.897394 0.214174 0
0.858811 0.186748 0
0.807506 0.171089 0
0.790419 0.16677 1
0.782621 0.153952 0
0.769094 0.133978 0
0.751613 0.0914797 0
0.717006 0.0685396 0
0.693659 0.0592387 0
0.631701 0.0419743 0
0.612509 0.0365506 0
0.569496 0.061954 1
0.556449 0.0496693 0
0.542973 0.0355574 0
0.550193 0.0321638 0
0.525939 0.0221981 0
0.543416 0.0200756 0
0.538869 0.014184 0
0.538858 0 0
0.263884 0.0347149 0
0.24562 0.0459045 0
0.194466 0.100056 0
0.246841 0.056004 0
0.17304 0.134255 0
0.134349 0.154882 0
0.13282 0.155521 0
0.144051 0.148882 0
0.130525 0.158874 0
0.125242 0.160755 0
0.126727 0.158898 0
0.127663 0.158048 0
0.127549 0.157893 0
0.127261 0.158455 0
0.127416 0.158632 1
0.126957 0.157807 0
0.12609 0.158095 0
0.125561 0.158626 0
0.125983 0.158796 0
0.138626 0.151321 0
0.126784 0.156329 1
0.160722 0.130408 0
0.174026 0.120445 0
0.201279 0.093942 0
0.21955 0.0884396 0
0.232535 0.0873133 0
0.242083 0.0953 0
0.291627 0.0712769 0
0.256862 0.0764837 0
0.313649 0.072939 0
0.322312 0.0817568 0
0.359259 0.0721789 0
0.344701 0.0801132 0
0.368899 0.0863127 0
0.380226 0.0897225 1
0.385241 0.101544 0
0.392875 0.109563 0
0.399519 0.113122 0
0.399321 0.119199 0
0.39692 0.126984 0
0.43197 0.141532 0
0.421635 0.1655 0
0.608054 0.129066 0
0.565552 0.149967 0
0.604724 0.126492 1
0.600326 0.139885 0
0.60189 0.140652 0
0.597087 0.14841 0
0.631781 0.201741 0
0.734405 0.256175 0
0.791913 0.291822 0
0.795734 0.291193 0
0.796772 0.295709 1
0.795642 0.322324 0
0.828247 0.49762 0
0.850381 0.535315 0
0.845836 0.539795 0
0.843566 0.540711 0
0.842494 0.544361 0
0.83937 0.544793 0
0.838914 0.545012 1
0.837501 0.544833 0
0.833715 0.545762 0
0.828207 0.546005 0
0.821719 0.546053 0
0.805759 0.547913 0
0.779624 0.535467 0
0.655504 0.711189 0
0.72849 0.636179 0
0.599037 0.716349 0
0.299412 0.697019 0
0.326314 0.723358 0
0.32129 0.723409 0
0.324656 0.721364 0
0.3255 0.718183 1
0.326073 0.713894 0
0.329377 0.709654 0
0.336672 0.698903 0
0.336965 0.682417 0
0.704479 0.654975 0
0.674345 0.646418 0
0.673509 0.641778 0
0.673189 0.640935 1
0.666972 0.635859 0
0.637291 0.631487 0
0.642637 0.623734 0
0.634264 0.612344 0
0.623982 0.61646 0
0.615112 0.588968 0
0.628206 0.560741 0
0.641992 0.539929 0
0.649292 0.536249 0
0.645923 0.515705 0
0.594456 0.483833 0
0.640765 0.487069 1
0.60538 0.492289 0
0.600151 0.460696 0
0.379835 0.509047 0
0.344469 0.505574 1
0.350985 0.494497 0
0.424842 0.491358 0
0.572986 0.493916 0
0.354595 0.500464 0
0.347073 0.50373 0
0.345787 0.50379 0
0.347451 0.505942 0
0.367994 0.49612 0
0.352446 0.501424 0
0.345696 0.504452 0
0.344555 0.505584 0
0.344481 0.505583 0
0.34447 0.505574 0
0.344469 0.505574 0
0.344469 0.505574 0
0.344469 0.505574 0
0.34447 0.505573 0
0.344472 0.50557 0
0.344539 0.505539 0
0.344531 0.505657 0
0.344433 0.503748 0
0.375127 0.487154 0
0.619153 0.490995 0
0.640808 0.486757 0
0.640679 0.487011 0
0.640262 0.487205 0
0.639167 0.4867 0
0.622343 0.482535 0
0.632517 0.48526 0
0.59847 0.483162 0
0.511489 0.493572 0
