0.62234 0.646288 0
0.610382 0.656129 0
0.729027 0.66265 1
0.627392 0.594784 0
0.537888 0.586234 0
0.508736 0.660079 0
0.540311 0.617448 0
0.526541 0.651637 0
0.515223 0.655112 0
0.629004 0.664502 0
0.592419 0.636362 0
0.611289 0.665263 0
0.578214 0.620658 0
0.590628 0.658267 0
0.598623 0.673974 0
0.595132 0.650379 0
0.609088 0.710991 0
0.599424 0.710382 0
0.572318 0.789837 1
0.510276 0.417168 0
0.486224 0.145032 1
0.480423 0.193482 0
0.447769 0.179386 0
0.485266 0.157269 0
0.540622 0.149867 1
0.429578 0.124545 0
0.463991 0.13167 0
0.499468 0.16018 0
0.471362 0.12272 0
0.461129 0.150313 0
0.488306 0.180877 0
0.440496 0.160996 0
0.446919 0.142042 0
0.462687 0.139067 0
0.505302 0.188314 0
0.502532 0.176017 0
0.484446 0.186713 0
0.395228 0.183305 0
0.47646 0.172518 0
0.534184 0.200784 0
0.410177 0.155373 0
0.502579 0.183925 0
0.528186 0.193026 0
0.520059 0.150289 0
0.454991 0.130795 0
0.48595 0.143032 0
0.532731 0.161189 0
0.415483 0.151947 0
0.50956 0.120589 0
0.418374 0.167529 0
0.502825 0.126191 1
0.526777 0.114797 0
0.458055 0.122841 0
0.530703 0.111056 0
0.575757 0.15051 0
0.525266 0.164441 0
0.559844 0.179461 0
0.43614 0.164515 0
0.568629 0.212715 0
0.50446 0.183786 0
0.576016 0.156559 1
0.591897 0.196967 0
0.543454 0.207824 0
0.547518 0.215985 0
0.473917 0.275842 0
0.503774 0.242127 0
0.528452 0.288832 0
0.511955 0.294325 0
0.494849 0.311454 0
0.425376 0.314046 0
0.377631 0.323573 0
0.289504 0.383574 0
0.326075 0.376755 0
0.344692 0.37918 0
0.230135 0.430248 0
0.283729 0.497111 0
0.247389 0.462332 0
0.211478 0.423121 0
0.290317 0.422483 0
0.209301 0.398673 0
0.191201 0.399068 0
0.19495 0.386088 0
0.154388 0.371548 1
0.300623 0.392764 0
0.25223 0.343482 0
0.479692 0.364495 0
0.336282 0.351872 0
0.400157 0.345118 0
0.465522 0.34926 0
0.570069 0.337787 0
0.379526 0.32212 0
0.405338 0.286175 0
0.658696 0.246496 1
0.520145 0.289699 0
0.504712 0.354234 0
0.363357 0.356043 0
0.368756 0.447859 0
0.337034 0.452368 0
0.391282 0.459859 0
0.483936 0.47049 0
0.533877 0.50255 0
0.268688 0.640004 0
0.251099 0.70077 1
0.459116 0.604612 0
0.571461 0.509971 0
0.529062 0.610005 0
0.495913 0.589797 0
0.580581 0.597524 0
0.73676 0.569529 1
0.774818 0.583235 0
0.777315 0.582903 0
0.730321 0.573198 0
0.745685 0.576589 0
0.771437 0.559843 0
0.624183 0.623989 0
0.698742 0.559926 0
0.792456 0.598813 0
0.80109 0.615884 0
0.784406 0.609639 0
0.7891 0.604627 0
0.789953 0.620147 0
0.8056 0.620371 0
0.837511 0.662324 0
0.782411 0.619327 0
0.838144 0.658192 0
0.822224 0.634745 0
0.818217 0.633949 0
0.851735 0.662489 0
0.829425 0.651799 0
0.852335 0.682907 0
0.840396 0.694436 0
0.826714 0.696993 0
0.847202 0.726119 0
0.850717 0.754876 0
0.838205 0.732549 0
0.863161 0.7399 0
0.84625 0.73162 0
0.654016 0.812078 0
0.660406 0.801328 0
0.692632 0.804806 0
0.668115 0.789364 0
0.669831 0.895485 0
0.681201 0.886013 0
0.698451 0.809847 0
0.637491 0.839462 0
0.669577 0.859283 0
0.68181 0.817222 0
0.636821 0.861004 0
0.670348 0.708887 1
0.611829 0.750616 0
0.627359 0.801314 0
0.648032 0.806932 0
0.620297 0.81099 0
0.704897 0.78793 0
0.677744 0.81733 0
0.667119 0.808077 0
0.685058 0.824592 0
0.657104 0.795787 0
0.683516 0.695059 1
0.655922 0.699044 0
0.691 0.732653 0
0.625994 1 0
0.536035 0.979225 0
0.54234 0.956941 0
0.501437 0.84098 0
0.510607 0.860054 0
0.483418 0.772247 0
0.460775 0.77541 0
0.500947 0.804774 0
0.385241 0.768525 0
0.315268 0.731999 0
0.276254 0.72908 0
0.245763 0.668559 0
0.202398 0.667976 0
0.157819 0.708681 1
0.152541 0.693702 0
0.248387 0.689609 0
0.267013 0.669826 0
0.240529 0.664253 0
0.242291 0.644566 0
0.317958 0.607318 0
0.347034 0.560918 0
0.343525 0.510916 0
0.362902 0.472081 0
0.379316 0.424884 0
0.368682 0.362373 0
0.363735 0.30808 0
0.369403 0.23287 0
0.379872 0.181746 1
0.359195 0.203563 0
0.363412 0.21837 0
0.356746 0.229954 0
0.362581 0.245342 0
0.364441 0.232222 0
0.427988 0.264552 0
0.396698 0.233101 0
0.337614 0.171701 1
0.33496 0.236798 0
0.306533 0.259702 0
0.247586 0.272466 0
0.204357 0.107198 0
0.20362 0.102848 0
0.193935 0.165921 0
0.183434 0.185841 0
0.162729 0.241873 0
0.140683 0.266642 0
0.139102 0.263688 0
0.125805 0.255398 0
0.160741 0.272336 0
0.165821 0.244947 0
0.163473 0.21646 1
0.203942 0.368513 0
0.116465 0.372215 0
0.272995 0.584701 0
0.233652 0.601748 0
0.267626 0.634383 0
0.307179 0.69886 0
0.344604 0.706201 0
0.459453 0.846077 1
0.418727 0.77109 0
0.388377 0.794067 0
0.407308 0.819738 0
0.429088 0.837211 1
0.405808 0.846463 0
0.377204 0.828139 0
0.359183 0.842472 0
0.353611 0.825027 0
0.32509 0.782591 0
0.265548 0.771239 1
0.289016 0.735016 0
0.310756 0.707378 0
0.297118 0.603992 0
0.372803 0.540223 0
0.414069 0.546172 0
0.414069 0.546172 0
0.463883 0.597574 0
0.452154 0.640804 0
0.539221 0.663921 0
0.51985 0.697479 0
0.496156 0.693544 0
0.522389 0.726753 0
0.514462 0.696632 0
0.499832 0.719501 0
0.531101 0.732819 0
0.538044 0.740414 1
0.565864 0.723103 0
0.677861 0.743563 0
0.629989 0.724129 0
0.66607 0.735767 0
0.687123 0.755476 0
0.690935 0.741736 0
0.768845 0.673373 0
0.746217 0.699413 0
0.75588 0.658384 0
0.783506 0.695499 0
0.776422 0.649161 0
0.818291 0.623457 0
0.817124 0.606728 0
0.782025 0.59132 0
0.696971 0.636838 0
0.644029 0.677556 0
0.624681 0.727171 0
0.582549 0.823048 0
0.583371 0.84114 0
0.614431 0.846926 0
0.654733 0.867649 0
0.701827 0.862577 0
0.712673 0.838286 0
0.727794 0.839849 0
0.726016 0.817983 0
0.718028 0.659204 0
0.729992 0.547736 0
0.737007 0.51037 0
0.738954 0.385795 0
0.78073 0.37036 1
0.772733 0.380908 0
0.764081 0.412612 0
0.759845 0.38418 0
0.756797 0.347093 0
0.72874 0.337996 0
0.678202 0.326572 0
0.621435 0.236278 0
0.577142 0.128488 1
0.535787 0.0809958 0
0.499984 0.0697151 0
0.467509 0.0248567 0
0.444802 0.086854 0
0.401356 0.138362 0
0.31482 0.139292 1
0.317476 0.354119 0
0.330103 0.536932 0
0.365575 0.706753 0
0.384365 0.80301 1
0.373577 0.723729 0
0.360653 0.660651 0
0.362793 0.604049 0
0.375778 0.58778 0
0.4078 0.693754 0
0.440256 0.758436 0
0.471017 0.718717 0
0.495476 0.718331 0
0.524523 0.649113 0
0.555853 0.560678 0
0.549502 0.520763 0
0.545928 0.506237 0
0.53954 0.506611 0
0.506049 0.462349 0
0.477701 0.467076 0
0.450969 0.488748 0
0.423346 0.516311 0
0.408912 0.518835 0
0.385688 0.497632 0
0.376319 0.503313 0
0.372519 0.511971 0
0.343751 0.519281 0
0.310347 0.499417 0
0.29224 0.484163 0
0.276441 0.490184 0
0.272715 0.518754 0
0.260718 0.543242 0
0.258743 0.568834 0
0.252094 0.593563 0
0.248608 0.598529 0
0.25915 0.57772 0
0.237549 0.596502 0
0.204413 0.649125 0
0.21912 0.717808 1
0.243113 0.740472 0
0.258967 0.740756 0
0.267945 0.724385 0
0.270241 0.737144 0
0.266109 0.733009 0
0.243016 0.709062 0
0.243442 0.683508 0
0.17685 0.695751 0
0.164843 0.640407 0
0.168452 0.674139 0
0.145154 0.559035 0
0.178351 0.53804 0
0.13165 0.559527 0
0.0991621 0.550177 0
0.0912424 0.538126 0
0.0875624 0.53772 0
0.0856108 0.508857 0
0.0805595 0.452324 0
0.0883168 0.395153 0
0.0934733 0.353007 0
0.0945166 0.332187 0
0.0978504 0.330394 0
0.0950922 0.322367 0
0.0965188 0.352371 0
0.138073 0.343853 0
0.110424 0.349175 0
0.125965 0.377065 0
0.146468 0.461922 0
0.148103 0.432083 0
0.16184 0.415206 0
0.152762 0.403279 0
0.136466 0.355823 0
0.131716 0.305687 0
0.175895 0.249706 1
0.170719 0.224599 0
0.195188 0.173992 0
0.242796 0.26207 0
0.250037 0.263938 0
0.262628 0.213298 0
0.345499 0.158723 1
0.3589 0.141258 0
0.377628 0.0888365 0
0.434661 0.0999533 0
0.484658 0.130504 0
0.540469 0.199024 0
0.514289 0.302757 0
0.457718 0.2382 0
0.390934 0.251979 0
0.35445 0.297026 0
0.336153 0.333272 0
0.327829 0.327941 0
0.334689 0.334215 0
0.344453 0.328948 0
0.321291 0.377184 0
0.33955 0.333997 0
0.393386 0.384966 0
0.447359 0.40153 0
0.451003 0.420924 0
0.423807 0.393624 0
0.442586 0.329078 0
0.457828 0.300333 0
0.501622 0.228395 1
0.543204 0.234807 0
0.558965 0.179399 0
0.569884 0.12288 0
0.581631 0.113852 0
0.578172 0.117409 0
0.56256 0.0702213 0
0.507945 0.134475 0
0.495735 0.182357 0
0.490357 0.243505 0
0.466086 0.287613 0
0.500498 0.323087 0
0.542346 0.342707 0
0.583304 0.329016 0
0.591189 0.290652 0
0.594026 0.2326 0
0.603448 0.199048 0
0.647432 0.207425 0
0.658287 0.154497 0
0.643078 0.172667 0
0.637018 0.0502298 0
0.654977 0.0540752 0
0.658168 0.0711446 0
0.657955 0.150261 0
0.657948 0.254025 1
0.679925 0.339704 0
0.692329 0.362355 0
0.715261 0.409348 0
0.724711 0.42296 0
0.737371 0.468164 0
0.739664 0.442013 0
0.72849 0.410645 0
0.721467 0.420848 0
0.713781 0.449269 0
0.722941 0.464041 0
0.707796 0.456908 0
0.740029 0.431719 0
0.766524 0.459807 0
0.792482 0.57695 0
0.80777 0.697792 0
0.797477 0.623286 0
0.796249 0.566605 0
0.821719 0.56842 0
0.829671 0.555339 0
0.838297 0.622992 0
0.851847 0.657321 0
0.845014 0.645406 0
0.821251 0.599108 0
0.777227 0.516211 1
0.732278 0.515456 0
0.68722 0.504106 0
0.636892 0.521044 0
0.602182 0.535228 0
0.586103 0.59866 0
0.575109 0.60592 0
0.553791 0.720417 0
0.551762 0.753644 0
0.535655 0.750644 0
0.52255 0.782211 0
0.499607 0.839795 0
0.476521 0.868061 0
0.483112 0.876204 0
0.473846 0.867546 0
0.462583 0.882146 0
0.435741 0.846527 0
0.436419 0.832121 0
0.406748 0.814921 0
0.420667 0.799505 0
0.426731 0.792132 0
0.423533 0.805492 0
0.428467 0.837291 1
0.368706 0.780225 0
0.329041 0.737317 0
0.284398 0.699947 0
0.227144 0.654407 0
0.232529 0.614757 0
0.266005 0.590384 0
0.175224 0.55094 0
0.139501 0.556524 0
0.12601 0.43308 0
0.0827531 0.321876 1
0.0851129 0.438853 0
0.075597 0.536087 0
0.0615195 0.57635 0
0.0525838 0.579308 0
0.0277727 0.505054 0
0.131671 0.724136 1
0.0810886 0.559903 0
0.107392 0.509927 0
0.0823575 0.479406 0
0.0725754 0.514878 0
0.0823855 0.545462 0
0.105482 0.587008 0
0.141224 0.585918 0
0.131334 0.627046 0
0.15423 0.61004 0
0.10993 0.625829 0
0.0896183 0.60025 0
0.0729104 0.531943 1
0.0834516 0.521961 0
0.0496269 0.487481 0
0.0603566 0.483826 0
0.0790718 0.48065 0
0.0425896 0.457165 0
0 0.516673 0
0.0117769 0.58074 0
0.0588949 0.597316 0
0.143502 0.52619 0
0.267713 0.443936 0
0.361854 0.391884 0
0.520798 0.308596 0
0.576993 0.300038 0
0.655576 0.322768 1
0.588199 0.506791 0
0.518462 0.684857 1
0.47823 0.602288 0
0.438624 0.5525 0
0.426039 0.51073 0
0.398163 0.532862 0
0.381004 0.509423 0
0.396181 0.528037 0
0.424094 0.517822 0
0.436474 0.488698 0
0.447626 0.435108 0
0.463861 0.399557 0
0.488987 0.382922 0
0.490817 0.384854 0
0.513024 0.313617 0
0.531656 0.24123 0
0.541794 0.215111 0
0.574413 0.200313 0
0.606896 0.0983964 0
0.594267 0.120871 0
0.567832 0.00265391 0
0.539532 0 0
0.527396 0.111961 0
0.546886 0.345377 0
0.505672 0.344992 0
0.510894 0.363849 0
