0.477447 0.103505 0
0.518558 0.123742 0
0.532661 0.136757 0
0.530358 0.138006 0
0.530384 0.137892 0
0.530108 0.138292 0
0.530427 0.137984 0
0.529994 0.138237 0
0.529992 0.138276 0
0.529863 0.138401 0
0.529783 0.13843 0
0.529853 0.138406 0
0.530264 0.138009 0
0.530008 0.138211 0
0.530179 0.138031 0
0.530251 0.137987 0
0.530191 0.13799 0
0.530171 0.13808 0
0.530256 0.138071 0
0.530248 0.138167 0
0.529797 0.138605 0
0.529614 0.138614 0
0.529577 0.138615 0
0.529686 0.138604 0
0.529723 0.138599 0
0.529777 0.138619 0
0.529802 0.138611 0
0.529772 0.138601 0
0.529697 0.138555 0
0.529702 0.138616 0
0.529665 0.138614 0
0.529846 0.138475 0
0.530395 0.138137 0
0.530101 0.138367 0
0.529645 0.138726 0
0.530051 0.138382 0
0.530102 0.138279 0
0.529995 0.138339 0
0.530112 0.138266 0
0.5299 0.138442 0
0.529868 0.138438 0
0.529793 0.138506 0
0.529689 0.138557 0
0.529755 0.138502 0
0.529686 0.138585 0
0.529542 0.138709 0
0.52946 0.13867 0
0.529293 0.138839 0
0.529358 0.138775 0
0.52924 0.138837 0
0.529208 0.138858 0
0.529401 0.138707 0
0.529393 0.138728 0
0.529443 0.138754 0
0.529363 0.138801 0
0.529286 0.138858 0
0.529272 0.13888 0
0.529237 0.138887 0
0.529243 0.138879 0
0.52918 0.138911 0
0.529353 0.138847 0
0.529449 0.138805 0
0.529527 0.138782 0
0.529574 0.138794 0
0.529427 0.138853 0
0.529573 0.138699 0
0.529971 0.138621 0
0.529839 0.138712 0
0.530185 0.138551 0
0.530043 0.138597 0
0.529836 0.1387 0
0.529888 0.138694 0
0.529852 0.138725 0
0.529873 0.138707 0
0.530186 0.138628 0
0.530103 0.138686 0
0.530233 0.138607 0
0.530091 0.138638 0
0.529978 0.138633 0
0.529652 0.138741 0
0.529371 0.138844 0
0.529443 0.138818 0
0.529213 0.138896 0
0.528973 0.138988 0
0.528884 0.139056 0
0.528894 0.139056 0
0.528883 0.139058 0
0.528879 0.13906 0
0.528877 0.139061 0
0.528877 0.139061 0
0.528877 0.139061 0
0.528877 0.139061 0
0.528877 0.139061 0
0.528877 0.139061 0
0.528877 0.139061 0
0.528877 0.139061 0
0.528877 0.139061 0
0.528877 0.139061 0
0.528877 0.139061 0
0.528877 0.139061 0
0.528877 0.139061 0
0.528877 0.139061 0
0.528877 0.139061 0
0.528877 0.139061 0
0.528878 0.139061 0
0.528881 0.139061 0
0.5289 0.139055 0
0.528991 0.139022 0
0.528978 0.139033 0
0.52888 0.13905 0
0.528878 0.139068 0
0.528947 0.139025 0
0.529129 0.138978 0
0.529025 0.138989 0
0.528935 0.139021 0
0.528988 0.139018 0
0.528936 0.139034 0
0.528985 0.139023 0
0.528858 0.139029 0
0.529011 0.139022 0
0.528919 0.139049 0
0.528877 0.139059 0
0.528877 0.139061 1
0.528842 0.139117 0
0.528755 0.139037 0
0.528762 0.139137 0
0.528709 0.139172 0
0.528747 0.139312 0
0.528634 0.138919 0
0.528754 0.139248 0
0.528697 0.139133 0
0.528655 0.139114 0
0.528794 0.139366 0
0.528511 0.139066 0
0.528649 0.139292 0
0.528799 0.13949 0
0.528779 0.139455 0
0.528362 0.138703 0
0.529131 0.139839 0
0.52822 0.138571 0
0.529016 0.139662 0
0.52866 0.139426 0
0.52891 0.139527 0
0.529012 0.139607 0
0.529526 0.139916 0
0.528705 0.138023 0
0.529271 0.139333 0
0.529565 0.139403 0
0.529605 0.139333 0
0.529173 0.138469 0
0.529442 0.139156 0
0.529472 0.139112 0
0.529321 0.138832 0
0.529232 0.138896 0
0.529163 0.138911 0
0.529146 0.13895 0
0.529232 0.138876 0
0.528872 0.139069 0
0.529052 0.138886 0
0.529206 0.138915 0
0.529121 0.138924 0
0.529103 0.13896 0
0.529249 0.138865 0
0.52911 0.138919 0
0.529209 0.138913 0
0.529337 0.138821 0
0.529368 0.138866 0
0.529209 0.138484 0
0.529292 0.138741 0
0.529291 0.138706 0
0.529266 0.138777 0
0.529283 0.138816 0
0.529182 0.138764 0
0.529185 0.138826 0
0.529137 0.138841 0
0.52911 0.138899 0
0.529086 0.138881 0
0.529088 0.138889 0
0.529106 0.138883 0
0.529095 0.138884 0
0.529093 0.138899 0
0.529096 0.138904 0
0.529136 0.138845 0
0.52909 0.138869 0
0.529145 0.138862 0
0.529122 0.138867 0
0.529184 0.138806 0
0.529102 0.138966 0
0.529034 0.138885 0
0.528967 0.139031 0
0.529193 0.138763 0
0.528909 0.139037 0
0.529161 0.138688 0
0.528964 0.139029 0
0.529074 0.138826 0
0.528902 0.139002 0
0.528898 0.138996 0
0.528943 0.138995 0
0.528959 0.138919 0
0.52897 0.138891 0
0.529147 0.139127 0
0.529707 0.136984 0
0.518658 0.124142 0
0.489064 0.100095 0
0.519499 0.126552 0
0.52477 0.149439 0
0.516879 0.0204038 0
0.501526 0.0343522 0
0.509934 0.131339 0
0.479851 0.0850837 0
0.498039 0.0467941 0
0.4885 0.0998969 0
0.495116 0.0460713 0
0.51197 0.0223356 0
0.523285 0 0
0.494678 0.115099 0
0.524341 0.131216 0
0.529534 0.13822 0
0.528988 0.138912 0
0.528919 0.138984 0
0.528957 0.138931 0
0.528906 0.139043 0
0.528886 0.139056 0
0.528882 0.139068 0
0.528969 0.13891 0
0.52889 0.139051 0
0.528883 0.139051 0
0.528906 0.139056 0
0.529068 0.138796 0
0.528912 0.138987 0
0.529024 0.138785 0
0.528965 0.138939 0
0.528963 0.138907 0
0.528934 0.138937 0
0.52896 0.138941 0
0.528899 0.138933 0
0.528918 0.139015 0
0.528867 0.139061 0
0.528884 0.139043 0
0.528872 0.139058 0
0.528876 0.139061 0
0.528877 0.139061 0
0.528877 0.139061 0
0.528877 0.139059 0
0.528864 0.139045 0
0.528838 0.138993 0
0.528912 0.138747 0
0.529081 0.138615 0
0.528972 0.138792 0
0.528954 0.138947 0
0.528886 0.139042 0
0.528874 0.139061 0
0.528877 0.139061 0
0.528878 0.139061 0
0.528888 0.139057 0
0.528926 0.138915 0
0.528891 0.138933 0
0.529089 0.13869 0
0.52885 0.138951 0
0.528933 0.138937 0
0.528864 0.138999 0
0.528918 0.138726 0
0.528879 0.138968 0
0.528871 0.138847 0
0.528875 0.138738 0
0.52889 0.138804 0
0.528876 0.138852 0
0.528887 0.138675 0
0.528909 0.138633 0
0.528848 0.13853 0
0.528938 0.138316 0
0.529051 0.137847 0
0.528855 0.138185 0
0.529004 0.137829 0
0.528858 0.137954 0
0.52898 0.137932 0
0.528705 0.138235 0
0.528871 0.137812 0
0.528653 0.138139 0
0.528645 0.138562 0
0.528545 0.138427 0
0.528716 0.138091 0
0.528697 0.137715 0
0.528572 0.13809 0
0.528524 0.138301 0
0.528689 0.138408 0
0.528661 0.138431 0
0.528635 0.138416 0
0.528742 0.138481 0
0.528805 0.138237 0
0.529006 0.138459 0
0.528539 0.138303 0
0.529049 0.138414 0
0.528977 0.138501 0
0.528906 0.138992 0
0.528938 0.138766 0
0.528871 0.139047 0
0.528908 0.139001 0
0.528922 0.138985 0
0.528884 0.138961 0
0.529308 0.138499 0
0.529251 0.138212 0
0.529254 0.13876 0
0.529025 0.138825 0
0.529052 0.138529 0
0.52912 0.138515 0
0.529013 0.138664 0
0.529094 0.138388 0
0.529041 0.138289 0
0.529113 0.138348 0
0.52916 0.138518 0
0.529117 0.138011 0
0.529103 0.138357 0
0.529199 0.138165 0
0.529325 0.138088 0
0.529698 0.137647 0
0.529383 0.137792 0
0.528882 0.138872 0
0.528882 0.139028 0
0.528925 0.1389 0
0.529023 0.138765 0
0.528886 0.139035 0
0.528947 0.138888 0
0.528875 0.139054 0
0.528895 0.138866 0
0.528862 0.139026 0
0.528918 0.138963 0
0.528965 0.138736 0
0.528893 0.138991 0
0.528887 0.13896 0
0.528865 0.139048 0
0.52888 0.139053 0
0.528906 0.139071 0
0.528529 0.139182 0
0.527259 0.138617 0
0.526474 0.138435 0
0.525291 0.137961 0
0.523525 0.136904 0
0.52405 0.139343 0
0.522542 0.138446 0
0.522783 0.139658 0
0.522657 0.140624 0
0.521994 0.141234 0
0.521386 0.142275 0
0.521084 0.142791 0
0.520586 0.143111 0
0.520106 0.143432 0
0.519581 0.143805 0
0.518933 0.143936 0
0.518791 0.144272 0
0.518268 0.144382 0
0.517863 0.144623 0
0.517533 0.144761 1
0.516936 0.14505 0
0.516538 0.145232 0
0.516117 0.145547 0
0.515657 0.145682 0
0.515151 0.146015 0
0.514647 0.146338 0
0.514016 0.14656 0
0.513676 0.146979 0
0.51318 0.147531 0
0.51253 0.147961 0
0.511972 0.1482 0
0.51149 0.148115 0
0.511077 0.148291 0
0.510743 0.148535 0
0.510354 0.148614 0
0.50983 0.148738 1
0.509626 0.148789 0
0.509135 0.148962 0
0.508888 0.149076 0
0.50889 0.149605 0
0.508031 0.149008 0
0.507601 0.149376 0
0.50735 0.149633 0
0.506981 0.149658 0
0.506674 0.149791 0
0.506443 0.149845 0
0.506417 0.14978 0
0.506339 0.150638 0
0.505573 0.150564 0
0.505342 0.150786 0
0.504835 0.150983 0
0.504869 0.15113 0
0.504667 0.151225 0
0.504501 0.151452 0
0.504214 0.151466 0
0.504053 0.151882 0
0.503816 0.152086 0
0.50355 0.152166 1
0.503365 0.1523 0
0.502903 0.152031 0
0.502606 0.152234 0
0.501389 0.150533 0
0.502191 0.152398 0
0.503162 0.154288 0
0.500597 0.15084 0
0.500477 0.151367 0
0.501637 0.153382 0
0.501059 0.153526 0
0.493769 0.147071 0
0.497522 0.149795 0
0.499288 0.151665 0
0.49823 0.151408 0
0.498661 0.152212 0
0.499558 0.153127 0
0.499105 0.153117 0
0.49845 0.153084 0
0.499035 0.153588 0
0.499685 0.154279 0
0.498595 0.153992 0
0.499541 0.154842 0
0.49927 0.15627 0
0.499393 0.154976 1
0.497132 0.156307 0
0.494389 0.158768 0
0.492829 0.161064 0
0.49002 0.162393 0
0.48873 0.167331 0
0.485329 0.16758 0
0.485584 0.172376 0
0.482723 0.174216 0
0.480069 0.176839 0
0.476504 0.177877 0
0.47386 0.178667 0
0.471249 0.180547 0
0.468585 0.18185 0
0.464883 0.183377 0
0.463302 0.183308 0
0.460468 0.181824 0
0.458007 0.180707 0
0.458877 0.179403 0
0.454611 0.181208 0
0.45323 0.180939 0
0.451445 0.181931 0
0.451044 0.182208 1
0.449038 0.183838 0
0.452039 0.179866 0
0.451323 0.179008 0
0.434073 0.200059 0
0.431109 0.202555 0
0.42155 0.207986 0
0.416586 0.216826 0
0.408053 0.219636 0
0.400235 0.226087 0
0.398131 0.228205 0
0.391724 0.231116 0
0.385703 0.234708 0
0.375763 0.240766 0
0.369136 0.241104 0
0.362667 0.250048 0
0.354451 0.252959 0
0.344096 0.254795 0
0.332643 0.259665 0
0.321736 0.265311 0
0.311928 0.267663 0
0.294253 0.28003 0
0.29287 0.271798 0
0.276995 0.285345 0
0.269177 0.29007 0
0.25717 0.29718 0
0.246812 0.300486 1
0.239794 0.304496 0
0.230363 0.306197 0
0.223595 0.31115 0
0.219461 0.320317 0
0.21215 0.32276 0
0.199424 0.325372 0
0.194858 0.328939 0
0.191872 0.33317 1
0.182678 0.333092 0
0.177351 0.33802 0
0.167645 0.336113 0
0.170548 0.344432 0
0.162105 0.344057 0
0.153137 0.342995 0
0.150068 0.3489 0
0.14318 0.347155 0
0.134954 0.350082 0
0.134766 0.357778 0
0.119242 0.360594 0
0.111364 0.363694 0
0.110608 0.367445 0
0.110163 0.377531 0
0.100444 0.377473 0
0.0959725 0.385249 0
0.0944156 0.395005 0
0.0872918 0.398558 1
0.0813529 0.398654 0
0.077667 0.400535 0
0.0759991 0.40473 0
0.0648776 0.401315 0
0.0608432 0.403814 0
0.0559123 0.40456 0
0.0444345 0.405305 0
0.0423111 0.408103 0
0.0386588 0.411484 0
0.0270376 0.411441 0
0.0269699 0.41736 0
0.0233463 0.421149 0
0.0213869 0.42606 0
0.0176588 0.429587 0
0.0157897 0.433747 0
0.0154195 0.437675 0
0.0157776 0.442901 0
0.0157211 0.446768 0
0.0168788 0.450357 0
0.0161463 0.452975 1
0.0115426 0.453095 0
0.0114712 0.454706 0
0.0128795 0.456286 0
0.0160846 0.458399 0
0.0151798 0.459876 0
0.0150486 0.46107 0
0.0117142 0.462117 0
0.00226714 0.46474 0
0.00298392 0.466599 0
0.00120499 0.46759 0
0 0.469982 0
0.00597371 0.47167 0
0.0124248 0.471001 0
0.00678768 0.472764 0
0.00521028 0.474992 0
0.00601074 0.47658 0
0.00661781 0.478072 0
0.00655153 0.479519 0
0.00804573 0.480357 0
0.0143637 0.479194 0
0.0116029 0.484275 0
0.0183591 0.483968 0
0.0170378 0.487358 0
0.0167385 0.489919 0
0.0226573 0.489584 0
0.0209657 0.493859 0
0.0245371 0.494866 0
0.0317847 0.493582 0
0.0345585 0.49595 0
0.0389842 0.49772 1
0.0428703 0.503176 0
0.0470235 0.507818 0
0.052518 0.51373 0
0.0566867 0.51649 0
0.0596327 0.519294 0
0.0602718 0.519703 0
0.0664502 0.525793 0
0.0688047 0.528543 0
0.0713752 0.529754 0
0.0736707 0.53069 0
0.075619 0.532146 0
0.0774092 0.533489 0
0.0800601 0.536374 0
0.0863886 0.537178 0
0.0937979 0.542271 0
0.0998943 0.547149 0
0.101593 0.544127 0
0.109287 0.543603 0
0.111824 0.546061 0
0.114705 0.542405 0
0.115921 0.540452 0
0.120998 0.541987 0
0.12185 0.543098 0
0.122828 0.543204 1
0.129768 0.549145 0
0.139714 0.551269 0
0.145979 0.544817 0
0.14811 0.552421 0
0.150762 0.559756 0
0.155278 0.566981 0
0.164504 0.5615 0
0.173241 0.560146 1
0.180449 0.56193 0
0.189706 0.563189 0
0.198292 0.561295 0
0.205819 0.561728 0
0.207417 0.562763 0
0.210508 0.563551 0
0.214744 0.566042 0
0.219324 0.57157 0
0.225752 0.572521 0
0.229238 0.576111 1
0.233534 0.578855 0
0.242838 0.58233 0
0.251504 0.585728 0
0.257748 0.587289 0
0.265096 0.593201 0
0.27525 0.595978 0
0.282654 0.601186 0
0.286708 0.603556 0
0.296416 0.605212 0
0.300413 0.603225 0
0.309284 0.605521 0
0.313757 0.604446 0
0.322428 0.60404 0
0.327822 0.600133 0
0.332684 0.60057 0
0.342963 0.60089 0
0.349382 0.600074 0
0.354288 0.597685 0
0.359874 0.599343 0
0.364946 0.598266 1
0.371442 0.597379 0
0.379761 0.596338 0
0.385721 0.597997 0
0.392898 0.596156 0
0.398675 0.596214 0
0.406198 0.591024 0
0.410784 0.594567 0
0.422345 0.589472 0
0.430167 0.58994 0
0.436376 0.593496 0
0.444633 0.592317 0
0.454789 0.593434 0
0.45996 0.595774 0
0.467438 0.596518 0
0.476035 0.594628 0
0.483641 0.594171 0
0.49188 0.595477 0
0.497725 0.59587 0
0.502583 0.602204 0
0.508511 0.607002 1
0.519614 0.601793 0
0.52622 0.60489 0
0.531025 0.606218 0
0.536772 0.607173 0
0.543894 0.603697 0
0.554184 0.595696 0
0.555433 0.604146 0
0.559874 0.603816 0
0.566486 0.598508 0
0.569803 0.600887 0
0.577696 0.594962 0
0.58641 0.583653 0
0.591711 0.578898 0
0.597632 0.574204 0
0.604443 0.564623 0
0.604869 0.574241 0
0.614078 0.56081 0
0.621706 0.553267 0
0.620397 0.558826 0
0.625554 0.560424 0
0.628118 0.558587 0
0.627938 0.568503 0
0.631706 0.566065 0
0.634759 0.566766 0
0.63992 0.559597 0
0.64351 0.562008 0
0.640141 0.587195 0
0.643141 0.584488 0
0.648685 0.574145 0
0.653307 0.567845 0
0.651904 0.584799 0
0.655979 0.583556 0
0.660076 0.576005 0
0.659303 0.600407 0
0.657666 0.620987 0
0.664438 0.611163 0
0.669484 0.599956 0
0.667284 0.627996 0
0.676502 0.605373 0
0.674615 0.626026 0
0.68308 0.608195 0
0.684764 0.624443 0
0.691965 0.60992 0
0.698168 0.610614 0
0.7104 0.588922 0
0.710076 0.605211 0
0.72243 0.593665 0
0.722727 0.605606 0
0.731527 0.600872 0
0.738161 0.609157 0
0.760671 0.58004 0
0.769438 0.580161 1
0.77663 0.576771 0
0.784424 0.57531 0
0.790836 0.576919 0
0.797975 0.581022 0
0.800901 0.571879 0
0.806176 0.569329 0
0.812604 0.575407 0
0.82076 0.589462 0
0.827063 0.588432 0
0.83704 0.6099 0
0.839397 0.603097 0
0.851343 0.62581 0
0.852837 0.611251 0
0.854768 0.599413 0
0.861561 0.607197 0
0.868637 0.610986 0
0.867992 0.598567 0
0.861461 0.572987 0
0.866895 0.572944 0
0.868271 0.566855 0
0.875378 0.566402 0
0.886408 0.580801 0
0.886327 0.567877 0
0.887997 0.564229 0
0.88867 0.555434 0
0.893272 0.5549 0
0.899096 0.552162 0
0.899381 0.543421 0
0.900507 0.535923 0
0.911513 0.538004 1
0.917637 0.537767 0
0.919991 0.536879 0
0.921286 0.532893 0
0.926793 0.534122 0
0.928126 0.530562 0
0.926936 0.52422 0
0.932725 0.52501 0
0.93836 0.528507 0
0.938711 0.524785 0
0.944752 0.52788 0
0.946106 0.522964 0
0.956777 0.530276 0
0.953765 0.523085 0
0.960539 0.525236 0
0.957766 0.519265 0
0.954399 0.513598 0
0.963944 0.518171 0
0.963881 0.514964 0
0.961453 0.50958 0
0.966491 0.511474 0
0.969385 0.50953 0
0.973769 0.510688 0
0.975141 0.507838 0
0.97566 0.504678 0
0.973311 0.499686 0
0.977586 0.499689 1
0.979948 0.498019 0
0.979758 0.495148 0
0.981381 0.494226 0
0.984068 0.493126 0
0.982159 0.488798 0
0.984175 0.488095 0
0.986747 0.487287 0
0.987565 0.484972 1
0.987419 0.482503 0
0.99194 0.481826 0
0.994454 0.480237 0
0.996522 0.478174 0
1 0.477166 0
0.997208 0.473762 0
0.996506 0.471195 0
0.992559 0.468281 0
0.993019 0.466485 0
0.992534 0.464773 0
0.992009 0.46281 0
0.990787 0.461413 1
0.990259 0.459083 0
0.98905 0.45686 0
0.989819 0.452808 0
0.986243 0.449809 0
0.983816 0.447386 0
0.983817 0.444405 0
0.98366 0.441639 0
0.983185 0.437606 0
0.980633 0.435132 0
0.979168 0.432706 1
0.979126 0.428056 0
0.977317 0.422237 0
0.973219 0.41917 0
0.967519 0.416317 0
0.969922 0.408347 0
0.96252 0.40571 1
0.958612 0.399357 0
0.955194 0.397439 0
0.953785 0.391055 0
0.946846 0.389278 0
0.943765 0.386335 0
0.943855 0.381981 0
0.9401 0.377724 0
0.942135 0.370736 0
0.935938 0.37039 0
0.934765 0.367897 0
0.931313 0.364576 0
0.929095 0.362503 1
0.927684 0.359668 0
0.925763 0.357388 0
0.924461 0.354478 0
0.922921 0.352125 0
0.919915 0.347549 0
0.917209 0.345268 0
0.915527 0.340019 0
0.911979 0.336931 0
0.909819 0.331954 0
0.905975 0.328531 0
0.901679 0.325146 0
0.900155 0.320256 0
0.893647 0.311942 0
0.887891 0.307484 0
0.882469 0.301341 0
0.878492 0.302754 0
0.873354 0.297775 0
0.866251 0.292174 0
0.860753 0.290413 0
0.856415 0.284343 0
0.849825 0.28205 0
0.845034 0.281546 0
0.841189 0.277555 0
0.832777 0.277362 0
0.829396 0.272606 0
0.822135 0.264156 0
0.812871 0.256229 0
0.809327 0.253826 0
0.803984 0.253127 0
0.801365 0.250861 0
0.79539 0.250086 0
0.790685 0.248073 0
0.79241 0.246569 0
0.783795 0.244194 0
0.780111 0.244027 0
0.77762 0.243629 0
0.773509 0.243467 0
0.771336 0.241634 0
0.767742 0.241587 0
0.765817 0.239679 0
0.763916 0.239557 0
0.762248 0.238709 1
0.75867 0.235275 0
0.752964 0.233172 0
0.74871 0.232476 0
0.745304 0.226941 0
0.740888 0.225652 0
0.738276 0.222901 0
0.733448 0.220154 0
0.72994 0.215949 0
0.726391 0.211816 0
0.721251 0.21034 0
0.71737 0.207409 0
0.715557 0.205865 0
0.710761 0.204254 0
0.707955 0.199064 0
0.704187 0.196317 0
0.700989 0.194753 0
0.697616 0.193927 0
0.693281 0.192168 0
0.690624 0.187072 0
0.685648 0.189135 0
0.681065 0.187816 0
0.679458 0.185778 0
0.674948 0.183805 0
0.671398 0.181923 0
0.667472 0.179146 0
0.664659 0.177268 0
0.66169 0.175729 0
0.658075 0.174904 0
0.6543 0.173827 0
0.65021 0.173619 0
0.647117 0.169668 0
0.643721 0.169244 0
0.642463 0.168215 0
0.638727 0.167824 0
0.633848 0.16542 0
0.628347 0.165472 0
0.631687 0.15893 0
0.576205 0.135888 0
0.575035 0.136719 0
0.616569 0.1558 0
0.614817 0.157437 0
0.611453 0.155416 0
0.605921 0.155128 0
0.601385 0.155314 0
0.59846 0.149781 0
0.576456 0.137806 0
0.577603 0.139925 0
0.590779 0.150421 0
0.59103 0.15142 0
0.576558 0.138938 0
0.5772 0.139145 0
0.57737 0.13989 0
0.583279 0.145639 0
0.581674 0.144848 0
0.576429 0.140617 0
0.582529 0.14464 0
0.581837 0.145504 0
0.581965 0.145628 0
0.581248 0.144999 0
0.5802 0.14443 0
0.579596 0.143685 0
0.577365 0.141717 0
0.577156 0.141688 0
0.576955 0.141873 0
0.578253 0.143312 0
0.578964 0.143771 0
0.577507 0.142693 0
0.57991 0.144009 0
0.580312 0.14441 0
0.579315 0.143839 0
0.577813 0.143029 0
0.577739 0.142948 0
0.578276 0.14334 0
0.578711 0.143672 0
0.579739 0.144358 0
0.58003 0.144466 0
0.579896 0.14435 0
0.579405 0.14403 0
0.580044 0.144502 0
0.579542 0.144017 0
0.577783 0.142958 0
0.579063 0.143653 0
0.57927 0.143863 0
0.577818 0.142985 0
0.577811 0.143044 0
0.578218 0.143274 0
0.577482 0.142781 0
0.577493 0.142784 0
0.577395 0.142725 0
0.577314 0.142651 0
0.577555 0.142821 0
0.577235 0.142613 1
0.577234 0.142619 0
0.577425 0.142407 0
0.577458 0.141761 0
0.577684 0.141264 0
0.577884 0.140675 0
0.577676 0.139832 0
0.57802 0.139108 0
0.577754 0.137897 0
0.57767 0.136942 0
0.577956 0.136067 0
0.577503 0.133764 0
0.577006 0.132427 0
0.576875 0.131321 0
0.576619 0.129573 0
0.575285 0.128254 0
0.574274 0.126667 0
0.573261 0.124644 0
0.572758 0.123075 0
0.571859 0.120811 0
0.57055 0.119681 0
0.570551 0.118186 0
0.570477 0.116526 0
0.569418 0.115781 0
0.568652 0.114379 0
0.566911 0.112693 0
0.565971 0.111443 0
0.564235 0.110403 0
0.563575 0.110302 1
0.563469 0.109697 0
0.563132 0.108992 0
0.563321 0.106995 0
0.562551 0.105837 0
0.562916 0.104778 0
0.56271 0.104877 0
0.56276 0.103629 0
0.56256 0.102412 0
0.562339 0.100356 0
0.561907 0.0998661 0
0.561323 0.0999235 0
0.560732 0.0992414 0
0.560697 0.0975395 0
0.560148 0.0960051 0
0.560297 0.0941103 0
0.559456 0.0930758 0
0.559484 0.0920823 0
0.559247 0.0905524 0
0.558519 0.0897707 0
0.558583 0.089811 0
0.55827 0.0888838 0
0.558092 0.0878145 0
0.557693 0.0868079 0
0.557445 0.0863483 0
0.557217 0.0856321 0
0.55716 0.0851882 0
0.556191 0.0837242 0
0.555601 0.0819526 0
0.555145 0.0810388 0
0.554803 0.0805038 0
0.554721 0.0800838 0
0.553939 0.0789735 0
0.553594 0.0786644 0
0.554775 0.0743202 0
0.559412 0.0486071 0
0.558538 0.0483651 0
0.557368 0.0487808 0
0.555879 0.0493208 0
0.55403 0.0503314 0
0.55271 0.0503888 0
0.550799 0.0509015 0
0.550304 0.0511948 0
0.55114 0.050552 0
0.551693 0.0470417 0
0.55052 0.0465308 0
0.546677 0.0487702 0
0.544426 0.0453607 0
0.543916 0.0465491 0
0.541413 0.0532205 0
0.539491 0.0502467 0
0.538575 0.0508829 0
0.53742 0.050955 0
0.536299 0.0501997 0
0.534326 0.0500626 0
0.533109 0.0509775 0
0.532361 0.0513064 0
0.531213 0.0515984 0
0.530527 0.0517557 0
0.528948 0.052389 0
0.527925 0.0525953 0
0.527625 0.0525078 0
0.527603 0.0525006 0
0.527651 0.0524728 0
0.527597 0.052487 0
0.527591 0.0524898 0
0.527591 0.0524895 0
0.527591 0.0524895 0
0.527591 0.0524895 0
0.527591 0.0524895 0
0.527591 0.0524895 1
0.528006 0.0520065 0
0.52823 0.0513862 0
0.52849 0.0509697 0
0.528072 0.0503858 0
0.527733 0.0497798 0
0.528004 0.0492772 0
0.527371 0.0490972 0
0.526978 0.0483892 0
0.528537 0.0474528 0
0.528743 0.0464263 0
0.528508 0.0461115 0
0.527979 0.0453695 0
0.527228 0.0444575 0
0.526416 0.0436037 0
0.52688 0.0427564 0
0.526798 0.0421844 0
0.527651 0.0415404 0
0.527714 0.0404834 0
0.527627 0.0387775 0
0.529081 0.03635 0
0.531787 0.0326913 0
0.525628 0.03611 0
0.524635 0.0365784 0
0.522669 0.0361613 0
0.524578 0.033385 0
0.517793 0.0366317 0
0.522262 0.0325514 0
0.514478 0.0374796 0
0.515117 0.0370194 0
0.514127 0.0362806 0
0.516498 0.0332426 0
0.513206 0.0355148 0
0.512831 0.0343524 0
0.513771 0.0310571 0
0.51853 0.0251715 0
0.50889 0.0357389 0
0.507398 0.0340762 0
0.506608 0.0331791 1
0.50567 0.0325251 0
0.506204 0.030992 0
0.504443 0.0313772 0
0.503418 0.03142 0
0.503767 0.0292199 0
0.501734 0.0306425 0
0.501226 0.0290985 0
0.498485 0.0321737 0
0.496155 0.0326675 0
0.499511 0.0272015 0
0.497985 0.0285353 0
0.498527 0.0265458 0
0.497745 0.0264818 0
0.497252 0.0261686 0
0.497197 0.0252683 0
0.496865 0.024991 0
0.496419 0.0249679 0
0.495879 0.0244996 0
0.495602 0.0242016 0
0.495428 0.024031 0
0.495128 0.0238099 0
0.494767 0.023478 1
0.494591 0.023324 0
0.494333 0.0232209 0
0.494215 0.0230993 0
0.494306 0.0231211 0
0.494215 0.0230176 0
0.493734 0.0227541 0
0.493412 0.0225412 0
0.492702 0.021911 0
0.492338 0.0218345 0
0.492158 0.0214627 0
0.491985 0.0212751 0
0.49166 0.021155 0
0.489283 0.0186111 0
0.506285 0.00447101 0
0.474597 0.0378899 0
0.48448 0.0211928 0
0.48975 0.0161187 0
0.487898 0.0166738 0
0.486226 0.0168664 0
0.486083 0.0166896 0
0.485875 0.0153475 0
0.484807 0.0161929 0
0.48417 0.0152458 0
0.483869 0.0147558 0
0.483192 0.0149224 0
0.482616 0.0146851 0
0.488065 0.00966987 0
0.481991 0.0133275 0
0.48136 0.0134691 0
0.480904 0.0131163 1
0.48025 0.0132277 0
0.480036 0.0128663 0
0.479662 0.0127102 0
0.479265 0.0126469 0
0.479065 0.0123086 0
0.478952 0.0119155 0
0.478613 0.0119286 0
0.478545 0.0114618 0
0.478301 0.011243 0
0.478889 0.0103174 0
0.478375 0.0102615 0
0.477581 0.0112311 0
0.477762 0.0104841 0
0.477681 0.0103906 0
0.477417 0.0105264 0
0.477252 0.0104533 1
0.477136 0.0107059 0
0.476279 0.0115006 0
0.473797 0.0121753 0
0.475514 0.0113574 0
0.47466 0.0112474 0
0.472984 0.0104474 0
0.471543 0.00941391 0
0.476911 0.010206 1
