0.229475 0.65931 0
0.155296 0.680598 0
0.164546 0.674049 0
0.167529 0.69405 0
0.22419 0.655555 0
0.20555 0.683821 0
0.240898 0.670692 0
0.243742 0.686501 0
0.252901 0.694479 0
0.264487 0.702787 0
0.27955 0.704462 0
0.292386 0.704768 0
0.306208 0.710659 0
0.319743 0.709564 0
0.335165 0.714668 0
0.34604 0.70996 0
0.359676 0.711552 0
0.36632 0.715842 0
0.370074 0.720581 0
0.378613 0.729024 0
0.388624 0.73736 0
0.397327 0.745453 0
0.404034 0.757986 0
0.411561 0.761516 0
0.418964 0.770876 0
0.429757 0.773543 0
0.435862 0.775006 0
0.440821 0.779411 0
0.442175 0.774197 0
0.447875 0.781593 0
0.456985 0.782434 0
0.492342 0.771372 0
0.502103 0.790934 0
0.515175 0.787045 0
0.52225 0.789091 0
0.547275 0.776188 0
0.555795 0.77748 0
0.576743 0.758326 0
0.60947 0.760497 0
0.626847 0.756259 0
0.629686 0.741436 0
0.635286 0.712104 0
0.640209 0.691548 0
0.646927 0.669199 0
0.653772 0.644002 0
0.658449 0.614155 0
0.681617 0.550933 0
0.683076 0.51169 0
0.723063 0.460484 0
0.850028 0.405052 0
0.83827 0.39007 0
0.831593 0.385909 0
0.822123 0.384118 0
0.812005 0.369101 0
0.801952 0.354981 0
0.799842 0.344791 0
0.785706 0.334398 0
0.774485 0.328137 0
0.761875 0.321538 0
0.753799 0.31466 0
0.740003 0.30594 0
0.729211 0.292842 0
0.714097 0.285302 0
0.706839 0.278021 0
0.685942 0.274245 0
0.672256 0.26976 0
0.659373 0.254242 0
0.64121 0.248239 0
0.637902 0.233891 0
0.639905 0.21953 0
0.638005 0.204215 0
0.631433 0.189231 0
0.632721 0.1695 0
0.626513 0.163624 0
0.631616 0.144192 0
0.64897 0.108349 0
0.626157 0.106958 0
0.622676 0.0957927 0
0.610689 0.0889369 1
0.599778 0.0817985 0
0.57735 0.0830762 0
0.555985 0.0860304 0
0.521746 0.0946178 0
0.524065 0.0743485 0
0.500295 0.0795542 0
0.473375 0.0838161 0
0.458996 0.0731615 0
0.42854 0.0792313 0
0.410173 0.0754183 0
0.38252 0.0707446 0
0.385417 0.0543225 0
0.359873 0.0455138 0
0.348853 0.0408688 0
0.33068 0.0395847 0
0.308203 0.0301537 0
0.287071 0.027669 0
0.274376 0.0283837 0
0.272449 0.0285066 0
0.272266 0.0285779 0
0.272186 0.0285824 0
0.272955 0.027729 0
0.273204 0.0271795 0
0.272682 0.0283172 0
0.272378 0.0285339 0
0.272237 0.0286069 1
0.262846 0.041736 0
0.253519 0.0401921 0
0.242674 0.0424675 0
0.238161 0.0516748 0
0.221755 0.0674564 0
0.215378 0.0886995 0
0.210916 0.100375 0
0.205247 0.113748 0
0.195149 0.130111 0
0.182016 0.153682 0
0.195213 0.18389 0
0.156155 0.221527 0
0.155641 0.241763 0
0.127117 0.274249 0
0.119942 0.290386 0
0.109936 0.306099 0
0.0923572 0.342797 0
0.0846015 0.355862 1
0.0770893 0.375953 0
0.0756206 0.392188 0
0.0788523 0.405371 0
0.0772587 0.422517 0
0.0841255 0.431014 0
0.0875845 0.445665 0
0.0821563 0.46399 0
0.102652 0.466519 0
0.118351 0.467292 0
0.114839 0.490213 0
0.0842962 0.51435 0
0.113921 0.520236 0
0.123333 0.531142 0
0.118021 0.551844 0
0.143234 0.55031 0
0.153558 0.556829 0
0.155924 0.568549 0
0.162421 0.57792 0
0.181805 0.576282 0
0.168104 0.599725 0
0.178673 0.611982 0
0.17747 0.62562 0
0.181214 0.634087 0
0.181816 0.644631 0
0.189019 0.652367 0
0.202279 0.659133 0
0.205244 0.666001 0
0.215232 0.672987 1
0.235766 0.667254 0
0.243941 0.675427 0
0.26166 0.672436 0
0.271515 0.686253 0
0.285699 0.692866 0
0.29999 0.687892 0
0.322705 0.683665 0
0.331569 0.693763 0
0.346457 0.695676 0
0.355305 0.705408 1
0.362046 0.716681 0
0.365612 0.725813 0
0.368764 0.733859 0
0.372839 0.746903 0
0.381385 0.755337 0
0.396232 0.750912 0
0.402587 0.765792 0
0.41157 0.76929 0
0.418458 0.780339 0
0.426666 0.783789 0
0.430153 0.793156 0
0.444671 0.804333 0
0.455021 0.805014 0
0.461571 0.806383 0
0.474316 0.806313 0
0.485297 0.807256 0
0.496858 0.804998 0
0.508906 0.812417 0
0.528709 0.806931 0
0.54044 0.812215 0
0.555035 0.805749 0
0.56907 0.792549 0
0.589511 0.771516 0
0.629145 0.748733 0
0.635759 0.739346 0
0.665195 0.717242 0
0.688864 0.706198 0
0.718308 0.663955 0
0.747447 0.647678 0
0.759506 0.626767 0
0.764998 0.592383 0
0.758338 0.566834 0
0.774002 0.530781 0
0.855614 0.472191 0
0.8435 0.443162 0
0.866881 0.416884 0
0.86943 0.393193 0
0.884054 0.371242 0
0.878688 0.356192 0
0.869188 0.346735 0
0.871801 0.331517 0
0.853377 0.32398 0
0.834442 0.318387 0
0.825045 0.309865 0
0.818617 0.297078 0
0.806073 0.291429 1
0.811006 0.274625 0
0.802487 0.263441 0
0.788801 0.25593 0
0.776239 0.246288 0
0.782031 0.226201 0
0.758256 0.226883 0
0.764773 0.20784 0
0.753947 0.200608 0
0.732535 0.199403 0
0.724458 0.191293 0
0.72074 0.179227 0
0.712724 0.170292 0
0.706916 0.161112 0
0.703202 0.147009 1
0.694628 0.138628 0
0.683913 0.132436 0
0.672756 0.137606 0
0.64227 0.138165 0
0.619468 0.138505 0
0.600595 0.135656 0
0.583168 0.129549 0
0.55032 0.13573 0
0.550086 0.115083 0
0.544505 0.103008 0
0.506729 0.108078 0
0.505933 0.0962282 0
0.479222 0.0943135 0
0.473198 0.0818419 0
0.443618 0.0821564 0
0.411731 0.0818699 0
0.397825 0.0726894 0
0.362251 0.0581096 0
0.316721 0.0447833 0
0.294942 0.0415031 0
0.279444 0.0315863 0
0.273335 0.0274657 0
0.27216 0.0285675 0
0.272259 0.0285929 0
0.272238 0.0286063 0
0.272237 0.0286057 0
0.272236 0.0286065 0
0.272241 0.0286042 0
0.272234 0.0285175 0
0.272211 0.0281301 0
0.270391 0.0241096 0
0.269339 0.021634 0
0.26863 0.0194641 0
0.267208 0.0192458 0
0.263065 0.0166962 0
0.260869 0.0090711 0
0.252266 0.0072801 0
0.242074 0.00404454 0
0.228215 0 0
0.211709 0.0118739 0
0.187422 0.034381 0
0.17593 0.0553574 0
0.177378 0.0669077 0
0.167273 0.0839187 0
0.161117 0.0991206 0
0.151716 0.123732 0
0.15194 0.139754 0
0.15431 0.155009 1
0.14751 0.171302 0
0.137262 0.197721 0
0.0994932 0.233126 0
0.0702688 0.26655 0
0.0601106 0.288549 0
0.0632115 0.30453 0
0.0303412 0.331329 0
0.0091317 0.366425 0
0.00756778 0.387082 0
0.0117688 0.402127 0
0 0.427387 0
0.0171648 0.443619 0
0.0161097 0.468266 0
0.0327693 0.479428 0
0.0433957 0.485528 0
0.0565938 0.496804 0
0.0673359 0.507119 0
0.0813714 0.510117 0
0.0806129 0.520051 0
0.0945406 0.525169 1
0.106347 0.530503 0
0.11135 0.541686 0
0.116912 0.552784 0
0.12702 0.562195 0
0.138679 0.567688 0
0.149493 0.573361 0
0.155795 0.585408 0
0.147798 0.603304 0
0.153728 0.606709 0
0.173939 0.606096 0
0.179055 0.616447 0
0.198941 0.617198 0
0.183807 0.646575 0
0.202247 0.646607 0
0.230875 0.640508 0
0.251578 0.642358 0
0.25769 0.654548 0
0.237605 0.688028 0
0.255635 0.697158 0
0.27583 0.701314 0
0.340395 0.646493 0
0.360993 0.654737 0
0.367168 0.664545 0
0.379237 0.677545 0
0.375137 0.694743 0
0.367539 0.705578 0
0.379542 0.713643 0
0.390937 0.717682 0
0.395884 0.737359 0
0.409098 0.741649 0
0.418305 0.755564 0
0.429512 0.759477 0
0.439496 0.779657 0
0.439829 0.788144 0
0.448709 0.814867 0
0.477758 0.798614 0
0.489513 0.800137 0
0.496687 0.809774 0
0.477857 0.858281 0
0.500811 0.842436 0
0.51274 0.840704 0
0.523469 0.833129 0
0.545999 0.808857 0
0.566798 0.790669 0
0.588105 0.78749 0
0.60964 0.766639 0
0.627169 0.747997 0
0.663005 0.715101 0
0.696146 0.680398 0
0.717457 0.663288 0
0.732679 0.635519 0
0.733852 0.628077 0
0.735713 0.638148 0
0.766721 0.605962 0
0.775017 0.580294 0
0.787165 0.554471 0
0.783191 0.52311 0
0.801673 0.489923 1
0.803336 0.473931 0
0.807677 0.460425 0
0.803582 0.447768 0
0.806224 0.436045 0
0.804153 0.428353 0
0.787917 0.420845 0
0.766855 0.440546 0
0.756829 0.430303 0
0.75617 0.438136 0
0.742496 0.419764 0
0.747561 0.421242 0
0.766609 0.449637 0
0.97218 0.177104 0
1 0.163083 0
0.977936 0.234179 0
