0.0214083 0.546882 1
0.0166853 0.567815 0
0.0262174 0.584644 0
0.0111622 0.608856 0
0.0330806 0.615113 0
0.0128271 0.634524 0
0.0129631 0.650999 0
0.022879 0.660436 0
0.0330041 0.670639 0
0.0313834 0.698295 0
0.0342491 0.713691 0
0.03745 0.733819 0
0.0659753 0.738325 0
0.073224 0.760677 0
0.0855543 0.770354 0
0.110745 0.778201 0
0.120968 0.790494 0
0.128063 0.804843 0
0.136776 0.818753 0
0.149562 0.817134 0
0.166786 0.80542 0
0.178749 0.788288 0
0.184642 0.789183 0
0.192935 0.79731 0
0.207332 0.792042 0
0.209733 0.792359 0
0.225114 0.785472 0
0.233581 0.785324 0
0.205722 0.823461 0
0.224726 0.816382 0
0.258731 0.816981 0
0.277478 0.833399 0
0.286644 0.851837 0
0.295253 0.864264 0
0.310857 0.863881 0
0.326199 0.85959 0
0.33374 0.865819 0
0.343856 0.890488 0
0.351244 0.894508 0
0.371088 0.896215 0
0.391359 0.913698 0
0.38629 0.919351 0
0.382945 0.921 0
0.404112 0.923352 0
0.429706 0.929037 0
0.440845 0.923193 0
0.440129 0.914839 0
0.453449 0.903563 0
0.481108 0.903308 0
0.49028 0.913602 0
0.477338 0.900235 0
0.490239 0.918287 0
0.505756 0.90631 0
0.539393 0.87184 0
0.555046 0.814471 0
0.612786 0.794214 0
0.639511 0.753315 0
0.663564 0.740493 0
0.684089 0.742678 0
0.697898 0.739095 0
0.712385 0.721022 0
0.7314 0.715532 0
0.73035 0.711087 0
0.735026 0.706121 0
0.747013 0.685848 0
0.77749 0.661215 0
0.809837 0.648988 0
0.795744 0.641931 0
0.808251 0.625518 0
0.829323 0.598068 0
0.856577 0.572981 1
0.847598 0.547854 0
0.828895 0.520352 0
0.847993 0.519499 0
0.830054 0.498846 0
0.815678 0.480097 0
0.817677 0.46634 0
0.819479 0.45338 0
0.827146 0.44796 0
0.834092 0.431719 0
0.848951 0.409342 0
0.856904 0.39045 0
0.852044 0.375533 0
0.847169 0.366819 0
0.840775 0.352055 0
0.839878 0.334638 0
0.833556 0.322581 0
0.816303 0.308946 0
0.801034 0.290967 0
0.789727 0.274691 0
0.779129 0.259693 0
0.759723 0.244964 0
0.733299 0.229607 0
0.723498 0.209456 0
0.703638 0.192589 0
0.669905 0.175868 0
0.640628 0.156867 0
0.624762 0.143186 0
0.608876 0.128473 0
0.574501 0.111913 0
0.54377 0.0972535 0
0.539727 0.0871577 0
0.535914 0.0839096 0
0.518661 0.0747949 0
0.500659 0.0644142 0
0.467908 0.0582175 0
0.432098 0.051128 0
0.409035 0.0407651 0
0.394705 0.0269519 0
0.380167 0.0204035 0
0.369783 0.0163841 0
0.338526 0.0153279 0
0.302321 0.0141489 0
0.292287 0.00908945 0
0.304471 0 1
0.304882 0.00503642 0
0.294611 0.0120665 0
0.280876 0.0151434 0
0.278966 0.0163748 0
0.279815 0.0179807 0
0.280147 0.0204017 0
0.280656 0.021579 0
0.266809 0.0221212 0
0.234339 0.0239984 0
0.209327 0.0284716 0
0.188102 0.0323998 0
0.161039 0.0384064 0
0.150645 0.0459899 0
0.159781 0.0511924 0
0.147855 0.0632538 0
0.10805 0.0813951 0
0.0909309 0.0964488 0
0.0796703 0.110938 1
0.0648473 0.127189 0
0.0391066 0.145438 0
0.0413118 0.154161 0
0.033672 0.168129 0
0.0217922 0.187544 0
0.0159209 0.208156 0
0.0178038 0.220188 0
0.0165859 0.238236 0
0.00614098 0.261029 0
0.00836529 0.275142 0
0.00881446 0.292042 0
0.0127117 0.304855 0
0.0178853 0.317591 0
0.0165813 0.337081 0
0.0105702 0.352504 0
0.00286343 0.360239 0
0.00427746 0.373433 0
0 0.389966 1
0.00648912 0.408812 0
0.00462453 0.423626 0
0.0238741 0.436103 0
0.0410135 0.447803 0
0.0378914 0.460701 0
0.0221534 0.471909 0
0.00714095 0.489903 0
0.00161806 0.511803 0
0.0100139 0.517276 0
0.0250584 0.515105 0
0.0314687 0.525176 0
0.0356902 0.541174 0
0.0402444 0.559942 0
0.0428261 0.581573 0
0.0510007 0.59973 0
0.0487768 0.618874 0
0.0496502 0.632385 0
0.0553561 0.644713 0
0.0618901 0.652596 0
0.0624785 0.666508 0
0.0577743 0.684199 0
0.0581536 0.710649 0
0.0545947 0.737861 0
0.0579859 0.756019 0
0.0680793 0.761303 0
0.0896433 0.770331 0
0.104424 0.779842 0
0.11482 0.799812 0
0.125095 0.817925 0
0.142462 0.826145 0
0.160908 0.836919 0
0.17215 0.850968 1
0.189762 0.852316 0
0.202113 0.860387 0
0.206887 0.881712 0
0.231295 0.87676 0
0.253108 0.881352 0
0.265125 0.889749 0
0.274682 0.896281 0
0.294942 0.897876 0
0.31195 0.899052 0
0.315292 0.908528 0
0.321403 0.922742 0
0.339982 0.925475 0
0.353054 0.931389 0
0.357285 0.936224 0
0.372066 0.937719 0
0.391369 0.940951 0
0.408473 0.950255 0
0.420008 0.958665 0
0.427153 0.964456 0
0.438894 0.967843 0
0.463018 0.948294 0
0.488447 0.917455 0
0.486415 0.907019 0
0.48592 0.894129 0
0.492382 0.883618 0
0.498134 0.874602 0
0.514444 0.859124 0
0.557684 0.829088 0
0.568184 0.825994 0
0.577874 0.815142 0
0.608275 0.790826 0
0.658022 0.767802 1
0.668399 0.751853 0
0.686319 0.736322 0
0.730349 0.71823 0
0.75519 0.701608 0
0.764875 0.687411 0
0.789868 0.670208 0
0.813716 0.655381 0
0.817242 0.641193 0
0.824985 0.626488 0
0.829399 0.612428 0
0.831724 0.596822 0
0.844172 0.581085 0
0.850588 0.567376 0
0.856309 0.547654 0
0.878712 0.52415 0
0.892199 0.507134 1
0.889849 0.495223 0
0.879726 0.477486 0
0.875473 0.461736 0
0.869176 0.444869 0
0.865163 0.425669 0
0.862419 0.409553 0
0.856089 0.394794 0
0.846528 0.375716 0
0.842914 0.357773 0
0.839595 0.345027 0
0.849098 0.337218 0
0.84849 0.322183 0
0.830047 0.301099 0
0.813623 0.286897 0
0.801568 0.280446 0
0.788173 0.260952 0
0.782727 0.233781 0
0.78494 0.213222 1
0.757802 0.196804 0
0.725372 0.181017 0
0.694033 0.166492 0
0.665838 0.153255 0
0.633055 0.140199 0
0.616229 0.123572 0
0.609761 0.107272 0
0.583506 0.0943455 0
0.556714 0.0863908 0
0.552023 0.079474 0
0.542226 0.0707082 0
0.512543 0.0621414 0
0.478567 0.0536037 0
0.44133 0.0484867 0
0.412288 0.0431802 0
0.390703 0.0342141 0
0.374751 0.0327207 0
0.371596 0.0303016 0
0.3721 0.0282965 0
0.370626 0.026005 0
0.361905 0.026793 0
0.351577 0.0262677 0
0.348509 0.0244547 0
0.34153 0.0293032 0
0.323532 0.0235407 0
0.298951 0.0209182 0
0.288409 0.0229624 0
0.277818 0.0245166 0
0.272598 0.0259418 0
0.281391 0.0260607 0
0.289344 0.025495 0
0.277541 0.0256921 0
0.238232 0.0295856 0
0.209769 0.0424014 0
0.200912 0.0457947 0
0.179457 0.0487493 0
0.146406 0.0548374 0
0.128669 0.0649407 0
0.150461 0.0681276 0
0.156331 0.0679944 0
0.136645 0.0824871 0
0.126839 0.0995126 0
0.127784 0.117566 0
0.116738 0.114571 0
0.114896 0.123668 0
0.101189 0.142981 0
0.0690289 0.175834 0
0.0224631 0.217582 1
0.0170357 0.227307 0
0.062869 0.213387 0
0.0721846 0.224799 0
0.0692958 0.239697 0
0.0562952 0.259555 0
0.0501207 0.278356 0
0.0536062 0.289073 0
0.0402593 0.31082 0
0.0350659 0.330609 0
0.0353248 0.346059 0
0.0416984 0.362008 0
0.0329344 0.383324 0
0.03028 0.396125 0
0.0390033 0.401229 0
0.0372785 0.413849 0
0.0370583 0.44494 0
0.0500417 0.460277 0
0.0574144 0.473929 0
0.0641067 0.490524 0
0.0616222 0.507967 0
0.0476755 0.540301 0
0.0676357 0.541504 0
0.075762 0.549518 0
0.0814327 0.559127 0
0.094526 0.563463 0
0.0893143 0.577128 0
0.0842876 0.599898 0
0.086212 0.615021 0
0.0774059 0.630507 0
0.0720992 0.648789 0
0.0740585 0.660927 0
0.0696042 0.678155 0
0.0662524 0.696331 0
0.0702955 0.707926 0
0.0730061 0.721653 0
0.0740008 0.736905 0
0.077816 0.752804 0
0.0816897 0.765573 1
0.114413 0.766767 0
0.140349 0.775618 0
0.15625 0.802508 0
0.173809 0.822518 0
0.184388 0.838481 0
0.186534 0.857322 0
0.196287 0.860454 0
0.22495 0.834399 0
0.24332 0.85988 0
0.257439 0.881647 0
0.274433 0.896154 0
0.288969 0.907812 0
0.313275 0.907808 0
0.332112 0.923687 0
0.342989 0.944877 0
0.34365 0.958299 0
0.353606 0.957415 0
0.377708 0.958044 0
0.396616 0.965859 0
0.404625 0.978674 0
0.402994 0.994557 0
0.393844 1 0
0.408158 0.991968 0
0.416935 0.983943 0
0.43713 0.965892 0
0.455564 0.953855 0
0.458941 0.951699 0
0.472829 0.932488 0
0.489505 0.914194 0
0.519602 0.899548 0
0.53062 0.886017 0
0.517555 0.866786 0
0.526667 0.855292 0
0.556393 0.844497 0
0.576572 0.82629 0
0.608623 0.801457 0
0.639891 0.780919 0
0.65309 0.772179 0
0.664786 0.767228 0
0.697775 0.753231 0
0.748267 0.731454 0
0.77918 0.715512 0
0.785448 0.706754 0
0.796704 0.69117 0
0.799524 0.67348 0
0.803514 0.658959 0
0.847044 0.629881 0
0.822896 0.631761 0
0.823475 0.618169 0
0.84624 0.589823 0
0.881784 0.569765 0
0.870347 0.564193 0
0.864314 0.542275 0
0.890739 0.509987 0
0.881774 0.495967 0
0.848032 0.494644 0
0.854701 0.48073 0
0.870755 0.453109 0
0.880187 0.431361 0
0.951696 0.482876 0
0.878906 0.398943 0
0.89336 0.379561 0
0.897853 0.360506 0
0.874566 0.343539 1
0.852822 0.325973 0
0.834289 0.314489 0
0.802978 0.304067 0
0.796939 0.284189 0
0.79772 0.262804 0
0.782845 0.248377 0
0.770439 0.233783 0
0.760536 0.206545 0
0.722355 0.195542 0
0.699011 0.183131 0
0.699742 0.16701 0
0.684433 0.153484 0
0.64843 0.137766 0
0.631066 0.118918 0
0.611135 0.106703 0
0.585208 0.096277 0
0.573656 0.0864189 0
0.564092 0.075842 1
0.530149 0.0686398 0
0.498256 0.0622415 0
0.468136 0.056423 0
0.449821 0.0517425 0
0.42704 0.0467022 0
0.397399 0.0405555 0
0.39767 0.0366414 0
0.404584 0.0330578 0
0.388287 0.0306679 0
0.372405 0.033419 0
0.364923 0.0356131 0
0.359151 0.0321523 0
0.360971 0.0293339 0
0.359152 0.0286467 0
0.361776 0.0321725 0
0.353268 0.0338965 0
0.335942 0.0324233 0
0.332087 0.0310797 0
0.335027 0.0314003 0
0.326952 0.0323733 0
0.302673 0.0340635 0
0.279552 0.036073 0
0.264473 0.037606 0
0.246549 0.0429572 0
0.228864 0.038611 0
0.201077 0.0427913 0
0.165524 0.0510994 0
0.146761 0.0497225 1
0.161232 0.0520926 0
0.170694 0.0590532 0
0.160174 0.0732432 0
0.136505 0.0891012 0
0.127058 0.124138 0
0.105229 0.131639 0
0.0980738 0.150497 0
0.0733454 0.174007 0
0.0781247 0.193895 0
0.0808178 0.209949 0
0.0620345 0.221381 0
0.056973 0.235297 0
0.044884 0.254782 0
0.0546108 0.274136 0
0.0554507 0.276994 0
0.0514772 0.289155 0
0.0413045 0.303815 0
0.0493109 0.308938 0
0.0524212 0.332062 0
0.0144469 0.354047 0
0.0440323 0.379882 0
0.0275169 0.377452 0
0.0215591 0.396577 0
0.0149071 0.416337 0
0.0257723 0.433234 0
0.0340079 0.440386 0
0.0424976 0.449007 0
0.0468607 0.461528 0
0.0469685 0.48826 0
0.0394529 0.514861 0
0.054588 0.529826 0
0.0662803 0.542876 0
0.0508831 0.552889 0
0.0537569 0.57252 0
0.0467032 0.588689 0
0.0484429 0.606027 0
0.039772 0.626485 0
0.0483638 0.651185 0
0.0613975 0.660455 0
