0.45718 0.838232 0
0.40307 0.833231 0
0.360077 0.824881 0
0.334923 0.81871 0
0.337051 0.80906 0
0.333316 0.798186 0
0.30873 0.783159 0
0.287741 0.767134 0
0.278672 0.746081 0
0.257482 0.727209 0
0.235802 0.710054 0
0.212539 0.695358 0
0.211969 0.671518 0
0.196413 0.646203 0
0.174073 0.622866 0
0.160983 0.600017 0
0.141024 0.576768 0
0.107868 0.554059 0
0.0809087 0.530348 0
0.0675533 0.507515 0
0.0553927 0.489217 0
0.0517489 0.470159 0
0.0501373 0.448505 0
0.0450662 0.424492 0
0.034232 0.403776 0
0.0231552 0.390175 0
0.026477 0.365568 0
0.0373062 0.347525 0
0.0448982 0.329727 0
0.0419058 0.304683 0
0.0477492 0.26659 0
0.0795268 0.227448 0
0.114016 0.197799 0
0.150508 0.164244 0
0.182182 0.137817 0
0.202531 0.121906 0
0.218491 0.110112 1
0.271929 0.104273 0
0.310828 0.105943 0
0.339353 0.105011 0
0.368335 0.103064 0
0.390153 0.102798 0
0.406001 0.100326 0
0.42671 0.0941982 0
0.441322 0.0920274 0
0.444668 0.0889306 0
0.455975 0.0852222 0
0.456635 0.0785406 0
0.470339 0.068787 0
0.482994 0.0573282 0
0.480445 0.0490116 0
0.469238 0.0403763 0
0.483485 0.0307091 0
0.51038 0.0243715 0
0.540512 0.0241532 0
0.561271 0.0291314 0
0.563047 0.0318125 0
0.562851 0.0393697 0
0.579501 0.0482368 0
0.636279 0.0644087 0
0.68047 0.0811379 0
0.712556 0.0970566 0
0.74233 0.106643 0
0.774462 0.11845 0
0.811858 0.132742 0
0.846821 0.148487 0
0.879692 0.169774 0
0.898239 0.18623 0
0.926934 0.21124 0
0.927909 0.214604 0
0.920886 0.220937 0
0.938585 0.236254 0
0.970314 0.252387 0
0.988043 0.266404 0
0.983708 0.274445 0
0.979893 0.287663 0
0.989127 0.311293 1
0.984123 0.343 0
0.974233 0.376239 0
0.975353 0.411163 0
0.974745 0.44227 0
0.961753 0.473255 0
0.947808 0.504822 0
0.952912 0.53695 0
0.966749 0.569496 0
0.973587 0.598603 0
0.971653 0.627693 0
0.964727 0.660483 0
0.954945 0.693702 0
0.932766 0.72231 0
0.880801 0.747942 0
0.832654 0.770194 0
0.794582 0.790285 0
0.775522 0.81818 0
0.75911 0.843279 0
0.754645 0.876288 0
0.762713 0.91897 1
0.760723 0.938015 0
0.75598 0.950208 0
0.750324 0.958231 0
0.754563 0.965164 0
0.769059 0.972591 0
0.779983 0.980366 0
0.77601 0.985884 0
0.758267 0.983867 0
0.738664 0.974312 0
0.728974 0.970324 0
0.725912 0.971802 0
0.726264 0.967042 0
0.696802 0.934115 0
0.658912 0.91298 0
0.622743 0.891911 0
0.583804 0.871329 0
0.565477 0.862308 0
0.543608 0.855886 0
0.486481 0.855059 0
0.417611 0.846548 0
0.369909 0.846181 0
0.316795 0.835924 0
0.274085 0.813359 0
0.265114 0.7945 0
0.271066 0.776397 0
0.270387 0.755536 0
0.256343 0.735828 0
0.226954 0.715411 0
0.221827 0.695313 0
0.222496 0.675426 0
0.187511 0.649766 0
0.156757 0.622067 0
0.134235 0.59715 0
0.104552 0.574985 0
0.088983 0.555067 0
0.0802327 0.538533 0
0.0687224 0.520645 0
0.0538993 0.494359 0
0.0467243 0.470674 0
0.0452332 0.448034 0
0.0406364 0.427775 0
0.0414777 0.407049 0
0.0488558 0.386395 0
0.0498762 0.36378 0
0.0500289 0.338332 0
0.0736019 0.313164 1
0.117389 0.277003 0
0.147193 0.235785 0
0.171128 0.200163 0
0.195989 0.174363 0
0.226455 0.157208 0
0.255973 0.139126 0
0.296969 0.129327 0
0.316973 0.125661 0
0.33613 0.125979 0
0.363863 0.128119 0
0.394828 0.132215 0
0.417648 0.132064 0
0.437326 0.123025 0
0.455647 0.133323 0
0.465124 0.126308 0
0.481912 0.123243 0
0.495329 0.118002 0
0.507069 0.105897 0
0.519219 0.0932343 0
0.531465 0.0845765 0
0.534643 0.0802433 0
0.511879 0.0727945 0
0.50675 0.0606189 0
0.512757 0.0448252 0
0.528748 0.0303349 0
0.547833 0.0184153 0
0.558575 0.0111947 0
0.567524 0 1
0.582036 0.0128377 0
0.629884 0.0307926 0
0.695525 0.0510081 0
0.733359 0.0807108 0
0.764236 0.106712 0
0.790465 0.119971 0
0.819722 0.130624 0
0.844178 0.143687 0
0.897518 0.16416 0
0.913788 0.174795 0
0.913891 0.178671 0
0.896782 0.175806 0
0.885695 0.180408 0
0.892119 0.195136 0
0.904597 0.21292 0
0.918036 0.227101 0
0.914436 0.234243 0
0.928846 0.249414 0
0.909221 0.254857 0
0.901471 0.269714 0
0.925891 0.298003 0
0.944129 0.328385 0
0.945331 0.353118 0
0.949048 0.386281 0
0.889292 0.406984 0
0.877466 0.436848 0
0.896147 0.471595 0
0.922126 0.506811 0
0.934655 0.539176 0
0.934751 0.570312 0
0.932781 0.601727 0
0.923074 0.628495 0
0.922199 0.65976 0
0.926397 0.70056 1
0.86703 0.736634 0
0.83202 0.766786 0
0.802512 0.794327 0
0.786192 0.828312 0
0.768573 0.862983 0
0.745831 0.888979 0
0.744832 0.923718 0
0.746426 0.945561 0
0.738162 0.956753 0
0.734719 0.972054 0
0.743712 0.984215 0
0.75193 0.995192 0
0.75088 0.997657 0
0.750109 0.998422 0
0.751756 1 0
0.74394 0.995877 0
0.711335 0.982318 0
0.685102 0.977443 0
0.692529 0.967413 0
0.709153 0.95954 0
0.694995 0.934842 0
0.65927 0.909465 0
0.616383 0.888052 0
0.565668 0.865973 0
0.531093 0.84639 0
0.505839 0.843396 0
0.457124 0.850135 0
0.386841 0.849879 0
0.313217 0.849388 0
0.253375 0.841997 1
0.246325 0.836551 0
0.248692 0.819239 0
0.247597 0.803645 0
0.233726 0.788428 0
0.2266 0.771087 0
0.214256 0.753424 0
0.190951 0.733434 0
0.190449 0.709732 0
0.178138 0.687064 0
0.14413 0.666812 0
0.124597 0.64507 0
0.09538 0.62581 0
0.0561368 0.607694 0
0.0340146 0.587702 0
0.0231445 0.569433 0
0.00669213 0.548389 1
0.00733488 0.525728 0
0.0530491 0.525764 0
0.020778 0.506598 0
0.000628223 0.473422 0
0 0.445067 0
0.0226489 0.432853 0
0.0455621 0.430223 0
0.0597981 0.42574 0
0.021168 0.358113 0
0.0639168 0.343413 0
0.0836885 0.306107 0
0.110365 0.254887 0
0.192887 0.234537 0
0.190481 0.192279 0
0.227118 0.188106 0
0.275818 0.165668 0
0.320036 0.159363 0
0.346622 0.142285 0
0.367383 0.136192 0
0.418645 0.154657 0
0.434527 0.134119 0
0.457903 0.154239 0
0.47348 0.162492 0
0.491736 0.14893 0
