0.596276 0.317126 1
0.596276 0.317126 0
0.596276 0.317126 0
0.596276 0.317126 0
0.974326 0.393082 0
0.984459 0.389669 0
0.990978 0.38796 0
0.992856 0.415007 0
0.999265 0.44634 0
0.990004 0.507085 0
0.969315 0.547146 0
0.953426 0.585016 0
0.921049 0.620839 0
0.905809 0.661185 0
0.862646 0.678943 0
0.834057 0.705155 0
0.76027 0.698621 0
0.568367 0.737035 0
0.56183 0.767077 0
0.547261 0.772217 0
0.543811 0.787845 0
0.536178 0.793985 0
0.513317 0.807173 0
0.49832 0.814738 0
0.483589 0.815168 1
0.431399 0.843056 0
0.395033 0.841662 0
0.322972 0.831237 0
0.312 0.851366 0
0.292016 0.838305 0
0.244022 0.835057 0
0.220777 0.811366 0
0.202976 0.807173 0
0.177518 0.801433 0
0.155663 0.78193 0
0.114472 0.757376 0
0.0884473 0.701558 0
0.0709269 0.633757 0
0.0750261 0.584836 0
0.066051 0.531856 0
0.0630197 0.502637 0
0.0619135 0.471085 0
0.0611568 0.424766 0
0.0519741 0.398534 0
0.0446025 0.372547 0
0.0224218 0.344022 0
0.0161325 0.315095 0
0.0329533 0.29776 0
0 0.255422 0
0.018106 0.243938 0
0.020672 0.214264 0
0.042717 0.188566 0
0.0661879 0.187406 0
0.0833095 0.162606 0
0.105035 0.138285 0
0.139349 0.125944 0
0.153747 0.125641 1
0.163718 0.118536 0
0.180239 0.113924 0
0.207814 0.0873307 0
0.222224 0.0822833 0
0.272017 0.0395616 0
0.321058 0 0
0.361185 0.00867507 0
0.391224 0.00370264 0
0.434487 0.0122189 0
0.454836 0.0169335 0
0.485835 0.0234676 0
0.510663 0.024011 0
0.547965 0.0355536 0
0.578528 0.0672249 0
0.631382 0.139161 0
0.655218 0.163006 1
0.673145 0.156454 0
0.691162 0.154243 0
0.711339 0.157781 0
0.726092 0.15899 0
0.749165 0.156414 0
0.778492 0.166613 0
0.80887 0.180851 0
0.843732 0.188461 0
0.869788 0.203553 0
0.901462 0.216759 0
0.925171 0.236722 0
0.944636 0.254542 0
0.957441 0.273278 0
0.96956 0.300584 0
0.97973 0.318325 0
0.979493 0.342728 1
0.983863 0.352736 0
0.985257 0.358785 0
0.990285 0.376635 0
0.992528 0.387546 0
0.990183 0.387725 0
0.981753 0.388603 0
0.982653 0.397693 0
0.980445 0.407223 0
0.979531 0.407479 0
0.984216 0.404149 0
1 0.425171 0
0.991763 0.457885 0
0.982667 0.454246 0
0.980494 0.478332 0
0.972263 0.495262 0
0.893992 0.630597 0
0.868284 0.673949 0
0.796689 0.679591 0
0.742543 0.684696 0
0.622283 0.706162 0
0.579399 0.724672 0
0.537799 0.740736 0
0.530053 0.740831 0
0.518874 0.748215 0
0.483635 0.75426 0
0.481001 0.78181 0
0.456195 0.799687 0
0.391223 0.828047 0
0.340604 0.823613 0
0.247558 0.821061 0
0.217551 0.83932 0
0.194355 0.805584 0
0.172068 0.781252 0
0.147503 0.772064 0
0.123382 0.743204 0
0.11045 0.692916 0
0.0741532 0.663336 0
0.0559479 0.639401 0
0.0536472 0.595419 0
0.0378415 0.562151 0
0.0303421 0.519752 0
0.0291954 0.493202 0
0.0257412 0.476649 1
