0.846216 0.783201 0
0.811485 0.737467 0
0.79963 0.689778 0
0.78163 0.688821 0
0.769026 0.680634 0
0.712087 0.629327 0
0.72398 0.609979 0
0.71061 0.599652 0
0.716608 0.631763 0
0.695046 0.586138 0
0.682469 0.56084 0
0.664802 0.525062 0
0.655089 0.507157 0
0.63556 0.489403 0
0.610533 0.474066 0
0.599088 0.43286 0
0.588817 0.416056 0
0.575404 0.386994 0
0.565619 0.355634 0
0.571187 0.322609 0
0.555652 0.299473 0
0.569343 0.287447 0
0.54363 0.235852 0
0.549118 0.225029 0
0.538588 0.199341 0
0.541483 0.194946 0
0.541928 0.178653 0
0.542113 0.14949 0
0.533525 0.131708 0
0.543429 0.120898 0
0.542959 0.110574 0
0.549969 0.116452 0
0.552865 0.104693 0
0.539752 0.0859476 0
0.518925 0.0963736 0
0.512209 0.0747053 0
0.53173 0.075309 0
0.51823 0.0588928 0
0.493726 0.0798467 0
0.495202 0.062894 0
0.490187 0.0630151 0
0.478701 0.0675523 0
0.476464 0.0677944 0
0.450967 0.109191 0
0.450636 0.107235 0
0.441736 0.10412 0
0.429452 0.118415 0
0.408769 0.149056 0
0.405397 0.174451 0
0.387029 0.18293 0
0.378896 0.18802 0
0.380167 0.208921 0
0.379607 0.210925 0
0.334247 0.262264 0
0.331876 0.254511 0
0.316716 0.27115 0
0.29975 0.283415 0
0.279103 0.321713 0
0.261102 0.335748 0
0.252314 0.359864 0
0.258709 0.3662 0
0.272926 0.38925 0
0.274061 0.39485 0
0.276248 0.422617 0
0.290825 0.410431 0
0.298398 0.419901 0
0.312163 0.415173 0
0.328949 0.417656 0
0.345138 0.43428 0
0.343863 0.443079 0
0.353922 0.458633 0
0.362308 0.470222 0
0.375544 0.487515 0
0.39769 0.511526 0
0.396633 0.508146 0
0.402001 0.491324 0
0.410613 0.482287 1
0.424474 0.505372 0
0.422427 0.500882 0
0.422879 0.5071 0
0.425935 0.507867 0
0.437477 0.527117 0
0.441782 0.536926 0
0.426537 0.53592 0
0.431408 0.542267 0
0.422073 0.5234 0
0.419656 0.516892 0
0.41184 0.508275 0
0.423827 0.521446 0
0.424518 0.517416 0
0.421554 0.522959 0
0.428257 0.528643 0
0.433136 0.532667 0
0.432401 0.534921 0
0.427729 0.536208 0
0.421356 0.541666 0
0.417584 0.551213 0
0.431965 0.561301 0
0.427242 0.581258 0
0.426588 0.591706 0
0.429143 0.583151 0
0.433765 0.600322 0
0.432173 0.60543 0
0.453727 0.613782 0
0.466923 0.623185 0
0.474474 0.629339 0
0.468655 0.623552 0
0.499741 0.631587 0
0.512113 0.645958 0
0.524213 0.648765 0
0.519418 0.637061 0
0.545142 0.663032 0
0.565825 0.682549 0
0.56966 0.685455 0
0.563382 0.671639 0
0.603979 0.707062 0
0.613911 0.7076 0
0.62458 0.713403 0
0.641959 0.718759 0
0.650318 0.72444 0
0.655609 0.72869 0
0.663322 0.732682 0
0.668261 0.737167 0
0.678142 0.732748 0
0.695103 0.726905 1
0.688515 0.717135 0
0.690687 0.727953 0
0.693236 0.720027 0
0.70405 0.716187 0
0.709262 0.716544 0
0.706978 0.711011 0
0.713932 0.703614 0
0.708809 0.696667 0
0.69951 0.673173 0
0.708102 0.665784 0
0.708426 0.646208 0
0.71072 0.638045 0
0.719631 0.62297 0
0.728061 0.608534 0
0.735792 0.591408 0
0.73859 0.572055 0
0.750154 0.551363 0
0.753553 0.5452 0
0.756279 0.53816 0
0.771793 0.524156 0
0.78001 0.517032 0
0.792068 0.513295 1
0.788509 0.510445 0
0.78258 0.490577 0
0.777611 0.472569 0
0.779382 0.463818 0
0.775454 0.450966 0
0.777649 0.437175 0
0.776472 0.427075 0
0.78609 0.421421 0
0.791741 0.407649 0
0.790915 0.391653 0
0.808019 0.383363 0
0.816681 0.372362 0
0.819443 0.355079 0
0.815519 0.335201 1
0.795274 0.317351 0
0.795575 0.31053 0
0.80052 0.299705 0
0.787435 0.281697 0
0.766857 0.262831 0
0.761335 0.255265 0
0.752957 0.236738 0
0.74175 0.219884 0
0.722526 0.216428 0
0.706333 0.218469 0
0.696291 0.214461 0
0.697722 0.20278 0
0.702216 0.184774 0
0.707201 0.172862 0
0.706376 0.158502 0
0.720994 0.145998 0
0.730958 0.145901 0
0.720046 0.148016 1
0.714267 0.149053 0
0.700743 0.147862 0
0.701591 0.153187 0
0.685541 0.148828 0
0.672481 0.168682 0
0.657522 0.174747 0
0.644026 0.174082 0
0.627552 0.169534 0
0.608485 0.167458 0
0.589968 0.160718 0
0.5805 0.144465 0
0.581517 0.132079 0
0.576705 0.123517 0
0.563743 0.11318 0
0.545531 0.0986212 0
0.546551 0.0841875 0
0.55264 0.0755224 0
0.556171 0.0705733 0
0.561092 0.065288 0
0.559748 0.0591178 0
0.554899 0.0550366 0
0.552168 0.0419795 1
0.526048 0.0492772 0
0.502971 0.052267 0
0.484261 0.0495037 0
0.469173 0.0443917 0
0.460349 0.040203 0
0.450244 0.0339276 0
0.430264 0.0301617 0
0.419332 0.0321513 0
0.407458 0.0254678 0
0.420398 0.0179779 0
0.404228 0.0191946 0
0.38977 0.0157397 0
0.379394 0.0119595 0
0.370139 0.0039855 0
0.36462 0 0
0.362272 0.000906128 0
0.352881 0.00187674 0
0.336792 0.00758105 0
0.325378 0.00874134 0
0.320574 0.0071439 0
0.306664 0.00925442 0
0.297028 0.0113143 0
0.292963 0.0178009 0
0.291943 0.0217542 0
0.291541 0.0264853 0
0.284593 0.0324116 0
0.274616 0.0377367 0
0.270727 0.0358743 0
0.265849 0.044323 0
0.26306 0.0546756 0
0.25157 0.0585888 0
0.236265 0.0636983 0
0.228696 0.0704033 0
0.22635 0.0768091 0
0.217609 0.095463 0
0.208087 0.0995675 0
0.208163 0.106746 0
0.202705 0.114815 0
0.190185 0.120046 0
0.181982 0.122951 1
0.192274 0.129071 0
0.183839 0.13986 0
0.182999 0.146532 0
0.181116 0.152216 0
0.180164 0.161514 0
0.183532 0.161237 0
0.187852 0.158817 0
0.184105 0.165703 0
0.180654 0.176378 0
0.182906 0.178237 0
0.178058 0.186812 0
0.17838 0.189683 0
0.175799 0.187242 0
0.174978 0.193109 0
0.1714 0.200776 0
0.168684 0.211577 0
0.168032 0.219053 0
0.169192 0.226741 0
0.161375 0.241252 0
0.161324 0.250346 0
0.162741 0.25778 0
0.161722 0.266492 0
0.160871 0.277558 0
0.158822 0.289634 0
0.152257 0.304157 0
0.154788 0.313422 0
0.154232 0.324309 0
0.152839 0.336704 0
0.152423 0.347364 0
0.150893 0.357437 0
0.14826 0.368274 0
0.146311 0.373413 0
0.148455 0.371982 0
0.157026 0.373999 0
0.162396 0.384223 0
0.156128 0.391913 0
0.154928 0.404145 0
0.151367 0.423923 0
0.154877 0.431423 0
0.153571 0.448828 0
0.159999 0.466269 0
0.162986 0.484183 0
0.163464 0.501965 0
0.164796 0.511097 0
0.173722 0.531155 0
0.177544 0.538444 0
0.17738 0.549262 0
0.168121 0.560385 0
0.161781 0.560535 0
0.162749 0.582462 0
0.165081 0.577952 0
0.166985 0.579041 0
0.16579 0.588754 0
0.173103 0.608826 0
0.190458 0.621206 0
0.195108 0.634258 0
0.19584 0.643916 0
0.213189 0.654697 0
0.231843 0.67206 0
0.244858 0.700409 0
0.251479 0.691328 0
0.259089 0.706713 0
0.272689 0.719438 0
0.284356 0.732703 0
0.292925 0.742832 0
0.299303 0.767123 0
0.31041 0.786264 0
0.31546 0.78772 0
0.318632 0.797617 0
0.32438 0.79883 0
0.320799 0.818313 0
0.31927 0.840521 0
0.322602 0.864726 0
0.324893 0.866608 1
0.336516 0.870936 0
0.347531 0.879482 0
0.348672 0.873883 0
0.367564 0.87888 0
0.3797 0.899722 0
0.378768 0.910554 0
0.419966 0.937179 0
0.400384 0.92457 0
0.428684 0.941686 0
0.428133 0.929127 0
0.433066 0.924752 0
0.433061 0.937552 0
0.434383 0.941152 0
0.439868 0.945492 0
0.435362 0.929501 0
0.467053 0.957442 0
0.457676 0.937582 0
0.467967 0.946311 0
0.478372 0.952618 0
0.481789 0.955823 0
0.489016 0.958338 0
0.495006 0.959118 0
0.499207 0.940007 0
0.518083 0.958903 0
0.505847 0.940905 0
0.510925 0.965702 0
0.519051 0.987739 0
0.530382 1 1
0.503784 0.938742 0
0.509051 0.947797 0
0.516958 0.978519 0
0.518728 0.950483 0
0.516036 0.93398 0
0.520516 0.951677 0
0.524292 0.927098 0
0.529135 0.927879 0
0.535589 0.925811 0
0.548851 0.949307 0
0.569573 0.950806 0
0.547249 0.914801 0
0.56867 0.939292 0
0.561502 0.91534 0
0.536321 0.898726 0
0.496162 0.876001 0
0.512903 0.859842 0
0.465218 0.819596 0
0.475188 0.822236 0
0.464387 0.836821 0
0.447983 0.800412 0
0.439013 0.786147 0
0.439313 0.768036 0
0.410385 0.742048 0
0.377576 0.732554 0
0.379353 0.692747 0
0.349995 0.674092 0
0.305702 0.652322 0
0.263472 0.643354 0
0.235352 0.653319 0
0.210131 0.61665 0
0.166387 0.605759 0
0.162163 0.591994 0
0.133821 0.609799 0
0.127355 0.596742 0
0.129408 0.580831 0
0.157004 0.573553 0
0.136823 0.568936 0
0.129016 0.581313 0
0.114227 0.573235 0
0.093025 0.583299 0
0.08857 0.550385 0
0.0794923 0.563736 0
0.0841033 0.58149 0
0.0295309 0.564639 0
0.0148435 0.557453 1
0.0337294 0.56237 0
0.0102984 0.566909 0
0.0254043 0.55554 0
0.0486113 0.540793 0
0.0282597 0.603209 0
0.0246546 0.595652 0
0.0148511 0.598718 0
0.0204158 0.624884 1
0.0454481 0.585781 0
0.0557172 0.586326 0
0.0202736 0.599205 0
0.0288548 0.616423 0
0.0386007 0.618437 0
0.0417996 0.657748 0
0.0212403 0.645825 0
0.017859 0.674428 0
0.0120354 0.667871 0
0.00486253 0.653613 0
0.00140091 0.686225 0
0.00740182 0.693757 0
0 0.696122 0
0.0321716 0.699563 0
0.063288 0.728493 0
0.0621039 0.734931 0
0.0573173 0.758108 0
0.0851899 0.785818 0
0.0731097 0.785716 0
0.0797983 0.82256 0
0.0763361 0.828617 0
0.0797795 0.853467 1
0.105365 0.842875 0
0.113515 0.881662 0
0.130721 0.868083 0
0.12797 0.89209 0
0.152444 0.895972 0
0.17205 0.932696 0
0.18758 0.900702 0
0.178289 0.93329 0
0.21092 0.917301 0
0.20005 0.89217 0
0.228593 0.953948 0
0.22285 0.962116 0
0.227438 0.965398 0
