0.0869848 0.451752 0
0 0.392642 0
0.0115053 0.367734 0
0.0138366 0.343634 0
0.0150699 0.348896 0
0.0119569 0.342869 0
0.0162187 0.331007 1
0.0191723 0.328496 0
0.0247332 0.327624 0
0.0246427 0.300704 0
0.173289 0.14412 0
0.168402 0.141497 0
0.169153 0.139756 1
0.178965 0.128791 0
0.184082 0.117346 0
0.194226 0.118188 0
0.193639 0.125461 0
0.198733 0.118469 0
0.203166 0.108152 0
0.198558 0.110134 0
0.194421 0.112492 0
0.187492 0.115854 0
0.201709 0.12341 0
0.203955 0.128633 0
0.206364 0.135096 0
0.21303 0.138478 0
0.222295 0.146743 0
0.230784 0.15023 0
0.267643 0.159241 0
0.311927 0.15585 0
0.328062 0.158291 0
0.381637 0.132251 0
0.392208 0.148674 0
0.391965 0.170927 0
0.412191 0.16142 0
0.47546 0.129578 0
0.486858 0.147908 0
0.512378 0.15603 0
0.520428 0.182437 0
0.517112 0.18934 0
0.537377 0.207402 0
0.55513 0.231327 0
0.567102 0.249403 0
0.565551 0.268097 0
0.569663 0.276943 0
0.577488 0.288442 0
0.601534 0.296725 0
0.630612 0.305821 0
0.633932 0.325145 0
0.652947 0.339222 0
0.666013 0.357324 0
0.685436 0.373764 0
0.698494 0.390389 0
0.709551 0.402026 0
0.719986 0.419287 1
0.727642 0.433735 0
0.762251 0.440114 0
0.739852 0.46162 0
0.825284 0.450228 0
0.817769 0.471488 0
0.819014 0.485788 0
0.818971 0.501365 0
0.815988 0.509404 0
0.801086 0.522787 0
0.797321 0.534062 0
0.798946 0.54744 0
0.776294 0.562229 0
0.790879 0.567102 0
0.78794 0.577224 1
0.78613 0.579578 0
0.787161 0.578156 0
0.787094 0.578767 0
0.787953 0.577467 0
0.787908 0.577212 0
0.787938 0.577224 0
0.787939 0.577225 0
0.787939 0.577219 0
0.787861 0.577237 0
0.788209 0.577874 0
0.783805 0.57467 0
0.817432 0.579536 0
0.608902 0.916718 0
0.664611 0.907638 0
0.673744 0.908771 0
0.698207 0.908141 0
0.689085 0.922114 0
0.706613 0.920542 0
0.708984 0.926165 0
0.719687 0.927922 0
0.720521 0.93219 0
0.725705 0.934335 0
0.725605 0.934156 0
0.725337 0.93454 0
0.72494 0.935174 0
0.724609 0.935421 0
0.725123 0.935468 0
0.725766 0.934093 1
0.723811 0.932414 0
0.724858 0.932938 0
0.722582 0.930326 0
0.719686 0.925529 0
0.713812 0.923897 0
0.719529 0.922193 0
0.709642 0.91886 0
0.710867 0.914977 0
0.720918 0.912067 0
0.724225 0.908105 0
0.724533 0.900267 0
0.712494 0.887592 0
0.705923 0.875899 0
0.685243 0.859509 0
0.679099 0.832878 0
0.498058 0.82407 0
0.468604 0.815677 0
0.452077 0.816023 0
0.39642 0.845951 0
0.3689 0.838882 0
0.340948 0.825012 0
0.336963 0.79518 0
0.312754 0.780439 0
0.313167 0.738631 0
0.75454 0.802407 0
0.78627 0.830712 0
0.793707 0.82761 0
0.799155 0.828236 0
0.802081 0.825955 0
0.806124 0.822422 0
0.809369 0.819349 0
0.810946 0.814107 0
0.822308 0.818857 0
0.821175 0.814083 1
0.821226 0.814092 0
0.821024 0.813812 0
0.823691 0.811128 0
0.81023 0.760775 0
0.120663 0.582718 0
0.151037 0.571093 0
0.151763 0.563188 0
0.156604 0.543738 0
0.10022 0.525258 0
0.0876721 0.522396 0
0.0927091 0.505048 0
0.0885815 0.507932 0
0.0797892 0.515324 0
0.072162 0.508029 0
0.0825387 0.502667 0
0.0859007 0.501732 0
0.0916485 0.486952 0
0.0960371 0.469521 0
0.0997185 0.456336 0
0.108509 0.436009 0
0.115709 0.422641 0
0.127779 0.406741 0
0.135496 0.389734 0
0.139208 0.369711 0
0.145842 0.339433 0
0.161119 0.327352 0
0.167468 0.305632 0
0.172637 0.292944 1
0.172699 0.292858 0
0.172972 0.292992 0
0.17495 0.290362 0
0.173136 0.292749 0
0.17564 0.291269 0
0.183863 0.279429 0
0.178122 0.288077 0
0.176773 0.286137 0
0.199355 0.270818 0
0.188892 0.283527 0
0.185569 0.28966 0
0.189527 0.289889 0
0.182256 0.286681 0
0.217922 0.285613 0
0.239324 0.274116 0
0.265107 0.258891 0
0.308712 0.248111 0
0.323848 0.245799 0
0.352163 0.244985 0
0.371125 0.252219 0
0.409921 0.247906 0
0.417929 0.28399 0
0.439655 0.267384 0
0.499927 0.245723 0
0.504708 0.269756 0
0.521024 0.274079 0
0.532584 0.284814 0
0.555362 0.292653 0
0.561549 0.315993 0
0.576462 0.325004 0
0.596449 0.330574 0
0.608508 0.344518 0
0.614909 0.359382 0
0.609566 0.379333 0
0.637957 0.382186 0
0.630706 0.401003 0
0.637863 0.411385 0
0.640957 0.425099 0
0.639621 0.442656 0
0.647672 0.45459 0
0.64801 0.47017 0
0.643603 0.485852 0
0.663024 0.492658 0
0.661913 0.506942 0
0.671742 0.513683 0
0.682041 0.5245 0
0.681739 0.541331 0
0.695083 0.555373 0
0.723972 0.544246 0
0.729887 0.55497 0
0.735974 0.566479 0
0.738742 0.583957 0
0.744583 0.593687 0
0.736587 0.59411 0
0.741982 0.605902 0
0.755985 0.598293 0
0.773836 0.594265 0
0.780911 0.585603 0
0.781875 0.58443 0
0.779015 0.586309 0
0.777286 0.588341 0
0.753738 0.599734 0
0.65272 0.6585 0
0.608549 0.879398 0
0.617121 0.903236 0
0.618405 0.915603 0
0.613202 0.928991 0
0.616205 0.936039 0
0.620219 0.929503 0
0.627183 0.9404 0
0.634322 0.945508 0
0.638689 0.94776 0
0.64537 0.946208 0
0.648522 0.940299 0
0.654018 0.9493 0
0.665737 0.953372 0
0.662053 0.95795 0
0.657986 0.955636 0
0.657537 0.956204 0
0.668328 0.953324 0
0.674176 0.947762 0
0.672021 0.945154 0
0.670631 0.937693 0
0.658178 0.938372 0
0.645632 0.933092 0
0.644163 0.924866 0
0.635869 0.918565 0
0.63251 0.912193 0
0.622506 0.904557 0
0.614892 0.891833 0
0.58519 0.882739 0
0.561654 0.871882 0
0.545763 0.852537 0
0.527351 0.834819 0
0.49511 0.818077 0
0.474865 0.794283 0
0.470769 0.799508 0
0.426815 0.804928 0
0.381712 0.826387 0
0.356233 0.822736 0
0.340926 0.82097 0
0.336796 0.803893 0
0.343174 0.778081 0
0.364079 0.754232 0
0.328218 0.744393 0
0.318413 0.732977 0
0.347042 0.726724 0
0.877141 0.78898 0
0.802043 0.777689 0
0.809305 0.782489 0
0.824561 0.781823 0
0.827146 0.780865 0
0.836818 0.784083 0
0.837795 0.784218 0
0.836145 0.788947 0
0.834413 0.790594 0
0.817572 0.803298 0
0.885182 0.750135 0
0.206843 0.597173 0
0.174197 0.571775 0
0.160768 0.570567 0
0.158629 0.568432 0
0.143112 0.555267 0
0.13335 0.556116 0
0.124502 0.549584 0
0.125591 0.551408 0
0.122733 0.543531 0
0.12694 0.534879 0
0.11221 0.5244 0
0.108837 0.513358 0
0.118403 0.500682 0
0.117183 0.486347 0
0.119669 0.470903 0
0.135137 0.461438 0
0.111737 0.438127 0
0.12458 0.426403 0
0.141238 0.411045 0
0.12849 0.38115 0
0.178381 0.383838 0
0.248833 0.258209 0
0.232309 0.258473 0
0.248822 0.225669 0
0.277423 0.113273 0
0.263149 0.085848 0
0.263682 0.0561753 0
0.274666 0.0588939 0
0.273072 0.0413173 0
0.269199 0.0322851 0
0.270346 0.0303516 0
0.270711 0.0305568 1
0.269018 0.0161938 0
0.263135 0 0
0.296846 0.0570208 0
0.300489 0.0528692 0
0.305446 0.0600834 0
0.309121 0.0660251 0
0.325235 0.0692929 0
0.340435 0.0664026 0
0.354729 0.0821073 0
0.361162 0.072356 0
0.368572 0.0884861 0
0.378652 0.0990009 1
0.396397 0.0993405 0
0.417281 0.109471 0
0.434906 0.111416 0
0.438658 0.125273 0
0.441877 0.141795 0
0.452245 0.148289 0
0.485916 0.167678 0
0.485713 0.176646 0
0.477146 0.195434 0
0.490212 0.201059 1
0.491716 0.215471 0
0.489348 0.228591 0
0.514958 0.249966 0
0.502522 0.266158 0
0.513324 0.286036 0
0.543672 0.292332 0
0.552804 0.307785 0
0.561735 0.332116 0
0.56316 0.336129 0
0.57736 0.369613 0
0.612018 0.378386 0
0.586604 0.389633 0
0.606074 0.412731 0
0.61009 0.422054 0
0.606493 0.435689 0
0.619954 0.449812 0
0.617584 0.465619 0
0.612141 0.488757 0
0.627854 0.4996 0
0.634367 0.515609 0
0.650402 0.532036 0
0.67223 0.546074 0
0.677473 0.563705 0
0.68556 0.577918 0
0.698642 0.590959 0
0.716518 0.596 0
0.730479 0.606595 0
0.776351 0.611827 0
0.768911 0.612586 0
0.752099 0.609548 0
0.741368 0.608444 0
0.730739 0.60697 0
0.741276 0.60614 0
0.765865 0.61121 0
0.769659 0.606385 0
0.766283 0.604971 0
0.782729 0.605832 0
0.725236 0.557413 0
0.601569 0.835366 0
0.595322 0.858132 0
0.579382 0.874129 0
0.576133 0.88315 0
0.53621 0.950039 0
0.54416 0.961814 0
0.55681 0.971422 0
0.557829 0.981484 0
0.564787 0.989175 0
0.569505 0.992359 0
0.571286 0.993104 0
0.575407 0.978844 0
0.576183 0.983931 0
0.575606 0.99839 0
0.578836 0.999212 0
0.579816 0.99895 1
0.585842 0.992188 0
0.589663 1 0
0.587557 0.986642 0
0.594095 0.989152 0
0.575724 0.971297 0
0.567161 0.97016 0
0.556679 0.97263 0
0.555464 0.966153 0
0.554801 0.950453 0
0.559585 0.934747 0
0.55438 0.927083 0
0.54696 0.924717 0
0.537253 0.906153 0
0.431796 0.912876 0
0.436424 0.892475 0
0.446904 0.893075 0
0.417311 0.87851 0
0.424033 0.876965 0
0.413425 0.857061 0
0.375702 0.829219 0
0.359588 0.827287 0
0.335749 0.817867 1
0.319864 0.806835 0
0.303311 0.800782 0
0.270124 0.7894 0
0.255564 0.775312 0
0.230438 0.773408 0
0.215928 0.756814 0
0.179833 0.734746 0
0.188258 0.749552 0
0.172912 0.736094 0
0.174152 0.729153 0
0.157419 0.711121 0
0.156129 0.702772 0
0.154218 0.69384 0
0.151625 0.684717 0
0.15113 0.674399 0
0.144469 0.658749 0
0.140763 0.64358 0
0.151932 0.618312 0
0.15306 0.601571 0
0.13443 0.595197 0
0.135965 0.595927 0
0.134016 0.57799 0
0.131819 0.566545 0
0.126563 0.55292 1
0.139789 0.556179 0
0.118272 0.533673 0
0.130745 0.526514 0
0.134643 0.517867 0
0.122247 0.502289 0
0.187156 0.510738 0
0.16708 0.489531 0
0.138277 0.467674 0
0.133289 0.453377 0
0.136472 0.436419 0
0.129015 0.423831 0
0.128798 0.403541 0
0.135814 0.385914 0
0.138541 0.370528 0
0.140532 0.350894 0
0.15268 0.339543 0
0.136035 0.312925 0
0.117219 0.25993 0
0.124654 0.256932 0
0.127014 0.22847 0
0.119894 0.216213 0
0.119893 0.214142 0
0.117584 0.212814 0
0.125216 0.214883 0
0.0799339 0.165887 0
0.0736428 0.166128 0
0.0643816 0.155233 0
0.0582012 0.172158 1
0.0499304 0.178164 0
0.11572 0.227902 0
0.0651326 0.172384 0
0.119389 0.218927 0
0.105639 0.230213 0
0.11138 0.224608 0
0.117937 0.224485 0
0.16507 0.270149 0
0.203236 0.261435 0
0.292997 0.195144 0
0.3297 0.16002 0
0.339634 0.170456 0
0.320273 0.184682 0
0.326783 0.190561 0
0.347005 0.201168 0
0.326001 0.237851 0
0.412319 0.231218 0
0.394864 0.249687 0
0.427935 0.246188 0
0.419825 0.274849 0
0.449753 0.276487 0
0.429617 0.310938 0
0.436525 0.337316 0
0.458855 0.350313 0
0.484994 0.332812 0
0.516176 0.353278 0
0.536243 0.350891 0
0.556426 0.370016 0
0.572808 0.36326 0
0.595136 0.370033 0
0.610496 0.369588 0
0.626005 0.36478 0
0.624827 0.40666 0
0.647865 0.434343 0
0.556214 0.532794 0
