0.132378 0.860016 0
0.113889 0.841907 0
0.10134 0.822024 0
0.0933862 0.808805 0
0.0904684 0.79786 0
0.0864607 0.782863 0
0.0749351 0.756926 0
0.0654096 0.730211 0
0.0576867 0.70399 0
0.049996 0.676258 0
0.0482577 0.653916 0
0.0463224 0.628399 0
0.0447555 0.605261 0
0.0488186 0.575395 0
0.0497655 0.548471 0
0.0585199 0.525424 0
0.0656271 0.500506 0
0.0729123 0.473065 0
0.083665 0.445489 0
0.0922538 0.420334 0
0.10079 0.399685 0
0.111346 0.379811 0
0.121021 0.356383 0
0.131449 0.329503 0
0.137969 0.301953 0
0.142266 0.281465 0
0.152926 0.252472 0
0.161019 0.230744 0
0.166766 0.21044 0
0.176753 0.187625 0
0.194479 0.157686 0
0.209242 0.131753 0
0.220651 0.111287 0
0.233995 0.0891878 0
0.242171 0.0698083 0
0.254243 0.0532327 0
0.265056 0.039468 0
0.280117 0.0296453 0
0.293491 0.022934 0
0.313227 0.0195259 0
0.335943 0.0234087 0
0.353174 0.0292317 0
0.370229 0.0377506 0
0.391176 0.0478451 0
0.403183 0.0544192 0
0.403454 0.055566 0
0.410691 0.0582692 0
0.408923 0.0582884 0
0.41669 0.0629881 0
0.423668 0.0724615 0
0.430594 0.0791771 0
0.430328 0.0815743 0
0.439628 0.0904639 0
0.459119 0.105587 0
0.473344 0.122767 0
0.485317 0.142348 0
0.481912 0.146103 0
0.482754 0.146714 0
0.495842 0.15528 1
0.507782 0.184352 0
0.512166 0.205246 0
0.512658 0.224863 0
0.515135 0.241856 0
0.515773 0.258827 0
0.515044 0.278239 0
0.510754 0.297823 0
0.500757 0.318801 0
0.487487 0.333248 0
0.47116 0.352556 0
0.472613 0.359832 0
0.461774 0.362828 0
0.455392 0.378622 0
0.455794 0.401723 0
0.449013 0.417386 0
0.431641 0.421739 0
0.416007 0.432823 0
0.403531 0.454868 0
0.396008 0.477904 0
0.387776 0.502594 0
0.382734 0.531569 0
0.375741 0.557978 0
0.35896 0.576656 0
0.34088 0.595346 0
0.334462 0.621172 0
0.330904 0.648255 0
0.321644 0.6701 0
0.310539 0.69076 0
0.30081 0.713545 0
0.295803 0.737481 0
0.292786 0.760286 0
0.278647 0.777172 0
0.264524 0.79218 0
0.258638 0.809595 0
0.257917 0.828803 0
0.260781 0.847977 0
0.274514 0.877743 0
0.298737 0.919711 0
0.305075 0.938212 0
0.306138 0.948836 0
0.301291 0.952483 0
0.299537 0.957238 0
0.30372 0.967391 0
0.308261 0.979447 0
0.306387 0.987851 0
0.297376 0.986562 0
0.287776 0.97835 0
0.282411 0.975662 0
0.277924 0.982424 0
0.27366 0.985452 0
0.243811 0.954807 0
0.213641 0.931332 0
0.183652 0.912242 0
0.170901 0.904346 0
0.163372 0.898889 0
0.160253 0.89351 0
0.141471 0.878943 0
0.114426 0.858128 0
0.100372 0.845513 0
0.0861916 0.822929 0
0.0659403 0.790643 0
0.0545711 0.764981 0
0.0492067 0.740784 0
0.0437563 0.712163 0
0.0346314 0.680398 0
0.0248326 0.644837 0
0.0266342 0.62065 0
0.0326619 0.602966 0
0.0288852 0.570403 0
0.0339333 0.537903 0
0.0453147 0.511415 0
0.0529045 0.486278 0
0.0617245 0.465233 0
0.0725123 0.446622 0
0.0841838 0.426542 0
0.0923991 0.396801 0
0.102044 0.366827 0
0.111136 0.341991 0
0.117808 0.317812 0
0.125639 0.293004 0
0.136236 0.271275 0
0.147788 0.244949 0
0.159043 0.21384 0
0.174076 0.186222 0
0.188019 0.16191 0
0.20302 0.132969 0
0.214242 0.106661 0
0.218691 0.0864664 0
0.229847 0.0687867 0
0.237595 0.0477152 0
0.254638 0.0369734 0
0.257693 0.0218521 0
0.267758 0.00659364 0
0.288006 0 1
0.312152 0.0157732 0
0.332597 0.0261607 0
0.351004 0.0327114 0
0.366678 0.047147 0
0.378392 0.0524242 0
0.391217 0.0596309 0
0.398631 0.062283 0
0.405011 0.0648823 0
0.411811 0.0682156 0
0.418172 0.0714442 0
0.420775 0.0762322 0
0.414816 0.0763562 0
0.418113 0.0784891 0
0.425251 0.0847843 0
0.435904 0.0960084 0
0.451825 0.109535 0
0.45959 0.121339 0
0.460644 0.128571 0
0.471292 0.139764 0
0.491628 0.163392 0
0.520205 0.192874 0
0.521105 0.216515 0
0.527506 0.243327 0
0.53851 0.261886 0
0.543161 0.276286 0
0.540872 0.28993 0
0.542018 0.317744 0
0.531148 0.326617 0
0.523182 0.32969 0
0.513773 0.326593 0
0.497945 0.327902 0
0.482421 0.339255 0
0.465849 0.353179 0
0.456912 0.366875 0
0.448509 0.374468 0
0.443884 0.389558 0
0.428067 0.390045 0
0.405702 0.39778 0
0.395295 0.42348 0
0.391313 0.453599 0
0.38791 0.477867 0
0.38273 0.508196 0
0.353457 0.511006 0
0.34028 0.534412 0
0.337253 0.568017 0
0.34029 0.604059 0
0.338278 0.631839 0
0.328467 0.653968 1
0.305633 0.670399 0
0.285238 0.683549 0
0.27175 0.703657 0
0.259422 0.731765 0
0.246831 0.759929 0
0.247172 0.784881 0
0.256119 0.813794 0
0.264062 0.844037 0
0.270015 0.86957 0
0.274175 0.890098 0
0.300559 0.923 0
0.320113 0.943355 1
0.314224 0.953176 0
0.308888 0.967017 0
0.317436 0.980173 0
0.319616 0.992323 0
0.315094 0.995984 0
0.306728 0.996695 0
0.304279 1 0
0.294566 0.997782 0
0.275484 0.981021 0
0.261021 0.978212 0
0.258393 0.975156 0
0.259986 0.977236 0
0.23785 0.956661 0
0.203218 0.928358 0
0.164602 0.90579 0
0.136457 0.894454 0
0.114721 0.880498 0
0.102871 0.879859 1
0.103443 0.874803 0
0.0899802 0.858847 0
0.075506 0.841232 0
0.0628672 0.825641 0
0.0530811 0.81311 0
0.0447293 0.790151 0
0.0362056 0.767122 0
0.0264077 0.741265 0
0.0208712 0.715174 0
0.0150497 0.689681 0
0.00607006 0.661003 0
0.0126934 0.634358 0
0.0117736 0.60687 0
0 0.575093 1
0.0125425 0.554075 0
0.022075 0.533692 0
0.030954 0.507596 0
0.0384576 0.483853 0
0.0472282 0.46556 0
0.0576359 0.444184 0
0.0689326 0.420705 0
0.0886776 0.426393 0
0.0693171 0.38562 0
0.0884353 0.354354 0
0.107901 0.332014 0
0.114232 0.314706 0
0.126711 0.308494 0
0.146312 0.302875 0
0.138648 0.233895 0
0.157725 0.22529 1
0.166659 0.187244 0
0.177873 0.145932 0
0.202468 0.141007 0
0.207379 0.100139 0
0.208514 0.0905299 0
0.224148 0.073614 0
0.231645 0.0613926 0
0.221862 0.0293903 1
0.258027 0.0309888 0
0.276109 0.0455527 0
0.314282 0.041009 0
0.347062 0.067532 0
0.323273 0.0554543 0
0.341682 0.0569842 0
