0.504811 0.0953352 0
0.504962 0.0950149 0
0.505361 0.094179 0
0.506269 0.0911971 0
0.505687 0.0889943 0
0.505943 0.0886099 0
0.499059 0.0843725 1
0.496373 0.089725 0
0.49681 0.0911892 0
0.501317 0.095618 0
0.505244 0.098296 0
0.507384 0.097221 0
0.508341 0.0964534 0
0.508809 0.0987526 0
0.508846 0.100891 0
0.507767 0.103305 0
0.506617 0.105664 0
0.505238 0.107551 0
0.503904 0.111317 0
0.501766 0.11367 0
0.50017 0.117131 0
0.49846 0.120078 0
0.498498 0.123054 0
0.499348 0.124569 0
0.498696 0.126984 0
0.497088 0.130525 0
0.495998 0.133446 0
0.494548 0.135752 0
0.49299 0.137886 0
0.491627 0.140029 0
0.490085 0.14227 0
0.488644 0.144266 0
0.487216 0.146399 0
0.485562 0.14891 0
0.484842 0.151196 0
0.484361 0.15288 0
0.483477 0.155713 0
0.481663 0.158196 0
0.479765 0.160654 0
0.478062 0.162444 0
0.477086 0.165667 0
0.475633 0.16879 0
0.473895 0.171656 0
0.472631 0.175448 0
0.471596 0.178528 0
0.470041 0.182144 0
0.468407 0.186182 0
0.466829 0.189872 0
0.46261 0.1948 0
0.457333 0.200855 0
0.456878 0.202927 0
0.456697 0.205985 0
0.454452 0.207917 0
0.452891 0.206552 0
0.453428 0.209021 0
0.452308 0.20899 0
0.45094 0.208415 0
0.449981 0.20796 0
0.448073 0.206822 0
0.44577 0.205546 0
0.444485 0.204664 0
0.443746 0.203779 0
0.443205 0.201763 0
0.442145 0.199204 0
0.440163 0.197444 0
0.438394 0.195782 0
0.436765 0.19384 0
0.434756 0.192438 0
0.433473 0.190777 0
0.433502 0.188576 0
0.432801 0.186319 0
0.431738 0.184351 0
0.431287 0.180994 0
0.43047 0.175009 0
0.431379 0.176124 0
0.430963 0.173746 0
0.430025 0.170529 0
0.430006 0.168506 0
0.43013 0.165936 0
0.429024 0.163018 0
0.427687 0.159897 0
0.426861 0.156784 0
0.426239 0.154229 0
0.426066 0.151553 0
0.426836 0.148588 0
0.42827 0.145551 0
0.42997 0.142776 0
0.43195 0.140513 0
0.434413 0.137446 1
0.436958 0.133954 0
0.440669 0.131449 0
0.445323 0.130078 0
0.448416 0.129229 0
0.44901 0.128298 0
0.450541 0.127929 0
0.453421 0.128128 0
0.45483 0.128945 0
0.456099 0.130004 0
0.459384 0.130305 0
0.460839 0.131221 0
0.461201 0.133674 0
0.464066 0.137327 0
0.465054 0.141535 1
0.462519 0.146284 0
0.459236 0.152975 0
0.461944 0.160012 0
0.464919 0.167445 0
0.465232 0.177854 0
0.471105 0.190907 0
0.4836 0.204793 0
0.496613 0.220915 0
0.515499 0.239893 0
0.522035 0.262844 0
0.520689 0.294095 0
0.541435 0.342242 0
0.574261 0.411052 0
0.604497 0.46681 0
0.613087 0.507658 0
0.60978 0.545094 0
0.629157 0.569787 0
0.64602 0.586747 0
0.664635 0.60328 0
0.685318 0.615658 0
0.684357 0.628284 0
0.67461 0.63962 0
0.675118 0.647288 0
0.678532 0.653059 0
0.671703 0.663235 0
0.671999 0.673363 0
0.663014 0.684198 0
0.647581 0.692295 0
0.643158 0.697263 0
0.639888 0.711327 0
0.629353 0.72364 0
0.617545 0.734094 0
0.617672 0.739995 0
0.614465 0.745079 1
0.609401 0.752303 0
0.602854 0.759323 0
0.599932 0.764692 0
0.588934 0.770971 0
0.579888 0.777387 0
0.580114 0.781445 0
0.578636 0.784301 0
0.571217 0.78783 0
0.559666 0.791785 0
0.553787 0.795407 0
0.55302 0.798818 0
0.561942 0.802715 0
0.570169 0.805855 0
0.588145 0.809667 0
0.616192 0.81206 0
0.639608 0.812164 0
0.657495 0.812003 0
0.671386 0.81196 0
0.698485 0.808499 0
0.721695 0.804435 0
0.724842 0.805872 0
0.719724 0.811118 0
0.683529 0.826255 0
0.655325 0.834824 0
0.634338 0.839399 0
0.627903 0.84305 0
0.674035 0.838139 0
0.917801 0.680126 0
0.356354 0.775016 0
0.351054 0.773033 0
0.342584 0.769245 0
0.336135 0.767203 0
0.338168 0.770801 0
0.351665 0.782247 0
0.38172 0.803197 0
0.36378 0.793342 0
0.317238 0.75902 0
0.304341 0.748171 0
0.30159 0.746668 0
0.29929 0.746051 0
0.287751 0.737442 0
0.285997 0.736279 0
0.280169 0.73076 0
0.276762 0.727879 1
0.273977 0.726272 0
0.272495 0.725517 0
0.279976 0.734155 0
0.283576 0.738795 0
0.291953 0.747649 0
0.310231 0.764975 0
0.380249 0.816564 0
0.885298 0.753964 0
0.959298 0.663894 0
0.941137 0.691985 0
0.913638 0.727186 0
0.863001 0.777367 0
0.821057 0.808951 0
0.817235 0.812078 0
0.825415 0.807368 0
0.816409 0.813533 0
0.81528 0.814663 0
0.812841 0.815947 0
0.797384 0.824102 0
0.787961 0.828587 0
0.789211 0.827626 0
0.825742 0.805261 0
0.870383 0.769965 0
0.877362 0.762768 1
0.886756 0.753448 0
0.887728 0.751927 0
0.835587 0.794246 0
0.800721 0.81504 0
0.792318 0.818473 0
0.78948 0.819055 0
0.757399 0.83394 0
0.736101 0.84149 0
0.735823 0.839829 0
0.736959 0.837956 0
0.745319 0.833708 0
0.73849 0.835504 0
0.740319 0.833837 0
0.739414 0.833032 0
0.77031 0.817706 0
0.763178 0.819874 0
0.754606 0.822592 0
0.747704 0.824153 0
0.769741 0.812093 0
0.808854 0.788171 0
0.795179 0.797668 0
0.80579 0.789353 0
0.785928 0.799224 0
0.346876 0.765115 0
0.364338 0.775468 0
0.381649 0.784661 0
0.392102 0.789267 0
0.398616 0.792237 0
0.397409 0.791028 0
0.602847 0.841341 0
0.933352 0.643862 0
0.934188 0.642618 0
0.934509 0.642216 0
0.731977 0.814299 0
0.928147 0.650958 0
0.882174 0.708861 0
0.859223 0.731611 0
0.800991 0.776963 0
0.477377 0.822543 0
0.465966 0.819148 0
0.465979 0.820021 0
0.47255 0.822457 0
0.482056 0.82556 0
0.489835 0.827692 0
0.493491 0.828837 0
0.505424 0.833064 0
0.475583 0.826713 0
0.506061 0.835406 0
0.499779 0.834723 0
0.500489 0.835375 1
0.504287 0.837499 0
0.505267 0.839643 0
0.506062 0.841538 0
0.503073 0.843098 0
0.503244 0.843827 0
0.501497 0.844712 0
0.498463 0.846086 0
0.489061 0.846451 0
0.478673 0.844454 0
0.860499 0.760207 0
0.789658 0.812259 0
0.782918 0.818431 0
0.504747 0.860102 0
0.449326 0.845133 0
0.564631 0.871031 0
0.641269 0.869815 0
0.737551 0.847366 0
0.665736 0.869264 0
0.599628 0.876955 0
0.548813 0.876255 0
0.530335 0.87613 0
0.555052 0.880698 0
0.624499 0.882066 0
0.761733 0.848435 0
0.896128 0.758593 0
0.930587 0.723218 0
0.900315 0.75898 0
0.865114 0.792125 0
0.833958 0.815626 0
0.813998 0.829208 0
0.773251 0.852123 0
0.762483 0.857537 0
0.751425 0.862176 0
0.746093 0.864555 0
0.739889 0.866794 0
0.731082 0.869312 0
0.728925 0.870278 0
0.726141 0.872113 0
0.72281 0.873738 0
0.718546 0.874382 0
0.713586 0.875585 0
0.709917 0.877009 0
0.708328 0.8771 0
0.706853 0.876879 0
0.705041 0.87667 0
0.701824 0.876266 0
0.700071 0.875643 0
0.699458 0.875106 0
0.698959 0.874654 0
0.70055 0.874239 0
0.700945 0.872854 0
0.700601 0.871395 0
0.701362 0.870491 0
0.701508 0.870616 0
0.701208 0.870388 0
0.702259 0.869469 0
0.705252 0.868247 0
0.709333 0.86628 0
0.713038 0.864203 0
0.716963 0.862474 0
0.720956 0.860856 0
0.728306 0.857908 0
0.758336 0.846261 0
0.764165 0.84382 0
0.747441 0.850269 0
0.752003 0.847027 0
0.760074 0.841916 0
0.852696 0.784807 0
0.791454 0.823661 0
0.922777 0.712067 0
0.866853 0.768241 0
0.939458 0.687404 0
0.889054 0.744945 0
0.894079 0.738258 0
0.792091 0.81552 0
0.634983 0.864494 0
0.587778 0.865652 0
0.65113 0.860162 0
0.72669 0.839996 0
0.665149 0.85506 0
0.673694 0.851979 0
0.677209 0.850298 0
0.673598 0.850102 0
0.671553 0.849588 0
0.671387 0.848409 0
0.677246 0.845956 0
0.685349 0.842545 0
0.696005 0.838266 0
0.708971 0.833214 0
0.719394 0.828202 0
0.723668 0.825525 0
0.723263 0.824742 0
0.72285 0.8236 0
0.723389 0.822596 0
0.721163 0.82258 0
0.715689 0.823769 0
0.712596 0.824005 0
0.713911 0.822245 1
0.714976 0.820709 0
0.711712 0.820799 0
0.707373 0.82126 0
0.703968 0.821202 0
0.700607 0.820979 0
0.695519 0.822562 0
0.682973 0.828671 0
0.695179 0.822195 0
0.700834 0.819312 0
0.705007 0.816021 0
0.697443 0.819501 0
0.692594 0.821221 0
0.685355 0.823207 0
0.674725 0.826266 0
0.664493 0.82841 0
0.656954 0.829525 0
0.655162 0.82979 0
0.65628 0.829384 0
0.650175 0.830547 0
0.636697 0.833481 0
0.623646 0.834856 0
0.612948 0.835197 0
0.600576 0.83517 0
0.59609 0.834741 0
0.591996 0.834516 0
0.580312 0.834462 0
0.574386 0.833847 0
0.561253 0.833766 0
0.54077 0.832577 0
0.526409 0.830662 0
0.508736 0.828873 0
0.491792 0.826598 0
0.477667 0.82356 0
0.461672 0.819987 1
0.452512 0.818657 0
0.453329 0.820027 0
0.456465 0.820781 0
0.509276 0.838516 0
0.772158 0.806394 0
0.877122 0.732806 0
0.901127 0.710205 0
0.491607 0.844627 0
0.890669 0.727206 0
0.924595 0.689899 0
0.93024 0.685216 0
0.900988 0.724858 0
0.306643 0.757199 0
0.28909 0.746177 0
0.27439 0.733872 0
0.940895 0.695922 0
0.947581 0.69223 0
0.947584 0.696627 1
0.94673 0.705303 0
0.924401 0.73553 0
0.930323 0.730902 0
0.929494 0.735131 0
0.913015 0.756569 0
0.908795 0.764801 1
0.338871 0.823968 0
0.177622 0.645893 1
0.188139 0.666295 0
0.186082 0.666723 1
0.181225 0.662082 0
0.174244 0.653914 0
0.842835 0.840378 0
0.826997 0.854413 0
0.810103 0.867968 0
0.802922 0.87419 0
0.811162 0.871771 0
0.331365 0.849676 0
0.915662 0.798216 0
0.937773 0.777445 1
0.87226 0.838052 0
0.825256 0.871248 0
0.7963 0.888307 0
0.771077 0.900657 0
0.749862 0.909977 0
0.742133 0.914112 0
0.819434 0.881235 0
0.243242 0.791728 0
0.200499 0.743877 0
0.213888 0.76143 0
0.250221 0.801182 0
0.308048 0.850694 1
0.348707 0.877102 0
0.380703 0.893928 0
0.524202 0.9388 0
0.604456 0.943926 0
0.707147 0.929673 0
0.713921 0.927188 0
0.752945 0.91452 0
0.872886 0.851588 0
0.929501 0.805182 0
0.932625 0.802272 1
0.938148 0.797199 0
0.946909 0.788453 0
0.938436 0.796376 0
0.929802 0.804103 0
0.938534 0.794407 0
0.94094 0.789991 1
0.936771 0.79349 0
0.94019 0.789756 0
0.886815 0.835544 0
0.870427 0.847023 0
0.824749 0.875158 0
0.768854 0.901198 0
0.686434 0.924946 0
0.615966 0.9332 0
0.559686 0.932459 0
0.512976 0.925959 0
0.460745 0.912436 0
0.399336 0.887848 0
0.359812 0.865511 0
0.341578 0.852622 0
0.320001 0.836869 0
0.299245 0.819971 0
0.290841 0.81077 0
0.291624 0.808657 1
0.288952 0.804048 0
0.330075 0.833748 0
0.359753 0.851375 0
0.328211 0.829747 0
0.431132 0.883354 0
0.384232 0.86102 0
0.409549 0.872952 0
0.769707 0.871394 0
0.368681 0.849025 0
0.375379 0.85132 0
0.383702 0.854161 0
0.392103 0.857454 0
0.395819 0.859885 0
0.406917 0.864141 0
0.801594 0.849771 0
0.802054 0.848982 0
0.43932 0.876658 0
0.786431 0.857614 0
0.784163 0.858619 0
0.778561 0.861703 0
0.777021 0.862066 0
0.774149 0.863389 0
0.764163 0.868831 0
0.759314 0.870998 0
0.75333 0.873983 0
0.751348 0.874854 1
0.750645 0.874991 0
0.750973 0.874655 0
0.742268 0.878467 0
0.737649 0.880716 0
0.733396 0.882748 0
0.73278 0.882662 0
0.737086 0.880485 0
0.733326 0.882168 0
0.753225 0.875328 0
0.562669 0.906157 0
0.641078 0.904526 0
0.727085 0.886334 0
0.723292 0.887642 0
0.713898 0.890882 0
0.754751 0.877411 0
0.603863 0.908892 0
0.600401 0.909113 0
0.597144 0.909175 0
0.585046 0.909368 0
0.583581 0.910395 0
0.631325 0.909256 0
0.673197 0.903184 0
0.653357 0.905853 0
0.709462 0.894165 0
0.74689 0.881947 0
0.821945 0.84604 0
0.824793 0.844764 0
0.787434 0.865976 0
0.765216 0.877046 0
0.73973 0.887196 0
0.716513 0.894721 0
0.720945 0.893164 0
0.709695 0.89713 0
0.69938 0.900793 0
0.692038 0.903417 0
0.688301 0.90479 0
0.683292 0.906516 0
0.677311 0.908414 0
0.675403 0.908973 0
0.672555 0.909757 0
0.669771 0.910721 0
0.670303 0.9104 0
0.669379 0.910625 0
0.665076 0.912094 0
0.663315 0.912337 0
0.66429 0.911592 0
0.664563 0.911067 0
0.66306 0.910878 0
0.661866 0.911299 0
0.661828 0.911106 0
0.659417 0.911235 0
0.649641 0.912989 1
0.660394 0.910079 0
0.662679 0.908902 0
0.663526 0.907936 0
0.662388 0.908022 0
0.661509 0.907578 0
0.66328 0.905691 0
0.667761 0.903573 0
0.669225 0.902397 0
0.671049 0.900979 0
0.673287 0.899535 0
0.675492 0.898087 0
0.676412 0.89709 0
0.679433 0.89556 0
0.684183 0.893153 0
0.68703 0.891149 0
0.687547 0.889873 0
0.688405 0.888754 0
0.693588 0.886565 0
0.698019 0.884746 0
0.700833 0.883287 0
0.703757 0.881455 0
0.707765 0.879059 0
0.713978 0.875566 0
0.723499 0.870294 0
0.731844 0.866157 0
0.737614 0.863655 0
0.748025 0.858461 0
0.764446 0.849976 0
0.787295 0.837312 0
0.895697 0.755569 0
0.653848 0.87723 0
0.647867 0.876762 0
0.659259 0.874548 0
0.667183 0.872666 0
0.695001 0.865094 0
0.733669 0.851637 0
0.752976 0.842885 0
0.744189 0.844817 0
0.726103 0.84982 0
0.720324 0.851374 0
0.716521 0.851911 0
0.712593 0.851066 0
0.714035 0.849031 0
0.715942 0.846879 0
0.718823 0.844573 0
0.722021 0.842094 0
0.725349 0.840568 0
0.729068 0.838404 0
0.732255 0.836371 0
0.736031 0.833239 0
0.734192 0.833757 0
0.731641 0.834857 0
0.73145 0.834628 0
0.732236 0.833583 0
0.729742 0.834264 0
0.72572 0.835821 0
0.727705 0.834163 0
0.731354 0.831663 0
0.730058 0.832197 0
0.729625 0.832363 0
0.718254 0.835229 0
0.72039 0.834049 0
0.718491 0.834564 0
0.712291 0.835891 0
0.702295 0.839783 0
0.718859 0.835006 0
0.714017 0.836537 0
0.715126 0.83716 0
0.709752 0.839401 0
0.702733 0.842925 0
0.699845 0.843831 0
0.683275 0.849568 0
0.686894 0.849328 0
0.681974 0.852032 0
0.67616 0.854199 0
0.650318 0.860975 0
0.64187 0.86404 0
0.638311 0.865888 0
0.62913 0.869572 0
0.623777 0.872432 0
0.624059 0.872951 0
0.629913 0.874182 0
0.628263 0.876309 0
0.625398 0.877736 0
0.625103 0.879881 0
0.626305 0.881991 0
0.628 0.883888 0
0.629598 0.886773 0
0.630469 0.888644 0
0.630037 0.891757 0
0.627892 0.895157 0
0.623945 0.898162 0
0.619238 0.900817 0
0.612637 0.904097 0
0.619619 0.906746 0
0.607621 0.910715 0
0.57301 0.914155 0
0.55843 0.916511 0
0.541974 0.918534 0
0.523356 0.919841 0
0.530953 0.923898 0
0.480962 0.917145 1
0.463708 0.915739 0
0.470692 0.920846 0
0.434306 0.912954 0
0.368176 0.888742 0
0.351753 0.883142 0
0.319345 0.866986 0
0.295491 0.854722 0
0.258084 0.828401 0
0.233208 0.809815 0
0.211401 0.790843 0
0.191865 0.771405 0
0.162277 0.73876 0
0.144777 0.71839 0
0.130473 0.698739 0
0.110923 0.665812 0
0.108195 0.667228 0
0.084186 0.620751 0
0.0620127 0.562849 0
0.0580201 0.557607 0
0.199677 0.823503 0
0.472499 0.986092 0
0.317075 0.925993 0
0.0868775 0.127654 0
0.0891613 0.121833 0
0.0282788 0.476821 0
0.0270963 0.49117 0
0.0264744 0.502773 0
0.0262136 0.508485 0
0.0254571 0.513237 0
0.0248426 0.517936 0
0.0207444 0.521124 0
0.0194506 0.523603 1
0.0168923 0.523749 0
0.0149318 0.524456 0
0.0134291 0.524382 0
0.015355 0.528112 0
0.0154645 0.530222 0
0.0143847 0.531332 0
0.012732 0.531054 0
0.0108211 0.530342 0
0.00891055 0.529809 0
0.00743037 0.529977 0
0.00666492 0.530928 0
0.00612925 0.531626 0
0.0050675 0.531831 0
0.00392444 0.532182 0
0.00363742 0.533605 0
0.00334267 0.534536 0
0.00246057 0.534221 0
0.00169878 0.53439 0
0.00103352 0.535519 0
0.000671381 0.536627 0
0.000661958 0.538492 0
0.000108611 0.540207 0
0 0.541233 0
0.00076061 0.542984 0
0.000917777 0.544168 0
0.00107501 0.545389 0
0.0018887 0.547565 0
0.00173506 0.548584 0
0.00128561 0.548855 0
0.00217315 0.550825 0
0.00307308 0.552859 0
0.00358556 0.55414 0
0.00415956 0.555292 0
0.00478823 0.556412 0
0.0056751 0.558589 0
0.00642677 0.560504 0
0.00749849 0.562452 0
0.0083318 0.564169 1
0.00986294 0.568251 0
0.0119881 0.574432 0
0.0138452 0.578408 0
0.0152589 0.580943 0
0.017111 0.585938 0
0.0182138 0.589062 0
0.0202779 0.594392 0
0.0208515 0.593688 0
0.0238427 0.602397 0
0.0246606 0.602375 0
0.0274089 0.608783 0
0.0297858 0.613718 0
0.0320701 0.617906 0
0.034489 0.621955 0
0.0357195 0.623835 0
0.0380045 0.627303 0
0.0396115 0.63192 0
0.0430658 0.638905 0
0.0458234 0.644587 0
0.0487777 0.651031 0
0.0522725 0.658821 0
0.0559418 0.665311 0
0.0600125 0.671747 0
0.0633101 0.678287 0
0.0665198 0.685528 0
0.0703654 0.692574 0
0.0743596 0.699047 0
0.0782003 0.703947 0
0.0842765 0.713378 0
0.086617 0.718573 0
0.0907875 0.726705 0
0.0937616 0.730971 0
0.0971644 0.735295 0
0.100366 0.739258 0
0.104513 0.744805 0
0.109498 0.751526 0
0.11264 0.755474 0
0.116429 0.760463 0
0.121767 0.766774 0
0.126162 0.771516 0
0.130332 0.776004 0
0.13675 0.781541 0
0.14417 0.787546 0
0.152337 0.795506 0
0.157679 0.800018 0
0.160649 0.802377 0
0.165263 0.806072 0
0.173531 0.814397 0
0.177887 0.818687 0
0.182215 0.822292 0
0.189815 0.829068 0
0.197593 0.835305 0
0.204214 0.840196 0
0.20837 0.843647 0
0.214641 0.847817 0
0.219944 0.851133 0
0.229169 0.858866 0
0.234113 0.86323 0
0.238027 0.867317 0
0.23943 0.869323 1
0.24482 0.872564 0
0.252318 0.877512 0
0.254446 0.878898 0
0.256941 0.880207 0
0.265233 0.885818 0
0.270408 0.890105 0
0.272462 0.892406 0
0.27432 0.894302 0
0.278903 0.897292 0
0.28032 0.897812 0
0.283871 0.899929 0
0.286555 0.901601 0
0.29102 0.905336 0
0.298345 0.911927 0
0.312249 0.921509 0
0.329078 0.931753 0
0.442536 0.980811 0
0.536135 1 0
0.515841 0.997279 0
0.49748 0.99405 0
0.309059 0.920288 0
0.312422 0.922725 0
0.315321 0.924782 0
0.316908 0.925546 0
0.319255 0.925989 0
0.321341 0.926505 0
0.325261 0.928826 0
0.327976 0.930247 0
0.328998 0.930291 0
0.327889 0.929181 0
0.339036 0.934809 0
0.345349 0.937495 0
0.348588 0.938488 0
0.352051 0.939707 0
0.358719 0.942362 0
0.361633 0.942714 0
0.367654 0.944432 0
0.37473 0.946859 0
0.378666 0.947426 0
0.388987 0.951064 0
0.393272 0.952091 0
0.395691 0.953 0
0.399446 0.953297 0
0.40754 0.95434 0
0.416198 0.956651 0
0.421218 0.957875 0
0.422579 0.957045 0
0.428967 0.957985 0
0.432095 0.957937 0
0.444567 0.960368 0
0.451964 0.961605 0
0.458334 0.962381 0
0.464873 0.962327 0
0.467709 0.964047 0
0.479985 0.962915 0
0.482237 0.961696 1
0.495936 0.963011 0
0.505027 0.963212 0
0.512768 0.963157 0
0.521294 0.962526 0
0.521078 0.960077 0
0.534269 0.959998 0
0.541561 0.958743 0
0.544866 0.957234 0
0.553662 0.956155 0
0.565437 0.954834 0
0.573622 0.953182 0
0.582944 0.95159 0
0.590876 0.95032 0
0.595254 0.948646 0
0.597366 0.947193 0
0.600314 0.945248 0
0.610165 0.943154 0
0.618566 0.941088 0
0.626788 0.939424 0
0.630959 0.936778 0
0.640752 0.932094 0
0.650572 0.928536 0
0.659431 0.924992 0
0.590205 0.927569 0
0.620059 0.924209 0
0.651247 0.918607 0
0.68489 0.910304 0
0.697353 0.904591 0
0.703181 0.900538 0
0.694991 0.902043 0
0.703847 0.900623 0
0.673932 0.901473 0
0.64794 0.902806 0
0.124616 0.353503 0
0.875029 0 0
0.95767 0.0898924 1
0.98336 0.131981 0
1 0.166982 0
0.983127 0.658016 0
0.985722 0.64832 0
0.987343 0.639978 0
0.987994 0.633449 0
0.989136 0.626461 0
0.989136 0.621438 0
0.987795 0.619381 0
0.9897 0.609862 0
0.988799 0.606256 0
0.988038 0.602508 0
0.990704 0.593028 0
0.993472 0.584741 1
0.991598 0.58081 0
0.99019 0.578414 0
0.991283 0.570833 0
0.992759 0.563095 0
0.992164 0.557882 0
0.991049 0.553336 0
0.991091 0.546706 0
0.991328 0.539412 0
0.991036 0.533293 0
0.991014 0.530193 0
0.990961 0.525039 0
0.990078 0.519321 0
0.988668 0.513671 0
0.988322 0.505532 0
0.988638 0.496566 0
0.989456 0.488353 0
0.989737 0.480126 0
0.988866 0.470533 1
0.987754 0.460735 0
0.98682 0.448219 0
0.983334 0.444023 0
0.984909 0.43103 0
0.984666 0.423001 0
0.982402 0.412518 0
0.979473 0.401039 0
0.977048 0.390624 0
0.974883 0.382354 0
0.972277 0.372048 0
0.969299 0.360706 0
0.966129 0.34939 0
0.962023 0.33622 0
0.957391 0.323316 0
0.953919 0.313365 0
0.951121 0.303532 0
0.947424 0.292768 0
0.943246 0.282376 0
0.936649 0.266479 0
0.793535 0.0689161 0
0.852425 0.126046 0
0.926592 0.257398 0
0.921341 0.24792 0
0.917054 0.242925 0
0.912775 0.238644 0
0.893339 0.202206 0
0.903525 0.230578 0
0.892937 0.217501 0
0.875454 0.195513 0
0.898838 0.226995 0
0.890767 0.215438 0
0.886369 0.209031 0
0.876149 0.198183 0
0.860688 0.184884 0
0.85457 0.180592 0
0.850192 0.177851 1
0.842866 0.172358 0
0.835495 0.167072 0
0.822183 0.158373 0
0.804203 0.149154 0
0.803582 0.149323 0
0.786358 0.140642 0
0.789087 0.142022 0
0.777288 0.137207 0
0.757077 0.130544 0
0.76492 0.133989 0
0.750239 0.127909 0
0.734223 0.122138 0
0.711034 0.117287 0
0.689274 0.114182 0
0.675946 0.11323 0
0.665293 0.112499 0
0.655535 0.112897 0
0.643102 0.114443 0
0.632505 0.116473 0
0.62072 0.117801 0
0.610416 0.119966 0
0.602127 0.123331 0
0.593439 0.127118 0
0.584315 0.131376 0
0.572381 0.137095 0
0.559339 0.143475 0
0.546093 0.14988 0
0.53375 0.156515 0
0.517404 0.168103 0
0.500045 0.187362 0
0.486787 0.195882 0
0.479031 0.207771 0
0.470919 0.21187 0
0.466091 0.218039 0
0.451621 0.236961 0
0.456236 0.239737 0
0.45722 0.243232 0
0.447879 0.263751 0
0.429323 0.300856 0
0.413355 0.364919 0
0.43843 0.299481 0
0.439373 0.302298 0
0.424266 0.347469 0
0.417238 0.400237 0
0.432221 0.466498 0
0.431495 0.437818 0
0.437288 0.401686 0
0.448645 0.40025 0
0.453332 0.410883 0
0.497882 0.496658 1
0.502839 0.494497 0
0.499889 0.479918 0
0.49434 0.45858 0
0.49683 0.431426 0
0.517235 0.466306 0
0.551655 0.485721 0
0.530637 0.454766 0
0.55528 0.479594 0
0.551572 0.444195 0
0.554975 0.45446 0
0.554704 0.44948 0
0.563367 0.442033 0
0.567901 0.434275 0
0.571428 0.426494 0
0.577758 0.420662 0
0.582228 0.412943 0
0.586894 0.40702 0
0.58917 0.403027 0
0.591695 0.400166 0
0.593391 0.398671 0
0.593766 0.398097 0
0.593967 0.397878 0
0.594043 0.397776 0
0.594061 0.397759 0
0.594064 0.397755 0
0.594065 0.397754 0
0.594065 0.397754 0
0.594065 0.397753 0
0.594065 0.397753 0
0.594065 0.397753 0
0.594065 0.397753 0
0.594065 0.397753 0
0.594065 0.397753 0
0.594065 0.397753 0
0.594065 0.397753 0
0.594065 0.397753 0
0.594065 0.397753 0
0.594065 0.397753 0
0.594065 0.397753 0
0.594065 0.397753 0
0.594065 0.397753 0
0.594065 0.397753 0
