0.995527 0.815182 0
0.992015 0.818379 0
0.989627 0.825428 0
0.981342 0.830252 0
0.961348 0.837024 0
0.933645 0.848985 0
0.906035 0.872152 0
0.882443 0.885559 0
0.844254 0.909173 0
0.801155 0.923134 0
0.74539 0.929769 0
0.67813 0.935458 0
0.618415 0.931446 0
0.565942 0.919692 0
0.507726 0.896331 0
0.433951 0.862712 0
0.354259 0.825902 0
0.268847 0.787222 0
0.197218 0.750749 0
0.146936 0.716426 0
0.106417 0.687256 0
0.0750354 0.660799 0
0.0474154 0.630829 0
0.0250225 0.598007 0
0.0133677 0.566205 0
0.00524467 0.531779 0
6.3217e-05 0.491218 0
0 0.452712 0
0.00433938 0.420843 1
0.0118884 0.380243 0
0.0229944 0.330119 0
0.0372395 0.287932 0
0.0563931 0.248739 0
0.0818176 0.202808 0
0.10867 0.164386 0
0.141119 0.131471 0
0.178923 0.0972661 0
0.212051 0.071491 0
0.242211 0.0540145 1
0.268729 0.0378198 0
0.294396 0.0263203 0
0.320762 0.0194179 0
0.348057 0.0166003 0
0.378388 0.00999571 0
0.406456 0.00225536 0
0.430823 0.00151075 0
0.449043 0.0047343 0
0.462605 0.00588275 0
0.475966 0.0056102 1
0.486147 0.00860776 0
0.490553 0.0239337 0
0.491953 0.0426069 0
0.499238 0.056305 0
0.510508 0.075234 0
0.522822 0.105095 0
0.5406 0.138766 0
0.559964 0.174398 0
0.586429 0.215765 0
0.631713 0.264 0
0.679015 0.308846 0
0.718214 0.355083 0
0.763646 0.439999 0
0.4207 0.784154 0
0.429264 0.8279 0
0.439246 0.861358 0
0.456678 0.880367 0
0.482234 0.887615 0
0.507874 0.896662 0
0.536583 0.911863 0
0.56731 0.923107 0
0.6011 0.924307 0
0.638176 0.92235 0
0.67685 0.913645 0
0.722577 0.899768 0
0.929838 0.526734 0
0.93613 0.527766 0
0.939504 0.526761 0
0.945504 0.533777 0
0.951417 0.539354 0
0.955392 0.539745 0
0.962345 0.544863 0
0.969959 0.553948 0
0.97505 0.558006 0
0.979363 0.557381 0
0.984237 0.560506 0
0.989711 0.570597 0
0.996055 0.579803 0
0.999931 0.588858 0
1 0.600362 0
0.99847 0.610214 0
0.997173 0.622455 0
0.996815 0.634448 0
0.991055 0.646885 0
0.986956 0.66206 0
0.985819 0.682291 0
0.976755 0.701191 0
0.962357 0.710996 1
0.948802 0.715681 0
0.943586 0.732686 0
0.936907 0.745775 0
0.922286 0.756747 0
0.904316 0.767726 0
0.884276 0.781496 0
0.843613 0.784309 0
0.777588 0.808713 0
0.561097 0.864437 0
0.398515 0.848761 1
0.306814 0.808045 0
0.219001 0.75054 0
0.152821 0.710389 0
0.11574 0.683194 0
0.110098 0.648426 0
0.111024 0.625848 0
0.0956336 0.614311 0
0.0789182 0.590066 0
0.0697133 0.556969 0
0.0615855 0.524664 0
0.0589001 0.494019 0
0.0605129 0.467928 0
0.0637392 0.440093 0
0.0671884 0.403811 0
0.0694684 0.365954 0
0.0769531 0.333151 0
0.0913242 0.304134 0
0.102647 0.279408 0
0.110016 0.259874 0
0.125539 0.235245 0
0.14414 0.203371 0
0.169939 0.165937 0
0.196825 0.136922 0
0.216418 0.124269 0
0.237191 0.110829 0
0.278455 0.0831942 0
0.330985 0.0555946 0
0.387115 0.0364135 0
0.47695 0.0107523 0
0.593191 0 0
0.591353 0.00666924 0
0.572017 0.013178 0
0.533498 0.0192414 0
0.522977 0.0196859 0
0.509348 0.0191246 0
0.502215 0.0238696 0
0.469051 0.0587947 0
0.430442 0.101001 0
0.430081 0.124199 0
0.418616 0.151962 0
0.396893 0.186686 0
0.373138 0.234572 0
0.340086 0.309408 0
0.321128 0.379753 0
0.306524 0.461075 0
0.294696 0.59775 0
0.402261 0.958928 0
0.365819 0.844855 0
0.521471 0.999452 0
0.618352 1 0
0.625935 0.998667 0
0.630621 0.898668 0
0.629195 0.884957 0
0.629801 0.860709 0
0.630113 0.847903 0
0.630271 0.777633 0
0.630377 0.725409 0
0.630439 0.666375 0
0.630492 0.614059 0
0.6306 0.582083 0
0.630598 0.577439 0
0.630597 0.576556 0
0.630597 0.576221 0
0.630598 0.576144 0
0.630598 0.576174 0
0.630597 0.576084 0
