0.630167 0.133411 0
0.630014 0.131683 0
0.637064 0.130321 0
0.64673 0.134044 0
0.627222 0.127866 0
0.627232 0.127067 0
0.629125 0.127224 0
0.638384 0.129849 0
0.639175 0.122823 0
0.649732 0.12537 0
0.642814 0.118898 0
0.653886 0.121382 0
0.657321 0.118226 0
0.658966 0.117992 0
0.655622 0.112367 0
0.652183 0.110779 0
0.659401 0.108161 0
0.665761 0.109029 0
0.669146 0.108703 0
0.663596 0.105816 0
0.652281 0.103001 1
0.665214 0.10393 0
0.673019 0.107303 0
0.678057 0.105967 0
0.683493 0.111988 0
0.687375 0.11066 0
0.693005 0.115601 0
0.686895 0.111519 0
0.680291 0.105567 0
0.679273 0.108773 0
0.674623 0.108761 0
0.676547 0.108324 0
0.660935 0.105239 0
0.648525 0.103671 0
0.632942 0.101899 0
0.62546 0.100415 0
0.621572 0.0981663 0
0.608311 0.0993656 0
0.583327 0.0970082 0
0.557759 0.0962864 0
0.53385 0.0951905 0
0.455091 0.101247 0
0.494188 0.0965202 0
0.461042 0.0978396 0
0.409681 0.105639 0
0.387752 0.108213 0
0.351777 0.117603 0
0.331982 0.121506 0
0.301847 0.131444 0
0.268949 0.145367 0
0.238982 0.160255 0
0.215072 0.173076 0
0.187483 0.188101 0
0.170653 0.197591 0
0.159664 0.201904 0
0.146025 0.211843 0
0.136767 0.216873 0
0.122213 0.226975 0
0.117362 0.229728 0
0.106506 0.236199 0
0.0987044 0.245235 1
0.0896114 0.256207 0
0.080958 0.269276 0
0.075209 0.273606 0
0.0747941 0.273715 0
0.0698215 0.278196 0
0.0654393 0.284927 0
0.0564989 0.295244 0
0.0456998 0.308719 0
0.037638 0.31968 0
0.0417657 0.321871 0
0.0336958 0.333974 0
0.0288529 0.343837 0
0.0248788 0.356138 0
0.0198325 0.368253 0
0.0168572 0.384099 0
0.0158075 0.394138 0
0.00156809 0.427821 0
0.00464624 0.436431 0
0.00409376 0.463967 0
0.00425241 0.480705 0
0.00305324 0.513333 0
0 0.576371 0
0.00608243 0.627888 0
0.0131098 0.656841 0
0.0269315 0.719918 0
0.0290103 0.711959 0
0.0319502 0.708294 0
0.030021 0.719739 0
0.0305211 0.725602 0
0.0262276 0.711346 1
0.0187638 0.693877 0
0.0116253 0.675615 0
0.0114713 0.660246 0
0.00614223 0.644726 0
0.00820108 0.637378 0
0.00804423 0.632542 0
0.0146729 0.632114 0
0.0155643 0.632245 0
0.0234831 0.633123 0
0.0288667 0.639333 0
0.0359365 0.645333 0
0.0395341 0.638105 0
0.0467773 0.650838 0
0.0621964 0.677425 0
0.0741135 0.684787 0
0.0839232 0.686959 0
0.0941797 0.693515 0
0.103657 0.697874 0
0.110747 0.699574 0
0.121394 0.704373 0
0.131793 0.712014 0
0.140847 0.716993 0
0.148092 0.719155 0
0.160651 0.725703 0
0.172649 0.724807 0
0.185366 0.729515 0
0.203605 0.737169 0
0.227157 0.762666 0
0.267044 0.784825 0
0.315846 0.8113 0
0.422955 0.85542 0
0.530594 0.873265 0
0.562581 0.875704 0
0.744614 0.82235 0
0.771761 0.799639 0
0.789738 0.781808 0
0.795896 0.769909 0
0.80694 0.751988 0
0.809333 0.743062 0
0.811413 0.731653 0
0.812422 0.721138 0
0.814756 0.708038 1
0.817141 0.694211 0
0.820318 0.678496 0
0.821883 0.663352 0
0.823825 0.6497 0
0.826872 0.632646 0
0.833659 0.612368 0
0.84407 0.591197 0
0.854177 0.56966 0
0.860414 0.551971 0
0.864985 0.528657 0
0.853371 0.422885 0
0.846877 0.394862 0
0.863284 0.424552 0
0.883139 0.546214 0
0.89004 0.551965 0
0.89442 0.549884 0
0.899378 0.534749 0
0.898914 0.605068 0
0.888713 0.659354 0
0.891777 0.664588 0
0.379578 0.197856 0
0.602823 0.140251 0
0.643961 0.141078 0
0.664516 0.138149 0
0.676061 0.1348 0
0.684248 0.127821 0
0.686936 0.125896 0
0.700138 0.12397 0
0.711693 0.124911 0
0.722354 0.129288 0
0.728041 0.133369 0
0.734767 0.136615 0
0.740027 0.137195 0
0.742938 0.137165 0
0.742658 0.137239 0
0.741481 0.134202 0
0.738573 0.129247 0
0.730539 0.123351 0
0.720261 0.115301 0
0.707712 0.104289 0
0.682082 0.0913538 0
0.647575 0.0787822 0
0.606512 0.0666345 0
0.60252 0.063948 0
0.564239 0.054949 0
0.541208 0.0509302 0
0.51564 0.0481926 0
0.481756 0.046389 0
0.447714 0.046407 0
0.416481 0.0490396 0
0.394781 0.0521088 0
0.361286 0.0579395 1
0.331415 0.0654458 0
0.312561 0.0729114 0
0.293993 0.0817468 0
0.271344 0.0942316 0
0.253883 0.107485 0
0.24201 0.118211 0
0.220046 0.134825 0
0.190173 0.159116 0
0.160921 0.188633 0
0.159974 0.197717 0
0.12402 0.23945 0
0.116621 0.261183 0
0.105589 0.288033 0
0.0929406 0.321561 0
0.0870212 0.351163 0
0.0830851 0.379363 0
0.0754675 0.411368 0
0.0701278 0.449424 0
0.0704431 0.482266 0
0.069844 0.515387 0
0.0691768 0.544622 0
0.0705177 0.566208 1
0.0740558 0.594475 0
0.0817194 0.622009 0
0.0912389 0.649651 0
0.101758 0.67248 0
0.157069 0.312812 0
0.144956 0.337976 0
0.11628 0.421312 0
0.121804 0.41107 0
0.117061 0.419982 0
0.102004 0.451427 0
0.075143 0.558454 0
0.0700061 0.62684 0
0.0633394 0.621012 0
0.0558607 0.564527 0
0.0681575 0.439068 0
0.852396 0.18451 0
0.995978 0.763579 0
0.945966 0.836406 0
0.923834 0.865396 0
0.903238 0.887832 1
0.884649 0.903233 0
0.848572 0.925253 0
0.756514 0.964667 0
0.637853 1 0
0.482299 0.993583 0
0.402593 0.961129 0
0.369612 0.93599 0
0.351349 0.918831 0
0.345555 0.904976 0
0.354397 0.890547 0
0.344489 0.891598 0
0.384345 0.888579 0
0.404247 0.897963 0
0.629592 0.892032 0
0.767222 0.818022 0
0.818019 0.769727 0
0.847054 0.737778 0
0.867993 0.711826 0
0.883332 0.685468 0
0.896899 0.66612 0
0.902455 0.6493 0
0.906575 0.634631 0
0.910899 0.620898 0
0.913833 0.612981 0
0.916349 0.606581 0
0.917551 0.593541 0
0.917568 0.58475 0
0.918629 0.574355 1
0.918697 0.571138 0
0.918417 0.56047 0
0.918896 0.55012 0
0.920112 0.538587 0
0.921279 0.531179 0
0.922208 0.522075 0
0.923369 0.515371 0
0.925683 0.505833 0
0.92619 0.49648 0
0.926681 0.483284 0
0.468975 0.151136 0
0.535798 0.136081 0
0.9346 0.4627 0
0.931898 0.450831 0
0.937567 0.450185 0
0.938013 0.434542 0
0.937443 0.418883 0
0.940362 0.40708 0
0.943207 0.394065 0
0.945933 0.380231 0
0.953395 0.372028 0
0.961428 0.366896 0
0.97356 0.365739 0
0.984118 0.362624 0
0.988385 0.353206 0
0.990454 0.347309 0
0.995569 0.339371 0
0.999878 0.338207 0
1 0.331375 0
0.998666 0.325437 0
0.995186 0.319545 0
0.989381 0.311595 0
0.980491 0.300776 0
0.977209 0.290447 0
0.971397 0.278971 0
0.963261 0.263755 0
0.953789 0.242195 0
0.938112 0.219386 0
0.919766 0.196751 0
0.899432 0.172951 1
0.875894 0.148748 0
0.849808 0.126551 0
0.838267 0.114771 0
0.816625 0.0992991 0
0.790081 0.0831277 0
0.763949 0.0660248 0
0.733476 0.0491499 0
0.698497 0.0349534 0
0.655472 0.0201237 0
0.612036 0.0089863 0
0.555325 0 0
0.53897 0.00938195 0
0.490751 0.0134179 0
0.433702 0.0222206 0
0.421034 0.0324556 0
0.361832 0.0518208 0
0.344399 0.0672966 0
0.290893 0.100072 0
0.245643 0.136211 0
0.197658 0.184673 0
0.150512 0.247028 0
0.119613 0.307169 0
0.101777 0.356889 0
0.0915327 0.400342 0
0.0857511 0.447945 0
0.0862526 0.524756 0
0.0850711 0.573008 0
0.103141 0.646193 0
0.120527 0.689958 0
0.148815 0.752065 0
0.17932 0.803249 0
0.230139 0.854529 0
0.289086 0.90949 0
0.34306 0.938174 0
0.446834 0.977604 0
0.582106 0.992266 0
0.620076 0.985103 0
0.619898 0.975251 1
0.59771 0.968928 0
0.596529 0.96218 0
0.588322 0.957929 0
0.581151 0.959373 0
0.570728 0.959594 0
0.546481 0.952809 0
0.52721 0.948984 0
0.512097 0.948106 0
0.502735 0.949302 0
0.477562 0.93507 0
0.469313 0.925777 0
0.488725 0.933057 0
0.182766 0.616949 0
0.244654 0.755317 0
0.388498 0.894404 0
0.338745 0.843 0
0.317532 0.808745 0
0.288195 0.758179 0
0.282798 0.721895 0
0.277924 0.647031 0
0.268263 0.576105 0
0.284449 0.484279 0
0.29918 0.466228 0
0.320564 0.424303 1
0.37627 0.366073 0
0.44626 0.290866 0
0.464443 0.310071 0
0.515328 0.295552 0
0.545471 0.301162 0
0.56361 0.316397 0
0.549322 0.333446 0
0.596551 0.372612 0
0.582106 0.389576 0
0.635769 0.416766 0
0.578994 0.66507 0
0.645345 0.56267 0
0.605383 0.588232 0
0.567929 0.582147 0
0.570874 0.540027 0
0.570892 0.539104 0
0.570888 0.539072 0
0.57089 0.539065 0
0.57089 0.539065 0
0.57089 0.539065 0
0.57089 0.539065 0
0.57089 0.539065 0
0.57089 0.539065 0
0.57089 0.539065 0
0.57089 0.539065 0
0.57089 0.539065 0
0.57089 0.539065 0
0.57089 0.539065 0
