0.762703 0.789584 0
0.768828 0.78835 0
0.769355 0.79289 0
0.754283 0.80516 0
0.795238 0.776587 0
0.795954 0.777731 0
0.757973 0.808765 0
0.819126 0.758269 0
0.892604 0.149744 0
0.857493 0.0943173 0
0.955093 0.48743 0
0.928234 0.585691 0
0.933081 0.569827 0
0.94165 0.538451 0
0.905067 0.630958 0
0.873927 0.685479 0
0.853746 0.707636 0
0.860224 0.698799 0
0.846382 0.7177 0
0.841699 0.725204 0
0.839427 0.725239 0
0.828669 0.735966 0
0.834716 0.733612 0
0.822485 0.744284 0
0.81184 0.755174 0
0.806135 0.756788 0
0.781234 0.775774 0
0.778856 0.775626 0
0.76746 0.782282 0
0.772512 0.778127 0
0.750736 0.792582 0
0.758439 0.784226 0
0.763202 0.777162 0
0.754083 0.782296 0
0.751277 0.792615 0
0.739872 0.802878 0
0.747524 0.801357 0
0.738091 0.810825 0
0.744734 0.81221 1
0.72434 0.82959 0
0.722818 0.832924 0
0.69973 0.849432 0
0.694002 0.856357 0
0.662987 0.876861 0
0.662451 0.883944 0
0.658088 0.888679 0
0.689965 0.875378 0
0.691745 0.878578 0
0.612959 0.896681 0
0.745214 0.848393 0
0.74581 0.850216 0
0.661714 0.877332 0
0.531942 0.897979 0
0.464657 0.900322 0
0.37161 0.880854 0
0.462212 0.911495 0
0.497195 0.915205 0
0.487606 0.91958 0
0.509305 0.919374 0
0.525162 0.925664 0
0.563776 0.926315 0
0.553774 0.933345 0
0.48141 0.941166 0
0.434648 0.941781 0
0.409799 0.943447 0
0.375882 0.937476 0
0.360273 0.937591 0
0.314069 0.929362 0
0.267063 0.913394 0
0.259691 0.910035 0
0.233139 0.900009 0
0.208891 0.888296 0
0.170296 0.868321 0
0.154724 0.85991 0
0.138867 0.850415 1
0.120213 0.839298 0
0.207419 0.894912 0
0.19766 0.898821 0
0.0734473 0.811329 0
0.142238 0.90104 0
0.126269 0.898918 0
0.55876 0.961685 0
0.0434581 0.817979 0
0.0420439 0.820901 0
0.00733524 0.771529 0
0.23846 0.927506 0
0.472683 0.967267 0
0 0.751647 0
0.0105097 0.771832 0
0.0171978 0.77489 0
0.0280354 0.786936 0
0.0453133 0.802196 0
0.108863 0.86237 0
0.202451 0.927465 0
0.232713 0.942161 0
0.262234 0.951517 0
0.293525 0.956414 0
0.341131 0.962581 0
0.392178 0.960086 0
0.437572 0.94779 0
0.466329 0.93282 0
0.471471 0.91721 0
0.448237 0.897898 0
0.464759 0.862365 0
0.448754 0.820791 0
0.416397 0.762655 0
0.398466 0.69201 0
0.378501 0.611068 0
0.35444 0.529895 0
0.300836 0.353634 0
0.328772 0.263551 0
0.332596 0.215923 0
0.36769 0.170478 0
0.387693 0.12631 0
0.377888 0.0933521 0
0.3635 0.0859673 0
0.358271 0.0851049 0
0.325296 0.0835836 0
0.355181 0.0896616 0
0.367699 0.0910077 0
0.400891 0.105782 0
0.37072 0.105801 0
0.33493 0.120762 0
0.338502 0.114559 0
0.316528 0.111118 0
0.293355 0.107009 0
0.275808 0.108321 0
0.277511 0.0960786 0
0.280843 0.0895535 1
0.266002 0.0916377 0
0.268806 0.085819 0
0.271828 0.0808193 0
0.307089 0.054078 0
0.392006 0.0129965 0
0.438515 0.00503074 0
0.445721 0.00249553 0
0.466119 0 0
0.474117 0.00148233 0
0.37253 0.0251489 0
0.370739 0.0308558 0
0.437481 0.0112939 0
0.59618 0.0105385 0
0.822856 0.613705 0
0.816765 0.630382 0
0.814912 0.640559 0
0.818709 0.640676 0
0.821388 0.640606 0
0.823369 0.643197 0
0.82622 0.649983 0
0.827978 0.655391 0
0.835528 0.650829 0
0.846449 0.626719 0
0.85374 0.604716 0
0.865419 0.572259 0
0.868814 0.553178 0
0.87171 0.532023 0
0.874002 0.519497 0
0.874064 0.513245 0
0.870666 0.513086 0
0.868741 0.509624 0
0.864102 0.527232 0
0.86245 0.528447 0
0.862654 0.51841 0
0.862893 0.515645 0
0.863767 0.512139 0
0.861623 0.526238 0
0.856363 0.556129 0
0.84501 0.594732 0
0.826641 0.643645 0
0.817191 0.663271 0
0.802228 0.691761 0
0.78694 0.720363 0
0.773397 0.742271 0
0.760211 0.760868 0
0.755062 0.766428 0
0.749052 0.77597 0
0.748452 0.778861 0
0.742397 0.789268 0
0.735934 0.801101 0
0.726743 0.815385 0
0.710755 0.844554 0
0.702145 0.855058 0
0.708367 0.847544 1
0.685282 0.880087 0
0.679121 0.881276 0
0.663284 0.899516 0
0.67004 0.894364 0
0.641815 0.924706 0
0.621004 0.938516 0
0.60983 0.946658 0
0.597231 0.956563 0
0.578803 0.963026 0
0.559418 0.969521 0
0.543645 0.973755 0
0.527776 0.976217 0
0.508549 0.976093 0
0.488729 0.978023 0
0.467736 0.980257 0
0.443999 0.978035 0
0.410899 0.969943 0
0.385859 0.960817 0
0.359312 0.954393 0
0.342178 0.951872 0
0.327711 0.949162 0
0.311598 0.948311 0
0.29876 0.948765 0
0.282469 0.945566 0
0.258165 0.937117 0
0.232018 0.922826 0
0.206834 0.910052 0
0.184348 0.89627 0
0.163853 0.883706 0
0.149035 0.874905 0
0.134531 0.86734 0
0.124428 0.861842 0
0.120294 0.858534 0
0.119497 0.857316 0
0.121137 0.858982 0
0.128714 0.863712 1
0.133413 0.864366 0
0.141748 0.867474 0
0.151518 0.867502 0
0.161096 0.862963 0
0.167325 0.853745 0
0.167348 0.839428 0
0.165158 0.826494 0
0.166112 0.806371 0
0.160437 0.790323 0
0.152344 0.768897 0
0.149547 0.748286 0
0.14707 0.716741 0
0.147513 0.704511 0
0.141916 0.661486 0
0.138509 0.611295 0
0.145077 0.552319 0
0.158584 0.428305 0
0.188366 0.370716 0
0.199037 0.359038 0
0.274431 0.238073 0
0.424262 0.111296 0
0.523115 0.0645082 0
0.562161 0.0564186 0
0.556421 0.0682467 0
0.612112 0.0635641 0
0.645858 0.0638725 0
0.669293 0.0642757 0
0.677022 0.0651203 0
0.683393 0.0673726 0
0.683211 0.066421 0
0.685632 0.0688723 0
0.691345 0.0684979 0
0.697546 0.0682247 0
0.701589 0.0678083 1
0.706562 0.067925 0
0.710822 0.0727132 0
0.719411 0.076551 0
0.726054 0.0759281 0
0.727396 0.0761908 0
0.725806 0.0819518 0
0.727345 0.0882375 0
0.755608 0.0900821 0
0.736501 0.0959753 0
0.743774 0.0976381 0
0.751117 0.0973045 0
0.757529 0.106813 0
0.784044 0.106244 0
0.776974 0.105837 0
0.78387 0.110204 0
0.791602 0.107932 0
0.805846 0.112004 0
0.815483 0.117292 0
0.833226 0.117481 0
0.840013 0.122591 0
0.845192 0.123896 0
0.844458 0.126496 0
0.842085 0.129753 0
0.836842 0.130897 0
0.841889 0.132585 0
0.844185 0.139531 0
0.847776 0.133997 0
0.853455 0.14717 0
0.860213 0.151281 0
0.866488 0.162237 0
0.872025 0.172725 0
0.87955 0.187856 0
0.888309 0.204351 0
0.897965 0.221656 1
0.908089 0.236132 0
0.92066 0.256858 0
0.935126 0.281423 0
0.944295 0.299882 0
0.957111 0.316401 0
0.967224 0.33428 0
0.978369 0.359207 0
0.988179 0.387297 0
0.99496 0.417883 0
0.99757 0.448634 0
0.99698 0.472715 0
1 0.493111 0
0.997481 0.531486 0
0.991833 0.557496 1
0.984727 0.517201 0
0.979516 0.608375 0
0.970617 0.605063 0
0.959393 0.653335 0
0.947982 0.676387 0
0.935613 0.707187 0
0.92186 0.733444 0
0.905137 0.759824 0
0.884421 0.785449 0
0.867237 0.819815 0
0.847067 0.847178 0
0.826776 0.869389 0
0.8072 0.885802 0
0.793533 0.893202 1
0.768745 0.91603 0
0.746053 0.931452 0
0.723427 0.946048 0
0.701342 0.955786 0
0.67609 0.966062 0
0.648772 0.980338 0
0.620849 0.984091 0
0.598202 0.990014 0
0.575895 0.992549 0
0.554928 0.993448 1
0.533708 0.995419 0
0.514687 0.998019 0
0.502107 1 0
0.492119 0.999927 0
0.48138 0.997071 0
0.472227 0.994616 0
0.430672 0.983949 0
0.422825 0.983648 0
0.411969 0.982432 0
0.394355 0.977021 0
0.374857 0.9714 0
0.352919 0.964441 0
0.3495 0.965632 0
0.3232 0.952619 0
0.298145 0.939937 0
0.27272 0.923617 0
0.250161 0.9074 0
0.225253 0.8904 0
0.202223 0.87648 0
0.167118 0.824009 0
0.140746 0.794253 0
0.108592 0.740314 0
0.0864762 0.686299 0
0.0552338 0.603226 0
0.0160739 0.424761 0
0.16016 0.0192745 0
0.165793 0.0158298 0
0.133345 0.0513913 0
0.111467 0.0831674 0
0.0836886 0.147431 0
0.0431771 0.292192 0
0.0339041 0.329907 0
0.0566485 0.410825 0
0.0607502 0.371882 0
0.0763618 0.414622 0
0.084817 0.372196 1
0.0935436 0.348938 0
0.121307 0.298826 0
0.301904 0.0502783 0
0.248414 0.126117 0
0.235669 0.161919 0
0.275522 0.136041 0
0.313425 0.118097 0
0.350786 0.0992669 0
0.380344 0.0991293 0
0.40431 0.0999942 0
0.497149 0.092399 0
0.728249 0.184501 0
0.521452 0.131878 0
0.565411 0.145836 0
0.619359 0.184181 0
0.623917 0.191497 0
0.748255 0.401693 0
0.683538 0.302179 0
0.654846 0.298904 0
0.633181 0.316413 0
0.609167 0.324367 0
0.524143 0.320518 0
0.53316 0.354205 0
0.571602 0.47085 0
0.526028 0.41783 0
0.520656 0.439888 0
0.519539 0.442886 0
0.519422 0.443528 0
0.519387 0.443573 0
0.519383 0.443572 0
0.519382 0.443568 0
0.519382 0.443568 0
0.519382 0.443568 0
0.519382 0.443568 0
0.519382 0.443568 0
