0.783081 0.775086 0
0.770043 0.793123 0
0.768466 0.793789 0
0.768278 0.793749 0
0.768294 0.793792 0
0.769659 0.791966 0
0.77911 0.791186 0
0.830443 0.320841 0
0.864486 0.287292 0
0.856235 0.274392 0
0.920866 0.137493 0
0.879918 0.285157 0
0.779672 0.32647 0
0.782191 0.300618 0
0.786984 0.290783 0
0.857147 0.690259 0
0.859503 0.706298 0
0.85789 0.694944 0
0.859967 0.732223 0
0.856727 0.74273 0
0.782936 0.778992 0
0.770914 0.792745 0
0.768505 0.793498 0
0.768143 0.793906 0
0.767991 0.794054 0
0.768002 0.794077 0
0.767997 0.794078 0
0.767997 0.794078 0
0.767997 0.794078 0
0.767997 0.794078 0
0.767997 0.794078 0
0.767997 0.794078 0
0.767997 0.794078 0
0.767997 0.794078 0
0.767997 0.794078 0
0.767997 0.794078 0
0.767997 0.794078 0
0.767997 0.794078 0
0.767997 0.794078 1
0.76499 0.792928 0
0.767862 0.799577 0
0.760697 0.798617 0
0.759049 0.799491 0
0.757421 0.800183 0
0.753917 0.796705 0
0.752959 0.797585 0
0.751669 0.800973 0
0.740109 0.792426 0
0.700837 0.749345 0
0.7684 0.824451 0
0.747685 0.808879 0
0.70012 0.761516 0
0.667851 0.768788 0
0.663741 0.770446 0
0.640162 0.761777 0
0.682953 0.790424 0
0.665346 0.782838 0
0.588972 0.750945 0
0.6136 0.769408 0
0.614312 0.779948 0
0.651055 0.825458 0
0.599751 0.79701 0
0.323462 0.755468 0
0.333113 0.756201 0
0.332592 0.761415 0
0.322255 0.765098 0
0.31515 0.768387 0
0.304466 0.773283 0
0.297043 0.780494 0
0.290785 0.78861 0
0.286509 0.794083 0
0.279078 0.803896 0
0.270031 0.810579 0
0.267852 0.818985 0
0.259425 0.826148 1
0.259332 0.826224 0
0.259457 0.826487 0
0.261718 0.825832 0
0.26217 0.825679 0
0.268974 0.822546 0
0.26904 0.808491 0
0.378967 0.914914 0
0.257541 0.81639 0
0.255082 0.823008 0
0.256656 0.821018 0
0.343025 0.890859 0
0.310275 0.867416 0
0.271149 0.843303 0
0.242674 0.805608 0
0.24077 0.807678 0
0.24395 0.816299 0
0.245235 0.81531 0
0.298396 0.859112 0
0.298931 0.860271 0
0.309005 0.869826 0
0.328023 0.87986 0
0.339775 0.889606 0
0.3597 0.902429 0
0.375061 0.913834 0
0.327529 0.895756 0
0.35222 0.896952 0
0.368254 0.90143 0
0.399381 0.910229 0
0.421846 0.915007 0
0.428917 0.910741 0
0.422158 0.906956 0
0.505351 0.876969 0
0.214156 0.661317 0
0.202693 0.671032 0
0.340205 0.45736 0
0.372668 0.24946 0
0.350928 0.247368 0
0.343406 0.230299 0
0.347841 0.22403 0
0.350852 0.224141 0
0.350801 0.221097 0
0.352375 0.218309 0
0.35318 0.222356 0
0.350809 0.222479 0
0.35291 0.214914 0
0.357043 0.21548 0
0.36118 0.208319 0
0.362114 0.210671 0
0.364559 0.206805 0
0.368216 0.202226 0
0.371218 0.197316 0
0.376079 0.19175 0
0.377657 0.188818 0
0.378602 0.187472 1
0.390797 0.183263 0
0.414376 0.163783 0
0.427286 0.15276 0
0.456428 0.140969 0
0.483922 0.123209 0
0.480825 0.120705 0
0.492501 0.112062 0
0.490229 0.11684 0
0.49791 0.122784 0
0.55918 0.0707802 0
0.595826 0.0370244 0
0.652551 0 0
0.811704 0.127469 0
0.69627 0.341283 0
0.790982 0.740988 0
0.784187 0.761617 0
0.783469 0.746973 0
0.776486 0.745491 0
0.78235 0.725019 0
0.772679 0.724087 0
0.779136 0.70155 0
0.765223 0.720634 0
0.764578 0.701026 0
0.76443 0.696369 0
0.776503 0.662935 0
0.73396 0.277554 0
0.787056 0.260554 0
0.776691 0.285661 0
0.780272 0.285547 0
0.778894 0.293077 0
0.780277 0.297117 0
0.777224 0.304199 0
0.773096 0.323004 0
0.775705 0.337592 0
0.772827 0.351042 0
0.783034 0.374323 0
0.782076 0.386896 0
0.792305 0.394238 0
0.802533 0.403456 0
0.774745 0.60214 0
0.787279 0.586283 0
0.801484 0.594308 0
0.806715 0.590057 0
0.676208 0.714684 0
0.71096 0.786377 0
0.722621 0.794628 0
0.729048 0.801151 0
0.735709 0.808073 0
0.737143 0.812065 0
0.736851 0.813995 0
0.737631 0.817599 0
0.736437 0.820124 0
0.737395 0.822578 0
0.73747 0.823738 1
0.735018 0.82702 0
0.730975 0.831122 0
0.7292 0.837817 0
0.726348 0.84 0
0.717933 0.845934 0
0.718704 0.884486 0
0.726009 0.877964 0
0.712655 0.880495 0
0.70078 0.882605 0
0.690595 0.883194 0
0.677671 0.887166 0
0.673465 0.880818 0
0.602441 0.86834 0
0.514714 0.869218 0
0.477673 0.860839 0
0.46041 0.866618 0
0.447646 0.869528 0
0.442817 0.874396 0
0.418584 0.876027 0
0.407037 0.883747 0
0.391748 0.889228 0
0.38159 0.896434 0
0.367197 0.898968 0
0.369243 0.906019 0
0.354946 0.909625 0
0.340268 0.907257 0
0.318198 0.897065 0
0.287412 0.883682 0
0.27039 0.868824 0
0.263756 0.858671 0
0.255786 0.840789 0
0.25083 0.83574 0
0.244646 0.836634 0
0.250095 0.836433 0
0.251262 0.837928 0
0.250903 0.83731 1
0.250248 0.838112 0
0.250134 0.838142 0
0.250497 0.837667 0
0.250102 0.83752 0
0.246535 0.84062 0
0.263789 0.864757 0
0.283255 0.899826 0
0.13256 0.717837 0
0.165001 0.712567 0
0.171831 0.686021 0
0.187001 0.677476 0
0.198882 0.646608 0
0.203001 0.646753 0
0.222249 0.622556 0
0.243782 0.60828 0
0.264638 0.575923 0
0.315756 0.381499 0
0.300159 0.332739 0
0.309933 0.34851 0
0.366363 0.280434 0
0.371861 0.275006 0
0.372335 0.279145 0
0.374726 0.284462 0
0.396868 0.288499 0
0.46128 0.249359 0
0.523203 0.242896 0
0.580997 0.190489 0
0.616076 0.188912 0
0.639873 0.171563 0
0.680164 0.170222 0
0.703472 0.171364 0
0.723182 0.169798 0
0.726232 0.169568 0
0.731781 0.169219 1
0.740716 0.155752 0
0.749845 0.15405 0
0.756689 0.145737 0
0.760191 0.123977 0
0.756104 0.104639 0
0.770822 0.121085 0
0.777693 0.130558 0
0.789242 0.135599 0
0.799648 0.127166 0
0.802814 0.112267 0
0.815569 0.119499 0
0.825452 0.127748 0
0.840494 0.138193 0
0.853471 0.130604 0
0.85813 0.146515 0
0.864006 0.150519 0
0.870808 0.149838 0
0.864626 0.152201 0
0.838635 0.200522 0
0.857617 0.182441 0
0.884737 0.249054 0
0.886625 0.254524 0
0.885763 0.267878 0
0.88511 0.274638 0
0.884314 0.257028 0
0.88459 0.259435 0
0.883538 0.243202 0
0.886744 0.250426 0
0.889325 0.258769 0
0.894213 0.270083 0
0.89528 0.290155 0
0.895652 0.293995 0
0.895065 0.293302 0
0.896621 0.29836 1
0.910255 0.31765 0
0.932172 0.337761 0
0.94775 0.366334 0
0.968166 0.38673 0
0.985104 0.411546 0
0.996777 0.423502 0
0.988556 0.450034 0
0.993424 0.465289 0
0.984473 0.488056 0
0.974882 0.510596 0
0.982822 0.527847 0
0.992318 0.53862 0
0.968919 0.569003 0
0.975415 0.580268 1
0.975922 0.588686 0
0.985908 0.644384 0
0.983579 0.670673 0
0.991295 0.703571 0
0.985689 0.730586 0
0.980906 0.745363 0
0.980827 0.764702 0
0.970841 0.807091 0
0.946647 0.83767 0
0.915977 0.848557 0
0.873949 0.865617 0
0.848437 0.865779 0
0.819194 0.864385 0
0.80896 0.862064 1
0.808837 0.881127 0
0.806141 0.886395 0
0.778935 0.925532 0
0.752218 0.937024 0
0.722672 0.948788 0
0.683787 0.947035 0
0.664007 0.949182 0
0.644996 0.952953 0
0.626272 0.945457 0
0.608672 0.946211 1
0.593715 0.955873 0
0.57972 0.962895 0
0.569098 0.966053 0
0.561035 0.969087 0
0.551228 0.97302 0
0.544183 0.979498 0
0.547967 0.987344 0
0.522696 0.989818 0
0.52215 0.987001 0
0.509792 0.991865 0
0.510717 0.99299 0
0.494471 1 0
0.492423 0.991115 0
0.483674 0.989728 0
0.438999 0.996492 0
0.413441 0.985759 0
0.38957 0.982114 0
0.334253 0.959704 0
0.314185 0.945475 0
0.319659 0.936006 0
0 0.596815 0
0.0149339 0.626226 0
0.0122908 0.59328 0
0.0328653 0.572149 0
0.0163891 0.53142 0
0.0401765 0.515287 0
0.0470666 0.503571 0
0.0441882 0.50169 0
0.0555716 0.501438 0
0.0850021 0.490981 0
0.117878 0.456988 0
0.123691 0.469045 0
0.152685 0.450994 0
0.185757 0.442228 0
0.192798 0.426454 0
0.214055 0.424725 1
0.219303 0.422401 0
0.22592 0.403363 0
0.223959 0.391362 0
0.224469 0.396295 0
0.288243 0.307052 0
0.302629 0.309501 0
0.212834 0.369344 0
0.261953 0.284887 0
0.275215 0.277908 0
0.212617 0.231999 0
0.611869 0.23962 0
0.644111 0.227611 0
0.715803 0.193622 0
0.726925 0.191465 0
0.722977 0.204436 0
0.732364 0.195336 0
0.730165 0.215082 0
0.756093 0.215537 0
0.733773 0.247582 0
0.701667 0.291019 0
0.651646 0.338574 0
0.701817 0.324318 0
0.755236 0.265338 0
0.767864 0.251225 0
0.753108 0.276343 0
0.774523 0.259489 0
0.777107 0.276779 0
0.794377 0.245655 0
0.795674 0.253369 0
0.781731 0.2876 0
0.858194 0.305929 0
0.853623 0.311571 0
0.870174 0.308755 0
0.904442 0.300457 0
0.578834 0.484636 0
