0.145718 0.370303 0
0.201017 0.280965 0
0.186972 0.285118 0
0.188312 0.28695 0
0.18775 0.286637 0
0.1877 0.286744 0
0.187703 0.286657 0
0.187596 0.286742 0
0.187571 0.286767 0
0.187616 0.286754 0
0.187387 0.286925 0
0.187253 0.287143 0
0.187366 0.287041 0
0.187293 0.287073 0
0.187102 0.287173 0
0.187073 0.287228 0
0.186788 0.287306 0
0.186618 0.287448 0
0.186476 0.287563 0
0.186427 0.287615 0
0.18642 0.287612 1
0.18661 0.288119 0
0.186268 0.287897 0
0.185418 0.285246 0
0.185566 0.285537 0
0.185349 0.285654 0
0.184983 0.285662 0
0.184537 0.28513 0
0.184216 0.285321 0
0.183754 0.285691 0
0.183303 0.286061 0
0.182772 0.285324 0
0.182257 0.284302 0
0.181803 0.285637 0
0.180033 0.282486 0
0.181113 0.288327 0
0.182844 0.292829 0
0.182051 0.291947 0
0.183075 0.294894 0
0.177816 0.285986 0
0.179105 0.29129 0
0.180107 0.293661 0
0.177609 0.291264 0
0.175743 0.289443 0
0.177986 0.294555 0
0.176592 0.293321 0
0.173401 0.290007 0
0.17672 0.296658 0
0.176532 0.298281 0
0.176292 0.299872 0
0.175893 0.300937 0
0.174989 0.300827 0
0.174224 0.301615 0
0.173955 0.302701 0
0.172847 0.303372 0
0.171931 0.304147 0
0.170788 0.304329 0
0.170635 0.30545 0
0.171391 0.308815 0
0.169479 0.308573 0
0.167941 0.307743 0
0.166495 0.307934 0
0.166929 0.310471 0
0.166926 0.31254 0
0.165824 0.312932 0
0.165254 0.314202 0
0.164556 0.31523 0
0.164913 0.316681 0
0.163319 0.321325 0
0.163886 0.318149 0
0.163231 0.318699 1
0.161346 0.319602 0
0.160662 0.320111 0
0.158269 0.321424 0
0.153755 0.323849 0
0.15059 0.326678 0
0.147965 0.328417 0
0.14589 0.330579 0
0.14657 0.330204 0
0.1406 0.33748 0
0.141231 0.337986 0
0.135959 0.345962 0
0.134471 0.350341 0
0.137771 0.349475 0
0.131428 0.361455 0
0.1277 0.365305 0
0.128583 0.367067 0
0.1303 0.367704 0
0.133978 0.365913 0
0.128975 0.375841 0
0.129129 0.377291 0
0.12942 0.378785 0
0.129218 0.381516 0
0.127857 0.385491 0
0.134392 0.377779 0
0.155004 0.358978 0
0.118572 0.176858 0
0.135907 0.351398 0
0.126943 0.392661 0
0.129524 0.386505 0
0.118597 0.401781 0
0.12175 0.394465 0
0.115736 0.403075 0
0.108114 0.418491 0
0.105917 0.420441 0
0.105834 0.418109 0
0.104575 0.418218 0
0.103271 0.418301 0
0.102096 0.419548 0
0.10085 0.420845 0
0.0983728 0.42216 0
0.0961514 0.426618 0
0.09522 0.423645 0
0.0930459 0.423912 0
0.0913465 0.421746 0
0.0904916 0.419301 0
0.0871196 0.420149 0
0.0841278 0.421708 0
0.0922661 0.397118 0
0.0897452 0.391351 0
0.0806108 0.415076 0
0.0822155 0.410043 0
0.0812712 0.412169 0
0.082824 0.405113 0
0.0803052 0.410136 0
0.0795199 0.417217 0
0.0789421 0.422251 0
0.0787097 0.430961 0
0.0756459 0.434268 0
0.0770967 0.440114 0
0.076396 0.447531 0
0.0760342 0.458711 0
0.0775693 0.466362 0
0.079599 0.470669 0
0.0771283 0.470985 0
0.0769857 0.481783 0
0.0779132 0.480605 0
0.0774409 0.481466 0
0.0764936 0.482797 0
0.0751043 0.48425 0
0.0741236 0.483827 0
0.073358 0.483356 0
0.073562 0.48243 1
0.0707392 0.480175 0
0.0678996 0.478159 0
0.0659437 0.475054 0
0.0640553 0.473624 0
0.0629764 0.471146 0
0.0616373 0.46812 0
0.0611152 0.46586 0
0.0616143 0.463572 0
0.0627576 0.463403 0
0.059989 0.45848 0
0.0620473 0.455492 0
0.0646046 0.453278 0
0.0663154 0.454885 0
0.0610254 0.455982 0
0 0.50723 0
0.0754771 0.43185 0
0.0743288 0.432523 0
0.0361816 0.4783 0
0.0732673 0.102985 0
0.326313 0.0311676 0
0.293536 0.0284521 0
0.304719 0.0445008 0
0.3043 0.0453787 0
0.310841 0.0505973 0
0.317815 0.0622598 0
0.304018 0.0429681 0
0.170897 0.0864355 0
0.313343 0.0664704 0
0.322004 0.0942879 0
0.32267 0.0998681 0
0.312939 0.122908 0
0.315802 0.118517 0
0.312156 0.129203 0
0.310593 0.135655 0
0.311802 0.13198 0
0.310398 0.135818 0
0.310461 0.136912 0
0.309479 0.139268 1
0.317613 0.135035 0
0.321704 0.131872 0
0.326144 0.129663 0
0.33356 0.126309 0
0.339538 0.124413 0
0.343136 0.12402 0
0.351208 0.120495 0
0.355036 0.120778 0
0.363731 0.117002 0
0.362925 0.119545 0
0.3697 0.116875 0
0.370152 0.115451 0
0.403004 0.10214 0
0.399478 0.106455 0
0.403783 0.104993 0
0.406837 0.104423 0
0.411215 0.107323 0
0.411724 0.107172 0
0.414356 0.108249 0
0.421731 0.106709 0
0.429367 0.106176 0
0.43755 0.104514 0
0.442488 0.107695 0
0.447093 0.105621 0
0.449064 0.113027 0
0.463259 0.105007 0
0.46625 0.105565 0
0.475546 0.106533 0
0.480838 0.103851 0
0.485438 0.101514 1
0.489861 0.106326 0
0.498058 0.108624 0
0.498169 0.107699 0
0.500236 0.109456 0
0.503962 0.110958 0
0.508178 0.109733 0
0.510284 0.110199 0
0.51218 0.111553 0
0.517014 0.111114 0
0.520278 0.11281 0
0.52179 0.113461 0
0.527385 0.116738 0
0.529367 0.116451 0
0.53183 0.119884 0
0.536232 0.120839 0
0.539229 0.123502 0
0.543663 0.123729 0
0.546687 0.125338 0
0.551834 0.127331 0
0.564562 0.135635 0
0.75015 0.587398 0
0.840412 0.56693 0
0.834401 0.567431 0
0.835351 0.567265 0
0.835408 0.567233 0
0.835408 0.567225 0
0.835408 0.567224 0
0.835412 0.567226 0
0.835449 0.567329 0
0.835548 0.56618 0
0.835781 0.578129 0
0.542479 0.168049 0
0.580988 0.14969 0
0.587628 0.154745 0
0.590363 0.162383 0
0.532759 0.184245 0
0.798823 0.521966 0
0.833087 0.57677 0
0.833227 0.56669 0
0.833129 0.567528 0
0.83328 0.567202 0
0.832438 0.567435 0
0.832685 0.567299 0
0.832768 0.567177 0
0.832959 0.567457 0
0.833815 0.567568 0
0.834987 0.567577 0
0.835409 0.567224 1
0.837336 0.566751 0
0.839437 0.568164 0
0.841206 0.56665 0
0.842091 0.566407 0
0.842964 0.566632 0
0.842068 0.566611 0
0.841598 0.567024 0
0.841415 0.567026 0
0.843136 0.56732 0
0.848965 0.569924 0
0.850719 0.57007 0
0.849434 0.56953 0
0.853605 0.569988 0
0.853547 0.566807 0
0.855786 0.565216 0
0.854328 0.565061 0
0.857327 0.565013 0
0.858374 0.566348 0
0.858964 0.564439 0
0.860668 0.564548 0
0.861893 0.563683 0
0.862527 0.56226 0
0.864388 0.56224 0
0.861707 0.56391 0
0.860952 0.567994 0
0.881041 0.588522 0
0.973207 0 0
0.716408 0.152341 0
0.689613 0.139273 0
0.688627 0.139293 0
0.691456 0.138804 0
0.694721 0.134296 0
0.695995 0.134799 0
0.699057 0.133096 0
0.700871 0.133505 0
0.70223 0.135629 0
0.703006 0.134303 0
0.70462 0.131804 0
0.706891 0.131671 0
0.71101 0.130582 0
0.712758 0.125174 0
0.720806 0.124417 0
0.72217 0.125815 0
0.717301 0.128202 0
0.7148 0.128713 0
0.720144 0.127363 0
0.721042 0.1273 0
0.719184 0.130223 0
0.717178 0.132928 0
0.716104 0.136024 1
0.716168 0.138152 0
0.717649 0.142467 0
0.721194 0.147211 0
0.722462 0.150659 0
0.727199 0.152187 0
0.734992 0.158589 0
0.736595 0.166091 0
0.740377 0.174972 0
0.748151 0.181966 0
0.754811 0.190839 0
0.748627 0.203221 0
0.749143 0.210461 0
0.753631 0.224707 0
0.759139 0.233602 0
0.767549 0.257591 0
0.769374 0.25815 0
0.767388 0.26975 0
0.779994 0.291756 0
0.778608 0.311655 0
0.785432 0.32389 0
0.787481 0.329248 0
0.786645 0.346833 0
0.7902 0.352687 0
0.793412 0.351542 0
0.798981 0.350261 0
0.800606 0.354871 0
0.811561 0.366068 0
0.814874 0.363705 1
0.814874 0.363705 0
0.814874 0.363705 0
0.814874 0.363705 0
0.814874 0.363705 0
0.814874 0.363705 0
0.814873 0.363704 0
0.814874 0.363708 0
0.81485 0.363696 0
0.815453 0.363431 0
0.815776 0.362424 0
0.819182 0.358608 0
0.820366 0.359594 0
0.817243 0.363115 0
0.813809 0.357242 0
0.900725 0.368041 0
0.287324 0.171146 1
0.212804 0.682015 0
0.172929 0.701019 1
0.173178 0.710372 0
0.175396 0.733181 0
0.178223 0.729688 0
0.181478 0.729183 0
0.18559 0.729658 0
0.188276 0.732576 0
0.190827 0.740599 0
0.193156 0.745641 1
0.194155 0.74623 0
0.195165 0.746137 0
0.195384 0.746134 0
0.195677 0.746236 0
0.196561 0.746078 0
0.198206 0.746482 0
0.201563 0.745942 0
0.205926 0.743438 0
0.208578 0.742267 0
0.206428 0.741788 0
0.201463 0.750855 0
0.132997 0.748185 0
0.671449 0.862285 0
0.697718 0.904255 0
0.721629 0.911291 0
0.732675 0.922198 0
0.742364 0.923789 0
0.738576 0.931721 0
0.708333 0.933986 0
0.692814 0.931125 0
0.678299 0.93717 0
0.664085 0.927785 0
0.655224 0.925096 0
0.643441 0.923599 0
0.624196 0.915681 0
0.597581 0.896304 0
0.589788 0.894849 0
0.583144 0.890528 1
0.576574 0.890771 0
0.573395 0.887251 0
0.567927 0.884915 0
0.560667 0.881836 0
0.551796 0.882963 0
0.543448 0.880851 0
0.538023 0.878244 0
0.531954 0.877573 0
0.529222 0.875454 0
0.52595 0.876338 0
0.565296 0.837333 0
0.351393 1 0
0.296434 0.554847 0
0.206894 0.54705 0
0.195781 0.535255 0
0.193749 0.531186 0
0.186748 0.525034 0
0.180182 0.517288 1
0.181373 0.516463 0
0.180639 0.516347 0
0.177976 0.517811 0
0.177748 0.51774 0
0.178438 0.514463 0
0.1833 0.507393 0
0.228521 0.528598 0
0.344908 0.879822 0
0.252788 0.537112 0
0.368912 0.826741 0
0.42748 0.836462 0
0.429876 0.846427 0
0.42623 0.848012 0
0.420527 0.849639 0
0.417756 0.852247 0
0.415378 0.853313 1
0.415378 0.853313 0
0.415378 0.853313 0
0.415378 0.853313 0
0.415378 0.853313 0
0.415378 0.853313 0
0.415378 0.853313 0
0.415378 0.853313 0
0.415378 0.853313 0
0.415378 0.853313 0
0.415378 0.853313 0
0.415378 0.853313 0
0.415368 0.853317 0
0.415298 0.853271 0
0.415029 0.852994 0
0.414793 0.852575 0
0.415266 0.853304 0
0.41499 0.852991 0
0.414147 0.851711 0
0.414094 0.851274 0
0.414056 0.850658 0
0.414109 0.850437 0
0.413593 0.850437 0
0.414864 0.852343 0
0.414251 0.850305 0
0.414635 0.849844 0
0.414554 0.8499 0
0.414791 0.850426 0
0.41546 0.850963 0
0.415344 0.85137 0
0.415361 0.851254 0
0.415366 0.851401 0
0.415174 0.851914 0
0.415644 0.846864 0
0.416897 0.843511 0
0.417278 0.839175 0
0.419414 0.836117 0
0.423711 0.831766 0
0.425428 0.827216 0
0.428091 0.823521 0
0.432299 0.82068 0
0.435596 0.816454 0
0.438778 0.815075 0
0.437955 0.809087 0
0.387714 0.780361 0
0.277203 0.476881 0
0.244894 0.509933 0
0.239872 0.506878 0
0.243298 0.508341 0
0.249606 0.508938 0
0.258106 0.508721 0
0.261263 0.508588 0
0.263244 0.507516 0
0.27297 0.510322 0
0.279996 0.510106 0
0.286235 0.508907 0
0.293086 0.508612 0
0.330137 0.472489 0
0.304095 0.506408 0
0.312202 0.501599 0
0.333692 0.490716 0
0.333635 0.481027 0
0.375235 0.299285 0
0.356005 0.273738 0
0.346872 0.260634 0
0.350925 0.255549 0
0.348344 0.258096 0
0.351022 0.256912 0
0.347442 0.261347 0
0.349956 0.256386 0
0.353282 0.256705 0
0.354294 0.254753 0
0.354783 0.254133 0
0.355559 0.253969 0
0.356593 0.252251 0
0.356467 0.25241 0
0.356907 0.252057 1
0.364832 0.254688 0
0.376916 0.271098 0
0.381677 0.2678 0
0.396491 0.281379 0
0.398123 0.272869 0
0.391697 0.263953 0
0.397993 0.263258 0
0.399003 0.257264 0
0.4033 0.255767 0
0.41077 0.260559 0
0.407135 0.259828 0
0.441528 0.286047 0
0.416473 0.25525 0
0.401951 0.244466 0
0.429475 0.258243 0
0.482289 0.338249 0
0.574665 0.588468 0
0.580607 0.605633 0
0.585189 0.610235 0
0.585856 0.612291 1
0.586043 0.613203 0
0.587003 0.612523 0
0.588393 0.613211 0
0.587861 0.618135 0
0.583673 0.624139 0
0.580411 0.629701 0
0.579135 0.631413 0
0.580032 0.630489 0
0.593036 0.618981 0
0.59102 0.621099 0
0.586458 0.618554 0
0.588001 0.61377 0
0.585967 0.618071 0
0.587388 0.614751 0
0.586809 0.612959 0
0.585822 0.612322 0
0.586234 0.612459 0
0.586164 0.612403 0
0.586013 0.612338 0
0.58587 0.612281 0
0.585959 0.612262 0
0.586522 0.612787 0
0.590092 0.605362 0
0.492631 0.510545 0
