0.999749 4.82942e-05 1
1 0 0
0.999736 4.76331e-05 0
0.999067 0.000170751 0
0.998649 0.000247526 1
0.99837 0.000298885 0
0.997041 0.000545736 0
0.996669 0.000614411 0
0.995123 0.000902349 1
0.989426 0.00241745 0
0.987415 0.00268363 0
0.984601 0.0029775 0
0.982774 0.00326843 0
0.980363 0.00362681 0
0.979636 0.00376046 0
0.974767 0.0051205 0
0.973185 0.00538041 0
0.972781 0.00545923 0
0.972184 0.00556967 1
0.970941 0.00567355 0
0.97026 0.00578453 0
0.969565 0.00576157 0
0.968092 0.00604839 0
0.966392 0.0062222 0
0.960895 0.00769729 0
0.959393 0.00788328 0
0.95838 0.00794976 0
0.958258 0.00796653 0
0.956969 0.00807782 0
0.955175 0.00841787 0
0.952633 0.00879293 1
0.951936 0.00902247 0
0.94656 0.0103171 0
0.945132 0.0104915 0
0.944102 0.0105957 0
0.942726 0.0108524 0
0.942177 0.0108221 0
0.941031 0.0110551 0
0.938168 0.0115063 0
0.931785 0.0129824 0
0.930439 0.0131885 0
0.929988 0.0132019 0
0.928558 0.0134785 1
0.927181 0.0136392 0
0.924258 0.0141536 0
0.923625 0.0142449 0
0.917109 0.0156614 0
0.916255 0.0157937 0
0.915209 0.0159479 0
0.91389 0.0162278 0
0.912588 0.0163989 1
0.910329 0.0168626 0
0.908564 0.0170954 0
0.902518 0.0183279 0
0.901517 0.0185319 0
0.900378 0.0187243 0
0.899326 0.0189814 0
0.89827 0.0191787 0
0.897199 0.0193399 0
0.895637 0.0197061 0
0.89428 0.0199312 1
0.893109 0.0200614 0
0.885789 0.0214054 0
0.884825 0.0216396 0
0.883485 0.0219024 0
0.881368 0.0224255 0
0.879827 0.0226756 0
0.878729 0.0230872 0
0.875075 0.0235369 0
0.86772 0.0247383 0
0.866228 0.025112 1
0.864723 0.0254493 0
0.862805 0.0259845 0
0.860857 0.02632 0
0.858016 0.0268219 0
0.856597 0.0270896 0
0.849514 0.0281044 0
0.848065 0.0285153 0
0.847005 0.0288186 0
0.845341 0.0293317 0
0.843061 0.0297284 0
0.841491 0.0301948 0
0.839102 0.0304508 0
0.832315 0.031293 0
0.830877 0.0317448 1
0.829483 0.0321612 0
0.828005 0.0326974 0
0.826178 0.0331032 0
0.824325 0.0333398 0
0.821416 0.0339096 0
0.814637 0.0345781 0
0.813322 0.0350881 0
0.811869 0.0355551 0
0.810075 0.0362262 0
0.807981 0.0366634 0
0.804462 0.0372946 0
0.80322 0.0374272 1
0.796337 0.0379875 0
0.795415 0.0385065 0
0.793892 0.0390068 0
0.792081 0.0397409 0
0.790315 0.0400957 0
0.787025 0.0405743 0
0.785819 0.0408148 0
0.778923 0.0412392 0
0.777508 0.0419022 0
0.775969 0.04247 0
0.774273 0.0432008 0
0.772479 0.0435792 0
0.769367 0.0440025 0
0.768377 0.0442783 1
0.761323 0.0445319 0
0.759776 0.045312 0
0.75839 0.0459301 0
0.757221 0.0460739 0
0.756007 0.0467726 0
0.753998 0.0471977 0
0.750636 0.0476508 0
0.743639 0.0478434 0
0.742371 0.0489721 0
0.740462 0.0495915 0
0.739378 0.0498756 0
0.737802 0.050749 1
0.735697 0.0517469 0
0.734445 0.051983 0
0.733067 0.0520866 0
0.731024 0.0521157 0
0.72848 0.0520285 0
0.721601 0.0519792 0
0.720372 0.0531685 0
0.719288 0.0538402 1
0.718993 0.0540866 0
0.70003 0.0560342 0
0.698489 0.0573529 0
0.697454 0.0580173 0
0.695742 0.0597743 0
0.694274 0.0603265 0
0.692641 0.0612215 0
0.691769 0.0613056 1
0.690823 0.0614045 0
0.690782 0.0614986 0
0.689315 0.0613506 0
0.683888 0.0601054 0
0.682469 0.0600847 0
0.681963 0.0601569 0
0.67999 0.0598043 0
0.678875 0.0611167 0
0.67726 0.0629865 0
0.67631 0.0636829 0
0.662823 0.0641506 0
0.662247 0.064287 0
0.661129 0.064158 0
0.660764 0.0642225 1
0.658642 0.0638271 0
0.656712 0.0670548 0
0.667973 0.06671 0
0.667211 0.0667876 0
0.66648 0.0667491 0
0.665742 0.0668146 1
0.664722 0.0666148 0
0.663521 0.0665531 0
0.662193 0.0665033 0
0.658236 0.068916 0
0.652486 0.0684482 0
0.643152 0.0686742 0
0.641088 0.068345 0
0.639564 0.0682849 0
0.637205 0.0678648 0
0.630794 0.0693316 1
0.629547 0.06999 0
0.628229 0.0708833 0
0.627012 0.0716875 0
0.625174 0.0719871 0
0.624231 0.0725533 0
0.621998 0.0723817 0
0.621084 0.0726434 0
0.619163 0.0722245 1
0.616572 0.0717532 0
0.609618 0.0733469 0
0.601302 0.076192 0
0.599769 0.0761588 0
0.598221 0.0760896 0
0.596066 0.0756167 0
0.589902 0.0767686 0
0.588591 0.0780528 0
0.587527 0.0787483 0
0.586565 0.0792543 0
0.585606 0.0796029 0
0.584595 0.079825 0
0.583976 0.0800804 0
0.582403 0.0800467 0
0.581494 0.080066 0
0.579892 0.0802984 0
0.5785 0.0803333 0
0.576963 0.0800183 1
0.575422 0.0795417 0
0.569154 0.0806773 0
0.548784 0.0845118 0
0.545996 0.0885032 0
0.544609 0.0897534 0
0.543813 0.0905032 0
0.542537 0.091121 0
0.541125 0.0915212 1
0.539726 0.0920858 0
0.539141 0.0921702 0
0.53847 0.0921433 0
0.537766 0.0926387 0
0.536964 0.0926918 0
0.5351 0.0912783 0
0.532994 0.0905532 0
0.531979 0.0907306 0
0.529834 0.0880735 0
0.527093 0.091813 0
0.525781 0.093156 0
0.524623 0.0947723 1
0.523557 0.0960632 0
0.520941 0.0935064 0
0.518687 0.0927899 0
0.517581 0.0931738 0
0.514973 0.0908591 0
0.511996 0.0947368 0
0.509702 0.0979024 0
0.50665 0.0956003 0
0.504024 0.0955132 0
0.503198 0.0960128 0
0.502051 0.0961479 0
0.499464 0.0937542 1
0.496417 0.0976081 0
0.494849 0.0997469 0
0.493048 0.100864 0
0.491194 0.0985918 0
0.48872 0.0983269 0
0.487345 0.0991673 0
0.484587 0.096463 0
0.481494 0.100402 0
0.47959 0.103147 0
0.478402 0.104139 0
0.47598 0.100824 0
0.47517 0.101618 1
0.472837 0.101273 0
0.472144 0.101417 0
0.471257 0.102239 0
0.470443 0.102413 0
0.467704 0.0996198 0
0.464366 0.103702 0
0.460909 0.10675 0
0.456913 0.104192 0
0.453435 0.104875 0
0.449119 0.103089 0
0.443472 0.109339 0
0.440478 0.108127 0
0.437544 0.104375 0
0.435527 0.104227 1
0.432566 0.101966 0
0.426368 0.104374 0
0.422912 0.10107 0
0.419628 0.0968023 0
0.417456 0.0967765 0
0.413954 0.0934545 0
0.408572 0.0983966 0
0.405995 0.0959125 0
0.402845 0.0932204 0
0.399806 0.0895686 0
0.397276 0.0897173 0
0.394795 0.089733 1
0.392154 0.0871441 0
0.385307 0.0910483 0
0.382045 0.0889182 0
0.37878 0.0859072 0
0.376342 0.0865311 0
0.373931 0.0871359 0
0.370972 0.0853252 0
0.363778 0.0903257 0
0.360488 0.0888898 0
0.356953 0.0866231 1
0.353661 0.0891603 0
0.350504 0.0875996 0
0.343231 0.0936418 0
0.340353 0.0943052 0
0.337338 0.0933978 0
0.333574 0.0940047 0
0.332483 0.0965332 0
0.329387 0.0939601 1
0.322906 0.102997 0
0.321744 0.103046 0
0.317875 0.106262 0
0.315184 0.110232 0
0.313072 0.11074 0
0.31468 0.121735 0
0.3102 0.13446 0
0.309911 0.140084 0
0.30772 0.146875 0
0.307311 0.15101 0
0.305654 0.157883 0
0.304834 0.161838 0
0.30656 0.170528 0
0.306535 0.17423 0
0.302422 0.185556 0
0.302009 0.19096 1
0.300309 0.194858 0
0.299598 0.198822 0
0.298996 0.200982 0
0.2984 0.204735 0
0.297901 0.207375 0
0.2997 0.215549 0
0.299713 0.219732 0
0.295503 0.231639 0
0.294788 0.237249 0
0.292972 0.242703 1
0.292209 0.247381 0
0.293565 0.247926 0
0.296163 0.247135 0
0.298531 0.246684 1
0.307069 0.248319 0
0.311843 0.248806 0
0.315827 0.24903 0
0.31981 0.249068 1
0.322646 0.248619 0
0.326954 0.258322 0
0.332008 0.250953 0
0.335394 0.25205 0
0.336478 0.25155 0
0.338119 0.252058 0
0.339752 0.251714 0
0.34346 0.251753 1
0.344435 0.251985 0
0.347404 0.25147 0
0.351936 0.25923 0
0.356607 0.254286 0
0.358965 0.254361 0
0.359635 0.254985 0
0.360973 0.254657 0
0.363839 0.255755 0
0.365742 0.254641 0
0.368245 0.254176 0
0.372822 0.262244 0
0.377734 0.257456 0
0.379538 0.257378 0
0.380962 0.257605 1
0.383129 0.257843 0
0.384841 0.257379 0
0.385977 0.25764 0
0.388634 0.257098 0
0.396546 0.259283 0
0.39869 0.260382 0
0.400488 0.260636 0
0.403014 0.260911 0
0.40497 0.260503 0
0.407909 0.260083 1
0.41574 0.262556 0
0.416788 0.262823 0
0.418763 0.26389 0
0.419953 0.263995 0
0.42146 0.264719 0
0.422883 0.26435 0
0.424662 0.263909 0
0.427397 0.262933 1
0.43073 0.252821 0
0.430798 0.249061 0
0.4295 0.240941 0
0.42968 0.236947 0
0.429705 0.232262 0
0.429106 0.225307 1
0.428808 0.216497 0
0.431905 0.205314 0
0.431958 0.201964 0
0.430728 0.193537 1
0.430903 0.189397 0
0.430922 0.184895 0
0.430347 0.17813 0
0.430082 0.168711 0
0.433062 0.158059 0
0.433086 0.155938 0
0.431908 0.14681 0
0.432096 0.141682 0
0.432102 0.13767 0
0.43155 0.131226 1
0.431291 0.122245 0
0.434148 0.111329 0
0.434169 0.105724 0
0.431375 0.102589 0
0.430617 0.100428 0
0.42633 0.10486 0
0.423655 0.10324 0
0.420874 0.0997232 0
0.418941 0.0980515 0
0.417409 0.0965918 0
0.4158 0.0951652 0
0.413733 0.0929498 0
0.408972 0.0969718 0
0.406091 0.0952734 0
0.403234 0.0916434 0
0.401103 0.0904698 1
0.399295 0.088478 0
0.397682 0.087323 0
0.395285 0.0852733 0
0.390775 0.0888096 0
0.387799 0.0875493 0
0.384972 0.0842304 0
0.382893 0.0833129 0
0.381037 0.0824057 0
0.379415 0.0811733 0
0.376871 0.0798308 0
0.372291 0.0842492 0
0.369085 0.0833481 0
0.366237 0.0808119 0
0.364187 0.0800301 0
0.362412 0.0796742 0
0.360777 0.0789783 0
0.357884 0.077914 0
0.353119 0.083137 1
0.350089 0.082743 0
0.347296 0.0805264 0
0.345005 0.0803785 0
0.343225 0.0807251 0
0.341474 0.0801536 0
0.339176 0.0797822 0
0.334661 0.0849959 0
0.331805 0.085494 0
0.329216 0.0836139 0
0.327054 0.0832626 0
0.325591 0.0829952 0
0.32451 0.0836749 0
0.323095 0.0833933 0
0.321245 0.0833024 0
0.316515 0.0898973 0
0.313737 0.0903418 0
0.31137 0.0893119 0
0.309307 0.0892624 0
0.308047 0.089283 0
0.306273 0.0899819 0
0.304604 0.0900981 0
0.299682 0.0975913 0
0.29688 0.0986276 0
0.294436 0.0943092 1
0.292367 0.0926685 0
0.291167 0.0915269 0
0.289398 0.0905197 0
0.287814 0.0888044 0
0.282791 0.0941046 0
0.280018 0.093758 0
0.277668 0.08942 0
0.275873 0.0877999 0
0.274723 0.0867004 0
0.273078 0.0855251 0
0.271636 0.0839742 0
0.267145 0.0895437 0
0.26624 0.0892254 0
0.263847 0.089092 0
0.26164 0.0847785 0
0.259661 0.0827572 0
0.258581 0.0817822 0
0.257317 0.0806107 0
0.256117 0.0792693 0
0.251601 0.0841427 0
0.249272 0.0838983 0
0.247138 0.0795504 0
0.246016 0.0787006 0
0.244623 0.0780861 0
0.243257 0.0762579 0
0.242241 0.0751226 1
0.237471 0.08016 0
0.235619 0.0812505 0
0.234454 0.0796115 0
0.23244 0.0751697 0
0.230791 0.0736853 0
0.230517 0.073881 0
0.229416 0.0719114 0
0.228213 0.070874 0
0.223115 0.0759126 0
0.22075 0.0756354 0
0.219049 0.0710982 0
0.217283 0.0689992 1
0.215734 0.0675875 0
0.214287 0.0666521 0
0.20944 0.0719464 0
0.207526 0.0729797 0
0.206262 0.0714765 0
0.20506 0.0669257 0
0.203877 0.0649432 0
0.203049 0.063879 0
0.202244 0.0634684 0
0.201357 0.0629037 0
0.200367 0.0624318 0
0.195748 0.0663 0
0.193663 0.0660014 0
0.192445 0.0617975 0
0.191364 0.0605906 0
0.190548 0.0597684 1
0.189263 0.0591084 0
0.18843 0.0588133 0
0.183397 0.0627244 0
0.181761 0.0616804 0
0.18055 0.0577949 0
0.17898 0.0568415 0
0.178177 0.0559183 0
0.177266 0.0554326 0
0.176591 0.0553953 0
0.172668 0.0587688 1
0.171725 0.0592693 0
0.170632 0.0584311 0
0.169617 0.0545161 0
0.168384 0.0537603 0
0.167801 0.0534584 0
0.167088 0.0525823 0
0.166114 0.0520882 0
0.161953 0.0555873 0
0.160539 0.0551324 0
0.159027 0.0513737 0
0.158037 0.0504934 0
0.157537 0.0503103 0
0.156948 0.0495376 0
0.155885 0.0490004 0
0.151868 0.052462 0
0.150439 0.0521784 0
0.149746 0.0490171 0
0.148755 0.0482929 1
0.147906 0.0473837 0
0.147082 0.0465519 0
0.146374 0.046273 0
0.146105 0.0460421 0
0.142421 0.0496575 0
0.140878 0.0490314 0
0.13963 0.0456492 0
0.139241 0.0452381 0
0.138376 0.0444655 0
0.137359 0.0436066 0
0.136684 0.0432592 0
0.136253 0.0430639 0
0.131787 0.0456863 0
0.130716 0.0423029 0
0.129603 0.0422251 0
0.128135 0.0408595 0
0.127215 0.0404309 0
0.126444 0.0401107 0
0.122655 0.0424712 0
0.121661 0.0427745 0
0.120896 0.0396336 0
0.119843 0.0393038 0
0.119453 0.03818 0
0.118892 0.0381185 0
0.118308 0.0378406 0
0.117455 0.0374629 0
0.113332 0.0397444 0
0.111974 0.0399629 0
0.111333 0.0367542 0
0.110506 0.0365111 0
0.109323 0.0353091 0
0.108841 0.0349664 0
0.105795 0.0364726 0
0.104624 0.0373586 0
0.103891 0.0375322 0
0.103255 0.0371364 0
0.102796 0.0342148 0
0.102226 0.034055 0
0.101872 0.033931 0
0.101112 0.0329463 0
0.100767 0.0325708 0
0.0978545 0.0343977 1
0.0964452 0.0351443 0
0.0961548 0.0327268 0
0.0960711 0.0324123 0
0.0960013 0.0347992 0
0.0957278 0.0320981 0
0.0952046 0.0319653 0
0.0943305 0.030912 0
0.0938077 0.0306236 0
0.0916985 0.032573 0
0.0904868 0.0324273 0
0.0901731 0.0325469 0
0.0899907 0.0306491 0
0.0891352 0.030265 0
0.0887394 0.0301325 0
0.0876779 0.0289393 0
0.085552 0.0309394 0
0.0853189 0.0307998 0
0.0846568 0.0310646 0
0.0853861 0.0307045 0
0.0843521 0.0308451 0
0.0826073 0.0293296 0
0.0814516 0.029165 0
0.080292 0.0294455 0
0.0799978 0.0292503 0
0.0795518 0.028984 0
0.0787149 0.0293457 0
0.0783225 0.0290878 0
0.0766955 0.0277267 0
0.0756089 0.027434 0
0.0753866 0.0275572 0
0.0749762 0.0275008 0
0.0741851 0.0276459 0
0.0741699 0.0276383 0
0.072725 0.0276141 0
0.0722193 0.0273069 0
0.0707531 0.0259625 0
0.0693426 0.0255864 0
0.0690646 0.0254971 0
0.0681996 0.0258887 0
0.0678964 0.0257883 0
0.0668731 0.0258869 0
0.0664207 0.0256147 0
0.0660097 0.0255233 0
0.0649995 0.0242555 0
0.0637082 0.0239152 0
0.0631821 0.023777 0
0.062003 0.0240524 0
0.0608891 0.0241218 0
0.0604101 0.0238593 0
0.0591856 0.0225315 0
0.0581792 0.0222957 0
0.0581057 0.0222578 0
0.0574858 0.0220932 0
0.056427 0.0224102 0
0.0549419 0.0224105 0
0.0535935 0.0210429 0
0.054521 0.0222605 0
0.0546785 0.0221877 0
0.0527824 0.0206854 0
0.0519899 0.0204819 0
0.0519827 0.0204653 0
0.0513015 0.0209011 1
0.0503387 0.0210178 0
0.0501843 0.0209652 0
0.0499203 0.0208747 0
0.0496729 0.0207319 0
0.0477938 0.0201616 0
0.0475464 0.0193671 0
0.0469226 0.0190184 0
0.0467632 0.0190657 0
0.0463475 0.0194447 0
0.0452577 0.0195277 0
0.0446536 0.0193779 0
0.0442522 0.0192482 0
0.0441381 0.0191234 0
0.0425926 0.0186343 0
0.0425436 0.0178932 0
0.0415553 0.0180328 0
0.0411904 0.0179301 0
0.0388206 0.0176233 0
0.0383303 0.0174278 0
0.0384368 0.0175388 0
0.0374883 0.0167199 0
0.0373641 0.0168994 0
0.0371873 0.0164811 0
0.0359999 0.016509 0
0.0334696 0.0161641 0
0.0330813 0.0160267 0
0.0316783 0.0149659 0
0.0311012 0.0151628 0
0.0312512 0.0151891 0
0.0292854 0.0145123 0
0.0319231 0.0151565 0
0.0308972 0.0151003 0
0.0319461 0.0153429 0
0.0324613 0.0158758 0
0.0319313 0.0153151 0
0.031007 0.0150739 0
0.0308306 0.0149743 0
0.0286527 0.0147282 0
0.0285685 0.0147033 0
0.0283882 0.0146363 0
0.0281855 0.0145743 0
0.0273041 0.0143231 0
0.027672 0.0143955 0
0.0280746 0.0145021 0
0.0288017 0.0147141 0
0.0296489 0.0149525 0
0.0305165 0.0151958 0
0.0320599 0.0156164 0
0.0300076 0.0150532 0
0.0290488 0.0147732 0
0.0286681 0.0146691 0
0.0282289 0.0145242 0
0.0277279 0.0143696 0
0.0272846 0.0142384 0
0.0251487 0.0136362 0
0.0250463 0.0136038 0
0.0240789 0.0133253 0
0.0236523 0.0132207 0
0.0236673 0.0132185 0
0.0238657 0.0132708 0
0.0232542 0.0131011 0
0.0224043 0.0128382 0
0.0220506 0.0127307 0
0.0214048 0.0125434 0
0.0186742 0.0117586 0
0.017395 0.0113902 1
0.0165625 0.0111569 0
0.0160381 0.0110107 0
0.0157785 0.0109374 0
0.015207 0.0107745 0
0.015136 0.0107525 0
0.0129784 0.0101183 0
0.0120964 0.00987753 0
0.0119652 0.00983482 0
0.0117671 0.00977446 0
0.0109756 0.00955306 0
0.0117913 0.00978024 0
0.00921485 0.00904301 0
0.007596 0.00856938 0
0.00715816 0.00845447 0
0.00729539 0.00849165 0
0.00700001 0.00840771 0
0.00628063 0.00820385 0
0.00604291 0.0081364 0
0.00606569 0.00814208 0
0.00394191 0.0075298 0
0.00384551 0.00749874 0
0.00617447 0.00816939 0
0.00392687 0.00752503 0
0.00620989 0.00818084 0
0.0029067 0.00723391 0
0.00182258 0.0069217 0
0.00157144 0.00684982 0
0.00156919 0.00685076 0
0.00144647 0.00681335 0
0.00124583 0.00675604 0
0.000980592 0.00668006 0
0.00081754 0.00663367 0
0 0.00640118 0
0.000294643 0.00648569 0
