1 0 1
0.999589 0.000152712 0
0.999044 0.000357619 0
0.998096 0.000712726 0
0.997489 0.000940666 0
0.997067 0.00110069 0
0.994975 0.00203391 0
0.994937 0.00202422 0
0.995225 0.00189676 0
0.995207 0.00187562 0
0.994503 0.00214397 1
0.987559 0.0050288 0
0.986218 0.00552229 0
0.984432 0.00617116 0
0.982787 0.00648982 0
0.98031 0.00760375 0
0.972719 0.01057 0
0.972314 0.0107306 0
0.971714 0.0109629 0
0.970813 0.0112998 0
0.96887 0.0119011 0
0.968224 0.0121436 0
0.968234 0.0121417 0
0.96948 0.011682 0
0.968621 0.0140012 0
0.964154 0.0153203 0
0.963595 0.0155257 1
0.957524 0.0162633 0
0.954471 0.0173376 0
0.952235 0.0201827 0
0.951568 0.0205267 0
0.949957 0.0207156 0
0.949326 0.0209574 0
0.943377 0.0215972 0
0.94274 0.0218338 0
0.940187 0.0227563 0
0.939744 0.0229328 0
0.939054 0.0232803 0
0.938417 0.0235088 0
0.937667 0.0257068 0
0.935753 0.0261375 1
0.92873 0.0271194 0
0.925989 0.0281327 0
0.925085 0.0286228 0
0.923501 0.0306563 0
0.923989 0.0317367 0
0.926039 0.0288791 0
0.924074 0.0293993 0
0.925554 0.0292213 1
0.925239 0.0293173 0
0.924381 0.0297072 0
0.924542 0.0297048 0
0.924349 0.0297835 0
0.923818 0.0299794 0
0.923741 0.0320203 0
0.918171 0.0296102 0
0.916979 0.0299983 0
0.914445 0.0325408 0
0.912342 0.033345 0
0.91199 0.036496 0
0.911275 0.0366622 0
0.909991 0.0356019 0
0.904423 0.0343724 0
0.903811 0.0346007 0
0.902743 0.0370196 0
0.90083 0.0377775 0
0.89964 0.0410754 1
0.898736 0.0414012 0
0.896635 0.0404908 0
0.891067 0.0394095 0
0.89074 0.0395907 0
0.890468 0.0423425 0
0.890375 0.0423845 0
0.887874 0.0427827 0
0.886452 0.0464796 0
0.88374 0.0454521 0
0.879329 0.0437992 0
0.878062 0.0444651 0
0.876928 0.0475002 0
0.874985 0.0477426 0
0.873809 0.05127 0
0.872497 0.0515133 0
0.870449 0.0504462 0
0.865544 0.049034 0
0.86459 0.049712 0
0.863731 0.0525708 0
0.861881 0.0528128 0
0.861274 0.0531063 0
0.860462 0.0567805 1
0.859423 0.0571907 0
0.85697 0.0564584 0
0.851279 0.0546056 0
0.850294 0.0551534 0
0.849334 0.0581081 0
0.847539 0.0583705 0
0.846636 0.0587847 0
0.845487 0.0626241 0
0.842481 0.061282 0
0.836297 0.0604686 0
0.835093 0.0610302 0
0.834599 0.0640631 0
0.833535 0.0646377 0
0.831815 0.0644748 0
0.830134 0.0686552 0
0.828796 0.0693106 0
0.820991 0.066456 0
0.819766 0.0670272 1
0.818694 0.070192 0
0.817031 0.0706896 0
0.815214 0.0707959 0
0.81438 0.0722289 0
0.812859 0.075302 0
0.805271 0.0726058 0
0.804306 0.0730454 0
0.80297 0.0736079 0
0.801665 0.0767635 0
0.799817 0.0773827 0
0.79764 0.0776403 0
0.794813 0.0821101 1
0.788388 0.0791408 0
0.787021 0.0798518 0
0.78556 0.0835882 0
0.784412 0.0840896 0
0.78383 0.0850076 0
0.783283 0.0865075 0
0.78081 0.0887713 0
0.777587 0.0899522 0
0.771803 0.0854125 0
0.771009 0.0859467 1
0.770381 0.0869383 0
0.76803 0.0903522 0
0.765906 0.092112 0
0.762684 0.0954943 0
0.759185 0.0968279 0
0.753329 0.0923336 0
0.752094 0.0933592 0
0.750447 0.0976364 0
0.748993 0.0977003 0
0.746016 0.102054 0
0.744061 0.102772 0
0.740416 0.103955 0
0.734596 0.0995305 0
0.733581 0.100478 0
0.732177 0.102716 0
0.73135 0.10527 0
0.729401 0.10878 0
0.72817 0.110441 1
0.726659 0.111159 0
0.722194 0.110596 0
0.720904 0.111386 0
0.714895 0.107153 0
0.713573 0.108014 0
0.712013 0.110392 0
0.710347 0.113508 0
0.707012 0.119144 0
0.704571 0.119622 0
0.698812 0.119167 1
0.697316 0.120164 0
0.691211 0.116333 0
0.688809 0.119221 0
0.687525 0.12159 0
0.685952 0.122877 0
0.682357 0.128868 1
0.680699 0.131047 0
0.673489 0.129033 0
0.672036 0.129945 0
0.665998 0.126314 0
0.663558 0.129276 0
0.661666 0.131722 0
0.659393 0.132999 0
0.655222 0.139538 1
0.653027 0.141729 0
0.645675 0.139891 0
0.64366 0.140933 0
0.637013 0.137656 0
0.634103 0.142371 0
0.631316 0.143783 0
0.626696 0.150758 0
0.618302 0.150555 1
0.617659 0.152289 0
0.609831 0.147401 0
0.607202 0.151559 0
0.613603 0.16136 0
0.6163 0.16743 0
0.616134 0.179161 0
0.616019 0.184783 0
0.61701 0.189054 0
0.617302 0.194547 0
0.617032 0.200391 0
0.617253 0.203332 0
0.624075 0.214008 1
0.626403 0.219398 0
0.625455 0.230037 0
0.625508 0.23558 0
0.626074 0.23882 0
0.626005 0.243672 0
0.625556 0.24834 0
0.626159 0.252039 0
0.632365 0.26271 0
0.634332 0.26777 0
0.633594 0.279126 0
0.633739 0.285555 0
0.633851 0.29022 1
0.634059 0.294444 0
0.634463 0.29822 0
0.640865 0.308885 0
0.642446 0.313279 0
0.64138 0.324561 0
0.642407 0.328422 0
0.642048 0.337467 0
0.642763 0.341078 1
0.643058 0.34557 0
0.64342 0.349171 0
0.649191 0.361137 0
0.646127 0.359751 1
0.63573 0.360187 0
0.631952 0.364583 0
0.628911 0.366597 0
0.623978 0.366235 1
0.621283 0.366605 0
0.619124 0.36715 0
0.620644 0.352257 0
0.614943 0.340292 1
0.61442 0.336558 0
0.613704 0.331929 0
0.611475 0.324148 0
0.611511 0.319227 0
0.610865 0.314953 0
0.61311 0.301135 0
0.607231 0.288516 0
0.606841 0.284674 0
0.606183 0.280062 0
0.603522 0.270342 0
0.603641 0.265751 0
0.603081 0.262476 1
0.605395 0.249933 0
0.599648 0.238181 0
0.599323 0.234977 0
0.598807 0.231291 0
0.596349 0.224598 0
0.595918 0.219856 0
0.59594 0.214827 0
0.597922 0.201187 0
0.592352 0.191049 0
0.591876 0.187143 1
0.591237 0.182843 0
0.588816 0.176084 0
0.588461 0.172133 0
0.588297 0.166456 0
0.59009 0.153975 0
0.582455 0.150558 0
0.579765 0.154625 0
0.576275 0.157442 1
0.572501 0.154991 0
0.570304 0.154574 0
0.568043 0.154022 0
0.565495 0.152019 0
0.557529 0.148022 0
0.554486 0.151012 0
0.550926 0.15339 0
0.546922 0.151141 0
0.545017 0.150693 0
0.543442 0.150116 1
0.541456 0.148892 0
0.535821 0.147433 0
0.532561 0.144275 0
0.529976 0.14751 0
0.526928 0.15021 0
0.523872 0.147928 0
0.522854 0.14755 0
0.521601 0.147077 0
0.520276 0.146736 0
0.518835 0.146209 0
0.512746 0.143804 0
0.511445 0.143517 1
0.508043 0.140563 0
0.50431 0.14377 0
0.497661 0.14398 0
0.493987 0.142643 0
0.486474 0.139408 0
0.482364 0.13666 0
0.474544 0.140679 0
0.471689 0.140047 1
0.470044 0.140422 0
0.469124 0.140202 0
0.467556 0.139104 0
0.46126 0.136027 0
0.460108 0.135161 0
0.458426 0.133835 0
0.457066 0.132797 0
0.451306 0.137178 0
0.449714 0.136911 0
0.446229 0.13618 0
0.442483 0.136116 0
0.437381 0.130805 1
0.435372 0.129944 0
0.433635 0.129301 0
0.42792 0.133645 0
0.42634 0.133473 0
0.422719 0.132592 0
0.418603 0.132207 0
0.413683 0.126921 0
0.4116 0.126161 1
0.410189 0.125708 0
0.404444 0.130072 0
0.402775 0.129865 0
0.39904 0.128969 0
0.395445 0.128594 0
0.39139 0.123786 0
0.390255 0.123329 0
0.389411 0.122627 0
0.38809 0.122313 0
0.382374 0.126704 0
0.381199 0.126672 0
0.379264 0.127123 1
0.378032 0.125753 0
0.375809 0.125026 0
0.372698 0.120338 0
0.371613 0.120179 0
0.370444 0.119648 0
0.369529 0.119457 0
0.364767 0.122712 0
0.362891 0.123399 0
0.361108 0.123637 0
0.35906 0.122959 0
0.356721 0.121845 0
0.352887 0.117255 0
0.350682 0.11658 0
0.344703 0.11964 1
0.340144 0.119823 0
0.337144 0.118716 0
0.333329 0.114251 0
0.332063 0.113943 0
0.330998 0.113546 0
0.326092 0.11675 1
0.325165 0.116645 0
0.322587 0.117561 0
0.321144 0.117011 0
0.320199 0.116763 0
0.318181 0.115726 0
0.316088 0.112721 0
0.314259 0.111219 0
0.313257 0.110812 0
0.308401 0.113956 0
0.30644 0.11425 0
0.304693 0.113866 0
0.303041 0.1127 1
0.30098 0.11008 0
0.299661 0.109443 0
0.298272 0.108607 0
0.297357 0.108359 0
0.292564 0.111533 0
0.289001 0.111459 0
0.287371 0.110268 0
0.285516 0.107751 0
0.283702 0.106916 0
0.281883 0.106076 0
0.276493 0.109085 0
0.273932 0.109241 0
0.272923 0.108992 0
0.271131 0.107713 0
0.269253 0.105193 0
0.267688 0.104409 0
0.265991 0.103632 0
0.260919 0.106598 0
0.26001 0.106558 0
0.257888 0.106772 1
0.25702 0.106552 0
0.255506 0.105254 0
0.253818 0.102764 0
0.252379 0.102013 0
0.25072 0.101283 0
0.245461 0.10431 0
0.243215 0.104217 0
0.241817 0.104229 0
0.240276 0.102861 0
0.238699 0.100387 0
0.237296 0.0996519 0
0.235605 0.0989582 0
0.230587 0.101871 0
0.228413 0.101841 0
0.22702 0.101896 0
0.225764 0.100664 0
0.224792 0.0990353 0
0.223723 0.0980396 0
0.22318 0.0974459 0
0.222894 0.0973073 1
0.222459 0.0969369 0
0.218551 0.0994102 0
0.216392 0.0995633 0
0.214822 0.0993522 0
0.213244 0.0977331 0
0.211832 0.0956891 0
0.211094 0.0954332 0
0.209952 0.095016 0
0.205872 0.0974704 0
0.203771 0.0976304 0
0.201914 0.09738 0
0.199537 0.0938159 0
0.198859 0.0936845 0
0.197882 0.0934281 0
0.197314 0.093095 0
0.193262 0.0955421 0
0.19165 0.0955158 0
0.189856 0.0950948 0
0.187784 0.0917618 0
0.186718 0.0915577 0
0.185869 0.0913918 0
0.184843 0.0911842 0
0.180652 0.0936163 0
0.178614 0.0935232 0
0.17684 0.0931073 0
0.174445 0.0899555 0
0.173464 0.0896661 0
0.17303 0.0897406 0
0.172611 0.0897708 0
0.168706 0.0922296 0
0.16753 0.0928721 0
0.166887 0.0929413 0
0.165763 0.0928108 0
0.165494 0.0927968 0
0.164387 0.0908258 0
0.163839 0.0903961 1
0.160407 0.0921368 0
0.159466 0.0926911 0
0.15907 0.0925953 0
0.158459 0.0929681 0
0.158546 0.0928765 0
0.1587 0.0927118 0
0.158773 0.0922113 0
0.159754 0.0914281 0
0.163079 0.089103 0
0.163001 0.0889252 0
0.159655 0.0913342 0
0.159564 0.0911954 0
0.162724 0.0882943 0
0.162446 0.088098 0
0.159337 0.0882082 0
0.162995 0.0882128 0
0.159083 0.0879568 0
0.15754 0.0877507 0
0.156327 0.0875836 0
0.155153 0.0871277 0
0.154598 0.0869686 0
0.154123 0.0868698 0
0.150206 0.0865778 0
0.14888 0.0864026 0
0.148229 0.0863452 0
0.147964 0.0862723 0
0.147207 0.0859053 0
0.14678 0.0858422 0
0.145876 0.0856536 0
0.145395 0.0856189 0
0.145298 0.0855694 0
0.141842 0.08528 0
0.140329 0.0850727 0
0.139201 0.0846849 0
0.138444 0.0845968 0
0.137218 0.0843408 0
0.136655 0.0842614 0
0.13346 0.0839876 0
0.132339 0.0838511 0
0.131573 0.0836916 0
0.130987 0.0834348 0
0.130388 0.0833696 0
0.129155 0.0832627 0
0.128567 0.0830275 0
0.128015 0.0829505 0
0.125167 0.082701 1
0.124506 0.0826413 0
0.12408 0.0825772 0
0.123215 0.0823963 0
0.123149 0.0823854 0
0.123406 0.0823536 0
0.123381 0.0822788 0
0.121495 0.0819557 0
0.117868 0.0816399 0
0.117486 0.0815179 0
0.117375 0.0813759 0
0.11709 0.0813497 0
0.116893 0.0813348 0
0.116823 0.0813131 0
0.116635 0.0812554 0
0.115399 0.0810342 0
0.114897 0.0809695 0
0.11217 0.0806905 0
0.111472 0.080542 0
0.11058 0.0803369 0
0.109948 0.0802481 0
0.10869 0.0800256 0
0.105592 0.0796997 0
0.104946 0.079639 0
0.104754 0.0795198 0
0.104293 0.0794314 0
0.104017 0.0793409 0
0.103487 0.0792914 0
0.10342 0.0792707 0
0.102417 0.0791523 0
0.102093 0.0790295 0
0.0993922 0.0787376 0
0.0989655 0.0786802 0
0.0984252 0.0785445 0
0.0981752 0.0784909 0
0.097881 0.0784109 0
0.0971028 0.0783264 0
0.0960151 0.0782073 0
0.0958453 0.0781776 0
0.0956809 0.0780629 0
0.0923499 0.0775931 0
0.0917169 0.0775001 0
0.0913054 0.0774158 1
0.0897159 0.0772328 0
0.0893637 0.0771929 0
0.0890396 0.0770751 0
0.0886789 0.0770158 0
0.0856653 0.0765776 0
0.0850557 0.076494 0
0.0845274 0.076412 0
0.0847159 0.0764296 0
0.08455 0.0763948 0
0.0822547 0.0760544 0
0.0820677 0.0760198 0
0.0794902 0.0756751 0
0.0788676 0.0755469 0
0.0778348 0.0754275 0
0.0779991 0.0754156 0
0.0775812 0.0753638 0
0.0773606 0.0753104 0
0.0753807 0.0750536 0
0.0749197 0.0749449 0
0.0743816 0.074872 0
0.0718906 0.0745208 0
0.0712847 0.0744297 0
0.0704602 0.074268 0
0.0698113 0.0741739 0
0.0691383 0.0740719 0
0.0667359 0.0737501 0
0.0657184 0.0735616 0
0.0623209 0.0730646 0
0.0614854 0.0729416 0
0.0609033 0.0728291 0
0.0604263 0.0727489 0
0.0597949 0.0726639 0
0.059176 0.0725764 0
0.0565647 0.0722173 0
0.0554505 0.0720195 0
0.0520372 0.0715003 0
0.0508491 0.0713085 0
0.050078 0.0711876 1
0.0490722 0.0710597 0
0.0462471 0.0706603 0
0.0453347 0.0705052 0
0.0418107 0.0699518 0
0.0411096 0.0698507 0
0.0392898 0.0696012 0
0.0403589 0.0697249 0
0.0394632 0.069591 0
0.0389826 0.0695462 0
0.0359095 0.0690983 0
0.0352219 0.0689891 0
0.0323325 0.068526 0
0.0320772 0.0684742 0
0.0316049 0.068408 0
0.0311319 0.0683353 0
0.0302972 0.0682124 0
0.0271559 0.0677763 0
0.0261913 0.0676244 0
0.0258524 0.0675976 0
0.0253888 0.0675193 0
0.0226894 0.0670551 0
0.022013 0.0669641 1
0.0211796 0.0668405 0
0.0204208 0.0667315 0
0.0172355 0.0662788 0
0.0162822 0.0661574 0
0.0155509 0.0660578 0
0.0150558 0.0659796 0
0.012213 0.0654775 0
0.0111287 0.0653298 0
0.010042 0.0651698 0
0.00914839 0.0650453 0
0.00519344 0.0644719 0
0.00430704 0.0643583 0
0.00383869 0.0643046 0
0.00291891 0.0641697 0
0.00176039 0.0639891 0
0.000852699 0.0638581 0
0.000361506 0.0637862 0
0.000305287 0.0637776 0
0.000253786 0.0637714 0
0 0.0637353 1
