0.918477 0.43798 0
0.922095 0.456767 0
0.920717 0.472132 1
0.924092 0.472312 0
0.924687 0.475463 0
0.931419 0.478308 0
0.933621 0.479736 0
0.932517 0.485672 0
0.938486 0.491782 0
0.959808 0.498896 0
0.966505 0.512267 0
0.868033 0.537127 0
0.864344 0.574539 0
0.848339 0.606406 0
0.852118 0.613771 0
0.849942 0.631245 0
0.850221 0.656488 0
0.842606 0.684979 0
0.81999 0.700751 0
0.805959 0.726036 0
0.809792 0.744118 0
0.811265 0.786391 0
0.800645 0.82302 0
0.748557 0.853512 0
0.71876 0.847318 0
0.697723 0.849602 0
0.678862 0.846842 0
0.644274 0.858125 0
0.619711 0.870435 0
0.59382 0.883834 0
0.567363 0.897084 0
0.544284 0.943117 0
0.515192 0.969616 0
0.492218 0.980793 0
0.463945 0.990923 0
0.446937 1 0
0.432869 0.99276 0
0.411675 0.991085 0
0.402334 0.980646 0
0.382725 0.995815 0
0.366276 0.984206 0
0.340542 0.976217 0
0.337079 0.947756 0
0.329834 0.918891 0
0.303476 0.917926 0
0.269144 0.893053 0
0.263551 0.77558 0
0.271225 0.768394 0
0.271366 0.768528 1
0.263176 0.764283 0
0.250124 0.761936 0
0.233379 0.755115 0
0.221378 0.74543 0
0.217864 0.727203 0
0.208089 0.724018 0
0.194576 0.714786 0
0.192654 0.697339 0
0.165563 0.659388 0
0.153653 0.646322 0
0.140268 0.634856 0
0.123867 0.628551 0
0.114169 0.597369 0
0.10901 0.541686 0
0.135306 0.500482 0
0.177078 0.435678 0
0.15368 0.408148 0
0.158185 0.357098 0
0.131649 0.355184 0
0.103269 0.331966 0
0.0899121 0.323144 0
0.0870871 0.32415 1
0.0843071 0.317259 0
0.0851928 0.307855 0
0.0831398 0.297124 0
0.0944399 0.283325 0
0.0930666 0.266343 0
0.0983479 0.260887 0
0.115026 0.253294 0
0.118954 0.240962 0
0.129028 0.234043 0
0.142834 0.232098 1
0.152982 0.227017 0
0.171364 0.214037 0
0.191572 0.210972 0
0.232777 0.170055 0
0.23544 0.135859 0
0.245604 0.12549 0
0.253606 0.112308 0
0.271746 0.100153 1
0.294238 0.0793865 0
0.321273 0.0790336 0
0.332162 0.064817 0
0.365529 0.056346 0
0.383457 0.0375335 0
0.40693 0.0347545 0
0.426798 0.0489486 0
0.449913 0.0555345 0
0.468484 0.0645599 0
0.498161 0.0399776 0
0.49047 0.0832043 0
0.509357 0.0944472 0
0.532509 0.0953537 0
0.5472 0.101508 0
0.563972 0.090075 0
0.588086 0.0927371 0
0.614076 0.0891425 0
0.632211 0.100741 0
0.650371 0.106531 0
0.668567 0.125092 0
0.716809 0.10965 0
0.744269 0.107862 0
0.749797 0.112619 0
0.763242 0.109004 0
0.768837 0.123999 0
0.782439 0.125905 1
0.798598 0.141556 0
0.811902 0.151265 0
0.815811 0.166696 0
0.818514 0.181689 0
0.828222 0.203126 0
0.838289 0.220914 0
0.852162 0.236245 0
0.867325 0.256101 1
0.87427 0.260934 0
0.877742 0.260849 0
0.881723 0.271209 0
0.853828 0.374188 0
0.827325 0.434456 0
0.849509 0.464179 0
0.866125 0.473963 0
0.880829 0.481073 0
0.901808 0.490485 0
0.900743 0.491904 0
0.912216 0.501196 0
0.906647 0.502237 0
0.906203 0.50753 0
0.907568 0.513051 0
0.90638 0.517292 0
0.904201 0.521405 1
0.89816 0.535842 0
0.899881 0.554489 0
0.899664 0.576527 0
0.905731 0.599281 0
0.902574 0.618836 0
0.900406 0.636299 0
0.888487 0.654012 0
0.870067 0.671719 0
0.857813 0.669639 0
0.829967 0.700358 0
0.823151 0.713562 0
0.809117 0.718289 1
0.813949 0.721352 0
0.822572 0.759684 0
0.766667 0.825823 0
0.708717 0.831779 0
0.679958 0.81965 0
0.672206 0.809884 1
0.650494 0.821825 0
0.627553 0.842044 0
0.601699 0.864457 0
0.573304 0.86198 0
0.543403 0.867128 0
0.525048 0.889777 0
0.503688 0.895381 0
0.488164 0.891383 0
0.476409 0.872156 0
0.456848 0.853641 0
0.443877 0.840205 0
0.427397 0.838443 1
0.416795 0.840342 0
0.403648 0.84426 0
0.393486 0.843234 0
0.392718 0.834818 0
0.362846 0.854248 0
0.329298 0.878198 0
0.31185 0.870224 0
0.282556 0.876167 0
0.254809 0.858286 0
0.288306 0.758765 0
0.29747 0.76086 0
0.276019 0.718184 0
0.240524 0.718169 0
0.216979 0.714623 0
0.208893 0.716128 0
0.189397 0.716815 0
0.15773 0.715176 0
0.176567 0.688155 1
0.145371 0.691807 0
0.137442 0.685008 0
0.12587 0.668824 0
0.114912 0.650241 0
0.102735 0.641621 0
0.0950567 0.627491 0
0.0978703 0.535984 0
0.0915803 0.519924 0
0.099493 0.498211 0
0.086148 0.483538 1
0.0759367 0.464009 0
0.08099 0.435796 0
0.0765503 0.400707 0
0.0755883 0.391162 0
0.0797706 0.374625 0
0.0779594 0.363552 1
0.0696295 0.357901 0
0.0582841 0.354145 0
0.0272915 0.341648 0
0.0206309 0.310585 0
0 0.280692 0
0.00459827 0.265644 0
0.024382 0.218839 0
0.0696435 0.194549 0
0.0997289 0.174179 0
0.151806 0.174983 0
0.178306 0.167402 0
0.1901 0.157333 1
0.210558 0.148176 0
0.221053 0.147456 0
0.238459 0.141297 0
0.278238 0.145693 0
0.277044 0.0443728 0
0.315563 0.0468791 0
0.345152 0.0423068 0
0.36528 0.0337735 0
0.386115 0.0240183 0
0.418866 0.0249243 0
0.431855 0.0232874 0
0.447815 0.0202774 1
0.458682 0.0100714 0
0.486645 0.0152417 0
0.523073 0.0106481 0
0.555162 0 0
0.57578 0.00389807 0
0.586848 0.00519326 0
0.603442 0.00509087 0
0.619297 0.0192622 1
0.638321 0.02756 0
0.660609 0.036373 0
0.677503 0.0489246 0
0.69715 0.0562453 1
0.712395 0.056723 0
0.723012 0.0682364 0
0.7308 0.0744731 0
0.744088 0.0777397 0
0.792631 0.0633446 0
0.822473 0.0619311 0
0.84152 0.0618772 0
0.867334 0.0738171 0
0.879783 0.0775843 0
0.880058 0.100221 0
0.87893 0.122949 0
0.886701 0.1487 0
0.919486 0.179766 0
0.836408 0.298637 0
0.861382 0.300249 0
0.868322 0.303658 0
0.881701 0.309424 0
0.888599 0.317455 1
0.89003 0.339524 0
0.908675 0.347363 0
0.903136 0.379153 0
0.902664 0.415035 0
0.911298 0.444312 0
0.920522 0.46316 0
0.93083 0.473523 0
0.913224 0.472336 0
0.925607 0.479444 0
0.931908 0.480802 0
0.938398 0.482371 0
0.944303 0.487712 0
0.947912 0.494019 0
0.958077 0.500814 0
0.968127 0.511872 0
0.853358 0.54452 0
0.834643 0.578233 0
0.815231 0.602328 0
0.806571 0.633856 0
0.783166 0.707209 0
0.781803 0.709007 0
0.782446 0.710357 0
0.782547 0.710065 0
0.782414 0.710368 1
0.76155 0.721266 0
0.745295 0.732542 0
0.731926 0.75402 0
0.71728 0.765158 1
0.70976 0.763697 0
0.702856 0.76288 0
0.701454 0.757893 0
0.690372 0.74929 0
0.633506 0.758731 0
0.555908 0.816209 0
0.541964 0.841223 0
0.52292 0.856936 0
0.503042 0.864319 0
0.485821 0.864173 0
0.470611 0.859793 0
0.458358 0.866802 0
0.444879 0.85877 0
0.40467 0.82654 0
0.401904 0.855981 0
0.387194 0.852499 0
0.363088 0.851626 0
0.346963 0.856526 0
0.342115 0.833807 0
0.335461 0.818479 0
0.336979 0.813563 0
0.317763 0.810718 0
0.314372 0.802743 0
0.312345 0.792303 1
0.311443 0.791304 0
0.311377 0.785324 0
0.292243 0.72259 0
0.249438 0.680009 0
0.218496 0.696184 0
0.209156 0.652676 0
0.188955 0.643515 0
0.166006 0.625581 0
0.149309 0.611264 0
0.142868 0.607654 0
0.145167 0.604013 0
0.139557 0.587776 0
0.134874 0.570096 0
0.128159 0.557437 1
0.121641 0.544159 0
0.121473 0.526939 0
0.120848 0.487618 0
0.122961 0.440646 0
0.128895 0.402355 0
0.0735806 0.389201 0
