0.923419 0.454265 0
0.93614 0.463555 0
0.927547 0.48149 1
0.927543 0.481487 0
0.925885 0.4834 0
0.923625 0.496468 0
0.92489 0.49903 0
0.926889 0.50344 0
0.920305 0.50546 0
0.901448 0.526908 0
0.885491 0.574173 0
0.829966 0.705345 0
0.818169 0.701046 0
0.80505 0.692687 0
0.80647 0.699858 0
0.792974 0.717664 0
0.775205 0.730173 0
0.757811 0.746086 0
0.743089 0.759161 0
0.716847 0.766815 0
0.708486 0.775998 1
0.702645 0.802296 0
0.676373 0.840712 0
0.655853 0.89506 0
0.639572 0.926095 0
0.614811 0.958781 0
0.600016 0.973475 0
0.571802 0.983196 0
0.545409 0.942824 0
0.524086 0.89438 0
0.505243 0.87619 0
0.482016 0.867177 0
0.460396 0.869068 1
0.441255 0.865478 0
0.412496 0.86669 0
0.368861 0.885208 0
0.346669 0.888482 0
0.310281 0.866347 0
0.29613 0.813345 0
0.279754 0.817843 0
0.273581 0.805134 1
0.256872 0.796031 0
0.225205 0.787331 0
0.200103 0.784803 0
0.174496 0.764116 0
0.144915 0.731295 0
0.143686 0.701592 0
0.141299 0.687143 0
0.134381 0.69068 0
0.115925 0.693971 0
0.103654 0.690712 0
0.0885941 0.659502 0
0.0569327 0.4609 0
0 0.699351 0
0.0295943 0.46916 0
0.0438081 0.466374 0
0.0529945 0.491528 0
0.0492237 0.49803 0
0.043262 0.487713 0
0.0489248 0.485562 0
0.0511409 0.484462 1
0.0482419 0.473321 0
0.044898 0.466496 0
0.0422752 0.454952 0
0.0414327 0.441684 0
0.0509562 0.425796 0
0.0793243 0.425977 0
0.114863 0.41881 0
0.120643 0.332152 0
0.111589 0.305731 0
0.111353 0.290028 0
0.124314 0.28611 0
0.132763 0.270802 1
0.144303 0.266459 0
0.206157 0.259365 0
0.213938 0.184112 0
0.199555 0.150424 0
0.231304 0.120426 0
0.248697 0.0809588 0
0.269265 0.0382471 0
0.298241 0.0116966 0
0.323648 0.0102613 0
0.342962 0 0
0.368752 0.00981963 0
0.385187 0.0218434 0
0.409564 0.0495914 0
0.432198 0.068429 0
0.452584 0.0707102 0
0.465624 0.0788031 1
0.490081 0.0777931 0
0.514278 0.0743883 0
0.53449 0.0788066 0
0.553317 0.0894469 0
0.576976 0.0951164 0
0.599549 0.109847 1
0.617621 0.113768 0
0.635602 0.131677 0
0.656512 0.130759 0
0.690104 0.132102 0
0.69604 0.152057 0
0.732563 0.130708 0
0.756848 0.149398 0
0.761978 0.219447 0
0.775122 0.249931 0
0.798636 0.268907 0
0.809823 0.356638 0
0.817667 0.358386 0
0.831473 0.359548 0
0.84963 0.360208 0
0.844116 0.384991 0
0.849685 0.402097 0
0.856485 0.406017 0
0.866465 0.399343 0
0.866439 0.408996 0
0.866453 0.426219 0
0.867665 0.424613 0
0.859591 0.445681 0
0.859349 0.478321 0
0.854496 0.506239 0
0.842147 0.514384 0
0.842598 0.548333 0
0.823244 0.559163 0
0.803282 0.585328 0
0.791312 0.665454 0
0.791555 0.669437 0
0.783193 0.674936 0
0.777862 0.676983 1
0.758798 0.686554 0
0.747315 0.703668 0
0.72154 0.716028 0
0.69786 0.730062 0
0.673449 0.783037 0
0.661483 0.82586 0
0.644714 0.866973 0
0.618758 0.932259 0
0.598705 0.947768 0
0.580946 0.967971 0
0.550432 0.965108 0
0.538073 0.955918 0
0.506436 0.940684 0
0.49034 0.924963 0
0.462634 0.923162 0
0.449932 0.912943 0
0.424956 0.908625 0
0.406972 0.897813 0
0.364451 0.923208 0
0.324591 0.921915 0
0.301003 0.910331 0
0.282862 0.86051 0
0.269401 0.837447 0
0.261163 0.821068 0
0.241918 0.80321 0
0.212379 0.804731 0
0.172024 0.786486 0
0.147827 0.7656 0
0.134793 0.731814 0
0.145307 0.68802 1
0.132961 0.692342 0
0.114065 0.689093 0
0.100028 0.6901 0
0.0836323 0.686188 0
0.0766097 0.675215 0
0.0372091 0.472387 0
0.0759701 0.420174 0
0.0674851 0.415995 0
0.0620524 0.436796 0
0.0425845 0.443002 0
0.0455064 0.43848 0
0.0499118 0.430325 0
0.0466074 0.431735 0
0.0454702 0.423775 0
0.0525927 0.407224 0
0.0646347 0.396934 0
0.062514 0.393175 0
0.0616236 0.383335 0
0.07071 0.379336 0
0.0837023 0.364761 1
0.0885135 0.349524 0
0.100286 0.33185 0
0.103601 0.312329 0
0.0929363 0.238275 0
0.149862 0.235365 0
0.155308 0.242908 1
0.177623 0.204736 0
0.196156 0.187708 0
0.203735 0.160108 0
0.232904 0.136092 0
0.261408 0.102074 0
0.278822 0.0818651 0
0.302658 0.0696721 0
0.322713 0.0590974 0
0.34921 0.0740067 0
0.370966 0.0829875 1
0.389404 0.0885439 0
0.401331 0.102756 0
0.423252 0.115206 0
0.456773 0.139527 0
0.488638 0.144038 0
0.524286 0.142097 0
0.551767 0.141695 0
0.564872 0.147726 0
0.59253 0.161964 0
0.611399 0.163501 0
0.636252 0.173478 0
0.656454 0.173618 0
0.691724 0.170076 0
0.716232 0.17978 1
0.733053 0.192037 0
0.743858 0.22242 0
0.767771 0.236854 0
0.78641 0.264969 0
0.800906 0.287715 0
0.82081 0.309 1
0.828706 0.313635 0
0.843726 0.32324 0
0.850349 0.325531 0
0.861308 0.329043 0
0.866587 0.34334 0
0.875953 0.350701 0
0.891397 0.349353 0
0.89997 0.357737 0
0.892544 0.375978 0
0.861712 0.421925 0
0.863316 0.499383 0
0.873022 0.531836 0
0.879273 0.545366 0
0.869045 0.552139 0
0.864745 0.568885 0
0.848233 0.576015 0
0.832903 0.601059 0
0.823468 0.618708 1
0.819045 0.621927 0
0.817173 0.628011 0
0.808476 0.631167 0
0.814293 0.650889 0
0.793236 0.762282 0
0.769924 0.775077 0
0.746499 0.780138 0
0.712787 0.805657 0
0.694644 0.83003 0
0.668399 0.860779 0
0.650178 0.895593 0
0.631287 0.923153 0
0.623949 0.949697 0
0.607611 0.975608 0
0.584121 0.990316 0
0.563428 0.990791 0
0.550245 1 0
0.547792 0.98225 0
0.492165 0.953346 0
0.466688 0.945956 0
0.420203 0.910284 0
0.399974 0.861928 0
0.381611 0.84271 0
0.370031 0.837856 0
0.358281 0.829323 0
0.34146 0.822073 1
0.337336 0.817297 0
0.339787 0.806784 0
0.326261 0.777379 0
0.317928 0.742214 0
0.293091 0.717813 0
0.276256 0.704695 0
0.262746 0.685873 0
0.239649 0.676984 0
0.21995 0.67197 0
0.201001 0.67444 0
0.183197 0.670908 0
0.161297 0.676222 1
0.166292 0.629723 0
0.153943 0.601138 0
0.131115 0.572139 0
0.120054 0.562056 0
0.100068 0.560426 0
0.0772158 0.566788 1
0.073622 0.554689 0
0.0709804 0.549169 0
0.0718361 0.535499 0
0.073228 0.526126 0
0.0766201 0.520342 0
0.0872891 0.50446 0
0.0996229 0.488387 0
0.0680281 0.459447 0
