0.923234 0.0606566 0
0.988927 0.0127562 0
0.974905 0.000178813 0
0.974662 0 0
0.974654 8.61904e-06 0
0.974653 7.47004e-06 0
0.974652 7.8402e-06 0
0.974652 7.88316e-06 0
0.974652 7.89924e-06 1
0.979075 0.00633848 0
0.984749 0.00964211 0
0.986952 0.0172983 0
0.988379 0.0275881 0
0.988849 0.0379474 0
0.985729 0.0468166 0
0.983924 0.0533852 0
0.974717 0.056325 1
0.976998 0.0603081 0
0.986687 0.0759597 0
0.991496 0.0846253 0
1 0.122088 0
0.991273 0.170691 0
0.958802 0.207612 0
0.936196 0.24489 0
0.93563 0.260674 0
0.920204 0.294048 0
0.866483 0.335042 0
0.839444 0.369187 0
0.802765 0.394872 0
0.772768 0.430835 0
0.703541 0.506038 0
0.687579 0.503754 0
0.675085 0.512112 0
0.669375 0.515905 0
0.659995 0.527396 1
0.658478 0.52946 0
0.642873 0.522158 0
0.632492 0.519328 0
0.545604 0.564015 0
0.450105 0.561027 0
0.434619 0.543163 0
0.431561 0.541895 0
0.431337 0.541373 1
0.400753 0.528347 0
0.376278 0.51466 0
0.350226 0.498506 0
0.324505 0.482404 1
0.310782 0.473675 0
0.300353 0.468091 0
0.295279 0.457504 0
0.283078 0.458936 0
0.26666 0.444415 0
0.200279 0.385555 0
0.193613 0.358078 0
0.173932 0.361989 0
0.103184 0.319908 0
0.075873 0.171394 0
0.0837632 0.168963 0
0.085664 0.165589 0
0.0846726 0.163079 0
0.0830817 0.160105 1
0.0834759 0.160765 0
0.0765696 0.162458 0
0.058544 0.0312261 0
0.0364524 0.0418322 0
0.0323822 0.042499 0
0.0325983 0.0428923 0
0.0325588 0.0429657 0
0.0325522 0.0429776 0
0.0325517 0.0429779 0
0.0325516 0.042978 1
0.0319659 0.0433766 0
0.0342352 0.044761 0
0.0303397 0.0446164 0
0.0313371 0.0464618 0
0.0295937 0.0462061 0
0.0422207 0.0485987 0
0.0426399 0.0522509 0
0.0466096 0.0572135 0
0.0542716 0.0621293 0
0.0591539 0.0776924 0
0.0631089 0.130539 0
0.0679297 0.123446 0
0.0735282 0.125497 0
0.123161 0.200177 0
0.119393 0.202081 0
0.119746 0.204145 0
0.124371 0.204205 0
0.128575 0.201135 1
0.14155 0.204383 0
0.154266 0.208785 0
0.169989 0.207745 0
0.195966 0.236056 0
0.261057 0.272169 0
0.327505 0.273788 0
0.348538 0.279511 0
0.366257 0.282043 0
0.39297 0.289629 0
0.406001 0.292352 0
0.421976 0.303868 0
0.444242 0.314575 0
0.468847 0.314794 0
0.481209 0.3252 1
0.497699 0.323281 0
0.514538 0.320384 0
0.548227 0.304555 0
0.568142 0.289282 0
0.595039 0.275702 0
0.617306 0.264925 0
0.646791 0.251669 0
0.670594 0.237279 0
0.68521 0.242202 0
0.708799 0.233535 0
0.730691 0.211027 0
0.749905 0.195853 0
0.773869 0.177353 0
0.795308 0.169153 1
0.802886 0.148814 0
0.811305 0.13537 0
0.829351 0.120792 0
0.835274 0.105697 0
0.863895 0.0880404 0
0.878715 0.0673912 0
0.899144 0.0581529 0
0.911472 0.0509684 1
0.916842 0.0533703 0
0.936811 0.0323897 0
0.947555 0.0156297 0
0.951728 0.0136063 0
0.95285 0.0149363 0
0.954379 0.0161428 1
0.952742 0.0219489 0
0.948935 0.0294773 0
0.947546 0.0419718 0
0.943194 0.0613568 0
0.942963 0.0729593 0
0.945288 0.0960546 0
0.934316 0.155874 0
0.906181 0.18274 0
0.902404 0.194978 0
0.894362 0.202912 1
0.886497 0.230612 0
0.893984 0.268615 0
0.880811 0.312167 0
0.84981 0.360703 0
0.834663 0.381574 0
0.821069 0.407736 0
0.80251 0.439824 0
0.778904 0.471024 1
0.770806 0.468791 0
0.752023 0.472928 0
0.736336 0.490597 0
0.716609 0.51005 0
0.701359 0.527926 0
0.682836 0.550507 0
0.575144 0.582122 0
0.572467 0.564744 0
0.553862 0.577387 0
0.540652 0.575177 1
0.530093 0.575161 0
0.519062 0.579168 0
0.505475 0.577108 0
0.494558 0.574792 0
0.430587 0.520351 0
0.390582 0.505547 0
0.363329 0.490965 0
0.284397 0.421464 0
0.260974 0.403225 0
0.25517 0.392666 0
0.245827 0.389905 0
0.235591 0.381368 1
0.223535 0.386335 0
0.206748 0.388998 0
0.179461 0.378664 0
0.1612 0.384892 0
0.129793 0.402003 0
0.077908 0.156872 0
0.0747045 0.152304 0
0.0832154 0.14281 0
0.0864145 0.139652 0
0.0257902 0.0286947 0
0.0294826 0.0330747 0
0.0299543 0.0324623 0
0.0299241 0.0329912 0
0.0296715 0.0333253 0
0.0303194 0.0325795 0
0.0303689 0.0313486 0
0.0294045 0.0298489 0
0.0285133 0.0320258 1
0.0221647 0.0288223 0
0.0103379 0.0273196 0
0 0.0369859 0
0.0189343 0.0584645 0
0.0282916 0.0597832 0
0.0273428 0.0596551 1
0.0253605 0.0719245 0
0.0367043 0.0878857 0
0.0538579 0.105051 0
0.0669055 0.111641 1
0.0678848 0.109906 0
0.139597 0.190076 0
0.173148 0.228517 0
0.182459 0.229985 0
0.179676 0.233999 0
0.175819 0.234678 0
0.180858 0.234392 0
0.196129 0.231409 0
0.206824 0.221127 0
0.224324 0.220842 0
0.228511 0.223594 0
0.232594 0.222936 1
0.247501 0.21926 0
0.263246 0.219899 0
0.284061 0.230745 0
0.294253 0.234173 0
0.321955 0.223903 0
0.353733 0.234543 0
0.369363 0.239819 0
0.391218 0.234949 0
0.413604 0.240341 0
0.445652 0.244012 0
0.472095 0.228918 0
0.5406 0.232815 0
0.556973 0.214642 0
0.590689 0.229361 0
0.61165 0.27759 0
0.638504 0.24489 0
0.654117 0.194244 0
0.674408 0.191448 0
0.691844 0.219359 0
0.71224 0.219909 0
0.736965 0.199284 0
0.757783 0.179478 0
0.812263 0.119914 0
0.824345 0.123863 0
0.835181 0.11795 0
0.834691 0.100538 0
0.844266 0.085038 0
0.850638 0.0725491 0
0.865458 0.0668397 0
0.882153 0.0621093 0
0.904857 0.0212953 0
0.91146 0.02255 0
0.918342 0.0270456 0
0.921983 0.0261406 1
0.923556 0.0261467 0
0.924048 0.0272176 0
0.925629 0.0290942 0
0.932835 0.0376495 0
0.930488 0.0835705 0
0.92905 0.092941 0
0.932587 0.0962604 0
0.934063 0.0982721 1
0.931691 0.105308 0
0.927183 0.121548 0
0.92311 0.145343 0
0.914679 0.161016 0
0.916168 0.23034 0
0.898954 0.27693 0
0.906653 0.316043 0
0.901357 0.352283 0
0.885823 0.37914 0
0.87965 0.418101 0
0.851079 0.438733 0
0.832548 0.479729 0
0.792393 0.497943 0
0.783909 0.494036 1
0.776634 0.514693 0
0.767422 0.531526 0
0.749615 0.548739 0
0.719881 0.574588 0
0.681287 0.579306 0
0.662769 0.599535 0
0.653825 0.57146 0
0.645748 0.562038 1
0.644027 0.563503 0
0.628768 0.568509 0
0.634517 0.566694 0
0.478947 0.529396 0
0.48491 0.5272 0
0.47565 0.525222 0
0.46827 0.528008 0
0.462152 0.524864 1
0.462366 0.522191 0
0.461044 0.520618 0
0.462345 0.515389 0
0.440376 0.477218 0
0.29292 0.418688 0
0.275426 0.384202 0
0.26707 0.380082 0
0.257084 0.375512 0
0.250164 0.366232 0
0.258584 0.344568 0
0.116148 0.115763 0
0.134628 0.11637 0
0.126963 0.117089 0
0.121667 0.118408 0
0.117709 0.11493 1
