0.838355 0.242171 1
0.824168 0.226836 0
0.804548 0.216677 0
0.787905 0.221242 0
0.782702 0.234921 1
0.759611 0.227147 0
0.760258 0.231804 0
0.747863 0.230583 0
0.735811 0.233445 0
0.728006 0.23319 0
0.702627 0.249083 0
0.649885 0.260067 0
0.626822 0.259194 0
0.59218 0.265757 0
0.515294 0.275835 0
0.488969 0.264112 0
0.484702 0.265807 0
0.480234 0.26441 0
0.474844 0.261631 1
0.468819 0.263534 0
0.460886 0.273985 0
0.455781 0.28059 0
0.435026 0.290377 0
0.431049 0.307757 0
0.327328 0.340939 0
0.280882 0.349725 0
0.257359 0.345703 0
0.236293 0.338148 0
0.220031 0.332654 0
0.20797 0.333786 0
0.197202 0.332808 0
0.188807 0.341669 0
0.177571 0.333156 1
0.170326 0.359013 0
0.153409 0.39426 0
0.139717 0.405469 0
0.128997 0.406235 0
0.118208 0.422606 0
0.108873 0.427845 1
0.109002 0.433135 0
0.111164 0.440409 0
0.115948 0.456227 0
0.110946 0.448858 0
0.117968 0.462853 0
0.119117 0.470162 0
0.11832 0.473671 0
0.122005 0.482761 1
0.126144 0.487429 0
0.138695 0.496162 0
0.144786 0.500725 0
0.147586 0.510346 0
0.167967 0.519494 0
0.173967 0.524992 0
0.191837 0.54831 0
0.203577 0.561662 0
0.212623 0.579791 0
0.220648 0.595778 0
0.229586 0.620587 0
0.24263 0.640385 1
0.24734 0.639424 0
0.248733 0.635832 0
0.253962 0.63469 0
0.252278 0.641929 0
0.42301 0.726238 0
0.408198 0.703387 0
0.412602 0.703177 0
0.413029 0.705694 1
0.413093 0.705705 0
0.412401 0.70535 0
0.452748 0.740305 0
0.543046 0.756193 0
0.580475 0.713595 0
0.596101 0.70129 0
0.601858 0.708708 0
0.602999 0.707273 0
0.602908 0.705898 0
0.603138 0.704916 0
0.60397 0.702367 0
0.604366 0.703029 0
0.604919 0.702283 0
0.605108 0.702536 0
0.605087 0.701303 0
0.60509 0.700679 1
0.606703 0.702468 0
0.605849 0.700616 0
0.605113 0.695466 0
0.603248 0.695987 0
0.605575 0.695053 0
0.604288 0.694677 0
0.605764 0.688697 0
0.605192 0.686284 0
0.608575 0.683921 0
0.609545 0.675847 0
0.612349 0.673299 0
0.606805 0.674366 0
0.729081 0.612616 0
0.733109 0.604157 0
0.733492 0.603425 0
0.733399 0.603344 1
0.736633 0.601124 0
0.741799 0.598239 0
0.743008 0.598735 0
0.750276 0.594716 0
0.756873 0.588098 0
0.76205 0.583326 0
0.770353 0.577054 0
0.780758 0.570911 0
0.788474 0.562531 0
0.789457 0.558683 0
0.80439 0.563317 0
0.866607 0.483143 0
0.914838 0.418251 0
0.924406 0.41724 0
0.923837 0.416976 0
0.924331 0.416872 0
0.924607 0.41659 0
0.924732 0.416656 1
0.925812 0.417268 0
0.926106 0.417037 0
0.92571 0.416887 0
0.925616 0.416976 0
0.92659 0.41714 0
0.926809 0.417241 0
0.927926 0.417027 0
0.928056 0.416021 0
0.928691 0.413037 0
0.943112 0.450031 0
0.795814 0.300356 0
0.823447 0.270188 0
0.823827 0.264003 0
0.823111 0.26501 0
0.822588 0.263991 0
0.822348 0.263223 0
0.821648 0.263416 0
0.821523 0.262417 0
0.820937 0.262165 0
0.820442 0.261867 1
0.820457 0.26195 0
0.819875 0.262583 0
0.81401 0.261314 0
0.757235 0.320988 0
0.59834 0.120902 0
0.576512 0.148233 0
0.567488 0.152613 0
0.553624 0.149949 0
0.54936 0.145572 0
0.544128 0.1437 0
0.538296 0.141141 0
0.53323 0.141748 0
0.530545 0.140948 0
0.524565 0.138505 1
0.523383 0.13773 0
0.517996 0.135073 0
0.521569 0.13931 0
0.387555 0.154856 0
0.366229 0.141275 0
0.35647 0.135666 0
0.35093 0.131731 0
0.348026 0.129067 1
0.345276 0.132203 0
0.270776 0.143907 0
0.270469 0.144796 0
0.269594 0.142343 1
0.257467 0.138463 0
0.255811 0.126102 0
0.252774 0.109502 0
0.254913 0.091325 0
0.265109 0.0794936 0
0.275598 0.0713658 1
0.278684 0.0611354 0
0.282864 0.0493544 0
0.292957 0.0417204 0
0.304471 0.0343408 0
0.31944 0.0335084 0
0.33636 0.0342209 1
0.341926 0.0273949 0
0.352442 0.0189566 0
0.359003 0 0
0.364431 0.00965717 0
0.372113 0.00756499 0
0.374185 0.015326 0
0.387102 0.00481844 0
0.391252 0.0136193 1
0.397058 0.0250839 0
0.387998 0.043233 0
0.387058 0.0524056 0
0.387498 0.058231 0
0.382937 0.0653014 0
0.378812 0.0716555 1
0.377031 0.0718894 0
0.37473 0.074275 0
0.374041 0.07585 0
0.325504 0.101209 0
0.32021 0.101973 0
0.320256 0.104301 0
0.319616 0.105151 0
0.319241 0.105603 1
0.319228 0.105623 0
0.319241 0.105574 0
0.318146 0.105345 0
0.310826 0.102582 0
0.118078 0.289025 0
0.106361 0.267059 0
0.10917 0.271989 0
0.108827 0.273014 0
0.108617 0.273528 0
0.107043 0.273356 0
0.10663 0.274388 0
0.106212 0.274453 0
0.10566 0.274352 0
0.105547 0.274046 1
0.0886285 0.281989 0
0.0765874 0.287374 0
0.0569651 0.298952 0
0.0381201 0.319188 0
0.0320494 0.329921 0
0.0255585 0.350413 0
0.0154285 0.375252 0
0.0191305 0.386126 0
0.0167178 0.400085 0
0.0178813 0.411443 1
0.0125812 0.420991 0
0.00641522 0.431542 0
0.00534446 0.441488 0
0.000630526 0.452599 0
0.000442177 0.468512 0
0 0.478691 0
0.00483131 0.492781 0
0.00828139 0.506933 1
0.00667247 0.516081 0
0.00653452 0.5275 0
0.0065362 0.526873 0
0.00900121 0.540573 0
0.0121705 0.552355 0
0.0171521 0.568842 0
0.0173768 0.567099 0
0.0227975 0.591062 0
0.0259549 0.597566 0
0.0425195 0.622589 0
0.0491117 0.629637 0
0.059322 0.637006 0
0.0633321 0.643163 0
0.0688892 0.647019 0
0.0713808 0.654648 0
0.0774479 0.656964 1
0.0790689 0.660172 0
0.079622 0.659975 0
0.0801756 0.660745 0
0.0817267 0.6635 0
0.0821859 0.66838 0
0.0807865 0.673731 0
0.082799 0.675815 0
0.0845583 0.680975 0
0.0881401 0.682535 0
0.0924625 0.682696 0
0.091257 0.690115 0
0.0960041 0.693436 0
0.100797 0.694491 0
0.10198 0.697878 0
0.108249 0.701324 0
0.113515 0.703019 1
0.118356 0.706596 0
0.123509 0.712199 0
0.128106 0.716318 0
0.133437 0.719591 0
0.148687 0.732979 0
0.15554 0.73555 0
0.166286 0.738472 0
0.18265 0.735373 0
0.191778 0.740815 0
0.205776 0.740056 0
0.212678 0.742289 0
0.220717 0.740183 1
0.235516 0.742557 0
0.266218 0.746502 0
0.277425 0.743358 0
0.289813 0.741429 0
0.306178 0.740351 0
0.321768 0.735399 0
0.337429 0.730267 0
0.353574 0.721116 1
0.353755 0.721111 0
0.353609 0.720767 0
0.356217 0.720121 0
0.364573 0.738872 0
0.48471 0.665419 0
0.489032 0.666494 0
0.666215 0.608912 0
0.666758 0.615135 0
0.669002 0.614946 0
0.669371 0.613956 0
0.674069 0.614629 0
0.678264 0.61601 0
0.679207 0.616071 0
0.679534 0.616106 1
0.679095 0.615426 0
0.671006 0.606257 0
0.880118 0.526498 0
0.865966 0.547418 0
0.873033 0.549937 0
0.879061 0.538573 0
0.892994 0.53631 0
0.896974 0.533852 0
0.897613 0.532061 0
0.904087 0.52867 0
0.90913 0.526826 0
0.912157 0.527167 0
0.911224 0.526372 0
0.916144 0.52248 1
0.923948 0.517511 0
0.932727 0.513974 0
0.943563 0.513722 0
0.95299 0.511552 0
0.961271 0.50567 0
0.97409 0.502749 0
0.976887 0.494506 0
0.97964 0.489693 0
0.979961 0.485982 0
0.985484 0.478769 0
0.989487 0.47366 0
0.993505 0.468721 1
0.99669 0.460471 0
0.994458 0.45631 0
0.998772 0.453202 0
0.995807 0.443991 0
1 0.440528 0
0.997169 0.434165 0
0.993509 0.427018 0
0.991733 0.419436 0
0.985102 0.416097 0
0.981324 0.409514 1
0.982763 0.398659 0
0.984638 0.38626 0
0.982589 0.383065 0
0.977011 0.378169 0
0.972769 0.378447 0
0.921766 0.361977 0
0.900741 0.383154 0
0.897154 0.383125 0
0.894761 0.384724 0
0.892387 0.385026 1
0.892563 0.384588 0
0.892017 0.380504 0
0.888112 0.382465 0
0.887676 0.382009 0
0.889146 0.381175 0
0.88632 0.381307 0
0.885323 0.379681 0
0.884235 0.379577 0
0.881429 0.378796 0
0.879652 0.378108 0
0.878744 0.376488 0
0.877309 0.376098 0
0.876887 0.370018 0
0.875805 0.371457 0
0.874235 0.369645 0
0.870935 0.370972 1
0.871216 0.372169 0
0.856762 0.373693 0
0.85281 0.370361 0
0.844276 0.385034 0
0.839416 0.381215 0
0.835517 0.387511 0
0.810958 0.390854 0
0.751859 0.395138 0
0.719395 0.394961 0
0.672791 0.414721 0
0.647404 0.436155 0
0.636002 0.426779 0
0.631551 0.433873 0
0.617985 0.439809 1
0.60581 0.441804 0
0.589015 0.447913 0
0.563608 0.450139 0
0.538945 0.466314 0
0.528246 0.466542 0
0.506347 0.485999 0
0.481066 0.506823 0
0.475563 0.503536 0
0.469942 0.487104 0
0.455205 0.504796 0
0.442305 0.523961 0
0.425026 0.537407 0
0.41673 0.549169 0
0.402073 0.562119 0
0.399134 0.561671 0
0.396344 0.555825 0
0.377669 0.593135 0
0.374955 0.594445 0
0.380553 0.588033 0
0.374468 0.606538 1
0.385703 0.595445 0
0.399256 0.587351 0
0.393043 0.604061 0
0.432611 0.598726 0
0.420346 0.601866 0
0.474486 0.614822 0
0.47992 0.599169 0
0.493514 0.618041 0
0.487633 0.625911 0
0.509133 0.649081 0
0.517967 0.650214 0
0.523725 0.666047 1
0.523729 0.666056 0
0.523675 0.66595 0
0.524173 0.664819 0
0.530472 0.660365 0
0.726724 0.695374 0
0.717123 0.710975 0
0.716714 0.717064 0
0.721137 0.713068 0
0.724082 0.712286 0
0.72617 0.712309 1
0.738926 0.724089 0
0.752139 0.729326 0
0.755949 0.725206 0
0.7761 0.752212 0
0.7845 0.747543 0
0.794564 0.760415 0
0.802926 0.740887 0
0.812754 0.761646 0
0.823135 0.753393 0
0.828129 0.751298 0
0.840713 0.733491 0
0.84972 0.718511 1
0.865068 0.715976 0
0.854358 0.718275 0
0.873071 0.712082 0
0.871645 0.724193 0
0.869138 0.722314 0
0.863268 0.723282 0
0.864935 0.693893 0
