0.760499 0.435663 0
0.776692 0.443898 0
0.774853 0.445065 1
0.77674 0.443658 0
0.776283 0.44464 0
0.777815 0.443775 0
0.780902 0.442028 0
0.780268 0.443267 0
0.782109 0.443805 0
0.786174 0.439399 0
0.788531 0.443383 0
0.785748 0.441992 0
0.800774 0.431549 0
0.892414 0.536258 0
0.888924 0.521983 0
0.891006 0.521787 0
0.892471 0.521561 0
0.892538 0.521742 0
0.892624 0.521805 1
0.893734 0.524527 0
0.896039 0.526243 0
0.897481 0.529007 0
0.897548 0.535506 0
0.899984 0.538072 0
0.903592 0.541671 0
0.909366 0.54754 0
0.912407 0.54831 0
0.918246 0.548588 0
0.922032 0.545972 1
0.920993 0.545686 0
0.919098 0.543991 0
0.920909 0.544851 0
0.921194 0.544559 0
0.922135 0.545168 0
0.92229 0.545384 0
0.922417 0.545528 0
0.922492 0.545505 1
0.922816 0.545128 0
0.922958 0.544976 0
0.924216 0.544145 0
0.925293 0.543613 0
0.927718 0.543711 0
0.929527 0.543201 0
0.931357 0.54401 0
0.934311 0.546052 0
0.936226 0.546933 0
0.937157 0.54792 0
0.939455 0.548839 0
0.940879 0.549914 0
0.941697 0.550944 0
0.942193 0.55159 0
0.943184 0.551608 0
0.944207 0.552226 1
0.944434 0.55254 0
0.946979 0.551886 0
0.946568 0.551693 0
0.946533 0.551597 0
0.947785 0.550486 0
0.950014 0.548194 0
0.952749 0.540723 0
0.954781 0.533734 0
0.956423 0.532742 0
0.955872 0.533236 0
0.960777 0.523024 0
0.963791 0.519425 0
0.96394 0.519505 0
0.964291 0.518756 1
0.96474 0.518065 0
0.965733 0.516272 0
0.965815 0.515149 0
0.965572 0.512697 0
0.966354 0.511747 0
0.967967 0.510796 0
0.96916 0.511411 0
0.968624 0.504894 0
0.967401 0.502891 0
0.967488 0.502052 1
0.968053 0.501299 0
0.968241 0.500905 0
0.968548 0.499865 0
0.96881 0.499351 0
0.969357 0.498929 0
0.970153 0.497876 0
0.970556 0.497224 0
0.970145 0.497086 0
0.970689 0.495306 0
0.972095 0.494386 0
0.97186 0.490247 0
0.975917 0.491237 0
0.978285 0.489422 0
0.980961 0.490344 0
0.983485 0.490373 0
0.984261 0.491543 1
0.990104 0.49247 0
0.996498 0.497831 0
0.999643 0.499937 0
0.995433 0.52403 0
0.991484 0.528673 0
0.991606 0.527515 0
0.988257 0.533571 0
0.987079 0.537044 0
0.985618 0.539651 0
0.98478 0.541413 1
0.984847 0.54192 0
0.984869 0.54217 0
0.984226 0.543033 0
0.986447 0.544463 0
0.981159 0.568343 0
0.983751 0.57012 0
0.98476 0.57161 0
0.986209 0.57384 0
0.98796 0.573872 0
0.989196 0.576568 0
0.991387 0.575489 0
0.993221 0.573095 0
0.992282 0.574931 0
0.993682 0.571914 1
0.99438 0.571038 0
0.995563 0.570498 0
0.997361 0.570587 0
0.999885 0.570463 0
1 0.568485 0
0.997515 0.567155 0
0.996865 0.565866 0
0.997726 0.564338 0
0.997732 0.561955 0
0.997343 0.560954 0
0.997636 0.559866 0
0.996126 0.558409 0
0.995678 0.557242 0
0.994709 0.555161 0
0.993818 0.553895 0
0.993679 0.553074 1
0.993679 0.553074 0
0.993679 0.553074 0
0.99368 0.553074 0
0.993665 0.553076 0
0.993596 0.553349 0
0.989147 0.55374 0
0.937286 0.517068 0
0.934278 0.51258 0
0.933539 0.512072 0
0.933675 0.511671 0
0.93354 0.511154 0
0.934684 0.510384 1
0.933414 0.507874 0
0.926287 0.500953 0
0.909907 0.490413 0
0.910234 0.488891 0
0.896521 0.492573 0
0.891588 0.494301 0
0.888302 0.496328 0
0.886023 0.498748 0
0.882975 0.502111 0
0.882691 0.503726 1
0.882527 0.503603 0
0.882598 0.503633 0
0.882591 0.503643 0
0.8826 0.503626 0
0.882627 0.503647 0
0.882531 0.503508 0
0.88244 0.50401 0
0.878677 0.492674 0
0.813512 0.574621 0
0.820402 0.580172 0
0.819994 0.582255 0
0.820356 0.58567 0
0.819833 0.588849 0
0.818696 0.592284 1
0.814537 0.595568 0
0.806786 0.603858 0
0.797511 0.609178 0
0.791696 0.61579 0
0.78612 0.624861 0
0.776591 0.632757 0
0.772692 0.638637 0
0.760972 0.64462 0
0.755114 0.650048 0
0.753266 0.654648 0
0.752773 0.661414 0
0.741019 0.668459 0
0.745136 0.674322 0
0.739582 0.678804 0
0.729158 0.686828 0
0.722858 0.695284 1
0.71398 0.702202 0
0.704696 0.707597 0
0.699949 0.713607 0
0.689595 0.721366 0
0.682384 0.730684 0
0.674428 0.730033 0
0.662128 0.733673 0
0.652206 0.739364 1
0.63871 0.745077 0
0.628904 0.752698 0
0.633909 0.756116 0
0.602233 0.762559 0
0.588799 0.76581 0
0.579192 0.768864 0
0.567122 0.772266 0
0.554703 0.779851 0
0.538324 0.781644 0
0.541259 0.788236 0
0.530326 0.793798 0
0.521077 0.797933 1
0.519237 0.804135 0
0.507801 0.810452 0
0.498599 0.809317 0
0.494152 0.81623 0
0.485934 0.818734 0
0.48023 0.825863 0
0.470932 0.827265 0
0.462456 0.835126 0
0.456937 0.839765 0
0.447987 0.843582 0
0.440319 0.842522 0
0.43258 0.846012 0
0.424402 0.85301 0
0.412458 0.857376 1
0.40708 0.85812 0
0.399309 0.855292 0
0.399472 0.863117 0
0.39303 0.863722 0
0.387683 0.86487 0
0.380752 0.865721 0
0.373442 0.867544 0
0.369404 0.872578 0
0.361979 0.878291 0
0.359118 0.87964 0
0.354862 0.884895 0
0.348145 0.884759 0
0.343261 0.884799 0
0.341432 0.880161 0
0.33596 0.881418 0
0.327195 0.886204 0
0.323062 0.884147 0
0.317071 0.883882 1
0.309993 0.885865 0
0.305697 0.890014 0
0.298291 0.887466 0
0.294051 0.886937 0
0.288859 0.888943 0
0.277807 0.889979 0
0.271959 0.890149 0
0.265679 0.891612 0
0.259569 0.883171 0
0.258959 0.871407 0
0.251627 0.873383 0
0.248873 0.867385 0
0.244582 0.863431 0
0.239565 0.864171 1
0.233128 0.859859 0
0.234562 0.864903 0
0.22867 0.855619 0
0.22698 0.861219 0
0.222167 0.862481 0
0.214832 0.858797 0
0.196671 0.864537 0
0.166927 0.875396 0
0.139538 0.767901 0
0.146815 0.759017 0
0.145114 0.757144 0
0.145116 0.756805 1
0.160738 0.750436 0
0.192872 0.790997 1
0.193082 0.779832 0
0.143781 0.725256 0
0.142043 0.712367 0
0.132381 0.704565 0
0.127435 0.695127 0
0.114637 0.691246 0
0.115565 0.676721 0
0.108124 0.668367 1
0.107639 0.667729 0
0.106813 0.667379 0
0.106627 0.665912 0
0.09201 0.671705 0
0.080051 0.660065 0
0.0454843 0.590359 0
0.0477541 0.588919 0
0.0503554 0.58826 0
0.0493488 0.587216 0
0.0488243 0.586829 1
0.0496596 0.589113 0
0.0475068 0.592818 0
0.045259 0.596197 0
0.040328 0.596838 0
0.038462 0.598659 0
0.0331348 0.597096 0
0.0312395 0.596855 0
0.0297347 0.59728 0
0.0269085 0.595515 0
0.0303882 0.597984 0
0.0313404 0.59902 0
0.0263277 0.595053 0
0.0269835 0.597418 0
0.0255701 0.598447 0
0.0230412 0.599766 0
0.0215957 0.600887 0
0.0207074 0.604754 0
0.0221119 0.605129 0
0.0207826 0.606155 0
0.0204458 0.606041 1
0.0212165 0.606843 0
0.0194758 0.605714 0
0.018382 0.605839 0
0.0183202 0.606587 0
0.0187003 0.607177 0
0.0232248 0.61191 0
0.0205683 0.610721 0
0.015999 0.608294 0
0.0142564 0.608314 0
0.0105677 0.610343 0
0.0210669 0.637041 0
0.0205883 0.635177 0
0 0.618151 0
0.0142285 0.631151 0
0.0174967 0.623835 0
0.017702 0.622107 0
0.0125428 0.627886 0
0.0124362 0.614091 1
0.0127835 0.615411 0
0.0184481 0.618413 0
0.0170422 0.616616 0
0.0164889 0.61628 0
0.0168131 0.617275 0
0.0164414 0.616342 0
0.0160538 0.616262 0
0.0158608 0.616034 1
0.0157619 0.616415 0
0.0156381 0.619837 0
0.0123225 0.617187 0
0.0124809 0.615195 0
0.0115967 0.615064 0
0.0160273 0.618264 0
0.0165488 0.616602 0
0.0166725 0.618228 0
0.0281442 0.633969 0
0.0710529 0.595325 0
0.0723366 0.595676 0
0.0736139 0.595188 0
0.0751642 0.595232 0
0.076477 0.594794 1
0.0860165 0.590776 0
0.100236 0.582595 0
0.107556 0.549524 0
0.114205 0.559315 0
0.121458 0.559919 0
0.127213 0.539822 0
0.135854 0.54644 0
0.143165 0.532444 0
0.149853 0.530399 0
0.152985 0.519495 1
0.165554 0.500985 0
0.182181 0.493088 0
0.190199 0.494454 0
0.196921 0.491956 0
0.206596 0.48608 0
0.214917 0.47866 0
0.220294 0.471963 0
0.228301 0.463911 1
0.237321 0.453584 0
0.251026 0.449376 0
0.260482 0.438027 0
0.267864 0.42885 0
0.281214 0.421308 0
0.286247 0.40395 0
0.285427 0.389458 0
0.284562 0.3561 1
0.283307 0.348565 0
0.270439 0.328799 0
0.274607 0.319672 0
0.279973 0.301847 0
0.28977 0.283356 0
0.281254 0.244487 0
0.284459 0.237515 0
0.279932 0.219864 0
0.289417 0.205652 0
0.290447 0.191215 0
0.295882 0.17097 0
0.304783 0.1484 1
0.291259 0.131966 0
0.284555 0.109354 0
0.28321 0.10045 0
0.2753 0.083985 1
0.271318 0.073417 0
0.266987 0.0566606 0
0.270379 0.0492118 0
0.271381 0.0422087 1
0.274242 0.0340197 0
0.278287 0.0303615 0
0.282272 0.0242833 0
0.279977 0.0229427 0
0.287396 0.0167766 0
0.285419 0.0122137 0
0.288932 0.0081183 0
0.299409 0.0115839 1
0.307337 0.00473794 0
0.319766 0 0
0.320209 0.00176262 0
0.324647 0.00508541 0
0.327746 0.0031911 0
0.330359 0.00272541 0
0.323465 0.00158298 0
0.340973 0.00533432 1
0.342536 0.00271187 0
0.342999 0.00940543 0
0.344882 0.00910831 0
0.344714 0.0126428 0
0.344731 0.0144252 0
0.356012 0.00989448 0
0.35564 0.0179717 0
0.35695 0.0234934 0
0.35534 0.0264721 0
0.363158 0.0282329 1
0.36117 0.0309328 0
0.360683 0.0338009 0
0.358591 0.0372777 0
0.361162 0.039244 0
0.365943 0.0394702 0
0.36749 0.0407631 0
0.370222 0.0419178 0
0.370244 0.0444493 0
0.37243 0.045886 0
0.372456 0.0484024 0
0.374836 0.049322 0
0.3758 0.0520254 1
0.378871 0.0602628 0
0.382 0.0621276 0
0.384876 0.0689109 0
0.388639 0.075027 0
0.387441 0.0834548 0
0.3901 0.0909954 1
0.393642 0.100207 0
0.401067 0.107626 0
0.406306 0.118897 0
0.412051 0.131213 0
0.416211 0.144105 0
0.418193 0.15708 0
0.418395 0.166949 0
0.422925 0.179872 1
0.426298 0.187917 0
0.443244 0.204893 0
0.454087 0.219001 0
0.458314 0.233001 0
0.466476 0.244649 0
0.472148 0.24865 0
0.477569 0.260105 0
0.487666 0.274216 0
0.497559 0.293693 0
0.496956 0.322201 1
0.514754 0.330592 0
0.523709 0.334531 0
0.535918 0.342596 0
0.544672 0.350694 0
0.552284 0.358774 0
0.565433 0.362925 0
0.573907 0.375573 0
0.588178 0.377529 0
0.593556 0.3839 0
0.602986 0.390602 1
0.609541 0.396362 0
0.616974 0.404221 0
0.627738 0.40975 0
0.630697 0.420054 0
0.630011 0.421574 0
0.65486 0.441246 0
0.652491 0.440809 0
0.668351 0.452134 0
0.673318 0.453567 0
0.678278 0.456445 0
0.684765 0.462424 0
0.692364 0.463429 0
0.700195 0.468465 0
0.703744 0.469833 1
0.703741 0.469835 0
0.703765 0.469776 0
0.704531 0.470314 0
0.721989 0.480454 0
