0.645358 0.104336 0
0.671338 0.235332 0
0.695798 0.223305 0
0.719198 0.213165 0
0.73202 0.213347 0
0.738177 0.214651 0
0.742122 0.213949 0
0.746921 0.211212 0
0.753339 0.210099 1
0.755891 0.221099 0
0.758434 0.243727 0
0.756211 0.285417 0
0.771214 0.311719 0
0.785985 0.335785 0
0.805014 0.351711 0
0.834838 0.364103 0
0.835787 0.367786 1
0.839372 0.380875 0
0.839513 0.38529 0
0.849265 0.398976 0
0.861028 0.414691 0
0.870879 0.429506 0
0.883016 0.469185 0
0.89585 0.488257 0
0.92307 0.511429 0
0.931904 0.526822 0
0.929845 0.525614 1
0.930569 0.524647 0
0.933572 0.519337 0
0.935618 0.517923 0
0.93863 0.513687 0
0.943452 0.511201 0
0.94752 0.506288 0
0.949596 0.496901 0
0.954039 0.4937 0
0.954473 0.464311 0
0.948748 0.438975 0
0.950411 0.432313 0
0.958959 0.42902 0
0.954061 0.412351 0
0.952476 0.408565 1
0.950311 0.395174 0
0.940168 0.368172 0
0.927265 0.352743 0
0.898396 0.334173 0
0.825394 0.214851 0
0.827054 0.219285 0
0.819947 0.206247 0
0.81334 0.188435 0
0.811035 0.175265 0
0.794986 0.153506 0
0.738994 0.0882397 0
0.739702 0.0945734 1
0.73705 0.093636 0
0.735759 0.0909531 0
0.732843 0.0901951 0
0.725993 0.089149 0
0.634457 0.0568168 0
0.639678 0.052998 0
0.610867 0.0246937 0
0.612898 0.0237881 1
0.606202 0.0180139 0
0.597799 0.0130624 0
0.58244 0.00982421 0
0.570156 0.0051176 0
0.563679 0.0106322 0
0.440819 0.00076239 0
0.444205 0.000586613 0
0.421321 0.00733821 0
0.417737 0.013766 0
0.393479 0.0394106 0
0.385165 0.0532494 0
0.384037 0.0583437 1
0.37722 0.0555193 0
0.369918 0.0526719 0
0.357799 0.0503894 0
0.354176 0.0343124 0
0.260087 0.139398 0
0.27628 0.149551 0
0.275054 0.147038 0
0.262776 0.150221 0
0.196531 0.433945 0
0.159814 0.411778 0
0.143557 0.413581 0
0.137974 0.418605 0
0.125337 0.419525 0
0.121741 0.428793 0
0.104451 0.427106 0
0.0897822 0.428978 0
0.0872912 0.451135 0
0.0859017 0.457563 0
0.0876076 0.467027 0
0.0867449 0.480071 0
0.0742497 0.500258 0
0.0762657 0.512238 0
0.0689386 0.518547 0
0.0606407 0.522761 0
0.0585468 0.523612 0
0.0572473 0.523159 1
0.0544092 0.519484 0
0.0532754 0.51491 0
0.0527505 0.509559 0
0.0501569 0.497479 0
0.0511027 0.490131 0
0.0464454 0.487519 0
0.0454577 0.476511 0
0.0419707 0.473162 0
0.0389229 0.471899 0
0.0365861 0.467188 0
0.0373851 0.457775 0
0.0385954 0.447384 0
0.0354049 0.446354 0
0.0407215 0.434706 0
0.0486915 0.426426 0
0.0509964 0.421605 1
0.0572924 0.408253 0
0.0591762 0.400291 0
0.0979582 0.344509 0
0.121986 0.294105 0
0.143625 0.269238 0
0.162984 0.246211 0
0.186085 0.224119 0
0.20359 0.209624 0
0.221476 0.193418 0
0.231829 0.188871 1
0.236525 0.190223 0
0.235454 0.196611 0
0.318244 0.128666 0
0.31575 0.128831 0
0.309727 0.131417 0
0.330678 0.133444 0
0.349295 0.134883 0
0.367257 0.127942 0
0.387336 0.126289 0
0.419868 0.0958551 0
0.433561 0.0819198 0
0.435888 0.0782604 1
0.438703 0.0806083 0
0.481964 0.0769004 0
0.492422 0.0796555 0
0.504114 0.0785507 0
0.519163 0.0754555 0
0.527908 0.0702485 1
0.531975 0.0713741 0
0.56072 0.0847753 0
0.557866 0.0785857 0
0.568256 0.0854899 0
0.587393 0.0932877 0
0.582679 0.0942138 0
0.587393 0.103374 0
0.691537 0.223597 0
0.72032 0.213792 0
0.728608 0.210217 0
0.72998 0.214303 0
0.752409 0.242342 0
0.749916 0.269979 0
0.760604 0.28144 0
0.773623 0.297159 0
0.778305 0.306954 0
0.794069 0.336508 0
0.807397 0.34777 0
0.84751 0.39873 0
0.848512 0.41067 0
0.85065 0.427354 0
0.858327 0.441473 0
0.870827 0.465508 0
0.881939 0.485845 0
0.894144 0.494855 0
0.903426 0.50879 0
0.93847 0.546801 0
0.938423 0.54445 0
0.940898 0.543289 0
0.942614 0.541278 0
0.94547 0.538842 0
0.949048 0.537287 1
0.951434 0.537361 0
0.955486 0.536094 0
0.958085 0.531198 0
0.961685 0.523865 0
0.964692 0.52066 0
0.969196 0.513199 0
0.97237 0.510916 0
0.97559 0.504898 0
0.976838 0.499832 0
0.981477 0.49428 1
0.993464 0.486002 0
0.998665 0.478026 0
0.996443 0.455817 0
0.98946 0.423557 0
0.950765 0.336833 0
0.91399 0.304887 0
0.903053 0.286894 0
0.862793 0.251553 0
0.86171 0.2177 0
0.853257 0.193567 0
0.831833 0.167473 0
0.808971 0.159618 1
0.807008 0.143158 0
0.804034 0.121204 0
0.769413 0.070809 0
0.760997 0.0745484 0
0.749551 0.0768678 0
0.740933 0.0806502 1
0.738631 0.0789935 0
0.730688 0.0619862 0
0.654068 0.0424931 0
0.641235 0.0377997 0
0.635105 0.0372661 0
0.62983 0.0355751 1
0.63138 0.0325241 0
0.545506 0 0
0.543272 0.00148884 0
0.529067 0.00759805 0
0.525259 0.0106706 0
0.510908 0.0207686 1
0.504694 0.0162754 0
0.493496 0.0129988 0
0.483472 0.01077 0
0.48686 0.013568 0
0.403184 0.0260668 0
0.388462 0.0463962 0
0.383442 0.063603 0
0.370991 0.0585338 0
0.36548 0.0726141 0
0.364128 0.0756115 0
0.272479 0.13346 0
0.279784 0.146887 1
0.279505 0.147417 0
0.265913 0.135505 0
0.18991 0.367575 0
0.17728 0.401575 0
0.165969 0.405718 0
0.153151 0.405848 0
0.144997 0.407954 0
0.135441 0.412001 0
0.126258 0.416772 0
0.109158 0.423913 0
0.0993312 0.426816 0
0.0885336 0.427443 1
0.0848553 0.440249 0
0.0866572 0.457916 0
0.0869326 0.468259 0
0.0751291 0.493778 0
0.0809865 0.492102 0
0.0729115 0.557883 0
0.0605981 0.556998 0
0.0529114 0.553442 0
0.0502425 0.555959 0
0.0467349 0.55674 0
0.0415511 0.556293 0
0.0376555 0.557041 0
0.0339909 0.554971 0
0.0301076 0.553072 1
0.026078 0.552787 0
0.0222842 0.551138 0
0.0176706 0.549257 0
0.0137977 0.546511 0
0.00806474 0.542981 0
0.00520164 0.537015 0
0.00786213 0.527702 0
0.0067769 0.523941 0
0.00589179 0.518246 0
0.00983234 0.511539 1
0.00640339 0.498481 0
0.00304517 0.485752 0
0 0.477163 0
0.00159429 0.464908 0
0.00793985 0.454026 0
0.00463148 0.432145 0
0.0585118 0.383816 0
0.0713753 0.38938 1
0.080922 0.363128 0
0.10488 0.313461 0
0.126898 0.291386 0
0.147573 0.272539 0
0.159097 0.267454 0
0.183161 0.239991 0
0.196286 0.229495 0
0.212607 0.222774 0
0.238239 0.196841 0
0.248135 0.198005 0
0.261236 0.208744 0
0.268999 0.215461 0
0.315011 0.144789 0
0.297289 0.137815 1
0.303804 0.136702 0
0.326158 0.142784 0
0.336254 0.13699 0
0.36587 0.136402 0
0.375068 0.128459 0
0.458682 0.0714042 0
0.45297 0.0653354 0
0.453188 0.0633266 1
0.459829 0.0658249 0
0.461494 0.0657519 0
0.485305 0.0717485 0
0.592166 0.0734532 0
0.594168 0.0747054 0
0.596972 0.0745218 0
0.600474 0.0755448 0
0.602586 0.0758142 1
0.600623 0.0742448 0
0.581344 0.0821968 0
0.620557 0.192216 0
0.711671 0.224457 0
0.729933 0.213802 0
0.738897 0.21008 0
0.756242 0.214254 0
0.759406 0.234375 0
0.76279 0.263047 0
0.767391 0.283742 0
0.768012 0.287126 0
0.79436 0.331478 0
0.802484 0.343171 0
0.821058 0.352057 0
0.847123 0.4133 0
0.861665 0.424469 0
0.862379 0.433465 0
0.871961 0.449438 1
0.873696 0.465922 0
0.876345 0.482077 0
0.885524 0.509955 0
0.896574 0.531067 0
0.920372 0.530599 0
0.924077 0.528897 1
0.926543 0.550196 0
0.934909 0.556689 0
0.929983 0.537801 0
0.946994 0.558716 0
0.952884 0.552357 0
0.959946 0.548751 0
0.964821 0.538985 0
0.96883 0.538673 1
0.974786 0.535193 0
0.982035 0.533691 0
0.987534 0.529589 0
0.983974 0.511211 0
0.999684 0.509062 0
1 0.489713 0
0.990353 0.467731 0
0.944894 0.326048 0
0.913498 0.317872 0
0.925469 0.319694 0
0.881964 0.278911 0
0.873158 0.282378 1
0.87575 0.272789 0
0.880588 0.26346 0
0.849888 0.188879 0
0.797602 0.1448 0
0.741532 0.115848 0
0.741196 0.110775 0
0.74158 0.110266 0
0.741513 0.110261 0
0.741503 0.110247 0
0.741503 0.110248 1
0.743274 0.112445 0
0.731633 0.12434 0
0.694964 0.110835 0
0.672042 0.109177 0
0.654342 0.0998299 0
0.652943 0.0975201 0
0.652516 0.0970045 1
