0.906231 0.03562 1
0.906211 0.0356153 0
0.906105 0.0356561 0
0.904574 0.0364621 0
0.933294 0.0598837 0
0.940971 0.0536248 0
0.945767 0.0513425 0
0.940624 0.0700444 0
0.939805 0.0840144 0
0.926431 0.120594 0
0.934624 0.114089 0
0.908405 0.144263 0
0.907545 0.14313 0
0.886356 0.163087 0
0.882815 0.167072 1
0.888175 0.179091 0
0.88497 0.190521 0
0.895591 0.241196 0
0.884393 0.286198 0
0.862018 0.336525 0
0.828607 0.361194 0
0.801214 0.401774 0
0.782051 0.414941 1
0.780113 0.42224 0
0.773283 0.426467 0
0.76909 0.433674 0
0.762375 0.440094 0
0.747583 0.447224 0
0.723692 0.484213 0
0.658509 0.561237 0
0.661157 0.555618 0
0.657677 0.558769 0
0.651116 0.562842 1
0.648388 0.565707 0
0.616852 0.59717 0
0.568613 0.600319 0
0.565262 0.586715 0
0.550292 0.586164 0
0.537399 0.582193 1
0.530102 0.581415 0
0.531737 0.58236 0
0.521213 0.576079 0
0.45489 0.547699 0
0.438719 0.53122 0
0.424491 0.529037 0
0.406498 0.526971 0
0.39073 0.51985 0
0.37849 0.524016 0
0.36191 0.51082 0
0.327177 0.505761 0
0.2932 0.455697 0
0.279382 0.430923 0
0.276163 0.428582 0
0.267762 0.412478 0
0.254208 0.396898 1
0.251654 0.398387 0
0.24987 0.398588 0
0.243765 0.397932 0
0.206441 0.421942 0
0.158885 0.21467 0
0.15485 0.224885 0
0.149753 0.222994 0
0.148778 0.216967 0
0.162981 0.214969 0
0.116497 0.103998 0
0.121135 0.0925909 0
0.0939155 0.0862467 0
0.0862599 0.0794119 0
0.0769437 0.0753603 0
0.0772726 0.0764379 0
0.0745557 0.0770748 1
0.0714722 0.0751975 0
0.0680618 0.0753268 0
0.0646339 0.0762858 0
0.0538098 0.0677292 0
0.0269056 0.0631934 0
0.0230137 0.0669042 0
0.0217548 0.067903 0
0.0210475 0.071387 1
0.016546 0.073054 0
0.00378135 0.0764337 0
0 0.0827116 0
0.0220416 0.1158 0
0.0249746 0.146785 0
0.0572619 0.240521 0
0.0675276 0.225443 0
0.0825957 0.217383 0
0.0961009 0.21468 0
0.10724 0.206851 1
0.102299 0.202065 0
0.19019 0.295968 0
0.203182 0.290134 0
0.21342 0.285826 0
0.218423 0.285748 0
0.219682 0.285392 1
0.224265 0.286887 0
0.226753 0.288832 0
0.230334 0.290602 0
0.246238 0.30991 0
0.317125 0.309751 0
0.330515 0.309934 0
0.357684 0.320914 0
0.404517 0.367855 0
0.417797 0.368379 0
0.426526 0.375094 0
0.429527 0.381446 0
0.431911 0.3827 1
0.445943 0.378362 0
0.464279 0.38111 0
0.481325 0.372627 0
0.504052 0.37711 0
0.522695 0.372223 0
0.546074 0.373449 0
0.569217 0.373889 0
0.589018 0.381596 0
0.605745 0.381199 0
0.624347 0.379832 0
0.638559 0.378373 0
0.651297 0.37675 1
0.661014 0.361156 0
0.668524 0.350111 0
0.683636 0.336261 0
0.701391 0.317033 0
0.713626 0.307596 0
0.721363 0.296444 0
0.771758 0.227157 0
0.789952 0.1983 0
0.803039 0.196191 0
0.809099 0.183756 0
0.835217 0.162705 0
0.846503 0.152827 1
0.856997 0.104481 0
0.866562 0.089546 0
0.875616 0.0773465 0
0.88475 0.0681145 0
0.896714 0.0596516 0
0.90329 0.0500546 1
0.905023 0.0497222 0
0.905273 0.0486152 0
0.904019 0.0528287 0
0.931408 0.0450695 0
0.910536 0.0539308 0
0.937706 0.0413131 0
0.940639 0.0413241 0
0.942618 0.0431044 0
0.945894 0.0434579 0
0.948465 0.0434185 1
0.950058 0.044794 0
0.951044 0.0469214 0
0.952105 0.0472704 0
0.949908 0.0569048 0
0.95123 0.0567777 0
0.948234 0.0778343 0
0.93604 0.102062 0
0.939753 0.129367 0
0.924446 0.164986 0
0.906205 0.203099 0
0.909702 0.251727 0
0.902315 0.275171 0
0.897669 0.314753 0
0.87993 0.348448 0
0.843118 0.380897 0
0.826964 0.411305 0
0.802255 0.441377 0
0.775886 0.437898 0
0.744922 0.460132 0
0.737239 0.522849 0
0.726654 0.526013 0
0.715423 0.527667 0
0.705772 0.52459 0
0.698788 0.524495 1
0.693418 0.525396 0
0.686698 0.525177 0
0.678828 0.529396 0
0.663807 0.520573 0
0.562917 0.58031 0
0.557752 0.590431 0
0.532431 0.598662 0
0.513228 0.596427 0
0.503646 0.575317 0
0.498578 0.568061 1
0.480665 0.566532 0
0.461241 0.562646 0
0.441455 0.556812 0
0.420971 0.550684 0
0.401967 0.542824 0
0.381707 0.531125 1
0.378186 0.527356 0
0.373681 0.524103 0
0.363405 0.533474 0
0.303156 0.477666 0
0.282961 0.458293 0
0.264612 0.437566 0
0.260603 0.425467 0
0.255935 0.405162 0
0.25033 0.399053 0
0.245286 0.398174 0
0.259982 0.409852 0
0.141276 0.201666 0
0.154807 0.223394 0
0.153181 0.225334 0
0.150509 0.222108 0
0.147421 0.221165 1
0.150263 0.219054 0
0.168279 0.199028 0
0.114027 0.117814 0
0.107389 0.112202 0
0.0972042 0.108846 0
0.0765345 0.0948198 0
0.0796371 0.0963713 0
0.0707229 0.0886246 0
0.0553672 0.0755211 0
0.0538565 0.0791322 0
0.0506005 0.0807615 0
0.0468916 0.0830903 0
0.043577 0.0828182 0
0.0427042 0.0834544 1
0.0420354 0.0844804 0
0.0411149 0.0850054 0
0.0400515 0.0856922 0
0.040267 0.0884168 0
0.0392024 0.0897428 0
0.0389419 0.093534 0
0.0476643 0.109785 0
0.102501 0.156587 0
0.113282 0.183025 0
0.116591 0.189784 0
0.117911 0.213528 0
0.111759 0.21333 0
0.119519 0.214187 0
0.176799 0.275485 0
0.19767 0.276571 0
0.23788 0.303334 0
0.249431 0.296563 0
0.250911 0.296587 0
0.253285 0.295321 0
0.256082 0.29481 1
0.258827 0.294483 0
0.264695 0.295626 0
0.271851 0.297299 0
0.276549 0.293301 0
0.291958 0.287421 0
0.310694 0.29242 0
0.326471 0.285093 0
0.36142 0.305059 0
0.411068 0.337068 0
0.42908 0.355918 0
0.443867 0.359572 0
0.468884 0.350569 0
0.489568 0.354146 0
0.508706 0.353243 0
0.529691 0.351715 0
0.55302 0.354588 0
0.577036 0.357653 0
0.611876 0.364543 0
0.665843 0.345724 0
0.68332 0.328164 0
0.693933 0.308558 0
0.717479 0.298444 0
0.731147 0.292438 0
0.739129 0.293233 0
0.751885 0.279653 0
0.758719 0.276134 1
0.771819 0.261625 0
0.775828 0.243871 0
0.7824 0.237539 0
0.79432 0.222182 0
0.80566 0.19801 0
0.819891 0.183139 0
0.855034 0.154228 0
0.893776 0.0818699 0
0.916393 0.0462428 0
0.916671 0.0429475 0
0.915622 0.0389627 0
0.915975 0.0375604 1
0.921958 0.0236764 0
0.926685 0.0122262 0
0.928313 0.0111471 0
0.929608 0.0110896 1
0.933611 0.00951266 0
0.937423 0.00497898 0
0.94302 0.00200177 0
0.950277 0 0
0.955652 0.00451125 0
0.960614 0.0068406 1
0.965616 0.00960072 0
0.968933 0.0139134 0
0.972191 0.0199181 0
0.975126 0.0261124 0
0.976736 0.0305057 0
0.979011 0.0336739 0
0.978164 0.0401968 0
0.970311 0.0509988 1
0.983158 0.0698536 0
0.991667 0.0818855 0
1 0.129844 0
0.989736 0.168157 0
0.990618 0.208728 0
0.957858 0.253978 0
0.935837 0.283098 0
0.921039 0.330057 0
0.89304 0.393266 0
0.863174 0.427418 0
0.834623 0.468071 0
0.813852 0.466342 0
0.791485 0.469352 0
0.782199 0.478064 0
0.77092 0.475035 0
0.762097 0.478075 1
0.759193 0.482673 0
0.759991 0.480912 0
0.752443 0.487281 0
0.736931 0.483893 0
0.636489 0.537603 0
0.631012 0.55313 0
0.628599 0.551657 0
0.625873 0.554083 1
0.616775 0.554791 0
0.591252 0.566085 0
0.574147 0.557566 0
0.531754 0.553812 0
0.521482 0.562176 0
0.515291 0.563132 1
0.515842 0.561511 0
0.503359 0.547976 0
0.43081 0.537865 0
0.385731 0.506467 0
0.38017 0.505429 0
0.358121 0.499159 0
0.348577 0.486962 0
0.340644 0.481251 1
0.321257 0.476054 0
0.311335 0.465913 0
0.304363 0.460148 0
0.270902 0.409423 0
0.264243 0.400937 0
0.260797 0.396784 0
0.256361 0.392003 0
0.247835 0.395113 0
0.157763 0.238025 0
0.16168 0.22318 0
0.159449 0.221882 0
0.15423 0.217955 0
0.163151 0.210287 0
0.12469 0.115283 0
0.120474 0.114471 0
0.113855 0.112344 0
0.10897 0.102495 0
0.094767 0.102807 1
0.0921062 0.0998476 0
0.0875846 0.0954573 0
0.0586654 0.052421 0
0.05449 0.0509811 0
0.0502789 0.0544623 0
0.0455319 0.0549584 0
0.0401407 0.0581369 0
0.0381831 0.0608777 1
0.033901 0.0617609 0
0.0330662 0.0645356 0
0.0309065 0.0751607 0
0.0262603 0.0795636 0
0.0247085 0.0805221 0
0.023299 0.0826374 1
0.0270165 0.10457 0
0.0368789 0.123636 0
0.0560974 0.125674 0
0.07035 0.133031 1
0.0718131 0.137474 0
0.0735503 0.143717 0
0.080546 0.160834 0
0.111275 0.200352 0
0.0872804 0.191193 0
0.186741 0.287674 0
0.208248 0.288266 0
0.21313 0.283229 0
0.221488 0.283089 0
0.229821 0.283009 0
0.230395 0.286054 0
0.263932 0.297627 0
