0.595132 0.0915019 0
0.611952 0.154384 0
0.623563 0.140917 0
0.632007 0.141428 0
0.657748 0.143026 0
0.69303 0.161133 0
0.701366 0.164264 1
0.704862 0.178278 0
0.703265 0.170988 0
0.721338 0.228191 0
0.740615 0.251783 0
0.767271 0.264398 0
0.789904 0.278257 1
0.777743 0.276357 0
0.79337 0.336848 0
0.814639 0.363974 0
0.809249 0.359404 0
0.842687 0.382638 0
0.845596 0.38968 0
0.851286 0.409444 0
0.8546 0.438773 0
0.857003 0.459045 0
0.86243 0.479188 0
0.85713 0.494167 0
0.868947 0.511279 0
0.877522 0.529128 0
0.877526 0.537642 0
0.873446 0.548613 0
0.875707 0.578576 1
0.874116 0.588857 0
0.877311 0.596907 0
0.883751 0.596975 0
0.887606 0.597071 1
0.889443 0.59918 0
0.890419 0.599192 0
0.891119 0.600165 0
0.894142 0.602512 0
0.938074 0.604159 0
0.936772 0.605073 1
0.938595 0.605124 0
0.938335 0.604569 0
0.944962 0.602554 0
0.942913 0.55615 0
0.954422 0.556863 0
0.957735 0.556443 1
0.960381 0.549981 0
0.962801 0.542764 0
0.958382 0.527549 0
0.955855 0.481733 0
0.954291 0.471056 0
0.949149 0.46387 0
0.948661 0.462233 0
0.941917 0.441568 0
0.947641 0.40271 0
0.930618 0.365707 0
0.837689 0.300545 0
0.840416 0.302674 0
0.835761 0.297821 0
0.831756 0.297832 1
0.831399 0.294092 0
0.837963 0.29585 0
0.810717 0.203087 0
0.808558 0.192758 0
0.79047 0.184214 0
0.798873 0.18904 0
0.764999 0.169411 0
0.757758 0.164255 1
0.758135 0.160623 0
0.743968 0.136703 0
0.736651 0.124541 0
0.750546 0.128104 0
0.634475 0.0824935 0
0.637002 0.0794108 0
0.634844 0.0777173 0
0.635999 0.0818346 0
0.579326 0.0925361 0
0.575837 0.0804079 1
0.575831 0.0804112 0
0.575804 0.0804259 0
0.575711 0.0804841 0
0.575214 0.0806875 0
0.574794 0.0805706 0
0.571164 0.0775591 0
0.533589 0.0661659 0
0.403775 0.00831389 0
0.372299 0.0985965 0
0.37856 0.105654 1
0.378095 0.106554 0
0.374323 0.107816 0
0.364768 0.116234 0
0.293027 0.217743 0
0.266267 0.189688 0
0.264579 0.186416 0
0.271668 0.196351 0
0.226965 0.297745 0
0.201509 0.298957 0
0.199658 0.297285 0
0.180525 0.306795 0
0.175505 0.309067 1
0.172335 0.310832 0
0.168135 0.340189 0
0.166114 0.372084 0
0.165973 0.378826 0
0.15949 0.397429 0
0.142277 0.410762 0
0.107581 0.514604 0
0.0908814 0.511236 0
0.0711117 0.51664 0
0.0651971 0.519486 1
0.0640171 0.521426 0
0.0606377 0.522703 0
0.0501723 0.536077 0
0.0286271 0.558389 0
0.0295012 0.560823 0
0.0292924 0.55928 0
0.0287776 0.559008 0
0.0276229 0.558836 0
0.0264528 0.558399 0
0.0258256 0.557937 0
0.0255191 0.558066 0
0.0248075 0.557562 0
0.0243178 0.556751 0
0.0240786 0.556207 1
0.0233453 0.554531 0
0.0235501 0.552183 0
0.0165169 0.540685 0
0.047643 0.499139 0
0.0530277 0.491925 0
0.0557225 0.494326 0
0.0620153 0.485202 0
0.0548768 0.415513 0
0.106935 0.350658 0
0.115603 0.350088 0
0.114202 0.342711 0
0.114976 0.335819 1
0.114285 0.330198 0
0.103185 0.330899 0
0.150617 0.260719 0
0.162817 0.226244 0
0.16701 0.22224 0
0.175981 0.211317 0
0.195233 0.180526 0
0.243142 0.147411 0
0.25051 0.150131 0
0.255325 0.151715 1
0.259544 0.147859 0
0.259308 0.147415 0
0.260109 0.147647 0
0.275681 0.132512 0
0.293961 0.110075 0
0.429293 0.0820245 0
0.423232 0.0786172 0
0.423993 0.0789348 1
0.425617 0.0817045 0
0.431237 0.0859835 0
0.430735 0.0913565 0
0.467989 0.121554 0
0.487255 0.124049 0
0.524208 0.112775 0
0.539474 0.116763 0
0.545854 0.125623 0
0.56114 0.137439 0
0.594121 0.146669 0
0.608918 0.145239 0
0.611384 0.138227 0
0.675916 0.15432 0
0.688944 0.158852 0
0.704123 0.182258 0
0.709845 0.197192 0
0.7126 0.20848 0
0.733631 0.236308 0
0.738784 0.245809 0
0.771084 0.325142 0
0.786841 0.338041 0
0.79284 0.346182 0
0.831765 0.373215 0
0.836456 0.368573 1
0.845179 0.386238 0
0.845094 0.41716 0
0.846078 0.430083 0
0.857631 0.44944 0
0.867206 0.46314 0
0.877014 0.485632 0
0.880086 0.503926 0
0.889971 0.516058 0
0.881082 0.525274 0
0.910632 0.59256 0
0.921021 0.599222 0
0.921096 0.601486 0
0.92173 0.601503 0
0.922606 0.602125 1
0.923385 0.602673 0
0.924246 0.602735 0
0.924398 0.599682 0
0.957292 0.605168 0
0.955934 0.600666 0
0.958147 0.597428 0
0.960067 0.596591 0
0.961654 0.594394 1
0.965568 0.595577 0
0.973941 0.592423 0
0.978835 0.590362 0
0.983309 0.588026 0
1 0.57925 0
0.966448 0.515987 0
0.958082 0.502676 0
0.953387 0.491408 1
0.957019 0.487321 0
0.951742 0.477869 0
0.944772 0.405693 0
0.925686 0.359792 0
0.924456 0.363861 0
0.923744 0.354388 0
0.90334 0.333432 0
0.880756 0.307709 0
0.870615 0.300134 0
0.838978 0.283113 0
0.835273 0.274907 0
0.844039 0.229679 0
0.823271 0.206918 0
0.791437 0.185063 0
0.782748 0.177568 0
0.759675 0.165547 0
0.751302 0.148466 0
0.74565 0.145282 0
0.728133 0.121424 0
0.711071 0.110308 0
0.661097 0.0831024 0
0.646308 0.0837778 0
0.632367 0.0801024 0
0.627692 0.079143 1
0.629083 0.0777288 0
0.637877 0.0654953 0
0.553824 0.0687223 0
0.556123 0.0617108 0
0.554955 0.0613857 0
0.5571 0.0696105 0
0.506873 0.0615472 0
0.503594 0.0589147 0
0.494098 0.0496527 0
0.482466 0.027351 0
0.366877 0.107379 0
0.379527 0.0978188 0
0.378983 0.0985813 0
0.378694 0.0978846 0
0.361641 0.0980647 0
0.276617 0.20358 0
0.271494 0.188176 0
0.265896 0.183359 1
0.264286 0.188427 0
0.259204 0.194413 0
0.240578 0.253573 0
0.225612 0.272997 0
0.21752 0.27545 0
0.194034 0.287085 0
0.174708 0.339836 0
0.171264 0.371643 0
0.142764 0.413483 0
0.136797 0.415728 0
0.133572 0.416248 0
0.116843 0.433575 0
0.104736 0.462356 0
0.102746 0.47777 0
0.101178 0.474923 0
0.0572985 0.557611 0
0.058817 0.551948 0
0.0534083 0.552225 0
0.0487328 0.550987 0
0.0423119 0.57167 0
0.0353896 0.573767 0
0.0348706 0.575234 0
0.0325814 0.575886 0
0.0359566 0.566938 0
0.0302056 0.572904 0
0.0240532 0.573345 1
0.022304 0.572498 0
0.0221542 0.571107 0
0.0205364 0.569486 0
0.0185207 0.569619 0
0.0180788 0.567832 0
0.0167889 0.566109 0
0.0104752 0.563145 0
0.0225661 0.531971 0
0.0206071 0.52778 0
0.0522267 0.489234 0
0.0500314 0.478983 0
0.0634332 0.468684 1
0.0600973 0.457675 0
0.0566711 0.423763 0
0.0784458 0.393032 0
0.0774681 0.380461 0
0.0866673 0.36566 0
0.102108 0.353728 0
0.108059 0.340742 0
0.123048 0.326237 0
0.165433 0.235821 0
0.163611 0.235601 0
0.169949 0.223406 0
0.171903 0.221011 0
0.197878 0.199708 0
0.203968 0.194352 1
0.211828 0.181805 0
0.23308 0.158189 0
0.270786 0.150242 0
0.272015 0.146034 0
0.282657 0.139064 0
0.305244 0.120314 0
0.299831 0.133633 0
0.413244 0.077256 0
0.408224 0.0835138 0
0.413391 0.080328 0
0.418679 0.0743758 0
0.437918 0.0921151 0
0.441442 0.0977263 0
0.517223 0.105497 0
0.524535 0.102294 0
0.539657 0.105813 0
0.592154 0.0689954 0
0.584792 0.0718972 1
0.584443 0.0721388 0
0.591309 0.0747793 0
0.624411 0.130912 0
0.633218 0.13847 0
0.666182 0.14041 0
0.688615 0.155486 0
0.701264 0.161438 0
0.703911 0.164131 0
0.717221 0.201655 0
0.721633 0.209032 0
0.744414 0.248649 0
0.768909 0.257865 0
0.793519 0.270925 0
0.781059 0.305843 0
0.782605 0.335767 0
0.827034 0.358377 0
0.841819 0.364723 0
0.859148 0.391719 0
0.873102 0.412658 0
0.878245 0.442106 0
0.880351 0.451325 0
0.898641 0.490325 0
0.904775 0.493487 0
0.906034 0.495008 1
0.905286 0.504094 0
0.903017 0.511481 0
0.937585 0.574845 0
0.949514 0.58868 0
0.945909 0.585761 0
0.950578 0.586899 0
0.953709 0.588319 0
0.95511 0.589025 0
0.955652 0.588624 0
0.956271 0.588549 1
0.956449 0.588337 0
0.957518 0.587457 0
0.958348 0.586977 0
0.958786 0.585908 0
0.960018 0.584608 0
0.962336 0.582197 0
0.964019 0.586488 0
0.956119 0.522484 0
0.961083 0.518523 0
0.968784 0.513014 0
0.955068 0.471129 0
0.94916 0.462601 1
0.94905 0.437981 0
0.952339 0.426564 0
0.944429 0.405071 0
0.946863 0.382831 0
0.929394 0.358329 0
0.915319 0.323946 0
0.899009 0.311981 0
0.887483 0.304354 0
0.853549 0.270919 0
0.847414 0.268422 1
0.854575 0.256737 0
0.832542 0.217689 0
0.83829 0.217996 0
0.827866 0.196955 0
0.834679 0.193801 0
0.757714 0.140311 0
0.725783 0.119796 0
0.715989 0.114522 0
0.711527 0.115579 0
0.697911 0.111787 1
0.68729 0.0920365 0
0.67514 0.0865322 0
0.668985 0.0805718 0
0.635049 0.0443054 0
0.636203 0.0502759 0
0.57803 0.01669 0
0.55923 0.0574311 0
0.555661 0.0609597 1
0.548701 0.0503356 0
0.508737 0.0616527 1
0.50999 0.0614485 0
0.49899 0.0545846 0
0.48145 0.0242664 0
0.424279 0 0
0.368278 0.0824112 0
0.383077 0.0936249 1
0.382135 0.0910827 0
0.376378 0.0863255 0
0.354235 0.103136 0
0.279872 0.192577 0
0.27215 0.186641 0
0.265215 0.186565 0
0.262114 0.189528 0
0.258588 0.209918 0
0.239025 0.256122 0
0.224815 0.278942 0
0.210645 0.285702 0
0.200074 0.297931 0
0.180914 0.332776 0
0.113237 0.425415 0
0.117629 0.435605 0
0.117083 0.438457 0
0.111663 0.440875 0
0.0989072 0.441946 1
0.0968347 0.442645 0
0.0968427 0.447166 0
0.0942488 0.443979 0
0.0541376 0.564951 0
0.0473001 0.556315 0
0.0453858 0.555215 0
0.044382 0.55546 0
0.0434849 0.556302 1
0.0432555 0.556777 0
0.0407477 0.555453 0
0.0246016 0.586223 0
0.0213771 0.589132 0
0.0166732 0.584265 0
0.0147601 0.57929 0
0.0145641 0.578239 0
0.0148604 0.575057 0
0.013704 0.57482 0
0.0137674 0.573595 1
0.0108351 0.572618 0
0.00434589 0.573595 0
0 0.569535 0
0.0127114 0.522317 0
0.0141067 0.525907 0
0.00781628 0.525747 0
0.0221785 0.514046 0
0.0282172 0.507586 1
0.0339534 0.499248 0
0.0358178 0.47164 0
0.0419141 0.441666 0
0.0384351 0.40767 0
0.0493802 0.396654 0
0.0584766 0.368719 0
0.0676924 0.340767 0
0.112111 0.309198 0
0.127622 0.296645 0
0.126383 0.297941 1
0.127996 0.285368 0
0.129226 0.242807 0
0.151069 0.214149 0
0.165525 0.20773 0
0.171809 0.195445 0
0.201219 0.168051 0
0.286212 0.118618 0
0.288175 0.127604 0
0.29388 0.12706 0
0.302804 0.126801 1
0.302813 0.12675 0
0.305223 0.127504 0
0.301581 0.117283 0
0.394461 0.0960509 1
0.405314 0.0938318 0
0.448447 0.110786 0
0.469203 0.119006 0
0.515563 0.115422 0
0.533811 0.0947434 0
0.535558 0.0944368 1
0.529091 0.100141 0
0.632365 0.141518 0
0.586173 0.150697 0
0.643728 0.140846 0
0.648312 0.13857 0
0.650132 0.137207 1
0.662601 0.151504 0
0.681388 0.163642 0
0.705677 0.173751 0
