0.438072 0.407522 0
0.433288 0.404755 0
0.433983 0.404495 0
0.433256 0.404206 0
0.43432 0.403896 0
0.434461 0.403711 0
0.434869 0.403608 1
0.435124 0.403484 0
0.435472 0.403134 0
0.435325 0.40229 0
0.434564 0.401342 0
0.434689 0.400982 0
0.435085 0.400967 0
0.435797 0.401095 0
0.436348 0.400565 0
0.43576 0.399887 0
0.436063 0.400248 0
0.436361 0.399714 0
0.435404 0.397693 0
0.435488 0.397282 0
0.436055 0.397332 0
0.436707 0.397581 0
0.436667 0.397093 0
0.43671 0.396473 0
0.437068 0.396154 0
0.437239 0.395696 0
0.434254 0.393605 0
0.433948 0.37088 0
0.432048 0.369358 0
0.432399 0.369363 0
0.432605 0.369425 0
0.432634 0.369468 0
0.43272 0.369484 0
0.432855 0.369446 0
0.432858 0.369416 0
0.432849 0.369444 0
0.43288 0.369403 0
0.432879 0.3694 0
0.432879 0.3694 1
0.432947 0.369423 0
0.43296 0.369486 0
0.43301 0.369458 0
0.433046 0.369318 0
0.433157 0.369161 0
0.432601 0.368836 0
0.4324 0.368929 0
0.43223 0.368958 0
0.431997 0.368795 0
0.431865 0.368592 0
0.431935 0.368331 0
0.431572 0.3681 0
0.431553 0.367892 0
0.431453 0.367832 0
0.431335 0.367757 0
0.431077 0.367711 0
0.430849 0.367682 0
0.43073 0.367791 0
0.43025 0.36718 0
0.430105 0.366841 0
0.429985 0.366469 0
0.429662 0.366383 0
0.429268 0.366337 0
0.429136 0.36483 0
0.42866 0.363772 0
0.428619 0.363439 0
0.427941 0.362202 0
0.428958 0.359607 0
0.429031 0.357989 0
0.428959 0.356752 0
0.42881 0.35637 0
0.42865 0.356703 0
0.428624 0.356919 0
0.428819 0.355992 0
0.428549 0.355753 0
0.428469 0.355555 0
0.428479 0.355418 0
0.428516 0.355196 0
0.428708 0.355026 0
0.42875 0.355033 0
0.428684 0.354795 0
0.4287 0.354559 1
0.428408 0.354308 0
0.427948 0.354546 0
0.427306 0.354998 0
0.426735 0.355233 0
0.42613 0.355437 0
0.425271 0.356412 0
0.424969 0.356892 0
0.424652 0.356285 0
0.424314 0.35611 0
0.424103 0.356606 0
0.423425 0.356914 0
0.423041 0.356477 0
0.423004 0.356426 0
0.422343 0.357036 0
0.421501 0.359102 0
0.421138 0.360665 0
0.420769 0.360823 0
0.420702 0.360541 0
0.420531 0.360347 0
0.420141 0.360064 0
0.419865 0.360758 0
0.419816 0.3617 0
0.419802 0.362751 0
0.419694 0.363646 0
0.419915 0.364473 0
0.419827 0.364654 1
0.419821 0.364663 0
0.419738 0.364741 0
0.41978 0.364686 0
0.419752 0.364692 0
0.419519 0.364888 0
0.419533 0.364888 0
0.419388 0.364747 0
0.41958 0.364804 0
0.419755 0.364751 0
0.419735 0.364786 0
0.419588 0.364965 0
0.419661 0.365064 0
0.419591 0.365465 0
0.419665 0.36601 0
0.419728 0.366004 0
0.419781 0.365967 0
0.419793 0.366224 0
0.419901 0.366753 0
0.420007 0.367267 0
0.418163 0.367716 0
0.429395 0.380195 0
0.429996 0.379624 0
0.43073 0.379262 0
0.431054 0.378983 0
0.433325 0.379195 0
0.435136 0.378286 0
0.435327 0.378325 0
0.4348 0.378368 0
0.43426 0.378544 0
0.433988 0.378599 0
0.434236 0.378467 0
0.434968 0.378305 0
0.435148 0.378431 0
0.435754 0.378176 0
0.435849 0.378296 0
0.435806 0.378277 0
0.435868 0.378372 0
0.43626 0.37836 0
0.436145 0.378374 0
0.436038 0.378597 0
0.436239 0.378534 0
0.436349 0.378399 0
0.436203 0.378435 0
0.436228 0.378539 0
0.436314 0.378479 0
0.436288 0.378409 0
0.436078 0.378342 0
0.436177 0.378307 0
0.436366 0.378265 0
0.436455 0.378309 1
0.436455 0.378309 0
0.436455 0.378309 0
0.436454 0.378308 0
0.436452 0.37831 0
0.436427 0.378277 0
0.436384 0.378197 0
0.436428 0.378245 0
0.4364 0.378237 0
0.436318 0.378011 0
0.436432 0.377984 0
0.436491 0.378188 0
0.436482 0.378238 0
0.436347 0.377878 0
0.436443 0.378163 0
0.436572 0.378235 0
0.436506 0.37765 0
0.436615 0.37811 0
0.437313 0.378751 0
0.442789 0.370127 0
0.454839 0.3538 0
0.45574 0.355027 0
0.455206 0.354966 0
0.455806 0.354329 0
0.455648 0.354137 0
0.455771 0.353909 0
0.454943 0.35399 0
0.454402 0.354328 0
0.45439 0.354222 0
0.454154 0.354485 0
0.454115 0.354471 0
0.454113 0.354478 0
0.454112 0.354479 1
0.453782 0.354466 0
0.453697 0.354211 0
0.453811 0.354307 0
0.453984 0.35432 0
0.453825 0.35421 0
0.453931 0.354383 0
0.453969 0.35426 0
0.453822 0.353923 0
0.453741 0.354177 0
0.453339 0.354106 0
0.453567 0.354177 0
0.453546 0.354376 0
0.453697 0.354509 0
0.453727 0.354558 0
0.454015 0.354486 0
0.454084 0.354467 0
0.454004 0.354475 0
0.453914 0.354515 0
0.453808 0.354327 0
0.45397 0.354134 0
0.45398 0.354263 0
0.453973 0.354429 0
0.452704 0.35049 0
0.445593 0.368249 0
0.445944 0.369767 0
0.446362 0.37031 0
0.446355 0.370343 0
0.446332 0.370321 0
0.446253 0.370201 0
0.446155 0.369958 0
0.446172 0.370032 0
0.446428 0.370407 0
0.446491 0.370551 0
0.446447 0.370515 0
0.446602 0.370813 0
0.446785 0.370921 0
0.446745 0.370856 0
0.446641 0.370589 0
0.446691 0.370553 0
0.446718 0.370557 0
0.446733 0.370682 0
0.446809 0.370778 0
0.446826 0.370783 0
0.446804 0.370702 0
0.446829 0.37068 0
0.446903 0.370836 0
0.446951 0.370897 0
0.446682 0.370799 0
0.446822 0.370979 0
0.447083 0.371239 0
0.447079 0.371474 0
0.447103 0.371536 0
0.447175 0.371631 0
0.447226 0.371648 0
0.447221 0.371518 0
0.447206 0.371573 0
0.447122 0.37167 0
0.447233 0.371768 0
0.447201 0.371757 0
0.447124 0.371655 0
0.447077 0.3715 0
0.447101 0.371561 0
0.447149 0.371741 0
0.447137 0.371777 0
0.447129 0.371765 0
0.447086 0.371761 0
0.447044 0.371763 0
0.447076 0.371739 0
0.44715 0.371727 0
0.447243 0.371739 0
0.447429 0.371913 0
0.447396 0.371926 0
0.44738 0.37192 0
0.44746 0.372039 1
0.447456 0.372038 0
0.447358 0.372042 0
0.4473 0.371991 0
0.44721 0.37199 0
0.447039 0.371904 0
0.446798 0.3718 0
0.446708 0.371747 0
0.446878 0.371997 0
0.446957 0.37205 0
0.447413 0.371661 0
0.4476 0.371972 0
0.447637 0.371856 0
0.447612 0.371936 0
0.447613 0.371946 0
0.447627 0.37199 0
0.446991 0.372096 0
0.447532 0.372301 0
0.447436 0.372371 0
0.44685 0.372246 0
0.447246 0.372326 0
0.447213 0.372345 0
0.447133 0.372274 0
0.446929 0.37228 0
0.446955 0.372339 0
0.446824 0.372402 0
0.44682 0.372515 0
0.446823 0.37265 0
0.446754 0.372763 0
0.446703 0.372884 0
0.44667 0.372914 0
0.44686 0.372969 0
0.446653 0.373182 0
0.446604 0.373411 0
0.446799 0.373506 0
0.446753 0.373757 0
0.446752 0.37381 0
0.446668 0.373989 0
0.446939 0.374012 0
0.446593 0.374267 0
0.446371 0.374533 0
0.446218 0.374785 0
0.445986 0.375062 0
0.445897 0.375089 0
0.445726 0.375143 0
0.445638 0.375239 0
0.445994 0.375085 0
0.444923 0.37597 0
0.444633 0.376641 0
0.444252 0.376931 0
0.443873 0.377468 0
0.443736 0.377925 0
0.443439 0.378769 0
0.445011 0.376592 0
0.440978 0.381789 0
0.441578 0.38175 0
0.441284 0.382153 0
0.441381 0.38234 0
0.441427 0.382495 0
0.441481 0.38259 0
0.441451 0.382759 0
0.441365 0.382937 0
0.441422 0.383071 0
0.441734 0.383043 0
0.441726 0.383017 0
0.44163 0.383145 0
0.441619 0.383323 0
0.441524 0.383532 0
0.441628 0.383509 0
0.441611 0.383579 0
0.441607 0.383629 1
0.441616 0.383638 0
0.441631 0.383642 0
0.441663 0.38365 0
0.441661 0.383643 0
0.441737 0.383669 0
0.441864 0.383747 0
0.441908 0.383778 0
0.441902 0.383804 0
0.441887 0.38388 0
0.442167 0.38344 0
0.441599 0.384442 0
0.441494 0.384259 0
0.44148 0.38426 0
0.441463 0.384403 0
0.441406 0.384506 0
0.441286 0.384591 0
0.441138 0.384754 0
0.441336 0.384822 0
0.438997 0.386208 0
0.438953 0.363219 0
0.439872 0.363175 0
0.440014 0.362871 0
0.440078 0.362367 0
0.440219 0.362195 0
0.440109 0.362185 0
0.440042 0.362085 0
0.439943 0.361762 0
0.43975 0.361884 0
0.43941 0.361666 0
0.439296 0.361566 0
0.439585 0.361584 0
0.439986 0.360878 0
0.43982 0.360576 0
0.43981 0.360378 0
0.439747 0.36012 0
0.439851 0.360014 0
0.439801 0.359681 0
0.439663 0.359714 0
0.439636 0.359545 0
0.439674 0.359327 0
0.439688 0.359118 0
0.439696 0.358926 0
0.439762 0.358721 0
0.439796 0.358645 0
0.439782 0.358602 0
0.439793 0.358481 0
0.439792 0.35846 0
0.439802 0.358451 1
0.440011 0.358391 0
0.440036 0.358439 0
0.439821 0.358485 0
0.439805 0.358455 0
0.439803 0.358452 0
0.439802 0.358451 0
0.439802 0.358451 0
0.439802 0.358451 0
0.439802 0.358451 0
0.439802 0.358451 0
0.439802 0.358451 0
0.439802 0.358451 0
0.439802 0.358451 0
0.439802 0.358451 0
0.439805 0.35845 0
0.43981 0.358464 0
0.439943 0.358614 0
0.44187 0.359544 0
0.451131 0.369363 0
0.451121 0.370689 0
0.451426 0.370852 0
0.451452 0.370992 0
0.452066 0.371798 0
0.451742 0.371264 0
0.451785 0.371373 0
0.451903 0.37145 0
0.451878 0.37133 0
0.452231 0.371808 0
0.452281 0.371801 0
0.452309 0.371823 0
0.452352 0.371856 0
0.452326 0.371841 0
0.452293 0.371815 0
0.452315 0.371825 0
0.452341 0.371849 0
0.45235 0.371859 0
0.45235 0.37186 0
0.452351 0.37186 1
0.45228 0.372002 0
0.45216 0.372127 0
0.452128 0.372214 0
0.45215 0.372311 0
0.45236 0.372236 0
0.452482 0.372151 0
0.452537 0.372096 0
0.452278 0.37239 0
0.452317 0.37247 0
0.452349 0.372477 0
0.452414 0.372442 0
0.452386 0.372492 0
0.452545 0.372303 0
0.452447 0.372496 0
0.452558 0.372404 0
0.452466 0.372457 0
0.452646 0.372219 0
0.452618 0.372339 0
0.452588 0.372428 0
0.452724 0.372349 0
0.452714 0.372221 0
0.452588 0.372424 0
0.452683 0.372315 0
0.45273 0.372275 0
0.452805 0.372239 0
0.45266 0.372465 0
0.452668 0.372439 0
0.452752 0.372312 0
0.452781 0.372244 0
0.452449 0.372677 0
0.452584 0.372588 0
0.453012 0.372049 0
0.453399 0.371325 0
0.453205 0.371678 0
0.453024 0.371958 0
0.45291 0.372142 0
0.45294 0.372093 0
0.452974 0.372034 0
0.453014 0.371975 0
0.453077 0.371933 0
0.453181 0.371797 0
0.453195 0.371927 0
0.453375 0.371825 0
0.453497 0.371531 0
0.453592 0.371556 0
0.453779 0.371404 0
0.453811 0.371537 0
0.45395 0.371547 0
0.453707 0.371875 0
0.453623 0.372106 0
0.453807 0.372069 0
0.454155 0.371927 0
0.454111 0.372107 0
0.453884 0.37246 0
0.45375 0.372644 0
0.453772 0.372678 0
0.453868 0.372731 0
0.453887 0.372855 1
0.454371 0.373119 0
0.454762 0.373488 0
0.45507 0.373773 0
0.455366 0.374387 0
0.455902 0.374895 0
0.456147 0.375977 0
0.456298 0.376208 0
0.456174 0.376158 0
0.456332 0.376263 0
0.456457 0.376742 0
0.456503 0.377248 0
0.456809 0.377389 0
0.456817 0.37814 0
0.456691 0.378973 0
0.456482 0.379427 0
0.454896 0.383345 0
0.453648 0.383646 0
0.45369 0.384657 0
0.450841 0.386689 0
0.450582 0.38617 0
0.45062 0.386116 0
0.450468 0.385965 0
0.450197 0.385867 0
0.450299 0.385874 0
0.450303 0.385647 0
0.450332 0.385385 0
0.450177 0.38511 0
0.450112 0.38487 1
0.450177 0.384869 0
0.450349 0.38459 0
0.450421 0.384334 0
0.450326 0.384215 0
0.450164 0.384398 0
0.449662 0.384907 0
0.451678 0.38125 0
0.415032 0.390066 0
0.408869 0.378503 0
0.408784 0.379591 0
0.407913 0.379194 0
0.407116 0.378977 0
0.406733 0.378719 0
0.406374 0.378241 0
0.405933 0.378079 0
0.405752 0.378021 0
0.40556 0.377978 0
0.405554 0.377969 1
0.403786 0.378208 0
0.397695 0.381465 0
0.392124 0.384113 0
0.385803 0.390306 0
0.381457 0.3974 0
0.378141 0.401911 0
0.375465 0.406389 0
0.372718 0.410128 0
0.368764 0.413152 0
0.366358 0.419614 0
0.363901 0.424189 0
0.360093 0.427326 0
0.359469 0.427664 0
0.358923 0.427367 0
0.355239 0.430295 0
0.352797 0.432667 1
0.351273 0.442162 0
0.349176 0.446155 1
0.347206 0.453611 0
0.589736 0.422141 1
0.589892 0.425175 0
0.615737 0.454963 0
0.608757 0.45472 0
0.60771 0.455415 1
0.614165 0.460306 0
0.623192 0.473009 0
0.625383 0.483419 0
0.629835 0.490427 1
0.638078 0.498438 0
0.643712 0.505906 0
0.646962 0.514599 0
0.656158 0.524871 1
0.66658 0.533689 0
0.679295 0.541742 1
0.694679 0.550179 0
0.305057 0.620373 1
0.29738 0.632752 0
0.294803 0.646762 0
0.284667 0.65842 0
0.272295 0.668087 1
0.27179 0.668123 0
0.2715 0.668362 0
0.271413 0.667516 0
0.264591 0.674714 0
0.238949 0.724977 0
0.198077 0.745801 0
0.196667 0.74639 0
0.195644 0.746418 1
0.19799 0.741033 0
0.182378 0.775765 0
0.185837 0.773819 0
0.196383 0.749867 0
0.138892 0.800352 0
0.140801 0.79914 1
0.131526 0.810251 0
0.124696 0.812385 1
0.118815 0.820348 0
0.112729 0.829062 1
0.108267 0.835837 0
0.103967 0.842525 1
0.0986288 0.849397 0
0.991237 0.710761 1
0.996002 0.714557 0
0.996417 0.721231 1
1 0.72438 0
0.99961 0.72655 1
0.998846 0.729341 0
0.997695 0.733704 0
0.995179 0.733595 0
0.992223 0.732607 1
0.991925 0.734404 0
0.973069 0.708991 0
0.973117 0.708404 0
0.970726 0.70882 0
0.97234 0.704657 0
0.971627 0.704023 1
0.969716 0.703805 0
0.968272 0.703214 0
0.967451 0.702675 0
0.9603 0.705445 0
0.930648 0.655417 0
0.928628 0.656096 1
0.920256 0.643483 0
0.924415 0.649485 0
0.918424 0.643142 0
0.917618 0.64208 1
0.916625 0.642129 0
0.914345 0.641374 0
0.91188 0.642294 0
0.904703 0.641751 1
0.90473 0.643249 0
0.904449 0.644119 0
0.904944 0.645492 0
0.904384 0.646669 0
0.90454 0.64794 0
0.904655 0.648841 0
0.904333 0.650198 0
0.904987 0.6518 0
0.904542 0.652941 0
0.905096 0.653915 1
0.90557 0.656055 0
0.906748 0.657528 0
0.908067 0.658453 0
0.912308 0.658228 0
0.913529 0.658839 0
0.916031 0.658337 0
0.917272 0.65874 0
0.918333 0.659129 0
0.919677 0.659033 0
0.919948 0.659455 0
0.920391 0.660074 0
0.920854 0.659907 0
0.921125 0.66001 0
0.921715 0.659716 1
0.921715 0.659716 0
0.921715 0.659716 0
0.921715 0.659716 0
0.921715 0.659716 0
0.921715 0.659716 0
0.921715 0.659716 0
0.921715 0.659716 0
0.921715 0.659716 0
0.921715 0.659716 0
0.921715 0.659715 0
0.921709 0.659724 0
0.921697 0.659767 0
0.921574 0.659702 0
0.922625 0.663678 0
0.943071 0.659812 0
0.94257 0.661556 0
0.942386 0.661254 0
0.942326 0.661189 0
0.942322 0.661177 0
0.942322 0.661178 0
0.942322 0.661178 0
0.942322 0.661178 0
0.942322 0.661178 0
0.942322 0.661178 1
0.941961 0.660826 0
0.944329 0.658596 0
0.944428 0.65442 0
0.944689 0.651544 0
0.939264 0.647547 0
0.93528 0.646613 1
0.937037 0.643979 0
0.937533 0.642061 0
0.939561 0.633473 0
0.88962 0.63732 0
0.896176 0.634786 0
0.897702 0.634617 1
0.885007 0.623311 0
0.872895 0.624274 1
0.85946 0.623826 0
0.742401 0 1
0.733274 0.00952331 0
0.722442 0.0178533 1
0.124548 0.122339 0
0.146251 0.128715 1
0.159487 0.135218 0
0.174093 0.144025 1
0.184208 0.154444 0
0.200563 0.164622 1
0.217116 0.179006 0
0.234084 0.19405 1
0.249848 0.204586 0
0.325602 0.58378 1
0.346811 0.55501 0
0.3454 0.547805 1
0.346757 0.546786 0
0.348487 0.546443 0
0.353146 0.55265 0
0.424959 0.472873 0
0.423861 0.474742 0
0.423561 0.47489 0
0.423568 0.474859 0
0.423574 0.474855 1
0.427136 0.479513 0
0.43141 0.482745 0
0.437188 0.488012 0
0.442021 0.489543 0
0.444601 0.492861 0
0.448724 0.496008 0
0.45288 0.500417 0
0.456241 0.500036 0
0.457173 0.503527 0
0.473296 0.493582 0
0.532908 0.455813 0
0.557891 0.435971 0
0.560193 0.439996 0
0.561094 0.439597 1
0.563872 0.437586 0
0.571028 0.435302 0
0.580375 0.433306 0
0.584327 0.431188 1
0.577405 0.436286 0
0.596694 0.414302 1
0.602549 0.408064 0
0.324937 0.447298 1
0.308653 0.478868 0
0.325313 0.508485 1
0.310619 0.523529 0
0.310761 0.483527 1
0.320739 0.503723 0
0.306352 0.525494 0
0.300087 0.533547 0
0.299424 0.534733 1
0.297688 0.530031 0
0.294316 0.525677 0
0.293603 0.522917 0
0.305459 0.506 1
0.317756 0.462703 0
0.319236 0.462165 1
0.259383 0.486866 0
0.357857 0.59387 1
0.361873 0.596848 0
0.372479 0.604618 0
0.390238 0.615659 0
0.40833 0.626394 0
0.419868 0.642294 0
0.425836 0.644712 0
0.431026 0.652771 0
0.43174 0.661057 0
0.435735 0.666775 0
0.437197 0.67348 1
0.4379 0.676504 0
0.435513 0.681432 0
0.434641 0.686103 0
0.435305 0.691655 0
0.433509 0.698506 0
0.430923 0.709685 0
0.433487 0.717512 0
0.43394 0.724117 0
0.438921 0.731005 0
0.442309 0.735556 1
0.440599 0.737686 0
0.433788 0.742438 0
0.431052 0.745011 0
0.428247 0.748878 0
0.426477 0.752498 0
0.424868 0.756025 0
0.418847 0.764049 0
0.421625 0.766949 0
0.421324 0.769565 0
0.421093 0.774 1
0.421677 0.775231 0
0.420748 0.776759 0
0.422531 0.776709 0
0.421879 0.77804 0
0.419103 0.779688 0
0.415829 0.781611 0
0.417839 0.782213 0
0.417287 0.784064 0
0.417198 0.785685 0
0.417379 0.78688 1
0.418058 0.788097 0
0.418707 0.788679 0
0.418151 0.788346 0
0.427702 0.786815 0
0.4287 0.787618 0
0.431712 0.787107 0
0.433654 0.78687 0
0.436769 0.784108 0
0.439356 0.782652 0
0.441089 0.782045 0
0.442827 0.780949 0
0.444673 0.778714 0
0.446827 0.777515 0
0.447966 0.776247 1
0.448597 0.776134 0
0.449396 0.775481 0
0.450278 0.775221 0
0.451235 0.774702 0
0.452727 0.774366 0
0.454414 0.772798 0
0.463789 0.749523 0
0.471922 0.742557 0
0.473953 0.741886 0
0.474516 0.742785 0
0.474449 0.743336 0
0.474602 0.743661 1
0.476103 0.743059 0
0.477555 0.742987 0
0.478915 0.743426 0
0.477393 0.744928 0
0.478212 0.745715 0
0.474775 0.74699 0
0.475524 0.747841 0
0.474314 0.748406 1
0.47454 0.749276 0
0.47507 0.750392 0
0.476621 0.753595 0
0.480171 0.756835 0
0.481726 0.760626 0
0.486336 0.768669 0
0.484184 0.768507 0
0.486138 0.773062 0
0.485313 0.775726 0
0.479989 0.790922 0
0.481205 0.793197 0
0.479159 0.800189 0
0.476753 0.804506 0
0.477657 0.806305 1
0.479579 0.808402 0
0.480394 0.816367 0
0.483884 0.820684 0
0.486463 0.827378 0
0.489759 0.834272 0
0.501026 0.81065 0
0.509465 0.810351 0
0.519757 0.808267 0
0.522948 0.815484 0
0.529227 0.816671 1
0.533754 0.8176 0
0.535797 0.817501 0
0.542207 0.819976 0
0.549579 0.82349 0
0.556805 0.828508 0
0.565877 0.826103 0
0.572433 0.827878 0
0.579793 0.824221 0
0.584567 0.824814 0
0.590946 0.824948 0
0.597711 0.824787 0
0.603537 0.825299 1
0.61012 0.826985 0
0.616322 0.825706 0
0.622985 0.827601 0
0.630816 0.822844 1
0.640799 0.822856 0
0.6585 0.822215 1
0.665916 0.831744 0
0.67222 0.835563 0
0.673336 0.827968 0
0.679673 0.824607 0
0.686721 0.82312 0
0.695483 0.822396 0
0.704398 0.820296 0
0.71223 0.819396 0
0.724502 0.816478 0
0.735441 0.818471 0
0.743974 0.820156 0
0.756435 0.823185 0
0.768628 0.824225 0
0.780307 0.81561 0
0.787875 0.810435 0
0.791194 0.805085 0
0.793155 0.802818 0
0.794581 0.799747 1
0.796469 0.800063 0
0.798673 0.799223 0
0.798445 0.796002 0
0.798965 0.792477 0
0.79327 0.787173 0
0.785317 0.784969 1
0.782145 0.779164 0
0.783146 0.776233 0
0.781466 0.774037 0
0.78051 0.770827 0
0.787871 0.769006 0
0.792992 0.764614 1
0.794283 0.761464 0
0.806899 0.755078 0
0.811399 0.748607 0
0.818971 0.742571 1
0.824177 0.736345 0
0.827216 0.730292 1
0.830407 0.723416 0
0.830693 0.717205 1
0.237727 0.805287 0
0.228639 0.798888 1
0.220279 0.79286 0
0.213568 0.785247 1
0.212776 0.785076 0
0.214305 0.787494 0
0.184604 0.755738 0
0.182803 0.752103 1
0.183798 0.75229 0
0.176685 0.758599 0
0.155045 0.71033 0
0.151688 0.712904 1
0.152018 0.712408 0
0.151035 0.710482 0
0.140586 0.706376 0
0.0770603 0.654246 0
0.0998124 0.648684 0
0.10145 0.648534 1
0.0905196 0.636018 0
0.0897595 0.631921 0
0.0804215 0.615501 0
0.0794765 0.607419 1
0.0784595 0.605009 0
0.0764738 0.603746 0
0.072643 0.602675 0
0.0694671 0.600824 0
0.0658034 0.599545 0
0.0630801 0.596814 0
0.0601258 0.594137 0
0.0564739 0.58986 0
0.0575365 0.583518 0
0.0551562 0.580489 0
0.0547425 0.574332 0
0.0561302 0.568696 0
0.0566074 0.565032 0
0.0578866 0.562446 0
0.0579553 0.561195 0
0.0587324 0.559843 1
0.0572278 0.559101 0
0.0524801 0.557579 0
0.049504 0.554981 0
0.044398 0.553185 0
0.0365495 0.552515 0
0.0340532 0.548681 0
0.0262708 0.547615 0
0.0232804 0.541268 0
0.0159932 0.535708 0
0.0135582 0.53283 0
0.0102673 0.529427 0
0.00950466 0.525533 1
0.00820054 0.523142 0
0.00500516 0.519978 0
0.0046531 0.518709 0
0.00409613 0.514696 0
0.00403461 0.512368 0
0.00186639 0.51017 0
0.00114203 0.508107 0
0.00251782 0.505605 1
0.00140097 0.504179 0
0.000659899 0.50259 0
0 0.501072 0
0.000894046 0.49946 0
0.00300207 0.498211 0
0.00456376 0.496734 1
0.00648215 0.494909 0
0.00494431 0.492218 0
0.00746518 0.491528 0
0.00774919 0.489764 1
0.0107653 0.488292 0
0.0163684 0.486093 0
0.021198 0.485453 0
0.0234012 0.484183 0
0.0283989 0.484885 0
0.0319489 0.484606 1
0.0356728 0.48282 0
0.0391209 0.481858 0
0.0451523 0.481562 0
0.0490091 0.482914 0
0.0528025 0.484068 0
0.0565268 0.485008 0
0.0596802 0.485944 0
0.0628571 0.488686 0
0.0651401 0.488726 0
0.0689229 0.490009 0
0.0714981 0.491665 0
0.0737726 0.492895 0
0.0753816 0.494044 0
0.0784843 0.496531 1
0.0808587 0.496506 0
0.0857513 0.499323 0
0.0919179 0.502355 0
0.0982758 0.511793 0
0.1025 0.518416 0
0.10328 0.520948 0
0.108708 0.528316 0
0.108983 0.530455 0
0.110699 0.547153 0
0.111299 0.55157 0
0.112718 0.55335 0
0.110669 0.558518 1
0.112489 0.558367 0
0.113591 0.557704 0
0.115894 0.558061 0
0.117572 0.559636 0
0.119224 0.559892 0
0.122039 0.561202 0
0.128522 0.563673 0
0.133051 0.565391 0
0.123568 0.561845 0
0.15342 0.580841 0
0.128824 0.663786 0
0.125899 0.661007 0
0.124988 0.661428 0
0.125113 0.661333 0
0.125063 0.661358 0
0.125014 0.661398 1
0.125047 0.661447 0
0.12543 0.661497 0
0.12723 0.660565 0
0.123809 0.670527 0
0.144073 0.736262 0
0.149519 0.73214 0
0.149415 0.73157 0
0.149388 0.73146 1
0.14906 0.732069 0
0.148882 0.73264 0
0.149093 0.733058 0
0.148776 0.733775 0
0.148672 0.734408 0
0.147222 0.73608 0
0.13934 0.738739 0
0.159005 0.783941 0
0.1608 0.785382 0
0.160667 0.785604 0
0.160644 0.785577 0
0.160643 0.785575 1
0.160335 0.785971 0
0.159872 0.785505 0
0.160168 0.786586 0
0.15956 0.798554 0
0.159215 0.798685 0
0.159218 0.798737 1
0.159004 0.797421 0
0.158402 0.79658 0
0.157214 0.796105 0
0.156777 0.795382 0
0.155549 0.795309 0
0.154988 0.794331 0
0.154565 0.794227 0
0.154318 0.794392 0
0.153798 0.794315 0
0.153501 0.794152 0
0.153138 0.793888 0
0.152764 0.793881 0
0.152325 0.793915 0
0.151762 0.793937 0
0.151357 0.793878 0
0.150972 0.793725 0
0.15067 0.793644 0
0.150926 0.793635 0
0.150497 0.793444 0
0.149794 0.793531 0
0.149583 0.793408 0
0.149259 0.79365 0
0.149175 0.793458 0
0.148787 0.793366 0
0.147916 0.79223 0
0.148081 0.792548 0
0.148395 0.792828 0
0.148346 0.793238 0
0.148495 0.793051 0
0.148431 0.793146 1
0.148292 0.792656 0
0.148189 0.792455 0
0.148166 0.792449 0
0.147961 0.792053 0
0.1477 0.792209 0
0.148515 0.793425 0
0.147248 0.791082 0
0.147359 0.791857 0
0.147553 0.791819 0
0.14727 0.79114 0
0.146848 0.790058 0
0.146912 0.789869 0
0.147623 0.791299 0
0.147342 0.791182 0
0.146765 0.790615 0
0.146567 0.790245 0
0.146471 0.78997 0
0.145938 0.789065 0
0.145616 0.788482 0
0.145385 0.788155 0
0.14613 0.789438 0
0.144982 0.788686 0
0.1452 0.788851 0
0.145044 0.788741 0
0.144803 0.788459 0
0.144397 0.788126 0
0.143989 0.787787 0
0.143457 0.787496 1
0.143222 0.786737 0
0.143715 0.787597 0
0.143773 0.787063 0
0.143719 0.785285 0
0.145567 0.773312 0
0.155657 0.765785 0
0.156788 0.766927 0
0.157054 0.766592 1
0.157055 0.766597 0
0.156905 0.766318 0
0.155981 0.765666 0
0.154421 0.76427 0
0.150305 0.765894 0
0.177584 0.723289 0
0.180024 0.724668 0
0.180101 0.724951 0
0.18022 0.724734 0
0.180367 0.724586 1
0.180446 0.724566 0
0.180432 0.724539 0
0.180638 0.724277 0
0.181756 0.723593 0
0.187746 0.712772 0
0.213896 0.646724 0
0.23393 0.633078 0
0.236139 0.63364 0
0.236857 0.633048 0
0.236866 0.633188 0
0.236966 0.633089 0
0.236996 0.632974 0
0.236991 0.633023 0
0.237012 0.632953 1
0.237122 0.632993 0
0.237023 0.633008 0
0.237001 0.632946 0
0.237012 0.632953 0
0.237012 0.632953 0
0.237012 0.632953 0
0.237013 0.632954 0
0.237006 0.63295 0
0.236983 0.632908 0
0.236856 0.632354 0
0.236333 0.632707 0
0.227841 0.62474 0
0.183928 0.669529 0
0.362588 0.469337 0
0.327916 0.470824 0
0.329397 0.473727 0
0.329324 0.473431 0
0.329166 0.473393 0
0.328908 0.473323 0
0.328889 0.473311 1
