0.173727 0.388148 0
0.219407 0.398712 0
0.238311 0.413887 0
0.264582 0.422747 0
0.299389 0.444678 0
0.343384 0.459387 0
0.379577 0.469069 0
0.404712 0.471155 0
0.436157 0.47547 0
0.482281 0.487517 0
0.523228 0.503946 0
0.553339 0.514685 0
0.594776 0.515755 0
0.642161 0.520309 0
0.691158 0.522219 0
0.714038 0.526794 0
0.717187 0.514611 0
0.709499 0.508044 0
0.699367 0.493606 0
0.683525 0.472431 0
0.674662 0.468734 1
0.677119 0.458852 0
0.677857 0.443539 0
0.68824 0.430461 0
0.708726 0.421022 0
0.722429 0.413878 0
0.727462 0.396227 0
0.726644 0.369518 0
0.723044 0.351334 1
0.723581 0.338847 0
0.729889 0.325791 0
0.754728 0.323013 0
0.779698 0.320206 0
0.783871 0.307403 0
0.78453 0.289113 0
0.791629 0.274262 0
0.802605 0.266187 0
0.812611 0.256745 0
0.824328 0.249695 0
0.844872 0.251989 0
0.85084 0.244315 0
0.849186 0.234535 0
0.861739 0.226616 1
0.864816 0.21838 0
0.860044 0.21093 0
0.872631 0.212775 0
0.885932 0.216856 0
0.90246 0.215927 0
0.923693 0.206628 1
0.924488 0.213202 0
0.928904 0.217258 0
0.94038 0.222803 0
0.951408 0.220177 0
0.953367 0.217398 0
0.952214 0.211701 0
0.948971 0.205001 0
0.944882 0.20179 0
0.941557 0.201272 0
0.94573 0.204001 0
0.954353 0.206658 0
0.95985 0.189307 0
0.938523 0.19341 0
0.903177 0.174819 0
0.858926 0.180166 0
0.827303 0.170371 0
0.786804 0.157283 0
0.747989 0.148555 0
0.732549 0.149906 0
0.718139 0.151569 0
0.695592 0.149635 0
0.678566 0.146006 0
0.649375 0.134895 0
0.599824 0.114637 0
0.552012 0.0940978 0
0.506352 0.089917 0
0.454645 0.0804039 0
0.4055 0.0653359 0
0.368224 0.0556375 0
0.331356 0.0496013 0
0.29834 0.0469533 0
0.299362 0.0543642 1
0.330041 0.0707042 0
0.353397 0.0840901 0
0.351079 0.0884509 0
0.342982 0.091275 0
0.350348 0.0970342 0
0.368369 0.107935 0
0.372671 0.112299 0
0.356204 0.108615 0
0.347937 0.113691 0
0.349122 0.120563 1
0.362906 0.121087 0
0.377406 0.123562 0
0.370095 0.128125 0
0.360465 0.130621 1
0.35678 0.136195 0
0.356242 0.147075 0
0.353349 0.153388 0
0.337767 0.155055 0
0.319491 0.163241 0
0.311343 0.177164 0
0.29477 0.187914 0
0.262509 0.193819 0
0.250653 0.18881 0
0.251155 0.198397 1
0.238685 0.206116 0
0.218297 0.212808 0
0.19488 0.223028 0
0.176472 0.232574 0
0.161993 0.233748 0
0.144327 0.245242 1
0.139282 0.253469 0
0.133437 0.259962 0
0.121107 0.25996 0
0.116063 0.260764 0
0.106857 0.258912 0
0.0830469 0.24995 1
0.0578551 0.248119 0
0.0528645 0.254973 0
0.0688859 0.261942 0
0.0580756 0.267288 0
0.0269938 0.280722 0
0.0190689 0.299577 1
0 0.29196 0
0.0622397 0.316891 0
0.0792709 0.326948 0
0.0848101 0.327696 0
0.0959886 0.338327 0
0.111688 0.351781 1
0.13358 0.36385 0
0.170004 0.38483 0
0.208449 0.40613 0
0.238444 0.419794 0
0.25526 0.435837 0
0.271371 0.431323 0
0.28525 0.440461 0
0.298169 0.444246 0
0.329384 0.446553 0
0.376894 0.467428 0
0.428168 0.491086 0
0.475803 0.501151 0
0.528488 0.508117 0
0.577485 0.522337 0
0.604728 0.52911 0
0.631888 0.531032 0
0.660453 0.531107 0
0.664604 0.523804 0
0.652505 0.514119 0
0.632884 0.507427 0
0.614212 0.495307 0
0.619785 0.475399 0
0.639318 0.456606 0
0.628166 0.440054 0
0.595917 0.417559 0
0.675714 0.434603 0
0.667337 0.417649 0
0.640331 0.398098 0
0.638482 0.401021 0
0.65912 0.394065 0
0.671753 0.389952 0
0.68335 0.377851 0
0.697776 0.363253 0
0.719505 0.355595 0
0.735323 0.348606 0
0.735815 0.333005 0
0.729697 0.315695 0
0.748763 0.310835 0
0.787613 0.308529 0
0.805248 0.297712 0
0.816508 0.29116 0
0.830105 0.286735 0
0.828604 0.274103 0
0.826832 0.260488 0
0.838103 0.253483 0
0.849433 0.248386 0
0.857834 0.243856 0
0.877433 0.243725 0
0.894633 0.236201 0
0.891038 0.221942 0
0.897669 0.20737 0
0.912922 0.227907 1
0.911536 0.226822 0
0.908812 0.216932 0
0.906477 0.209909 0
0.929219 0.216194 1
0.954408 0.219965 0
0.951572 0.211361 0
0.949193 0.205054 0
0.961333 0.205522 0
0.955971 0.20037 0
0.929697 0.185364 0
0.911578 0.174308 0
0.905329 0.169756 0
0.900443 0.16869 0
0.878832 0.161814 0
0.841277 0.144869 0
0.806134 0.139419 1
0.773135 0.127916 0
0.747877 0.122061 0
0.718395 0.116309 0
0.692012 0.108444 1
0.678035 0.103004 0
0.644205 0.0914503 0
0.585082 0.0733888 0
0.511727 0.0509315 0
0.442341 0.0275869 0
0.398963 0.0136131 1
0.361465 0.00634488 0
0.321616 0.000336762 1
0.30345 0 0
0.311211 0.00655922 0
0.33798 0.0215184 0
0.365929 0.0442479 0
0.374586 0.0627945 0
0.384454 0.0756094 0
0.398919 0.0891557 0
0.390953 0.0953755 0
0.368325 0.0903744 0
0.35689 0.0889627 0
0.365394 0.0982475 0
0.375111 0.109765 0
0.382488 0.122903 0
0.392361 0.136177 0
0.408931 0.15132 0
0.436434 0.17051 0
0.408916 0.16743 0
0.402924 0.17498 0
0.369047 0.163995 0
0.343371 0.171853 0
0.341804 0.188586 0
0.355281 0.205888 0
0.345473 0.212588 0
0.327834 0.217186 0
0.316472 0.226638 0
0.297433 0.235586 0
0.273097 0.23947 0
0.257713 0.235751 0
0.237538 0.245761 0
0.220735 0.252605 0
0.216313 0.26281 0
0.192667 0.267499 0
0.140503 0.261693 0
0.164503 0.28117 0
0.135367 0.32818 0
0.100676 0.346945 1
0.100654 0.323012 0
0.107832 0.320971 0
0.109625 0.319831 0
0.107621 0.319177 0
0.0983757 0.324033 0
0.0836381 0.330724 0
0.0756734 0.343695 0
0.0668982 0.355686 0
0.0671162 0.366273 0
0.0945017 0.383878 0
0.120512 0.400938 0
0.124181 0.409964 1
0.129343 0.417502 0
0.129394 0.421679 0
0.136529 0.428306 0
0.173796 0.447645 0
0.21436 0.464892 0
0.265674 0.483015 1
0.334698 0.51059 0
0.410722 0.541707 0
0.482554 0.568403 0
0.540308 0.588562 1
0.578612 0.59978 0
0.588047 0.601613 0
0.571808 0.59453 0
0.644929 0.617136 0
0.639461 0.598657 0
0.683749 0.608645 1
0.692454 0.604462 0
0.699458 0.599325 0
0.707982 0.589658 0
0.735071 0.58558 0
0.751251 0.577122 0
0.732349 0.557226 0
0.719752 0.541418 0
0.723517 0.526741 1
0.713292 0.508336 0
0.689296 0.489916 0
0.681941 0.474436 0
0.699715 0.468884 0
0.721041 0.464751 0
0.7396 0.459529 0
0.766373 0.459189 0
0.724887 0.423668 0
0.706439 0.395993 0
0.743042 0.39251 1
0.776121 0.386499 0
0.778949 0.370285 0
0.764953 0.346935 0
0.768175 0.328678 0
0.779044 0.313767 0
0.796656 0.303814 0
0.811467 0.294946 0
0.834037 0.286091 0
0.875201 0.284712 0
0.880077 0.270474 1
0.869468 0.248971 0
0.894341 0.246232 0
0.903251 0.239413 0
0.888572 0.216278 0
0.890926 0.204557 0
0.897789 0.198643 0
0.898716 0.189665 0
0.917771 0.188751 0
0.953788 0.197455 0
0.960775 0.184983 0
0.963271 0.170568 0
1 0.175491 1
0.95812 0.15973 0
0.96758 0.166454 0
0.972702 0.165336 1
