0.600154 0.0545934 0
0.589065 0.115122 0
0.591277 0.0768864 0
0.597103 0.0788472 0
0.599296 0.0707699 0
0.604267 0.07737 0
0.609054 0.0769627 0
0.608113 0.0671212 0
0.617387 0.0668109 0
0.0403236 0.4032 0
0.0737948 0.425075 0
0.0394497 0.41098 0
0.0340706 0.400338 0
0.0360012 0.400495 0
0.0365575 0.401199 1
0.036239 0.401266 0
0.0251096 0.409766 0
0.025626 0.371313 0
0.0262107 0.367254 0
0.0239445 0.363399 0
0.0194278 0.364229 1
0.0180695 0.360506 0
0.595685 0.029419 0
0.597951 0.0479037 0
0.602686 0.0497951 1
0.600719 0.0551634 0
0.80271 0.181284 0
0.80755 0.192016 0
0.777612 0.221787 0
0.763421 0.248278 0
0.755511 0.256826 0
0.757545 0.274377 0
0.751644 0.288264 0
0.749617 0.307782 0
0.749603 0.326769 0
0.75442 0.350807 0
0.763008 0.370027 0
0.769787 0.385881 0
0.774206 0.395916 0
0.777422 0.409254 0
0.777258 0.4085 0
0.782142 0.41722 0
0.785544 0.424218 1
0.786096 0.426256 0
0.787085 0.427611 0
0.787849 0.429509 0
0.789393 0.431723 0
0.790667 0.434153 0
0.790841 0.435904 0
0.79312 0.438175 0
0.793821 0.442374 0
0.797699 0.44455 0
0.798126 0.445579 0
0.796592 0.448191 0
0.800212 0.449175 0
0.808887 0.450588 0
0.809939 0.459252 0
0.814888 0.462544 0
0.861628 0.463664 0
0.86413 0.475762 0
0.859732 0.478529 0
0.851803 0.480395 0
0.851348 0.479733 0
0.851627 0.478383 0
0.842478 0.479178 0
0.833378 0.478099 0
0.817967 0.474695 1
0.817935 0.474673 0
0.817685 0.47419 0
0.819359 0.475251 0
0.853848 0.465996 0
1 0.381915 0
0.322154 0.670431 0
0.416752 0.619692 0
0.419276 0.582713 0
0.417881 0.551005 0
0.460615 0.540192 0
0.529524 0.234961 0
0.546327 0.188443 0
0.553693 0.146772 0
0.555341 0.0787995 0
0.569247 0.0664647 0
0.580969 0.0562093 0
0.585347 0.0545371 0
0.587469 0.0534895 1
0.586818 0.0541581 0
0.586246 0.0548223 0
0.583353 0.0611844 0
0.582917 0.0743737 0
0.589774 0.0816612 0
0.596216 0.0823771 0
0.600672 0.0820357 0
0.597759 0.0852229 0
0.460978 0.0779147 0
0.609153 0.0682694 0
0.60413 0.0492463 0
0.604133 0.0491306 1
0.608479 0.0492247 0
0.611229 0.0572645 1
0.0347915 0.391482 0
0.0382973 0.400256 1
0.0395045 0.398481 0
0.0381126 0.399129 0
0.0386963 0.397191 0
0.0321052 0.389952 0
0 0.380991 0
0.00588978 0.377167 0
0.00896137 0.373761 0
0.017624 0.364912 1
0.0111455 0.350989 0
0.58406 0.00693906 1
0.585189 0.0121641 0
0.593018 0.0296272 1
0.591724 0.0291847 0
0.588888 0.026442 0
0.586022 0 0
0.950778 0.0531304 0
0.876964 0.13263 0
0.828691 0.191754 0
0.793757 0.239853 0
0.805426 0.240914 0
0.783906 0.269163 0
0.786663 0.291936 0
0.768332 0.327697 0
0.774788 0.354864 0
0.779015 0.373049 0
0.775339 0.384074 0
0.772147 0.373383 0
0.785943 0.368208 0
0.787391 0.401456 0
0.790684 0.413068 0
0.793352 0.415877 0
0.791253 0.427299 0
0.790544 0.429975 0
0.790887 0.433373 0
0.7934 0.434997 0
0.794404 0.436668 0
0.796524 0.437589 0
0.79942 0.437338 0
0.791961 0.444516 0
0.795853 0.416119 0
