0.892445 0.010778 1
0.892462 0.010785 0
0.892419 0.0105881 0
0.891675 0.0106662 0
0.89169 0.0105355 0
0.891153 0.010915 0
0.891519 0.0105775 0
0.892639 0.0104405 0
0.892753 0.0105136 0
0.892945 0.0103871 0
0.893196 0.0103627 0
0.893425 0.010407 0
0.893442 0.0104131 0
0.893531 0.0104819 0
0.893547 0.0104089 0
0.893529 0.0103659 0
0.893463 0.0103193 0
0.893425 0.0101985 0
0.893252 0.010306 0
0.893319 0.010216 0
0.893395 0.0103058 0
0.893471 0.0103202 0
0.893347 0.0102748 0
0.891723 0.00906733 0
0.891727 0.00638472 0
0.891757 0.0069528 0
0.892133 0.00643015 0
0.893603 0.00989832 0
0.893164 0.00745636 0
0.893242 0.00815217 0
0.893302 0.00824989 0
0.893463 0.00846795 0
0.893735 0.0087247 0
0.893631 0.00914741 0
0.893612 0.00916843 0
0.89361 0.00917141 1
0.893597 0.0091596 0
0.89361 0.00917192 0
0.893607 0.00916757 0
0.893615 0.00919074 0
0.893865 0.00899521 0
0.894059 0.00878273 0
0.89426 0.00867844 0
0.89404 0.00765985 0
0.894371 0.00937092 0
0.894862 0.00763269 0
0.895721 0.0081617 0
0.895911 0.00672201 0
0.895884 0.00767256 0
0.895337 0.00414794 0
0.895795 0.0041038 0
0.896214 0.00356037 0
0.896599 0.00273867 0
0.896304 0.00304835 0
0.89729 0.00190265 0
0.897431 0.00129644 0
0.897051 0 0
0.896999 0.000903595 0
0.897702 0.00207185 0
0.898196 0.00289028 0
0.898353 0.00377859 0
0.89882 0.00399793 0
0.899477 0.00409188 0
0.899732 0.00639754 0
0.900471 0.00604618 0
0.900736 0.00615872 0
0.900868 0.00712103 0
0.901473 0.00750483 0
0.902361 0.00633047 0
0.904271 0.00552832 0
0.902995 0.00798449 0
0.902006 0.00954796 1
0.904341 0.0102547 0
0.903791 0.0101123 0
0.904951 0.0104079 0
0.908059 0.0117688 0
0.910107 0.0131201 0
0.913123 0.0153984 0
0.913048 0.0148651 0
0.919918 0.0257319 0
0.919101 0.0373266 0
0.919938 0.0447894 0
0.915451 0.0518752 0
0.915637 0.0541882 0
0.916586 0.0584707 0
0.916016 0.0620969 0
0.913089 0.0658156 0
0.909983 0.0714106 0
0.912137 0.0744345 0
0.914735 0.0759973 0
0.915689 0.0786428 0
0.91553 0.0826662 0
0.916811 0.0856578 0
0.914435 0.0907683 0
0.914143 0.0956788 0
0.912301 0.0993533 0
0.911572 0.10319 0
0.911164 0.105328 0
0.911143 0.105989 0
0.911042 0.107072 0
0.910828 0.107396 0
0.91243 0.110033 0
0.913591 0.111716 0
0.913086 0.113629 0
0.916626 0.11633 0
0.916212 0.117924 0
0.918002 0.119644 1
0.918341 0.120315 0
0.919041 0.12213 0
0.919144 0.128747 0
0.922811 0.135824 0
0.931716 0.142725 0
0.930935 0.141836 0
0.941326 0.149223 0
0.944117 0.156085 0
0.948349 0.160018 0
0.956845 0.172195 0
0.967782 0.179514 0
0.977417 0.187684 0
0.980715 0.201158 0
0.986222 0.211561 0
0.995563 0.219857 0
1 0.238691 0
0.997196 0.254748 0
0.987354 0.264933 0
0.984947 0.277934 0
0.989483 0.293538 0
0.98843 0.309697 0
0.987398 0.319285 0
0.988247 0.327057 0
0.988704 0.342038 0
0.991673 0.354245 0
0.992995 0.362051 0
0.990974 0.370603 0
0.987693 0.37614 0
0.976091 0.398201 0
0.972982 0.406828 0
0.967068 0.414042 0
0.965859 0.423567 0
0.961215 0.433244 0
0.955062 0.441396 0
0.953252 0.44372 0
0.949187 0.44723 1
0.947946 0.447558 0
0.946186 0.44616 0
0.942805 0.444825 0
0.944902 0.452422 0
0.940129 0.448668 0
0.936192 0.446863 0
0.93192 0.44152 0
0.929933 0.444272 0
0.927694 0.446144 0
0.923429 0.44209 0
0.919068 0.442455 0
0.909679 0.432772 0
0.905487 0.430109 0
0.903025 0.426892 0
0.898557 0.423339 0
0.890868 0.418076 0
0.878858 0.399101 0
0.766129 0.435562 0
0.751481 0.431694 0
0.748927 0.436317 0
0.742707 0.439332 0
0.738755 0.441583 0
0.734096 0.442822 0
0.730621 0.444735 0
0.725818 0.445615 0
0.720357 0.444848 0
0.690354 0.466946 0
0.602446 0.482177 0
0.586568 0.474323 0
0.587474 0.474642 0
0.587313 0.474549 0
0.587297 0.474572 0
0.587296 0.474574 0
0.587296 0.474574 0
0.587296 0.474574 0
0.587296 0.474574 1
0.584818 0.476333 0
0.5816 0.47578 0
0.579675 0.477761 0
0.576748 0.478086 0
0.574195 0.477413 0
0.57374 0.473781 0
0.571839 0.472213 0
0.570268 0.468159 0
0.568307 0.466224 0
0.566157 0.463367 0
0.564223 0.461996 0
0.561775 0.459546 0
0.556614 0.460648 0
0.556763 0.458046 0
0.555135 0.449304 0
0.553156 0.441843 0
0.549475 0.440695 0
0.544767 0.435593 0
0.543321 0.432425 0
0.540964 0.431971 0
0.542483 0.433012 0
0.54731 0.433216 0
0.546991 0.429067 0
0.547601 0.422667 0
0.543542 0.417353 0
0.541084 0.418227 0
0.536408 0.421594 0
0.533879 0.432395 0
0.525971 0.443064 0
0.528481 0.45815 0
0.53307 0.475958 0
0.532341 0.48003 0
0.530776 0.480487 0
0.528083 0.485619 0
0.52276 0.486464 1
0.522761 0.486463 0
0.522763 0.486462 0
0.522771 0.486462 0
0.522867 0.486462 0
0.525732 0.485941 0
0.527136 0.486173 0
0.528517 0.484594 0
0.5323 0.484378 0
0.53505 0.481887 0
0.538729 0.481561 0
0.54091 0.480768 0
0.540477 0.479528 0
0.540976 0.478374 0
0.542342 0.480144 0
0.543426 0.479954 0
0.545164 0.477083 0
0.545024 0.477513 0
0.546465 0.473871 0
0.549717 0.471781 0
0.54995 0.476861 0
0.53519 0.488599 0
0.547743 0.477876 0
0.547745 0.482337 0
0.544568 0.48268 0
0.544715 0.480229 0
0.544383 0.47963 0
0.536917 0.47685 0
0.659536 0.437111 0
0.64 0.430698 0
0.644218 0.429162 0
0.648709 0.429139 0
0.648103 0.429951 0
0.652118 0.426482 0
0.653783 0.427916 0
0.65625 0.427718 0
0.657204 0.427151 1
0.657197 0.427129 0
0.657352 0.427146 0
0.658458 0.425706 0
0.658865 0.424354 0
0.660671 0.422317 0
0.663912 0.42112 0
0.666646 0.419524 0
0.669962 0.419715 0
0.673495 0.41823 0
0.676948 0.420818 0
0.685456 0.412478 0
0.692195 0.410431 0
0.68657 0.407661 0
0.688792 0.410517 0
0.690967 0.403927 0
0.701081 0.39849 0
0.704034 0.395766 0
0.709622 0.391918 0
0.715476 0.375462 0
0.81536 0.504989 0
0.830256 0.520513 0
0.834627 0.527837 0
0.842969 0.536788 0
0.84256 0.547935 0
0.844957 0.552211 0
0.844484 0.553403 0
0.844496 0.553713 0
0.844463 0.553703 0
0.844462 0.553699 0
0.844462 0.5537 0
0.844462 0.5537 0
0.844462 0.5537 0
0.844462 0.5537 0
0.844462 0.5537 0
0.844462 0.5537 1
0.846019 0.555581 0
0.850074 0.555819 0
0.853789 0.554281 0
0.855987 0.559937 0
0.855132 0.563656 0
0.858641 0.566421 0
0.857599 0.570499 0
0.860116 0.57423 0
0.857058 0.576439 0
0.850407 0.576704 0
0.849258 0.578537 0
0.864984 0.590457 0
0.859185 0.589889 0
0.857553 0.591716 0
0.850294 0.590875 0
0.847734 0.591664 0
0.844117 0.59259 0
0.839941 0.589914 0
0.838704 0.591308 0
0.836606 0.590965 0
0.835553 0.593481 0
0.832983 0.592913 0
0.832619 0.594724 0
0.827455 0.593683 0
0.8248 0.59676 0
0.823626 0.597864 0
0.822291 0.598587 0
0.820601 0.5964 0
0.819306 0.595768 0
0.818075 0.594742 0
0.816633 0.593053 0
0.815799 0.59229 0
0.813511 0.592063 0
0.812037 0.591028 0
0.810853 0.591182 0
0.809447 0.590742 1
0.809447 0.590742 0
0.809447 0.590742 0
0.809447 0.590742 0
0.809447 0.590742 0
0.809447 0.590742 0
0.809447 0.590742 0
0.809447 0.590742 0
0.809443 0.590741 0
0.809441 0.59071 0
0.809346 0.590508 0
0.80794 0.591746 0
0.814534 0.578943 0
0.643198 0.583509 0
0.614721 0.570952 0
0.616822 0.567092 0
0.616193 0.566528 0
0.616119 0.566444 0
0.616101 0.566453 0
0.6161 0.56645 0
0.6161 0.56645 0
0.6161 0.56645 0
0.6161 0.56645 0
0.6161 0.56645 0
0.6161 0.56645 0
0.6161 0.56645 0
0.6161 0.56645 0
0.6161 0.56645 0
0.6161 0.56645 0
0.6161 0.56645 0
0.6161 0.56645 0
0.6161 0.56645 0
0.6161 0.566449 0
0.616103 0.566449 0
0.616118 0.566469 0
0.616099 0.566453 0
0.6161 0.56645 1
0.612306 0.565568 0
0.611172 0.564119 0
0.608544 0.562363 0
0.607154 0.559104 0
0.601913 0.556727 0
0.601691 0.549368 0
0.600797 0.545389 0
0.612577 0.540306 0
0.611906 0.534982 0
0.618887 0.526112 0
0.628537 0.520164 0
0.633842 0.513659 0
0.638411 0.504693 0
0.639029 0.493928 0
0.642073 0.481958 0
0.642431 0.474231 0
0.647313 0.47794 0
0.646724 0.474784 0
0.645635 0.474055 0
0.642463 0.469274 0
0.682366 0.444272 0
0.685956 0.44316 0
0.688703 0.443057 0
0.68977 0.447119 0
0.692483 0.444869 0
0.698259 0.443296 0
0.699805 0.44563 0
0.701817 0.447278 0
0.703544 0.448575 0
0.704724 0.449514 0
0.704897 0.449872 0
0.705853 0.450494 0
0.706159 0.450832 0
0.706856 0.451488 0
0.707008 0.451813 1
0.708135 0.452659 0
0.709088 0.454375 0
0.710739 0.456058 0
0.711278 0.45683 0
0.712485 0.458168 0
0.712938 0.460602 0
0.714365 0.462481 0
0.71683 0.464458 0
0.718433 0.466895 0
0.72036 0.46864 0
0.722085 0.47209 0
0.72162 0.476835 0
0.71931 0.480301 0
0.725622 0.479596 0
0.725684 0.482843 0
0.725514 0.486672 0
0.723835 0.490756 0
0.724478 0.492619 0
0.728932 0.492794 0
0.72645 0.495561 0
0.732681 0.495035 0
0.725283 0.50104 0
0.72905 0.500171 0
0.736837 0.499613 0
0.737637 0.500944 0
0.738051 0.502432 0
0.737467 0.504536 0
0.738081 0.505639 0
0.737102 0.508537 0
0.737094 0.510362 0
0.737115 0.5103 0
0.736535 0.513333 0
0.735872 0.514612 0
0.736137 0.515488 0
0.736633 0.51598 0
0.737188 0.516866 1
0.736659 0.517487 0
0.736145 0.518407 0
0.738566 0.520409 0
0.740033 0.520986 0
0.739298 0.523061 0
0.744657 0.52121 0
0.746138 0.522896 0
0.749201 0.52339 0
0.751264 0.522691 0
0.754968 0.521743 0
0.756801 0.523665 0
0.759224 0.523187 0
0.763787 0.522573 0
0.768299 0.521273 0
0.770953 0.521693 0
0.77452 0.520824 0
0.790523 0.515225 0
0.78003 0.518897 0
0.778693 0.516865 0
0.768932 0.523808 0
0.750109 0.614389 0
0.751465 0.628309 0
0.751198 0.625719 0
0.754529 0.624634 0
0.757923 0.623997 0
0.763665 0.630352 0
0.767735 0.629078 0
0.770353 0.63175 0
0.772686 0.633217 0
0.776267 0.636815 0
0.773121 0.636614 0
0.772874 0.636803 0
0.772851 0.636748 0
0.772787 0.636896 0
0.772835 0.636737 1
0.772581 0.636934 0
0.772091 0.636497 0
0.772712 0.636867 0
0.772736 0.636743 0
0.772369 0.636765 0
0.771402 0.636686 0
0.770692 0.635806 0
0.769118 0.631907 0
0.766068 0.628012 0
0.758195 0.622618 0
0.742851 0.596799 0
0.743271 0.590566 0
0.743933 0.589334 0
0.743657 0.583319 0
0.706206 0.508669 0
0.725055 0.484955 0
0.729071 0.485331 0
0.718798 0.493238 0
0.360345 0.38473 0
0.342201 0.438189 0
0.345682 0.398586 0
0.324373 0.374442 0
0.315503 0.354097 0
0.296477 0.345407 0
0.287608 0.336403 0
0.282115 0.331774 0
0.275125 0.319635 0
0.268353 0.317625 0
0.265019 0.314961 0
0.259502 0.309313 0
0.248687 0.299484 0
0.24527 0.296279 0
0.242314 0.296104 0
0.235531 0.289824 0
0.22651 0.284214 0
0.221066 0.277972 1
0.210515 0.272059 0
0.209814 0.268457 0
0.194165 0.257481 0
0.186491 0.248224 0
0.172294 0.252088 0
0.163628 0.231902 0
0.147971 0.211846 0
0.146558 0.20972 0
0.14527 0.213944 0
0.134113 0.195891 0
0.132774 0.197559 0
0.128138 0.189068 0
0.114878 0.186115 0
0.101945 0.186405 0
0.0856157 0.170566 0
0.071082 0.163006 0
0.0887111 0.162533 0
0.0655443 0.169064 0
0.0573043 0.165576 0
0.0124329 0.166179 0
0.0200676 0.168323 0
0.031482 0.174424 0
0.0255577 0.17197 0
0.022072 0.169366 0
0.00794915 0.167295 0
0 0.162681 0
0.0206281 0.168894 0
0.0375697 0.167734 0
0.00840498 0.158779 0
0.0161009 0.15947 0
0.032172 0.163218 0
0.0411156 0.167221 0
0.0270711 0.165481 0
0.0289297 0.153711 0
0.0412467 0.169795 0
0.0562368 0.176159 1
0.0695057 0.178219 0
0.0783389 0.178464 0
0.085481 0.188055 0
0.0970236 0.17787 0
0.107488 0.184026 0
0.097639 0.183824 0
0.139005 0.186004 0
0.142986 0.174097 0
0.157765 0.185118 0
0.146581 0.162879 0
0.200902 0.163867 0
0.205067 0.159086 0
0.221701 0.168777 0
0.236239 0.169032 0
0.256198 0.163114 0
0.261653 0.165822 0
0.273791 0.163823 0
0.293738 0.181959 0
0.323753 0.195343 0
0.338256 0.225765 0
0.355 0.226702 0
0.381654 0.266431 0
0.386191 0.258179 0
0.403951 0.271268 0
0.43851 0.293542 0
0.553393 0.295953 0
0.539067 0.299444 0
0.552652 0.294303 0
0.550427 0.296389 0
0.545779 0.298902 0
0.563071 0.291027 0
0.567917 0.288908 0
0.568621 0.288038 0
0.568889 0.287714 0
0.56901 0.287503 1
0.569152 0.287698 0
0.570354 0.2875 0
0.576017 0.286217 0
0.571774 0.286351 0
0.577029 0.28619 0
0.576132 0.286614 0
0.582253 0.285474 0
0.587318 0.285322 0
0.58681 0.284392 0
0.589883 0.284231 0
0.594948 0.282318 0
0.599134 0.282111 0
0.599838 0.278932 0
0.608446 0.279493 0
0.613814 0.278414 0
0.609383 0.271354 0
0.627294 0.271261 0
0.623969 0.269449 0
0.62342 0.265623 0
0.633604 0.26428 0
0.628838 0.262294 0
0.630364 0.25463 0
0.689255 0.241592 0
0.657458 0.243276 0
0.678644 0.240475 0
0.699138 0.227296 0
0.638935 0.241211 0
0.615571 0.242507 0
0.622025 0.244112 0
0.62162 0.241986 0
0.626232 0.236945 0
0.619687 0.236701 0
0.615382 0.234013 0
0.610889 0.234209 0
0.611479 0.231947 0
0.609398 0.231081 1
0.612555 0.22485 0
0.608366 0.221001 0
0.611933 0.219085 0
0.60526 0.216831 0
0.602564 0.220218 0
0.601781 0.217855 0
0.604004 0.222065 0
0.607884 0.214988 0
0.598265 0.209795 0
0.599003 0.213512 0
0.605055 0.209665 0
0.601983 0.201775 0
0.609712 0.198448 0
0.599009 0.204838 0
0.600108 0.198342 0
0.602255 0.199601 0
0.601887 0.198494 0
0.604434 0.198636 0
0.605642 0.195433 0
0.610073 0.185895 0
0.605895 0.192152 0
0.604969 0.19168 0
0.604947 0.190459 0
0.606637 0.187305 0
0.609765 0.178173 0
0.61236 0.174067 0
0.606317 0.181629 0
0.604374 0.18064 0
0.605357 0.180898 0
0.604004 0.181913 0
0.603113 0.181434 0
0.602477 0.1776 0
0.599163 0.17715 0
0.59955 0.179046 0
0.59676 0.178816 0
0.594771 0.176788 1
