0.997391 0.266041 1
0.998087 0.266243 0
0.999136 0.266846 0
0.997821 0.265892 0
0.997723 0.266174 0
0.99883 0.265479 0
0.999449 0.263725 0
0.998266 0.265604 0
1 0.263827 0
0.998276 0.264626 0
0.997421 0.265341 0
0.998292 0.264298 0
0.997367 0.264649 0
0.997593 0.264637 0
0.999025 0.261809 0
0.997554 0.261935 0
0.998048 0.261482 0
0.997597 0.259954 0
0.995648 0.262414 0
0.995802 0.26319 0
0.995328 0.263032 0
0.996825 0.258994 0
0.996178 0.259289 0
0.99606 0.2592 0
0.996013 0.258103 0
0.994094 0.261993 0
0.993292 0.262919 0
0.993293 0.263445 0
0.9928 0.263905 0
0.992129 0.263698 0
0.991761 0.265859 0
0.991538 0.266195 0
0.991053 0.266781 0
0.990389 0.266036 0
0.990052 0.265086 0
0.9902 0.265474 1
0.98964 0.26556 0
0.988414 0.266148 0
0.986857 0.267662 0
0.984363 0.270298 0
0.982548 0.274641 0
0.978382 0.274407 0
0.978432 0.276893 0
0.979666 0.272685 0
0.980918 0.270158 0
0.982385 0.266244 0
0.983577 0.266036 0
0.984853 0.266135 0
0.98123 0.268316 0
0.981255 0.267192 0
0.980693 0.268824 0
0.976432 0.268819 0
0.975237 0.269855 0
0.975945 0.268632 0
0.973867 0.270632 0
0.972338 0.273219 0
0.970454 0.27209 0
0.969316 0.270873 0
0.968447 0.270587 0
0.964768 0.275061 0
0.961258 0.279149 0
0.959854 0.273698 0
0.958241 0.273821 0
0.956889 0.276832 0
0.956645 0.277983 0
0.954351 0.274997 0
0.952751 0.277167 0
0.950289 0.275625 0
0.950615 0.277599 0
0.949983 0.277302 0
0.945532 0.277924 0
0.943424 0.279307 1
0.939593 0.279772 0
0.93756 0.279852 0
0.938768 0.278836 0
0.935508 0.277344 0
0.930287 0.27991 0
0.926367 0.280608 0
0.930206 0.278087 0
0.921883 0.279352 0
0.921582 0.277713 0
0.922576 0.275621 0
0.91839 0.274853 0
0.918566 0.272363 0
0.906027 0.268593 0
0.903266 0.265184 0
0.900024 0.262666 0
0.898383 0.263952 0
0.896884 0.265868 0
0.892232 0.264991 0
0.886401 0.26321 0
0.882262 0.263717 0
0.875742 0.267682 0
0.873916 0.262619 0
0.862965 0.268268 0
0.865258 0.265958 0
0.863294 0.264651 0
0.868231 0.256407 0
0.861767 0.25906 0
0.855692 0.261666 0
0.85264 0.258435 0
0.847627 0.259829 0
0.845988 0.261051 0
0.839439 0.264247 0
0.842066 0.257482 0
0.84119 0.26197 0
0.827832 0.264664 0
0.821492 0.266906 1
0.825653 0.262371 0
0.826062 0.256116 0
0.823564 0.250255 0
0.818568 0.260046 0
0.827388 0.244034 0
0.820198 0.241168 0
0.818818 0.238946 0
0.823289 0.232109 0
0.816364 0.242417 0
0.82973 0.220579 0
0.817553 0.224889 0
0.815633 0.21964 0
0.812154 0.222608 0
0.810241 0.250019 0
0.802178 0.227538 0
0.807625 0.221229 0
0.801475 0.237724 0
0.804187 0.238007 0
0.803126 0.241065 0
0.796715 0.234308 0
0.790042 0.236807 0
0.783587 0.229025 0
0.767655 0.216486 0
0.744274 0.169531 0
0.453125 0.170862 0
0.43731 0.151776 0
0.435944 0.154999 0
0.435652 0.153002 0
0.438753 0.151581 0
0.43341 0.154609 0
0.43323 0.154662 0
0.425961 0.152712 0
0.427279 0.154974 0
0.424772 0.153982 0
0.422524 0.15465 0
0.419447 0.156551 1
0.415061 0.1543 0
0.409095 0.156275 0
0.409125 0.153175 0
0.407557 0.155221 0
0.396247 0.151389 0
0.393346 0.149561 0
0.388621 0.14823 0
0.384671 0.148054 0
0.379677 0.147617 0
0.375914 0.150603 0
0.369967 0.15692 0
0.354768 0.151365 0
0.29107 0.217895 0
0.28447 0.219243 0
0.279506 0.224007 0
0.275688 0.223811 0
0.273719 0.224029 0
0.274741 0.219294 0
0.277694 0.208634 0
0.274646 0.203884 0
0.272147 0.204363 0
0.275084 0.201542 0
0.273083 0.204414 0
0.270283 0.206499 0
0.26974 0.205208 0
0.274166 0.1968 0
0.279927 0.19015 0
0.283207 0.188375 0
0.289163 0.186434 0
0.290297 0.182639 0
0.289247 0.182704 0
0.294426 0.176918 0
0.292817 0.178021 0
0.293643 0.176475 0
0.294905 0.174728 0
0.295403 0.173165 1
0.297794 0.166998 0
0.303599 0.166121 0
0.310221 0.150658 0
0.308485 0.148753 0
0.303924 0.14992 0
0.298642 0.151397 0
0.301729 0.142428 0
0.298387 0.138924 0
0.296629 0.132702 0
0.286793 0.137355 0
0.272758 0.145791 0
0.26192 0.14133 0
0.241856 0.152633 0
0.220227 0.153078 0
0.203774 0.156111 0
0.191185 0.151134 0
0.17998 0.150755 0
0.174481 0.148481 0
0.169371 0.148033 0
0.16046 0.148306 0
0.143987 0.146815 0
0.135789 0.149417 0
0.127957 0.155386 0
0.118153 0.156252 0
0.114706 0.152195 0
0.107455 0.154439 0
0.101586 0.155087 0
0.0960662 0.15338 0
0.08687 0.160242 0
0.0793839 0.16231 0
0.0763346 0.160944 0
0.0723882 0.163826 0
0.0677068 0.166888 0
0.0658014 0.171763 0
0.0626183 0.171819 0
0.0617363 0.175987 1
0.0604492 0.176995 0
0.0583435 0.178455 0
0.0543786 0.182699 0
0.0527966 0.185511 0
0.0501021 0.186348 0
0.0510936 0.190059 0
0.0480814 0.194497 0
0.0482086 0.195233 0
0.0454922 0.198434 0
0.0421024 0.203342 0
0.0374287 0.206756 0
0.0314262 0.213327 0
0.0236811 0.21873 0
0.0184801 0.225716 0
0.00922635 0.239001 0
0 0.262715 0
0.0218641 0.412495 0
0.0271545 0.433857 0
0.0341423 0.441626 0
0.0350165 0.470819 0
0.049461 0.486043 0
0.0877758 0.492905 0
0.110566 0.50862 0
0.108652 0.536994 0
0.126699 0.549684 0
0.12654 0.561034 0
0.125871 0.586291 0
0.128356 0.616482 0
0.115352 0.63817 0
0.124425 0.656688 0
0.135727 0.646739 0
0.160642 0.604916 0
0.164436 0.593607 0
0.166124 0.583715 0
0.169739 0.580766 0
0.172388 0.570678 1
0.173574 0.565758 0
0.175585 0.564963 0
0.17643 0.563157 0
0.177222 0.564412 0
0.179364 0.563947 0
0.1768 0.562951 0
0.174878 0.563018 0
0.171137 0.556474 0
0.169953 0.549729 0
0.169907 0.541488 0
0.163897 0.537203 0
0.150421 0.512776 0
0.0782928 0.500231 0
0.132477 0.10227 0
0.158938 0.0583182 0
0.150397 0.0542169 0
0.15434 0.0538671 0
0.155328 0.0496366 0
0.156059 0.0429021 0
0.161557 0.0460436 0
0.164934 0.0443169 0
0.165216 0.0374526 0
0.17037 0.0368192 0
0.176773 0.0378904 0
0.17848 0.0330872 0
0.182938 0.0315744 0
0.181588 0.0272904 0
0.1848 0.0241353 0
0.185994 0.0220503 0
0.185156 0.0166693 0
0.188228 0.01368 0
0.187039 0.0102872 0
0.188295 0.00964173 0
0.189192 0.00932932 0
0.189953 0.0082772 0
0.191787 0.00734429 1
0.196733 0.00592936 0
0.200982 0.00439272 0
0.204406 0.00595368 0
0.210969 0 0
0.211301 0.00468334 0
0.21969 0.00573746 0
0.231657 0.00384035 0
0.233768 0.00521221 0
0.239283 0.00611735 0
0.242766 0.00859602 0
0.252313 0.00786555 0
0.252135 0.0154732 0
0.256677 0.0176618 0
0.25981 0.0221651 0
0.263705 0.0228518 0
0.265951 0.0294057 0
0.256 0.0348512 0
0.253717 0.0374177 0
0.249536 0.0408856 0
0.251334 0.041748 0
0.240462 0.0507551 0
0.229044 0.0532629 0
0.218538 0.0694911 0
0.210341 0.0736068 0
0.138942 0.29085 0
0.138994 0.272345 0
0.138084 0.278568 0
0.135239 0.283852 0
0.134763 0.28597 0
0.131769 0.290095 0
0.124844 0.292527 0
0.119777 0.295709 0
0.117803 0.299259 0
0.117805 0.29978 0
0.115282 0.303117 0
0.114328 0.303462 1
0.11648 0.31115 0
0.117866 0.315413 0
0.119534 0.323395 0
0.128589 0.33774 0
0.138516 0.342026 0
0.147518 0.352292 0
0.16231 0.359841 0
0.180505 0.369956 0
0.188852 0.375858 0
0.205964 0.393541 0
0.235238 0.398205 0
0.267003 0.426724 0
0.27629 0.442663 0
0.30702 0.47466 0
0.324676 0.498691 0
0.356632 0.522502 0
0.369616 0.54257 0
0.379678 0.575756 0
0.389481 0.604516 0
0.399999 0.614617 0
0.39985 0.628829 0
0.400796 0.647713 0
0.409799 0.67278 0
0.42305 0.745912 0
0.425451 0.75862 0
0.447121 0.775217 0
0.459027 0.776338 0
0.46473 0.778762 0
0.477231 0.776494 0
0.475028 0.766757 0
0.468244 0.758714 0
0.467034 0.74897 0
0.46136 0.730724 0
0.466879 0.712314 0
0.468537 0.687928 0
0.478296 0.671237 1
0.480363 0.665985 0
0.484218 0.660346 0
0.488775 0.655891 0
0.492715 0.653241 0
0.493467 0.646085 0
0.494959 0.6457 0
0.497697 0.643937 0
0.498632 0.641028 0
0.498366 0.634636 0
0.505181 0.631839 0
0.512146 0.630038 0
0.508043 0.615714 0
0.541713 0.612617 0
0.522002 0.396441 0
0.560638 0.377202 0
0.567189 0.368274 0
0.583012 0.358782 0
0.588301 0.349445 0
0.589958 0.345978 0
0.593331 0.342504 0
0.592213 0.341535 0
0.593938 0.337658 0
0.595266 0.333618 0
0.597988 0.331215 0
0.591391 0.190267 0
0.583282 0.188024 0
0.583009 0.187314 0
0.583041 0.18731 0
0.583078 0.187301 0
0.58331 0.188216 0
0.583114 0.187398 0
0.583047 0.187324 0
0.582966 0.187415 0
0.583022 0.187305 0
0.583034 0.187299 0
0.583031 0.1873 1
0.584966 0.188376 0
0.581704 0.181421 0
0.582335 0.177245 0
0.580355 0.175547 0
0.580173 0.172368 0
0.57791 0.171075 0
0.574978 0.171475 0
0.573237 0.169592 0
0.569693 0.167301 0
0.568038 0.164387 0
0.564719 0.164915 0
0.562542 0.166304 0
0.555721 0.166541 0
0.552529 0.170901 0
0.549247 0.172351 0
0.546244 0.174071 0
0.540574 0.174611 0
0.538207 0.180275 0
0.530257 0.176722 0
0.531087 0.183938 0
0.527575 0.187339 0
0.526512 0.192604 0
0.523752 0.194518 0
0.519882 0.194107 0
0.517912 0.196843 0
0.512052 0.197675 0
0.499439 0.194441 0
0.488655 0.200388 0
0.486039 0.205368 0
0.417389 0.246199 0
0.419104 0.247804 0
0.415172 0.249608 0
0.411563 0.249905 0
0.409087 0.249519 0
0.408506 0.250259 0
0.407085 0.251175 1
0.405568 0.253797 0
0.404103 0.253437 0
0.403607 0.255997 0
0.401891 0.257638 0
0.402682 0.263782 0
0.401897 0.2674 0
0.402745 0.272529 0
0.401776 0.266649 0
0.401051 0.272459 0
0.401138 0.279565 0
0.405482 0.290165 0
0.405612 0.300815 0
0.40843 0.313915 0
0.417063 0.323265 0
0.419218 0.338325 0
0.432836 0.35604 0
0.441195 0.367625 0
0.448255 0.381537 0
0.461244 0.396854 0
0.477447 0.420036 0
0.49758 0.431151 0
0.532288 0.52774 0
0.580265 0.534405 0
0.581893 0.537235 0
0.618841 0.506233 0
0.607053 0.519252 0
0.618685 0.521583 0
0.683289 0.512264 0
0.625464 0.53986 0
0.631775 0.541144 0
0.636796 0.535653 0
0.657729 0.530658 0
0.642551 0.545243 0
0.651971 0.54438 0
0.657505 0.542444 0
0.656299 0.547205 1
0.656324 0.547219 0
0.656363 0.547692 0
0.65622 0.547258 0
0.655933 0.547592 0
0.652983 0.548861 0
0.65213 0.547241 0
0.653649 0.547432 0
0.64951 0.54035 0
0.639797 0.542911 0
0.646354 0.532795 0
0.6511 0.51951 0
0.665368 0.48091 0
0.649303 0.495931 0
0.65113 0.451553 0
0.651176 0.433204 0
0.642634 0.411404 0
0.645828 0.389009 0
0.641477 0.378552 0
0.643718 0.366943 0
0.643773 0.352708 0
0.642811 0.335029 0
0.641988 0.321617 0
0.641336 0.311188 0
0.634848 0.301906 0
0.631979 0.290513 0
0.628868 0.281093 0
0.627269 0.277189 0
0.623535 0.272921 0
0.622773 0.27149 0
0.624329 0.268171 0
0.619617 0.268822 0
0.619802 0.270261 0
0.618353 0.269598 0
0.617483 0.270006 0
0.616287 0.269564 0
0.615068 0.268577 1
0.61164 0.268657 0
0.610865 0.264869 0
0.603615 0.266526 0
0.601248 0.254858 0
0.593879 0.258018 0
0.588763 0.253006 0
0.583143 0.252331 0
0.582845 0.257026 0
0.556266 0.149502 0
0.558958 0.246256 0
0.552106 0.188284 0
0.558273 0.222109 0
0.549366 0.203376 0
0.550072 0.219494 0
0.544628 0.207464 0
0.541423 0.206381 0
0.535361 0.202038 0
0.530818 0.198214 0
0.533395 0.213578 0
0.529307 0.210378 0
0.525034 0.208896 0
0.522665 0.207281 0
0.518648 0.20711 0
0.508762 0.207276 0
0.508516 0.213838 0
0.506125 0.215081 0
0.5058 0.215596 0
0.505157 0.216234 0
0.505014 0.216433 0
0.506137 0.216399 0
0.505411 0.216209 0
0.505207 0.216466 0
0.505052 0.21648 0
0.505002 0.216531 0
0.50499 0.216542 0
0.504991 0.216541 1
0.499163 0.222155 0
0.494568 0.22619 0
0.493025 0.229829 0
0.487154 0.234185 0
0.484304 0.238898 0
0.485965 0.251557 0
0.454959 0.2886 0
0.421249 0.332248 0
0.418127 0.332773 0
0.41067 0.343822 0
0.409812 0.348813 0
0.41333 0.35595 0
0.416298 0.36034 0
0.416849 0.370216 0
0.424775 0.373501 0
0.431135 0.379152 0
0.442244 0.38764 0
0.453587 0.393567 0
0.463147 0.399258 0
0.474587 0.395787 0
0.474335 0.403015 0
0.484906 0.406299 0
0.491994 0.407485 0
0.498251 0.409676 0
0.50208 0.41385 0
0.506054 0.421559 0
0.511239 0.429622 0
0.508765 0.441475 0
0.512987 0.45043 0
0.519995 0.462033 0
0.529864 0.464475 0
0.537969 0.472442 0
0.543152 0.482262 0
0.551902 0.484236 0
0.559798 0.489303 0
0.564348 0.495088 1
