0.678064 0.0743496 1
0.670599 0.0846892 0
0.673358 0.0892936 0
0.675117 0.0954593 0
0.671365 0.114703 0
0.687605 0.155851 0
0.695985 0.174855 0
0.713584 0.196686 0
0.738255 0.226242 0
0.752461 0.240938 0
0.777739 0.254554 0
0.79405 0.260986 0
0.809679 0.267289 0
0.829291 0.274665 0
0.84201 0.274231 0
0.852138 0.289153 0
0.853844 0.302456 0
0.85087 0.31833 0
0.857498 0.331942 0
0.862411 0.34802 0
0.866979 0.370269 0
0.878257 0.385129 0
0.887313 0.406961 0
0.92186 0.43467 0
0.940557 0.448685 0
0.942374 0.454214 0
0.951854 0.458234 0
0.959779 0.461916 0
0.961408 0.454208 0
0.972643 0.452076 0
0.980057 0.448955 0
0.983573 0.442411 0
0.988054 0.430465 0
0.983419 0.41796 0
0.986923 0.407895 0
0.980783 0.39738 0
0.978684 0.388131 0
0.979516 0.379625 0
0.975626 0.371698 0
0.973478 0.365291 0
0.966756 0.360325 1
0.96959 0.337536 0
0.97308 0.306917 0
0.976223 0.269679 0
0.957894 0.235601 0
0.93687 0.19663 0
0.91127 0.163717 0
0.887557 0.139977 0
0.86666 0.124294 0
0.84705 0.113865 0
0.836228 0.112642 0
0.824889 0.10467 0
0.807437 0.100034 0
0.780359 0.0922152 0
0.770133 0.0930275 0
0.76482 0.087482 0
0.75671 0.0782543 0
0.663876 0.0240072 0
0.671394 0.0206214 0
0.672666 0.0110397 0
0.669635 0.0139515 0
0.662929 0.0186391 0
0.654886 0.0144389 0
0.634967 0.00278502 0
0.621105 0.00011733 0
0.588582 0.00745346 0
0.563251 0.00564314 0
0.553221 0.0081901 0
0.536093 0.0172471 0
0.518641 0.025311 0
0.499241 0.0339004 0
0.47604 0.0529385 0
0.457718 0.0651689 0
0.372573 0.188755 0
0.342298 0.175012 0
0.321493 0.170129 0
0.306834 0.16567 0
0.30372 0.164645 0
0.300281 0.162749 0
0.296514 0.160822 0
0.295937 0.160459 1
0.295913 0.162882 0
0.297962 0.164845 0
0.292441 0.174074 0
0.329697 0.217594 0
0.291519 0.32404 0
0.244126 0.345001 0
0.218327 0.3742 0
0.198581 0.386966 0
0.175719 0.408806 0
0.153879 0.415211 0
0.146662 0.424387 0
0.150026 0.428949 0
0.143333 0.428196 0
0.13628 0.428079 0
0.13281 0.425825 0
0.130071 0.427822 0
0.123886 0.427075 0
0.117301 0.427928 0
0.108708 0.42866 0
0.105092 0.429028 0
0.103311 0.428669 0
0.103863 0.428644 0
0.100803 0.42902 0
0.100649 0.428224 0
0.0942475 0.41091 0
0.08933 0.399817 0
0.0826998 0.384822 0
0.0839515 0.366409 0
0.0927245 0.353122 0
0.0998648 0.329692 0
0.106344 0.322538 0
0.114 0.305531 0
0.120246 0.286661 0
0.142079 0.286086 0
0.152814 0.270063 0
0.170389 0.270392 0
0.188435 0.256479 0
0.216158 0.244492 0
0.224121 0.231692 0
0.235791 0.215547 1
0.232259 0.210438 0
0.219855 0.175051 0
0.245118 0.149514 0
0.25223 0.14679 0
0.26644 0.141425 0
0.296404 0.132203 0
0.297297 0.119843 0
0.3151 0.101956 0
0.335906 0.0840594 0
0.355645 0.077522 0
0.372092 0.0731873 0
0.399363 0.0745687 0
0.438523 0.0819739 0
0.469495 0.0899734 0
0.492912 0.0970947 0
0.515523 0.103302 0
0.532659 0.107743 0
0.54503 0.11184 0
0.559768 0.114284 0
0.568116 0.113661 0
0.581424 0.114913 0
0.599408 0.108263 0
0.613018 0.104747 0
0.620991 0.105715 0
0.640724 0.0994461 0
0.661052 0.118 0
0.672441 0.122813 0
0.670628 0.129634 0
0.66981 0.139228 0
0.682777 0.166153 0
0.69451 0.190011 0
0.706084 0.202219 0
0.736656 0.223898 0
0.742393 0.237093 0
0.767483 0.246395 0
0.774485 0.259904 0
0.791803 0.262828 0
0.809903 0.271179 0
0.823286 0.28194 0
0.841234 0.293162 1
0.842294 0.311455 0
0.849964 0.336931 0
0.855985 0.360152 0
0.866817 0.380744 0
0.870971 0.39679 0
0.892349 0.410102 0
0.911916 0.452428 0
0.915993 0.459613 0
0.923531 0.476863 0
0.929144 0.468713 0
0.935726 0.467655 0
0.94526 0.467902 0
0.948657 0.456619 0
0.954362 0.449161 0
0.963515 0.440284 0
0.968714 0.43616 0
0.974857 0.431015 0
0.981569 0.428576 0
0.98435 0.425941 0
0.994069 0.422858 0
0.994682 0.41091 0
0.998169 0.405228 0
0.996985 0.396989 0
0.991951 0.391263 0
0.987485 0.380433 0
0.991567 0.373196 0
0.985008 0.373308 0
0.968232 0.328972 0
0.970859 0.291051 0
0.969171 0.259264 0
0.965957 0.228272 0
0.952564 0.204593 0
0.924137 0.169909 0
0.915641 0.134269 0
0.882343 0.110178 0
0.849779 0.0868402 0
0.832681 0.073549 0
0.812593 0.0693331 0
0.798848 0.0676045 0
0.786426 0.0714093 1
0.784169 0.0758735 0
0.776989 0.0819757 0
0.774822 0.0837609 0
0.769567 0.0836853 0
0.760525 0.0865072 0
0.755882 0.0872178 0
0.747373 0.0720285 0
0.682473 0.00971401 0
0.671285 0.0198806 0
0.668426 0.0194007 0
0.651837 0.0106495 0
0.633687 0.0109231 0
0.62095 0.00104255 0
0.604034 0 0
0.591931 0.00230683 0
0.57009 0.00735626 0
0.544677 0.0200427 0
0.516012 0.0499848 0
0.42723 0.16684 0
0.404761 0.181912 0
0.399976 0.1832 0
0.392026 0.184586 0
0.375303 0.17773 0
0.358797 0.178944 0
0.341617 0.175698 0
0.334085 0.174502 0
0.317096 0.169146 0
0.307526 0.165567 0
0.306143 0.164777 0
0.311366 0.179064 0
0.308283 0.184652 0
0.317057 0.205233 0
0.20765 0.353068 0
0.206363 0.36818 0
0.189653 0.373068 0
0.174237 0.388253 0
0.162326 0.395049 0
0.154649 0.403154 0
0.135776 0.424872 0
0.133013 0.424004 1
0.126163 0.43114 0
0.119384 0.433245 0
0.108925 0.44226 0
0.0991674 0.447267 0
0.0912214 0.450916 0
0.0859804 0.45691 0
0.0775669 0.460694 0
0.0676679 0.461508 0
0.0555246 0.466638 0
0.0431158 0.462515 0
0.0354857 0.457803 0
0.0337993 0.45374 0
0.0342979 0.441983 0
0.0329741 0.43591 0
0.0305415 0.436251 0
0.0234169 0.435166 0
0.014373 0.429683 0
0.00503255 0.4182 0
0.000392029 0.408891 0
0 0.395381 0
0.00226437 0.381497 0
0.0197066 0.356338 0
0.023216 0.345586 0
0.0261867 0.320724 0
0.0423566 0.309114 0
0.0528628 0.2848 0
0.051003 0.27177 0
0.0665391 0.257462 0
0.0743454 0.252423 0
0.0906753 0.247474 0
0.125713 0.231951 0
0.160445 0.228716 0
0.180476 0.220983 0
0.190736 0.217844 0
0.222876 0.173413 0
0.233225 0.150665 0
0.248152 0.139153 0
0.268367 0.136122 0
0.28334 0.139284 0
0.291296 0.146039 1
0.291495 0.145539 0
0.291773 0.146038 0
0.305047 0.120356 0
0.316063 0.108504 0
0.339107 0.097573 0
0.366104 0.0884837 0
0.382744 0.09215 0
0.420455 0.0933452 0
0.456627 0.100583 0
0.48271 0.101953 0
0.505863 0.108409 0
0.529271 0.112171 0
0.548384 0.115798 0
0.570315 0.115473 0
0.594761 0.112514 0
0.602118 0.109649 0
0.613813 0.104413 0
0.627713 0.0967508 0
0.639834 0.093255 0
0.668488 0.0993287 0
0.670921 0.104776 0
0.671228 0.117226 0
0.674429 0.132575 0
0.682704 0.144555 0
0.697652 0.173992 0
0.713962 0.197122 0
0.721715 0.198863 0
0.759933 0.229025 0
0.77338 0.248187 0
0.790926 0.26022 0
0.80924 0.259252 0
0.825367 0.270399 0
0.841958 0.285298 0
0.85227 0.310943 0
0.851985 0.333639 0
0.858005 0.358618 0
0.86844 0.374072 0
0.881236 0.405902 0
0.894586 0.418875 0
0.905014 0.428768 1
0.907623 0.444004 0
0.919042 0.456389 0
0.936578 0.468485 0
0.94641 0.472152 0
0.958044 0.477694 0
0.961651 0.472957 0
0.968604 0.466822 0
0.975729 0.463698 0
0.975421 0.45426 0
0.982403 0.448043 0
0.990752 0.443492 0
0.9932 0.433923 0
1 0.425806 0
0.992114 0.416749 0
0.998951 0.412299 0
0.993103 0.401697 0
0.993425 0.395468 0
0.992184 0.384603 0
0.980101 0.378095 0
0.955974 0.356963 0
0.971745 0.313715 0
0.980078 0.284346 0
0.974407 0.25666 0
0.966096 0.220432 0
0.952622 0.2008 0
0.930787 0.176247 0
0.911439 0.136371 0
0.895713 0.107723 0
0.868039 0.098215 0
0.715334 0.0397732 0
0.695682 0.0348748 0
0.687689 0.0600974 0
0.685715 0.0657173 0
0.685873 0.0650563 0
0.686879 0.0667409 0
0.689876 0.0565906 0
0.686908 0.0671577 0
0.685979 0.0658944 0
0.689444 0.0616783 0
0.686027 0.0652405 0
0.684793 0.0674576 1
