0.541096 0.570632 1
0.541555 0.570624 0
0.542414 0.570359 0
0.543497 0.570675 0
0.543811 0.570977 0
0.544952 0.57166 0
0.545325 0.57192 0
0.545753 0.572019 0
0.547135 0.57368 0
0.547807 0.573909 0
0.548227 0.574748 0
0.549195 0.575279 0
0.549476 0.575756 0
0.550168 0.577201 0
0.550328 0.577375 0
0.550907 0.577989 0
0.55162 0.578638 0
0.552223 0.580472 0
0.552403 0.581619 0
0.552516 0.581786 0
0.553029 0.583085 0
0.553313 0.582796 0
0.553349 0.582845 0
0.553674 0.584124 0
0.553301 0.583857 0
0.553449 0.584589 0
0.553636 0.585456 0
0.553508 0.585113 0
0.554 0.586394 0
0.554423 0.588155 0
0.554817 0.589332 0
0.554511 0.588848 0
0.554602 0.588833 0
0.554888 0.588677 0
0.554389 0.590461 0
0.555582 0.592397 0
0.555067 0.59209 0
0.556063 0.594075 0
0.55591 0.593317 0
0.55573 0.592739 0
0.555731 0.592139 0
0.554985 0.591611 0
0.555506 0.590425 0
0.55536 0.589382 0
0.555634 0.587656 0
0.555335 0.586879 0
0.554447 0.586701 0
0.555215 0.584804 0
0.555415 0.583339 0
0.554546 0.583235 0
0.554435 0.581957 0
0.555272 0.581474 0
0.553544 0.581455 0
0.561042 0.583256 0
0.554673 0.580357 0
0.555139 0.581009 0
0.558011 0.581777 0
0.558022 0.584017 0
0.558002 0.585275 0
0.559012 0.588611 0
0.559852 0.590338 0
0.561328 0.592149 0
0.561584 0.592124 0
0.561747 0.591863 0
0.562299 0.591456 0
0.563091 0.589857 0
0.563225 0.590433 0
0.563368 0.590258 0
0.563246 0.590762 0
0.563617 0.590097 0
0.563662 0.589376 0
0.564431 0.586595 0
0.56435 0.585557 0
0.564842 0.583988 0
0.564464 0.583689 0
0.565169 0.581907 0
0.566834 0.582002 0
0.56745 0.580732 0
0.568382 0.582088 0
0.568753 0.583138 0
0.569565 0.585522 0
0.571324 0.60344 0
0.573207 0.613411 0
0.571519 0.59998 0
0.576207 0.621522 0
0.577529 0.622339 0
0.577911 0.624408 0
0.577138 0.621673 0
0.579438 0.626932 0
0.579075 0.627351 0
0.579675 0.629387 0
0.579579 0.62898 0
0.579754 0.628914 0
0.580124 0.630829 0
0.580174 0.631866 0
0.580638 0.632053 0
0.580124 0.630116 0
0.580741 0.632485 0
0.581049 0.633523 0
0.581209 0.634746 0
0.581368 0.636005 0
0.581369 0.63657 0
0.581193 0.637107 0
0.581114 0.637673 0
0.581225 0.638325 0
0.580875 0.639347 0
0.581414 0.641661 0
0.581264 0.64224 0
0.581213 0.643625 0
0.581026 0.643885 0
0.581357 0.644878 0
0.581138 0.645726 0
0.581123 0.646744 0
0.581473 0.64852 0
0.579984 0.64438 0
0.563766 0.632334 0
0.532948 0.715907 0
0.464288 0.292418 0
0.456381 0.179581 0
0.453948 0.175839 0
0.451314 0.176122 0
0.449654 0.1765 0
0.447369 0.175281 0
0.444247 0.17594 0
0.439889 0.17487 0
0.43515 0.175646 0
0.43338 0.175353 0
0.430555 0.175341 1
0.401746 0.171765 1
0.402294 0.170479 0
0.396049 0.167146 0
0.315645 0.167238 0
0.325025 0.192124 0
0.325548 0.19304 0
0.32532 0.195225 1
0.265551 0.0990001 0
0.375392 0.642031 1
0.394466 0.658138 0
0.408368 0.664777 0
0.406026 0.664209 0
0.430429 0.662462 1
0.43059 0.662549 0
0.431052 0.663475 0
0.431743 0.667392 0
0.433118 0.672386 0
0.435212 0.679225 0
0.430497 0.662109 0
0.430985 0.662521 0
0.430395 0.66188 0
0.4293 0.661594 0
0.435332 0.677762 0
0.43728 0.686542 0
0.434835 0.675025 0
0.437098 0.682142 0
0.437024 0.681842 0
0.438106 0.68461 0
0.438526 0.679571 0
0.440771 0.682923 0
0.438852 0.680873 0
0.440215 0.684991 0
0.44162 0.688306 0
0.440399 0.687492 0
0.436868 0.68192 0
0.435076 0.676935 0
0.438378 0.686478 0
0.44081 0.701417 0
0.433623 0.682107 0
0.436551 0.6899 0
0.442201 0.700894 0
0.439832 0.696605 0
0.438187 0.69273 0
0.438338 0.692939 0
0.437529 0.691645 0
0.44024 0.69632 0
0.446145 0.708181 0
0.435038 0.66246 0
0.440694 0.670437 0
0.437927 0.664652 0
0.436799 0.66423 0
0.438804 0.665275 0
0.442415 0.668031 0
0.452264 0.678682 0
0.459051 0.686965 0
0.449201 0.67524 0
0.453824 0.684337 0
0.449513 0.680107 0
0.443741 0.673808 0
0.439866 0.671101 0
0.439822 0.673148 0
0.442281 0.676596 0
0.451463 0.691976 0
0.419115 0.708528 0
0.812376 0.484656 1
0.817263 0.475046 0
1 0.567566 0
0.422352 0.115253 0
0.436233 0.137504 0
0.429931 0.134644 0
0.42617 0.126745 0
0.800382 0.459283 0
0.845277 0.437272 0
0.471434 0.682009 0
0.466072 0.670949 0
0.48366 0.669233 0
0.492778 0.667945 0
0.489594 0.669466 0
0.484068 0.668802 0
0.48374 0.669021 0
0.487504 0.667783 0
0.490436 0.666942 0
0.488152 0.668476 0
0.499053 0.664063 0
0.501793 0.661523 0
0.503537 0.659185 0
0.504231 0.658149 0
0.504107 0.658284 0
0.458801 0.657419 0
0.442524 0.659552 0
0.442675 0.659076 0
0.437794 0.658096 0
0.437614 0.657919 0
0.442775 0.658741 0
0.43999 0.657999 0
0.436919 0.657273 0
0.445375 0.65693 0
0.447273 0.655991 0
0.451749 0.653631 0
0.455954 0.649724 0
0.461084 0.642757 0
0.409861 0.618174 0
0.409959 0.624786 0
0.407686 0.626368 0
0.40793 0.62567 0
0.408545 0.624355 0
0.388301 0.59693 0
0.701697 0.706408 0
0.685606 0.581332 0
0.568966 0 0
0.471298 0.128357 0
0.458952 0.122104 0
0.457019 0.126521 0
0.451914 0.127988 1
0.451913 0.127968 0
0.451932 0.127772 0
0.451939 0.127746 0
0.451937 0.127939 0
0.451912 0.127982 0
0.451912 0.127984 0
0.451924 0.127951 0
0.452002 0.12772 0
0.452224 0.126935 0
0.456973 0.122019 0
0.474889 0.0926973 0
0.555136 0.165925 0
0.560396 0.179198 0
0.561754 0.185866 0
0.570863 0.18797 0
0.566291 0.192517 0
0.567057 0.19646 0
0.564932 0.198909 0
0.567438 0.202181 0
0.558475 0.202862 0
0.561457 0.200446 0
0.510312 0.185736 0
0.495837 0.177552 0
0.550738 0.214126 0
0.302324 0.228457 0
0.365107 0.247148 0
0.327522 0.241089 0
0.324892 0.239381 0
0.32565 0.23968 0
0.349194 0.24523 0
0.33169 0.242998 0
0.36552 0.250596 0
0.370931 0.254151 0
0.375224 0.25815 0
0.382498 0.265032 0
0.390851 0.272866 0
0.413279 0.287713 0
0.538177 0.308584 0
0.429664 0.313271 0
0.413057 0.3081 0
0.404941 0.314227 0
0.397898 0.317747 0
0.348967 0.354377 0
0.523561 0.494403 0
0.510541 0.483499 0
0.496154 0.490114 0
0.467858 0.494625 0
0.545142 0.592186 0
0.539435 0.601442 0
0.533631 0.602691 0
0.528646 0.606778 0
0.521512 0.606673 0
0.511174 0.601217 0
0.510641 0.607798 0
0.506077 0.608132 0
0.495899 0.613138 0
0.50079 0.622727 0
0.497067 0.618886 0
0.492344 0.613297 0
0.487887 0.613438 0
0.487243 0.619104 0
0.485447 0.6239 0
0.479817 0.623499 0
0.474309 0.621899 0
0.471762 0.62974 0
0.465675 0.636033 0
0.458754 0.638748 0
0.454424 0.645902 0
0.435392 0.637204 0
0.431577 0.628369 0
0.429925 0.623759 0
0.424802 0.62087 0
0.420906 0.620723 0
0.443632 0.649653 0
0.715557 0.526018 0
0.734785 0.550025 0
0.731972 0.539636 0
0.731681 0.533347 0
0.730768 0.53256 0
0.729859 0.530374 0
0.729789 0.528526 0
0.72843 0.528584 0
0.727577 0.52906 0
0.726791 0.526889 0
0.726041 0.526974 0
0.725428 0.527368 0
0.723047 0.52896 0
0.722397 0.531478 0
0.727606 0.52649 0
0.491403 0.0698533 0
0.497988 0.144383 0
0.50741 0.150648 0
0.51825 0.149017 0
0.525619 0.148988 0
0.537634 0.151236 0
0.538493 0.153284 0
0.547747 0.149259 0
0.551549 0.151659 0
0.554165 0.152637 0
0.55241 0.157344 0
0.552826 0.159439 0
0.553672 0.162048 0
0.55354 0.164144 0
0.548206 0.16962 0
0.548041 0.171677 0
0.544639 0.175525 0
0.545132 0.179426 0
0.542796 0.181454 0
0.547497 0.185459 0
0.544618 0.187019 0
0.543241 0.18942 0
0.538424 0.190769 0
0.53543 0.188252 0
0.385825 0.216183 0
0.39246 0.18506 0
0.392961 0.194901 0
0.391209 0.215647 0
0.391721 0.217274 0
0.391818 0.220779 0
0.387961 0.231202 0
0.386653 0.234077 0
0.385519 0.237557 0
0.38639 0.238567 0
0.385362 0.241416 0
0.386559 0.24283 0
0.387191 0.245462 0
0.388429 0.24709 0
0.389336 0.247801 0
0.390713 0.249799 0
0.392953 0.251599 0
0.395168 0.254143 0
0.399061 0.256671 0
0.403145 0.259921 0
0.400994 0.263057 0
0.401918 0.268081 0
0.404971 0.272521 0
0.406839 0.278116 0
0.412906 0.285736 0
0.415708 0.292969 0
0.418223 0.299917 0
0.421472 0.308022 0
0.421663 0.316306 0
0.409736 0.321285 0
0.405958 0.334921 0
0.393349 0.338026 0
0.38571 0.340197 0
0.369279 0.346372 0
0.357065 0.322102 0
0.463654 0.480056 0
0.449613 0.480984 0
0.367423 0.447608 0
0.392385 0.433041 0
0.279046 0.285783 0
0.410006 0.465681 0
0.470714 0.546992 0
0.482549 0.576006 0
0.483382 0.583499 0
0.339725 0.529065 0
0.244416 0.417837 1
0.285078 0.279698 0
0.24903 0.330123 1
0.284525 0.265475 1
0.287357 0.255819 1
0.433243 0.630865 0
0.489389 0.634964 0
0.479855 0.640698 0
0.472937 0.645266 0
0.460463 0.649716 0
0.449377 0.652222 0
0.433879 0.653328 0
0.428912 0.627816 0
0.480136 0.655777 0
0.687498 0.617622 0
0.681369 0.596976 0
0.684083 0.598561 0
0.680971 0.596655 0
0.675013 0.595683 0
0.670854 0.592853 0
0.666664 0.591672 0
0.671264 0.591162 0
0.671803 0.590676 0
0.667739 0.590966 0
0.671569 0.590572 0
0.675321 0.586867 0
0.677033 0.583959 0
0.68132 0.578589 0
0.681276 0.570506 0
0.679951 0.568726 0
0.68381 0.567625 0
0.69027 0.582964 0
0.725078 0.455164 0
0.694758 0.554087 0
0.691123 0.545632 0
0.695756 0.542356 0
0.705629 0.533666 0
0.729875 0.444706 0
0.75099 0.40535 0
0.754057 0.39581 0
0.758005 0.390017 0
0.766218 0.376131 0
0.754228 0.398838 0
0.743502 0.41349 0
0.701488 0.514988 0
0.722323 0.448404 0
0.74872 0.385929 0
0.376556 0.619804 1
0.366785 0.609301 0
0.318056 0.596515 0
0.307461 0.578782 1
0.305722 0.580167 0
0.302378 0.579811 0
0.298634 0.580169 0
0.296346 0.579388 0
0.300524 0.561311 0
0.281805 0.261902 0
0.259469 0.251155 0
0.225753 0.287486 0
0.224101 0.534973 0
0.270269 0.563647 0
0.221016 0.538702 0
0 0.383758 0
0.259368 0.297223 0
0.24577 0.334847 0
0.243674 0.245342 0
0.318068 0.215027 1
0.30562 0.220178 0
0.413711 0.174462 1
0.392849 0.180813 1
0.392201 0.184237 0
0.391109 0.187055 0
0.385659 0.197056 0
0.329531 0.223999 0
0.32585 0.216958 0
0.316386 0.21754 0
0.283101 0.260625 1
0.248529 0.338458 0
0.248092 0.333244 0
0.248571 0.332369 0
0.248601 0.332146 1
0.255779 0.317834 1
0.250566 0.338132 0
0.246787 0.338188 0
0.249363 0.351296 0
0.250305 0.457838 0
0.247049 0.424756 1
0.265621 0.440907 0
0.242247 0.347133 0
0.254784 0.346697 0
0.258681 0.344066 0
0.259498 0.322673 0
0.262856 0.324421 0
0.271774 0.322524 0
0.260672 0.331108 0
0.417434 0.23023 0
0.405921 0.25707 0
0.403204 0.24975 0
0.252653 0.443733 0
0.288831 0.430202 0
0.301698 0.451647 0
0.291792 0.424064 0
0.297036 0.33834 0
0.288187 0.361621 0
0.289374 0.365503 0
0.290978 0.368795 0
0.295492 0.370169 0
0.296136 0.415662 0
0.31192 0.464008 0
0.316981 0.446834 0
0.317301 0.453971 0
0.320521 0.448629 0
0.321891 0.450774 0
0.324908 0.447647 0
0.332775 0.432559 0
0.338699 0.423417 0
0.341222 0.432246 0
0.357423 0.418361 0
0.273566 0.396399 0
0.260878 0.397916 0
0.370607 0.446767 0
0.34586 0.464189 0
0.338744 0.476834 0
0.330574 0.485681 0
0.331592 0.490019 0
0.325467 0.497479 0
0.321529 0.505903 0
0.319912 0.510073 0
0.322513 0.513448 0
0.322931 0.51725 0
0.322352 0.521973 0
0.327707 0.528473 0
0.331572 0.555468 0
0.327258 0.558745 0
0.327796 0.56016 1
0.328134 0.560257 0
0.328479 0.560467 0
0.328651 0.560291 0
0.32941 0.558712 0
0.340608 0.560035 0
0.470997 0.622901 0
0.470064 0.636159 0
0.44791 0.650465 0
0.44825 0.647529 0
0.450919 0.645477 0
0.441128 0.65013 0
0.436082 0.653986 1
0.436088 0.653982 0
0.436109 0.653968 0
0.436155 0.653808 0
0.437392 0.651809 0
0.441531 0.64684 0
0.443487 0.595127 0
0.666176 0.587169 0
0.666927 0.591492 0
0.666448 0.591446 0
0.666932 0.5918 0
0.667197 0.591882 0
0.6688 0.592472 0
0.667901 0.592086 0
0.667136 0.591948 0
0.666808 0.591839 0
0.666076 0.591507 0
0.664913 0.591392 0
0.665503 0.59001 0
0.663335 0.589355 1
0.657324 0.584055 0
0.65211 0.577544 0
0.647099 0.57139 0
0.642961 0.568239 0
0.644739 0.55875 0
0.622808 0.597672 0
0.620086 0.594444 0
0.639292 0.548345 0
0.637801 0.54914 0
0.636226 0.55378 0
0.656719 0.506071 0
0.709719 0.314123 0
0.715077 0.345235 0
0.71088 0.347501 1
0.701188 0.347113 0
0.698474 0.343758 0
0.688505 0.344696 0
0.681638 0.34536 0
0.66785 0.347505 0
0.660327 0.349085 0
0.653748 0.350769 0
0.648089 0.351705 0
0.643986 0.355068 0
0.639899 0.355692 0
0.632199 0.35749 0
0.628128 0.359134 0
0.622463 0.361006 0
0.618435 0.360461 0
0.615624 0.360772 0
0.612912 0.359795 0
0.609362 0.359006 0
0.607963 0.359977 0
0.606364 0.360047 0
0.605204 0.359653 0
0.602714 0.358524 0
0.600633 0.35926 0
0.599713 0.358997 0
0.598322 0.358901 0
0.596541 0.360893 0
0.592719 0.360402 0
0.588275 0.360883 0
0.581758 0.364268 0
0.582505 0.378492 0
0.579325 0.352037 0
0.572902 0.347342 0
0.569454 0.349507 0
0.562919 0.344196 0
0.56848 0.365327 0
0.570681 0.387976 0
0.577675 0.422135 0
0.576924 0.439272 0
0.577895 0.448604 0
0.573193 0.448026 0
0.575386 0.459442 0
0.570397 0.457938 0
0.56947 0.461682 0
0.567194 0.462992 0
0.566585 0.465792 0
0.561778 0.466291 0
0.539965 0.459144 0
0.429275 0.337676 0
0.43274 0.332086 0
0.428747 0.336053 0
0.433039 0.33839 0
0.433367 0.340103 0
0.432475 0.34284 0
0.43292 0.34555 0
0.433652 0.347537 0
0.434611 0.349332 0
0.437494 0.35356 0
0.438258 0.35701 0
0.434057 0.357487 0
0.432171 0.357925 0
0.431792 0.359236 0
0.434192 0.362018 0
0.435335 0.364285 0
0.440185 0.366649 0
0.440919 0.370083 0
0.446119 0.373753 0
0.450428 0.378029 0
0.452793 0.380865 0
0.455691 0.384978 0
0.45901 0.39075 0
0.458135 0.388922 0
0.454383 0.385954 0
0.454728 0.381884 0
0.45377 0.380407 0
0.455951 0.385761 0
0.44586 0.376448 0
0.330385 0.436768 0
0.320273 0.446966 0
0.323591 0.437073 0
0.322139 0.4391 0
0.323147 0.436133 0
0.321771 0.437827 0
0.323549 0.4317 0
0.324196 0.429715 0
0.322779 0.439363 0
0.321889 0.441194 0
0.323004 0.439221 0
0.323475 0.439577 0
0.325069 0.436461 0
0.326044 0.432711 0
0.326719 0.431166 0
0.327988 0.428626 0
0.327084 0.430467 0
0.339322 0.412414 0
0.333781 0.419854 0
0.33248 0.42241 0
0.335423 0.419085 0
0.457051 0.379159 0
0.463076 0.39071 0
0.463904 0.390242 0
0.46281 0.388534 0
0.463165 0.389288 0
0.464404 0.390488 0
0.465403 0.391315 0
0.465258 0.391267 0
0.464876 0.391185 0
0.463639 0.389651 0
0.463838 0.390231 0
0.464542 0.390425 0
0.464898 0.39179 0
0.46496 0.39267 0
0.464925 0.392867 0
0.464937 0.393261 0
0.465323 0.393105 0
0.465653 0.393009 0
0.466268 0.393612 0
0.466729 0.394008 0
0.467646 0.394463 0
0.468916 0.394637 0
0.469142 0.394145 0
0.46973 0.393922 0
0.470627 0.393361 0
0.471655 0.393087 0
0.472343 0.39357 0
0.473561 0.394496 0
0.473825 0.393291 0
0.474684 0.393356 0
0.475813 0.393291 0
0.476667 0.393102 0
0.477002 0.392609 0
0.478462 0.392577 0
0.480729 0.392191 0
0.48166 0.392375 0
0.481457 0.392345 0
0.482922 0.393935 0
0.485475 0.396849 0
0.487683 0.399254 0
0.489641 0.400333 0
0.4909 0.401651 0
0.49106 0.401213 0
0.491457 0.400783 0
0.491175 0.399496 0
0.491855 0.40025 0
0.491111 0.399987 0
0.492741 0.39975 0
0.492904 0.399516 0
0.493421 0.399623 0
0.493674 0.39983 0
0.493339 0.400003 0
0.493324 0.399826 0
0.492939 0.399759 0
0.492614 0.399229 0
0.492883 0.398874 0
0.493096 0.398917 0
0.491766 0.399843 0
0.491212 0.400562 0
0.491063 0.400867 0
0.491507 0.399721 0
0.491792 0.399584 0
0.49164 0.400357 0
0.492275 0.400323 0
0.491998 0.400156 0
0.491527 0.399907 0
0.490819 0.40076 0
0.489504 0.401734 0
0.489443 0.401468 0
0.489742 0.401149 0
0.488383 0.401462 0
0.487279 0.40233 0
0.487175 0.402445 0
0.486718 0.402938 0
0.48572 0.403778 0
0.486024 0.403732 0
0.486512 0.403319 0
0.487183 0.402932 0
0.487179 0.402702 0
0.486787 0.403418 0
0.486061 0.403919 0
0.485661 0.404134 0
0.48519 0.404427 0
0.48457 0.40506 0
0.484406 0.404994 0
0.484667 0.404832 0
0.484698 0.404778 0
0.485031 0.404549 0
0.484787 0.40473 0
0.485534 0.404218 0
0.485361 0.404125 0
0.48553 0.403916 0
0.485707 0.403952 0
0.485881 0.404147 0
0.484915 0.404657 0
0.483437 0.403637 0
0.483782 0.403977 0
0.484299 0.403797 0
0.484179 0.404798 0
0.484095 0.40496 0
0.484258 0.405036 0
0.484345 0.405047 0
0.484278 0.405064 0
0.484308 0.40506 0
0.484169 0.405408 0
0.484302 0.405127 0
0.484371 0.405062 0
0.484387 0.405054 0
0.484377 0.405048 0
0.484291 0.405167 0
0.484234 0.405281 0
0.484377 0.405113 0
0.484106 0.405284 0
0.48402 0.405308 0
0.48384 0.405433 0
0.484266 0.405162 0
0.483979 0.405298 0
0.484164 0.405236 0
0.484348 0.405061 0
0.484275 0.405118 0
0.484284 0.40517 0
0.484133 0.405381 0
0.483065 0.406413 0
0.482999 0.406252 0
0.48304 0.406255 0
0.483175 0.405982 0
0.483611 0.405869 0
0.483609 0.405749 0
0.483307 0.406065 0
0.482748 0.406373 0
0.482529 0.406778 0
0.481913 0.407188 0
0.482114 0.407311 0
0.482552 0.407031 0
0.482318 0.407854 0
0.481289 0.408398 0
0.481971 0.407213 0
0.482245 0.4073 0
0.482171 0.407446 0
0.482225 0.407394 0
0.482119 0.407379 0
0.481855 0.407583 0
0.481929 0.40761 0
0.482269 0.407908 0
0.482788 0.407671 0
0.482981 0.407717 0
0.483088 0.407586 0
0.483134 0.407473 0
0.483269 0.407334 0
0.482935 0.407172 0
0.483386 0.406223 0
0.48346 0.406013 0
0.483304 0.406053 0
0.483306 0.406117 0
0.483625 0.405601 0
0.483348 0.406315 0
0.483466 0.405681 0
0.483284 0.405686 0
0.483669 0.405094 0
0.484305 0.404992 0
0.484555 0.405086 0
0.484437 0.405025 0
0.484711 0.404984 0
0.485096 0.404793 0
0.485478 0.404655 0
0.485701 0.404485 0
0.485825 0.404358 0
0.486041 0.404428 0
0.485806 0.404314 0
0.485155 0.403936 0
0.484848 0.40306 0
0.484176 0.402599 0
0.484345 0.402884 0
0.484297 0.402972 0
0.48431 0.403552 0
0.484138 0.403651 0
0.484109 0.403551 0
0.484388 0.403386 0
0.484859 0.403763 0
0.484392 0.403396 0
0.485021 0.404759 0
0.485757 0.404381 0
0.486031 0.404386 0
0.486303 0.404446 0
0.486346 0.404426 0
0.487051 0.404556 0
0.486958 0.404624 0
0.487201 0.404568 0
0.486798 0.404584 0
0.486193 0.404882 0
0.484373 0.405053 0
0.484388 0.405049 0
0.484388 0.405049 0
0.484388 0.405049 0
0.484388 0.405049 0
0.484388 0.405049 0
0.484388 0.405049 0
0.484388 0.405049 0
0.484388 0.405049 0
0.484388 0.405049 0
0.484388 0.405049 0
0.484388 0.405049 0
0.484388 0.405049 0
0.484388 0.405049 0
0.484388 0.405049 0
0.484388 0.405049 0
0.484388 0.405049 0
0.484388 0.405049 0
0.484388 0.405049 1
