0.377082 0.266652 1
0.372959 0.271369 0
0.364822 0.275779 0
0.360848 0.281746 0
0.350616 0.289594 0
0.346668 0.303084 0
0.335271 0.314014 0
0.330312 0.317818 0
0.313318 0.331644 0
0.305577 0.352465 0
0.293146 0.356041 0
0.287411 0.369065 0
0.283771 0.38131 0
0.278076 0.391226 0
0.273314 0.415411 0
0.273267 0.4245 0
0.277238 0.436201 0
0.277613 0.439013 0
0.279006 0.44232 0
0.279572 0.446214 0
0.277634 0.443735 0
0.279816 0.44888 0
0.279072 0.449372 0
0.280365 0.452974 0
0.280461 0.452665 0
0.280583 0.453464 0
0.280934 0.453754 0
0.280832 0.453855 0
0.280691 0.454127 0
0.280939 0.454454 1
0.280546 0.453054 0
0.271357 0.454811 0
0.307395 0.535549 0
0.319507 0.545837 0
0.317314 0.544996 0
0.31747 0.545022 0
0.317449 0.545037 0
0.317449 0.545038 1
0.351921 0.58415 1
0.560182 0.630344 0
0.557642 0.614946 0
0.552408 0.623513 0
0.553373 0.615708 0
0.551586 0.617511 0
0.551698 0.627307 0
0.552425 0.629988 1
0.554977 0.646395 0
0.567972 0.662066 0
0.72065 0.576525 0
0.751906 0.551263 0
0.789692 0.520024 0
0.818054 0.484834 0
0.874574 0.455574 0
0.88778 0.426061 0
0.872948 0.389935 0
0.895879 0.375095 0
0.89822 0.357351 0
0.930955 0.328723 0
0.929381 0.305975 0
0.923551 0.276253 0
0.942435 0.260715 0
0.95853 0.230024 0
0.971668 0.201569 0
0.960563 0.192876 0
0.989219 0.121488 0
1 0.0776795 0
0.989392 0.0828155 0
0.982091 0.0720733 0
0.96114 0.0775162 0
0.990471 0.0271593 0
0.982938 0.0183563 0
0.929707 0.0324147 0
0.933179 0 0
0.913161 0.0122454 0
0.877654 0.0392176 0
0.866521 0.0373744 0
0.826668 0.0859788 0
0.817485 0.0841926 0
0.80368 0.0886326 0
0.78403 0.103313 0
0.786792 0.0807324 0
0.781098 0.0691187 0
0.765875 0.0735903 0
0.74687 0.0768581 0
0.71724 0.103071 0
0.688915 0.135419 0
0.670937 0.142804 0
0.649891 0.149312 0
0.614571 0.186848 1
0.656726 0.154852 0
0.759747 0.00148909 0
0 0.763881 0
0.188313 0.520227 0
0.228326 0.519733 0
0.226917 0.518857 1
0.217593 0.527004 0
0.206041 0.549363 0
0.20334 0.590034 0
0.202545 0.601528 0
0.213106 0.619237 0
0.214166 0.62559 0
0.228434 0.633667 0
0.244831 0.642695 0
0.245541 0.637259 0
0.309221 0.622117 0
0.333365 0.593266 0
0.332674 0.590936 0
0.334199 0.590165 0
0.33436 0.590061 1
0.318749 0.598572 0
0.357292 0.57705 0
0.356692 0.576874 0
0.356716 0.576968 0
0.356699 0.57698 0
0.356697 0.576985 0
0.356698 0.576985 1
0.357984 0.563983 0
0.325475 0.454277 0
0.300114 0.46179 1
0.303861 0.46026 0
0.307783 0.460788 0
0.313255 0.460028 0
0.316937 0.460778 0
0.350639 0.467456 0
0.500115 0.299367 0
0.367729 0.487642 0
0.332078 0.451945 0
0.340399 0.450582 0
0.347344 0.451262 0
0.351206 0.450691 0
0.354521 0.449832 0
0.35662 0.448971 0
0.359228 0.446057 0
0.366889 0.441865 0
0.369033 0.432531 0
0.370177 0.426484 0
0.370627 0.422081 0
0.372453 0.410986 0
0.378754 0.403534 0
0.380908 0.392313 0
0.38074 0.381363 0
0.385965 0.371242 0
0.393782 0.360303 0
0.395576 0.355635 0
0.39142 0.359023 0
0.397477 0.34722 0
0.396971 0.344271 0
0.395244 0.341857 0
0.391781 0.336158 0
0.38728 0.336717 0
0.352595 0.344377 0
0.331904 0.35305 0
0.283469 0.456154 0
0.277971 0.441604 0
0.282631 0.450229 0
0.283392 0.453695 0
0.281935 0.448319 0
0.282763 0.448754 0
0.284337 0.452932 0
0.278546 0.440013 0
0.282766 0.446649 0
0.28382 0.450817 0
0.282669 0.449114 0
0.277677 0.443446 0
0.273717 0.430004 0
0.389902 0.339617 0
0.341717 0.34153 0
0.282976 0.447179 0
0.281032 0.443018 0
0.27845 0.438102 0
0.284301 0.45692 0
0.324937 0.349008 0
0.414137 0.342209 0
0.445417 0.329211 0
0.44969 0.320148 0
0.455221 0.309611 0
0.459501 0.299047 0
0.455049 0.29209 0
0.458415 0.281373 0
0.458962 0.269762 0
0.477841 0.278284 0
0.516699 0.300629 0
0.541984 0.308456 0
0.572961 0.323983 0
0.66118 0.37473 0
0.721204 0.405257 0
0.728128 0.393666 0
0.725258 0.381667 0
0.736069 0.376569 0
0.73413 0.366295 0
0.727584 0.35823 0
0.71739 0.342233 0
0.728549 0.333954 0
0.715446 0.316835 0
0.693279 0.313627 0
0.694775 0.295272 0
0.674703 0.291828 0
0.654984 0.283563 0
0.635232 0.272882 0
0.616879 0.26301 0
0.591608 0.247481 0
0.589668 0.242978 0
0.578671 0.231489 0
0.577816 0.228777 0
0.582105 0.229281 0
0.589248 0.228867 0
0.583629 0.217873 0
0.591912 0.221546 0
0.59106 0.221905 0
0.587425 0.221727 0
0.59027 0.220997 0
0.605592 0.216471 0
0.608217 0.215396 0
0.600008 0.211433 0
0.597007 0.200378 0
0.591343 0.201858 0
0.586539 0.200579 0
0.584241 0.19304 0
0.592035 0.207851 0
0.638 0.06518 0
0.251126 0.732063 0
0.266994 0.621248 0
0.295347 0.620109 0
0.328424 0.596324 0
0.333396 0.59112 0
0.333903 0.590351 0
0.333172 0.590739 0
0.329348 0.590989 0
0.3646 0.572472 0
0.356112 0.576534 0
0.356757 0.576988 0
0.356703 0.57698 0
0.356698 0.576984 0
0.356698 0.576985 0
0.356705 0.576988 0
0.356824 0.576932 0
0.35798 0.575515 0
0.358254 0.57593 0
0.363898 0.570042 0
0.366314 0.569155 0
0.376403 0.56514 0
0.388257 0.562129 0
0.4001 0.566288 0
0.416205 0.576887 0
0.355307 0.551277 0
0.351041 0.544897 0
0.308732 0.502572 0
0.317289 0.503261 0
0.310411 0.499979 0
0.314888 0.505136 0
0.316846 0.507857 0
0.318311 0.509391 0
0.320691 0.511742 0
0.318739 0.51275 0
0.318452 0.512975 0
0.330085 0.521199 0
0.327381 0.531588 0
0.296633 0.440363 0
0.293196 0.445891 0
0.290733 0.450459 0
0.289605 0.452691 0
0.2883 0.455198 0
0.287906 0.45501 0
0.288276 0.453475 0
0.289178 0.449405 0
0.287642 0.454567 0
0.288725 0.449519 0
0.296482 0.420909 0
0.428334 0.28955 0
0.29774 0.391148 0
0.290185 0.434733 0
0.408135 0.322047 0
0.311198 0.369339 0
0.281718 0.411895 0
0.285531 0.404244 0
0.274252 0.404374 0
0.273406 0.421769 0
0.273018 0.430851 0
0.273506 0.433899 0
0.269471 0.437741 0
0.264462 0.448193 0
0.265904 0.450255 0
0.267874 0.45192 0
0.26864 0.450869 0
0.262369 0.440363 0
0.293586 0.334722 0
0.319335 0.321426 0
0.337415 0.312626 0
0.354315 0.301459 0
0.366026 0.291082 0
0.37652 0.276016 0
0.375278 0.270101 0
0.376528 0.267017 0
0.377147 0.266612 0
0.377273 0.266992 0
0.377515 0.264046 0
0.386172 0.254836 0
0.387947 0.253513 0
0.405784 0.247238 0
0.408442 0.238925 0
0.420411 0.233731 0
0.436315 0.232846 0
0.441371 0.229304 0
0.449173 0.222569 0
0.456534 0.22903 0
0.476979 0.229263 0
0.470802 0.230284 0
0.484355 0.23184 0
0.507025 0.240303 0
0.503795 0.234023 0
0.539234 0.265657 0
0.551992 0.270695 0
0.59925 0.296004 0
0.607912 0.301941 0
0.604636 0.295725 0
0.602917 0.289666 0
0.591965 0.279947 0
0.593128 0.280227 0
0.581734 0.27077 0
0.576792 0.264918 0
0.581607 0.266574 0
0.589902 0.267894 0
0.596056 0.268132 0
0.580291 0.254482 0
0.584658 0.252531 0
0.587305 0.247937 0
0.587941 0.25209 0
0.574099 0.241674 0
0.673139 0.296134 0
0.286489 0.627337 0
0.330397 0.584085 0
0.319124 0.587271 0
0.396188 0.567231 0
0.534331 0.215522 0
0.594193 0.238661 0
0.583214 0.243959 0
0.585848 0.247395 0
0.617344 0.26774 0
0.659085 0.290511 0
0.39324 0.52761 0
0.365614 0.570914 0
0.358276 0.576593 0
0.356668 0.576642 0
0.356653 0.576987 0
0.356687 0.57699 0
0.356695 0.576984 0
0.356699 0.576984 0
0.356696 0.576978 0
0.35666 0.577005 0
0.357445 0.576821 0
0.358123 0.576362 0
0.360904 0.575614 0
0.365593 0.571259 0
0.362319 0.568818 0
0.386799 0.54616 0
0.308043 0.47226 0
0.36206 0.494964 0
0.574613 0.313188 0
0.370744 0.508721 0
0.346176 0.463385 0
0.351576 0.481322 0
0.540136 0.33008 0
0.538407 0.321309 0
0.551245 0.322314 0
0.382807 0.465317 0
0.383612 0.467542 0
0.543834 0.373532 0
0.534833 0.381848 0
0.397854 0.458763 0
0.412238 0.472854 0
0.410205 0.47014 0
0.460732 0.470638 0
0.460002 0.464524 0
0.463393 0.464994 0
0.468365 0.455768 0
0.470463 0.457739 0
0.480256 0.454457 0
0.486167 0.454479 0
0.481948 0.447644 0
0.482999 0.443881 0
0.481793 0.438185 0
0.479979 0.433573 0
0.482274 0.436526 0
0.481819 0.433127 0
0.483103 0.428549 1
