0.376606 0.140054 1
0.376606 0.140054 0
0.376606 0.140054 0
0.376606 0.140054 0
0.376606 0.140054 0
0.376606 0.140054 0
0.362183 0.17717 0
0.360902 0.189923 0
0.359766 0.202834 0
0.360069 0.205138 0
0.359128 0.210432 0
0.359113 0.211164 0
0.365691 0.205294 0
0.348884 0.242958 0
0.34126 0.260731 0
0.329619 0.287037 0
0.319842 0.305431 0
0.302994 0.331728 0
0.269157 0.390062 0
0.151877 0.595443 1
0.17428 0.603477 0
0.211222 0.594496 0
0.248431 0.570204 1
0.271724 0.561976 0
0.285215 0.562732 0
0.298157 0.563299 0
0.314135 0.602594 0
0.38922 0.984981 0
0.420806 0.992528 0
0.452765 0.998248 0
0.48732 1 0
0.450273 0.546174 0
0.480432 0.530322 0
0.50578 0.502274 0
0.528816 0.471507 0
0.556718 0.44529 0
0.586142 0.425165 0
0.609417 0.406508 0
0.730394 0.811796 0
0.655735 0.38702 0
0.757883 0.838815 0
0.771674 0.832719 0
0.81062 0.744614 0
0.8056 0.801437 0
0.821259 0.782298 0
0.83506 0.769956 0
0.853141 0.746844 0
0.84976 0.773906 0
0.835917 0.811334 0
0.875558 0.743136 0
0.903374 0.679315 0
0.905931 0.698127 0
0.919668 0.675458 0
0.91628 0.695064 0
0.92021 0.62149 0
0.906626 0.724639 0
0.914075 0.717966 0
0.914002 0.740643 0
0.951673 0.648745 0
0.961284 0.632233 0
0.969431 0.614566 0
0.975819 0.602061 0
0.980694 0.598111 0
0.985019 0.599783 0
0.988281 0.597641 0
0.9907 0.596795 0
0.993295 0.598053 0
0.995965 0.600535 0
0.998156 0.60468 0
0.998871 0.607774 0
0.998193 0.614219 0
0.999051 0.621648 0
0.999504 0.626236 0
0.999494 0.630973 0
1 0.635492 0
0.999834 0.641022 0
0.998766 0.648881 0
0.99907 0.654254 0
0.998965 0.659713 0
0.991481 0.66212 0
0.97958 0.673445 0
0.970961 0.686543 0
0.963919 0.700341 0
0.957252 0.719459 0
0.949978 0.720667 0
0.943484 0.724434 0
0.933531 0.739537 0
0.925327 0.745738 0
0.915087 0.756275 0
0.903409 0.768941 0
0.891106 0.782609 0
0.880865 0.793576 0
0.869945 0.803489 0
0.855489 0.818225 0
0.841043 0.831361 0
0.828733 0.837839 0
0.8147 0.843623 0
0.799482 0.85134 0
0.783635 0.860583 0
0.76759 0.871501 0
0.751048 0.881262 0
0.733509 0.883886 0
0.715998 0.888171 0
0.696525 0.891179 0
0.676294 0.891793 0
0.656539 0.891432 0
0.636891 0.890538 0
0.615026 0.885923 0
0.587906 0.88394 0
0.564035 0.880179 0
0.536886 0.876268 0
0.509444 0.869926 0
0.483165 0.861599 0
0.456601 0.854565 0
0.428407 0.850432 0
0.397337 0.843195 0
0.367638 0.836508 0
0.334803 0.82757 0
0.300617 0.816167 0
0.268728 0.804047 0
0.242976 0.792578 0
0.216878 0.778548 0
0.189189 0.762077 0
0.168629 0.747201 0
0.151999 0.732277 0
0.132939 0.714019 0
0.111117 0.691645 0
0.0939741 0.672176 0
0.0837623 0.658576 0
0.0680284 0.641796 0
0.0561482 0.625958 0
0.0462997 0.596253 0
0.0327719 0.576031 0
0.0193148 0.55714 0
0.0151229 0.546315 0
0.0170411 0.531476 0
0.0124454 0.508034 0
0.0106542 0.491344 0
0.00906126 0.478728 0
0.00683585 0.463472 0
0.00626109 0.444935 0
0.00658349 0.429167 0
0.00532104 0.41583 0
0.00355541 0.402972 0
0.00353914 0.391453 0
0 0.376309 0
0.00376024 0.378718 0
0.00237287 0.369158 0
0.000785844 0.353247 0
0.000631742 0.33674 0
0.00607716 0.323837 0
0.012958 0.303645 0
0.0239627 0.280915 0
0.0393439 0.262846 0
0.0616475 0.24086 0
0.0905016 0.216389 0
0.113556 0.205111 0
0.137095 0.191644 0
0.157827 0.185162 0
0.157271 0.189328 0
0.169 0.193314 0
0.168217 0.202678 0
0.181949 0.20262 0
0.187961 0.209436 0
0.20345 0.214531 0
0.215634 0.22596 0
0.223498 0.23799 0
0.232931 0.248185 0
0.251343 0.249023 0
0.265665 0.248116 0
0.279764 0.252335 0
0.28147 0.267426 0
0.287445 0.290035 0
0.293461 0.305236 0
0.302969 0.318085 0
0.312097 0.335889 0
0.320921 0.355812 0
0.331659 0.370493 0
0.341027 0.382505 0
0.34881 0.398135 0
0.358901 0.414689 0
0.373223 0.417627 0
0.384894 0.434489 0
0.395984 0.44132 0
0.410387 0.456754 0
0.423473 0.475894 0
0.437202 0.50226 0
0.451889 0.54892 0
0.47193 0.64686 0
0.502521 0.76475 0
0.538725 0.84434 0
0.573308 0.864023 0
0.592984 0.864642 0
0.617337 0.862626 0
0.644112 0.855533 0
0.671805 0.842535 0
0.696572 0.825671 0
0.717739 0.804791 0
0.732784 0.212651 0
0.745403 0.207085 0
0.75826 0.200715 0
0.774349 0.191102 0
0.788513 0.184799 0
0.800582 0.180846 0
0.814408 0.177169 0
0.829163 0.173866 0
0.84002 0.173646 0
0.84851 0.176183 0
0.861051 0.178 0
0.865947 0.177304 0
0.875943 0.176966 0
0.838963 0.17081 1
0.840052 0.16545 0
0.838468 0.160694 0
0.85484 0.159796 0
0.879271 0.159484 0
0.925961 0.164465 0
0.936772 0.168265 0
0.944068 0.173197 0
0.94794 0.175601 0
0.952349 0.181133 0
0.958235 0.188672 0
0.962006 0.196521 0
0.965266 0.203801 0
0.969778 0.209766 0
0.975287 0.214203 0
0.979218 0.2236 0
0.98367 0.238009 0
0.986997 0.252543 0
0.989039 0.265097 0
0.991574 0.274027 0
0.99354 0.278736 0
0.993318 0.283563 0
0.993337 0.292243 0
0.992566 0.302284 0
0.990329 0.306577 0
0.988879 0.310067 0
0.983101 0.317632 0
0.973448 0.329212 0
0.962383 0.344899 0
0.953875 0.364111 0
0.949492 0.383028 0
0.945141 0.40618 0
0.938926 0.430512 0
0.933572 0.450832 0
0.926873 0.471939 0
0.918838 0.492646 0
0.910183 0.511653 0
0.901678 0.53293 0
0.891966 0.552611 0
0.886312 0.567777 0
0.879577 0.581804 0
0.864186 0.6062 0
0.854819 0.623172 0
0.836098 0.651875 0
0.819105 0.676858 0
0.801002 0.702785 0
0.784412 0.72338 0
0.765973 0.742725 0
0.746124 0.760765 0
0.725318 0.777553 0
0.704665 0.792797 0
0.693438 0.794893 0
0.676988 0.801586 0
0.65669 0.812196 0
0.637617 0.820718 0
0.61205 0.840688 0
0.581052 0.861776 0
0.565529 0.866209 1
0.535826 0.878097 0
0.522897 0.875647 0
0.477808 0.897529 0
0.443446 0.91314 0
0.40732 0.922203 0
0.144022 0.947525 0
0.369221 0.90216 0
0.161165 0.913802 0
0.171746 0.897582 0
0.263442 0.879255 0
0.257589 0.859912 0
0.269618 0.834888 0
0.2353 0.812244 0
0.222998 0.789058 0
0.194375 0.768391 0
0.169196 0.742119 0
0.157596 0.715131 0
0.0982101 0.659224 0
0.0132609 0.498374 0
0.149685 0.63017 1
0.158965 0.437961 0
0.14954 0.514531 0
0.220936 0.559486 1
0.214584 0.537315 0
0.220414 0.518814 0
0.220275 0.493019 0
0.220457 0.456347 0
0.219673 0.250033 1
0.220509 0.340052 0
0.220497 0.191365 0
0.220482 0 0
0.2205 0.11449 0
0.220555 0.016283 1
