0.688867 0.646405 1
0.691214 0.646614 0
0.69515 0.647355 0
0.697467 0.647671 0
0.701027 0.648694 0
0.703874 0.648455 0
0.70863 0.650866 0
0.709532 0.651597 0
0.712753 0.654639 0
0.718033 0.65633 0
0.720827 0.658864 0
0.722267 0.660321 0
0.725908 0.66157 1
0.728605 0.661725 0
0.730274 0.663072 0
0.733766 0.665113 0
0.737889 0.66691 0
0.739602 0.669036 0
0.744129 0.674999 0
0.747328 0.67683 0
0.751261 0.680135 1
0.755294 0.675434 0
0.755001 0.676286 0
0.755474 0.676754 0
0.75834 0.673224 0
0.757622 0.675519 0
0.760299 0.674167 0
0.766804 0.668639 0
0.769856 0.66363 0
0.770326 0.664007 0
0.773298 0.66152 0
0.771691 0.663358 0
0.775512 0.659166 0
0.782698 0.652834 0
0.784385 0.651186 0
0.78209 0.654925 0
0.792781 0.645738 0
0.796103 0.638814 0
0.799994 0.634209 1
0.801072 0.636254 0
0.800596 0.63898 0
0.79919 0.643345 0
0.804402 0.625894 0
0.809413 0.621676 0
0.81551 0.620763 0
0.783544 0.618935 0
0.769178 0.612585 0
0.767314 0.608741 0
0.764411 0.605108 0
0.761302 0.603603 0
0.768063 0.599031 0
0.76888 0.59017 0
0.766671 0.58777 1
0.758934 0.587612 0
0.753248 0.58809 0
0.74961 0.581888 0
0.743873 0.579382 0
0.740019 0.580527 0
0.731383 0.57941 0
0.747375 0.579875 0
0.725387 0.577573 0
0.708119 0.58051 0
0.730921 0.573592 0
0.731264 0.571594 0
0.716248 0.5779 0
0.702111 0.575058 0
0.695463 0.582049 0
0.688437 0.58253 0
0.688489 0.58278 0
0.688213 0.58183 0
0.68824 0.581777 1
0.687228 0.581384 0
0.686132 0.580427 0
0.684288 0.578896 0
0.684492 0.579299 0
0.684294 0.579755 0
0.682358 0.572238 0
0.682442 0.571716 0
0.67557 0.55949 0
0.675196 0.549898 0
0.671006 0.545842 0
0.669327 0.544661 0
0.668064 0.543878 0
0.660962 0.539747 0
0.65569 0.537234 0
0.654924 0.535323 0
0.654261 0.534719 1
0.655324 0.533176 0
0.655461 0.533276 0
0.656329 0.531722 0
0.657122 0.529804 0
0.65666 0.529931 0
0.657303 0.529494 0
0.658626 0.52752 0
0.658714 0.526314 0
0.661062 0.524391 0
0.665758 0.520717 0
0.670629 0.516553 0
0.702806 0.499918 0
0.708081 0.496934 0
0.712112 0.497147 0
0.70992 0.495061 0
0.708778 0.493554 0
0.71053 0.492792 0
0.7133 0.487706 0
0.716176 0.482096 0
0.717247 0.480068 0
0.718845 0.476646 0
0.713362 0.475651 0
0.711828 0.447415 0
0.712774 0.445016 0
0.714039 0.44858 0
0.715034 0.444051 0
0.716561 0.448947 0
0.716061 0.445535 0
0.712003 0.43465 0
0.7166 0.440304 0
0.722459 0.433517 0
0.713952 0.429517 0
0.708968 0.430509 0
0.708906 0.42955 1
0.710624 0.428636 0
0.710352 0.42805 0
0.710625 0.4274 0
0.710641 0.426821 0
0.712069 0.425768 0
0.714783 0.42459 0
0.711852 0.425298 0
0.732802 0.426957 0
0.72902 0.4237 0
0.7421 0.435001 0
0.720972 0.424038 0
0.744551 0.438582 0
0.788146 0.450684 0
0.746448 0.441291 0
0.72353 0.419511 0
0.749285 0.441742 0
0.727361 0.41937 0
0.746258 0.431292 0
0.727218 0.417409 0
0.761881 0.443204 0
0.718001 0.420576 0
0.761267 0.448445 0
0.735667 0.420354 0
0.764647 0.452094 0
0.736516 0.414113 0
0.776829 0.461662 0
0.76578 0.466323 0
0.778127 0.47329 0
0.768971 0.480881 0
0.77295 0.481671 0
0.772741 0.488724 0
0.769882 0.494936 1
0.788424 0.493578 0
0.774109 0.500712 0
0.773122 0.502542 0
0.77317 0.506285 0
0.780863 0.505664 0
0.803695 0.500904 0
0.775028 0.510886 0
0.797462 0.513637 0
0.780757 0.517946 0
0.789007 0.517115 0
0.8118 0.522266 0
0.808604 0.526506 0
0.835469 0.524973 0
0.833352 0.527877 0
0.842655 0.527217 0
0.832566 0.534352 0
0.834262 0.53601 0
0.817963 0.548663 0
0.843059 0.544319 0
0.828608 0.557644 0
0.843621 0.558257 0
0.832781 0.567278 0
0.846795 0.563771 0
0.838877 0.572685 0
0.849726 0.571101 0
0.852307 0.574566 0
0.877626 0.565744 0
0.870437 0.576135 0
0.874206 0.574676 0
0.873807 0.577857 0
0.878577 0.580605 0
0.881841 0.585224 0
0.893207 0.581834 0
0.891738 0.590729 0
0.89835 0.587831 0
0.899293 0.583694 0
0.901699 0.581828 0
0.900949 0.593044 0
0.908037 0.588381 0
0.910491 0.59065 0
0.915167 0.58984 0
0.914092 0.594199 0
0.922166 0.587044 0
0.926242 0.588778 0
0.932878 0.586145 0
0.930337 0.592307 0
0.930448 0.587983 0
0.934546 0.586217 0
0.938832 0.582469 0
0.940566 0.582436 1
0.941586 0.58234 0
0.943872 0.582236 0
0.945423 0.580395 0
0.945369 0.582218 0
0.948334 0.58175 0
0.949659 0.582399 0
0.951152 0.58083 0
0.944452 0.580811 0
0.946619 0.582934 0
0.950868 0.580312 0
0.949367 0.580986 0
0.950765 0.57861 0
0.952021 0.575316 0
0.952814 0.575064 0
0.952547 0.573412 0
0.952989 0.570698 0
0.957309 0.56977 0
0.95847 0.561499 0
0.957804 0.562326 0
0.954848 0.560993 0
0.95584 0.558948 0
0.952669 0.557486 0
0.956133 0.550057 0
0.953701 0.547844 1
0.950955 0.548619 0
0.949071 0.545083 0
0.943987 0.540723 0
0.93893 0.540638 0
0.936374 0.538753 0
0.932363 0.536423 0
0.929694 0.533371 0
0.926823 0.533146 0
0.92129 0.535837 0
0.920973 0.531331 0
0.911807 0.532806 0
0.916286 0.529087 0
0.913576 0.528858 0
0.912631 0.522472 0
0.908349 0.523471 0
0.913438 0.518341 0
0.904541 0.519601 0
0.901967 0.515895 0
0.895142 0.518884 0
0.896221 0.509015 0
0.891586 0.504229 0
0.892105 0.501063 0
0.887611 0.499849 0
0.886774 0.494043 0
0.887233 0.489591 0
0.885115 0.483768 0
0.885153 0.472812 0
0.876663 0.489366 0
0.878426 0.4288 0
0.8746 0.483153 0
0.875567 0.417747 0
0.881284 0.460511 0
0.877646 0.411887 0
0.884181 0.460259 0
0.858149 0.417086 0
0.869496 0.45648 0
0.851973 0.44886 0
0.874361 0.451916 1
0.860873 0.447906 0
0.875501 0.447439 0
0.846325 0.446477 0
0.874621 0.458493 0
0.849736 0.423362 0
0.872655 0.456011 0
0.850662 0.416819 0
0.863133 0.4386 0
0.857402 0.404385 0
0.850995 0.411095 0
0.848641 0.409102 0
0.877204 0.437404 0
0.857615 0.403577 0
0.865443 0.401808 0
0.864646 0.400312 0
0.86794 0.399598 0
0.867722 0.397975 0
0.864838 0.397932 0
0.86657 0.398699 0
0.869045 0.400349 0
0.870679 0.397551 0
0.873904 0.395642 0
0.875354 0.394703 0
0.87426 0.394371 0
0.874395 0.393751 0
0.877976 0.392056 0
0.876272 0.393515 0
0.881114 0.391221 1
0.884131 0.393478 0
0.886787 0.392495 0
0.891836 0.395457 0
0.895439 0.398986 0
0.897779 0.400199 0
0.905436 0.402887 0
0.912274 0.405268 0
0.92179 0.406808 0
0.931673 0.409153 0
0.939639 0.41357 1
0.941806 0.415282 0
0.948591 0.418678 0
0.95398 0.420808 0
0.958733 0.423548 0
0.96953 0.431161 0
0.973877 0.435342 0
0.981598 0.439621 0
0.98477 0.439959 0
0.988822 0.444003 0
0.990785 0.44644 0
0.991442 0.44812 0
0.993042 0.448663 0
0.994047 0.448737 0
0.994641 0.449798 1
0.998109 0.461939 0
1 0.458933 0
0.997915 0.46166 0
0.99595 0.466488 0
0.998278 0.468133 0
0.987999 0.480438 0
0.989444 0.475843 0
0.972224 0.478616 0
0.976639 0.474489 0
0.969266 0.465037 0
0.948186 0.46835 0
0.943473 0.470404 0
0.938664 0.466887 0
0.930779 0.465998 1
0.804265 0.363669 0
0.802439 0.363057 1
0.802023 0.363221 0
0.797639 0.367023 0
0.796879 0.365906 0
0.792871 0.367221 0
0.788735 0.36855 0
0.786496 0.369339 0
0.783835 0.371584 0
0.782872 0.374426 0
0.788033 0.377891 0
0.710819 0.373424 0
0.707994 0.369165 0
0.702098 0.370017 0
0.692464 0.376008 0
0.691893 0.370046 0
0.684373 0.37547 0
0.67346 0.37912 0
0.674803 0.376148 0
0.671612 0.373581 0
0.667073 0.372223 0
0.665091 0.369265 0
0.661742 0.364751 0
0.65884 0.360518 0
0.658094 0.359148 0
0.654832 0.356022 0
0.652059 0.354135 0
0.648781 0.352796 0
0.646235 0.349635 0
0.645145 0.348537 0
0.643178 0.347145 0
0.642701 0.346467 1
0.637994 0.347594 0
0.634023 0.350398 0
0.629106 0.353032 0
0.624872 0.352837 0
0.618913 0.352972 0
0.614799 0.354612 0
0.610128 0.357025 0
0.606593 0.353402 0
0.600124 0.355052 0
0.596244 0.353202 0
0.592966 0.352225 0
0.58841 0.351051 1
0.585625 0.349012 0
0.582288 0.346911 0
0.57938 0.344759 0
0.571867 0.346346 0
0.57057 0.348764 0
0.566377 0.345428 0
0.562777 0.342567 0
0.560569 0.342398 0
0.556294 0.340098 0
0.552179 0.339682 0
0.549322 0.340368 0
0.547189 0.338385 0
0.543294 0.336737 0
0.540894 0.333943 0
0.535776 0.333517 0
0.532437 0.332264 0
0.530652 0.330691 0
0.527151 0.329238 0
0.522975 0.327174 0
0.520479 0.326649 0
0.517637 0.325157 0
0.514509 0.324841 1
0.512991 0.320638 0
0.506156 0.318872 0
0.501453 0.315423 0
0.497649 0.313373 0
0.49663 0.307564 0
0.491402 0.305253 0
0.490108 0.30345 0
0.484702 0.299991 0
0.481837 0.296591 0
0.480056 0.292533 0
0.47974 0.289822 0
0.476971 0.288284 0
0.475183 0.286183 0
0.474329 0.282462 1
0.473609 0.279868 0
0.472539 0.277594 0
0.470697 0.277963 0
0.46908 0.27327 0
0.468118 0.270075 0
0.468056 0.266512 0
0.466199 0.264522 0
0.465267 0.262348 0
0.460492 0.261481 0
0.461681 0.257493 0
0.456625 0.257781 0
0.455721 0.249766 0
0.453322 0.248281 0
0.454578 0.245244 0
0.452036 0.243815 0
0.452221 0.242161 1
0.452791 0.239255 0
0.454738 0.235614 0
0.455453 0.232259 0
0.458957 0.229259 0
0.461216 0.226681 0
0.46255 0.226157 0
0.46624 0.224096 0
0.469124 0.220755 0
0.471985 0.218181 0
0.47401 0.217196 1
0.474971 0.217777 0
0.478209 0.217942 0
0.479359 0.220197 0
0.484445 0.221513 0
0.490371 0.222754 0
0.4956 0.224543 0
0.500802 0.227127 0
0.506533 0.228103 0
0.512361 0.226898 0
0.514064 0.226627 0
0.520578 0.22679 0
0.527381 0.232069 0
0.533516 0.22803 0
0.538552 0.230184 0
0.54366 0.227967 0
0.549381 0.228413 0
0.555261 0.225876 0
0.561327 0.225514 1
0.564507 0.225463 0
0.569626 0.225495 0
0.57442 0.228468 0
0.578052 0.226841 0
0.58255 0.225204 0
0.585631 0.225089 0
0.59025 0.228463 0
0.594858 0.225663 0
0.600046 0.228325 0
0.607563 0.227861 0
0.612961 0.226028 0
0.620608 0.222336 0
0.624111 0.213383 0
0.634089 0.227852 1
0.638032 0.219703 0
0.642131 0.218203 0
0.64665 0.213711 0
0.652249 0.214655 0
0.657029 0.211173 0
0.659135 0.214089 0
0.663384 0.213765 0
0.667323 0.2134 1
0.672686 0.215577 0
0.676439 0.21302 0
0.683296 0.214012 0
0.687201 0.217955 0
0.692777 0.212109 0
0.698375 0.207643 0
0.703439 0.21083 0
0.707723 0.210366 0
0.712565 0.20482 0
0.717053 0.206331 0
0.720812 0.203579 0
0.726226 0.202569 1
0.730376 0.201805 0
0.735271 0.200441 0
0.740939 0.199911 0
0.746254 0.198977 0
0.750127 0.198288 0
0.755802 0.197287 0
0.761046 0.196373 0
0.765272 0.197865 0
0.769719 0.197432 0
0.775121 0.196478 0
0.779547 0.195398 0
0.786399 0.194382 0
0.788641 0.193716 0
0.79319 0.192783 1
0.795648 0.191813 0
0.798945 0.191157 0
0.803702 0.18986 0
0.806993 0.188892 0
0.808774 0.187085 0
0.813329 0.186995 0
0.816067 0.186571 0
0.818631 0.18557 0
0.821782 0.186747 0
0.824508 0.185961 0
0.827774 0.185649 0
0.831397 0.184708 0
0.833082 0.182486 0
0.834987 0.181646 0
0.836225 0.178828 0
0.839165 0.179111 0
0.841336 0.177003 0
0.8458 0.177866 0
0.848838 0.177431 0
0.851284 0.176306 0
0.85611 0.176355 0
0.858654 0.17496 0
0.862953 0.174065 0
0.865588 0.171994 0
0.868566 0.171082 0
0.872691 0.1694 1
0.879534 0.168643 0
0.881632 0.166195 0
0.885499 0.164012 0
0.888498 0.159554 0
0.89384 0.159142 0
0.895739 0.155872 0
0.897722 0.151711 0
0.900208 0.147279 0
0.903958 0.142342 0
0.907383 0.139408 0
0.909012 0.133131 0
0.91031 0.126706 1
0.914868 0.121259 0
0.914984 0.116287 0
0.919763 0.114113 0
0.921701 0.112389 0
0.916945 0.102963 0
0.920044 0.09924 0
0.921186 0.0932971 0
0.919491 0.0906922 0
0.919711 0.0864392 0
0.919136 0.0821242 0
0.918328 0.075729 0
0.917644 0.0721225 1
0.918014 0.0687997 0
0.919016 0.0655848 0
0.919761 0.062261 0
0.918158 0.0599697 0
0.916644 0.0539219 0
0.917446 0.051938 0
0.916559 0.0528291 0
0.911778 0.0476983 0
0.907635 0.0454531 0
0.905679 0.0426468 0
0.901669 0.0399292 0
0.89722 0.0397135 1
0.889202 0.0421413 0
0.885607 0.0415384 0
0.879606 0.0397048 0
0.874388 0.0412614 0
0.868724 0.0371461 0
0.862294 0.0356384 1
0.85463 0.038902 0
0.845473 0.0363082 0
0.840009 0.0352798 0
0.83332 0.0319279 0
0.831383 0.0299949 0
0.827775 0.0283049 0
0.824292 0.0272524 0
0.81937 0.0263229 1
0.814407 0.0254383 0
0.809926 0.0246717 0
0.80315 0.0265474 0
0.798197 0.0256296 0
0.794711 0.0198856 0
0.786419 0.023978 0
0.780381 0.0201804 0
0.773766 0.0192599 0
0.768643 0.0185654 0
0.763484 0.017884 1
0.757071 0.0170639 0
0.754701 0.0135877 0
0.748737 0.0135207 0
0.742588 0.01538 0
0.737309 0.0124763 0
0.733215 0.0120577 0
0.730388 0.0113968 0
0.723135 0.0111926 0
0.718613 0.0105768 0
0.712963 0.0100443 0
0.708135 0.012292 0
0.703231 0.0119107 1
0.698267 0.011525 0
0.692084 0.0110491 0
0.686647 0.00816074 0
0.682226 0.0102883 0
0.676644 0.0125213 0
0.671525 0.0120761 0
0.666028 0.00893949 0
0.661051 0.00849356 1
0.655233 0.0079527 0
0.649919 0.00452793 0
0.643632 0.00393072 0
0.638384 0.00108603 0
0.633227 0.000679097 0
0.628233 0 0
0.62275 0.00191049 0
0.617104 0.00413478 1
0.61224 0.00365334 0
0.60735 0.00317866 0
0.602599 0.00515276 0
0.597672 0.0022058 0
0.592325 0.00263994 0
0.588766 0.00282191 0
0.584302 0.00566172 0
0.580042 0.00371966 0
0.575365 0.00362508 0
0.570904 0.0026498 1
0.56757 0.00313422 0
0.563737 0.00414742 0
0.561726 0.00400178 0
0.556749 0.00625052 0
0.553696 0.00600659 0
0.547995 0.00345264 0
0.544689 0.00591387 0
0.539505 0.00301273 0
0.535448 0.00305995 0
0.53105 0.00573954 0
0.526792 0.00713452 0
0.519561 0.00765254 1
0.518822 0.0115787 0
0.511087 0.00942821 0
0.508073 0.00792275 0
0.507105 0.0156951 0
0.505858 0.0196901 0
0.501953 0.0190224 0
0.49696 0.0179733 0
0.493011 0.0207874 0
0.487938 0.0200162 0
0.483573 0.0211073 0
0.480606 0.0246173 0
0.481656 0.0305968 0
0.479059 0.0318986 0
0.472422 0.0293645 0
0.466042 0.0309646 0
0.465988 0.0357439 1
0.461676 0.0376712 0
0.46125 0.041397 0
0.459943 0.046128 0
0.460523 0.0499302 0
0.459908 0.052906 0
0.452411 0.0541713 0
0.446797 0.0548775 0
0.44549 0.0590806 1
0.44637 0.0637024 0
0.445239 0.0681111 0
0.440123 0.069766 0
0.437346 0.0741723 1
0.438435 0.079606 0
0.442116 0.0831643 1
0.263387 0.613246 0
0.260692 0.616474 1
0.257776 0.6213 0
0.257407 0.626605 1
0.260075 0.631362 0
0.26011 0.634977 1
0.259184 0.639076 0
0.258997 0.643544 0
0.254996 0.648659 0
0.263124 0.650127 0
0.258605 0.654668 0
0.261061 0.658002 0
0.258698 0.663433 0
0.25814 0.666759 0
0.256564 0.671598 0
0.257242 0.676088 0
0.25909 0.68009 0
0.265309 0.682268 0
0.271086 0.683605 0
0.272538 0.686926 1
0.272646 0.690503 0
0.266468 0.697099 0
0.274943 0.698216 0
0.267545 0.707214 0
0.271314 0.709204 0
0.285337 0.705892 0
0.284655 0.709701 0
0.28949 0.711888 0
0.289366 0.715411 0
0.291345 0.718723 1
0.287304 0.727908 0
0.295206 0.728376 0
0.298373 0.732014 0
0.303319 0.732795 0
0.305276 0.737512 0
0.306408 0.738996 0
0.306344 0.743626 0
0.31168 0.745561 0
0.318798 0.742097 0
0.32179 0.744825 0
0.324304 0.746648 0
0.328746 0.746127 0
0.329704 0.751666 0
0.333033 0.753652 1
0.339083 0.7542 0
0.344031 0.757825 0
0.350512 0.757315 0
0.356362 0.75858 0
0.360451 0.758641 0
0.364273 0.757167 0
0.369804 0.753186 0
0.372779 0.754366 0
0.379673 0.755295 0
0.381778 0.74746 0
0.38469 0.743499 0
0.39103 0.746352 0
0.393001 0.740962 0
0.39683 0.741876 0
0.400259 0.741142 0
0.404677 0.742436 0
0.406961 0.738213 0
0.412138 0.740797 0
0.414435 0.739755 0
0.4197 0.743489 0
0.422635 0.738923 0
0.425019 0.737593 0
0.426709 0.734269 0
0.432817 0.737528 0
0.433642 0.733307 0
0.436038 0.732424 1
0.437986 0.729153 0
0.441547 0.726145 0
0.445302 0.721845 0
0.448702 0.719539 0
0.450688 0.714375 0
0.453694 0.710825 0
0.45512 0.707322 0
0.457147 0.703177 0
0.459059 0.699402 0
0.460976 0.696877 1
0.462663 0.692693 0
0.463926 0.689009 0
0.463027 0.684193 0
0.466388 0.680166 0
0.465308 0.671949 0
0.468961 0.668504 1
0.470744 0.66507 0
0.473473 0.661859 0
0.474413 0.656513 0
0.474736 0.650829 0
0.474778 0.645624 0
0.474446 0.639746 0
0.469738 0.629297 0
0.469107 0.623969 1
0.468166 0.617994 0
0.466837 0.611245 0
0.465319 0.601621 0
0.462584 0.595677 0
0.4615 0.5917 0
0.459769 0.586625 1
0.458016 0.582005 0
0.453339 0.577165 0
0.450889 0.572258 0
0.448497 0.566747 0
0.447756 0.561051 0
0.445167 0.556698 0
0.444387 0.5525 0
0.438889 0.550196 0
0.436169 0.546539 0
0.435394 0.542282 1
0.432172 0.538282 0
0.428815 0.534317 0
0.425359 0.530418 0
0.421613 0.526386 0
0.417909 0.522574 0
0.414112 0.518831 0
0.410555 0.515471 0
0.406726 0.511996 1
0.405284 0.508439 0
0.401265 0.505159 0
0.397323 0.502146 0
0.391674 0.499594 0
0.388289 0.494008 0
0.381084 0.492388 0
0.376893 0.489621 0
0.373046 0.487105 0
0.369083 0.482307 0
0.365236 0.479886 0
0.360892 0.479723 0
0.356821 0.477401 1
0.352406 0.47216 0
0.348977 0.468537 0
0.344577 0.463752 0
0.340226 0.460288 0
0.337395 0.455641 0
0.332026 0.455069 0
0.327289 0.447927 0
0.322245 0.443409 0
0.319915 0.44011 0
0.314496 0.437259 0
0.310706 0.437221 0
0.30686 0.437014 0
0.299057 0.437567 0
0.295244 0.437096 0
0.290622 0.435598 0
0.285355 0.43521 0
0.282242 0.434891 0
0.277174 0.433055 0
0.273291 0.430528 0
0.269604 0.432196 0
0.266343 0.433043 0
0.260991 0.432153 0
0.257582 0.432695 0
0.255208 0.433116 0
0.252135 0.433932 0
0.248304 0.432817 1
0.244843 0.431917 0
0.239835 0.428868 0
0.235683 0.426655 0
0.232112 0.422979 0
0.227567 0.420282 0
0.222605 0.419023 0
0.218082 0.417987 0
0.212669 0.417295 0
0.208833 0.414969 0
0.20416 0.415628 0
0.200442 0.413847 0
0.194723 0.411637 0
0.191093 0.410315 0
0.185951 0.410353 0
0.182541 0.411383 0
0.178763 0.411773 0
0.174127 0.412506 0
0.171885 0.409779 0
0.166997 0.407418 0
0.164016 0.407062 0
0.159495 0.405937 0
0.157222 0.40698 1
0.153012 0.407198 0
0.147927 0.407773 0
0.144088 0.408126 0
0.138297 0.408014 0
0.132603 0.407543 0
0.127579 0.409466 0
0.120253 0.410607 0
0.113976 0.40903 0
0.106329 0.411209 0
0.10328 0.412774 0
0.097603 0.410511 0
0.0927098 0.411748 0
0.0900898 0.411131 0
0.0854754 0.411064 0
0.0823547 0.407921 0
0.0769216 0.405739 0
0.067688 0.411612 0
0.0618875 0.423321 0
0.0591107 0.422456 0
0.0599236 0.418327 0
0.0602754 0.415989 0
0.058402 0.418668 0
0.0555092 0.420998 0
0.0514768 0.422107 0
0.048928 0.421504 0
0.0456165 0.410707 0
0.0482165 0.423079 0
0.0482056 0.424585 0
0.047341 0.423768 0
0.0469059 0.423611 0
0.0442784 0.427413 0
0.03935 0.413111 0
0.0397353 0.415421 0
0.0405595 0.42536 0
0.0366292 0.424227 0
0.0360185 0.422932 0
0.0367254 0.423252 0
0.0366584 0.422627 1
0.0347879 0.421297 0
0.0331899 0.416392 0
0.0333989 0.412933 0
0.0322041 0.410126 0
0.0266039 0.410287 0
0.0230775 0.403202 0
0.0229313 0.402026 0
0.0241749 0.405079 0
0.027099 0.401572 0
0.0285475 0.402063 0
0.0298207 0.40493 0
0.0291901 0.403546 0
0.0282703 0.402239 0
0.0276031 0.403693 0
0.0264168 0.404358 0
0.0230818 0.400486 0
0.0226894 0.394536 0
0.0194943 0.391167 0
0.0139806 0.384831 0
0.0118895 0.379961 0
0.0114753 0.377144 0
0.00883232 0.371662 1
0.00883508 0.371666 0
0.0087997 0.371628 0
0.0086821 0.370925 0
0.00844 0.370313 0
0.00763992 0.370364 0
0.00566749 0.369742 0
0.0049921 0.36696 0
0.00338261 0.363525 0
0.00311984 0.360338 0
0.00304285 0.357437 0
0.00105616 0.353327 0
0 0.349835 0
0.00844831 0.34498 0
0.0142801 0.340013 0
0.0187878 0.338764 0
0.0227858 0.333726 0
0.0322842 0.329488 0
0.0371157 0.325931 0
0.0414728 0.321698 0
0.0481654 0.316151 0
0.053798 0.313301 0
0.0597185 0.307502 0
0.0678345 0.304477 0
0.0718038 0.299165 0
0.0764533 0.296247 0
0.0794 0.29197 1
0.0813218 0.288368 0
0.0848153 0.286414 0
0.0870404 0.283088 0
0.0861634 0.278127 0
0.0848459 0.272272 0
0.0892217 0.271304 0
0.0923065 0.268077 0
0.0920512 0.263137 0
0.0919752 0.259651 0
0.0934572 0.255548 0
0.0936593 0.252147 0
0.0951181 0.251312 0
0.0985851 0.249013 0
0.0946823 0.243065 0
0.0954885 0.237902 0
0.0970037 0.235097 0
0.100307 0.232252 0
0.10532 0.230624 0
0.105372 0.225431 0
0.103214 0.220823 0
0.101087 0.215238 0
0.100504 0.212388 0
0.0992298 0.207797 0
0.0999881 0.202484 1
0.101138 0.198773 0
0.102073 0.194687 0
0.10511 0.193032 0
0.105847 0.189222 0
0.106777 0.186832 0
0.103361 0.182293 0
0.103652 0.177851 0
0.102589 0.17149 0
0.102002 0.169058 0
0.103406 0.166784 0
0.104504 0.163913 0
0.105518 0.160645 0
0.107889 0.157688 0
0.109712 0.156301 0
0.111453 0.15373 0
0.113522 0.151558 1
0.115707 0.149459 0
0.12102 0.14942 0
0.123855 0.147396 0
0.127037 0.144826 0
0.127789 0.138758 0
0.133087 0.135849 0
0.134699 0.130736 0
0.136849 0.130021 1
0.140227 0.128489 0
0.142624 0.12686 0
0.145354 0.125458 0
0.149182 0.122794 0
0.152627 0.12035 0
0.155957 0.117441 0
0.14696 0.103458 0
0.151052 0.103556 0
0.156714 0.0989125 0
0.161556 0.0962182 0
0.165474 0.0929161 0
0.1693 0.0889688 0
0.171583 0.0841562 0
0.176885 0.0821475 0
0.181119 0.0790008 0
0.185883 0.0782306 0
0.186572 0.0738209 0
0.189429 0.0706285 0
0.191548 0.0676948 0
0.191115 0.0641561 1
0.19434 0.067301 0
0.196766 0.0694527 0
0.198915 0.0688988 0
0.20041 0.0692668 0
0.200949 0.0704849 0
0.203194 0.0719924 0
0.202928 0.0734154 0
0.20196 0.0741591 0
0.204552 0.0776278 0
0.211651 0.0838608 0
0.218556 0.0895969 0
0.223506 0.0962811 0
0.2234 0.0971437 0
0.223542 0.0992122 0
0.224695 0.102033 0
0.225476 0.104052 0
0.226955 0.106264 0
0.22717 0.10871 1
0.227293 0.110427 0
0.228221 0.114094 0
0.229375 0.115982 0
0.231438 0.118618 0
0.235834 0.127057 0
0.240078 0.129062 0
0.239089 0.134943 0
0.241689 0.13995 0
0.245792 0.142499 0
0.247022 0.145052 0
0.250723 0.148276 0
0.251757 0.151099 0
0.254676 0.156091 0
0.260114 0.156447 0
0.262955 0.160486 0
0.264992 0.16389 1
0.266379 0.168244 0
0.268531 0.171336 0
0.271545 0.173174 0
0.274503 0.175602 0
0.27616 0.179839 0
0.280448 0.18109 0
0.281498 0.187068 0
0.285992 0.189462 1
0.289842 0.190116 0
0.291803 0.192709 1
0.699776 0.759367 0
0.700741 0.761347 1
0.700353 0.765646 0
0.701351 0.770947 0
0.704433 0.774692 0
0.707744 0.779216 1
0.70894 0.784837 0
0.714294 0.794057 0
0.718072 0.800557 0
0.715616 0.801942 0
0.715176 0.80741 0
0.714576 0.811003 1
0.716649 0.815319 0
0.714652 0.819894 0
0.713223 0.824006 0
0.711396 0.827706 0
0.708041 0.829742 0
0.706277 0.833834 0
0.702914 0.836699 0
0.698394 0.837691 0
0.694755 0.840437 0
0.692173 0.842281 0
0.688545 0.845568 0
0.685 0.848849 0
0.681328 0.849223 0
0.677307 0.851661 1
0.672921 0.85143 0
0.668021 0.85095 0
0.66476 0.851129 0
0.659649 0.849904 0
0.657469 0.852675 0
0.653646 0.851798 1
0.649245 0.85263 0
0.644329 0.852326 0
0.641902 0.851314 0
0.638039 0.84907 0
0.632639 0.847806 0
0.627645 0.847641 0
0.620523 0.841176 0
0.617896 0.840475 0
0.608127 0.836057 0
0.604988 0.837864 1
0.600345 0.839141 0
0.59787 0.837441 0
0.591251 0.84101 0
0.593187 0.841081 0
0.586475 0.838934 0
0.58572 0.844161 0
0.582581 0.844113 0
0.580369 0.846277 0
0.577046 0.843867 0
0.571684 0.842216 0
0.565752 0.84085 0
0.562881 0.847898 0
0.556631 0.848252 0
0.551922 0.846336 0
0.548987 0.847101 0
0.544975 0.848479 0
0.541304 0.84801 0
0.537642 0.848342 0
0.534007 0.84553 0
0.53082 0.845466 0
0.528666 0.846592 0
0.526873 0.847837 0
0.522587 0.847679 0
0.521061 0.845213 0
0.517808 0.8431 0
0.516572 0.844001 0
0.515855 0.843391 0
0.515738 0.843204 0
0.511246 0.838053 0
0.503696 0.819824 0
0.504127 0.822535 0
0.502706 0.824843 0
0.500888 0.824043 0
0.499819 0.822393 0
0.497586 0.821071 0
0.492112 0.816503 1
