0.636679 0.596841 1
0.637618 0.594664 0
0.636546 0.591476 0
0.637422 0.590257 0
0.636291 0.586218 0
0.636244 0.581319 0
0.638356 0.579862 0
0.638454 0.575238 0
0.641458 0.573436 1
0.646161 0.572448 0
0.65114 0.570648 0
0.653747 0.569619 0
0.657455 0.568339 0
0.660875 0.567932 0
0.665577 0.565233 0
0.671045 0.564315 0
0.675395 0.562245 0
0.6781 0.561373 0
0.680026 0.559069 0
0.683425 0.558376 0
0.684744 0.557077 0
0.688672 0.5546 0
0.692364 0.552263 0
0.696687 0.55143 0
0.699169 0.549158 0
0.70193 0.548835 0
0.703588 0.547522 1
0.70503 0.548729 0
0.707105 0.551267 0
0.709833 0.551697 0
0.711751 0.554997 0
0.71689 0.556663 0
0.719925 0.560059 0
0.724836 0.563134 0
0.727558 0.567865 0
0.732098 0.570962 0
0.735414 0.57417 0
0.740964 0.576508 0
0.743509 0.578709 0
0.748308 0.580733 0
0.751804 0.583205 0
0.758508 0.583994 0
0.761332 0.585209 1
0.762961 0.585967 0
0.763063 0.587455 0
0.763415 0.588749 0
0.764326 0.590626 0
0.766005 0.591693 0
0.766395 0.594749 0
0.768603 0.595393 0
0.770985 0.595521 0
0.773284 0.593834 0
0.77462 0.592265 0
0.777163 0.591131 0
0.778899 0.590008 0
0.781551 0.593432 0
0.780926 0.602089 0
0.781432 0.604607 0
0.781268 0.6079 0
0.783099 0.602027 0
0.779773 0.606611 0
0.770243 0.627627 0
0.772608 0.631678 0
0.766991 0.634886 0
0.762594 0.642269 0
0.755377 0.649077 0
0.750003 0.654475 0
0.74406 0.663463 0
0.737554 0.667431 0
0.732043 0.671538 0
0.72785 0.674757 0
0.724769 0.676466 0
0.719368 0.679261 0
0.719214 0.679953 0
0.718321 0.680488 0
0.718429 0.680466 0
0.719147 0.680612 0
0.717105 0.680788 0
0.714634 0.681526 0
0.713163 0.682567 0
0.712968 0.682615 0
0.713314 0.682531 0
0.713014 0.682481 0
0.712784 0.682687 0
0.712682 0.682717 1
0.708106 0.683165 0
0.702758 0.686143 0
0.697083 0.686442 0
0.692836 0.687062 0
0.687851 0.687495 0
0.682566 0.687948 0
0.675678 0.688467 0
0.668547 0.688697 1
0.662536 0.688613 0
0.657546 0.688523 0
0.652217 0.688272 0
0.645736 0.690817 0
0.640387 0.690021 0
0.635255 0.686802 1
0.631079 0.68693 0
0.627636 0.685808 0
0.621898 0.688988 0
0.6173 0.689482 0
0.610605 0.685973 0
0.605674 0.681411 0
0.595364 0.67772 0
0.588536 0.676122 0
0.581336 0.673168 0
0.577476 0.669606 0
0.572933 0.664979 0
0.56824 0.66093 0
0.563567 0.657788 0
0.56063 0.653228 0
0.555308 0.653352 0
0.552354 0.651658 0
0.548575 0.651148 0
0.545737 0.650043 0
0.54375 0.648003 0
0.540728 0.646293 1
0.538606 0.645744 0
0.537732 0.645014 0
0.53555 0.642193 0
0.533693 0.638926 0
0.530943 0.637794 0
0.529692 0.634161 0
0.526076 0.633969 0
0.525464 0.626952 0
0.523725 0.622507 0
0.521512 0.618509 0
0.51795 0.61035 0
0.517668 0.605021 0
0.514 0.604622 0
0.512264 0.600708 0
0.509918 0.595324 0
0.511125 0.587066 0
0.508654 0.585115 0
0.505906 0.581377 0
0.504046 0.579561 0
0.503294 0.576629 0
0.501824 0.572783 0
0.499863 0.571349 1
0.497663 0.571519 0
0.495141 0.570537 0
0.493485 0.570354 0
0.489609 0.568509 0
0.487463 0.567851 0
0.484916 0.568249 0
0.479706 0.56679 0
0.475908 0.569459 0
0.473585 0.570281 0
0.471788 0.570036 0
0.467579 0.567966 0
0.465234 0.567083 1
0.464587 0.567111 0
0.463632 0.567304 0
0.464265 0.568855 0
0.464386 0.571357 0
0.463524 0.571226 0
0.463197 0.575109 0
0.463271 0.579748 0
0.46389 0.581986 0
0.461939 0.583772 0
0.462343 0.589868 0
0.464697 0.599201 0
0.459351 0.610036 0
0.458326 0.617692 0
0.454473 0.629344 0
0.449714 0.635221 0
0.448161 0.636052 0
0.444119 0.638913 0
0.441968 0.639136 0
0.439169 0.641927 0
0.435843 0.643345 1
0.434307 0.643671 0
0.430002 0.648734 0
0.427693 0.651237 0
0.427343 0.652571 0
0.424508 0.655659 0
0.42133 0.658825 0
0.419196 0.662133 0
0.418792 0.666693 0
0.417819 0.669194 0
0.415299 0.670659 0
0.412976 0.673007 0
0.411432 0.676457 1
0.413678 0.6795 0
0.416082 0.684796 0
0.415599 0.692082 0
0.419406 0.702856 0
0.424956 0.698556 0
0.425108 0.703006 0
0.422615 0.706432 0
0.424974 0.709776 1
0.427746 0.711505 0
0.433011 0.714624 0
0.4348 0.713206 0
0.437401 0.715459 0
0.438518 0.717961 0
0.443087 0.720847 0
0.44571 0.724592 0
0.449331 0.725965 0
0.449778 0.730914 0
0.454548 0.73236 0
0.457208 0.734354 0
0.460336 0.734993 0
0.464439 0.738103 0
0.468425 0.741714 0
0.470982 0.744858 0
0.472995 0.74861 0
0.473668 0.753046 0
0.476686 0.754984 0
0.478353 0.757323 0
0.478819 0.760131 0
0.479552 0.762454 0
0.480452 0.763856 0
0.478503 0.766972 0
0.478523 0.770305 0
0.480089 0.778161 0
0.486642 0.778844 0
0.490078 0.783935 0
0.491079 0.791136 0
0.491893 0.793425 0
0.49219 0.796603 0
0.49559 0.799905 0
0.498633 0.804425 0
0.497892 0.807612 0
0.502327 0.809769 0
0.502905 0.811786 0
0.504936 0.813111 1
0.504965 0.815842 0
0.50442 0.819329 0
0.502892 0.824083 0
0.501822 0.829991 0
0.503006 0.838324 0
0.503678 0.834822 0
0.50641 0.834611 0
0.509636 0.833487 0
0.510306 0.830876 0
0.509122 0.844506 0
0.509576 0.84938 0
0.509122 0.852877 0
0.505032 0.858271 0
0.504776 0.859878 1
0.506209 0.860787 0
0.510328 0.860168 0
0.513748 0.859929 0
0.51744 0.857184 0
0.521689 0.859206 0
0.524356 0.859874 0
0.529859 0.8553 0
0.534558 0.856099 0
0.540955 0.85527 0
0.544751 0.855083 0
0.548417 0.855879 0
0.552798 0.8559 1
0.558306 0.857258 0
0.563216 0.859069 0
0.567973 0.862295 0
0.569209 0.867293 0
0.579675 0.86986 0
0.585155 0.865742 0
0.59281 0.863263 0
0.597454 0.862205 0
0.600952 0.867341 0
0.606164 0.869372 0
0.613073 0.864625 0
0.617058 0.863894 0
0.621172 0.863933 0
0.625256 0.864369 0
0.628737 0.865347 0
0.633627 0.862337 0
0.634518 0.862755 0
0.621967 0.879504 0
0.626887 0.883234 0
0.641912 0.872768 0
0.651472 0.861056 0
0.658824 0.853063 0
0.66004 0.848874 0
0.660452 0.848651 1
0.664696 0.855121 0
0.669491 0.857454 0
0.670829 0.858243 0
0.671542 0.862373 0
0.673873 0.867246 0
0.679394 0.87466 0
0.682024 0.879253 0
0.684894 0.875215 0
0.686109 0.878421 0
0.685197 0.867176 0
0.685282 0.868194 0
0.689419 0.872254 0
0.6951 0.891312 0
0.694474 0.890473 0
0.698054 0.898132 0
0.697704 0.903375 0
0.699008 0.911604 0
0.697302 0.917439 0
0.697876 0.919049 0
0.696227 0.92328 0
0.697083 0.926835 0
0.696868 0.928001 0
0.696344 0.927788 0
0.697743 0.930026 1
0.700698 0.930922 0
0.703031 0.932711 0
0.705072 0.934639 0
0.707909 0.933729 0
0.711464 0.932204 0
0.71347 0.934968 0
0.718931 0.926707 0
0.723476 0.92303 0
0.724642 0.922118 0
0.725983 0.921955 0
0.729089 0.924146 0
0.734304 0.924895 0
0.737891 0.919971 0
0.739429 0.915254 1
0.743192 0.918362 0
0.749814 0.923576 0
0.755406 0.927407 0
0.759306 0.938358 0
0.762908 0.940309 0
0.769536 0.936728 0
0.770573 0.924132 0
0.773987 0.930034 0
0.777542 0.929924 0
0.780605 0.931641 0
0.784644 0.942346 0
0.786141 0.944697 0
0.787445 0.946063 0
0.787981 0.950277 0
0.787076 0.947641 0
0.788499 0.949287 0
0.78764 0.949198 0
0.789617 0.947818 0
0.794091 0.949111 0
0.797157 0.948286 0
0.79751 0.947164 0
0.798068 0.947329 0
0.797533 0.9473 0
0.798984 0.947595 1
0.803672 0.944738 0
0.807291 0.941844 0
0.809056 0.941271 0
0.808963 0.93997 0
0.8061 0.949622 0
0.813493 0.941507 0
0.810904 0.936278 0
0.811276 0.937795 0
0.811337 0.938439 0
0.809897 0.934991 0
0.816602 0.930441 0
0.812851 0.936404 0
0.824422 0.920219 0
0.821216 0.9238 0
0.820271 0.927866 0
0.821345 0.927956 0
0.82278 0.927605 0
0.825976 0.92676 0
0.828536 0.91942 0
0.830777 0.921768 0
0.833524 0.919764 0
0.839522 0.912233 0
0.844858 0.908287 0
0.84773 0.911371 0
0.854591 0.91198 0
0.858102 0.911361 0
0.863882 0.911341 0
0.866275 0.912524 0
0.866416 0.908386 0
0.865185 0.902187 0
0.871463 0.894926 0
0.87312 0.89096 1
0.87264 0.892058 0
0.875122 0.890396 0
0.87732 0.88746 0
0.87809 0.88706 0
0.878267 0.885467 0
0.880145 0.882897 0
0.880633 0.88124 0
0.881406 0.877373 0
0.883546 0.873121 0
0.882076 0.871448 0
0.880493 0.871967 0
0.881284 0.869977 0
0.883178 0.866833 0
0.88758 0.861436 0
0.889483 0.854133 0
0.8875 0.852454 1
0.88803 0.851591 0
0.886602 0.852881 0
0.888162 0.848761 0
0.890882 0.846479 0
0.891563 0.842177 0
0.88992 0.837398 0
0.888191 0.836029 0
0.887577 0.835001 0
0.888392 0.831123 0
0.889271 0.827195 0
0.898209 0.824936 0
0.900024 0.822837 0
0.899362 0.820082 0
0.897714 0.818623 0
0.89858 0.814664 0
0.900062 0.811978 0
0.900677 0.811461 0
0.907229 0.8034 0
0.909636 0.79782 0
0.905726 0.798109 0
0.907684 0.796044 0
0.912404 0.791634 0
0.91196 0.788093 0
0.912462 0.785449 1
0.91234 0.78363 0
0.914514 0.781146 0
0.916394 0.780722 0
0.919693 0.776979 0
0.926031 0.773609 0
0.92684 0.767411 0
0.92869 0.76327 0
0.927726 0.760185 0
0.93305 0.758498 0
0.939936 0.755947 0
0.942793 0.752953 0
0.943569 0.74717 0
0.949075 0.746189 0
0.956058 0.736793 0
0.971764 0.738292 0
0.977161 0.730944 0
0.976174 0.719952 0
0.978245 0.715084 0
0.977017 0.711717 0
0.979726 0.708669 0
0.981732 0.706173 0
0.985272 0.700702 0
0.989634 0.696488 0
0.987718 0.68904 0
0.989386 0.684386 0
0.994142 0.67906 0
0.998087 0.67594 0
0.999257 0.669987 0
1 0.666705 0
0.996986 0.663983 0
0.994145 0.663346 0
0.993594 0.663551 0
0.995087 0.664665 0
0.995516 0.664877 1
0.998028 0.663112 0
0.998212 0.660853 0
0.996201 0.656129 0
0.995054 0.650929 0
0.995703 0.643779 0
0.994151 0.63847 0
0.993201 0.632364 0
0.992314 0.631206 1
0.99033 0.636251 0
0.981068 0.633979 0
0.977908 0.634473 0
0.978736 0.629704 0
0.975586 0.630073 0
0.970805 0.631633 0
0.965067 0.630482 0
0.963737 0.632449 0
0.959449 0.632965 0
0.956986 0.635764 0
0.951759 0.634996 0
0.945512 0.636067 0
0.942252 0.633933 0
0.940339 0.632749 1
0.941949 0.632036 0
0.94029 0.630145 0
0.942984 0.628904 0
0.943168 0.628145 0
0.94033 0.626157 0
0.937728 0.623948 0
0.938738 0.61916 0
0.936253 0.616395 0
0.936313 0.613859 0
0.935999 0.615884 0
0.93615 0.610151 0
0.93396 0.609843 0
0.936782 0.601942 0
0.935693 0.596597 0
0.93653 0.591789 0
0.935263 0.586262 0
0.934242 0.578969 0
0.932006 0.572625 1
0.930438 0.569172 0
0.930882 0.563959 0
0.926613 0.561294 0
0.925882 0.553124 0
0.924627 0.547297 0
0.918454 0.543482 0
0.917559 0.53609 0
0.914172 0.531331 0
0.910637 0.527502 0
0.907494 0.522243 0
0.904355 0.515541 0
0.90261 0.512066 1
0.90304 0.507151 0
0.901571 0.503214 0
0.899571 0.499209 0
0.900408 0.491853 0
0.896868 0.489168 0
0.896002 0.482696 0
0.895382 0.480826 0
0.89208 0.476392 0
0.889389 0.471472 0
0.88478 0.469228 0
0.883276 0.462309 0
0.880701 0.457507 0
0.878974 0.45444 0
0.874123 0.450177 0
0.873643 0.44474 0
0.868267 0.440851 0
0.865068 0.436423 0
0.858904 0.436826 0
0.85061 0.437146 0
0.847217 0.432229 0
0.844443 0.430289 0
0.838119 0.42922 1
0.834248 0.426158 0
0.830843 0.423922 0
0.825011 0.421367 0
0.821115 0.418269 0
0.817414 0.414925 0
0.813058 0.41324 0
0.809771 0.40928 0
0.805873 0.405485 0
0.803935 0.402355 0
0.799654 0.402483 0
0.794368 0.399456 0
0.790407 0.397441 1
0.786325 0.39492 0
0.781604 0.392107 0
0.777487 0.387661 0
0.77355 0.385764 0
0.769455 0.383838 0
0.765479 0.384336 0
0.759975 0.379831 0
0.755377 0.38025 0
0.750894 0.378539 0
0.743241 0.37499 0
0.740656 0.372652 0
0.737042 0.373862 0
0.730694 0.368368 0
0.727733 0.369091 0
0.721481 0.367412 0
0.716424 0.367084 1
0.712865 0.366948 0
0.710443 0.365533 0
0.706288 0.365336 0
0.702226 0.366821 0
0.699174 0.367694 0
0.695651 0.368125 0
0.692 0.367326 0
0.685975 0.365265 0
0.681523 0.366216 0
0.676773 0.362455 0
0.672194 0.361314 0
0.668345 0.360663 1
0.665484 0.360494 0
0.66584 0.361403 0
0.66282 0.362267 0
0.659642 0.36429 0
0.654489 0.368047 0
0.647129 0.367105 0
0.641032 0.367413 0
0.636895 0.371349 0
0.63117 0.373856 0
0.626423 0.372198 0
0.620308 0.37224 0
0.613998 0.37172 0
0.606643 0.371235 0
0.59813 0.369244 0
0.587208 0.366773 0
0.579156 0.365461 0
0.574408 0.364791 0
0.567502 0.362018 1
0.562551 0.362158 0
0.557424 0.362274 1
0.159467 0.338456 0
0.155102 0.339783 1
0.152574 0.340247 0
0.14819 0.339628 1
0.143919 0.341824 0
0.138819 0.34474 0
0.13366 0.347369 0
0.130335 0.349107 1
0.126014 0.349261 0
0.122588 0.35013 0
0.116747 0.349282 0
0.10711 0.349496 0
0.0985065 0.345941 0
0.0944373 0.345773 0
0.0941489 0.353379 0
0.0904111 0.355405 0
0.0856149 0.356368 0
0.0829785 0.35973 0
0.0786028 0.361484 0
0.0769807 0.364686 0
0.0737919 0.367197 0
0.0693593 0.366266 0
0.0626194 0.363841 0
0.0588582 0.361505 0
0.0516422 0.362502 0
0.0487482 0.362648 0
0.0454816 0.365212 0
0.0435635 0.371413 0
0.0434729 0.378681 0
0.0399822 0.380868 0
0.0387285 0.383571 0
0.0349123 0.386447 0
0.0321926 0.388322 0
0.0313679 0.39077 0
0.028803 0.392136 0
0.026344 0.392101 0
0.0245845 0.3927 0
0.0231075 0.391988 0
0.0222347 0.393516 0
0.0203904 0.394791 0
0.0179584 0.396218 0
0.0177382 0.397732 0
0.0162539 0.397669 0
0.0159491 0.398094 1
0.0150151 0.398874 0
0.0170219 0.399439 0
0.0189441 0.401138 0
0.0193214 0.403044 0
0.0196711 0.404891 0
0.0223884 0.407366 0
0.024656 0.409462 0
0.0254455 0.412639 0
0.0263142 0.415241 0
0.0293975 0.418554 0
0.0345923 0.427294 0
0.0343312 0.425932 0
0.0349936 0.430161 0
0.0379099 0.437674 0
0.042809 0.446075 0
0.0435604 0.447808 0
0.046154 0.455395 0
0.0463936 0.461196 1
0.0466749 0.466359 0
0.0471614 0.472298 0
0.0480935 0.476486 0
0.0520829 0.482297 0
0.0512159 0.486656 0
0.0529656 0.491357 0
0.0535672 0.496253 0
0.0543275 0.501323 0
0.0519217 0.507494 0
0.051664 0.51326 0
0.05379 0.519219 0
0.0505948 0.523573 0
0.0485741 0.531273 0
0.0454422 0.536858 1
0.0485001 0.544657 0
0.0471883 0.551211 0
0.0463644 0.55565 0
0.0461793 0.56026 0
0.046101 0.565475 0
0.0426979 0.571603 0
0.0421731 0.577322 0
0.0415959 0.58346 0
0.0411017 0.588554 0
0.0405975 0.59349 1
0.0372112 0.599183 0
0.0367467 0.604559 0
0.0360854 0.609727 0
0.0354325 0.615346 0
0.0350408 0.620407 0
0.0367931 0.624947 0
0.0360326 0.629333 0
0.0352848 0.634423 0
0.03483 0.63497 0
0.000588782 0.638172 0
0 0.642653 0
0.000226059 0.647587 1
0.0278147 0.666978 0
0.0269272 0.67256 0
0.0246219 0.675644 0
0.0237784 0.679124 0
0.0256268 0.685328 0
0.0259347 0.691134 1
0.0267733 0.692193 0
0.0259403 0.695945 0
0.0253705 0.699814 0
0.0260756 0.70357 0
0.0293035 0.706926 0
0.0269306 0.712554 0
0.0289189 0.716893 0
0.0327598 0.720585 0
0.0374608 0.724165 0
0.0345948 0.728042 1
0.0342423 0.73505 0
0.031881 0.739177 0
0.0312391 0.743226 0
0.0314606 0.747835 0
0.0301101 0.754947 0
0.028199 0.758904 0
0.0261904 0.763496 0
0.0253936 0.769291 0
0.0259123 0.769415 0
0.0243512 0.777892 0
0.0240418 0.779558 0
0.0255681 0.782461 0
0.0239373 0.783965 0
0.0238121 0.786729 1
0.0228594 0.789542 0
0.0218254 0.793055 0
0.0227154 0.795222 0
0.0227148 0.799483 0
0.0225646 0.8026 0
0.0225172 0.806935 0
0.0260648 0.810968 0
0.0265188 0.813676 0
0.0288697 0.8178 0
0.030244 0.822235 0
0.0336819 0.824941 0
0.0354738 0.830291 1
0.0360448 0.832387 0
0.0353312 0.835453 0
0.0360552 0.837372 0
0.0362358 0.840384 0
0.0357521 0.842037 0
0.0348796 0.845303 0
0.035201 0.849365 0
0.033526 0.853398 0
0.0327075 0.856327 0
0.0335765 0.863797 0
0.0339675 0.868101 0
0.0359269 0.872064 0
0.0365575 0.87432 0
0.0387814 0.875185 1
0.0415963 0.87753 0
0.044743 0.879531 0
0.0498529 0.87857 0
0.05523 0.87769 0
0.0590263 0.879348 0
0.0632209 0.880127 0
0.065838 0.88172 0
0.0679683 0.882063 1
0.0734517 0.88414 0
0.0798955 0.886767 0
0.0860273 0.890444 0
0.0919508 0.890096 0
0.0975921 0.888195 0
0.0996254 0.881756 1
0.103048 0.881107 0
0.105501 0.879449 0
0.111458 0.878288 0
0.117323 0.876466 0
0.115895 0.868277 0
0.116856 0.863176 0
0.119205 0.857974 0
0.118027 0.851372 0
0.120112 0.846787 0
0.120433 0.840194 0
0.119812 0.83493 0
0.121595 0.828903 0
0.123907 0.824574 0
0.123687 0.820271 1
0.127463 0.817133 0
0.130799 0.81298 0
0.13501 0.806748 0
0.137198 0.799524 0
0.138695 0.796786 0
0.143806 0.794351 0
0.146335 0.791236 0
0.149088 0.786789 0
0.151787 0.78158 0
0.155515 0.777137 1
0.158223 0.771167 0
0.163009 0.769464 0
0.166112 0.766149 0
0.170106 0.761816 0
0.17423 0.757256 0
0.178421 0.752572 1
0.18204 0.748434 0
0.185504 0.744368 0
0.188555 0.740661 0
0.191791 0.737047 0
0.194608 0.73299 0
0.197956 0.728533 0
0.20057 0.724932 0
0.203223 0.721121 1
0.205751 0.717299 0
0.208023 0.713661 0
0.210722 0.711432 0
0.212879 0.705218 0
0.209243 0.691291 0
0.217785 0.695989 0
0.223148 0.692099 0
0.223483 0.684788 0
0.225813 0.67699 0
0.22532 0.668464 0
0.228225 0.666035 0
0.231026 0.661671 0
0.235062 0.659489 0
0.236947 0.655095 1
0.238453 0.651431 0
0.240141 0.647079 0
0.240244 0.640891 0
0.241641 0.636587 0
0.242357 0.632372 0
0.24631 0.629099 0
0.245525 0.624805 0
0.246944 0.620618 0
0.248211 0.616379 0
0.252135 0.61165 0
0.251446 0.606314 0
0.255201 0.602321 1
0.259894 0.596554 0
0.261551 0.591475 0
0.260526 0.585546 0
0.264703 0.580735 0
0.263689 0.575306 0
0.264783 0.571621 0
0.266146 0.566849 0
0.267704 0.561147 1
0.271205 0.556497 0
0.272147 0.552277 0
0.273212 0.547817 0
0.274154 0.543185 0
0.272559 0.538443 0
0.270751 0.533553 0
0.271248 0.530676 0
0.271202 0.52579 0
0.272509 0.518802 0
0.272546 0.51442 0
0.272394 0.509293 0
0.274803 0.504249 0
0.274529 0.499314 0
0.274069 0.493434 1
0.270949 0.488256 0
0.267487 0.481922 0
0.264406 0.47477 0
0.258362 0.467962 0
0.255318 0.461377 0
0.251575 0.454471 0
0.252043 0.447836 0
0.248977 0.446173 0
0.24766 0.442286 0
0.248096 0.433142 0
0.246558 0.426081 0
0.244618 0.420577 0
0.244831 0.415794 0
0.245832 0.410262 0
0.244786 0.407239 0
0.246239 0.403092 0
0.246828 0.399516 0
0.245628 0.397385 0
0.245947 0.396673 0
0.24439 0.395276 0
0.243143 0.393479 0
0.242959 0.393509 1
0.241514 0.391312 0
0.243729 0.386659 0
0.243916 0.383937 0
0.245206 0.378269 0
0.245919 0.372308 0
0.250131 0.365329 0
0.247047 0.358582 0
0.248488 0.350891 0
0.249114 0.343932 0
0.24724 0.330356 0
0.245571 0.322382 0
0.243605 0.31293 0
0.24229 0.310721 0
0.242072 0.308697 0
0.239547 0.306217 0
0.237734 0.300181 0
0.237156 0.297795 0
0.236338 0.295912 0
0.235421 0.296169 0
0.235385 0.294689 1
0.235929 0.29126 0
0.236977 0.288705 0
0.237267 0.286233 0
0.238016 0.282428 0
0.239958 0.277877 0
0.240705 0.273231 0
0.239978 0.267481 0
0.2433 0.2639 0
0.244126 0.25665 0
0.245626 0.25178 1
0.247448 0.248029 0
0.247562 0.245199 0
0.248605 0.242445 0
0.254355 0.238274 0
0.256134 0.230153 0
0.259683 0.22695 0
0.260339 0.222323 0
0.263091 0.219156 0
0.267565 0.217156 0
0.272083 0.214187 0
0.275065 0.209036 0
0.280314 0.203157 0
0.285482 0.201497 0
0.290189 0.202259 1
0.293657 0.200604 0
0.29724 0.198465 0
0.30086 0.198909 0
0.302997 0.199602 0
0.306955 0.201056 0
0.309236 0.204493 0
0.310699 0.206026 0
0.31331 0.208164 1
0.315947 0.209135 0
0.319333 0.211289 0
0.322789 0.214138 0
0.325367 0.216199 0
0.329652 0.218312 0
0.333065 0.220909 0
0.33674 0.22421 0
0.340402 0.227947 0
0.346195 0.229863 0
0.34861 0.238252 0
0.350738 0.245546 0
0.357401 0.249592 0
0.359787 0.251901 0
0.363514 0.255437 0
0.365627 0.259124 0
0.368593 0.261716 0
0.372709 0.264447 0
0.381239 0.268707 0
0.381148 0.272947 0
0.384288 0.274328 1
0.386225 0.277015 0
0.389159 0.279721 0
0.389936 0.284319 0
0.39094 0.289246 0
0.394337 0.293988 0
0.394824 0.298572 0
0.39498 0.303643 0
0.395727 0.308383 0
0.397587 0.311354 0
0.398576 0.312986 1
0.398945 0.313373 0
0.399633 0.314213 0
0.401885 0.315839 0
0.406225 0.315387 0
0.411393 0.313819 0
0.417388 0.309651 0
0.424044 0.307492 0
0.432282 0.309327 0
0.436631 0.305041 0
0.443436 0.304494 0
0.448744 0.301267 0
0.454836 0.299482 0
0.458844 0.295678 0
0.463544 0.293223 0
0.469413 0.293174 0
0.474422 0.290905 0
0.478778 0.288065 0
0.486368 0.287503 1
0.487926 0.2859 0
0.489431 0.283769 0
0.49292 0.278418 0
0.493579 0.27484 0
0.496635 0.269179 0
0.50031 0.264521 0
0.502453 0.258426 0
0.503156 0.252567 0
0.506598 0.248675 0
0.508475 0.243727 0
0.512825 0.240677 0
0.515996 0.236338 0
0.517894 0.231583 0
0.519627 0.227607 0
0.52311 0.221188 0
0.529749 0.218834 0
0.532066 0.214336 0
0.535504 0.210997 0
0.539052 0.204964 0
0.540432 0.202589 1
0.541781 0.197372 0
0.543914 0.191112 0
0.544745 0.186488 0
0.545661 0.181025 0
0.546029 0.176306 0
0.544215 0.171735 0
0.547054 0.167103 0
0.547113 0.16243 0
0.547139 0.159944 0
0.547845 0.155345 1
0.548948 0.150815 0
0.548575 0.145249 0
0.546657 0.141073 0
0.543883 0.137388 0
0.544973 0.134616 0
0.542132 0.129647 0
0.54143 0.12501 0
0.539162 0.121703 0
0.54052 0.118185 0
0.542219 0.117722 0
0.540044 0.11337 0
0.539164 0.108258 0
0.540767 0.104386 0
0.540086 0.101069 1
0.5402 0.0982508 0
0.540517 0.0962805 0
0.542054 0.0924478 0
0.541004 0.0884536 0
0.544765 0.085541 0
0.544159 0.0822251 0
0.545806 0.0785634 0
0.547352 0.0712692 0
0.551037 0.0625479 0
0.555555 0.0557724 1
0.553907 0.0502889 0
0.555667 0.0438091 0
0.554953 0.0375541 0
0.553412 0.0314794 0
0.557739 0.0292838 0
0.561902 0.0269873 0
0.560176 0.020511 0
0.563089 0.015723 0
0.564225 0.012412 0
0.568113 0.011881 1
0.570049 0.00954107 0
0.572332 0.0056602 0
0.575187 0.00348923 0
0.575171 0 0
0.57934 0.0014697 0
0.581043 0.000488444 0
0.583641 0.00328169 0
0.589967 0.00292909 0
0.593189 0.00860109 0
0.595435 0.00989298 1
0.597272 0.010495 0
0.600203 0.0114919 0
0.600625 0.0166307 0
0.610118 0.0189587 0
0.611703 0.0222243 0
0.611415 0.0318058 0
0.620476 0.0323828 0
0.616953 0.0378566 0
0.615049 0.0439012 0
0.616209 0.0505004 0
0.613848 0.0544957 0
0.616133 0.0566165 0
0.6144 0.0645376 0
0.616416 0.0679837 1
0.618413 0.0726088 0
0.620536 0.0778444 0
0.622489 0.0823642 0
0.627709 0.0874868 0
0.630284 0.0919203 0
0.632961 0.0955516 0
0.63392 0.100996 0
0.633778 0.10533 0
0.635987 0.110292 0
0.637725 0.113577 1
0.639024 0.116715 0
0.64224 0.120485 0
0.643886 0.124531 0
0.647728 0.127338 0
0.650456 0.131844 0
0.650775 0.134377 0
0.652434 0.138824 0
0.652789 0.141498 0
0.656013 0.146361 0
0.659164 0.147788 0
0.661611 0.151821 0
0.661934 0.155181 0
0.66673 0.159107 0
0.670594 0.16077 0
0.673868 0.162934 0
0.676141 0.165716 1
0.679137 0.169903 0
0.681967 0.171548 0
0.685437 0.175573 0
0.687837 0.178535 0
0.689948 0.18006 0
0.693832 0.182155 0
0.695137 0.186326 0
0.697953 0.189275 1
0.700563 0.190068 0
0.702511 0.190463 0
0.704873 0.192019 0
0.706283 0.193088 0
0.707615 0.192634 0
0.710133 0.193778 0
0.712564 0.193451 0
0.714032 0.194323 0
0.716032 0.195244 0
0.717693 0.196443 0
0.718965 0.197228 0
0.720589 0.197861 0
0.721951 0.199344 0
0.723264 0.199621 0
0.724657 0.200681 0
0.72614 0.20159 1
