0.116481 0.588455 0
0.13717 0.585481 0
0.13653 0.584265 0
0.136346 0.583398 0
0.135831 0.583275 1
0.135633 0.583183 0
0.135137 0.582785 0
0.134754 0.582708 0
0.1347 0.581967 0
0.134999 0.579998 0
0.133387 0.580241 0
0.132595 0.580134 0
0.133575 0.579528 0
0.132939 0.578049 0
0.131395 0.577694 0
0.131629 0.577472 0
0.130897 0.576219 0
0.128911 0.573619 0
0.12817 0.572271 0
0.127515 0.570029 0
0.127035 0.568277 0
0.127507 0.565732 0
0.127752 0.562546 0
0.126748 0.560727 0
0.129166 0.557625 0
0.129154 0.553733 0
0.12802 0.552097 0
0.126822 0.54979 0
0.125165 0.548285 0
0.121701 0.545287 0
0.120304 0.543472 0
0.118304 0.53883 0
0.118924 0.5354 0
0.120401 0.527467 0
0.117802 0.524103 0
0.113156 0.520675 0
0.108362 0.51898 0
0.106043 0.514346 0
0.105578 0.508851 0
0.101838 0.504092 0
0.0990748 0.498298 0
0.0956963 0.490603 0
0.0912634 0.484265 1
0.0899406 0.481202 0
0.0903085 0.475245 0
0.0911495 0.471036 0
0.0899423 0.467139 0
0.0882608 0.461879 0
0.0878265 0.457512 0
0.0851951 0.451272 0
0.084203 0.44619 0
0.0847308 0.438899 0
0.0833565 0.435026 0
0.0820486 0.428669 0
0.0832829 0.419579 0
0.0826679 0.411977 0
0.0827712 0.404981 0
0.0815417 0.39956 0
0.0821922 0.390408 0
0.08444 0.383496 0
0.0836101 0.375301 1
0.0829785 0.370262 0
0.0794583 0.363653 0
0.0798133 0.357197 0
0.0770712 0.350458 0
0.0771763 0.341279 0
0.0734975 0.336801 0
0.0736484 0.330187 0
0.0748387 0.323898 0
0.078747 0.315442 0
0.0815948 0.310549 0
0.0828223 0.301304 0
0.0879437 0.295092 0
0.093588 0.289415 0
0.0965485 0.284328 1
0.101338 0.281542 0
0.110883 0.281744 0
0.119454 0.282485 0
0.12217 0.279463 0
0.132635 0.280589 0
0.137034 0.280434 0
0.145197 0.283532 0
0.151827 0.282696 1
0.154413 0.281229 0
0.157805 0.276738 0
0.15827 0.273407 0
0.158218 0.271316 0
0.159337 0.266803 0
0.160431 0.260132 0
0.161702 0.254336 0
0.157666 0.250998 0
0.155989 0.24734 0
0.154389 0.243743 0
0.15452 0.24128 0
0.152456 0.240116 0
0.138842 0.218369 0
0.134305 0.215775 0
0.127552 0.210315 0
0.124891 0.20552 0
0.120695 0.203753 0
0.117406 0.201496 0
0.116917 0.197963 0
0.113449 0.196738 0
0.111113 0.19465 0
0.109027 0.191056 1
0.105648 0.190299 0
0.103009 0.189038 0
0.0997604 0.187831 0
0.0951803 0.186229 0
0.0922235 0.182241 0
0.0839866 0.176987 0
0.0799429 0.171873 0
0.0735064 0.169221 0
0.0659219 0.169182 0
0.0593103 0.167655 0
0.0566138 0.163144 0
0.0560035 0.159449 0
0.055647 0.153354 0
0.0495482 0.149703 0
0.000768737 0.150497 0
0.053115 0.128886 0
0.0539323 0.132138 0
0.046483 0.11193 0
0.0012344 0.134521 0
0 0.131567 1
0.00283408 0.126755 0
0.00807937 0.127315 0
0.0167058 0.121255 0
0.0137258 0.11509 0
0.0178798 0.110756 0
0.0220191 0.107968 0
0.032688 0.104406 0
0.0531237 0.0994172 0
0.0607995 0.0924959 0
0.059411 0.083083 1
0.0481773 0.0741621 0
0.0475712 0.0677158 0
0.0485529 0.0605123 0
0.0508217 0.0592421 1
0.0582663 0.0567724 0
0.0627489 0.0533852 0
0.0689168 0.0542074 0
0.0751325 0.0536162 1
0.0800314 0.0495408 0
0.0842326 0.0459628 0
0.0907929 0.0458398 0
0.0956712 0.0426168 0
0.100369 0.0442149 0
0.10462 0.0525142 0
0.107402 0.0580097 0
0.112816 0.0673198 0
0.116821 0.0739762 0
0.119596 0.0778639 0
0.13848 0.0589027 0
0.139035 0.0595872 1
0.141598 0.0603975 0
0.145982 0.0814368 0
0.150013 0.0684475 0
0.148332 0.0856322 0
0.150966 0.0900748 0
0.154382 0.0950975 1
0.159877 0.0993068 0
0.162453 0.0986915 0
0.167019 0.100849 0
0.174924 0.106611 0
0.182723 0.106521 0
0.188879 0.10985 0
0.194553 0.11289 0
0.197499 0.118071 0
0.199293 0.122585 0
0.204177 0.127207 0
0.213914 0.13216 0
0.216032 0.138008 0
0.22102 0.144679 0
0.229173 0.152935 0
0.237435 0.154816 0
0.240913 0.160468 0
0.245754 0.161593 0
0.252831 0.161623 0
0.255741 0.163185 0
0.261663 0.162265 1
0.270621 0.162368 0
0.2766 0.167069 0
0.283549 0.170034 0
0.288768 0.170562 0
0.294636 0.172481 0
0.302021 0.172415 0
0.304869 0.168377 0
0.306342 0.169692 0
0.307761 0.17265 0
0.325348 0.179156 0
0.33309 0.181267 0
0.339744 0.176809 0
0.346449 0.180143 0
0.352039 0.1748 0
0.356048 0.175868 0
0.358677 0.176998 0
0.366871 0.181367 0
0.369528 0.178375 1
0.374349 0.177994 0
0.379799 0.178621 0
0.387437 0.172602 0
0.39108 0.177099 0
0.397165 0.177573 0
0.401217 0.173859 0
0.412149 0.178824 0
0.415171 0.173469 0
0.421441 0.165716 0
0.434618 0.174251 0
0.441773 0.171607 0
0.440876 0.14966 0
0.452737 0.170089 0
0.462748 0.176962 0
0.46276 0.168829 0
0.468849 0.17089 0
0.478201 0.174039 0
0.482363 0.170715 1
0.484305 0.170328 0
0.48919 0.172651 0
0.494215 0.173252 0
0.501213 0.174769 0
0.503951 0.178497 0
0.512555 0.18422 0
0.521145 0.179834 0
0.526981 0.18386 0
0.534941 0.185674 0
0.539331 0.187981 0
0.547566 0.191261 0
0.555445 0.190714 0
0.561048 0.194853 0
0.576183 0.198344 0
0.578479 0.202771 0
0.584874 0.203453 0
0.589691 0.205684 0
0.595129 0.204642 0
0.601861 0.205578 0
0.610658 0.206618 0
0.614632 0.208121 0
0.621781 0.209589 0
0.63063 0.209532 0
0.631179 0.21462 0
0.634965 0.219198 0
0.636863 0.222642 0
0.641969 0.225177 0
0.645913 0.2282 0
0.647674 0.228781 0
0.653023 0.231292 1
0.657529 0.22915 0
0.661293 0.22705 0
0.666588 0.225619 0
0.668073 0.228173 0
0.671726 0.226657 0
0.674737 0.226395 0
0.680695 0.218954 0
0.685523 0.216713 0
0.689287 0.216884 0
0.694124 0.214352 0
0.698879 0.209733 0
0.71018 0.197936 0
0.709994 0.198469 0
0.713922 0.198169 0
0.716369 0.193785 0
0.721688 0.189423 0
0.72513 0.184932 0
0.727483 0.18064 0
0.732259 0.176269 0
0.73596 0.171481 0
0.737878 0.168943 0
0.750506 0.164989 0
0.754096 0.161746 0
0.756324 0.158378 0
0.760657 0.155141 0
0.763752 0.152516 1
0.762993 0.147163 0
0.761025 0.140811 0
0.764045 0.13908 0
0.763383 0.133954 0
0.766259 0.127786 0
0.766728 0.125793 0
0.76589 0.12125 0
0.767876 0.114411 0
0.768432 0.110195 0
0.7777 0.0959634 0
0.7811 0.0852061 0
0.784644 0.0762513 0
0.779472 0.0471623 0
0.782347 0.018545 0
0.784132 0.0203508 0
0.785841 0.0223261 0
0.787064 0.0199886 0
0.786037 0.0186882 0
0.787585 0.018236 0
0.787984 0.018268 0
0.790793 0.0163112 0
0.793884 0.0146111 1
0.798512 0.0123289 0
0.805612 0.0120928 0
0.809945 0.0129817 0
0.813817 0.00959942 0
0.814678 0 0
0.818774 0.00545813 0
0.822757 0.0096687 0
0.825306 0.0106061 0
0.832498 0.00881839 0
0.834506 0.00893998 1
0.835514 0.00922496 0
0.836791 0.0107553 0
0.837758 0.0117171 0
0.840065 0.0148709 0
0.839419 0.0265523 0
0.829188 0.0536763 0
0.83254 0.0626984 0
0.836237 0.0620686 0
0.837941 0.0690757 0
0.842392 0.0757028 0
0.844995 0.0841713 0
0.844325 0.0898986 0
0.849834 0.0963405 0
0.851254 0.10397 0
0.854156 0.113715 0
0.859063 0.119582 1
0.866086 0.127328 0
0.874106 0.130327 0
0.881196 0.133743 0
0.894516 0.133601 0
0.904736 0.138389 0
0.901938 0.155013 0
0.903723 0.163909 0
0.90879 0.171052 0
0.915243 0.17721 0
0.919033 0.183908 1
0.925821 0.187733 0
0.931654 0.192841 0
0.933634 0.198722 0
0.938612 0.203632 1
0.945281 0.209931 0
0.957403 0.209665 0
0.972835 0.217937 0
0.981999 0.224384 1
0.991369 0.224755 0
0.996788 0.230173 0
0.99772 0.234119 0
0.998309 0.239406 1
1 0.245273 0
0.996474 0.251997 0
0.98233 0.264535 0
0.992646 0.263359 0
0.994875 0.263923 0
0.997879 0.265853 0
0.969025 0.265548 0
0.941357 0.265539 0
0.959342 0.272953 0
0.959548 0.276919 0
0.955408 0.280638 0
0.956948 0.288689 0
0.965483 0.28732 0
0.973298 0.293287 0
0.969005 0.301457 0
0.981513 0.300582 0
0.982986 0.30518 0
0.983664 0.31009 0
0.985148 0.315334 0
0.984815 0.317942 0
0.985464 0.321925 0
0.984308 0.325375 0
0.985298 0.329655 0
0.985326 0.333088 1
0.985418 0.336145 0
0.98153 0.339424 0
0.976937 0.33812 0
0.963495 0.34045 0
0.957233 0.343724 0
0.950329 0.342916 0
0.933179 0.336352 0
0.925505 0.337838 0
0.918505 0.334636 0
0.913782 0.338291 0
0.906761 0.338141 0
0.903052 0.338466 1
0.896256 0.340102 0
0.8921 0.341961 0
0.886005 0.345729 0
0.879051 0.344824 0
0.873313 0.348494 0
0.868479 0.349286 0
0.860837 0.353319 0
0.856013 0.355009 1
0.853942 0.3585 0
0.850123 0.362078 0
0.846818 0.367026 0
0.845087 0.376072 0
0.844725 0.384382 0
0.844021 0.391997 0
0.839573 0.396235 0
0.839549 0.404395 0
0.839371 0.414636 0
0.839338 0.419479 0
0.842646 0.428136 0
0.841946 0.433478 0
0.841043 0.440052 0
0.842658 0.447825 1
0.844437 0.455717 0
0.850516 0.463886 0
0.855591 0.472056 0
0.856344 0.47838 0
0.857662 0.485157 0
0.860088 0.490993 0
0.867016 0.500628 0
0.865759 0.506977 0
0.86428 0.513063 0
0.865547 0.519012 0
0.86501 0.527195 0
0.865252 0.531108 1
0.868577 0.539181 0
0.872894 0.546689 0
0.873356 0.551346 0
0.878278 0.556097 0
0.876178 0.565468 0
0.88095 0.57417 0
0.882317 0.578947 0
0.895815 0.588858 0
0.902206 0.592421 0
0.911099 0.594501 0
0.917132 0.599034 0
0.919619 0.609651 0
0.919406 0.614959 0
0.920741 0.624402 0
0.924586 0.626562 0
0.931002 0.632215 0
0.935635 0.633403 0
0.938784 0.638737 0
0.94439 0.640908 0
0.94079 0.645613 0
0.935594 0.656702 0
0.943226 0.669134 0
0.941671 0.666305 0
0.9389 0.66855 0
0.937731 0.671416 0
0.936131 0.673538 0
0.934531 0.675408 0
0.934352 0.669297 0
0.933072 0.673201 0
0.931764 0.674583 0
0.929755 0.674128 0
0.927878 0.67227 1
0.928222 0.671032 0
0.922464 0.671186 0
0.918331 0.660332 0
0.913752 0.657169 0
0.906908 0.651379 0
0.903772 0.645124 1
0.899545 0.64325 0
0.890123 0.641698 0
0.888846 0.64116 0
0.885786 0.639407 0
0.883814 0.634034 0
0.88606 0.630737 0
0.881627 0.627689 0
0.875026 0.62787 0
0.873051 0.622435 0
0.874353 0.615651 0
0.859228 0.624954 0
0.846909 0.615576 0
0.840786 0.612564 0
0.833503 0.608102 0
0.824081 0.603497 0
0.820565 0.597379 0
0.816033 0.592166 0
0.808785 0.58868 1
0.801136 0.589492 0
0.794471 0.587184 0
0.790277 0.585311 0
0.790857 0.578754 0
0.786476 0.572696 0
0.779402 0.573684 0
0.777021 0.567806 0
0.771668 0.566169 0
0.76602 0.562454 0
0.759763 0.56221 0
0.752173 0.561746 0
0.742136 0.561913 0
0.726394 0.562839 0
0.731811 0.561344 0
0.726023 0.558845 0
0.717953 0.558398 1
0.712783 0.556054 0
0.705618 0.555584 0
0.700831 0.550388 0
0.698274 0.548056 0
0.691097 0.546165 0
0.688164 0.544032 0
0.684494 0.539894 0
0.677126 0.542837 1
0.671261 0.538151 0
0.66845 0.534075 0
0.661807 0.530016 0
0.660959 0.524487 0
0.65734 0.520299 0
0.651078 0.515821 0
0.648137 0.511518 0
0.646789 0.508622 0
0.642352 0.505836 0
0.638318 0.502892 0
0.634321 0.501568 0
0.628933 0.499243 1
0.626309 0.497768 0
0.623765 0.498056 0
0.620566 0.495434 0
0.613145 0.495112 0
0.611946 0.493548 0
0.608932 0.493185 0
0.605535 0.490847 0
0.601455 0.48929 0
0.59841 0.488615 0
0.595484 0.488189 0
0.59025 0.487512 0
0.583093 0.485219 0
0.554194 0.489444 0
0.547549 0.490159 0
0.542638 0.48984 0
0.536183 0.490146 0
0.533288 0.490689 0
0.52809 0.492661 1
0.523593 0.49128 0
0.515361 0.488562 0
0.502803 0.481068 0
0.494789 0.483726 0
0.491039 0.486578 0
0.49132 0.486861 1
0.4994 0.503543 0
0.493328 0.508318 0
0.490796 0.512749 0
0.484498 0.513809 0
0.495079 0.511859 0
0.49014 0.517738 0
0.486352 0.520302 0
0.487179 0.52907 0
0.482323 0.528729 0
0.48155 0.535536 0
0.481345 0.539121 0
0.476157 0.541068 0
0.471979 0.546139 0
0.468382 0.550492 0
0.464434 0.553506 0
0.461346 0.558157 1
