0.27806 0.539386 0
0.273589 0.529906 0
0.272149 0.514479 0
0.263075 0.50355 0
0.250545 0.494888 0
0.241513 0.482338 0
0.231923 0.470944 1
0.221253 0.457407 0
0.210063 0.447367 0
0.193541 0.43545 0
0.178662 0.423418 0
0.16353 0.411513 0
0.151478 0.400425 0
0.140322 0.389443 0
0.12569 0.378429 1
0.109259 0.369012 0
0.107323 0.353007 0
0.0875232 0.340784 0
0.0781396 0.326877 0
0.0716123 0.305546 0
0.0697433 0.285093 0
0.0725935 0.265347 0
0.081046 0.243836 0
0.0905085 0.222373 0
0.095202 0.198856 0
0.100911 0.185509 0
0.116562 0.185066 0
0.125077 0.177736 0
0.106333 0.161076 0
0.124272 0.152142 0
0.13005 0.137838 0
0.14114 0.132974 0
0.159875 0.140253 0
0.169476 0.131172 0
0.174982 0.11563 0
0.188574 0.113193 0
0.201229 0.125764 0
0.215517 0.119632 0
0.231712 0.121151 0
0.243193 0.12624 0
0.258971 0.137848 0
0.270793 0.145852 0
0.28484 0.157995 0
0.298175 0.172128 0
0.308978 0.184481 1
0.319243 0.197437 0
0.126442 0.457977 1
0.360669 0.236658 0
0.375065 0.246143 1
0.389667 0.257687 0
0.401699 0.269088 0
0.412015 0.279822 0
0.421065 0.290286 0
0.432188 0.306549 0
0.440206 0.320778 0
0.448438 0.335191 0
0.455975 0.348346 0
0.463955 0.362412 0
0.473239 0.378152 0
0.484116 0.394353 0
0.49533 0.410281 0
0.50644 0.425408 0
0.517791 0.439537 0
0.529085 0.452526 0
0.538614 0.463902 0
0.549895 0.478774 0
0.560038 0.493537 0
0.56887 0.506468 0
0.578306 0.518052 0
0.588031 0.528511 0
0.599346 0.540222 0
0.609519 0.551667 0
0.621572 0.563425 0
0.635486 0.57237 0
0.655187 0.580488 0
0.677728 0.589216 0
0.692649 0.598016 0
0.704909 0.611771 0
0.717226 0.627943 0
0.728204 0.642727 0
0.737644 0.656559 0
0.747098 0.67006 0
0.758829 0.686555 1
0.768764 0.699933 0
0.778685 0.713346 0
0.788388 0.72698 0
0.799166 0.744143 0
0.809738 0.762787 0
0.819515 0.781303 0
0.832843 0.810014 0
0.838142 0.826868 0
0.844248 0.844901 0
0.850807 0.860044 0
0.853496 0.876754 0
0.854247 0.893447 0
0.853163 0.90783 0
0.853875 0.921784 0
0.863469 0.930859 0
0.878185 0.93178 0
0.883484 0.918733 0
0.899902 0.916878 0
0.897565 0.899747 0
0.896019 0.882818 0
0.913085 0.883596 0
0.926402 0.876744 0
0.921615 0.860586 0
0.918875 0.846566 0
0.936788 0.842415 0
0.93579 0.828651 0
0.922053 0.817385 0
0.923494 0.80198 0
0.912163 0.791872 0
0.915009 0.775163 0
0.906576 0.765481 0
0.894568 0.764971 0
0.734515 0.84722 0
0.717652 0.847915 0
0.698675 0.85084 0
0.65308 0.882249 0
0.634287 0.880571 0
0.614676 0.874194 0
0.592284 0.864277 0
0.573789 0.855573 0
0.561964 0.848071 0
0.547315 0.838907 1
0.535028 0.829854 0
0.521921 0.820548 0
0.507814 0.809422 0
0.497149 0.798398 0
0.484859 0.786188 0
0.467188 0.774144 0
0.457804 0.766073 0
0.449501 0.75324 0
0.434748 0.738247 0
0.422844 0.728295 0
0.410066 0.714864 0
0.399675 0.702432 1
0.39075 0.690444 0
0.381024 0.678754 0
0.372561 0.668162 0
0.369491 0.651372 0
0.355089 0.643685 0
0.345592 0.633462 0
0.337082 0.619406 0
0.329397 0.604431 0
0.320383 0.593945 0
0.314566 0.581083 0
0.315245 0.565475 0
0.315952 0.552262 1
0.591193 0.331151 0
0.581461 0.314708 1
0.568553 0.307209 0
0.303294 0.410446 1
0.28778 0.398993 0
0.27362 0.38695 0
0.25695 0.374184 0
0.243891 0.363287 0
0.230698 0.351674 0
0.214278 0.338183 0
0.198194 0.325585 0
0.181644 0.311981 0
0.161006 0.296856 0
0.145228 0.281963 0
0.128919 0.266901 0
0.110433 0.254657 0
0.0583459 0.227844 0
0.0502925 0.208718 0
0.04456 0.188531 0
0.0383617 0.171145 0
0.0497098 0.163086 0
0.042284 0.149785 0
0.0495894 0.137283 0
0.0647932 0.134811 0
0.0654091 0.119837 0
0.0767294 0.109964 0
0.0872676 0.0970237 0
0.0970328 0.0871734 1
0.109667 0.0753547 0
0.121959 0.0667294 0
0.133239 0.056649 0
0.147528 0.0547761 0
0.160633 0.053379 0
0.175514 0.0526753 0
0.193671 0.0532259 0
0.21619 0.0542222 0
0.235401 0.0569352 0
0.250018 0.0608557 0
0.275274 0.0698897 0
0.296222 0.0820019 0
0.315724 0.0949445 0
0.33319 0.108334 0
0.349871 0.121313 0
0.365873 0.135065 1
0.382749 0.152227 0
0.398724 0.17095 0
0.413348 0.189266 0
0.426224 0.205725 0
0.438713 0.22137 0
0.450716 0.23558 0
0.461603 0.248437 0
0.470479 0.260692 0
0.479139 0.275009 0
0.487269 0.289417 0
0.494763 0.302802 0
0.503347 0.317955 0
0.511731 0.332663 0
0.521171 0.348193 0
0.530446 0.360679 0
0.541928 0.374553 0
0.552999 0.387386 0
0.563927 0.399591 0
0.573992 0.411112 0
0.583833 0.423142 0
0.592967 0.436131 0
0.601948 0.45087 0
0.612809 0.463478 0
0.622063 0.475506 0
0.631504 0.487659 0
0.640721 0.500186 0
0.649381 0.513447 0
0.657258 0.52715 1
0.66595 0.54272 0
0.672489 0.556732 0
0.6464 0.607769 0
0.655971 0.625927 0
0.665482 0.638191 0
0.674372 0.651353 0
0.682751 0.665149 0
0.691439 0.678396 0
0.701304 0.692392 0
0.712555 0.705956 0
0.723503 0.722161 0
0.731233 0.736059 0
0.740841 0.747211 0
0.752601 0.760338 0
0.763304 0.775164 0
0.77491 0.791184 0
0.785795 0.809236 0
0.795858 0.832067 0
0.808421 0.865632 0
0.811212 0.879675 0
0.814718 0.898433 0
0.819629 0.921253 0
0.829169 0.943784 0
0.84445 0.961055 0
0.863965 0.967165 0
0.870223 0.982691 1
0.88461 0.98805 0
0.89435 0.973178 0
0.910759 0.984614 0
0.918433 0.969306 0
0.924781 0.954982 0
0.943701 0.964287 1
0.956441 0.953832 0
0.95024 0.93622 0
0.957891 0.923441 0
0.976361 0.929051 0
0.988137 0.918654 0
0.99432 0.901231 0
0.983559 0.888685 0
1 0.880195 0
0.989178 0.865607 0
0.997949 0.852215 0
0.989746 0.836046 0
0.988452 0.817725 1
0.98337 0.80335 0
0.976378 0.790282 0
0.970077 0.778107 0
0.961683 0.767016 0
0.723333 0.890661 0
0.704232 0.886138 0
0.681979 0.873754 0
0.663059 0.853912 1
0.648514 0.842769 0
0.63601 0.835232 0
0.622664 0.829547 0
0.607755 0.82173 0
0.595618 0.812299 0
0.581209 0.804362 0
0.566523 0.793406 0
0.556848 0.782647 0
0.545228 0.772802 0
0.535262 0.759042 0
0.522758 0.753643 0
0.514478 0.739309 0
0.504455 0.728925 0
0.488486 0.719881 0
0.475468 0.70886 0
0.468837 0.697592 0
0.451693 0.692582 0
0.445637 0.674311 0
0.435648 0.661239 0
0.430644 0.647295 0
0.414713 0.641942 0
0.409027 0.62213 0
0.399124 0.601229 0
0.392438 0.588564 0
0.38473 0.572667 0
0.375251 0.558363 0
0.368416 0.546625 0
0.351357 0.530874 0
0.335727 0.515407 0
0.324673 0.50196 0
0.315975 0.486801 0
0.305772 0.471772 0
0.292352 0.454085 0
0.270794 0.442347 0
0.258294 0.426773 0
0.239115 0.414701 0
0.226376 0.401703 0
0.209751 0.388426 0
0.196644 0.373564 0
0.183823 0.361859 0
0.165466 0.343059 0
0.152723 0.330508 0
0.138116 0.313889 0
0.122314 0.298619 0
0.10764 0.284892 0
0.0343125 0.252558 1
0.0241171 0.237404 0
0.0138845 0.220957 0
0.00722162 0.201202 0
0 0.17217 1
0.0028914 0.136313 0
0.00213376 0.125672 0
0.0194954 0.102803 0
0.0238506 0.0953724 1
0.0331296 0.0653456 0
0.0470515 0.0650357 0
0.0569072 0.0499179 0
0.0733336 0.0435224 0
0.100469 0.031313 0
0.135624 0.0135531 0
0.150418 0.00939754 0
0.176245 0 1
0.189675 0.00749593 0
0.217514 0.0149095 0
0.246247 0.0122783 0
0.259479 0.0152021 1
0.275025 0.0216797 0
0.309307 0.0469808 0
0.322603 0.0567295 0
0.345062 0.0655423 1
0.36396 0.0771299 0
0.382042 0.0903556 0
0.397353 0.100177 0
0.424471 0.113597 0
0.445991 0.119379 0
0.462817 0.136866 0
0.473149 0.142716 0
0.479579 0.152581 0
0.487536 0.162633 0
0.500727 0.160278 0
0.514931 0.137441 0
0.523063 0.149979 0
0.535156 0.139431 0
0.54463 0.148177 0
0.549193 0.159887 0
0.560545 0.159798 0
0.551958 0.192382 0
0.561751 0.19665 0
0.566824 0.197708 1
