0.635825 0.610068 0
0.629758 0.614942 0
0.628689 0.622466 0
0.635106 0.631981 0
0.64572 0.63586 0
0.64832 0.645174 0
0.651196 0.65243 0
0.666185 0.663214 0
0.672423 0.670397 0
0.678795 0.680471 0
0.683774 0.688856 0
0.689763 0.696636 0
0.69708 0.705443 0
0.702589 0.714404 0
0.711584 0.723667 1
0.714041 0.732752 0
0.717728 0.742186 0
0.722101 0.752673 0
0.725304 0.762381 0
0.789801 0.970856 0
0.787314 0.971791 0
0.772727 0.955484 0
0.771848 0.986342 0
0.757955 0.961542 0
0.738322 0.965853 0
0.750829 0.974902 0
0.74235 0.983192 0
0.738455 0.991059 0
0.727762 1 1
0.716878 0.992198 0
0.710419 0.981203 0
0.701029 0.977886 0
0.693817 0.988033 0
0.680507 0.991338 0
0.672504 0.984206 0
0.667762 0.971312 0
0.654828 0.979248 0
0.645415 0.968929 0
0.626785 0.979032 0
0.623801 0.963374 0
0.620693 0.951265 0
0.610415 0.953363 0
0.602232 0.955462 1
0.596265 0.943852 0
0.578522 0.930195 0
0.566912 0.920037 0
0.553057 0.906284 0
0.539563 0.89133 0
0.530995 0.880724 1
0.522866 0.869519 0
0.514217 0.856345 0
0.506696 0.843877 0
0.499375 0.831317 0
0.49359 0.820736 0
0.48703 0.807159 0
0.480867 0.79214 0
0.475889 0.776096 0
0.472408 0.760433 0
0.470065 0.747216 0
0.467125 0.7355 0
0.462369 0.721428 0
0.457529 0.710271 0
0.451263 0.698926 0
0.443218 0.688923 0
0.439601 0.678945 0
0.42937 0.673182 0
0.421578 0.663768 1
0.409983 0.65495 0
0.399412 0.647763 0
0.387004 0.641894 0
0.375109 0.639056 0
0.359485 0.637956 0
0.341732 0.636656 0
0.329269 0.634572 0
0.317064 0.634065 0
0.307856 0.627279 0
0.296587 0.62843 0
0.286478 0.620618 0
0.275088 0.617214 0
0.263861 0.610613 0
0.248842 0.600678 1
0.242398 0.594018 0
0.231415 0.592239 0
0.221569 0.586396 0
0.214466 0.576103 0
0.202909 0.570256 0
0.197188 0.559952 0
0.186615 0.554813 0
0.179808 0.544861 0
0.172643 0.536904 0
0.164577 0.527503 0
0.155091 0.516563 0
0.145327 0.505135 0
0.136688 0.494278 0
0.127881 0.482358 1
0.119636 0.470369 0
0.112683 0.459405 0
0.106661 0.449243 0
0.100853 0.439322 0
0.0940947 0.428054 0
0.0873705 0.416175 0
0.0806805 0.403616 0
0.075223 0.392835 0
0.0703785 0.38032 0
0.0658442 0.369207 1
0.0610641 0.357079 0
0.0594165 0.347432 0
0.0575468 0.334462 0
0.111448 0.227333 0
0.125757 0.228024 0
0.131949 0.221125 0
0.127595 0.208201 0
0.121652 0.195568 0
0.126655 0.18485 0
0.119204 0.173815 0
0.126898 0.166935 0
0.12366 0.156517 0
0.126104 0.142804 0
0.133079 0.132351 0
0.123975 0.124114 0
0.133664 0.114826 0
0.121432 0.105222 0
0.130682 0.0987983 0
0.126881 0.0874284 0
0.136065 0.0815741 0
0.150382 0.0896375 0
0.159475 0.0844393 0
0.155147 0.0696144 0
0.166675 0.0677141 0
0.179807 0.0755764 0
0.191092 0.0740445 0
0.199863 0.0654993 0
0.227688 0.0026774 0
0.237584 0 0
0.251721 0.00188023 1
0.262103 0.00512312 0
0.271557 0.0118317 0
0.27831 0.0203054 0
0.277956 0.0923097 0
0.282219 0.103679 0
0.287509 0.112648 0
0.296321 0.119834 0
0.309104 0.120555 0
0.309167 0.13379 0
0.322097 0.143017 0
0.328032 0.149807 0
0.334295 0.155535 0
0.344448 0.163998 0
0.360187 0.177501 0
0.371201 0.187111 0
0.381071 0.195262 0
0.391138 0.203602 0
0.400562 0.210704 0
0.409658 0.21727 0
0.418715 0.223388 1
0.431574 0.231798 0
0.442725 0.239137 0
0.451952 0.246143 0
0.460842 0.252097 0
0.470999 0.255356 0
0.538097 0.25118 0
0.549688 0.257022 0
0.558714 0.263752 0
0.56824 0.272764 0
0.577186 0.28251 1
0.585728 0.290463 0
0.592046 0.29817 0
0.598481 0.308075 0
0.604537 0.317935 0
0.605859 0.338438 0
0.621301 0.338279 0
0.634047 0.34746 0
0.644244 0.346313 1
0.650923 0.352944 0
0.656955 0.361888 0
0.6521 0.372659 0
0.656535 0.382604 0
0.647412 0.403478 0
0.651693 0.41059 0
0.649565 0.420792 0
0.661395 0.42538 0
0.686545 0.412704 0
0.696181 0.412304 1
0.695874 0.424705 0
0.693938 0.437154 1
0.686409 0.456447 0
0.45166 0.866785 1
0.703623 0.4649 0
0.698134 0.48019 0
0.699523 0.490026 0
0.708619 0.492036 1
0.724851 0.495051 0
0.740712 0.498359 1
0.746061 0.505454 0
0.738511 0.51996 0
0.747504 0.525945 0
0.74478 0.546029 0
0.759148 0.545642 0
0.75522 0.562148 0
0.766751 0.567101 0
0.773178 0.576646 0
0.778041 0.586192 0
0.784226 0.598136 1
0.789799 0.60934 0
0.795526 0.620796 0
0.802928 0.634613 0
0.809595 0.646233 0
0.816205 0.658067 0
0.821693 0.671213 0
0.798084 0.749261 0
0.801352 0.757141 0
0.806601 0.766013 0
0.80404 0.777305 0
0.786315 0.781526 0
0.782931 0.787773 0
0.792064 0.796567 0
0.805372 0.801982 0
0.804417 0.812929 0
0.792724 0.822674 0
0.789391 0.832975 0
0.777988 0.843309 0
0.779547 0.851508 0
0.770558 0.857522 0
0.77318 0.871387 0
0.769858 0.881549 0
0.760822 0.890276 0
0.749701 0.891689 0
0.740315 0.887888 0
0.729337 0.885012 0
0.719971 0.888897 0
0.712561 0.899498 0
0.700151 0.896467 0
0.690762 0.888925 0
0.679854 0.894173 0
0.673762 0.884062 0
0.661581 0.882604 0
0.652132 0.873799 0
0.646432 0.867357 0
0.635232 0.86589 1
0.623336 0.864732 0
0.615955 0.85307 0
0.603844 0.843001 0
0.594863 0.833602 0
0.586108 0.824395 0
0.575401 0.81399 0
0.565685 0.804674 0
0.557768 0.796743 0
0.546335 0.78488 0
0.539706 0.777786 0
0.532388 0.769595 0
0.521833 0.759858 0
0.874456 0.648861 0
0.421545 0.757266 0
0.413218 0.751755 0
0.405493 0.745028 0
0.398838 0.736514 0
0.390658 0.727284 0
0.383411 0.720289 0
0.377023 0.710844 0
0.368956 0.699607 0
0.364063 0.69055 0
0.360819 0.679489 0
0.356764 0.667543 0
0.359826 0.608894 0
0.352409 0.594405 0
0.346089 0.586482 0
0.336285 0.579896 0
0.326477 0.573169 0
0.317388 0.567115 0
0.303737 0.562252 0
0.299243 0.552356 0
0.285168 0.552554 0
0.276794 0.546307 0
0.274704 0.531374 0
0.262638 0.52906 0
0.254547 0.521624 0
0.249412 0.51139 0
0.241308 0.503847 0
0.234686 0.494787 0
0.226426 0.484091 0
0.218486 0.473714 0
0.210117 0.461289 0
0.204779 0.451458 0
0.198199 0.443948 0
0.189847 0.43258 0
0.182882 0.423315 0
0.1764 0.414463 0
0.166882 0.402228 0
0.161331 0.394617 0
0.152962 0.381964 0
0.142811 0.36429 0
0.137994 0.35445 0
0.132233 0.339065 0
0.127342 0.323996 0
0.124527 0.311172 0
0.122106 0.289876 0
0.119237 0.276508 0
0.0796703 0.206885 0
0.0762215 0.189891 0
0.0698867 0.0931868 0
0.0706971 0.0834883 0
0.0730448 0.0697118 0
0.0714544 0.055843 0
0.0810722 0.0441988 0
0.0811077 0.0308112 1
0.0759887 0.0203274 0
0.0835805 0.0130823 0
0.0945346 0.00635608 0
0.102601 0.0148558 0
0.112159 0.0227712 0
0.121538 0.00894114 0
0.133483 0.00725916 0
0.142923 0.0166487 0
0.155645 0.014856 0
0.168064 0.010584 0
0.178913 0.0151613 0
0.190785 0.0188021 1
0.200652 0.0258594 0
0.213557 0.0336531 0
0.223946 0.0397629 0
0.233486 0.0459784 0
0.24645 0.0517319 0
0.260271 0.0543645 0
0.274779 0.0550349 0
0.289698 0.0547824 0
0.302328 0.0544668 0
0.313791 0.0553853 0
0.325515 0.0586149 0
0.336263 0.0630115 0
0.351777 0.070436 0
0.363621 0.0766933 1
0.378992 0.0865023 0
0.392248 0.0961655 0
0.40305 0.10449 0
0.414914 0.114442 0
0.42644 0.124907 0
0.436693 0.134838 0
0.447579 0.146193 0
0.457458 0.157087 1
0.463819 0.164816 0
0.473327 0.177817 0
0.480217 0.188288 0
0.486226 0.197623 0
0.491268 0.206882 0
0.500292 0.225768 0
0.505314 0.238715 0
0.505627 0.255358 0
0.50764 0.266834 0
0.510839 0.280987 0
0.515614 0.295704 0
0.520157 0.306559 0
0.525309 0.31725 0
0.532249 0.32608 0
0.538212 0.335559 0
0.544273 0.344532 0
0.550527 0.355015 0
0.556876 0.367611 0
0.560757 0.379065 0
0.572123 0.384047 0
0.575887 0.393377 0
0.57091 0.406227 0
0.582283 0.412263 0
0.592727 0.418008 0
0.59631 0.428863 0
0.59299 0.442303 0
0.596 0.452322 0
0.609591 0.456759 1
0.613814 0.471318 0
0.320382 0.683242 1
0.623695 0.489318 0
0.634827 0.494986 1
0.641712 0.504528 0
0.648776 0.514942 0
0.658814 0.524572 0
0.667755 0.53074 0
0.681728 0.542803 0
0.679406 0.553484 0
0.688256 0.561895 0
0.698706 0.574332 0
0.704921 0.584709 0
0.712469 0.595488 0
0.720849 0.607504 0
0.727763 0.617201 0
0.734069 0.625916 0
0.743016 0.638457 0
0.750034 0.647773 0
0.759044 0.659087 0
0.768669 0.671774 0
0.777705 0.682815 0
0.78698 0.691046 0
0.805141 0.703115 0
0.817552 0.709777 0
0.827541 0.715901 0
0.841835 0.728144 0
0.857264 0.746717 0
0.856528 0.764384 0
0.867321 0.76552 0
0.877095 0.760029 0
0.890158 0.763602 0
0.897765 0.773954 0
0.894397 0.78313 0
0.87847 0.783264 0
0.86756 0.790071 1
0.876848 0.798183 0
0.89382 0.80634 0
0.887221 0.816049 0
0.872219 0.820025 0
0.86478 0.826974 0
0.883396 0.835853 0
0.870161 0.845949 0
0.869402 0.856233 0
0.859032 0.863441 0
0.845568 0.860098 0
0.838274 0.867859 0
0.827715 0.873718 0
0.815109 0.870372 0
0.734577 0.827146 0
0.72322 0.823791 0
0.710828 0.822741 0
0.701544 0.818942 0
0.691964 0.814872 0
0.681851 0.808925 0
0.666815 0.799191 0
0.644429 0.783785 0
0.638125 0.779097 0
0.626334 0.769626 0
0.618666 0.763214 1
0.611622 0.756525 0
0.849107 0.607922 1
0.412597 0.824812 0
0.397738 0.824146 1
0.388292 0.821839 0
0.3781 0.82424 0
0.373583 0.812725 0
0.364388 0.809291 0
0.836119 0.544959 0
0.353418 0.776139 0
0.338462 0.782815 0
0.323768 0.79525 1
0.323168 0.775745 0
0.313677 0.781117 0
0.297487 0.758453 0
0.296195 0.743121 0
0.293402 0.737528 0
0.277228 0.743052 1
0.267587 0.733317 0
0.262571 0.724706 0
0.263771 0.710751 0
0.25922 0.704212 0
0.247724 0.700948 0
0.250793 0.686315 1
0.56563 0.199355 0
0.333011 0.482466 0
0.323622 0.478341 0
0.313713 0.474721 1
0.310628 0.464581 0
0.300043 0.459087 0
0.292492 0.45409 0
0.284863 0.442333 0
0.284772 0.421802 0
0.271259 0.427615 0
0.258362 0.429872 0
0.253203 0.423402 0
0.250785 0.407628 0
0.24824 0.39575 0
0.233444 0.40122 0
0.23173 0.387783 0
0.229934 0.365602 0
0.215636 0.361799 0
0.219627 0.35415 0
0.204862 0.349658 0
0.192734 0.340317 0
0.180069 0.341955 0
0.176801 0.334947 0
0.17527 0.318177 0
0.169726 0.308568 0
0.160067 0.309462 0
0.0906722 0.304278 0
0.0861001 0.294614 0
0.0799149 0.284156 0
0.0741291 0.274528 0
0.0649585 0.258238 0
0.0568742 0.242278 0
0.0487704 0.23512 0
0.0311918 0.240819 0
0.0289244 0.238852 0
0.0404863 0.212908 0
0.0316045 0.195482 0
0.0196697 0.194602 0
0.00416055 0.197728 0
0 0.192367 1
0.00262419 0.176487 0
0.00944564 0.164 0
0.0192154 0.165332 0
0.0333515 0.154704 0
0.0284962 0.139071 0
0.0347199 0.130574 0
0.0415794 0.127321 0
0.0503058 0.138909 0
0.0601263 0.153143 0
0.0695004 0.149404 1
0.0725889 0.136117 0
0.0837324 0.134108 0
0.0910096 0.141763 0
0.167221 0.15627 0
0.17343 0.145157 0
0.185279 0.146917 0
0.195808 0.151542 0
0.205135 0.147896 0
0.2147 0.160622 0
0.223199 0.169146 0
0.222732 0.180716 0
0.230093 0.187934 0
0.0275085 0.0794913 0
0.247397 0.184792 0
0.254427 0.186667 0
0.248172 0.204025 0
