0.468248 0.192557 0
0.448137 0.154147 0
0.441305 0.153064 0
0.43795 0.150684 0
0.429484 0.148172 0
0.42333 0.144585 0
0.419026 0.144179 1
0.409742 0.134633 0
0.399021 0.130205 0
0.391747 0.121965 0
0.377536 0.113576 0
0.372772 0.0929235 0
0.367034 0.0805057 0
0.355 0.0631481 0
0.330241 0.0564897 0
0.310605 0.0520998 0
0.295623 0.0505865 0
0.272141 0.0641225 0
0.259584 0.0653493 1
0.254838 0.0586893 0
0.234019 0.0506211 0
0.217562 0.0460458 0
0.209946 0.0369823 1
0.202842 0.0323733 0
0.191719 0.0237657 0
0.180581 0.04478 0
0.173411 0.0645324 0
0.170435 0.0779666 0
0.156579 0.105246 0
0.149504 0.113222 0
0.153007 0.128283 0
0.152212 0.138294 0
0.153831 0.151832 1
0.156751 0.161269 0
0.166415 0.169192 0
0.180362 0.179425 0
0.179503 0.195067 0
0.185933 0.199408 0
0.19041 0.219721 0
0.193439 0.233608 0
0.203741 0.241399 0
0.200733 0.253902 0
0.197099 0.271741 0
0.199171 0.307105 0
0.200274 0.342003 0
0.196563 0.360143 0
0.19934 0.37603 0
0.200068 0.376792 0
0.124959 0.525046 0
0.142929 0.523127 0
0.147765 0.52709 0
0.148387 0.529232 0
0.149458 0.533326 1
0.156168 0.543629 0
0.164812 0.553664 0
0.174015 0.56399 0
0.184646 0.573285 0
0.204197 0.583245 0
0.220406 0.587136 0
0.253725 0.579686 0
0.254215 0.595194 0
0.246186 0.622622 0
0.298988 0.604324 0
0.318897 0.614111 0
0.327197 0.628387 0
0.33529 0.661623 0
0.335524 0.666733 1
0.339824 0.672252 0
0.342372 0.678226 0
0.343823 0.683062 0
0.343843 0.685978 0
0.343292 0.689893 0
0.352693 0.690675 0
0.352867 0.696157 0
0.402547 0.67472 0
0.444208 0.637077 0
0.590758 0.72112 0
0.578619 0.747977 0
0.584312 0.743379 0
0.58121 0.760358 0
0.584909 0.764924 0
0.591316 0.764504 0
0.59442 0.768668 1
0.613898 0.774768 0
0.624552 0.77571 0
0.650142 0.771249 0
0.662527 0.79044 0
0.677239 0.801752 0
0.685251 0.821799 0
0.703044 0.830459 0
0.721207 0.834478 0
0.739561 0.837467 0
0.74915 0.832128 0
0.752895 0.82465 0
0.751442 0.823136 0
0.759539 0.807595 0
0.764427 0.792164 0
0.771762 0.780929 0
0.78324 0.776209 0
0.795501 0.765218 0
0.807622 0.752764 0
0.808009 0.736457 0
0.820358 0.728649 0
0.825936 0.722079 0
0.830674 0.708348 0
0.827173 0.693314 0
0.830689 0.67532 0
0.833126 0.665894 0
0.756389 0.680844 0
0.724239 0.660279 0
0.703593 0.653149 0
0.70765 0.630251 0
0.68723 0.633074 0
0.673905 0.605841 0
0.654465 0.593819 0
0.652731 0.575563 0
0.641535 0.556979 0
0.612597 0.550025 0
0.607431 0.53022 0
0.608431 0.51658 0
0.600845 0.503274 0
0.596101 0.49634 0
0.588993 0.484725 1
0.581512 0.473518 0
0.476255 0.779313 1
0.569318 0.449745 0
0.562725 0.434995 1
0.555694 0.429865 0
0.542598 0.425381 0
0.540109 0.418452 0
0.530793 0.406402 0
0.529897 0.395704 0
0.516135 0.389475 0
0.510921 0.376785 0
0.498865 0.375155 0
0.494784 0.385455 0
0.479606 0.350186 0
0.492416 0.330327 0
0.482629 0.317192 0
0.473486 0.307592 0
0.461917 0.296539 0
0.475896 0.20411 0
0.455857 0.201898 0
0.425214 0.202606 0
0.412021 0.193852 0
0.396596 0.185822 0
0.380733 0.18293 0
0.367175 0.17447 0
0.354647 0.16752 0
0.341623 0.166295 0
0.33417 0.15605 0
0.317679 0.150195 0
0.310974 0.141778 1
0.298581 0.133909 0
0.290075 0.132457 0
0.275611 0.12623 0
0.258272 0.119556 0
0.241786 0.112996 0
0.225742 0.107202 0
0.192572 0.0942256 0
0.142571 0.066163 0
0.126463 0.0507891 0
0.117755 0.0493874 0
0.111052 0.050843 0
0.106391 0.0547401 1
0.0968919 0.0634526 0
0.0883271 0.0762194 0
0.085058 0.0996815 0
0.0723067 0.113406 0
0.0576794 0.131473 0
0.0488007 0.138467 0
0.0438043 0.146482 0
0 0.168721 0
0.0291622 0.197724 0
0.0468931 0.223937 0
0.047773 0.237221 0
0.0534605 0.244711 0
0.0678577 0.251375 0
0.0745933 0.26402 0
0.0678774 0.287579 0
0.0655145 0.304354 0
0.0715112 0.308505 0
0.150951 0.324953 0
0.179048 0.345262 0
0.177332 0.372794 0
0.179702 0.399565 0
0.185178 0.41577 0
0.1872 0.425575 0
0.189586 0.434281 0
0.190322 0.438574 0
0.193105 0.441932 1
0.203118 0.453639 0
0.216457 0.460299 0
0.219403 0.468445 0
0.223422 0.488325 0
0.225748 0.49912 0
0.24222 0.515945 0
0.253733 0.54269 0
0.256732 0.560655 0
0.262363 0.57585 0
0.269409 0.586237 0
0.280079 0.599903 0
0.275968 0.61671 0
0.289495 0.623756 0
0.301279 0.637806 0
0.30942 0.654009 0
0.311585 0.673827 0
0.316432 0.67199 0
0.316194 0.679795 0
0.318353 0.691087 0
0.322461 0.692602 0
0.32948 0.695779 0
0.382909 0.641278 0
0.576738 0.758514 0
0.58644 0.726252 0
0.581509 0.741232 0
0.576927 0.757454 0
0.595364 0.730036 0
0.592335 0.739764 0
0.597792 0.739848 0
0.601062 0.746299 0
0.615797 0.744954 0
0.611753 0.778623 0
0.651173 0.774885 0
0.68201 0.781965 0
0.695444 0.791026 0
0.785232 0.794098 0
0.78231 0.802096 0
0.786059 0.832003 0
0.774831 0.836154 0
0.784331 0.843058 0
0.797812 0.847263 0
0.807446 0.840788 0
0.809761 0.826893 0
0.819405 0.822092 0
0.822774 0.809061 0
0.829599 0.794809 1
0.834467 0.790224 0
0.841462 0.78306 0
0.848926 0.772461 0
0.860695 0.762686 0
0.856617 0.736929 0
0.861574 0.722167 0
0.847222 0.708104 0
0.855165 0.70575 0
0.838089 0.683414 0
0.794563 0.649501 0
0.774803 0.630535 0
0.75347 0.615456 0
0.740206 0.603378 0
0.71718 0.594467 0
0.706984 0.575556 0
0.705929 0.546497 0
0.692209 0.532347 0
0.684491 0.514001 0
0.675487 0.499879 0
0.671354 0.4812 0
0.661716 0.467608 0
0.647403 0.457964 0
0.634591 0.440621 0
0.636754 0.430059 0
0.633751 0.423847 0
0.627182 0.418477 1
0.619565 0.411321 0
0.614592 0.399837 0
0.609956 0.395289 0
0.602334 0.386111 0
0.583137 0.374154 0
0.574461 0.363501 0
0.553853 0.355856 0
0.537994 0.341018 0
0.521749 0.334017 0
0.511976 0.32731 0
0.505878 0.308628 0
0.500637 0.297112 0
0.494615 0.28586 0
0.489271 0.276845 0
0.487808 0.257811 0
0.484891 0.252375 1
0.474193 0.243729 0
0.0540355 0.398805 1
0.388197 0.254875 0
0.37673 0.245472 1
0.364952 0.24384 0
0.358869 0.23204 0
0.351809 0.230677 0
0.34108 0.22228 0
0.324182 0.202759 0
0.309721 0.189232 0
0.290245 0.177484 0
0.276043 0.1617 0
0.26104 0.151389 0
0.245489 0.142119 0
0.243075 0.119443 0
0.221645 0.112388 0
0.209056 0.0892713 0
0.151942 0.0219163 0
0.110757 0 0
0.100349 0.0809109 0
0.0935959 0.0844774 0
0.0938665 0.0860211 0
0.0801554 0.0771151 0
0.0722846 0.0705384 0
0.072372 0.0852849 0
0.0543845 0.092239 0
0.0484617 0.113999 0
0.0466882 0.13162 0
0.0412603 0.147963 0
0.0324656 0.161307 1
0.0267299 0.167079 0
0.0246838 0.188371 0
0.0307837 0.208218 0
0.0335827 0.223663 0
0.0286405 0.233484 0
0.0340962 0.251898 0
0.0378936 0.262809 0
0.042772 0.276891 0
0.0563257 0.291529 0
0.0632598 0.307949 1
0.0656786 0.309393 0
0.0699492 0.302952 0
0.159404 0.338075 0
0.146871 0.38915 0
0.14709 0.433077 0
0.142808 0.442885 0
0.145488 0.446863 0
0.146827 0.451416 1
0.150724 0.464682 0
0.159331 0.476078 0
0.209053 0.494044 0
0.211694 0.504775 0
0.241204 0.514095 0
0.230362 0.523687 0
0.234253 0.546208 0
0.243248 0.563293 0
0.245866 0.578512 0
0.247326 0.600873 0
0.249144 0.615331 0
0.257456 0.62905 0
0.267363 0.634685 0
0.275609 0.642213 0
0.282111 0.65693 0
0.291912 0.659888 1
0.294378 0.664672 0
0.295478 0.664581 0
0.299117 0.671472 0
0.302407 0.688295 0
0.309315 0.71045 0
0.313518 0.717833 0
0.315036 0.730687 0
0.31857 0.750546 0
0.320007 1 0
0.411245 0.637016 0
0.58406 0.698418 0
0.592958 0.722786 0
0.584553 0.738677 0
0.593516 0.735495 0
0.597095 0.742085 0
0.603728 0.748957 0
0.612056 0.805522 0
0.638351 0.796389 0
0.655067 0.814435 0
0.677179 0.8195 0
0.682977 0.842945 0
0.689368 0.864384 0
0.706793 0.881764 0
0.711666 0.88031 1
0.720027 0.872144 0
0.729876 0.877738 0
0.74378 0.870684 0
0.754443 0.870144 1
0.754341 0.850258 0
0.754041 0.823313 0
0.766463 0.788101 0
0.78884 0.757312 0
0.796795 0.74093 0
0.80488 0.716887 0
0.818466 0.701814 0
0.824848 0.686221 0
0.820479 0.663721 0
0.828575 0.655766 0
0.839475 0.655188 0
0.839897 0.636967 1
0.843811 0.614722 0
0.855052 0.587582 0
0.806634 0.587689 0
0.806126 0.570512 0
0.796493 0.552228 0
0.788373 0.536328 1
0.783925 0.515956 0
0.77313 0.503061 0
0.78309 0.472997 0
0.75367 0.494252 0
0.454572 0.863458 0
0.728948 0.469467 0
0.720322 0.440536 0
0.7228 0.402409 0
0.704227 0.409008 0
0.670233 0.421899 0
0.674951 0.407028 0
0.654504 0.387966 0
0.647537 0.386296 0
0.66694 0.36914 1
0.653078 0.363648 0
0.638788 0.34975 0
0.617514 0.334965 0
0.615232 0.325044 0
0.609965 0.312069 0
0.602469 0.29289 1
0.579923 0.280119 0
0.567124 0.265597 0
0.556896 0.230485 0
0.548563 0.240253 0
0.536157 0.229173 0
0.521063 0.223983 0
0.50534 0.221874 0
0.498356 0.224061 1
