0.00878547 0.799086 1
0.00779149 0.807519 0
0.0063703 0.823797 0
0 0.842017 0
0.00455141 0.85996 0
0.00259794 0.874796 0
0.00483653 0.888336 1
0.00645772 0.906481 0
0.00887464 0.917502 0
0.0264709 0.922913 0
0.0380458 0.928326 0
0.0513152 0.932705 0
0.0666069 0.938024 0
0.07889 0.941615 0
0.131904 0.90509 0
0.153076 0.898212 0
0.162451 0.893824 0
0.176197 0.885728 0
0.194188 0.875193 0
0.212386 0.864322 0
0.22501 0.854822 0
0.23733 0.846228 0
0.253098 0.834633 0
0.265152 0.821582 0
0.276007 0.805916 0
0.285035 0.792097 0
0.293296 0.78293 0
0.304606 0.769841 0
0.314597 0.756653 0
0.322994 0.743822 0
0.330075 0.727077 0
0.334751 0.712525 0
0.340232 0.700294 0
0.355411 0.682709 0
0.355972 0.668117 0
0.359904 0.656522 0
0.37192 0.644013 0
0.368197 0.630001 0
0.375919 0.614966 0
0.369789 0.600139 0
0.365253 0.586965 0
0.361282 0.566223 0
0.356939 0.547025 0
0.351509 0.525017 0
0.342094 0.508406 0
0.335491 0.490681 0
0.328304 0.471278 0
0.318517 0.451941 0
0.304621 0.434313 0
0.2931 0.41684 0
0.281692 0.40106 0
0.270073 0.385672 0
0.258129 0.370603 0
0.0581934 0.341342 0
0.235973 0.293368 0
0.232955 0.275939 0
0.230358 0.263023 0
0.232136 0.245631 0
0.230351 0.227002 0
0.229755 0.208745 0
0.231474 0.195049 0
0.234012 0.173126 0
0.233617 0.159415 0
0.232891 0.143269 0
0.230653 0.128084 0
0.227169 0.107634 0
0.228169 0.0961237 0
0.243186 0.0332204 0
0.2469 0.0174238 0
0.238065 0.00879646 0
0.223871 0.0132837 0
0.21574 0 0
0.202365 0.00390921 0
0.197286 0.0214571 0
0.18608 0.0256765 0
0.177282 0.0130144 0
0.163419 0.0148573 1
0.158012 0.0302057 0
0.146944 0.0397574 0
0.135595 0.0495031 0
0.118339 0.0719914 0
0.106499 0.0856283 0
0.095767 0.100325 0
0.0876342 0.114376 0
0.0800071 0.129288 0
0.0723904 0.144992 0
0.0688118 0.159087 1
0.0669049 0.17311 0
0.0637582 0.191443 0
0.0622987 0.210234 0
0.0636103 0.23031 0
0.0688774 0.252313 0
0.0760353 0.270101 0
0.110975 0.281597 0
0.118231 0.296337 0
0.124027 0.31245 0
0.13034 0.325847 1
0.136148 0.344148 0
0.361059 0.293623 1
0.137522 0.388855 0
0.13221 0.408967 1
0.12586 0.429483 0
0.11983 0.449638 0
0.112895 0.46604 0
0.109223 0.481846 0
0.106645 0.49698 0
0.103923 0.513649 0
0.0999587 0.533511 0
0.0969261 0.55141 0
0.0945693 0.567817 0
0.0925217 0.58476 0
0.0915407 0.604769 0
0.0908049 0.624893 0
0.0890442 0.644042 0
0.0878183 0.662645 0
0.0879883 0.682294 0
0.0900959 0.700539 0
0.0917143 0.720053 0
0.093871 0.737505 0
0.0935493 0.750425 0
0.0917925 0.76671 0
0.09059 0.783741 0
0.0894571 0.80131 0
0.0903175 0.819214 0
0.0890526 0.836939 0
0.0916175 0.853238 0
0.0931925 0.868364 0
0.0374764 0.968073 0
0.0483935 0.974979 0
0.0481621 0.987101 0
0.0552862 0.99706 1
0.0699022 0.997768 0
0.0830423 1 0
0.0894769 0.986117 0
0.104238 0.988901 0
0.12283 0.991672 0
0.140178 0.991337 0
0.155785 0.988895 0
0.174762 0.982722 0
0.189272 0.975781 0
0.203295 0.968812 0
0.223594 0.956892 0
0.242629 0.942672 0
0.260634 0.927175 0
0.279743 0.910939 1
0.294098 0.898316 0
0.303889 0.888313 0
0.315947 0.874262 0
0.329913 0.856039 1
0.343777 0.847779 0
0.000445406 0.736084 1
0.375882 0.806009 0
0.384122 0.792782 1
0.393003 0.7753 0
0.407781 0.748976 0
0.415943 0.73474 0
0.42249 0.718393 0
0.428454 0.698818 0
0.435036 0.676679 0
0.436175 0.659478 0
0.433399 0.639339 1
0.429232 0.619582 0
0.403541 0.594345 0
0.397132 0.574286 0
0.39247 0.553939 0
0.388359 0.535264 0
0.382083 0.516835 0
0.371734 0.497598 0
0.364787 0.477825 0
0.358683 0.457293 0
0.354971 0.431695 0
0.354812 0.409819 0
0.346117 0.389542 0
0.337548 0.374561 0
0.331087 0.358441 0
0.325781 0.342841 0
0.320485 0.326145 0
0.315488 0.307702 0
0.313104 0.291303 0
0.312324 0.273198 0
0.310755 0.253994 0
0.308069 0.234948 0
0.304469 0.214103 0
0.299249 0.194769 0
0.294307 0.179042 0
0.290612 0.164744 0
0.286721 0.148899 0
0.28064 0.123339 0
0.274778 0.102959 1
0.268648 0.0913365 0
0.273397 0.0759892 0
0.269683 0.0634171 0
0.257588 0.061419 0
0.24748 0.0692773 0
0.236124 0.0678664 0
0.223595 0.0548973 0
0.215 0.0635124 0
0.205329 0.0720408 0
0.194008 0.0624366 0
0.184881 0.0741421 0
0.172646 0.0746114 0
0.167898 0.09284 0
0.157807 0.102045 0
0.145334 0.112317 0
0.141209 0.125817 0
0.134459 0.133958 0
0.123451 0.148876 0
0.118658 0.160273 0
0.115834 0.170319 0
0.10736 0.183206 0
0.101159 0.196966 0
0.0965368 0.216026 0
0.091091 0.227865 0
0.0912326 0.23956 0
0.101303 0.24876 0
0.0935267 0.270765 0
0.0878759 0.290516 0
0.0904253 0.304362 0
0.0967915 0.31973 0
0.103337 0.339201 0
0.107754 0.35441 1
0.111285 0.366985 0
0.106768 0.381783 0
0.10262 0.39884 0
0.0983631 0.417383 0
0.0922131 0.431383 0
0.0868872 0.442096 0
0.0788668 0.464279 0
0.0747823 0.47994 0
0.0720983 0.494268 0
0.0689949 0.508934 0
0.0660258 0.524521 0
0.0625616 0.540529 1
0.0597087 0.558915 0
0.0579371 0.576602 0
0.0566236 0.592989 0
0.0553243 0.610709 0
0.0556934 0.628523 0
0.0566277 0.644097 1
0.0576934 0.668603 0
0.0570005 0.68495 0
0.0567986 0.70213 0
0.0573796 0.718298 0
0.0567121 0.736762 0
0.054814 0.753342 0
0.053514 0.775621 0
0.0525732 0.798306 0
0.0514454 0.819108 0
0.0510654 0.839394 0
0.0525847 0.858397 0
0.0546959 0.873421 0
0.056367 0.883201 0
0.0628471 0.894131 1
0.0746157 0.901101 0
0.0838778 0.904771 0
0.0937292 0.913594 0
0.100763 0.92452 0
0.110143 0.938909 0
0.128995 0.942 0
0.142648 0.94122 0
0.153178 0.940279 0
0.165116 0.935628 0
0.179954 0.92978 0
0.191483 0.923361 0
0.203488 0.916117 0
0.218089 0.906774 0
0.233263 0.896915 0
0.249906 0.884369 0
0.264815 0.874037 0
0.274905 0.863806 0
0.292743 0.839153 0
0.305499 0.827363 0
0.321458 0.817109 0
0.332329 0.80281 0
0.342886 0.788881 1
0.352207 0.77459 0
0.363837 0.760798 0
0.374478 0.745404 0
0.380641 0.727889 0
0.385051 0.716322 0
0.391511 0.700575 0
0.401945 0.68617 0
0.405973 0.673425 0
0.404547 0.655846 0
0.404953 0.637507 0
0.406503 0.61949 0
0.421883 0.595383 0
0.42205 0.573701 0
0.418957 0.552203 0
0.41616 0.527972 0
0.4144 0.510083 1
0.388553 0.489663 0
0.384143 0.472758 0
0.383491 0.449463 0
0.38271 0.430745 1
0.336225 0.421903 0
0.32689 0.410205 0
0.0576333 0.387454 0
0.305679 0.37648 0
0.29057 0.354837 0
0.281931 0.34068 0
0.275667 0.326913 0
0.27257 0.30122 0
0.271121 0.281694 0
0.269804 0.265374 0
0.266268 0.248708 0
0.265652 0.228225 0
0.264271 0.217227 0
0.262147 0.203797 0
