0.60393 0.225228 0
0.639409 0.242522 0
0.681826 0.265438 1
0.706056 0.284939 0
0.724407 0.309017 0
0.740397 0.331831 0
0.762851 0.340868 0
0.824682 0.365885 0
0.863468 0.389825 0
0.892279 0.407331 0
0.889714 0.440068 0
0.896574 0.477763 0
0.890787 0.507332 0
0.863222 0.537948 0
0.892519 0.570172 0
0.883341 0.615823 0
0.871536 0.660416 0
0.867752 0.697703 0
0.864691 0.722686 0
0.870214 0.76993 0
0.847837 0.823084 0
0.810178 0.829946 0
0.820928 0.897586 0
0.786886 0.938923 0
0.749719 0.93887 0
0.708649 0.949802 0
0.665719 0.962374 0
0.631987 0.972489 0
0.606252 0.976039 0
0.560333 0.956629 0
0.530426 0.940576 0
0.503219 0.913417 0
0.490055 0.901229 0
0.476698 0.895357 0
0.478216 0.89444 0
0.46794 0.886502 0
0.457569 0.87446 0
0.425562 0.840796 0
0.385864 0.792361 0
0.352181 0.771232 0
0.321053 0.747782 0
0.299297 0.718758 0
0.254782 0.689726 0
0.210067 0.67318 0
0.185272 0.634213 0
0.144497 0.630524 0
0.123391 0.603658 0
0.0828946 0.582591 0
0.0690203 0.53997 0
0.046545 0.431162 0
0.0442376 0.421687 0
0.0203186 0.409682 0
0.0111198 0.399271 0
0.00306995 0.382429 0
0 0.361408 0
5.46224e-05 0.340515 0
0.000616816 0.32537 0
0.00954751 0.296975 0
0.00848214 0.291922 1
0.017841 0.278351 0
0.0137893 0.257742 0
0.0298332 0.240636 0
0.0346065 0.223863 0
0.0478594 0.200856 0
0.0561412 0.182101 0
0.0543364 0.142536 0
0.0750955 0.112173 1
0.0780716 0.0737292 0
0.0755159 0.036656 0
0.0968994 0.0234649 0
0.109776 0.0174871 1
0.129239 0.00444363 0
0.153492 0 0
0.178756 0.0178986 0
0.190949 0.0476348 1
0.199097 0.0506655 0
0.206177 0.0563276 0
0.217834 0.0615665 0
0.232838 0.0639719 0
0.256496 0.066183 0
0.300758 0.0738658 0
0.316637 0.0901839 0
0.349856 0.0865909 0
0.373065 0.107428 0
0.426803 0.0960789 0
0.456809 0.117189 0
0.493767 0.12767 0
0.516162 0.143354 0
0.557093 0.146834 0
0.601251 0.159913 0
0.607133 0.187844 0
0.624152 0.216002 0
0.6459 0.258888 0
0.760565 0.271185 0
0.730739 0.322836 0
0.752156 0.359728 0
0.778861 0.382366 0
0.766369 0.413103 0
0.782421 0.46066 0
0.832372 0.478725 0
0.838796 0.504256 0
0.866126 0.526855 0
0.874889 0.546698 0
0.880259 0.578528 0
0.881779 0.596104 1
0.886695 0.629712 0
0.884675 0.658926 0
0.866524 0.687146 0
0.881418 0.742046 0
0.857036 0.759057 0
0.846903 0.793554 0
0.851522 0.851318 0
0.832513 0.888644 1
0.802644 0.911483 0
0.780956 0.951805 0
0.752837 0.972701 0
0.725305 1 0
0.665609 0.992577 0
0.63105 0.992104 0
0.595259 0.961492 0
0.544526 0.957811 0
0.529068 0.932074 0
0.5105 0.918082 0
0.483044 0.910154 0
0.475797 0.893164 1
0.43711 0.875007 0
0.406101 0.865743 0
0.377215 0.857713 0
0.346619 0.820257 0
0.313068 0.81276 0
0.282308 0.795815 0
0.254765 0.762709 0
0.235088 0.740935 0
0.204179 0.692224 0
0.166241 0.657577 1
0.147157 0.63793 0
0.109512 0.62117 0
0.0730383 0.59922 0
0.0636529 0.565348 0
0.0344684 0.558625 0
0.0198276 0.53585 0
0.0089061 0.522943 0
0.00746369 0.491885 1
