0.860722 0.317492 1
0.86768 0.336312 0
0.866639 0.368563 0
0.869003 0.390316 0
0.868842 0.424022 0
0.885311 0.443344 0
0.899472 0.4513 0
0.916962 0.461744 0
0.922601 0.461649 1
0.921096 0.474624 0
0.924812 0.484578 0
0.923612 0.494414 0
0.921205 0.510291 0
0.924205 0.521712 0
0.9154 0.546498 0
0.92327 0.566366 0
0.920344 0.58194 0
0.910295 0.595745 0
0.90168 0.614144 0
0.883057 0.622064 0
0.860722 0.6515 0
0.852819 0.674016 0
0.835001 0.700901 0
0.81551 0.724923 0
0.790595 0.742087 0
0.771007 0.754485 0
0.758946 0.771601 0
0.733541 0.783577 0
0.718393 0.797276 0
0.698376 0.797074 0
0.681181 0.817319 0
0.656675 0.823166 0
0.643951 0.830221 0
0.626919 0.839634 0
0.610865 0.85226 0
0.599787 0.855461 0
0.575714 0.877765 0
0.558567 0.896353 0
0.54264 0.900631 0
0.526681 0.898071 0
0.5089 0.896403 0
0.480738 0.890937 0
0.450112 0.895437 0
0.421143 0.888892 0
0.402715 0.887852 0
0.371907 0.886245 0
0.35305 0.894894 1
0.355713 0.871555 0
0.321618 0.834223 0
0.27222 0.840617 0
0.251445 0.839445 0
0.226179 0.841615 0
0.205521 0.826952 0
0.188506 0.815311 1
0.168763 0.827476 0
0.129398 0.834533 0
0.111369 0.826065 0
0.0906162 0.787973 0
0.103254 0.727023 0
0.0860251 0.723561 0
0.0812653 0.68687 0
0.0729382 0.654553 0
0.0590461 0.641749 0
0.044726 0.622102 0
0.0347491 0.599561 0
0.0163295 0.587797 0
0.00922057 0.561413 0
0 0.522569 0
0.0497795 0.462765 0
0.0347565 0.462578 0
0.0350388 0.454127 0
0.0252875 0.454825 0
0.0244769 0.448603 0
0.030453 0.441933 0
0.0276305 0.438116 0
0.0227718 0.432681 0
0.0215277 0.420077 0
0.0269729 0.414671 1
0.0305202 0.406285 0
0.0254614 0.386574 0
0.0531087 0.322634 0
0.0776326 0.29007 0
0.0965207 0.26211 0
0.114593 0.244662 0
0.130526 0.225237 0
0.145534 0.207324 0
0.156879 0.189558 0
0.171286 0.169969 0
0.185621 0.160201 0
0.203343 0.13952 0
0.224162 0.141184 0
0.246927 0.136737 0
0.272364 0.136571 0
0.283911 0.118723 0
0.306321 0.122687 0
0.308891 0.100188 0
0.329163 0.0816283 0
0.361284 0.054281 0
0.396537 0.0144759 0
0.417924 0.00212786 0
0.453484 0.00813116 0
0.472807 0 0
0.501081 0.00130211 0
0.518926 0.00751381 0
0.536668 0.0205033 0
0.560535 0.0329385 0
0.578614 0.0410346 0
0.605437 0.0349995 0
0.635482 0.0318304 0
0.647585 0.0432115 0
0.672808 0.0698017 0
0.696975 0.0854676 0
0.72199 0.08238 0
0.740505 0.103044 0
0.757054 0.129807 0
0.768388 0.157971 0
0.785304 0.181425 0
0.800039 0.218473 0
0.816705 0.23444 0
0.827769 0.244152 0
0.843187 0.257039 1
0.856954 0.250905 0
0.879854 0.244032 0
0.891572 0.245705 0
0.921059 0.356594 0
0.93216 0.375529 0
0.935308 0.401008 0
0.940577 0.419813 0
0.938542 0.436157 0
0.936982 0.449611 0
0.938295 0.450887 0
0.940207 0.45242 0
0.940619 0.454819 1
0.958037 0.457597 0
0.963028 0.47136 0
0.977348 0.491719 0
0.984464 0.509981 0
0.98978 0.545587 0
0.985475 0.570538 0
1 0.578233 0
0.98763 0.609793 0
0.95774 0.633488 0
0.947345 0.666129 0
0.922449 0.703337 0
0.894087 0.708237 0
0.866192 0.725956 0
0.853734 0.749878 0
0.836006 0.770439 0
0.80901 0.795967 0
0.794254 0.810033 0
0.778904 0.827461 0
0.756394 0.85231 0
0.735407 0.870354 0
0.710038 0.872445 0
0.686716 0.886737 0
0.666104 0.895313 0
0.643834 0.894581 0
0.630087 0.92679 0
0.615284 0.930206 0
0.592638 0.936662 0
0.576127 0.933294 0
0.551361 0.923657 0
0.529647 0.917857 0
0.495206 0.919243 0
0.478182 0.903189 0
0.442403 0.921881 0
0.414017 0.931136 0
0.388304 0.921643 0
0.369952 0.91572 0
0.349898 0.838262 0
0.333422 0.837582 0
0.312856 0.819893 0
0.288352 0.801882 0
0.264984 0.775777 0
0.247391 0.767674 0
0.226144 0.774198 0
0.201333 0.769366 0
0.183557 0.776321 1
0.177582 0.75614 0
0.175778 0.740936 0
0.157178 0.722461 0
0.151546 0.699737 0
0.13621 0.690046 0
0.124216 0.660161 0
0.128916 0.622534 0
0.11736 0.598414 0
0.103252 0.578467 0
0.0910012 0.553821 0
0.0657654 0.544921 0
0.0583255 0.534736 0
0.0565495 0.52384 0
0.052766 0.517679 1
0.0502263 0.514808 0
0.0487818 0.511826 0
0.0447626 0.506464 0
0.0320397 0.509754 0
0.0328792 0.495368 0
0.0371641 0.487613 0
0.0423321 0.478992 0
0.0479599 0.474475 0
0.053308 0.456624 0
0.0817256 0.390606 0
0.0989693 0.348398 0
0.11581 0.322302 0
0.120727 0.293039 0
0.127457 0.264643 0
0.146467 0.25712 0
0.16368 0.24027 0
0.173918 0.217712 0
0.186989 0.200897 0
0.197787 0.178166 0
0.21879 0.166039 0
0.230942 0.156264 0
0.241832 0.134001 0
0.25033 0.122146 0
0.273689 0.112878 0
0.290799 0.108333 0
0.302305 0.102904 0
0.319505 0.101189 1
0.346619 0.0922093 0
0.371697 0.077843 0
0.382289 0.08659 0
0.401016 0.0761048 0
0.426576 0.0590966 0
0.456536 0.0616852 0
0.468655 0.0784003 0
0.48626 0.0717146 0
0.517415 0.0376602 0
0.542751 0.041997 0
0.556015 0.0635055 0
0.575897 0.0746009 0
0.593376 0.0863059 0
0.61074 0.101969 0
0.630315 0.100553 1
0.650829 0.111047 0
0.670557 0.119756 0
0.674826 0.142412 0
0.705933 0.153084 0
0.728189 0.163906 0
0.752181 0.1728 0
0.76095 0.198338 0
0.771092 0.232158 0
0.783085 0.257921 0
0.804557 0.269356 0
0.815165 0.278486 0
0.839853 0.281326 0
0.865607 0.272843 0
0.876749 0.364365 0
0.891467 0.377868 0
0.90965 0.389972 0
0.915408 0.397254 0
0.919907 0.402464 0
0.926829 0.4092 0
0.928905 0.413391 0
0.929841 0.41312 0
0.931951 0.415189 0
0.960476 0.500437 0
0.944174 0.527035 0
0.936647 0.539273 0
0.935667 0.556492 0
0.934133 0.575221 0
0.936251 0.594113 0
0.92904 0.607787 0
0.922571 0.616217 0
0.913768 0.629446 0
0.906865 0.644435 0
0.895347 0.655884 1
0.878809 0.681806 0
0.864832 0.695349 0
0.856396 0.73168 0
0.81477 0.735419 0
0.796441 0.759135 0
0.780522 0.778489 0
0.775209 0.806228 0
0.75381 0.827049 0
0.733299 0.845191 0
0.717269 0.854933 0
0.693159 0.864948 0
0.671304 0.889713 0
0.659948 0.894549 0
0.644208 0.910706 1
0.628932 0.924627 0
0.612442 0.926954 0
0.591645 0.93136 0
0.577531 0.923142 0
0.551328 0.94453 0
0.530745 0.933883 0
0.505582 0.921159 0
0.473497 0.954353 0
0.43695 0.973626 0
0.39565 0.966709 0
0.394465 0.914301 0
0.368158 0.932167 0
0.342838 0.904697 0
0.338681 0.899294 1
0.330849 0.873356 0
0.305827 0.858416 0
0.285518 0.831204 0
0.271322 0.838352 0
0.260666 0.887751 0
0.240717 0.818405 0
0.215434 0.793981 0
0.147152 0.788556 0
0.127635 0.781502 0
0.117579 0.752502 0
0.110658 0.729241 0
0.0821032 0.719165 0
0.0738686 0.706828 0
0.0665414 0.685857 1
