0.424656 0.777767 1
0.422218 0.78051 0
0.423007 0.78895 0
0.427607 0.793316 0
0.42637 0.800208 0
0.428877 0.807458 0
0.455768 0.789681 0
0.434062 0.817173 0
0.435715 0.820805 0
0.452265 0.815527 0
0.461249 0.814058 0
0.470264 0.810059 0
0.480873 0.80537 0
0.49001 0.804912 0
0.500704 0.792475 0
0.498679 0.817398 0
0.500696 0.827472 0
0.508674 0.831628 0
0.512005 0.845675 0
0.527706 0.839885 0
0.523377 0.866249 0
0.52849 0.891067 0
0.546949 0.901039 0
0.563055 0.917045 0
0.57037 0.925411 0
0.574317 0.930742 0
0.584033 0.933485 0
0.588802 0.935926 0
0.594673 0.936935 0
0.596489 0.940441 0
0.605015 0.943189 0
0.603468 0.942076 0
0.607608 0.943436 0
0.612331 0.946376 0
0.61169 0.945512 0
0.612238 0.945828 0
0.612317 0.945937 0
0.612331 0.945925 0
0.612332 0.945925 0
0.612332 0.945925 0
0.612332 0.945925 0
0.612332 0.945925 0
0.612332 0.945925 0
0.612332 0.945925 0
0.612332 0.945925 0
0.612332 0.945925 0
0.612332 0.945925 0
0.612332 0.945925 0
0.612332 0.945925 0
0.612332 0.945925 0
0.612332 0.945925 0
0.612332 0.945925 0
0.612332 0.945925 0
0.612332 0.945925 0
0.612332 0.945925 0
0.612332 0.945925 0
0.612332 0.945925 0
0.612332 0.945925 0
0.612332 0.945925 0
0.612339 0.945923 0
0.612371 0.945902 0
0.612497 0.945998 0
0.613055 0.946192 0
0.614145 0.946299 0
0.612332 0.945925 1
0.610806 0.958196 0
0.608881 0.96646 0
0.60912 0.969508 0
0.606212 0.973265 0
0.604802 0.986966 0
0.601253 0.990534 0
0.600471 0.993106 0
0.598449 0.996935 0
0.597479 1 0
0.596337 0.99967 0
0.599991 0.986872 0
0.60706 0.972882 0
0.607607 0.963202 0
0.609556 0.955187 0
0.611608 0.948397 0
0.612061 0.946086 0
0.612326 0.945979 0
0.61233 0.945931 0
0.612332 0.945926 0
0.612333 0.94593 0
0.612296 0.945954 0
0.612117 0.945885 0
0.609815 0.945037 0
0.608175 0.945172 0
0.606114 0.94456 0
0.60353 0.947307 0
0.604421 0.946807 0
0.60685 0.943977 0
0.611998 0.946075 0
0.606354 0.944139 0
0.608097 0.940228 0
0.601986 0.948418 0
0.605669 0.942909 0
0.611501 0.937502 0
0.616838 0.927848 0
0.628057 0.910883 0
0.623228 0.9029 0
0.705604 0.91392 0
0.715561 0.435007 0
0.724601 0.446577 0
0.731406 0.44447 0
0.733228 0.442886 0
0.736913 0.443875 0
0.740766 0.442109 0
0.741686 0.440358 0
0.745007 0.443078 0
0.748501 0.445253 0
0.754771 0.438205 0
0.760144 0.440559 0
0.761994 0.439849 0
0.763188 0.438776 0
0.767008 0.437059 0
0.768532 0.436294 0
0.771234 0.43566 0
0.772736 0.434837 0
0.775141 0.435067 0
0.776493 0.433985 0
0.777986 0.43142 0
0.780778 0.431382 0
0.782433 0.429464 1
0.793131 0.418033 0
0.809006 0.421054 0
0.814344 0.410147 0
0.821244 0.400325 0
0.856345 0.384036 0
0.867292 0.362379 0
0.878679 0.353811 0
0.8807 0.331164 0
0.889783 0.318642 0
0.879567 0.296973 0
0.878151 0.282394 0
0.872625 0.265767 0
0.854835 0.245379 0
0.839363 0.234551 0
0.828232 0.221629 0
0.818391 0.201921 0
0.812739 0.193862 0
0.803544 0.184324 0
0.790351 0.178264 0
0.779409 0.172882 0
0.769112 0.167877 0
0.754981 0.162621 0
0.74423 0.156895 0
0.739758 0.150696 0
0.727918 0.142334 0
0.725523 0.130855 0
0.721976 0.121659 0
0.715495 0.112565 0
0.710339 0.103925 0
0.704506 0.0956952 0
0.698306 0.0907384 1
0.697994 0.0860877 0
0.694332 0.082604 0
0.69395 0.076967 0
0.689284 0.0708136 0
0.690953 0.0613927 0
0.693036 0.0519887 0
0.691024 0.0436624 0
0.692532 0.0345383 0
0.697379 0.022577 0
0.692314 0.0170153 0
0.693828 0.00900404 0
0.679661 0.00979278 0
0.680843 0 0
0.668066 0.000531765 0
0.654884 0.00791999 0
0.645175 0.0108253 0
0.635592 0.015349 0
0.634816 0.00694238 0
0.624226 0.0159602 0
0.62067 0.0144015 0
0.615051 0.0159555 0
0.60933 0.0151081 0
0.604431 0.0165119 0
0.599821 0.015162 0
0.594189 0.0159569 0
0.585188 0.0206088 0
0.578944 0.0218279 0
0.573153 0.0226967 0
0.564521 0.024145 0
0.559253 0.026716 0
0.550199 0.0259183 0
0.549172 0.0150482 0
0.5437 0.0128634 0
0.539329 0.00662411 0
0.533386 0.00772616 0
0.526568 0.0085865 0
0.518478 0.0136232 0
0.513789 0.0116958 0
0.506991 0.0100988 0
0.501721 0.0128828 0
0.496747 0.0102521 0
0.492544 0.010114 1
0.487871 0.00886539 0
0.487006 0.00982761 0
0.486394 0.0122444 0
0.483809 0.0122277 0
0.481262 0.0156151 0
0.478689 0.0208919 0
0.476327 0.024841 0
0.474016 0.0258914 0
0.470787 0.0343629 0
0.467391 0.0456176 0
0.458049 0.0544342 0
0.452872 0.0709619 0
0.44336 0.0778031 0
0.439754 0.0852603 0
0.437325 0.0948462 0
0.432472 0.103362 0
0.429548 0.111031 0
0.427005 0.122776 0
0.423434 0.133612 0
0.420037 0.141567 0
0.414613 0.145248 0
0.416439 0.161272 0
0.417083 0.176225 0
0.416721 0.18515 0
0.41682 0.19531 0
0.415385 0.198758 0
0.416924 0.205656 0
0.417059 0.210922 0
0.41547 0.215185 1
0.417723 0.216812 0
0.422848 0.216958 0
0.421193 0.219447 0
0.425219 0.222381 0
0.42569 0.226634 0
0.425107 0.228629 0
0.425984 0.229483 0
0.427535 0.233097 0
0.429897 0.237626 0
0.432576 0.241373 0
0.432447 0.24348 0
0.437747 0.24899 0
0.445906 0.254421 0
0.444105 0.255026 0
0.441114 0.253802 0
0.438827 0.243853 0
0.422748 0.484983 0
0.41968 0.468863 0
0.418013 0.470456 0
0.418186 0.4705 0
0.418184 0.47049 0
0.418183 0.470492 0
0.418183 0.470492 0
0.418183 0.470492 0
0.418183 0.470492 0
0.418183 0.470492 1
0.420339 0.481178 1
0.422598 0.495035 1
0.423308 0.496951 0
0.423068 0.500912 0
0.42591 0.504961 0
0.424858 0.50884 0
0.427434 0.512076 0
0.429612 0.514727 0
0.435053 0.516162 0
0.438707 0.515723 0
0.440609 0.516331 0
0.442281 0.521054 0
0.445726 0.520412 0
0.448689 0.522115 0
0.453185 0.519604 0
0.456476 0.516634 0
0.459441 0.517866 0
0.461951 0.519704 0
0.465109 0.516564 0
0.468778 0.516245 0
0.470134 0.516925 0
0.471892 0.515374 0
0.474757 0.508634 0
0.476954 0.509876 0
0.477683 0.507074 0
0.479835 0.506113 0
0.482047 0.503038 0
0.483549 0.499738 0
0.485793 0.499512 0
0.487167 0.49781 0
0.489061 0.495786 0
0.489186 0.496172 0
0.490945 0.495479 0
0.493196 0.494799 0
0.493554 0.495082 0
0.495145 0.494764 0
0.49617 0.493176 1
0.495491 0.492576 0
0.497376 0.49405 0
0.497542 0.493223 0
0.497628 0.493964 0
0.496429 0.493103 0
0.497162 0.501117 0
0.42406 0.491512 0
0.422483 0.494524 0
0.422545 0.49472 1
0.42276 0.493565 0
0.422084 0.489953 0
0.349198 0.521209 0
0.336198 0.507156 0
0.32741 0.494403 0
0.323709 0.493355 0
0.322874 0.492973 0
0.322824 0.493237 0
0.322738 0.493333 0
0.322587 0.493373 0
0.322611 0.493649 0
0.32273 0.493845 0
0.322456 0.493961 1
0.317774 0.496835 0
0.31543 0.499423 0
0.312824 0.499509 0
0.303947 0.501953 0
0.299954 0.501329 0
0.294366 0.501012 0
0.28306 0.50003 0
0.281332 0.499729 0
0.274773 0.495696 0
0.269031 0.49295 1
0.265487 0.498266 0
0.262363 0.498687 0
0.254649 0.504956 0
0.251278 0.505699 0
0.242928 0.511752 0
0.241377 0.510537 0
0.236547 0.512452 0
0.232817 0.512233 0
0.229588 0.512012 0
0.223383 0.512368 0
0.222688 0.50867 0
0.220186 0.508358 0
0.215895 0.505733 0
0.210772 0.503146 0
0.198252 0.499389 0
0.194191 0.495494 0
0.185742 0.489578 1
0.183688 0.491437 0
0.183947 0.48991 0
0.174601 0.50121 0
0.17757 0.494502 0
0.175345 0.494882 0
0.168885 0.500969 0
0.167835 0.497763 0
0.159619 0.502452 0
0.153374 0.504991 0
0.147956 0.50566 0
0.145115 0.504288 0
0.136941 0.504297 0
0.131792 0.503394 0
0.126945 0.503837 0
0.120061 0.50211 0
0.114989 0.500699 0
0.111313 0.501899 0
0.102729 0.499245 0
0.0988762 0.500458 0
0.0959116 0.501788 0
0.0886058 0.497149 0
0.0875095 0.499165 0
0.0844037 0.497385 0
0.0775973 0.493885 0
0.0659993 0.493866 0
0.06004 0.486948 0
0.056736 0.481182 1
0.054713 0.483761 0
0.0487476 0.486238 0
0.0461228 0.486369 0
0.0445281 0.480765 1
0.0425912 0.483821 0
0.0338242 0.487602 0
0.030863 0.484284 0
0.0287126 0.483428 0
0.0250267 0.481776 0
0.0234633 0.480718 1
0.0160748 0.479505 0
0.00400983 0.479754 0
0.00297609 0.479751 0
0.00432761 0.479133 0
0 0.478855 0
0.000776209 0.478359 0
0.0094109 0.477515 0
0.0115388 0.476967 0
0.0206222 0.476296 0
0.0245038 0.47657 0
0.0272475 0.477897 0
0.0308968 0.480026 0
0.0325959 0.480634 0
0.033449 0.480828 0
0.0344115 0.481099 0
0.0343283 0.480908 0
0.0364706 0.481948 0
0.0364929 0.48179 0
0.0368122 0.481912 0
0.046136 0.480203 1
0.0441674 0.480222 1
0.0543021 0.476807 0
0.0573045 0.480021 1
0.0609261 0.478728 0
0.0619671 0.483903 0
0.0710744 0.486878 0
0.0771888 0.487858 0
0.0750314 0.487105 0
0.0852128 0.488757 0
0.0883462 0.489728 0
0.0979807 0.487384 0
0.100904 0.488483 0
0.108075 0.488017 0
0.119389 0.485049 0
0.120987 0.485702 0
0.135132 0.481818 0
0.141357 0.478759 0
0.157139 0.473858 0
0.163194 0.472843 0
0.168359 0.472341 0
0.179502 0.478169 1
0.176914 0.47816 0
0.185832 0.469131 0
0.196432 0.462901 0
0.196758 0.460176 0
0.207833 0.457292 0
0.220954 0.45635 0
0.226098 0.457078 0
0.244363 0.465505 0
0.248198 0.467835 0
0.264582 0.477131 1
0.270597 0.471327 0
0.312884 0.448555 0
0.314313 0.455706 0
0.318529 0.457706 0
0.32666 0.4645 0
0.334243 0.476356 1
0.340593 0.474227 0
0.341336 0.473999 0
0.348069 0.473425 0
0.348205 0.472568 0
0.349642 0.470046 0
0.403774 0.472259 0
0.413538 0.475664 0
0.413135 0.475534 1
0.425637 0.475409 1
0.425227 0.475353 0
0.435001 0.470909 0
0.48894 0.457787 0
0.48975 0.461308 0
0.49328 0.464257 0
0.497004 0.468524 0
0.500049 0.472123 0
0.50185 0.474659 1
0.501943 0.473838 0
0.502192 0.473006 0
0.502685 0.472947 0
0.503325 0.47072 0
0.505264 0.470055 0
0.505489 0.467254 0
0.508139 0.466009 0
0.50857 0.464242 0
0.511546 0.459272 0
0.513675 0.456313 0
0.517535 0.45264 0
0.516768 0.459128 0
0.521683 0.451856 0
0.519081 0.462613 0
0.523472 0.46172 0
0.526271 0.462389 0
0.526417 0.454664 0
0.526229 0.454604 0
0.530023 0.456649 0
0.531248 0.456577 0
0.534477 0.456178 0
0.536775 0.45572 0
0.540556 0.455306 0
0.545707 0.447617 0
0.54557 0.455511 0
0.548513 0.447153 0
0.549554 0.45197 0
0.550787 0.4511 0
0.553787 0.453163 0
0.553994 0.455703 0
0.55568 0.452546 0
0.553386 0.454565 0
0.555523 0.454213 0
0.561102 0.458405 0
0.56382 0.454213 0
0.563067 0.454517 0
0.561773 0.457072 0
0.570432 0.456368 0
0.56736 0.457808 0
0.570403 0.464985 0
0.57315 0.471886 0
0.571292 0.469253 0
0.570223 0.460082 0
0.572237 0.462311 0
0.568371 0.459511 0
0.566928 0.459739 0
0.569508 0.459198 0
0.574963 0.465629 0
0.569397 0.462644 0
0.574798 0.46103 0
0.572098 0.463944 0
0.567683 0.460142 0
0.581934 0.46777 0
0.581518 0.465174 0
0.579782 0.465594 0
0.582023 0.466691 0
0.579917 0.468444 0
0.577162 0.46781 0
0.574943 0.46796 0
0.579635 0.47129 0
0.57665 0.46915 0
0.579993 0.466268 0
0.576786 0.465236 0
0.577399 0.465581 0
0.579168 0.467872 0
0.583724 0.473425 0
0.579535 0.469575 0
0.583534 0.474511 0
0.576711 0.467082 0
0.579642 0.46925 0
0.578818 0.46757 0
0.582925 0.471968 0
0.581246 0.470302 0
0.580675 0.471984 0
0.583123 0.474303 0
0.582988 0.475166 0
0.583798 0.472908 0
0.58303 0.475443 0
0.583679 0.474744 0
0.582252 0.474525 0
0.581495 0.472888 0
0.582938 0.472942 0
0.5822 0.471824 0
0.581311 0.471134 0
0.582512 0.471954 0
0.583378 0.472214 0
0.583745 0.473782 0
0.583809 0.473874 0
0.583809 0.473874 0
0.583809 0.473874 1
