0.0752504 0.58639 1
0.0635656 0.606683 0
0.0562366 0.626019 0
0.0931823 0.655263 0
0.109174 0.662564 0
0.149216 0.681938 0
0.154164 0.70199 0
0.186173 0.707233 0
0.196212 0.727317 0
0.202068 0.749861 0
0.222952 0.771304 0
0.342699 0.789669 0
0.371379 0.818563 0
0.382496 0.831083 0
0.421745 0.853197 0
0.434369 0.869778 0
0.420154 0.881939 0
0.415981 0.893305 0
0.426533 0.898282 0
0.442611 0.896882 0
0.448092 0.895352 0
0.451834 0.899884 0
0.467384 0.901612 0
0.472429 0.899693 0
0.495909 0.901928 1
0.495124 0.90253 0
0.509513 0.894646 0
0.523284 0.872065 0
0.593685 0.900073 1
0.619474 0.897886 1
0.631119 0.894349 0
0.64251 0.881048 0
0.655717 0.876469 0
0.666617 0.86842 0
0.679411 0.858829 0
0.688236 0.852073 0
0.697489 0.841754 0
0.696804 0.827772 0
0.822872 0.835222 0
0.867976 0.822959 0
0.884631 0.809087 0
0.911332 0.79497 0
0.907909 0.774596 0
0.908298 0.754817 0
0.894419 0.740714 0
0.905 0.723846 0
0.942335 0.718831 0
0.950182 0.710646 0
0.961835 0.689465 0
0.981921 0.667481 0
0.988316 0.646284 0
0.993388 0.62382 0
0.998677 0.60258 0
1 0.571838 0
0.997137 0.544103 0
0.995074 0.523432 0
0.99434 0.501792 0
0.978579 0.475974 0
0.971229 0.451241 0
0.9547 0.424529 0
0.954749 0.39832 0
0.949677 0.380469 1
0.940141 0.353657 0
0.940485 0.340161 0
0.917851 0.319574 0
0.890475 0.299481 0
0.864714 0.276374 0
0.864739 0.255905 0
0.849609 0.235596 0
0.83066 0.213172 0
0.799316 0.188999 0
0.763303 0.172748 0
0.72394 0.155014 0
0.718683 0.139349 0
0.696622 0.110408 0
0.683979 0.0935533 0
0.669929 0.079297 0
0.667097 0.0673223 0
0.667709 0.0617285 0
0.668207 0.0576159 0
0.663015 0.0550482 0
0.660795 0.0543592 0
0.659018 0.0551205 1
0.631929 0.0495997 0
0.625729 0.0550737 0
0.602193 0.0464748 0
0.577031 0.0468096 0
0.561621 0.0490282 0
0.549024 0.0523282 0
0.497836 0.0435307 0
0.460997 0.0454452 0
0.42673 0.0524196 0
0.395481 0.0620145 0
0.368439 0.0712448 0
0.33422 0.0821566 0
0.303357 0.0932842 0
0.211727 0.113157 0
0.214561 0.120586 0
0.207384 0.131644 0
0.190123 0.149007 0
0.168683 0.148153 0
0.155947 0.175195 0
0.1469 0.190343 0
0.131805 0.205218 1
0.104168 0.221487 0
0.089134 0.239741 0
0.0762532 0.258432 0
0.0652671 0.277377 0
0.0538611 0.296747 0
0.0551347 0.32257 0
0.0668679 0.363273 0
0.0516994 0.386501 0
0.0329339 0.409809 0
0.0304199 0.434429 0
0.0303965 0.454362 0
0.0321319 0.476131 0
0.0352304 0.499466 0
0.0265402 0.520564 0
0 0.528784 0
0.0108396 0.557886 0
0.026256 0.589891 0
0.0597884 0.624427 0
0.0842278 0.632981 0
0.0974141 0.656377 0
0.128927 0.677553 0
0.154254 0.684933 0
0.172069 0.704102 0
0.193725 0.725127 0
0.217558 0.74804 0
0.240507 0.770681 0
0.256552 0.789744 0
0.262683 0.803877 0
0.280745 0.818604 1
0.300368 0.833883 0
0.30803 0.851103 0
0.330571 0.873925 0
0.353034 0.876876 0
0.359203 0.88732 0
0.364322 0.898391 0
0.369493 0.903869 0
0.37566 0.905132 0
0.390029 0.903186 0
0.396103 0.900936 0
0.390825 0.897399 0
0.531933 0.917679 0
0.548006 0.907142 0
0.561542 0.889276 0
0.571747 0.888643 0
0.611351 0.899382 0
0.680145 0.906505 0
0.688462 0.882511 0
0.692291 0.871995 0
0.696338 0.864215 0
0.718571 0.870012 0
0.733285 0.857131 0
0.757075 0.856808 0
0.762922 0.84268 0
0.799623 0.82908 0
0.833606 0.817881 0
0.864558 0.806057 0
0.893425 0.793787 0
0.899665 0.774859 0
0.89054 0.759354 0
0.914538 0.744816 0
0.935683 0.733364 0
0.919245 0.708197 0
0.936661 0.698259 0
0.920972 0.670993 0
0.932861 0.653889 0
0.954749 0.633422 0
0.960041 0.613652 0
0.961642 0.587868 0
0.984779 0.561965 0
0.988839 0.541662 0
0.972638 0.523289 0
0.956916 0.500385 0
0.964788 0.483683 0
0.960646 0.451478 0
0.96731 0.43659 0
0.933213 0.407288 0
0.925472 0.379671 0
0.908088 0.366636 0
0.916607 0.351408 0
0.92341 0.333562 0
0.921195 0.304755 0
0.894905 0.289149 0
0.861065 0.254459 0
0.815817 0.244417 0
0.787248 0.215433 0
0.757488 0.19987 0
0.727358 0.173639 0
0.719003 0.151201 0
0.714658 0.136214 0
0.689526 0.10972 0
0.69345 0.106018 0
0.724583 0.085886 0
0.699358 0.0596552 0
0.703826 0.0517293 0
0.688962 0.0431744 1
0.6899 0.0390098 0
0.687916 0.0356296 0
0.685822 0.0315167 0
0.685374 0.0253488 0
0.683643 0.0154926 0
0.669665 0.0111743 0
0.657977 0 0
0.624318 0.0200187 0
0.595788 0.0252776 0
0.579689 0.0371918 0
0.559195 0.0483981 0
0.530579 0.0751324 0
0.468314 0.0574731 0
0.435319 0.0641172 0
0.405711 0.0715445 0
0.39088 0.0796528 1
0.358371 0.0897182 0
0.328429 0.0995697 0
0.29505 0.111834 0
0.23929 0.134827 0
0.224481 0.135357 0
0.184 0.151419 0
0.17107 0.166374 0
0.159234 0.172333 0
0.148435 0.190873 0
0.124416 0.214839 0
0.112556 0.227293 0
0.0972768 0.248202 0
0.0846911 0.267364 0
0.0693192 0.293251 0
0.0703684 0.315286 0
0.082561 0.347542 0
0.0703916 0.368772 0
0.092061 0.390667 0
0.0878499 0.416455 0
0.0854655 0.437302 0
0.0747502 0.458516 0
0.0647839 0.48206 0
0.0430952 0.496619 0
0.0581292 0.519671 0
0.0635509 0.538879 0
0.082475 0.556482 0
0.0828292 0.57743 0
0.0823921 0.600589 0
0.0954698 0.623792 0
0.108671 0.644669 0
0.134592 0.664684 0
0.148599 0.68767 0
0.176223 0.702702 0
0.226555 0.703576 0
0.248598 0.722436 0
0.239685 0.760798 0
0.265673 0.7699 0
0.258813 0.794256 0
0.309352 0.794743 0
0.308319 0.82538 0
0.33133 0.836419 0
0.332346 0.866878 0
0.342933 0.878757 0
0.33274 0.897286 0
0.327762 0.906382 0
0.321948 0.908682 0
0.319362 0.90761 0
0.322862 0.910607 0
0.340315 0.904433 0
0.359181 0.90287 0
0.550503 0.907083 0
0.559431 0.917253 0
0.56546 0.910099 0
0.576592 0.906552 0
0.583038 0.903375 1
0.602528 0.900282 1
0.586642 0.914568 0
0.710206 0.923817 0
0.727977 0.898989 0
0.723926 0.877208 0
0.730922 0.865803 0
0.742996 0.863343 1
