0.461047 0.135336 1
0.457943 0.168484 0
0.516959 0.174733 0
0.573676 0.139215 1
0.579508 0.152115 0
0.612248 0.183847 0
0.735303 0.21449 1
0.86602 0.248734 0
0.849538 0.288492 0
0.825765 0.307362 1
0.834066 0.315084 0
0.84823 0.325807 0
0.86669 0.338242 0
0.874365 0.362996 0
0.895222 0.376543 0
0.914588 0.391645 0
0.912745 0.419191 0
0.91265 0.433838 0
0.913346 0.475883 0
0.900832 0.500468 0
0.900654 0.547633 0
0.888025 0.592385 0
0.878398 0.647703 0
0.849619 0.681177 0
0.83207 0.734489 0
0.807093 0.787866 0
0.779248 0.806122 0
0.72801 0.859416 0
0.696614 0.91592 0
0.643832 0.938964 0
0.608953 0.952532 0
0.628603 0.914947 0
0.631847 0.90189 0
0.652032 0.87642 0
0.636166 0.869715 0
0.677374 0.817164 0
0.676742 0.7769 0
0.689088 0.750868 0
0.662998 0.741704 0
0.650778 0.72007 0
0.616 0.722138 0
0.609704 0.686706 0
0.571528 0.689691 0
0.561762 0.665364 0
0.572548 0.621886 0
0.529831 0.631219 0
0.536086 0.593383 0
0.483705 0.586484 0
0.489185 0.544272 0
0.480481 0.507348 0
0.438949 0.523721 0
0.277777 0.644537 0
0.762079 0.305371 1
0.759577 0.313759 0
0.701564 0.210981 1
0.7064 0.180535 0
0.555311 0.0585946 0
0.550974 0.0945763 0
0.548404 0.101947 1
0.53345 0.0698297 0
0.526204 0 0
0.184329 0.403244 0
0.0897414 0.511725 0
0.0583328 0.521959 0
0.0511386 0.505174 0
0.0273762 0.511918 1
0.00984904 0.508796 0
0 0.504848 0
0.0195036 0.476012 0
0.0303606 0.419783 0
0.0553956 0.360928 0
0.0840865 0.3008 0
0.0973206 0.275067 0
0.0677349 0.318154 0
0.150036 0.193379 0
0.171359 0.174661 0
0.180137 0.165908 0
0.194172 0.158146 0
0.20913 0.15729 0
0.219242 0.158839 0
0.249715 0.149022 0
0.274855 0.151863 0
0.322294 0.134671 0
0.337087 0.147727 0
0.383182 0.142565 0
0.416832 0.140643 0
0.443961 0.138871 0
0.422548 0.168098 0
0.459826 0.155527 0
0.46571 0.176373 0
0.460925 0.211325 0
0.504693 0.204935 0
0.556912 0.19879 0
0.608171 0.185047 0
0.638458 0.207361 0
0.652743 0.221384 0
0.675443 0.221953 1
0.660191 0.247464 0
0.678459 0.281478 0
0.720595 0.309009 0
0.73503 0.309132 1
0.69932 0.339757 0
0.876123 0.433228 0
0.849423 0.454748 0
0.876937 0.472189 0
0.903735 0.48587 0
0.882953 0.508612 0
0.861993 0.542419 0
0.86881 0.562472 0
0.865052 0.584859 0
0.862533 0.642913 0
0.817732 0.685511 0
0.78059 0.7526 0
0.741327 0.797823 0
0.714607 0.854979 0
0.669696 0.920564 0
0.647793 0.929805 0
0.622373 0.956528 0
0.617094 0.971009 1
0.583971 0.984369 0
0.558481 1 0
0.547557 0.976529 0
0.5188 0.967823 0
0.563797 0.908628 0
0.57632 0.88229 0
0.617467 0.818944 0
0.592164 0.810772 0
0.573757 0.781583 0
0.575678 0.740822 0
0.581274 0.70612 0
0.627865 0.645458 0
0.57361 0.67596 0
0.590603 0.615786 0
0.560705 0.60667 0
0.553346 0.570601 0
0.545536 0.54617 0
0.527727 0.509052 1
