1 0.155135 0
0.996484 0.155139 0
0.99651 0.155141 1
0.993859 0.155003 0
0.990938 0.156332 0
0.987919 0.157385 0
0.984134 0.155105 0
0.98067 0.158349 0
0.977446 0.158642 0
0.972745 0.159078 0
0.966405 0.159669 0
0.962792 0.159808 0
0.957541 0.157782 0
0.953787 0.156053 0
0.949602 0.15571 0
0.945934 0.155273 0
0.941026 0.154821 0
0.936581 0.156989 0
0.931631 0.154318 0
0.929078 0.154885 0
0.927717 0.155282 1
0.925799 0.15651 0
0.922948 0.157322 0
0.919834 0.158382 0
0.912942 0.156268 0
0.909076 0.157767 0
0.902513 0.1541 0
0.898618 0.157635 0
0.895393 0.160602 0
0.888429 0.158695 0
0.885401 0.159265 0
0.881055 0.156134 0
0.875207 0.15851 0
0.868224 0.154626 0
0.865468 0.154686 0
0.862928 0.155417 0
0.858392 0.155429 1
0.853151 0.154646 0
0.845571 0.154666 0
0.841088 0.153714 0
0.834802 0.151035 0
0.827901 0.150011 0
0.826883 0.149838 0
0.821497 0.150021 0
0.813818 0.147273 0
0.806171 0.148048 0
0.799986 0.148515 1
0.794793 0.150758 0
0.787192 0.152568 0
0.780566 0.150124 0
0.774162 0.151209 0
0.768376 0.146691 0
0.762826 0.145849 0
0.756237 0.148673 0
0.748624 0.150121 0
0.744104 0.150494 0
0.739484 0.150707 0
0.734843 0.149079 0
0.730991 0.151092 0
0.727032 0.151197 0
0.723461 0.150099 0
0.720509 0.150646 0
0.717375 0.148471 0
0.714101 0.149982 0
0.709294 0.151458 0
0.70752 0.152796 0
0.703564 0.156479 0
0.698832 0.156887 0
0.696229 0.153778 0
0.692471 0.152217 0
0.691625 0.151801 1
0.688736 0.149538 0
0.684706 0.149621 0
0.680582 0.150455 0
0.674745 0.149619 0
0.671929 0.148967 0
0.66801 0.149378 0
0.665521 0.148618 0
0.661973 0.150685 0
0.65805 0.148148 0
0.654087 0.150562 0
0.649386 0.148542 0
0.645035 0.147161 0
0.642823 0.149997 0
0.634498 0.142648 0
0.631385 0.146184 0
0.626901 0.146769 0
0.620438 0.143032 0
0.617518 0.148463 0
0.61065 0.142773 0
0.602856 0.14091 0
0.599554 0.144196 0
0.594646 0.14562 0
0.590135 0.14829 0
0.581912 0.145251 0
0.578642 0.149358 0
0.57 0.146894 0
0.566113 0.147971 0
0.562106 0.150885 0
0.555159 0.14904 0
0.550714 0.151173 0
0.545855 0.150148 0
0.540488 0.1524 0
0.536828 0.153815 0
0.53263 0.152556 0
0.529519 0.153339 0
0.527043 0.153457 1
0.521685 0.153633 0
0.517092 0.155277 0
0.51441 0.15051 0
0.51005 0.148848 0
0.504787 0.149165 0
0.499676 0.14927 0
0.496066 0.146664 0
0.48865 0.150336 0
0.483111 0.153941 0
0.477135 0.15431 0
0.472399 0.154643 0
0.465643 0.158377 1
0.455964 0.154244 0
0.451198 0.157625 0
0.442719 0.154362 0
0.436735 0.154858 0
0.42827 0.152815 0
0.422581 0.151532 0
0.416768 0.152442 0
0.412995 0.154625 0
0.407532 0.154688 0
0.400404 0.155338 0
0.399401 0.156292 0
0.39534 0.158439 0
0.391823 0.158915 0
0.386051 0.160434 0
0.380927 0.161569 0
0.377264 0.165473 1
0.371865 0.164645 0
0.366258 0.164562 0
0.358108 0.164929 0
0.351811 0.163396 0
0.346808 0.166388 0
0.340742 0.16483 0
0.334259 0.166412 0
0.326217 0.161973 0
0.32069 0.163709 0
0.317195 0.165976 0
0.310882 0.168321 0
0.30668 0.17206 0
0.299161 0.177397 0
0.288909 0.176928 0
0.283916 0.181032 0
0.28151 0.187194 0
0.282853 0.193686 0
0.279651 0.201196 0
0.277125 0.207357 0
0.27725 0.212379 0
0.273221 0.214838 0
0.27149 0.220104 1
0.269411 0.223864 0
0.269799 0.226551 0
0.267534 0.231056 0
0.264355 0.233044 0
0.260955 0.236368 0
0.255494 0.238016 0
0.254196 0.242379 0
0.247208 0.244135 0
0.241936 0.248887 0
0.239826 0.250301 0
0.235137 0.252393 0
0.227793 0.253029 0
0.220505 0.255431 0
0.215329 0.256507 1
0.214626 0.257088 0
0.214557 0.257209 0
0.214186 0.257372 0
0.213577 0.257434 0
0.211997 0.258584 0
0.209791 0.259089 0
0.208906 0.26028 0
0.205895 0.260705 0
0.20419 0.262157 0
0.203055 0.26309 0
0.200254 0.264065 0
0.0832936 0.262804 0
0.0627934 0.252875 0
0.0558864 0.254601 0
0.0508873 0.250554 0
0.0466625 0.247257 0
0.0464212 0.241821 0
0.0472745 0.235332 0
0.047355 0.230543 0
0.0475262 0.227382 0
0.0457384 0.222572 0
0.0453375 0.218185 0
0.0427318 0.209271 0
0.0445753 0.210102 0
0.0416489 0.203703 0
0.0411658 0.200516 0
0.0400028 0.198905 0
0.0398162 0.194813 0
0.0410089 0.192416 0
0.0416972 0.191247 0
0.0423374 0.188335 0
0.0421076 0.186619 0
0.0423539 0.18393 0
0.0433914 0.181421 1
0.0376263 0.177321 0
0.0346491 0.17067 0
0.0278296 0.165045 0
0.0258611 0.154495 0
0.0186651 0.149936 0
0.0183545 0.141309 0
0.00509702 0.132624 0
0.000275334 0.126564 0
0.00673033 0.121679 0
0.00913812 0.115304 0
0.0116651 0.103934 0
0.0163117 0.0975752 0
0.0121385 0.091761 0
0.0072337 0.0873657 0
0.00364813 0.0812056 0
0.00525243 0.0758177 0
0.00865214 0.0715315 0
0.0177302 0.0665667 0
0.020329 0.0654194 0
0.0247048 0.0625394 1
0.0243119 0.0578824 0
0.0235409 0.0515818 0
0.0212559 0.0442115 0
0.0300457 0.0406907 0
0.0386382 0.039992 0
0.0443179 0.0350192 0
0.0536737 0.0350279 0
0.0576263 0.0334242 0
0.0657514 0.0357061 0
0.0698859 0.0329618 0
0.0761791 0.0329392 0
0.0839163 0.0352951 1
0.0834427 0.0350102 0
0.0918505 0.037916 0
0.0922231 0.0382513 0
0.102866 0.0447631 0
0.110005 0.0500228 0
0.116101 0.0595184 0
0.12173 0.0659912 0
0.121509 0.0730354 0
0.131024 0.0787364 0
0.134951 0.0893744 0
0.138668 0.0973649 0
0.134639 0.10061 0
0.140709 0.103712 0
0.141967 0.113903 0
0.14193 0.120682 0
0.138326 0.129503 0
0.137339 0.138664 0
0.140025 0.138339 0
0.139868 0.149522 0
0.137938 0.153059 0
0.136964 0.160216 0
0.136276 0.166936 0
0.13261 0.17246 0
0.131458 0.181697 0
0.130022 0.18536 0
0.130162 0.190764 0
0.129449 0.193215 0
0.128729 0.193602 0
0.129806 0.197081 0
0.130842 0.200492 1
0.132838 0.204739 0
0.133907 0.208146 0
0.138994 0.209724 0
0.14283 0.218638 0
0.141812 0.224547 0
0.146289 0.22741 0
0.148344 0.232809 0
0.151566 0.239046 0
0.154966 0.247589 0
0.151916 0.256142 0
0.158926 0.266037 0
0.15748 0.276747 0
0.152546 0.282334 0
0.149065 0.285757 0
0.147837 0.290417 0
0.146319 0.294399 0
0.150709 0.29623 0
0.148425 0.298429 0
0.146654 0.299836 0
0.145393 0.300712 0
0.141025 0.29921 0
0.139177 0.299822 0
0.136767 0.30011 0
0.135499 0.300257 1
0.132211 0.303726 0
0.12695 0.305207 0
0.121433 0.305417 0
0.117105 0.306219 0
0.11108 0.307607 0
0.103538 0.303859 0
0.100451 0.305208 0
0.0937098 0.30277 0
0.0892358 0.301347 0
0.0857547 0.298479 0
0.0797141 0.295054 0
0.0754083 0.291624 1
0.0647417 0.290686 0
0.0517607 0.287265 0
0.0381445 0.286132 0
0.040582 0.279088 0
0.034183 0.272346 0
0.0251913 0.267951 0
0.0265965 0.264835 0
0.017378 0.260435 0
0.018766 0.255701 0
0.0111159 0.247728 0
0.00897156 0.241435 0
0.00782243 0.236677 0
0.00401329 0.229222 0
0.0026628 0.222733 1
0.00295496 0.218751 0
0.00431238 0.216268 0
0.00747163 0.211255 0
0.00980668 0.208033 0
0.00890882 0.203156 0
0.0115619 0.200732 0
0.00862835 0.196072 0
0.00339101 0.187566 0
0 0.1815 0
0.000504406 0.169586 0
0.0456208 0.150731 0
0.0465906 0.148784 0
0.0417448 0.139019 0
0.0401398 0.127152 0
0.0457065 0.119041 0
0.0474307 0.108621 0
0.0508534 0.102182 0
0.0475761 0.090077 0
0.052753 0.0841591 0
0.0492171 0.0795857 0
0.0500108 0.078215 0
0.0539957 0.0735777 0
0.0537084 0.0701211 0
0.0528014 0.0668285 0
0.0553091 0.0640109 0
0.060972 0.0575256 0
0.063877 0.053791 0
0.0816956 0.00429264 0
0.0884722 0 0
0.101799 0.00127992 0
0.10547 0.00492295 0
0.115396 0.00101622 0
0.127589 0.00060485 0
0.129448 0.00205797 0
0.134397 0.00521655 0
0.144366 0.0106467 0
0.141824 0.0115514 0
0.149282 0.013767 0
0.150451 0.0144565 0
0.150524 0.0143553 1
0.159778 0.0139025 0
0.162273 0.0125293 0
0.172081 0.00822133 0
0.17506 0.0105386 0
0.179454 0.00792993 0
0.182171 0.0078766 0
0.183934 0.0122505 0
0.186811 0.0181337 0
0.204701 0.0110931 0
0.207218 0.00823333 0
0.210401 0.0115912 0
0.215708 0.014804 0
0.222929 0.0175403 0
0.223678 0.015194 0
0.227372 0.0186035 0
0.228978 0.021895 1
0.229164 0.0229864 0
0.229705 0.0242693 0
0.229699 0.0261988 0
0.230455 0.0284921 0
0.229929 0.0268592 0
0.23073 0.027269 0
0.229948 0.0256347 0
0.234049 0.0357985 0
0.233743 0.0345747 0
0.233135 0.0308642 0
0.23699 0.0356956 0
0.265889 0.0747025 0
