0.820971 0.326356 0
0.765983 0.398215 0
0.780956 0.39648 0
0.800389 0.394112 0
0.806812 0.410987 0
0.797972 0.437559 0
0.813709 0.465091 0
0.839895 0.445479 0
0.853445 0.448656 0
0.85855 0.461404 0
0.856756 0.473498 0
0.864379 0.479589 0
0.870808 0.492786 1
0.881063 0.499588 0
0.890843 0.505243 0
0.895172 0.516182 0
0.905288 0.528824 0
0.917564 0.539766 0
0.917538 0.547288 0
0.925047 0.555649 0
0.926658 0.568133 0
0.927731 0.577548 0
0.932345 0.586165 0
0.932352 0.591642 0
0.931927 0.598824 0
0.931555 0.607895 0
0.933412 0.616098 0
0.932061 0.627064 0
0.934291 0.63948 0
0.930137 0.649095 0
0.934681 0.654901 0
0.931519 0.65884 0
0.912531 0.681134 0
0.907264 0.688258 0
0.887854 0.701754 0
0.874385 0.720778 0
0.864164 0.732968 0
0.840981 0.760283 0
0.827547 0.773631 0
0.813509 0.794851 0
0.794656 0.816451 0
0.771253 0.807958 0
0.755076 0.812159 0
0.740718 0.825655 0
0.717254 0.832989 0
0.697547 0.847273 0
0.683366 0.848618 0
0.67369 0.855219 0
0.656715 0.86482 0
0.646318 0.865288 0
0.629962 0.866104 1
0.619281 0.874462 0
0.607066 0.876759 0
0.594144 0.883327 0
0.582613 0.907388 0
0.560778 0.934322 0
0.526503 0.968608 0
0.495147 0.986404 0
0.487507 0.983995 0
0.466196 0.988719 0
0.445875 0.996013 0
0.421641 1 0
0.40975 0.985477 0
0.398355 0.977868 0
0.384493 0.971208 0
0.377064 0.959461 0
0.368563 0.946136 0
0.36 0.933751 0
0.359417 0.917679 0
0.352398 0.907634 0
0.351124 0.893031 1
0.33426 0.895928 0
0.325843 0.893708 0
0.310511 0.891014 0
0.294638 0.882936 0
0.288577 0.873047 0
0.280738 0.870171 0
0.26452 0.863529 0
0.253698 0.859011 0
0.241413 0.855356 0
0.233945 0.846176 1
0.227178 0.843246 0
0.216656 0.84549 0
0.177997 0.863236 0
0.17352 0.859949 0
0.145479 0.870101 0
0.136212 0.854551 0
0.122957 0.844455 0
0.104297 0.84816 0
0.0931713 0.833585 0
0.0752402 0.828626 0
0.0746773 0.801988 0
0.0796244 0.768869 0
0.104431 0.664787 0
0.102716 0.657182 0
0.0787523 0.665836 0
0.0820742 0.636359 0
0.0719506 0.629072 0
0.0670073 0.616522 1
0.0678921 0.604005 0
0.0558448 0.597251 0
0.0435827 0.589501 0
0.0393609 0.579289 0
0.0153465 0.581495 0
0.0151079 0.565052 0
0.00297558 0.55486 0
0 0.54482 0
0.00205959 0.532486 0
0.0103911 0.51681 0
0.0126706 0.506319 0
0.0175958 0.497915 0
0.0182055 0.483697 0
0.0250319 0.468227 0
0.053036 0.441777 0
0.0707906 0.42085 0
0.0735372 0.404528 0
0.0739446 0.39099 0
0.0777537 0.377046 0
0.085477 0.352928 0
0.0856612 0.34176 0
0.0834476 0.329697 0
0.0876536 0.314659 0
0.10667 0.294508 0
0.118596 0.280556 0
0.119009 0.265362 0
0.137349 0.252847 0
0.146942 0.239662 1
0.157727 0.223911 0
0.168432 0.204087 0
0.184433 0.182735 0
0.195349 0.171263 0
0.211559 0.155039 0
0.215713 0.144353 0
0.229868 0.134622 0
0.24046 0.136648 0
0.249981 0.132385 0
0.27017 0.121785 0
0.278314 0.114458 0
0.295047 0.107887 0
0.301124 0.128295 0
0.322252 0.13402 0
0.329733 0.147079 0
0.35123 0.148916 0
0.374635 0.14561 0
0.427502 0.0592678 0
0.442188 0.0609066 0
0.452856 0.0718665 0
0.464399 0.0858525 0
0.477636 0.0878163 0
0.488522 0.0931552 0
0.498854 0.0993636 1
0.50979 0.101996 0
0.516544 0.115248 0
0.520446 0.13195 0
0.525699 0.151933 0
0.545444 0.160675 0
0.568836 0.164977 0
0.58081 0.167502 0
0.633422 0.138314 0
0.637862 0.141502 0
0.643935 0.142993 1
0.647076 0.144911 0
0.648903 0.147458 0
0.651939 0.148962 0
0.659251 0.235148 0
0.662203 0.247772 0
0.678133 0.255186 0
0.698514 0.250389 0
0.718517 0.249347 0
0.731788 0.25265 0
0.7431 0.255196 0
0.748514 0.267655 0
0.759163 0.268396 0
0.76973 0.273247 0
0.776329 0.278536 1
0.778073 0.279573 0
0.769502 0.295299 0
0.766109 0.332987 0
0.769874 0.363786 0
0.776134 0.368333 0
0.776579 0.38981 0
0.78709 0.40845 0
0.811994 0.418348 0
0.826597 0.433921 0
0.825385 0.46214 0
0.84883 0.456865 0
0.847798 0.477993 0
0.837149 0.531018 0
0.843722 0.532953 0
0.890087 0.521919 0
0.907189 0.516407 0
0.90695 0.532586 0
0.909529 0.537219 0
0.896067 0.554238 0
0.922823 0.545275 0
0.920668 0.542039 0
0.914919 0.551523 0
0.927201 0.550467 0
0.932351 0.562392 0
0.94123 0.567264 0
0.933847 0.583811 0
0.950305 0.578923 0
0.956854 0.572986 0
0.955166 0.579829 0
0.952753 0.601994 0
0.937379 0.617985 0
0.922477 0.63399 0
0.904618 0.651882 0
0.886636 0.680022 0
0.87287 0.696691 0
0.831764 0.738542 0
0.843709 0.726554 0
0.842142 0.718475 0
0.823654 0.727762 0
0.822381 0.723548 0
0.822958 0.726397 0
0.784563 0.736314 0
0.765309 0.742267 0
0.752055 0.752777 0
0.731444 0.770704 0
0.718473 0.779083 0
0.715402 0.779208 0
0.711015 0.786487 0
0.694777 0.793205 0
0.679702 0.793054 0
0.669878 0.801106 0
0.636871 0.816816 0
0.597417 0.841241 0
0.588616 0.846777 0
0.570979 0.853263 0
0.55848 0.862157 0
0.548305 0.865376 0
0.539155 0.873895 0
0.524847 0.875228 0
0.512408 0.871164 1
0.495078 0.873339 0
0.482041 0.870733 0
0.465594 0.879241 0
0.455443 0.876016 0
0.438073 0.880069 0
0.426881 0.880895 0
0.411312 0.882978 0
0.397885 0.884743 0
0.390268 0.876348 0
0.379028 0.874989 1
0.376697 0.862614 0
0.373131 0.850154 0
0.364803 0.827788 0
0.362846 0.833656 0
0.359866 0.816681 0
0.348977 0.807403 0
0.343187 0.801674 0
0.329552 0.797052 0
0.323519 0.786526 0
0.30293 0.783879 0
0.272751 0.790555 0
0.263246 0.790904 0
0.242095 0.797421 0
0.230573 0.801048 0
0.216975 0.801017 0
0.21145 0.803133 1
0.200417 0.793299 0
0.192243 0.778288 0
0.183521 0.772833 0
0.183929 0.74911 0
0.169793 0.745899 0
0.15628 0.731313 0
0.139057 0.729798 0
0.132197 0.713687 1
0.123255 0.703003 0
0.112832 0.699887 0
0.100599 0.688899 0
0.0930757 0.684119 0
0.087278 0.674034 0
0.128573 0.561395 0
0.137515 0.545523 0
0.121186 0.540407 0
0.107985 0.532404 0
0.0978905 0.521 0
0.0945647 0.51322 0
0.0790413 0.508244 0
0.0746647 0.493523 0
0.0674449 0.487355 0
0.0621829 0.478152 0
0.0589539 0.466911 0
0.0543901 0.462058 0
0.0526369 0.453339 0
0.0465934 0.449891 0
0.0583708 0.436386 0
0.058233 0.423715 0
0.056769 0.4201 1
0.0570251 0.408917 0
0.0532732 0.400889 0
0.0503628 0.395124 0
0.0506287 0.382942 0
0.0496291 0.373813 0
0.048324 0.364825 0
0.0533593 0.359376 0
0.0578307 0.343057 0
0.0680192 0.329895 0
0.0785505 0.316183 0
0.089697 0.306502 0
0.111516 0.288511 0
0.110923 0.259842 0
0.157014 0.200743 0
0.173673 0.164054 0
0.173302 0.154257 0
0.195289 0.13649 0
0.211341 0.127647 0
0.229971 0.105445 0
0.242495 0.0905197 0
0.24931 0.0893885 0
0.254284 0.0902318 0
0.269998 0.087688 0
0.282104 0.0948923 0
0.291607 0.0941457 0
0.320065 0.0896351 0
0.33539 0.0897128 0
0.352487 0.0922987 0
0.368516 0.095775 0
0.381281 0.101832 1
0.395087 0.0986319 0
0.404601 0.107191 0
0.41532 0.117634 0
0.431654 0.12062 0
0.445705 0.121631 0
0.541049 0 0
0.540937 0.0348351 0
0.558313 0.0399129 0
0.569366 0.0504192 0
0.574548 0.0825808 0
0.58995 0.0847977 0
0.596235 0.0986937 0
0.605833 0.108559 0
0.612914 0.11762 1
0.618119 0.11735 0
0.627361 0.110782 0
0.677703 0.090886 0
0.698835 0.0881711 0
0.712921 0.0862449 0
0.696495 0.158192 0
0.702983 0.156739 0
0.703336 0.167766 1
0.714017 0.175994 0
0.734117 0.164253 0
0.734691 0.181972 0
0.734826 0.199041 0
0.743699 0.206195 0
0.766554 0.196098 0
0.776287 0.20467 0
0.811374 0.185465 0
0.82145 0.195417 0
0.818656 0.208507 0
0.808838 0.238639 0
0.806233 0.259724 0
0.811427 0.290243 0
0.809108 0.301167 1
0.811109 0.322305 0
0.813209 0.342041 0
0.824413 0.336105 0
0.843341 0.337074 0
0.823463 0.375909 0
0.843924 0.381238 0
0.864127 0.373379 0
0.872051 0.371883 0
0.88088 0.384874 0
0.881584 0.397516 0
0.893748 0.396468 0
0.899614 0.40838 0
0.902056 0.423187 0
0.919331 0.423213 0
0.934532 0.437334 0
0.942083 0.49982 0
0.941636 0.487411 0
0.847257 0.560523 0
