0.798464 0.205758 0
0.749964 0.231498 0
0.699385 0.225545 0
0.719805 0.122759 0
0.719675 0.0878358 0
0.665349 0.0684915 0
0.622831 0.0490701 0
0.585724 0.0211354 0
0.556886 0.000713881 0
0.52436 0 0
0.4738 0.0350026 0
0.448875 0.0341638 0
0.404325 0.0400124 0
0.374198 0.0242431 0
0.337771 0.0283351 0
0.317096 0.0219296 0
0.281194 0.0353647 0
0.259246 0.0498451 0
0.238406 0.0867415 0
0.221214 0.104007 0
0.195589 0.112585 0
0.168239 0.140931 0
0.153258 0.168024 1
0.136311 0.18704 0
0.113305 0.221542 0
0.090605 0.252285 0
0.0731523 0.277607 0
0.062256 0.301957 0
0.0258667 0.319169 0
0.0321178 0.355972 0
0.0165597 0.37689 0
0.00647957 0.413943 0
0 0.444179 0
0.00668887 0.473273 0
0.0150962 0.478752 0
0.0289363 0.478744 0
0.0377967 0.488926 0
0.0524007 0.557398 0
0.084347 0.586201 0
0.0678878 0.630048 0
0.0947894 0.662424 0
0.113435 0.684693 0
0.136542 0.725963 0
0.149724 0.756527 0
0.176623 0.778557 1
0.20155 0.794236 0
0.232966 0.823427 0
0.264103 0.84204 0
0.283633 0.88378 0
0.330221 0.900943 0
0.382867 0.896785 0
0.41849 0.908221 0
0.438617 0.922753 0
0.475199 0.912279 0
0.50016 0.899839 1
0.529404 0.903455 0
0.559924 0.916296 0
0.58075 0.907876 0
0.614036 0.901303 0
0.646432 0.88671 0
0.686575 0.851927 0
0.703172 0.819955 0
0.744751 0.78743 0
0.772209 0.753432 0
0.814209 0.703973 0
0.83756 0.679642 0
0.872724 0.643558 0
0.902294 0.60781 0
0.929149 0.57408 0
0.949941 0.539826 0
0.947898 0.505559 0
0.980731 0.46358 0
0.97989 0.428501 0
0.989539 0.382171 0
0.981519 0.356301 0
1 0.30285 0
0.987835 0.288003 0
0.978832 0.288614 0
0.970959 0.290069 0
0.953608 0.297229 0
0.942679 0.291959 0
0.925303 0.287849 0
0.908967 0.286396 0
0.892439 0.272473 0
0.864609 0.265742 0
0.845188 0.247202 0
0.8308 0.246735 0
0.799407 0.223861 0
0.783862 0.207376 1
0.769049 0.176314 0
0.747827 0.142554 0
0.734719 0.117978 0
0.714483 0.0850291 0
0.667066 0.0581134 0
0.63367 0.0429944 0
0.570246 0.0513415 0
0.553217 0.0201248 0
0.513835 0.0233103 0
0.4989 0.0322175 0
0.478554 0.0372146 0
0.446001 0.0414113 1
0.420609 0.0340818 0
0.397166 0.0374724 0
0.376618 0.0487273 0
0.34767 0.0538927 0
0.324507 0.0658406 0
0.305639 0.0807605 0
0.268734 0.10627 0
0.242424 0.121226 0
0.212782 0.14725 0
0.197279 0.211999 0
0.135819 0.296827 0
0.116476 0.291559 0
0.0930542 0.314542 0
0.0969985 0.316505 0
0.0845434 0.320832 0
0.0655758 0.361236 0
0.0348632 0.406185 0
0.0168853 0.428542 0
0.0381507 0.427584 0
0.0263178 0.437417 0
0.0403497 0.465914 0
0.0361901 0.489292 0
0.0439171 0.524091 0
0.0461058 0.534944 1
0.0530839 0.565294 0
0.0358458 0.610668 0
0.0530783 0.643869 0
0.0704919 0.669304 0
0.086074 0.69701 0
0.0947944 0.745842 0
0.127671 0.762994 0
0.157886 0.785313 0
0.182434 0.818852 0
0.212378 0.845947 0
0.194838 0.902241 0
0.311935 0.879084 0
