0.544148 0.635351 1
0.54827 0.629675 0
0.553609 0.619128 0
0.55838 0.616634 0
0.565298 0.614728 0
0.587866 0.616989 1
0.58273 0.602984 0
0.583419 0.596108 0
0.572754 0.581702 1
0.583289 0.576395 0
0.588948 0.570238 0
0.597453 0.561277 0
0.601006 0.554908 0
0.605052 0.545477 0
0.608381 0.537475 0
0.613474 0.526438 0
0.617866 0.514816 0
0.622038 0.503479 0
0.625484 0.493806 0
0.629388 0.482262 0
0.631896 0.473972 0
0.634336 0.464382 0
0.64276 0.44697 0
0.640819 0.437102 0
0.642736 0.427627 0
0.644038 0.414994 0
0.644823 0.404325 0
0.645589 0.393043 0
0.646744 0.383954 0
0.645883 0.376522 0
0.64309 0.366098 0
0.640759 0.355162 0
0.646713 0.347378 1
0.639342 0.335832 0
0.627876 0.325169 0
0.616314 0.31443 0
0.640165 0.312629 0
0.638565 0.301723 0
0.637252 0.287048 0
0.625087 0.288413 0
0.621027 0.286046 0
0.604354 0.289062 0
0.617324 0.270457 0
0.605467 0.257061 1
0.601029 0.263644 0
0.594363 0.26944 0
0.585845 0.270238 0
0.570604 0.257386 0
0.567182 0.277329 0
0.55851 0.268472 0
0.55208 0.257504 0
0.551845 0.283374 0
0.548815 0.293353 0
0.530452 0.273011 0
0.525929 0.284995 0
0.519793 0.287167 0
0.509488 0.288479 0
0.501661 0.298464 0
0.488695 0.295003 0
0.479106 0.295654 0
0.475592 0.307983 0
0.469611 0.316015 0
0.45697 0.32091 0
0.451034 0.327446 0
0.447551 0.336043 0
0.442756 0.345275 0
0.437805 0.356432 0
0.435347 0.364745 0
0.431672 0.379986 0
0.429664 0.389432 0
0.427267 0.402577 0
0.427647 0.411614 0
0.43253 0.422676 0
0.440756 0.439571 0
0.438831 0.443437 0
0.425676 0.442217 0
0.415038 0.441979 0
0.405155 0.448448 1
0.416443 0.458794 0
0.412747 0.465239 0
0.402609 0.469886 0
0.408978 0.480124 0
0.415458 0.483953 0
0.434238 0.479701 0
0.432341 0.488097 0
0.431065 0.502643 0
0.425964 0.510878 0
0.426816 0.520685 1
0.419763 0.524801 0
0.400746 0.523078 0
0.394225 0.526561 0
0.385132 0.536803 0
0.376283 0.547272 0
0.371206 0.554328 0
0.365693 0.562439 1
0.361447 0.569333 0
0.358859 0.577632 0
0.357386 0.591563 0
0.354594 0.602299 0
0.354797 0.610216 0
0.352775 0.62388 0
0.353733 0.631577 1
0.347629 0.646325 0
0.348003 0.656114 0
0.349679 0.653472 0
0.346792 0.680789 0
0.36197 0.675978 0
0.373649 0.684718 0
0.376413 0.690121 0
0.378443 0.699181 0
0.376745 0.713111 0
0.392498 0.711243 0
0.404787 0.713304 0
0.406039 0.719426 0
0.396536 0.733386 1
0.419677 0.730811 0
0.42102 0.74173 0
0.422335 0.751983 0
0.428293 0.761372 0
0.435383 0.765832 0
0.445059 0.764894 0
0.45353 0.75616 0
0.45894 0.748307 0
0.468164 0.747601 0
0.478888 0.752773 0
0.486627 0.755853 0
0.480892 0.770807 0
0.487948 0.776976 0
0.498596 0.786185 1
0.507455 0.783286 0
0.513219 0.773185 0
0.522582 0.768268 0
0.52921 0.780096 0
0.541533 0.777921 0
0.546635 0.767431 0
0.55586 0.76237 0
0.566183 0.76541 0
0.575116 0.763554 0
0.5868 0.758076 0
0.595955 0.754683 0
0.607126 0.750246 0
0.619398 0.745302 0
0.629217 0.740464 0
0.639148 0.735706 1
0.653275 0.728476 0
0.660634 0.724516 0
0.672706 0.717657 0
0.683804 0.711133 0
0.692641 0.705709 0
0.698897 0.701613 0
0.714752 0.690862 0
0.723633 0.684661 0
0.732192 0.678583 0
0.74022 0.672696 0
0.750407 0.664858 0
0.759378 0.657712 0
0.769297 0.64957 0
0.777553 0.642646 0
0.785226 0.636345 0
0.792826 0.630882 0
0.803518 0.625224 0
0.813474 0.619689 1
0.816139 0.613602 0
0.815133 0.603606 0
0.816411 0.593734 0
0.820209 0.579369 0
0.822836 0.569935 0
0.825715 0.560117 0
0.829008 0.549018 0
0.832148 0.538248 0
0.835587 0.525998 1
0.838144 0.516658 0
0.841047 0.50641 0
0.84437 0.495363 0
0.848215 0.484128 0
0.85196 0.474904 0
0.85628 0.465257 0
0.856659 0.457685 0
0.84911 0.445612 0
0.849156 0.438326 0
0.853123 0.429875 0
0.861803 0.424282 0
0.871346 0.419271 0
0.869658 0.404471 0
0.870144 0.394615 0
0.86775 0.386801 0
0.857462 0.380262 0
0.849109 0.374501 1
0.846127 0.367189 0
0.848933 0.357635 0
0.858504 0.343964 0
0.859068 0.336587 0
0.86352 0.326572 0
0.863457 0.315712 0
0.856171 0.308699 0
0.84487 0.306509 0
0.833671 0.30692 0
0.825614 0.302971 0
0.823189 0.295005 0
0.827364 0.284634 0
0.829409 0.274933 0
0.825243 0.263783 0
0.817309 0.253955 0
0.80952 0.246447 0
0.806109 0.238944 0
0.802903 0.229828 0
0.795712 0.21864 0
0.789937 0.20727 0
0.789249 0.199013 0
0.783852 0.19136 0
0.768501 0.197157 1
0.767164 0.18546 0
0.765591 0.173488 0
0.759768 0.166182 0
0.745465 0.163169 0
0.738467 0.158061 0
0.737277 0.149005 0
0.737676 0.1376 0
0.73184 0.125699 0
0.722047 0.124292 0
0.709085 0.124286 0
0.702303 0.114229 0
0.703436 0.102946 0
0.699377 0.094284 0
0.690379 0.0922699 0
0.675997 0.100089 0
0.668381 0.0936471 0
0.667333 0.0807649 0
0.650689 0.0766414 0
0.648745 0.0678852 0
0.655282 0.0556472 0
0.650464 0.0487754 0
0.638395 0.0428228 0
0.628437 0.0425391 0
0.624053 0.0505144 0
0.619909 0.0675933 0
0.609147 0.0705252 0
0.599279 0.0639563 0
0.59686 0.052937 0
0.580346 0.0556326 0
0.577697 0.0446602 0
0.58619 0.0341933 0
0.584986 0.0192614 0
0.581282 0.0093837 1
0.569199 0.00671494 0
0.556231 0 0
0.554799 0.0124355 0
0.554853 0.028205 0
0.548061 0.024428 0
0.538413 0.0109733 0
0.527879 0.00566335 0
0.520168 0.0154407 0
0.516711 0.0234368 0
0.526706 0.0364275 0
0.528072 0.0443057 0
0.527891 0.0595228 0
0.51941 0.0672881 0
0.508616 0.0569779 0
0.499555 0.0488569 0
0.496465 0.0708251 0
0.486769 0.064254 0
0.477958 0.0505574 0
0.471345 0.0618611 0
0.460536 0.0545776 0
0.453042 0.061127 0
0.445955 0.0736574 0
0.452868 0.0839638 0
0.44978 0.0932751 0
0.440692 0.103888 0
0.429558 0.103717 0
0.422349 0.106017 1
0.418903 0.113924 0
0.415426 0.126743 0
0.405063 0.136629 0
0.396576 0.147233 0
0.389218 0.156662 0
0.384237 0.163433 0
0.378153 0.171753 0
0.370379 0.182467 0
0.365744 0.189026 0
0.359315 0.198366 0
0.353131 0.20776 0
0.347927 0.21615 0
0.341307 0.228416 0
0.335545 0.239454 0
0.332202 0.247951 1
0.221542 0.54094 1
0.219103 0.551755 0
0.216822 0.562152 0
0.215214 0.569812 0
0.213065 0.579107 0
0.210997 0.594799 0
0.209273 0.606202 0
0.208387 0.612591 0
0.207323 0.623796 0
0.206246 0.638483 0
0.205419 0.648817 0
0.204598 0.657296 0
0.205122 0.666095 0
0.204591 0.678839 0
0.198969 0.68973 0
0.212183 0.69761 0
0.20762 0.705771 0
0.202119 0.715421 0
0.204401 0.72395 0
0.211784 0.732655 0
0.205742 0.744283 0
0.205931 0.755061 0
0.219305 0.758233 0
0.22725 0.763283 0
0.234441 0.774342 0
0.227495 0.782175 0
0.216262 0.788207 0
0.207853 0.796286 0
0.207487 0.810796 0
0.221873 0.809134 0
0.224943 0.814787 0
0.238493 0.813218 0
0.245167 0.825561 1
0.236882 0.835223 0
0.228185 0.841195 0
0.218281 0.85743 0
0.235737 0.857574 0
0.223218 0.868323 0
0.230638 0.877516 0
0.23037 0.889847 0
0.247795 0.881631 0
0.253979 0.884315 0
0.254471 0.895735 0
0.251744 0.906083 0
0.27172 0.90203 0
0.263061 0.925265 0
0.271519 0.9314 0
0.28214 0.933691 0
0.28669 0.942805 0
0.288031 0.954055 0
0.293683 0.960351 0
0.311694 0.949024 0
0.310128 0.961684 0
0.323514 0.96083 0
0.319927 0.977437 0
0.321358 0.987252 0
0.337795 0.984952 0
0.342889 1 0
0.349872 0.996813 0
0.361977 0.994956 1
0.356894 0.978732 0
0.355883 0.969571 0
0.372149 0.977183 0
0.364926 0.957642 0
0.371971 0.955266 0
0.38006 0.956279 0
0.392754 0.965974 0
0.405932 0.961064 0
0.399163 0.94681 0
0.410782 0.944778 0
0.404201 0.932439 0
0.399457 0.92193 0
0.395598 0.904269 0
0.393285 0.89664 0
0.398524 0.881765 0
0.394515 0.87596 0
0.387464 0.868849 0
0.386018 0.854548 0
0.384201 0.848476 0
0.381223 0.839432 1
0.287733 0.502283 1
0.285412 0.492527 0
0.282739 0.478948 0
0.281334 0.47144 0
0.278454 0.45598 0
0.276044 0.441461 0
0.273639 0.431008 0
0.27192 0.418041 0
0.267761 0.40555 0
0.265721 0.399391 0
0.253954 0.390529 0
0.25571 0.382959 0
0.273074 0.374022 0
0.278616 0.367425 1
0.273133 0.358016 0
0.264761 0.351697 0
0.256646 0.346622 0
0.255471 0.334443 0
0.242194 0.345796 0
0.242189 0.333868 0
0.245534 0.318133 0
0.222502 0.316168 1
0.218705 0.318046 0
0.217764 0.333126 0
0.202674 0.319392 0
0.201974 0.336638 0
0.203763 0.347678 0
0.182882 0.330782 0
0.181472 0.344378 0
0.176507 0.353383 0
0.174959 0.360234 0
0.155103 0.360536 0
0.150328 0.364587 1
0.164873 0.38005 0
0.157982 0.387286 0
0.14824 0.391276 0
0.141907 0.404761 0
0.138656 0.414685 0
0.13323 0.427072 0
0.12891 0.434901 0
0.123566 0.443257 0
0.120131 0.455488 0
0.117589 0.460825 0
0.111953 0.468634 0
0.110495 0.481566 0
0.107431 0.499652 0
0.407773 0.601848 1
0.0930549 0.515005 0
0.0927493 0.525169 0
0.0836461 0.527202 0
0.063097 0.529327 0
0.0616042 0.537733 1
0.0501362 0.532455 0
0.059646 0.548981 0
0.0376644 0.539267 0
0.0418905 0.555155 0
0.0294006 0.550064 0
0.032717 0.563509 0
0.021602 0.567878 0
0.0450213 0.584273 0
0.0195057 0.573741 0
0.0409606 0.589756 0
0.0303888 0.598094 0
0.0208968 0.593773 0
0.00132214 0.59271 0
0 0.593139 1
