0.774705 0.908711 1
0.774781 0.909704 0
0.775425 0.911585 0
0.783756 0.914097 0
0.78842 0.913061 0
0.783087 0.916922 0
0.789206 0.917364 0
0.791563 0.920537 0
0.78154 0.922092 0
0.782672 0.923761 0
0.798675 0.924045 0
0.800614 0.927602 0
0.801379 0.927237 0
0.803353 0.928763 0
0.804396 0.932703 0
0.807701 0.936375 0
0.809662 0.938253 0
0.81294 0.938155 0
0.814531 0.938884 0
0.818815 0.940432 0
0.821667 0.936736 0
0.827326 0.94149 0
0.832014 0.945028 0
0.83715 0.951058 0
0.840163 0.951354 0
0.846355 0.950375 0
0.845426 0.939809 0
0.850878 0.942396 0
0.850963 0.940075 0
0.852878 0.939538 0
0.853741 0.936712 0
0.855318 0.93449 0
0.854451 0.932084 0
0.849444 0.92777 0
0.84772 0.924977 0
0.844819 0.918063 0
0.846173 0.916569 0
0.846799 0.916543 0
0.846877 0.914573 0
0.843583 0.910953 0
0.840964 0.905725 0
0.838764 0.90132 1
0.837902 0.897367 0
0.838717 0.892838 0
0.835469 0.88994 0
0.832252 0.885993 0
0.832452 0.882707 0
0.832394 0.877582 0
0.828028 0.872195 0
0.82567 0.866666 0
0.821224 0.860663 0
0.820637 0.854429 0
0.814574 0.850283 0
0.812921 0.844886 0
0.807705 0.841034 0
0.797799 0.838743 0
0.794278 0.833466 0
0.788463 0.82961 0
0.7872 0.823666 0
0.783446 0.820898 0
0.783677 0.80878 0
0.78112 0.796753 0
0.777694 0.786894 0
0.771234 0.778234 0
0.770446 0.772096 0
0.765317 0.766392 0
0.763745 0.758606 1
0.758699 0.754363 0
0.750666 0.754314 0
0.7456 0.750162 0
0.73601 0.751284 0
0.728965 0.745868 0
0.721066 0.744985 0
0.718021 0.741015 0
0.712659 0.739333 0
0.706867 0.736248 0
0.700493 0.734854 0
0.698834 0.731574 0
0.69551 0.728794 0
0.692644 0.726565 0
0.690964 0.724394 0
0.6869 0.719627 0
0.683201 0.715491 0
0.678261 0.712428 1
0.677271 0.710663 0
0.67747 0.706171 0
0.67692 0.701935 0
0.677029 0.698898 0
0.67691 0.693668 0
0.677314 0.688298 0
0.676808 0.684092 0
0.674798 0.677992 0
0.673651 0.672493 0
0.673642 0.667995 0
0.673045 0.663327 0
0.672605 0.655773 0
0.672526 0.649102 0
0.67061 0.644659 0
0.670708 0.635924 0
0.667935 0.626782 1
0.670847 0.620156 0
0.670688 0.61435 0
0.670649 0.607974 0
0.670586 0.602265 0
0.674098 0.596464 0
0.674537 0.589875 0
0.673615 0.584998 0
0.674795 0.57928 0
0.676808 0.570801 0
0.676546 0.564326 0
0.673961 0.558858 0
0.67184 0.553348 1
0.672698 0.549467 0
0.67408 0.542718 0
0.673805 0.538276 0
0.677871 0.535418 0
0.679959 0.530371 0
0.682034 0.525554 0
0.684367 0.520399 0
0.686744 0.515365 1
0.820692 0.263819 1
0.823236 0.258971 0
0.82848 0.25391 0
0.830667 0.24972 0
0.83067 0.2445 0
0.833244 0.239348 0
0.835586 0.234621 0
0.840573 0.226263 0
0.843727 0.224898 0
0.844585 0.216049 1
0.846386 0.212203 0
0.846573 0.207675 0
0.851518 0.205311 0
0.851535 0.201157 0
0.853351 0.196787 0
0.855783 0.191606 0
0.857586 0.186791 0
0.860108 0.182319 0
0.863071 0.177587 0
0.865448 0.16935 0
0.867713 0.164318 0
0.870311 0.15863 1
0.872192 0.153769 0
0.874373 0.149337 0
0.875845 0.144007 0
0.879669 0.13696 0
0.878078 0.131984 0
0.880708 0.128974 0
0.880517 0.124187 0
0.882128 0.119825 1
0.886097 0.116332 0
0.892375 0.113421 0
0.894006 0.109135 0
0.89533 0.104843 0
0.895814 0.0998944 0
0.899942 0.0959191 0
0.901888 0.0917295 0
0.902502 0.0865844 0
0.905907 0.0826107 0
0.906801 0.0791719 0
0.907348 0.0734568 0
0.907407 0.0676254 0
0.907659 0.0629336 0
0.910933 0.0591769 0
0.912295 0.0568453 1
0.91344 0.05253 0
0.914815 0.0483573 0
0.918971 0.0445657 0
0.919155 0.0393439 0
0.918699 0.0329071 0
0.912448 0.0288215 0
0.91121 0.0238263 1
0.912976 0.0189311 0
0.910875 0.0183237 0
0.911213 0.0178836 0
0.909824 0.0148424 0
0.910224 0.0127814 0
0.906985 0.0124984 0
0.905939 0.0119053 0
0.906203 0.00776015 0
0.906777 0.00269133 0
0.901425 0.00990281 0
0.900419 0.00707545 0
0.897738 0.0083356 0
0.895335 0.00517876 0
0.893926 0.0018078 0
0.893873 0.00098667 0
0.893395 0.000939554 0
0.89268 0.000178266 0
0.889999 0 0
0.887759 0.00256833 0
0.885945 0.00771534 0
0.883697 0.0111019 1
0.882007 0.0134112 0
0.878761 0.014451 0
0.873643 0.0140455 0
0.869363 0.0156412 0
0.865701 0.0190643 0
0.863228 0.0251315 0
0.859304 0.0315425 0
0.856172 0.0350957 0
0.856047 0.0435259 0
0.853184 0.0504342 1
0.848124 0.0526074 0
0.841981 0.0545687 0
0.835498 0.0586723 0
0.836162 0.06542 0
0.830176 0.0693507 0
0.825405 0.073133 0
0.820059 0.0774743 0
0.815044 0.0815879 0
0.806032 0.0861893 0
0.804337 0.0905252 0
0.799968 0.0941195 0
0.7952 0.0978848 1
0.791351 0.100965 0
0.787252 0.104278 0
0.78318 0.107683 0
0.776575 0.108873 0
0.772829 0.109625 0
0.772448 0.117591 0
0.768528 0.119136 0
0.766303 0.124216 0
0.763002 0.128204 0
0.759901 0.132232 1
0.756135 0.137132 0
0.753297 0.140694 0
0.74672 0.146286 0
0.743057 0.154604 0
0.737902 0.15859 0
0.736929 0.162092 0
0.734456 0.16442 0
0.731801 0.171386 0
0.729484 0.175292 0
0.726704 0.180315 0
0.72478 0.184018 1
0.721931 0.189946 0
0.719086 0.192165 0
0.717081 0.194874 0
0.716081 0.199476 0
0.714556 0.20415 0
0.712141 0.210631 0
0.710315 0.216629 0
0.708034 0.222744 1
0.539748 0.625913 1
0.539581 0.629421 0
0.540184 0.632477 0
0.539714 0.634961 0
0.537179 0.636473 0
0.535513 0.636597 0
0.535349 0.641104 0
0.533927 0.643529 0
0.532411 0.645649 1
0.543406 0.712369 1
0.541035 0.715329 0
0.537166 0.719852 0
0.538559 0.724858 0
0.535329 0.729094 0
0.530838 0.731594 0
0.528142 0.735917 0
0.526463 0.740222 0
0.523371 0.744088 0
0.521571 0.747385 0
0.519789 0.748685 0
0.519159 0.752602 0
0.514088 0.754573 0
0.515248 0.761902 0
0.511732 0.763506 0
0.511074 0.768475 0
0.506634 0.772393 0
0.503052 0.774901 1
0.499083 0.777249 0
0.494215 0.780088 0
0.489782 0.782827 0
0.485264 0.785714 0
0.480849 0.791198 0
0.478944 0.796216 0
0.476798 0.799407 0
0.468703 0.798386 0
0.464963 0.802147 0
0.457669 0.801271 0
0.45251 0.803754 0
0.447653 0.806137 0
0.442865 0.812496 0
0.43634 0.815765 0
0.432797 0.818502 1
0.428788 0.819644 0
0.422898 0.819127 0
0.415831 0.820916 0
0.41342 0.824107 0
0.407524 0.821303 0
0.404462 0.822487 0
0.40205 0.827572 0
0.39757 0.826665 0
0.397698 0.831784 0
0.392903 0.830029 0
0.387306 0.829963 0
0.381795 0.83041 0
0.377008 0.826718 0
0.375112 0.827468 0
0.36819 0.824791 0
0.364831 0.827468 0
0.360809 0.831853 0
0.354924 0.836223 0
0.351516 0.839427 0
0.347085 0.838374 0
0.344758 0.836751 0
0.346706 0.817683 1
0.345352 0.816733 0
0.343114 0.818756 0
0.339181 0.819402 0
0.336601 0.821682 0
0.332566 0.825563 0
0.332056 0.82413 0
0.330055 0.82817 0
0.326215 0.837963 0
0.316005 0.848434 0
0.313098 0.846544 0
0.310447 0.844547 0
0.305268 0.847138 0
0.298866 0.849992 0
0.291202 0.850896 0
0.284751 0.848773 0
0.281867 0.845646 0
0.278056 0.845264 0
0.27542 0.841062 0
0.271323 0.838081 0
0.269881 0.83566 0
0.268271 0.832538 0
0.267415 0.829202 0
0.267389 0.826753 1
0.268679 0.825239 0
0.269434 0.822561 0
0.27145 0.814723 0
0.277185 0.808428 0
0.278498 0.806928 0
0.28302 0.800759 0
0.285186 0.794335 0
0.289313 0.788796 0
0.289582 0.786448 0
0.28887 0.783408 1
0.285559 0.779137 0
0.282339 0.775546 0
0.277092 0.771308 0
0.269943 0.770965 0
0.268511 0.7656 0
0.261363 0.76279 0
0.257264 0.756876 0
0.253572 0.753365 0
0.253258 0.748131 0
0.247261 0.744056 0
0.243676 0.73903 0
0.240909 0.734218 0
0.237155 0.729432 0
0.231019 0.728626 0
0.227625 0.723871 0
0.223315 0.722173 0
0.219429 0.717633 0
0.215495 0.713093 0
0.210633 0.707576 0
0.207931 0.703106 0
0.202848 0.699024 0
0.201481 0.694803 0
0.196035 0.691714 0
0.191175 0.686682 0
0.187661 0.683128 1
0.184216 0.67964 0
0.175821 0.678307 0
0.168846 0.677986 0
0.163872 0.672766 0
0.15632 0.672108 0
0.152844 0.666667 0
0.145443 0.664859 0
0.140147 0.65507 0
0.136601 0.65133 0
0.128888 0.650143 0
0.124052 0.644957 0
0.121203 0.63179 0
0.117376 0.627582 0
0.114035 0.623055 0
0.108786 0.620477 1
0.104697 0.619502 0
0.103291 0.61785 0
0.100414 0.616529 0
0.0959006 0.614582 0
0.050764 0.630854 1
0.0629041 0.618308 0
0.0669591 0.611019 0
0.0636525 0.610747 0
0.0158458 0.624604 0
0 0.630039 0
0.00430877 0.619775 0
0.0108816 0.619165 0
0.0140003 0.616084 0
0.0113444 0.611293 0
0.0152387 0.609446 0
0.018177 0.609061 1
0.0170536 0.606369 0
0.0164505 0.605267 0
0.0186591 0.602539 0
0.0191671 0.599188 0
0.0177876 0.594662 0
0.0129546 0.586251 0
0.0155131 0.581145 0
0.0215679 0.579804 0
0.0242806 0.57631 0
0.0272419 0.570664 0
0.0294031 0.567464 0
0.0350355 0.565136 0
0.0421817 0.572697 0
0.0460057 0.581798 1
0.0482352 0.578619 0
0.0507903 0.558775 0
0.0633806 0.553268 0
0.0673234 0.552329 0
0.071499 0.552727 0
0.0776893 0.548453 1
0.0795355 0.548996 0
0.0823696 0.55151 0
0.0843762 0.555214 0
0.0866288 0.556744 0
0.0894128 0.551996 0
0.0918363 0.548977 0
0.0935681 0.550947 0
0.0945464 0.553614 0
0.0974694 0.548106 0
0.099375 0.544603 0
0.101848 0.547057 0
0.10452 0.545374 0
0.106976 0.541564 0
0.111973 0.549605 0
0.116374 0.543598 0
0.117389 0.579659 1
0.126043 0.577275 0
0.133911 0.577333 0
0.139606 0.578796 0
0.145029 0.578257 0
0.152994 0.572573 0
0.156444 0.573105 0
0.165033 0.57721 0
0.17303 0.578589 0
0.176392 0.575601 0
0.179242 0.572064 0
0.186543 0.57124 0
0.19209 0.570219 0
0.198467 0.568851 0
0.203589 0.567699 0
0.208216 0.564062 0
0.213863 0.5627 0
0.219091 0.561804 0
0.223789 0.561135 0
0.227605 0.562489 1
0.233502 0.561226 0
0.242311 0.559344 0
0.248699 0.553289 0
0.256293 0.552574 0
0.263636 0.553994 0
0.270024 0.55262 0
0.275869 0.552169 0
0.287727 0.553306 0
0.294338 0.549398 1
0.298621 0.552079 0
0.302675 0.55445 0
0.306926 0.553213 0
0.311296 0.552211 0
0.316583 0.548244 0
0.321305 0.548208 0
0.325107 0.543624 0
0.328264 0.540894 0
0.332583 0.539164 0
0.337448 0.538589 1
0.341865 0.536944 0
0.346129 0.531106 0
0.352536 0.529568 0
0.353919 0.526185 0
0.358378 0.525277 0
0.362472 0.526383 0
0.368671 0.523069 0
0.373758 0.519859 0
0.379053 0.520746 0
0.386959 0.518977 0
0.392328 0.519976 0
0.39792 0.518024 0
0.403658 0.515628 0
0.408629 0.515377 0
0.415135 0.515815 0
0.420433 0.515907 0
0.421316 0.512383 1
0.426124 0.512223 0
0.430475 0.509565 0
0.435646 0.506883 0
0.43974 0.503953 0
0.442803 0.501414 0
0.443568 0.497264 0
0.44933 0.492318 0
0.452885 0.490788 0
0.457895 0.488097 0
0.461525 0.483873 0
0.465853 0.482075 0
0.471806 0.479437 0
0.475201 0.476063 1
0.477353 0.472575 0
0.482842 0.468914 0
0.48346 0.463959 0
0.486262 0.460376 0
0.492988 0.452787 0
0.496767 0.442115 0
0.500105 0.438954 0
0.503066 0.436937 0
0.506359 0.432352 0
0.509724 0.427614 0
0.512131 0.424877 0
0.514031 0.42334 1
0.514688 0.420604 0
0.51648 0.415975 0
0.516851 0.411445 0
0.519459 0.408433 0
0.518878 0.403877 0
0.52123 0.398491 0
0.521843 0.395007 0
0.526725 0.386706 0
0.531591 0.374386 0
0.534324 0.364295 0
0.537422 0.361006 0
0.537002 0.357852 0
0.538293 0.35384 0
0.539581 0.351883 1
0.539959 0.348833 0
0.542073 0.345413 0
0.542503 0.342612 0
0.543484 0.340487 0
0.545098 0.335185 0
0.54709 0.332009 0
0.548799 0.327263 0
0.544431 0.323674 0
0.547859 0.314589 0
0.550429 0.307121 0
0.550013 0.301748 0
0.548598 0.299335 0
0.545843 0.293643 0
0.547701 0.287135 0
0.546167 0.283475 0
0.545451 0.279882 1
0.544127 0.276284 0
0.540941 0.272531 0
0.538694 0.267063 0
0.537106 0.262055 0
0.536472 0.259307 0
0.533228 0.254902 0
0.531198 0.248738 0
0.531339 0.245684 0
0.527661 0.242708 0
0.525293 0.238739 0
0.524081 0.232951 0
0.522035 0.229949 1
0.519184 0.226625 0
0.515086 0.225898 0
0.509988 0.224935 0
0.505145 0.221028 0
0.503589 0.217063 0
0.498911 0.216129 0
0.494791 0.211681 0
0.488788 0.207901 0
0.485805 0.208476 0
0.478478 0.205437 0
0.475325 0.204088 0
0.470974 0.201607 0
0.465987 0.195643 0
0.460634 0.192175 0
0.455369 0.190874 0
0.452261 0.187015 0
0.446253 0.185092 0
0.443193 0.182958 0
0.438242 0.180894 1
0.432812 0.175376 0
0.426164 0.172607 0
0.418655 0.16781 0
0.412632 0.162754 0
0.40519 0.161509 0
0.398196 0.156416 0
0.391505 0.153369 0
0.383032 0.147872 0
0.375147 0.146915 0
0.367968 0.14274 0
0.363225 0.136963 0
0.356396 0.136319 0
0.350557 0.133869 0
0.345169 0.131561 0
0.344504 0.125477 0
0.344248 0.120135 0
0.337299 0.124336 0
0.328748 0.131045 0
0.3219 0.120181 0
0.326919 0.105648 0
0.32824 0.098674 0
0.328388 0.0947421 0
0.327329 0.0934524 0
0.326051 0.0929497 0
0.324141 0.0922723 0
0.323094 0.0916838 0
0.319877 0.0902181 0
0.318313 0.0884236 0
0.317425 0.0889137 0
0.317716 0.0891623 1
0.31755 0.0906723 0
0.31529 0.0901606 0
0.310823 0.0930145 0
0.298433 0.0942478 0
0.295997 0.0957568 0
0.297594 0.0965147 0
0.301497 0.0971544 0
0.299068 0.0952851 0
0.291819 0.0997041 0
0.288718 0.10069 0
0.287772 0.10449 0
0.288761 0.103485 0
0.290511 0.101577 0
0.287838 0.103491 0
0.284675 0.104164 0
0.282257 0.107504 0
0.280527 0.109877 0
0.281047 0.109657 0
0.280008 0.111282 0
0.279266 0.114447 0
0.270925 0.120342 0
0.265891 0.12534 0
0.264441 0.130787 0
0.262325 0.135251 0
0.259975 0.139773 0
0.260993 0.144218 1
0.262193 0.145595 0
0.266392 0.145721 0
0.268884 0.148007 0
0.273876 0.148166 0
0.262848 0.15605 0
0.265544 0.15493 0
0.273044 0.157386 0
0.277543 0.158432 0
0.278097 0.164063 0
0.290125 0.163567 0
0.300774 0.162089 0
0.308984 0.164008 0
0.314537 0.170306 0
0.31769 0.174328 0
0.319783 0.181135 0
0.319296 0.188353 0
0.319039 0.196616 0
0.323791 0.202416 0
0.328109 0.210642 0
0.328079 0.217088 0
0.33178 0.227038 0
0.334713 0.234027 0
0.341609 0.237899 0
0.346492 0.24889 0
0.3486 0.252679 0
0.352757 0.258645 0
0.354434 0.261984 0
0.358762 0.268507 0
0.360496 0.273108 0
0.36298 0.278873 0
0.364612 0.280365 0
0.366198 0.282857 0
0.368992 0.284946 0
0.369136 0.286227 0
0.371012 0.287839 1
0.374122 0.289171 0
0.375914 0.292288 0
0.379585 0.292987 0
0.384086 0.29457 0
0.389281 0.297209 0
0.39539 0.301159 0
0.398698 0.301567 0
0.401917 0.302112 0
0.408092 0.306075 0
0.415727 0.308954 0
0.420665 0.311094 0
0.423715 0.316433 0
0.426894 0.316011 0
0.433374 0.318037 0
0.437151 0.320112 0
0.441402 0.322027 0
0.444852 0.324369 1
0.640493 0.383416 1
0.644886 0.384955 0
0.654824 0.381901 0
0.659774 0.383542 0
0.664458 0.38598 0
0.673315 0.391538 0
0.681139 0.394961 0
0.684229 0.397327 0
0.688524 0.402664 1
0.691669 0.401473 0
0.693213 0.40081 0
0.696058 0.399946 0
0.699951 0.399176 0
0.70492 0.398392 0
0.708432 0.399811 0
0.71689 0.400774 0
0.724178 0.40279 0
0.740077 0.404564 0
0.749561 0.40938 0
0.754458 0.408451 0
0.760263 0.411715 0
0.764772 0.412799 0
0.766161 0.413079 0
0.769109 0.413709 0
0.772601 0.411741 0
0.773956 0.410356 1
0.775186 0.410658 0
0.778625 0.41275 0
0.783177 0.417255 0
0.789574 0.420936 0
0.796526 0.425508 0
0.801497 0.429552 0
0.80599 0.432555 0
0.80996 0.433647 0
0.809235 0.435561 0
0.814486 0.435377 0
0.817899 0.436267 0
0.818649 0.437306 0
0.821209 0.438353 0
0.823403 0.439081 0
0.826682 0.437646 0
0.830052 0.439703 0
0.833107 0.438534 0
0.833318 0.438575 1
0.834832 0.442133 0
0.83582 0.446356 0
0.829758 0.454582 0
0.830128 0.456811 0
0.828778 0.463877 0
0.829228 0.466214 0
0.827619 0.470797 0
0.826933 0.476397 0
0.825607 0.484588 1
0.830533 0.48549 0
0.834145 0.487626 0
0.839477 0.49003 0
0.845182 0.491023 0
0.84914 0.495299 0
0.854052 0.496991 0
0.86047 0.49861 0
0.864401 0.502858 0
0.86763 0.507055 0
0.867692 0.511673 0
0.872894 0.512244 0
0.880687 0.513803 0
0.89072 0.51068 0
0.888457 0.51607 0
0.884781 0.524288 0
0.888188 0.529882 1
0.89891 0.525553 0
0.905518 0.529109 0
0.914334 0.522851 0
0.923644 0.524109 0
0.927096 0.525125 0
0.929368 0.527216 0
0.934862 0.52654 0
0.940594 0.527106 0
0.943348 0.530613 0
0.951899 0.528267 0
0.956341 0.530726 0
0.959527 0.536625 0
0.962837 0.540511 0
0.966722 0.542666 0
0.968785 0.543159 0
0.972204 0.547303 0
0.973419 0.550287 1
0.969362 0.551343 0
0.965752 0.554089 0
0.965206 0.5527 0
0.964639 0.552271 0
0.962457 0.556774 0
0.961609 0.556929 0
0.958463 0.559936 0
0.957141 0.554345 0
0.976662 0.522681 0
0.985449 0.524564 0
1 0.53354 0
0.965583 0.575618 0
0.954436 0.569475 0
0.960681 0.57661 0
0.959755 0.578603 0
0.95975 0.583626 0
0.957878 0.587364 0
0.956587 0.591646 0
0.961811 0.597067 0
0.965176 0.601383 0
0.962028 0.602776 0
0.955593 0.603192 0
0.948046 0.604091 0
0.947993 0.608743 0
0.942092 0.612649 0
0.943645 0.617906 0
0.939625 0.621979 0
0.935217 0.62353 0
0.929612 0.626537 0
0.926087 0.631938 0
0.942576 0.646223 1
0.924292 0.644955 0
0.91907 0.644478 0
0.915521 0.652201 0
0.907915 0.64261 0
0.904301 0.641953 0
0.901743 0.647015 0
0.898396 0.649332 0
0.893194 0.647465 0
0.887041 0.645508 0
0.882772 0.644066 0
0.87864 0.642566 0
0.877794 0.64336 0
0.869337 0.642617 0
0.866137 0.645424 0
0.863839 0.647005 0
0.860394 0.649509 0
0.8579 0.652081 0
0.855392 0.653664 1
