0.999625 0.691227 1
0.999625 0.691227 0
0.999623 0.691227 0
0.999629 0.691272 0
1 0.691365 0
0.999284 0.684216 0
0.939124 0.669093 0
0.936771 0.66399 0
0.841826 0.67233 0
0.83001 0.663654 0
0.819955 0.650596 0
0.813563 0.643615 0
0.807165 0.640362 1
0.798052 0.639678 0
0.785105 0.628454 0
0.770564 0.610281 0
0.760984 0.590081 0
0.750959 0.571647 0
0.73883 0.54988 0
0.728413 0.52937 0
0.726643 0.508328 0
0.716819 0.488664 0
0.706799 0.475471 0
0.699488 0.466712 0
0.688562 0.453233 0
0.671618 0.441282 0
0.660423 0.435869 0
0.652324 0.430554 0
0.639202 0.423124 1
0.633905 0.400486 0
0.643685 0.377742 0
0.638843 0.352672 0
0.624194 0.342202 0
0.625445 0.321961 0
0.616028 0.307697 0
0.603154 0.295248 0
0.589726 0.280933 0
0.584989 0.265718 0
0.573185 0.260613 0
0.573977 0.229235 0
0.568312 0.214281 0
0.546525 0.214108 0
0.527797 0.205998 0
0.487406 0.197761 0
0.427672 0.204879 0
0.414739 0.201308 0
0.407686 0.19218 1
0.220761 0.215362 1
0.208316 0.210303 0
0.19906 0.201724 0
0.193453 0.19542 0
0.180466 0.192276 0
0.17115 0.182665 0
0.150105 0.170331 0
0.138519 0.160511 0
0.113132 0.144664 0
0.085651 0.130599 0
0.0689095 0.11704 0
0.0543414 0.106454 0
0.0510302 0.0967947 0
0.0384941 0.0904666 0
0.0368624 0.0784164 0
0.0225232 0.0705562 0
0.0252883 0.0651868 0
0.0301994 0.0581228 0
0.0240989 0.0418139 0
0.0443527 0.0378834 0
0.0448825 0.0228588 0
0.0557111 0.00962066 0
0.077649 0.0153962 0
0.109941 0.00934006 0
0.137166 0 0
0.167334 0.00674314 0
0.182979 0.00249906 0
0.199839 0.000191968 0
0.225748 0.00696146 0
0.237303 0.00755935 0
0.239954 0.00581912 0
0.240283 0.00589093 1
0.253476 0.00891352 0
0.265657 0.0182614 0
0.275243 0.0321344 0
0.286025 0.0432842 0
0.30274 0.0526757 0
0.304116 0.0716607 0
0.314585 0.0949609 0
0.319432 0.115513 0
0.323194 0.132816 0
0.324919 0.149067 0
0.330397 0.15583 1
0.313749 0.172984 0
0.309469 0.29732 0
0.300526 0.293549 0
0.29987 0.29813 0
0.299708 0.299194 1
0.30963 0.308564 0
0.316301 0.330186 0
0.324696 0.352355 0
0.332346 0.376038 0
0.336889 0.392086 0
0.334295 0.407527 1
0.349675 0.417518 0
0.350827 0.429654 0
0.361073 0.436529 0
0.36895 0.455666 0
0.381758 0.463163 0
0.389974 0.469908 0
0.399367 0.486662 0
0.419281 0.495143 0
0.425464 0.510441 0
0.432549 0.521444 0
0.453761 0.558214 0
0.514329 0.562081 0
0.519283 0.586565 0
0.531358 0.599116 0
0.540847 0.613892 0
0.555331 0.62301 0
0.569914 0.638552 0
0.576036 0.656856 0
0.59596 0.667248 0
0.603941 0.675769 0
0.636374 0.702472 0
0.645058 0.710225 0
0.608777 0.751253 0
0.889519 0.544554 1
0.67156 0.746952 0
0.662742 0.770627 0
0.673071 0.78651 0
0.674576 0.796363 0
0.691808 0.802279 0
0.702826 0.814113 0
0.719625 0.825571 0
0.734561 0.840362 0
0.757778 0.842037 0
0.768795 0.848999 1
0.772218 0.862338 0
0.784802 0.877336 0
0.790117 0.886969 0
0.800136 0.887863 0
0.806036 0.891506 0
0.813905 0.885446 0
0.824123 0.889736 0
0.836767 0.887376 0
0.847445 0.888498 0
0.855542 0.875615 0
0.863498 0.898026 0
0.875297 0.875717 0
0.886873 0.8735 0
0.906586 0.87812 0
0.922414 0.881601 0
0.92751 0.859107 0
0.948289 0.849261 0
0.950548 0.837279 0
0.958961 0.819928 0
0.96271 0.800403 0
0.966254 0.787546 0
0.967082 0.77564 0
0.97028 0.76517 1
0.969124 0.762873 0
0.966176 0.760047 0
0.96355 0.755319 0
0.954115 0.746074 0
0.945318 0.74493 0
0.935731 0.730641 0
0.910504 0.696572 0
0.896542 0.647247 0
0.886966 0.641285 0
0.883725 0.627372 0
0.875534 0.615715 0
0.867674 0.611079 0
0.866549 0.604938 1
0.854197 0.603151 0
0.838334 0.588811 0
0.815619 0.569677 0
0.815521 0.550563 0
0.816002 0.535035 1
0.804737 0.528045 0
0.794572 0.522159 0
0.786635 0.516035 0
0.778988 0.505383 0
0.768999 0.494366 0
0.759656 0.478134 0
0.746212 0.470954 0
0.734485 0.460479 0
0.718596 0.448995 0
0.709241 0.432289 0
0.718835 0.409822 0
0.711808 0.396461 0
0.593615 0.3956 0
0.581509 0.38548 0
0.564058 0.376715 0
0.548771 0.368946 0
0.551551 0.364426 0
0.536478 0.352727 0
0.518969 0.34175 0
0.503711 0.330415 0
0.490985 0.321315 0
0.486085 0.31269 0
0.471051 0.303176 0
0.464754 0.29338 0
0.445689 0.28428 0
0.434651 0.276637 1
0.231583 0.305697 1
0.216212 0.301534 0
0.207291 0.294934 0
0.189366 0.288246 0
0.177072 0.274132 0
0.162191 0.264757 0
0.141813 0.242702 0
0.134555 0.243473 0
0.12013 0.231472 0
0.0642058 0.282351 0
0.047869 0.274985 0
0.0380471 0.264509 0
0.0464617 0.243787 0
0.041972 0.230429 1
0.0177627 0.127293 1
0.0134454 0.114124 0
0.0129818 0.104503 0
0.00879991 0.0979876 0
0.000187766 0.0935332 0
0 0.0883594 0
0.0105145 0.0806235 0
0.00815981 0.0742651 0
0.0412475 0.0619899 0
0.0407469 0.0533817 0
0.0614773 0.0416602 0
0.0841115 0.0445343 0
0.109291 0.0439847 0
0.120337 0.0385581 0
0.138505 0.0382875 0
0.149936 0.0333292 0
0.16718 0.0358238 0
0.173792 0.0293553 0
0.18458 0.0342796 0
0.192349 0.0343009 0
0.199574 0.0302336 0
0.221163 0.0512534 0
0.22503 0.0717543 0
0.24308 0.0807997 0
0.256128 0.101211 0
0.265836 0.10859 0
0.277259 0.126847 0
0.281991 0.143815 0
0.295863 0.167168 0
0.33113 0.183202 0
0.321661 0.187868 0
0.330058 0.249751 0
0.336429 0.269543 0
0.361236 0.301443 0
0.372016 0.318361 0
0.375918 0.319652 0
0.391107 0.344128 0
0.389812 0.358523 0
0.397615 0.368881 0
0.410227 0.396809 0
0.412383 0.413823 0
0.416751 0.420101 0
0.425836 0.426439 0
0.435359 0.44186 0
0.445775 0.457024 0
0.455514 0.481547 0
0.462307 0.493052 0
0.472184 0.50026 0
0.48483 0.51443 0
0.493633 0.525188 1
0.499872 0.540426 0
0.496577 0.565039 0
0.506778 0.570835 0
0.519113 0.583637 0
0.519275 0.599882 0
0.535932 0.617236 0
0.555999 0.628608 0
0.557073 0.642459 0
0.570194 0.656984 0
0.589374 0.672076 0
0.600406 0.68407 0
0.618756 0.694223 1
0.621368 0.710132 0
0.628219 0.727647 0
0.639194 0.745404 0
0.645153 0.772287 0
0.660904 0.783587 0
0.659603 0.800488 0
0.676726 0.810192 0
0.682235 0.823416 0
0.694125 0.837775 0
0.709238 0.879268 0
0.728594 0.908832 0
0.747569 0.931269 0
0.772039 0.936873 0
0.78519 0.943332 0
0.796882 0.95046 0
0.803409 0.962144 0
0.806232 0.968791 0
0.82366 0.960414 0
0.847039 0.977675 0
0.852433 0.977688 0
0.858888 0.974304 0
0.870789 0.965566 0
0.876419 0.964432 0
0.887476 0.950864 1
