0.143476 0.802921 1
0.143665 0.816406 0
0.149821 0.831515 0
0.159342 0.852675 0
0.171781 0.875747 0
0.175635 0.896685 0
0.198337 0.974658 0
0.236556 0.993597 0
0.262012 0.997927 0
0.260698 1 0
0.262522 0.989922 0
0.274369 0.988153 1
0.280513 0.991872 0
0.284833 0.98726 0
0.292166 0.982209 0
0.309365 0.981436 0
0.319175 0.976272 0
0.345358 0.996686 0
0.382371 0.977174 0
0.403995 0.963223 0
0.427936 0.950414 0
0.441112 0.936358 0
0.456387 0.918311 0
0.4712 0.897118 0
0.482819 0.893804 0
0.486836 0.881217 0
0.488174 0.871218 1
0.498899 0.844713 0
0.507552 0.82303 0
0.515351 0.798067 0
0.52112 0.770944 0
0.524956 0.748261 0
0.526763 0.717643 0
0.521568 0.686688 1
0.522191 0.683609 0
0.512854 0.682156 0
0.520939 0.606204 0
0.536218 0.579003 0
0.53893 0.559811 0
0.531876 0.541148 0
0.518597 0.523971 0
0.502184 0.505287 0
0.485744 0.488807 0
0.47818 0.471441 0
0.46814 0.460955 0
0.471468 0.432202 0
0.467682 0.412082 0
0.466465 0.3916 0
0.462999 0.384093 0
0.465979 0.376066 1
0.457271 0.363829 0
0.452893 0.345084 0
0.442406 0.331203 0
0.443239 0.306257 0
0.436164 0.281652 0
0.427503 0.2554 0
0.398331 0.238273 0
0.392241 0.220991 0
0.379339 0.204166 0
0.36738 0.192439 1
0.351351 0.180158 0
0.326184 0.171292 0
0.298302 0.168274 0
0.288992 0.147563 0
0.268946 0.142109 0
0.244075 0.136681 0
0.240499 0.127306 0
0.239 0.118131 0
0.232729 0.114375 1
0.228184 0.110571 0
0.219716 0.110053 0
0.214273 0.116432 0
0.201919 0.120988 0
0.189727 0.133579 0
0.183132 0.140527 0
0.170581 0.146442 0
0.163859 0.158337 0
0.151626 0.165193 0
0.144697 0.187403 0
0.137538 0.202755 0
0.12924 0.220947 0
0.113895 0.234624 0
0.111688 0.24733 0
0.0988582 0.274394 0
0.103207 0.29385 0
0.0995937 0.307014 0
0.106562 0.324824 0
0.0933323 0.355434 1
0.088772 0.367744 0
0.0877561 0.381733 0
0.0814408 0.391302 0
0.0854226 0.403072 0
0.095022 0.41699 0
0.0929163 0.430764 0
0.0977598 0.453575 0
0.0907219 0.474075 0
0.0726489 0.495973 0
0.0625473 0.51533 0
0.0704173 0.531483 0
0.0753882 0.546202 0
0.0883961 0.557205 0
0.0933853 0.573852 1
0.0925132 0.593366 0
0.0971554 0.611352 0
0.102969 0.629956 0
0.118725 0.647337 0
0.125209 0.666612 0
0.131533 0.685391 0
0.139613 0.703999 0
0.149075 0.72562 0
0.157068 0.749263 0
0.16761 0.765097 0
0.177754 0.787041 0
0.18147 0.810222 0
0.182511 0.843499 0
0.194324 0.870306 0
0.226583 0.89795 0
0.233517 0.917082 0
0.24193 0.922167 0
0.254246 0.925859 0
0.261268 0.931779 0
0.277138 0.935302 0
0.293087 0.940965 0
0.298594 0.93161 0
0.307039 0.931057 0
0.318988 0.932847 0
0.338514 0.934432 0
0.349072 0.930142 0
0.357337 0.927358 0
0.391442 0.914944 0
0.408051 0.901801 0
0.426255 0.886649 0
0.442011 0.881523 0
0.451094 0.86283 0
0.462615 0.847057 0
0.474368 0.83779 0
0.484046 0.81983 0
0.490342 0.798356 0
0.496277 0.776235 0
0.494683 0.757331 0
0.500618 0.729288 0
0.504074 0.706647 0
0.51518 0.680246 0
0.471058 0.638775 0
0.473527 0.600301 0
0.484076 0.585805 0
0.497685 0.566368 0
0.503386 0.543352 0
0.487764 0.523647 0
0.480937 0.504623 0
0.471077 0.48896 0
0.460443 0.480815 0
0.46985 0.452628 0
0.459655 0.435622 0
0.452235 0.422383 0
0.432082 0.403791 0
0.420461 0.377262 0
0.407049 0.358017 0
0.393853 0.341289 0
0.377704 0.335292 0
0.361381 0.322394 0
0.345129 0.303844 1
0.335982 0.289576 0
0.336931 0.272486 0
0.323017 0.2579 0
0.317933 0.242582 0
0.310889 0.224911 0
0.300328 0.201876 0
0.281881 0.191728 0
0.285973 0.159712 0
0.287127 0.144174 0
0.274299 0.132898 0
0.274043 0.113661 0
0.204163 0.0890331 0
0.202411 0.0904979 0
0.203042 0.0894103 0
0.196634 0.0918155 0
0.190262 0.0899775 0
0.183964 0.0899614 0
0.176535 0.0884402 0
0.163984 0.0893405 0
0.161019 0.0897666 1
0.151804 0.0952029 0
0.137254 0.111529 0
0.133941 0.115069 0
0.125322 0.130131 0
0.114222 0.151466 0
0.0948435 0.179453 0
0.0876619 0.20292 1
0.0822616 0.220146 0
0.0677245 0.229503 0
0.0573989 0.247365 0
0.0544991 0.277556 0
0.0281293 0.30086 0
0.0199388 0.316108 0
0.0137279 0.328613 0
0 0.346955 0
0.00124583 0.368902 0
0.0202696 0.38569 0
0.0181796 0.398886 0
0.0276723 0.413759 0
0.0306302 0.428138 0
0.0382235 0.435908 0
0.0454499 0.448206 1
0.0415429 0.465578 0
0.0330472 0.495431 0
0.0493156 0.510695 0
0.0541335 0.529603 0
0.061747 0.546845 0
0.0651007 0.556792 0
0.0767491 0.590913 0
0.124592 0.598503 0
0.134161 0.612891 0
0.140818 0.628451 0
0.149383 0.64556 0
0.152371 0.668603 0
0.162119 0.683869 0
0.171999 0.698462 0
0.191219 0.710084 0
0.201449 0.72525 0
0.211314 0.728686 0
0.232072 0.740903 0
0.232852 0.757703 0
0.240827 0.768754 0
0.243581 0.790343 1
0.256885 0.79989 0
0.267376 0.824193 0
0.277217 0.829828 0
0.281506 0.838518 0
0.280471 0.851718 0
0.290215 0.85669 0
0.300802 0.867072 0
0.30661 0.870996 0
0.316808 0.862424 0
0.327166 0.866618 0
0.338419 0.879922 0
0.350074 0.877688 0
0.354233 0.866122 0
0.358214 0.863563 1
0.368827 0.849092 0
0.397042 0.835746 0
0.413752 0.824137 0
0.420409 0.803649 0
0.425499 0.783135 0
0.432144 0.779794 0
0.431168 0.774194 0
0.43856 0.749253 0
0.446963 0.72447 0
0.45841 0.718153 0
0.469856 0.710255 0
0.46821 0.700614 0
0.478342 0.685659 1
0.54286 0.664574 1
0.546484 0.641105 0
0.540936 0.624215 0
0.534856 0.609919 0
0.536252 0.588374 0
0.540919 0.576608 0
0.53921 0.557923 0
0.532134 0.527611 0
0.536403 0.505282 0
0.522656 0.493566 0
0.517503 0.475265 0
0.523647 0.453278 0
0.510492 0.440627 0
0.524496 0.411193 0
0.518433 0.392805 0
0.501304 0.381862 1
0.491944 0.369441 0
0.421998 0.340517 0
0.406254 0.328983 0
0.383506 0.311637 0
0.385609 0.29261 0
0.39941 0.273063 0
0.375498 0.257574 0
0.375341 0.246236 0
0.354666 0.232413 0
0.345857 0.215464 0
0.389947 0.168695 0
0.37072 0.152167 0
0.350918 0.144756 0
0.347595 0.0979768 0
0.323705 0.106263 0
0.300695 0.0718604 0
0.277475 0.0632075 0
0.248981 0.0470402 0
0.211276 0.0499809 0
0.216038 0.0321484 0
0.209428 0.0226729 0
0.21602 0 1
0.183278 0.0237206 0
0.164574 0.0373747 0
0.151142 0.0382645 0
0.140746 0.0293091 0
0.13112 0.0501881 0
0.119995 0.055628 1
