0.101527 0.117408 1
0.0872892 0.136293 0
0.0605558 0.154621 0
0.0322111 0.183546 0
0.0192534 0.209272 0
0.0266429 0.240784 0
0.0191227 0.271752 0
0.0308009 0.309276 0
0.0297961 0.330134 0
0.0612639 0.383731 0
0.0377196 0.406499 0
0.0493875 0.432334 0
0.0634426 0.457327 0
0.0788065 0.494358 0
0.0714465 0.531722 0
0.0878378 0.575223 0
0.0807038 0.603103 0
0.0910031 0.635493 0
0.0756292 0.680041 0
0.0612546 0.708538 1
0.0896433 0.747356 0
0.0749543 0.780183 0
0.0863061 0.807601 0
0.0946991 0.831669 0
0.110572 0.856547 0
0.1264 0.871628 0
0.145434 0.896278 0
0.177407 0.905203 1
0.1854 0.924837 0
0.204347 0.939816 0
0.22646 0.954594 0
0.26482 0.967463 0
0.292814 0.964621 0
0.321406 0.97434 0
0.352715 0.993731 0
0.382992 0.996542 0
0.409842 1 0
0.429424 0.994121 0
0.45241 0.985032 0
0.481675 0.978617 0
0.519061 0.990125 0
0.544737 0.981793 0
0.584042 0.961895 0
0.597736 0.938172 0
0.628613 0.937534 0
0.647874 0.913016 0
0.650683 0.88948 0
0.665445 0.883803 0
0.660241 0.864679 1
0.674355 0.846977 0
0.700885 0.81579 0
0.710214 0.782412 0
0.692462 0.735888 0
0.712743 0.694227 0
0.704845 0.625256 0
0.69156 0.6088 0
0.683068 0.575153 0
0.671445 0.540738 0
0.651302 0.513695 0
0.64559 0.494583 1
0.654578 0.467388 0
0.635239 0.442833 0
0.612363 0.419028 0
0.622787 0.386994 0
0.612535 0.366605 0
0.6224 0.345666 0
0.618293 0.306382 0
0.606791 0.293436 0
0.597906 0.258292 0
0.571211 0.253351 0
0.566441 0.230757 0
0.567066 0.207684 0
0.540212 0.186421 0
0.498507 0.171856 0
0.457077 0.158281 0
0.448593 0.143144 0
0.431161 0.129231 0
0.412908 0.11521 0
0.404895 0.090861 0
0.401731 0.061821 0
0.373343 0.0506198 0
0.351238 0.0272216 0
0.339256 0.0152289 0
0.307583 0.00537354 0
0.280098 0 0
0.262275 0.00302237 1
0.244236 0.0082206 0
0.229053 0.013324 0
0.211781 0.0300332 0
0.186874 0.0557618 0
0.165841 0.0652772 0
0.14141 0.0801549 0
0.133026 0.0990859 0
0.126547 0.11801 0
0.115252 0.135889 0
0.0745189 0.158426 0
0.0424211 0.182468 0
0.0220504 0.212442 0
0.00893079 0.238359 0
0.0106239 0.271983 0
0 0.290295 0
0.0174021 0.322007 0
0.00496137 0.338358 0
0.0106127 0.357024 0
0.026197 0.381669 0
0.0653486 0.41359 0
0.0763385 0.463781 0
0.085239 0.525546 0
0.109787 0.574425 0
0.121265 0.6082 1
0.116877 0.627934 0
0.114192 0.652509 0
0.121155 0.669624 0
0.136903 0.692631 0
0.148243 0.71653 0
0.159908 0.745344 0
0.174717 0.76723 0
0.170835 0.793582 0
0.204757 0.82071 0
0.225424 0.836615 0
0.242987 0.857521 0
0.254459 0.870878 0
0.27105 0.883301 0
0.303768 0.894014 0
0.330145 0.902917 0
0.35064 0.910716 0
0.371652 0.924418 0
0.403009 0.922786 0
0.42598 0.936112 0
0.450809 0.924519 0
0.47297 0.922054 0
0.491091 0.918087 0
0.503496 0.908672 0
0.520966 0.902848 0
0.528017 0.901569 0
0.538748 0.889996 1
0.555025 0.87494 0
0.561186 0.853498 0
0.569138 0.836135 0
0.579499 0.817528 0
0.585414 0.796727 0
0.609906 0.781603 0
0.613387 0.768237 0
0.631135 0.729248 0
0.607457 0.701058 0
0.58223 0.652807 1
0.591278 0.651545 0
0.594828 0.632053 0
0.574955 0.592306 0
0.574612 0.583778 0
0.56999 0.560092 0
0.568178 0.530004 0
0.559595 0.489916 0
0.528586 0.453274 0
0.504883 0.418772 0
0.480538 0.408763 0
0.47965 0.396159 0
0.471448 0.394442 0
0.454951 0.366127 1
0.447251 0.341739 0
0.474917 0.31917 0
0.459217 0.30399 0
0.462181 0.296817 0
0.453717 0.274684 0
0.438122 0.265445 1
