0.234331 0.913144 1
0.252584 0.912969 0
0.280743 0.901493 0
0.28682 0.870957 0
0.308111 0.827178 0
0.343732 0.867398 0
0.403444 0.858806 0
0.404106 0.841963 0
0.440225 0.818558 0
0.465992 0.789729 0
0.488875 0.756796 0
0.504898 0.733024 0
0.540684 0.735897 0
0.569609 0.709243 0
0.613424 0.699234 0
0.653824 0.681702 0
0.676213 0.654858 0
0.691793 0.639759 0
0.297814 0.167318 1
0.63311 0.497254 1
0.740666 0.580386 0
0.755481 0.573057 0
0.773945 0.553739 0
0.79452 0.538976 0
0.813657 0.495664 0
0.850462 0.496276 0
0.845949 0.467563 0
0.840835 0.44026 0
0.896598 0.41762 0
0.910813 0.382544 0
0.912285 0.278757 1
0.911657 0.356109 0
0.907105 0.296242 0
0.886003 0.261987 0
0.861238 0.227148 0
0.824168 0.217098 0
0.800129 0.198531 0
0.772017 0.218774 0
0.74862 0.217206 0
0.731457 0.181452 0
0.610661 0.177137 0
0.584162 0.17165 0
0.682494 0.141557 0
0.659314 0.160306 0
0.639949 0.13459 0
0.689645 0 1
0.610625 0.178974 1
0.612025 0.210027 0
0.625312 0.251967 0
0.578816 0.25551 0
0.550822 0.249029 0
0.527775 0.261134 0
0.502449 0.280844 0
0.471489 0.307864 0
0.431732 0.332828 0
0.4057 0.351595 0
0.381977 0.372505 0
0.351703 0.384571 0
0.330586 0.402998 0
0.306573 0.420063 0
0.285339 0.439751 0
0.259158 0.463916 0
0.222398 0.478676 0
0.206779 0.502382 0
0.191716 0.512131 0
0.178814 0.530336 0
0.17574 0.559513 0
0.14998 0.570967 0
0.147608 0.597904 0
0.116996 0.610887 0
0.0964145 0.626412 0
0.0834422 0.649617 0
0.0778392 0.671692 0
0.0893723 0.692914 0
0.0550254 0.692768 0
0.0536534 0.706781 0
0.0795224 0.724282 0
0.0749167 0.752341 0
0.0561011 0.793066 0
0.0536767 0.82712 0
0.0747518 0.849949 0
0.0934006 0.873249 1
0.0641059 0.893618 0
0.060031 0.916491 0
0.0544902 0.946297 0
0.068953 0.966827 0
0.0925197 0.964613 0
0.116589 0.948453 0
0.131848 0.978481 0
0.162495 0.978813 0
0.181824 0.968099 0
0.206254 1 0
0.226058 0.979171 0
0.247653 0.975116 0
0.273681 0.982426 0
0.290488 0.958657 0
0.315991 0.950974 0
0.337872 0.938407 0
0.375399 0.935865 0
0.438206 0.907615 0
0.417143 0.897405 0
0.446739 0.880217 0
0.475691 0.858052 0
0.497989 0.838935 0
0.519909 0.821927 0
0.542054 0.797561 0
0.567442 0.770102 0
0.604332 0.734195 0
0.612888 0.660329 0
0.618114 0.62237 0
0.628432 0.604184 0
0.653163 0.575169 0
0.650185 0.552847 0
0.665389 0.533654 0
0.700057 0.524214 0
0.715964 0.507609 0
0.727459 0.477738 0
0.759087 0.481255 0
0.762642 0.435577 0
0.737036 0.417488 0
0.759125 0.400106 0
0.817134 0.384693 0
0.833943 0.362322 0
0.832134 0.334467 0
0.795236 0.300876 0
0.814332 0.295715 0
0.878937 0.174665 0
0.861923 0.138139 0
0.822972 0.120249 0
0.795334 0.054598 0
0.801901 0.10306 0
0.72143 0.104124 0
0.707134 0.0728843 0
0.707415 0.0528333 0
0.662146 0.033415 1
0.637266 0.0370849 0
0.608268 0.0613597 0
0.574094 0.0654347 0
0.56487 0.0963502 0
0.541893 0.109805 0
0.529158 0.141355 0
0.499527 0.159131 0
0.47285 0.140501 0
0.491686 0.222135 0
0.389994 0.222449 1
0.386409 0.258217 0
0.367877 0.27085 0
0.347178 0.274381 0
0.301834 0.296267 1
0.29708 0.316389 0
0.270319 0.331199 0
0.25154 0.344843 0
0.233148 0.371062 0
0.190263 0.394653 0
0.143848 0.411327 0
0.11531 0.407072 0
0.0921163 0.432104 0
0.0736533 0.44281 0
0.0363384 0.445053 0
0.0525851 0.477027 0
0.0612048 0.507173 0
0.0291879 0.511149 0
0.0366957 0.541095 0
0.0155472 0.550489 0
0 0.568422 1
