0.482342 0.693695 1
0.478699 0.698411 0
0.474146 0.702343 0
0.471602 0.705321 0
0.468888 0.70833 0
0.469222 0.7127 0
0.45969 0.718818 0
0.410735 0.723172 0
0.348593 0.713533 0
0.208145 0.514286 0
0.300562 0.359098 0
0.353854 0.328714 0
0.384715 0.314892 0
0.409954 0.304134 0
0.439273 0.295585 0
0.473102 0.290343 0
0.513076 0.289993 0
0.550441 0.293673 0
0.571031 0.294615 0
0.587751 0.295617 0
0.607445 0.299378 0
0.630361 0.306909 0
0.652886 0.316521 0
0.670748 0.323403 0
0.682034 0.325393 0
0.688007 0.324312 0
0.694351 0.323302 0
0.702755 0.322677 0
0.710434 0.321304 0
0.718491 0.321105 0
0.757613 0.358926 0
0.774675 0.374528 0
0.790389 0.389876 0
0.805877 0.406107 0
0.820012 0.420604 0
0.832673 0.434525 0
0.843388 0.446308 0
0.852524 0.454023 0
0.862797 0.462991 0
0.873109 0.470414 1
0.883066 0.475493 0
0.890579 0.475123 0
0.895448 0.468538 0
0.90086 0.462335 0
0.905735 0.449469 0
0.907383 0.425086 0
0.905719 0.395939 0
0.894046 0.352349 0
0.857116 0.281805 0
0.612639 0.110563 1
0 0.301221 0
0.00487177 0.281937 0
0.00601147 0.268876 0
0.00932588 0.253173 0
0.0124331 0.239298 0
0.0154148 0.226494 0
0.0192288 0.212496 0
0.0234523 0.199426 0
0.029012 0.187135 0
0.0366235 0.174925 0
0.0434448 0.163353 1
0.0523204 0.150174 0
0.0661316 0.134259 0
0.0881979 0.114013 0
0.135525 0.0819621 0
0.281316 0.0239186 0
0.3319 0.0121791 0
0.342235 0.00963601 0
0.375161 0.00386744 0
0.420335 0 1
0.404598 0.000737866 0
0.352215 0.00671407 0
0.299293 0.0187223 0
0.269942 0.0269014 0
0.257723 0.0310382 0
0.247221 0.0362128 0
0.23975 0.0407418 0
0.232651 0.0470158 1
0.247459 0.0455114 0
0.258341 0.0463119 0
0.276946 0.0427985 0
0.301606 0.0412699 0
0.140241 0.108692 0
0.767698 0.123848 1
0.826442 0.170043 0
0.982043 0.391799 1
0.972041 0.369177 0
1 0.498911 0
0.998012 0.519383 0
0.996132 0.503577 0
0.991527 0.464402 0
0.971349 0.391517 0
0.92178 0.296155 0
0.964312 0.388831 0
0.924469 0.309 0
0.850314 0.221006 0
0.757607 0.152137 0
0.668865 0.110013 0
0.581875 0.0862357 1
0.476822 0.0764251 0
0.366525 0.0872336 0
0.27279 0.116089 0
0.207688 0.150646 0
0.205976 0.161415 1
0.269819 0.145166 0
0.391231 0.128794 1
0.615392 0.167216 1
0.751642 0.261573 1
0.864929 0.501682 1
0.781165 0.733562 1
0.534791 0.8684 1
0.406371 0.870348 1
0.320287 0.850374 0
0.194545 0.783987 0
0.129973 0.716053 0
0.104112 0.674094 0
0.0763025 0.59504 0
0.0729257 0.549923 0
0.0774499 0.543383 0
0.0913745 0.461039 1
0.0996964 0.600667 0
0.341262 0.818857 0
0.316059 0.803685 0
0.292753 0.786873 0
0.271116 0.768174 0
0.256147 0.752862 0
0.242116 0.738654 0
0.217302 0.713656 0
0.146649 0.583276 0
0.143933 0.547462 0
0.146595 0.566113 0
0.150385 0.584077 0
0.151576 0.583248 0
0.151882 0.573145 0
0.152698 0.559264 0
0.154039 0.551226 0
0.156251 0.5529 0
0.159789 0.548077 0
0.163748 0.553514 0
0.178561 0.616129 0
0.219657 0.684311 0
0.261538 0.718316 0
0.295145 0.738292 0
0.32131 0.749554 0
0.366637 0.764679 0
0.387209 0.77033 0
0.390638 0.772301 0
0.388975 0.775178 0
0.373625 0.774304 0
0.308399 0.753697 0
0.154694 0.493283 0
0.243469 0.337192 0
0.263539 0.316597 1
0.13446 0.509107 0
0.33349 0.791951 0
0.40408 0.812419 0
0.41129 0.817928 0
0.407773 0.821475 0
0.404082 0.825196 0
0.40184 0.829374 0
0.397964 0.83321 0
0.393369 0.836684 0
0.390382 0.839065 0
0.384937 0.840521 0
0.375694 0.84121 0
0.368798 0.842125 0
0.366862 0.845011 0
0.367819 0.848184 0
0.369338 0.849854 0
0.371877 0.852327 0
0.37779 0.856911 0
0.385634 0.862181 0
0.393538 0.867552 0
0.400472 0.873137 0
0.407977 0.87891 0
0.414632 0.88471 0
0.418494 0.889881 0
0.421811 0.893423 0
0.424771 0.896395 0
0.426582 0.899444 0
0.426849 0.900862 0
0.43089 0.903803 1
0.44423 0.910618 0
0.458532 0.919112 0
0.470313 0.927701 0
0.481703 0.937615 0
0.493387 0.947799 0
0.507211 0.955474 0
0.517304 0.960197 0
0.523886 0.96378 0
0.529223 0.967444 0
0.534114 0.971058 0
0.53697 0.974263 0
0.538803 0.977568 0
0.544932 0.981409 0
0.552749 0.985917 0
0.557957 0.98954 0
0.564233 0.991972 0
0.573522 0.993255 0
0.58064 0.9945 0
0.581703 0.997021 0
0.585791 0.998011 0
0.590774 0.998761 0
0.597558 0.998846 0
0.602221 0.998938 0
0.604863 0.99946 0
0.607527 0.999652 1
0.607113 1 0
0.609964 0.999422 0
0.616026 0.997313 0
0.616221 0.996145 0
0.617147 0.994312 0
0.624225 0.989947 0
0.634163 0.984419 0
0.639913 0.980724 0
0.645386 0.977116 0
0.654666 0.971957 0
0.662704 0.967011 0
0.669888 0.961535 0
0.676737 0.95573 0
0.680718 0.951333 0
0.685461 0.946595 0
0.691307 0.941056 0
0.695336 0.935839 0
0.698875 0.93095 0
0.7035 0.925628 0
0.711669 0.917242 0
0.72019 0.907749 0
0.726511 0.899091 0
0.731633 0.892057 0
0.737697 0.884394 0
0.742903 0.876608 0
0.748299 0.867752 0
0.755338 0.856999 0
0.763372 0.84462 0
0.771274 0.831983 0
0.777741 0.821142 0
0.783835 0.810302 0
0.789521 0.798679 0
0.794477 0.78768 0
0.799487 0.777187 0
0.805065 0.765017 1
0.809892 0.752333 0
0.81423 0.741083 0
0.81846 0.729091 0
0.821284 0.716313 0
0.823344 0.705451 0
0.825457 0.69666 0
0.827757 0.685752 0
0.828902 0.672432 0
0.829611 0.66064 0
0.830431 0.652043 0
0.830432 0.638279 0
0.828809 0.622757 0
0.827116 0.610907 0
0.825459 0.60126 0
0.823375 0.590865 0
0.820438 0.578704 1
0.818056 0.567302 0
0.815685 0.56002 0
0.812123 0.551851 0
0.808242 0.544513 0
0.804377 0.535099 0
0.799473 0.520914 0
0.793823 0.507552 0
0.788606 0.496872 0
0.784847 0.489417 0
0.779666 0.478503 0
0.77073 0.46039 0
0.761584 0.444861 0
0.751686 0.430176 0
0.737382 0.410919 0
0.725285 0.398175 0
0.71071 0.383604 0
0.686459 0.361434 0
0.664649 0.345783 0
0.646333 0.335444 0
0.623063 0.323519 0
0.593219 0.311573 0
0.561851 0.302765 0
0.529634 0.296526 0
0.500336 0.295076 0
0.471586 0.295338 0
0.436394 0.300371 0
0.402969 0.30952 0
0.377989 0.319749 0
0.364235 0.328223 0
0.355287 0.335916 0
0.333388 0.350005 0
0.308919 0.368975 0
0.28375 0.396243 0
0.259224 0.433322 0
0.239831 0.483346 0
0.256301 0.607832 0
0.273675 0.631401 0
0.244436 0.57378 0
0.242012 0.564253 0
0.243205 0.562807 0
0.245473 0.572912 0
0.247521 0.580083 0
0.253405 0.586898 0
0.259337 0.585684 0
0.267687 0.592129 0
0.276781 0.603141 0
0.275461 0.598833 0
0.278577 0.604197 0
0.286237 0.616086 0
0.286262 0.617684 0
0.288259 0.624919 0
0.289343 0.631398 0
0.282575 0.628805 0
0.274991 0.631716 0
0.269945 0.638981 0
0.265451 0.639014 0
0.264344 0.63684 0
0.265544 0.635292 0
0.262513 0.634017 0
0.258668 0.63615 0
0.257816 0.639634 0
0.257626 0.640132 0
0.254306 0.635067 0
0.250331 0.631343 0
0.249222 0.631473 0
0.24891 0.628875 0
0.528345 0.70728 0
0.618421 0.410093 0
0.591619 0.384333 0
0.563211 0.362861 0
0.539069 0.349684 0
0.539785 0.35021 0
0.538629 0.348149 0
0.530984 0.343351 0
0.512094 0.335925 0
0.488075 0.327726 0
0.457368 0.324293 0
0.411758 0.327579 0
0.224119 0.457652 0
0.319422 0.35503 0
0.392279 0.329092 0
0.39671 0.327457 0
0.385126 0.329209 0
0.375023 0.333105 0
0.337148 0.349922 0
0.258833 0.406728 0
0.226901 0.451777 0
0.22333 0.453906 0
0.221779 0.451919 0
0.226482 0.446723 0
0.235885 0.439548 0
0.246554 0.430529 0
0.254872 0.42429 0
0.270624 0.4166 0
0.2778 0.421421 0
0.276413 0.431918 0
0.276193 0.435935 0
0.289798 0.424658 0
0.315011 0.404633 0
0.335023 0.389967 0
0.33262 0.383979 0
0.331983 0.382121 0
0.286818 0.427115 0
0.516386 0.372482 0
0.486991 0.365649 0
0.486445 0.370176 0
0.481015 0.37337 0
0.509629 0.389512 0
0.535736 0.402913 0
0.554847 0.412195 0
0.578618 0.440149 0
0.590637 0.474272 0
0.591808 0.493353 0
0.592292 0.505791 0
0.59362 0.516719 0
0.594478 0.53061 0
0.592845 0.552099 0
0.589625 0.571989 0
0.59739 0.567782 0
0.595945 0.576512 0
0.562986 0.620099 0
0.514011 0.654382 0
0.483711 0.665381 0
0.425386 0.66859 0
0.409524 0.666572 0
0.4243 0.665504 0
0.458582 0.662795 0
0.480008 0.660186 0
0.468349 0.662887 0
0.485055 0.657288 0
0.509497 0.645608 0
0.524216 0.633015 0
0.531056 0.62619 0
0.540906 0.61344 0
0.576998 0.512778 0
0.571004 0.543052 0
0.540033 0.59161 0
0.546259 0.572425 0
0.531777 0.58121 0
0.523555 0.584099 0
0.520108 0.581417 0
0.519604 0.579202 0
0.520052 0.577777 0
0.518964 0.569704 0
0.522179 0.5472 0
0.537979 0.516445 0
0.541786 0.50885 0
0.409269 0.583435 0
0.391012 0.587603 0
0.511506 0.468358 0
0.501257 0.466291 0
0.488343 0.465676 0
0.47213 0.460058 0
0.383667 0.468656 0
0.350233 0.534403 0
0.348691 0.523973 0
0.347491 0.510733 0
0.362319 0.488183 0
0.353737 0.491365 0
0.45086 0.446335 0
0.469817 0.443632 0
0.4723 0.438779 0
0.462003 0.441721 0
0.454697 0.448024 0
0.425332 0.45045 0
0.424944 0.454073 0
0.410651 0.460931 0
0.416862 0.45924 0
0.421463 0.453538 0
0.414433 0.462137 0
0.408028 0.471786 0
0.410932 0.472335 0
0.398202 0.477217 0
0.406665 0.482255 0
0.387327 0.510163 0
0.397758 0.558357 0
0.42434 0.575628 0
0.422041 0.574778 0
0.4059 0.559631 0
0.402047 0.550445 0
0.418753 0.555804 0
0.425271 0.55464 0
0.419503 0.551063 0
0.421944 0.534464 0
0.429158 0.531563 0
0.43467 0.529839 0
0.43875 0.533442 0
0.441027 0.532008 0
0.443725 0.530312 0
0.445163 0.531528 0
0.445708 0.531691 0
0.44571 0.53162 0
0.445911 0.53168 0
0.445908 0.531859 0
0.445969 0.531632 0
0.44597 0.531578 0
0.445969 0.53157 0
0.445967 0.531563 0
0.445965 0.531555 0
0.445961 0.531548 0
0.445945 0.531537 0
0.445942 0.531537 0
0.445957 0.531545 0
0.445958 0.531547 0
0.445959 0.531547 0
0.445959 0.531547 0
0.445959 0.531547 0
0.445959 0.531547 0
0.445959 0.531547 0
0.445959 0.531547 0
0.445959 0.531547 0
0.445959 0.531547 0
0.445959 0.531547 0
0.445959 0.531547 0
0.445959 0.531547 0
0.445959 0.531547 0
0.445959 0.531547 0
0.445959 0.531547 0
0.445959 0.531547 0
0.445959 0.531547 0
0.445959 0.531547 0
0.445959 0.531547 0
0.445959 0.531547 0
0.445959 0.531547 0
0.445959 0.531547 1
