0.917751 0.391057 1
0.918701 0.393397 0
0.92092 0.402503 0
0.923921 0.410542 0
0.92737 0.421794 0
0.931228 0.433918 0
0.934555 0.446985 0
0.937223 0.458228 0
0.941311 0.473539 0
0.946628 0.494309 0
0.954182 0.518614 1
0.954182 0.518614 0
0.954182 0.518614 0
0.954182 0.518614 0
0.954182 0.518614 0
0.954182 0.518614 0
0.954182 0.518614 0
0.954182 0.518614 0
0.954182 0.518614 0
0.954182 0.518614 0
0.954182 0.518614 0
0.954182 0.518614 0
0.954182 0.518614 0
0.954182 0.518614 0
0.835782 0.987956 1
0.842618 0.982121 0
0.85526 0.971395 0
0.858923 0.96927 0
0.867441 0.958514 0
0.869499 0.955386 0
0.87946 0.94465 0
0.885494 0.937502 0
0.891355 0.930385 0
0.897754 0.922587 0
0.903367 0.915744 0
0.912161 0.903656 0
0.913501 0.898477 0
0.92183 0.885172 0
0.93007 0.872196 0
0.936335 0.860861 0
0.943856 0.84522 0
0.952808 0.825063 0
0.959625 0.807932 0
0.968009 0.785941 0
0.981197 0.744355 0
0.983766 0.724747 1
1 0.61808 0
0.999111 0.612741 0
0.999139 0.595368 0
0.998861 0.557966 0
0.710565 0.187304 0
0.748019 0.233476 0
0.594131 0.105757 0
0.849305 0.663682 0
0.844976 0.680082 0
0.854877 0.613554 0
0.711499 0.180867 0
0.799418 0.326308 0
0.725156 0.219498 0
0.518366 0.0708053 0
0.71304 0.178843 0
0.515651 0.0646501 0
0.448679 0.0463112 0
0.579354 0.0890806 0
0.509407 0.0596668 0
0.501075 0.0550031 0
0.613781 0.102823 0
0.528259 0.0619681 0
0.636399 0.114092 0
0.722308 0.167913 0
0.655449 0.12402 0
0.666922 0.126909 0
0.655144 0.119187 0
0.653545 0.120032 0
0.63681 0.108515 0
0.812636 0.326846 0
0.811629 0.330505 0
0.676205 0.139057 0
0.837191 0.406269 1
0.427879 0.0423219 1
0.684423 0.156435 0
0.625118 0.11952 0
0.536291 0.076163 0
0.621253 0.118577 0
0.637393 0.130861 0
0.570701 0.101547 0
0.566874 0.100389 0
0.555195 0.0954084 0
0.534961 0.0927422 0
0.524635 0.0922569 0
0.507374 0.0907689 0
0.465891 0.0883719 0
0.678792 0.242126 0
0.4186 0.0863565 0
0.385357 0.0903837 0
0.6962 0.330152 0
0.623354 0.254052 0
0.593929 0.257599 0
0.530971 0.203535 0
0.490378 0.196213 0
0.422391 0.165431 0
0.355814 0.162774 0
0.289484 0.139542 0
0.264219 0.15776 0
0.255089 0.155561 0
0.20932 0.173638 0
0.164585 0.181388 0
0.153578 0.239329 0
0.119241 0.23668 0
0.0891517 0.312734 0
0.0687995 0.326996 0
0.0459364 0.39239 0
0.0617656 0.627037 0
0.198672 0.813418 0
0.182075 0.806544 0
0.158787 0.794677 0
0.158296 0.810241 0
0.147483 0.808824 0
0.153101 0.823437 0
0.148297 0.823412 0
0.146374 0.826865 0
0.166703 0.855107 0
0.156081 0.848155 0
0.162648 0.859242 0
0.160546 0.862442 0
0.163334 0.86445 0
0.161058 0.859133 0
0.161165 0.855742 0
0.165583 0.857454 0
0.167911 0.858631 0
0.169775 0.857756 0
0.17407 0.861558 0
0.188485 0.868625 0
0.200163 0.875637 0
0.201045 0.872312 0
0.218513 0.884332 0
0.216341 0.878762 0
0.230748 0.886751 0
0.253585 0.905478 0
0.251639 0.89638 0
0.261018 0.89979 0
0.269479 0.904413 0
0.276408 0.908256 0
0.288373 0.916008 0
0.287354 0.914161 0
0.291894 0.914885 0
0.301567 0.923474 0
0.299806 0.917027 0
0.309222 0.928182 0
0.314474 0.931867 0
0.314185 0.927745 0
0.317358 0.927664 0
0.322684 0.930036 0
0.329236 0.933327 0
0.332375 0.9356 0
0.334104 0.936656 0
0.340201 0.940337 0
0.34397 0.944497 0
0.343038 0.944397 0
0.346843 0.947131 0
0.349955 0.948802 0
0.349228 0.948601 0
0.3521 0.951072 0
0.360129 0.956581 0
0.363037 0.958352 0
0.36353 0.962585 0
0.372919 0.965451 0
0.384545 0.970359 0
0.389463 0.972436 0
0.389131 0.974429 0
0.39697 0.978565 0
0.407305 0.982244 0
0.412618 0.984485 0
0.419379 0.987557 0
0.428574 0.989748 1
0.439216 0.98984 0
0.443032 0.991663 0
0.44549 0.992757 0
0.451566 0.992432 0
0.464632 0.990954 0
0.478456 0.989188 0
0.485596 0.986586 0
0.488618 0.984641 0
0.495618 0.98324 0
0.503085 0.982449 0
0.502187 0.98046 0
0.497508 0.978182 0
0.493679 0.977417 0
0.49574 0.979077 0
0.50016 0.977738 0
0.505113 0.975564 0
0.515972 0.972966 0
0.533749 0.969791 0
0.546567 0.966018 0
0.55939 0.963371 0
0.580831 0.959386 0
0.602638 0.954161 0
0.61599 0.947977 0
0.625134 0.945346 0
0.634976 0.945829 0
0.801445 0.419963 1
0.72038 0.880986 0
0.793521 0.771937 0
0.841245 0.561697 0
0.742634 0.879544 0
0.743477 0.887391 0
0.751396 0.880563 1
0.76178 0.870346 0
0.779275 0.856771 0
0.792969 0.845283 0
0.800174 0.841896 0
0.816459 0.823643 0
0.832353 0.803239 0
0.843716 0.787504 0
0.851709 0.779467 0
0.864792 0.757256 0
0.869485 0.752755 0
0.873869 0.749158 0
0.879134 0.737389 0
0.889966 0.723816 0
0.895809 0.723745 0
0.898692 0.723768 0
0.9006 0.720784 0
0.904152 0.715459 0
0.907641 0.710832 0
0.907705 0.708588 0
0.907533 0.707486 0
0.908275 0.708939 0
0.908613 0.706469 0
0.909904 0.70287 0
0.910816 0.699024 0
0.911149 0.691323 0
0.913418 0.685627 0
0.914971 0.676873 1
0.915755 0.666179 0
0.916429 0.657644 0
0.916203 0.647257 0
0.403209 0 1
0.425207 0.00241125 0
0.445418 0.00465085 0
0.466106 0.00835204 0
0.494691 0.013896 0
0.520201 0.022638 0
0.547502 0.0300284 0
0.578758 0.0438409 0
0.605535 0.0605571 0
0.618216 0.0651626 0
0.630726 0.0706866 0
0.655876 0.0871369 0
0.666658 0.0949969 0
0.672697 0.0957525 0
0.887728 0.375109 0
0.890072 0.372129 0
0.89188 0.369451 1
0.892077 0.35063 0
0.890017 0.343755 0
0.888014 0.338779 0
0.883023 0.329894 0
0.877214 0.320349 0
0.872459 0.313281 0
0.865625 0.298783 0
0.861642 0.285576 0
0.851418 0.276687 0
0.848615 0.271928 0
0.845331 0.268713 0
0.845912 0.260234 0
0.851448 0.269863 0
0.837252 0.25181 0
0.833375 0.24697 0
0.828918 0.241777 0
0.822602 0.238399 0
0.815261 0.234038 0
0.803831 0.227101 0
0.784558 0.209382 0
0.772739 0.201192 0
0.763265 0.191339 0
0.751527 0.186449 0
0.743766 0.1806 0
0.728023 0.169983 0
0.710322 0.161536 0
0.690558 0.152838 0
0.669484 0.143993 0
0.646727 0.13364 0
0.621756 0.126099 0
0.608184 0.120623 0
0.569786 0.109785 0
0.533245 0.106643 0
0.503908 0.102698 0
0.182512 1 1
0.388689 0.0854298 0
0.369312 0.0904499 0
0.348377 0.095111 0
0.327807 0.102853 0
0.303006 0.109414 0
0.27543 0.123216 0
0.246667 0.135761 0
0.220323 0.146425 0
0.200153 0.160198 0
0.178881 0.1758 0
0.155871 0.193427 0
0.137129 0.20981 0
0.119413 0.226552 0
0.0939281 0.250605 0
0.0825939 0.278017 0
0.0739551 0.280026 0
0.0636186 0.308505 0
0.0567832 0.321277 0
0.0491009 0.330701 0
0.0305628 0.357439 0
0.027397 0.380877 0
0.023398 0.393775 0
0.0182471 0.407839 0
0.0124277 0.414571 0
0.00587047 0.440222 0
0.0170971 0.450485 0
0 0.458056 0
0.00559775 0.483304 0
0.0118513 0.50879 0
0.00963326 0.511615 0
0.00603013 0.528568 0
0.00737405 0.546484 0
0.0157859 0.550031 0
0.00981197 0.574442 0
0.0249615 0.600721 0
0.0246528 0.599988 1
0.0458868 0.638156 0
0.0542419 0.644141 0
0.062289 0.655759 0
0.0482508 0.649768 0
0.225866 0.836273 0
0.237873 0.840779 0
0.193974 0.791447 0
0.114274 0.675793 0
0.173799 0.751094 0
0.345205 0.822857 1
0.229616 0.773122 0
0.657141 0.663995 1
0.488827 0.308207 1
0.668618 0.596693 0
0.482988 0.3316 0
0.427458 0.328174 0
0.606822 0.446713 0
0.502234 0.379157 0
0.607672 0.512379 0
0.592849 0.516581 0
0.471551 0.744019 0
0.479517 0.709875 0
0.533464 0.500371 0
0.48979 0.652445 0
0.463446 0.648656 0
0.475053 0.583224 0
0.441146 0.571913 0
0.403629 0.558924 0
0.371048 0.561519 0
0.36053 0.567499 0
0.360067 0.566489 0
0.359251 0.566344 0
0.359139 0.566352 0
0.359134 0.566352 0
0.359133 0.566353 0
0.359133 0.566353 0
0.359133 0.566353 0
0.359133 0.566353 0
0.359133 0.566353 0
0.359133 0.566353 1
