0.724374 0.236155 1
0.724373 0.23617 0
0.7245 0.236358 0
0.724731 0.236285 0
0.724817 0.236285 0
0.725002 0.236328 0
0.725115 0.236258 0
0.725016 0.236202 0
0.724942 0.236234 0
0.724873 0.236323 0
0.72493 0.236366 0
0.725013 0.236281 0
0.725173 0.236107 0
0.725068 0.23633 0
0.725028 0.236356 0
0.724983 0.236245 0
0.725104 0.236268 0
0.725276 0.236242 0
0.725448 0.236103 0
0.724082 0.236289 0
0.717526 0.230326 0
0.770802 0.257791 0
0.766809 0.253557 0
0.776338 0.26555 0
0.729371 0.239576 0
0.766958 0.259296 0
0.772462 0.25731 0
0.830107 0.29718 0
0.827679 0.290045 0
0.83739 0.32339 0
0.736135 0.244574 0
0.848319 0.220219 0
0.697648 0.229995 0
0.810665 0.297907 0
0.840382 0.298522 0
0.712257 0.235673 0
0.721074 0.237056 0
0.725161 0.23864 0
0.72743 0.236551 0
0.726497 0.237449 0
0.72641 0.237098 0
0.726583 0.237609 0
0.726474 0.237952 0
0.726319 0.2382 0
0.726537 0.237972 0
0.726208 0.238088 0
0.726925 0.237527 0
0.724898 0.239287 0
0.710328 0.221462 0
0.818552 0.228395 0
0.823887 0.241952 0
0.767699 0.264807 0
0.82844 0.222585 0
0.723124 0.241063 0
0.727605 0.235445 0
0.727795 0.236355 0
0.727618 0.236114 0
0.728329 0.23524 0
0.728624 0.236317 0
0.719227 0.238711 0
0.766063 0.26296 0
0.723035 0.233928 0
0.72841 0.234386 0
0.732071 0.243656 0
0.876434 0.376931 0
0.703796 0.227725 0
0.727049 0.233029 0
0.728212 0.236531 0
0.728074 0.236226 0
0.728141 0.23595 0
0.728199 0.236276 0
0.728163 0.236502 0
0.728299 0.236082 0
0.729299 0.236265 0
0.721508 0.235745 0
0.7684 0.2527 0
0.765046 0.253095 0
0.727543 0.232686 0
0.726982 0.232452 0
0.765729 0.252775 0
0.767621 0.253178 0
0.768015 0.252578 0
0.767765 0.252897 0
0.76806 0.252554 0
0.768101 0.252564 1
0.771405 0.267351 0
0.818727 0.269013 0
0.831239 0.232208 0
0.828561 0.23483 0
0.826097 0.237609 0
0.824296 0.244476 0
0.828243 0.289694 0
0.825368 0.277696 0
0.823424 0.272954 0
0.824082 0.27715 0
0.822899 0.274599 0
0.823042 0.276821 0
0.822724 0.277587 0
0.82203 0.277735 0
0.822047 0.276058 0
0.822384 0.278374 0
0.823038 0.280273 0
0.822926 0.279029 0
0.822833 0.280227 0
0.821951 0.279405 0
0.822868 0.278032 0
0.822852 0.279192 0
0.822565 0.277284 0
0.823471 0.281587 0
0.822817 0.280003 0
0.82349 0.279042 0
0.822951 0.274453 0
0.823596 0.276271 0
0.822796 0.272577 0
0.824915 0.281414 0
0.822558 0.254622 0
0.826162 0.244203 0
0.825587 0.243635 0
0.825386 0.242804 0
0.825233 0.242137 0
0.825443 0.239933 0
0.822762 0.247748 0
0.827411 0.290161 0
0.824175 0.241004 0
0.824285 0.238827 0
0.824658 0.238546 0
0.824483 0.237304 0
0.824149 0.236971 0
0.823063 0.235939 0
0.822698 0.234959 0
0.8224 0.234464 0
0.822531 0.233354 0
0.817431 0.230356 0
0.811763 0.289645 0
0.813105 0.309938 0
0.810081 0.315961 0
0.806513 0.314131 0
0.804765 0.326766 0
0.798727 0.277751 0
0.814774 0.221747 0
0.768304 0.268106 0
0.811947 0.212967 0
0.612957 0.318858 0
0.436661 0.213117 0
0.4495 0.185593 0
0.443354 0.182902 0
0.443138 0.181871 0
0.443247 0.181631 0
0.442998 0.181911 0
0.442427 0.182868 0
0.442839 0.18289 0
0.442523 0.18244 0
0.442363 0.182072 0
0.442105 0.181415 0
0.442174 0.180859 0
0.442074 0.18064 0
0.44194 0.180478 0
0.441912 0.180457 0
0.441814 0.180453 0
0.441706 0.180711 0
0.442023 0.181223 0
0.443272 0.183193 0
0.416522 0.190469 0
0.491643 0.226218 0
0.492254 0.233963 0
0.496358 0.237089 0
0.498045 0.238766 0
0.500451 0.24094 0
0.501787 0.240815 0
0.507629 0.248319 0
0.510502 0.250106 0
0.511771 0.249386 0
0.517961 0.255526 0
0.523439 0.256662 0
0.528509 0.256668 0
0.534473 0.256998 0
0.538594 0.254623 0
0.542917 0.250336 0
0.546623 0.247917 0
0.548717 0.241239 0
0.551973 0.24047 0
0.553922 0.236316 0
0.554125 0.228962 0
0.554026 0.224692 0
0.554282 0.22176 0
0.552807 0.217727 0
0.550841 0.213829 0
0.550435 0.212081 0
0.549734 0.210828 0
0.54864 0.209025 0
0.547507 0.206897 0
0.544967 0.204624 0
0.543696 0.203562 0
0.540429 0.20263 0
0.532835 0.202114 0
0.531114 0.200846 0
0.53022 0.199502 0
0.529247 0.197412 0
0.529184 0.201664 0
0.997285 0.225762 0
0.748938 0.194163 0
0.748311 0.192357 0
0.758422 0.214635 0
0.894596 0.276502 0
0.847112 0.261664 0
0.890418 0.252999 0
0.525645 0.188828 1
0.904118 0.259514 0
0.850899 0.260937 0
0.863003 0.268244 0
0.862183 0.268304 0
0.86141 0.267422 0
0.85854 0.26596 0
0.856926 0.264675 0
0.856602 0.264411 0
0.85608 0.264198 0
0.85625 0.264046 0
0.85972 0.258851 0
0.887216 0.293028 0
0.720905 0.175284 1
0.74909 0.185198 1
0.875005 0.25433 0
0.854247 0.261553 0
0.854279 0.262386 0
0.85419 0.262345 0
0.854124 0.262388 0
0.854166 0.262366 0
0.854098 0.262409 0
0.854095 0.262408 0
0.854094 0.262407 1
0.854194 0.262414 0
0.854433 0.26314 0
0.854 0.261406 0
0.85162 0.260273 0
0.850481 0.259616 0
0.850095 0.259444 0
0.849938 0.259918 0
0.84937 0.260609 0
0.849433 0.261222 0
0.846765 0.25953 0
0.845084 0.255157 0
0.843872 0.251952 0
0.84307 0.251631 0
0.842327 0.252087 0
0.841157 0.252077 0
0.840256 0.251783 0
0.839815 0.24993 0
0.838136 0.248045 0
0.837057 0.247247 0
0.835368 0.247289 0
0.834742 0.246793 0
0.826278 0.232077 0
0.761477 0.20456 0
0.77083 0.210571 0
0.767769 0.208552 0
0.778218 0.211721 0
0.72012 0.148769 0
0.716562 0.162378 0
0.726474 0.160907 0
0.511266 0.268176 0
0.444658 0.185013 0
0.433033 0.19122 0
0.433497 0.192711 0
0.43339 0.192413 0
0.433288 0.192324 0
0.433299 0.192228 0
0.433133 0.192055 1
0.432527 0.191455 0
0.429402 0.182975 0
0.488814 0.242165 0
0.460267 0.226137 0
0.580203 0.222697 0
0.583422 0.186172 0
0.584876 0.189419 0
0.583514 0.186058 0
0.589379 0.179834 0
0.588651 0.16831 0
0.595194 0.160518 0
0.596234 0.159219 0
0.594474 0.160807 0
0.594127 0.161946 0
0.596734 0.159399 0
0.59705 0.157425 0
0.599839 0.15058 0
0.601064 0.146675 0
0.602592 0.145247 0
0.603216 0.143665 0
0.603664 0.143088 0
0.604298 0.141115 0
0.607648 0.136659 0
0.611141 0.129851 0
0.611943 0.126554 0
0.614299 0.121852 0
0.614197 0.119613 0
0.614419 0.118061 0
0.615142 0.11753 0
0.615601 0.114241 0
0.611165 0.107617 0
0.610073 0.103975 0
0.599641 0.0969285 0
0.602508 0.0731339 0
0.447274 0.150371 0
0.417867 0.166968 0
0.426478 0.160632 0
0.423073 0.161873 0
0.422082 0.16114 0
0.42269 0.159525 0
0.4214 0.159843 0
0.421813 0.158861 0
0.422373 0.157362 0
0.423116 0.155284 0
0.421136 0.155624 0
0.420654 0.155781 0
0.423112 0.153618 0
0.424441 0.151045 0
0.418087 0.155578 0
0.420072 0.154056 0
0.418928 0.154407 0
0.419729 0.153311 0
0.417385 0.153924 0
0.417048 0.152962 0
0.416703 0.152296 1
0.416685 0.152325 0
0.416587 0.152252 0
0.416098 0.151557 0
0.4178 0.153232 0
0.420661 0.122268 0
0.551352 0 0
0.76576 0.852098 0
0.763494 0.85609 0
0.764022 0.856562 0
0.765742 0.85703 1
0 0.479571 0
0.174395 0.445616 1
0.144338 0.45103 0
0.182288 0.564394 1
0.20136 0.623749 1
0.740541 0.862695 0
0.741847 0.863562 0
0.379789 0.840702 1
0.394346 0.859361 0
0.443124 0.873429 1
0.480938 0.88295 0
0.486922 0.888616 1
0.498293 0.892028 1
0.499561 0.892121 0
0.500457 0.892145 0
0.508868 0.895444 0
0.763547 0.877652 0
0.766329 0.855188 0
0.761568 0.858553 0
0.758919 0.857914 0
0.762584 0.852832 0
0.762156 0.859819 0
0.738838 0.878447 0
0.501864 0.90176 0
0.51737 0.894307 0
0.517082 0.893609 1
0.519002 0.889156 0
0.480274 0.876646 0
0.480079 0.875461 0
0.472393 0.866023 0
0.476711 0.881116 0
0.532553 0.874949 0
0.287844 0.746373 1
0.226286 0.639833 1
0.23501 0.657321 0
0.29511 0.742457 0
0.444311 0.847271 0
0.238346 0.63709 0
0.225516 0.637596 0
0.211646 0.651458 0
0.232946 0.770448 0
0.75469 0.834021 0
0.738194 0.854918 0
0.737045 0.857775 0
0.802542 0.706919 0
0.749507 0.847759 0
0.730541 0.791966 0
0.72752 0.794433 1
0.848919 0.732432 1
0.847249 0.730951 0
0.845254 0.730513 0
0.829239 0.732826 0
0.737676 0.853173 0
0.723729 0.849928 0
0.875777 0.654711 0
0.706549 0.176474 1
0.701343 0.175321 0
0.890084 0.590988 0
0.897581 0.560739 0
0.903979 0.558308 1
0.744901 0.327831 0
0.768976 0.251674 1
0.751511 0.264226 0
0.752702 0.262779 0
0.75257 0.262578 0
0.752602 0.262537 0
0.752609 0.262536 0
0.752609 0.262536 0
0.752609 0.262536 0
0.752609 0.262536 0
0.752609 0.262536 0
0.752609 0.262536 1
0.752614 0.2626 0
0.752666 0.262744 0
0.752756 0.262956 0
0.75284 0.263108 0
0.752817 0.26352 0
0.753005 0.26346 0
0.753107 0.263588 0
0.753028 0.264397 0
0.753456 0.264346 0
0.753733 0.264157 0
0.753891 0.263733 0
0.754018 0.263791 0
0.754069 0.264401 0
0.754164 0.26409 0
0.753428 0.264589 0
0.752969 0.265065 0
0.753285 0.265088 0
0.753129 0.265667 0
0.753361 0.266278 0
0.753507 0.267205 0
0.754613 0.269223 0
0.754662 0.27604 0
0.763902 0.285235 0
0.767803 0.288381 0
0.771097 0.289029 0
0.772626 0.29114 0
0.77487 0.292002 0
0.775295 0.291459 0
0.776008 0.299271 0
0.804238 0.403482 0
0.759376 0.30058 0
0.805375 0.401771 0
0.956635 0.482106 0
0.93853 0.487926 0
0.942267 0.491141 0
0.942655 0.48761 0
0.94422 0.487568 0
0.945795 0.488818 0
0.947808 0.488498 0
0.948018 0.487214 0
0.949612 0.487664 0
0.951836 0.491659 0
0.953222 0.493594 0
0.953067 0.493885 0
0.956961 0.501118 0
0.956416 0.506677 0
0.958428 0.505232 0
0.956981 0.513659 0
0.955297 0.533217 0
0.96185 0.515268 0
0.960908 0.522862 0
0.962348 0.532544 0
0.958313 0.546421 0
0.957754 0.548893 0
0.956333 0.558022 0
0.963942 0.552385 0
1 0.485814 0
0.92508 0.638228 0
0.982521 0.504406 0
0.760157 0.758839 0
0.728041 0.780271 0
0.729931 0.771802 0
0.737375 0.781751 0
0.926261 0.657259 0
0.926876 0.671532 0
0.994178 0.522355 0
0.95786 0.576809 0
0.955301 0.588567 0
0.958316 0.584022 0
0.96658 0.576331 0
0.976878 0.566914 0
0.968128 0.57793 0
0.971663 0.572831 0
0.971643 0.576017 0
0.977708 0.571736 0
0.971768 0.581289 0
0.980454 0.571392 0
0.966942 0.590088 0
0.969364 0.58422 0
0.980331 0.579635 0
0.969327 0.592829 0
0.969096 0.596322 0
0.970444 0.597809 0
0.963847 0.605267 0
0.962864 0.608481 0
0.960942 0.611465 0
0.956915 0.615245 0
0.956583 0.617579 0
0.954921 0.620188 0
0.954011 0.620384 0
0.953821 0.621253 1
0.942822 0.642522 1
0.948055 0.652676 0
0.949209 0.654187 0
0.954075 0.656857 0
0.955053 0.656529 0
0.957813 0.664573 0
0.961293 0.691991 0
0.968378 0.70906 0
0.966243 0.725375 0
0.969705 0.731848 0
0.970692 0.741912 0
0.950451 0.763728 0
0.817234 0.837773 0
0.809682 0.842228 0
0.805626 0.84411 0
0.806353 0.84583 0
0.805527 0.847625 0
0.803633 0.849412 0
0.804463 0.850576 0
0.800301 0.852801 0
0.799006 0.853618 0
0.803722 0.853343 0
0.789934 0.857168 0
0.79109 0.857047 0
0.78249 0.859579 0
0.776846 0.860433 1
0.781325 0.865071 0
0.787172 0.870629 0
0.792007 0.880721 0
0.793797 0.888242 0
0.795799 0.898514 0
0.793668 0.90454 0
0.793971 0.91181 0
0.79097 0.924048 0
0.785981 0.928463 0
0.777878 0.930892 0
0.772234 0.937271 0
0.765231 0.940651 0
0.7618 0.942106 0
0.755165 0.945989 0
0.746006 0.948987 0
0.739109 0.953084 0
0.731591 0.952814 0
0.721126 0.955187 0
0.709065 0.954673 0
0.697607 0.952359 0
0.685888 0.950112 0
0.67647 0.950276 0
0.667914 0.953474 0
0.653862 0.945188 1
0.640044 0.94414 0
0.484012 0.926346 1
0.604377 0.963728 0
0.49199 0.931922 0
0.623868 0.971032 0
0.638944 0.967065 0
0.48764 0.888789 1
0.375411 0.836145 1
0.347837 0.812561 0
0.255841 0.711464 1
0.2099 0.606523 1
0.197402 0.510526 1
0.20581 0.430375 1
0.217439 0.412857 0
0.228246 0.40332 0
0.231605 0.397022 0
0.24861 0.379722 0
0.257985 0.374564 0
0.267355 0.364833 0
0.266466 0.349403 0
0.290164 0.301927 0
0.944433 0.636075 1
0.754536 0.175736 1
0.480621 0.172541 1
0.400132 0.217007 1
0.400539 0.214099 0
0.401342 0.21116 0
0.402433 0.209522 0
0.405187 0.207068 0
0.407336 0.205811 0
0.40909 0.204646 0
0.408322 0.202127 0
0.421298 0.213838 0
0.48262 0.193077 0
0.446257 0.269983 0
0.763382 0.182972 0
0.787676 0.190618 0
0.729175 0.131672 0
0.461921 0.273338 0
0.435124 0.349103 0
0.476859 0.320885 0
0.479952 0.327391 0
0.499753 0.305384 0
0.505036 0.31119 0
0.511709 0.312405 0
0.517352 0.315407 0
0.521918 0.317746 0
0.523452 0.317092 0
0.525837 0.317456 0
0.528222 0.320056 0
0.539002 0.324923 0
0.540446 0.324016 0
0.548123 0.32769 0
0.547775 0.327056 0
0.533712 0.346917 0
0.59649 0.25823 0
0.60291 0.243865 0
0.608201 0.238973 0
0.609609 0.242987 0
0.613454 0.234165 0
0.617781 0.237275 0
0.558428 0.371168 0
0.582316 0.358017 0
0.588099 0.361628 0
0.597322 0.366936 0
0.600495 0.369289 0
0.601593 0.367314 0
0.662227 0.342386 0
0.670747 0.344745 0
0.68569 0.348192 0
0.69546 0.346707 0
0.697859 0.350382 0
0.781109 0.331727 0
0.790032 0.316074 0
0.791588 0.325627 0
0.797986 0.352838 0
0.796367 0.34042 0
0.797799 0.346821 0
0.792146 0.328794 0
0.793111 0.33047 0
0.792213 0.32896 0
0.791772 0.328004 0
0.789024 0.325727 0
0.787704 0.322754 0
0.690603 0.310529 0
0.704654 0.307843 0
0.704191 0.304218 0
0.701151 0.303139 0
0.703732 0.306874 0
0.739822 0.261799 0
0.727437 0.734051 0
0.400995 0.631167 0
0.357712 0.63354 0
0.345526 0.620217 0
0.348132 0.621533 0
0.348861 0.623514 0
0.348283 0.621303 0
0.343993 0.61048 0
0.369694 0.643485 0
0.414617 0.680972 0
0.436241 0.732985 0
0.440546 0.73161 0
0.438937 0.729163 0
0.46307 0.769695 0
0.670054 0.841895 0
0.722053 0.813681 0
0.738244 0.80922 0
0.620041 0.830215 0
0.473853 0.783949 0
0.921294 0.68968 0
0.940982 0.62126 0
0.93481 0.607694 0
0.951301 0.628793 0
0.93046 0.645757 0
0.725001 0.811873 0
0.715245 0.762706 0
0.69489 0.755285 0
0.988679 0.561216 0
0.948564 0.57277 0
0.968104 0.57049 0
0.704818 0.824823 0
0.731832 0.803669 0
0.731648 0.799309 0
0.728066 0.799103 0
0.731334 0.799201 0
0.731035 0.799348 0
0.730936 0.79986 0
0.728488 0.79859 0
0.729342 0.79774 0
0.729896 0.798848 0
0.729016 0.797912 1
0.72864 0.802057 0
0.738331 0.811259 0
0.665813 0.789471 0
0.93333 0.711846 0
0.604706 0.781454 0
0.667898 0.79356 0
0.729406 0.81285 0
0.714168 0.823361 0
0.636789 0.77114 0
0.97461 0.581648 0
0.942313 0.616912 0
0.938869 0.615494 0
0.937075 0.612064 0
0.937594 0.613456 0
0.936684 0.61062 0
0.93614 0.608577 0
0.936672 0.610632 0
0.93827 0.615689 0
0.942819 0.609025 0
0.928214 0.653482 0
0.937352 0.606898 0
0.912904 0.649139 0
0.913234 0.64774 0
0.940312 0.609167 0
0.936014 0.607953 0
0.938644 0.614122 0
0.937366 0.610914 0
0.937526 0.612251 0
0.937847 0.612979 0
0.937727 0.611767 0
0.938122 0.611873 0
0.937116 0.610573 0
0.937348 0.611011 0
0.937464 0.61207 0
0.937427 0.611153 0
0.937015 0.610419 0
0.937437 0.610809 0
0.937766 0.611449 0
0.938069 0.610831 0
0.939649 0.615741 0
0.937976 0.611117 0
0.940055 0.602892 0
0.924366 0.64879 0
0.92469 0.641852 0
0.936832 0.64048 0
0.930341 0.641512 0
0.949621 0.640127 0
0.944821 0.640127 0
0.934901 0.640873 0
0.938728 0.640378 0
0.936018 0.641152 0
0.943027 0.640214 0
0.937454 0.640626 0
0.943544 0.64018 0
0.938092 0.640732 0
0.942553 0.640152 0
0.933035 0.645766 0
0.551125 0.806946 0
0.512362 0.806172 0
0.510951 0.804223 0
0.510777 0.803795 0
0.510681 0.804119 0
0.510771 0.803881 0
0.510787 0.803856 0
0.510757 0.803005 0
0.51554 0.798672 0
0.550114 0.796873 0
0.930243 0.691036 0
0.958897 0.598057 0
0.613115 0.827802 0
0.516185 0.81062 0
0.509602 0.802211 0
0.511058 0.804364 0
0.510794 0.804213 0
0.510794 0.803883 0
0.510765 0.803883 0
0.510767 0.803883 0
0.510767 0.803883 0
0.510767 0.803883 0
0.510767 0.803883 0
0.510767 0.803883 0
0.510767 0.803883 0
0.510767 0.803883 0
0.510767 0.803883 0
0.510767 0.803883 0
0.510767 0.803883 0
0.510767 0.803883 0
0.510767 0.803883 0
0.510767 0.803883 0
0.510767 0.803883 0
0.510767 0.803883 0
0.510767 0.803883 0
0.510767 0.803883 0
0.510767 0.803883 0
0.510767 0.803883 0
0.510767 0.803883 0
0.510767 0.803883 0
0.510767 0.803883 0
0.510767 0.803883 0
0.510767 0.803883 0
0.510767 0.803883 0
0.510767 0.803883 0
0.510767 0.803883 0
0.510767 0.803883 0
0.510767 0.803883 0
0.510767 0.803883 0
0.510767 0.803883 0
0.510767 0.803883 0
0.510767 0.803883 0
0.510767 0.803883 0
0.510767 0.803883 0
0.510769 0.803885 0
0.510789 0.803849 0
0.510699 0.803981 0
0.510779 0.803883 0
0.510768 0.803882 0
0.510767 0.803883 1
0.513764 0.802053 0
0.517495 0.801894 0
0.520576 0.800423 0
0.525848 0.796446 0
0.516502 0.777929 0
0.689656 0.775908 0
0.718453 0.779217 0
0.717741 0.779634 0
0.717729 0.779714 0
0.717755 0.77973 0
0.717755 0.779733 1
0.717507 0.779613 0
0.71674 0.779237 0
0.71587 0.775922 0
0.715106 0.776128 0
0.715345 0.775293 0
0.714659 0.776835 0
0.712477 0.773595 0
0.71171 0.771886 0
0.713688 0.771309 0
0.712242 0.768794 0
0.712998 0.766848 0
0.71428 0.765975 0
0.713694 0.764255 0
0.713456 0.763392 0
0.713296 0.762113 0
0.709807 0.757622 0
0.710785 0.757754 0
0.708545 0.756196 0
0.708722 0.753965 0
0.704093 0.749222 0
0.70054 0.747224 0
0.677527 0.735119 0
0.463716 0.704616 0
0.670019 0.723001 0
0.496833 0.683192 0
0.35139 0.541024 0
0.338141 0.511411 0
0.334342 0.508145 0
0.333901 0.50969 0
0.333692 0.511316 0
0.333392 0.510051 0
0.334216 0.508336 0
0.334406 0.507642 0
0.334861 0.507248 1
0.337148 0.506332 0
0.338548 0.502632 0
0.341342 0.502488 0
0.344884 0.502034 0
0.344204 0.50299 0
0.345701 0.502641 0
0.346341 0.50218 0
0.348664 0.502551 0
0.353422 0.501148 0
0.356351 0.497722 0
0.360674 0.494874 0
0.363912 0.495306 0
0.367447 0.492403 0
0.37114 0.493161 0
0.373774 0.490266 0
0.375826 0.487964 0
0.379267 0.488832 0
0.383147 0.487726 0
0.388664 0.488366 0
0.38934 0.48472 0
0.392971 0.485606 0
0.394906 0.482513 0
0.399834 0.480576 0
0.404342 0.482751 0
0.412217 0.483304 0
0.409321 0.512145 0
0.566315 0.354911 0
0.558733 0.344129 0
0.545684 0.356137 0
0.430949 0.480084 0
0.422491 0.473214 0
0.421543 0.469224 0
0.423162 0.466599 0
0.42533 0.465018 0
0.428881 0.463642 0
0.4187 0.45562 0
0.459582 0.482334 0
0.471223 0.496882 0
0.472882 0.491194 0
0.494638 0.512967 0
0.485086 0.496549 0
0.520033 0.537527 0
0.531864 0.545512 0
0.561413 0.563597 0
0.574206 0.565353 0
0.585494 0.566847 0
0.589618 0.568296 0
0.612192 0.5719 0
0.620222 0.568169 0
0.621657 0.567099 0
0.611832 0.565208 0
0.606752 0.561493 0
0.620945 0.56035 0
0.603667 0.557683 0
0.586201 0.552391 0
0.556077 0.534372 0
0.541026 0.519524 0
0.545773 0.518749 0
0.54863 0.515897 0
0.565438 0.530602 0
0.590853 0.540199 0
0.584378 0.533751 0
0.588134 0.53199 0
0.601004 0.533281 0
0.609915 0.532331 0
0.617963 0.528212 0
0.603021 0.523485 0
0.611307 0.521012 0
0.616695 0.51737 0
0.616107 0.514338 0
0.615905 0.511653 0
0.620315 0.508674 0
0.619037 0.504724 0
0.614202 0.502737 0
0.61077 0.500991 0
0.60744 0.496664 0
0.60584 0.49063 1
