0.177938 0.648083 1
0.180598 0.645238 0
0.180621 0.64033 0
0.184633 0.636635 0
0.185392 0.631625 0
0.187974 0.623203 0
0.189378 0.61764 0
0.189897 0.609947 0
0.187026 0.597995 0
0.192175 0.591713 0
0.189721 0.584355 0
0.186037 0.573948 0
0.179585 0.55927 0
0.185746 0.566517 0
0.17877 0.560981 0
0.184638 0.564557 0
0.150946 0.530296 0
0.148662 0.520527 0
0.148144 0.519453 0
0.119295 0.502593 0
0.117956 0.499433 0
0.10914 0.494995 0
0.109829 0.495614 0
0.110868 0.497164 0
0.112199 0.497378 0
0.113759 0.497637 0
0.115582 0.497326 0
0.117493 0.498224 0
0.119693 0.497596 0
0.12213 0.495789 0
0.124266 0.497005 0
0.1258 0.496208 0
0.127108 0.489023 0
0.128042 0.484717 0
0.123113 0.468948 0
0.115412 0.459437 0
0.11802 0.461108 0
0.117599 0.516291 0
0.110483 0.522851 0
0.105026 0.528639 0
0.100491 0.544479 0
0.0932926 0.385122 0
0.103242 0.541088 0
0.0749327 0.415171 0
0.0692506 0.406154 0
0.0672799 0.398666 0
0.0585318 0.393008 0
0.0553677 0.386586 0
0.0525096 0.380187 0
0.0445505 0.380239 0
0.045162 0.36883 0
0.0413496 0.365794 0
0.0428918 0.357514 1
0.0203027 0.370308 0
0.0247791 0.288742 0
0.0576486 0.280957 1
0.0384651 0.24258 0
0.251026 0.0722721 0
0.184976 0.120712 1
0.288518 0.0121601 0
0.287522 0.0234171 0
0.32774 0.00436932 0
0.381305 0 0
0.533295 0.0178629 0
0.572454 0.0387426 0
0.64753 0.0864205 0
0.617025 0.0689045 0
0.661246 0.119072 1
0.581982 0.866914 1
0.658815 1 0
0.740717 0.190805 1
0.732656 0.168403 0
0.760109 0.196415 0
0.783146 0.207186 0
0.803265 0.228566 0
0.840605 0.248154 0
0.88148 0.37973 0
0.851839 0.387752 1
0.863869 0.404353 0
0.878349 0.418191 0
0.894524 0.443346 0
0.932901 0.496094 0
0.904625 0.75073 0
0.908365 0.724706 0
0.911649 0.488588 0
0.913172 0.512537 0
0.914202 0.554837 0
0.885977 0.478332 0
0.901034 0.526394 0
0.903455 0.555916 0
0.901235 0.563951 0
0.89708 0.553213 0
0.898168 0.566415 0
0.884098 0.556893 0
0.880409 0.550655 0
0.872632 0.558433 0
0.871189 0.550346 0
0.864072 0.566929 0
0.855435 0.53457 0
0.850319 0.56296 0
0.845894 0.554497 0
0.839138 0.541465 0
0.832098 0.537848 0
0.81813 0.599995 0
0.585937 0.834842 0
0.574413 0.838735 0
0.622412 0.794644 0
0.689312 0.693411 0
0.651418 0.740162 0
0.738618 0.622235 0
0.666215 0.723868 0
0.667947 0.725065 0
0.675813 0.71273 0
0.68923 0.677491 0
0.672382 0.677102 0
0.670027 0.660098 0
0.643705 0.682109 0
0.42348 0.750016 0
0.429971 0.747278 0
0.426798 0.730901 0
0.41721 0.720395 0
0.413425 0.712427 0
0.403383 0.706487 0
0.394978 0.697377 0
0.377388 0.693035 0
0.389248 0.674018 0
0.387409 0.655223 0
0.378497 0.642847 0
0.369015 0.633746 0
0.361392 0.627802 0
0.362169 0.653013 0
0.277383 0.464037 0
0.26382 0.451465 0
0.265309 0.455725 0
0.261944 0.460312 0
0.258997 0.465751 0
0.259948 0.457739 0
0.246874 0.457922 0
0.235609 0.455451 0
0.220196 0.456738 0
0.208972 0.450468 0
0.206537 0.454268 0
0.201096 0.453511 0
0.198583 0.453746 0
0.192449 0.456219 0
0.191964 0.460696 0
0.185819 0.460557 0
0.179726 0.461296 0
0.176479 0.466315 0
0.168524 0.465105 0
0.163838 0.473093 0
0.156689 0.474817 0
0.148539 0.480167 0
0.13727 0.479172 0
0.125913 0.482926 0
0.114212 0.48613 0
0.107807 0.486308 0
0.103035 0.488139 0
0.0970408 0.492496 0
0.0952072 0.491932 0
0.0935355 0.496342 0
0.0925789 0.496308 1
0.0914676 0.497853 0
0.0896294 0.497575 0
0.0919827 0.487503 0
0.0868649 0.497793 0
0.0889044 0.503961 0
0.0853653 0.503091 0
0.0836607 0.505381 0
0.0821985 0.508263 0
0.0792699 0.509419 0
0.0771664 0.512515 0
0.0720641 0.509681 0
0.0681219 0.511109 0
0.0609978 0.506407 0
0.0520078 0.498744 0
0.0589471 0.511175 0
0.0500315 0.506508 0
0.0473611 0.505274 0
0.0646983 0.547065 0
0.13274 0.709436 0
0.153739 0.731132 0
0.154034 0.737945 0
0.139485 0.736055 0
0.14233 0.741671 0
0.147661 0.748793 0
0.149363 0.752242 0
0.150126 0.75525 0
0.149105 0.756298 1
0.15007 0.770887 0
0.154184 0.779179 0
0.160519 0.802545 0
0.182633 0.849466 0
0.199847 0.896409 0
0.204828 0.883602 0
0.241214 0.935049 0
0.254642 0.935597 0
0.27939 0.940177 0
0.296925 0.948187 0
0.315891 0.927369 0
0.336076 0.913038 0
0.366132 0.904936 0
0.388321 0.88745 0
0.426148 0.869132 0
0.443354 0.854151 0
0.465083 0.855512 0
0.469041 0.847581 0
0.481862 0.845631 0
0.602447 0.817339 0
0.617519 0.790433 0
0.62707 0.770889 0
0.611685 0.791411 0
0.599859 0.801594 0
0.592357 0.803095 0
0.585478 0.811436 0
0.595114 0.78155 0
0.540077 0.806896 0
0.552932 0.729609 0
0.778014 0.374514 0
0.566169 0.828165 1
0.671647 0.203613 1
0.792294 0.390994 0
0.79744 0.389759 1
0.794672 0.391119 0
0.781044 0.388759 0
0.782004 0.389718 0
0.780643 0.389388 0
0.778645 0.390108 0
0.766062 0.388257 0
0.743136 0.378352 0
0.736356 0.368864 0
0.726438 0.357824 0
0.696774 0.331652 0
0.679084 0.285067 0
0.660993 0.25508 0
0.654473 0.252321 0
0.651514 0.256303 0
0.642539 0.243709 0
0.639868 0.252357 0
0.634357 0.248155 0
0.627088 0.244627 0
0.623448 0.246995 0
0.618963 0.24765 0
0.617061 0.248739 1
0.616542 0.248019 0
0.611395 0.250594 0
0.60283 0.254692 0
0.596058 0.257067 0
0.61011 0.253539 0
0.604061 0.254591 0
0.596166 0.256474 0
0.592282 0.258429 0
0.588665 0.258552 0
0.573602 0.259077 0
0.56169 0.261522 0
0.475196 0.233534 0
0.327386 0.22029 0
0.324389 0.208908 0
0.302261 0.212496 0
0.285725 0.213271 0
0.276243 0.212359 0
0.268177 0.211912 0
0.25695 0.217352 0
0.253022 0.215454 0
0.246682 0.214644 0
0.241786 0.216395 0
0.237127 0.21624 0
0.232896 0.215945 0
0.230219 0.217201 0
0.223695 0.21764 0
0.218556 0.218658 0
0.212891 0.217667 0
0.208726 0.215228 0
0.203965 0.216803 0
0.197957 0.214475 0
0.19528 0.210403 0
0.193864 0.205608 0
0.189416 0.203207 0
0.184837 0.197178 0
0.182995 0.187622 0
0.182756 0.179813 0
0.178793 0.177439 0
0.176922 0.175376 0
0.176124 0.175068 1
0.176114 0.175076 0
0.176106 0.175121 0
0.17584 0.175127 0
0.17482 0.175333 0
0.175329 0.175188 0
0.174426 0.175086 0
0.172057 0.178364 0
0.169479 0.181565 0
0.167342 0.192388 0
0.0929103 0.324469 0
0.0750239 0.311911 0
0.070437 0.311797 1
0.0703635 0.314896 0
0.0691283 0.311227 0
0.0708406 0.307407 0
0.0926247 0.321149 0
0.0267304 0.518626 0
0.0428658 0.54735 0
0.0407959 0.54501 0
0.03765 0.546268 0
0.0330133 0.543278 1
0.0210462 0.554707 0
0.0225894 0.555779 0
0.00656098 0.583653 0
0 0.597441 0
0.00340665 0.606149 0
0.0343847 0.699751 0
0.0144677 0.668367 0
0.0612069 0.729696 0
0.0667533 0.745295 0
0.201257 0.842958 0
0.220004 0.883868 0
0.246856 0.913272 0
0.263546 0.915845 0
0.300213 0.935355 0
0.310966 0.913772 0
0.335707 0.900126 0
0.354942 0.896586 0
0.375728 0.882211 0
0.390801 0.872594 0
0.411946 0.859189 0
0.429466 0.85323 0
0.424443 0.838472 0
0.445977 0.836389 0
0.446361 0.824927 0
0.456766 0.820092 0
0.460227 0.814149 0
0.646316 0.685402 0
0.653958 0.673879 0
0.638888 0.68256 0
0.645542 0.671995 0
0.656338 0.651161 0
0.64737 0.667258 0
0.65808 0.647425 0
0.704984 0.535176 0
0.705476 0.520248 0
0.707849 0.528222 0
0.70685 0.542426 0
0.702401 0.553015 0
0.702254 0.561952 0
0.709764 0.539194 0
0.694019 0.542557 0
0.686847 0.533644 0
0.685903 0.526587 0
0.679678 0.30471 0
0.693598 0.326884 0
0.679751 0.331205 0
0.663973 0.34867 0
0.639362 0.363352 0
0.625238 0.357663 0
0.610395 0.346019 0
0.592499 0.344047 0
0.586763 0.334139 0
0.56924 0.292491 0
0.271641 0.358608 0
0.256646 0.379374 1
0.256059 0.37825 0
0.260207 0.376983 0
0.266204 0.377719 0
0.272342 0.38267 0
0.285941 0.37903 0
0.295323 0.39354 0
0.274032 0.397221 0
0.290808 0.390557 0
0.321238 0.376149 0
0.331343 0.382472 0
0.329854 0.368624 0
0.381937 0.377412 0
0.38249 0.383827 0
0.386019 0.382299 0
0.376145 0.395279 0
0.385147 0.393812 0
0.407044 0.394984 0
0.399775 0.397943 0
0.398566 0.408447 0
0.395357 0.422424 0
0.400352 0.431257 0
0.404327 0.44344 0
0.409933 0.445493 0
0.414093 0.455535 0
0.418466 0.462014 1
