0.576321 0.595775 1
0.56751 0.607178 0
0.553938 0.615404 0
0.545579 0.62422 0
0.536322 0.629848 0
0.526355 0.638984 0
0.518192 0.644727 0
0.510759 0.649044 0
0.506241 0.652184 0
0.503994 0.653962 0
0.501044 0.655294 0
0.497571 0.657151 0
0.494836 0.659403 0
0.494703 0.661638 0
0.492664 0.663071 0
0.493067 0.66383 0
0.495202 0.664657 0
0.496999 0.66573 0
0.500471 0.666629 0
0.506257 0.666187 0
0.508901 0.665965 0
0.51426 0.664621 0
0.517439 0.66614 0
0.520373 0.666967 0
0.526797 0.667332 0
0.534384 0.66767 1
0.542675 0.667067 0
0.550487 0.665662 0
0.557156 0.666592 0
0.563525 0.66732 0
0.570284 0.667354 0
0.579236 0.665682 0
0.668716 0.517337 0
0.428931 0.723695 0
0.425715 0.726897 0
0.422152 0.730733 0
0.414835 0.734189 0
0.406229 0.737403 0
0.395084 0.740856 0
0.381443 0.743016 0
0.364392 0.744327 0
0.346895 0.744743 0
0.332125 0.742864 0
0.315895 0.741348 0
0.30305 0.738228 0
0.293663 0.735597 0
0.289125 0.733123 0
0.280817 0.729485 0
0.273096 0.724922 0
0.268973 0.721516 0
0.273389 0.720651 0
0.282374 0.721112 0
0.287235 0.71991 0
0.296053 0.720505 0
0.312659 0.723768 0
0.330964 0.725051 0
0.322381 0.722239 0
0.311217 0.7176 0
0.297471 0.711004 0
0.279132 0.701274 0
0.247942 0.681572 0
0.213785 0.652707 0
0.178779 0.610995 0
0.162213 0.580133 1
0.149159 0.538151 0
0.147011 0.517103 0
0.148306 0.483375 0
0.153469 0.457466 0
0.156458 0.450689 0
0.159511 0.44116 0
0.1648 0.42792 0
0.174267 0.409614 0
0.187856 0.388926 0
0.201969 0.374016 0
0.210274 0.365765 0
0.225088 0.351455 0
0.243553 0.337234 0
0.261953 0.331369 0
0.269864 0.328914 0
0.286679 0.310989 0
0.30239 0.303614 0
0.317407 0.299018 0
0.326621 0.295745 0
0.337385 0.29196 0
0.354684 0.288182 0
0.378229 0.283941 0
0.403813 0.281327 0
0.414486 0.281965 0
0.428487 0.281089 0
0.442399 0.28133 0
0.456447 0.284235 0
0.448194 0.282155 0
0.454949 0.28098 1
0.463467 0.280797 0
0.473452 0.281547 0
0.486056 0.282681 0
0.488348 0.279223 0
0.489138 0.276118 0
0.493673 0.275825 0
0.513315 0.279018 0
0.497911 0.271951 0
0.514169 0.275415 0
0.541851 0.285789 0
0.548214 0.286694 0
0.554435 0.288919 0
0.555156 0.291585 0
0.556272 0.292697 1
0.559931 0.296225 0
0.176889 0.559628 1
0.18197 0.568079 0
0.188606 0.579564 0
0.199235 0.596422 0
0.215085 0.615065 0
0.255549 0.650072 0
0.532869 0.670848 1
0.58913 0.629364 0
0.625019 0.582222 0
0.642252 0.540984 0
0.645946 0.522725 0
0.64768 0.508587 0
0.646749 0.494745 0
0.643431 0.486436 0
0.64203 0.481856 0
0.641364 0.481245 0
0.641596 0.477253 0
0.641858 0.466733 0
0.642559 0.45655 0
0.64266 0.446977 0
0.642205 0.440496 0
0.642892 0.43652 0
0.644178 0.432392 0
0.64486 0.427632 0
0.645647 0.423857 0
0.645651 0.421943 0
0.646243 0.419881 0
0.64654 0.417912 0
0.646683 0.416531 0
0.647151 0.415989 0
0.649293 0.416046 0
0.651077 0.415532 0
0.651943 0.415224 0
0.652149 0.414539 0
0.652032 0.414461 0
0.640258 0.391791 0
0.566041 0.313844 1
0.471338 0.274463 0
0.466668 0.272804 0
0.465257 0.271552 0
0.474865 0.273064 0
0.483745 0.274153 0
0.486692 0.273544 0
0.474003 0.268842 0
0.445475 0.262143 0
0.407217 0.257727 0
0.373863 0.257881 0
0.32906 0.264286 0
0.274493 0.282011 0
0.24989 0.293343 0
0.224972 0.307893 0
0.222628 0.30787 1
0.227288 0.301646 0
0.244834 0.28785 1
0.270501 0.27364 1
0.283366 0.268114 0
0.301797 0.262094 0
0.337691 0.253226 0
0.356104 0.250495 0
0.345252 0.253022 0
0.350909 0.253583 0
0.368152 0.253125 0
0.370803 0.254697 0
0.375313 0.256078 0
0.379439 0.25786 0
0.386225 0.259307 0
0.401687 0.260176 0
0.424292 0.261844 0
0.439909 0.263888 0
0.456187 0.266554 1
0.486635 0.273953 0
0.522723 0.287544 0
0.539146 0.295874 1
0.535155 0.294473 0
0.504371 0.281585 0
0.438944 0.267783 0
0.382228 0.268796 0
0.327766 0.279825 0
0.30136 0.290086 0
0.293988 0.291983 0
0.308665 0.284423 0
0.316125 0.279975 0
0.298465 0.285338 0
0.258688 0.305878 0
0.213912 0.341054 0
0.203042 0.350608 0
0.220278 0.329526 0
0.24452 0.306277 0
0.264884 0.29027 0
0.28718 0.276987 0
0.287557 0.274421 0
0.278865 0.275376 1
0.259796 0.281822 1
0.236343 0.291986 1
0.221905 0.298601 0
0.20692 0.305787 1
0.185022 0.319915 0
0.169522 0.330317 0
0.157559 0.338638 0
0.144848 0.348435 0
0.134367 0.357749 0
0.122244 0.369259 0
0.110651 0.379984 1
0.100118 0.390037 0
0.0908226 0.400029 0
0.0826422 0.410685 0
0.0744807 0.419138 0
0.0678071 0.427266 0
0.0627958 0.432465 1
0.0566402 0.439018 0
0.0501983 0.446954 0
0.0441359 0.453929 0
0.0420062 0.459137 0
0.0400591 0.464534 1
0.0368422 0.470393 0
0.0356069 0.475838 0
0.0344194 0.481623 0
0.0334809 0.48642 0
0.0335759 0.490478 0
0.0331982 0.493731 0
0.0330567 0.498442 0
0.0326468 0.50413 0
0.0316178 0.508445 0
0.0297221 0.513654 0
0.0272144 0.518208 0
0.0260088 0.522091 0
0.0246709 0.527469 0
0.0230719 0.533425 0
0.021697 0.538946 0
0.0206085 0.543593 0
0.0196853 0.547615 0
0.0198859 0.553652 0
0.0191027 0.55875 0
0.0192293 0.567512 0
0.0193616 0.572319 0
0.0215215 0.581189 0
0.0235297 0.586795 0
0.0247885 0.590694 0
0.0255708 0.593154 0
0.0265503 0.595306 0
0.027229 0.597901 0
0.0268046 0.598668 0
0.0274412 0.600084 0
0.0292181 0.60009 0
0.0303341 0.606145 0
0.0308974 0.609885 0
0.0318014 0.611915 0
0.0325011 0.613443 0
0.0325531 0.614941 0
0.0328727 0.614512 1
0.0318035 0.622399 0
0.0301186 0.631378 0
0.0299508 0.633454 0
0.0310774 0.628948 0
0.0326198 0.623545 0
0.0332031 0.621895 0
0.0333318 0.622955 0
0.0334397 0.625205 0
0.0333755 0.625744 0
0.031952 0.625587 0
0.0327626 0.627493 0
0.0332064 0.630456 0
0.0334588 0.633702 0
0.0337146 0.635653 0
0.0345266 0.63689 0
0.0342678 0.6372 0
0.0336194 0.638129 0
0.0336327 0.63985 0
0.0340579 0.641597 0
0.0316287 0.641281 0
0.0303861 0.642476 0
0.0308008 0.643045 0
0.0307662 0.64464 0
0.0235025 0.643729 0
0.0271751 0.647486 0
0.0255759 0.648459 0
0.0249063 0.650268 0
0.0240355 0.65164 0
0.0223833 0.652611 0
0.0203485 0.653221 0
0.0192095 0.653099 0
0.0180278 0.65322 0
0.0180432 0.654408 0
0.0160768 0.65514 0
0.0161004 0.656587 0
0.0106033 0.654513 0
0.00701958 0.653028 0
0.00381382 0.652049 0
0.00315979 0.652622 0
0 0.652441 0
0.00244739 0.656064 0
0.00820847 0.661837 0
0.010917 0.665097 0
0.0129168 0.668321 0
0.0122901 0.669606 0
0.00981483 0.669819 0
0.00937046 0.671507 0
0.00862668 0.672647 0
0.00646688 0.672559 0
0.00702971 0.67523 0
0.00643061 0.6765 0
0.00564748 0.678502 0
0.010314 0.685468 0
0.0106056 0.688927 0
0.0106429 0.691934 0
0.0125396 0.696362 0
0.0140507 0.699891 0
0.0158024 0.703401 0
0.0130274 0.703601 0
0.0141242 0.707487 0
0.0120048 0.708615 0
0.0147505 0.713203 0
0.0186912 0.718895 0
0.017443 0.721059 0
0.0105624 0.714351 0
0.0127505 0.71899 0
0.0161638 0.724212 0
0.0191375 0.728407 0
0.0210262 0.731128 0
0.021611 0.732209 0
0.0213193 0.732843 0
0.0200138 0.731375 0
0.0216547 0.731249 0
0.0225817 0.731712 0
0.0226611 0.731925 0
0.0235586 0.73174 0
0.0246226 0.7325 0
0.0349572 0.743602 0
0.0328356 0.742423 0
0.0338956 0.74163 0
0.0314056 0.739408 0
0.0316531 0.738899 0
0.0294826 0.738676 0
0.0306691 0.739535 0
0.0312295 0.739303 0
0.0299397 0.739651 0
0.0274516 0.739053 0
0.0310521 0.73974 0
0.0359813 0.742688 0
0.0367965 0.744304 0
0.0378508 0.74545 0
0.0373716 0.745865 0
0.03456 0.746109 0
0.0329069 0.746819 0
0.0318309 0.747765 0
0.0303537 0.748563 0
0.0291463 0.749377 0
0.0282374 0.750414 0
0.0275048 0.751682 0
0.0270927 0.753143 0
0.0258879 0.75548 0
0.0267806 0.756528 0
0.0272877 0.758327 0
0.0252258 0.759564 0
0.0252618 0.760997 0
0.0258445 0.762397 1
0.0252052 0.764958 0
0.0254338 0.766128 0
0.0255143 0.76864 0
0.0259404 0.771384 0
0.0272752 0.774788 0
0.027805 0.777101 0
0.0267854 0.778287 0
0.0299445 0.781646 0
0.0291625 0.783187 0
0.034032 0.788339 0
0.0288667 0.787112 0
0.0317615 0.788692 0
0.0280741 0.786851 0
0.0292868 0.789069 0
0.0224469 0.791279 0
0.035974 0.796761 0
0.0353291 0.797595 0
0.0355041 0.800469 0
0.0348491 0.802324 0
0.0347796 0.803059 0
0.0359659 0.802574 0
0.0305337 0.801709 0
0.028061 0.801542 0
0.0265415 0.801927 0
0.0135623 0.801535 0
0.0254682 0.805296 0
0.0317583 0.808382 0
0.0324125 0.810374 0
0.0332084 0.8124 0
0.0369979 0.814835 0
0.0347845 0.815462 0
0.0350414 0.817469 0
0.0352314 0.819054 0
0.0357841 0.821597 0
0.035216 0.82348 0
0.0349525 0.825958 0
0.0344156 0.827923 0
0.0322083 0.829232 0
0.0304326 0.831351 0
0.0295376 0.832666 0
0.0287611 0.834601 0
0.0278298 0.836357 0
0.0312371 0.841602 0
0.0363844 0.847847 0
0.0440342 0.855673 0
0.0490661 0.861722 0
0.0564675 0.868954 0
0.0644987 0.876826 0
0.0664303 0.879728 0
0.0719362 0.885294 0
0.0737244 0.889473 0
0.0750374 0.891583 0
0.0773198 0.893935 0
0.0781197 0.895397 0
0.0789876 0.895549 0
0.0809061 0.895636 0
0.0816498 0.896091 0
0.0829396 0.896768 0
0.0852645 0.898398 0
0.0846668 0.897907 0
0.0834251 0.89751 0
0.0848384 0.897802 0
0.0838768 0.897873 0
0.084784 0.898214 0
0.0862632 0.898882 0
0.0876446 0.899862 0
0.0884495 0.900641 0
0.0908783 0.902586 0
0.0922052 0.902301 0
0.0937378 0.903145 0
0.0965448 0.904987 0
0.100785 0.907323 0
0.103907 0.909191 0
0.106285 0.911248 0
0.109458 0.913903 0
0.114684 0.916441 0
0.118971 0.919573 0
0.123401 0.922299 0
0.126587 0.924314 0
0.131357 0.926638 0
0.137505 0.929504 0
0.141425 0.931823 0
0.146769 0.935548 0
0.153591 0.939125 0
0.158425 0.942169 0
0.165907 0.94543 0
0.173645 0.948638 0
0.179307 0.951881 0
0.183231 0.954138 0
0.186324 0.955925 0
0.189793 0.957692 0
0.189365 0.957947 0
0.187814 0.958277 0
0.187908 0.958731 0
0.190884 0.959734 0
0.190398 0.959915 0
0.189449 0.960011 0
0.189404 0.959663 0
0.185463 0.958716 0
0.180728 0.957505 0
0.1768 0.956169 0
0.172301 0.95485 0
0.167664 0.953586 0
0.161926 0.951257 0
0.158787 0.949889 0
0.155944 0.94887 0
0.1517 0.947408 0
0.147704 0.945534 0
0.140542 0.942649 0
0.134783 0.940388 0
0.131706 0.939244 0
0.12945 0.938386 1
0.975133 0.670798 0
0.982041 0.655076 0
0.985974 0.645383 0
0.989685 0.636443 0
0.994737 0.62404 0
0.997251 0.616821 0
0.996628 0.617207 0
0.996637 0.616487 1
0.998258 0.611808 0
1 0.607639 0
0.999541 0.608812 0
0.997869 0.61481 0
0.994501 0.624418 0
0.991202 0.632992 0
0.987946 0.642216 0
0.980518 0.660065 0
0.97169 0.680255 0
0.973285 0.679723 0
0.97445 0.679517 0
0.958867 0.709542 0
0.950857 0.723842 0
0.938898 0.742971 0
0.936668 0.746951 0
0.912923 0.779159 0
0.877354 0.818712 0
0.843444 0.850275 0
0.821775 0.868635 0
0.798606 0.886175 0
0.765724 0.907635 0
0.737856 0.923783 0
0.682911 0.949937 0
0.646628 0.96419 0
0.616483 0.974013 1
0.614167 0.975352 0
0.599122 0.980213 0
0.564335 0.988945 0
0.532615 0.994547 0
0.50822 0.997343 0
0.489971 0.998743 0
0.470434 0.999582 0
0.455992 0.999125 0
0.44403 0.998802 0
0.436447 0.998349 0
0.425968 0.997477 0
0.414729 0.996468 0
0.406147 0.995667 0
0.400314 0.995001 0
0.388181 0.993571 0
0.379689 0.991653 0
0.376652 0.990666 1
0.377288 0.990419 0
0.378474 0.990347 0
0.374462 0.989262 0
0.372923 0.988914 0
0.369724 0.988279 0
0.368363 0.988001 0
0.367286 0.987707 0
0.366421 0.987494 0
0.367827 0.987547 0
0.367823 0.987721 0
0.369937 0.988526 0
0.370072 0.989185 0
0.367424 0.98973 0
0.370052 0.990667 0
0.375903 0.991674 0
0.379178 0.992369 0
0.381258 0.993213 0
0.384398 0.994364 0
0.387872 0.995959 0
0.394645 0.997625 0
0.402606 0.998492 0
0.412422 0.998906 0
0.417881 0.999161 0
0.421063 0.999523 0
0.428047 1 0
0.432206 0.999813 0
0.432903 0.999416 0
0.43247 0.999018 0
0.420338 0.998741 0
0.410876 0.997657 0
0.394722 0.996483 0
0.384904 0.995313 0
0.455993 0.994019 0
0.999468 0.445541 0
0.993997 0.415028 0
0.98572 0.3812 1
0.961374 0.314272 0
0.877209 0.187628 1
0.632964 0.0305861 1
0.488641 0 1
0.553755 0.0113062 0
0.330937 0.0049897 1
0.126591 0.0691127 0
0.111154 0.0787251 0
0.127185 0.0718172 0
0.143291 0.0652655 0
0.153242 0.0620804 0
0.182226 0.0508581 0
0.160581 0.0609963 0
0.107425 0.0888732 0
0.115422 0.0856518 0
0.118912 0.0853823 0
0.122977 0.084928 0
0.126698 0.0845126 0
0.141646 0.0778574 0
0.169581 0.0654974 0
0.212344 0.049124 0
0.239653 0.0406753 0
0.247077 0.0386179 0
0.243721 0.0398071 0
0.236271 0.0423058 0
0.228898 0.0449062 0
0.213834 0.0504549 0
0.207454 0.0532783 0
0.197046 0.057966 0
0.187542 0.0625257 0
0.180802 0.0660324 0
0.174282 0.0692962 0
0.17001 0.0714742 0
0.175073 0.0698394 0
0.177667 0.0697881 0
0.172574 0.0738333 0
0.172276 0.0753968 0
0.171489 0.0770426 0
0.167673 0.0807112 0
0.181036 0.076974 0
0.199707 0.0717171 0
0.258114 0.0540996 0
0.362942 0.0361724 1
0.517915 0.0425267 1
0.736457 0.12647 1
0.891017 0.285697 0
0.937667 0.406231 1
0.892594 0.283253 1
0.942595 0.455679 0
0.941024 0.466234 0
0.940072 0.459697 0
0.939456 0.452081 0
0.938248 0.464757 0
0.937513 0.477292 0
0.935094 0.500159 0
0.929856 0.533896 0
0.921429 0.573038 1
0.906346 0.615775 0
0.887884 0.655628 0
0.875042 0.674716 0
0.854348 0.704588 0
0.840965 0.718944 0
0.833769 0.724369 0
0.828625 0.727274 0
0.824365 0.729637 0
0.819383 0.731994 0
0.818229 0.73103 0
0.815329 0.731481 0
0.813818 0.731333 0
0.812167 0.730073 0
0.810631 0.728202 0
0.807008 0.7293 0
0.805198 0.728272 0
0.801337 0.730023 0
0.799461 0.728292 0
0.79593 0.728402 0
0.792791 0.728613 0
0.790074 0.728072 0
0.788059 0.72768 0
0.786424 0.72706 0
0.784379 0.727128 0
0.78254 0.72733 0
0.781504 0.726893 0
0.780386 0.725814 0
0.780363 0.725586 0
0.779818 0.724231 0
0.779744 0.723325 0
0.780479 0.72147 0
0.781001 0.72004 0
0.781733 0.717982 0
0.782896 0.716649 0
0.784569 0.715565 0
0.787361 0.713565 0
0.790289 0.711816 0
0.792705 0.710515 0
0.794739 0.708939 0
0.797819 0.706269 0
0.802241 0.702889 0
0.806806 0.701465 0
0.809927 0.698254 0
0.812429 0.69414 0
0.817352 0.688881 0
0.816643 0.689095 0
0.822065 0.682779 0
0.824548 0.680865 0
0.827545 0.677409 0
0.830446 0.675973 0
0.829778 0.676614 0
0.829108 0.6769 0
0.831543 0.674396 0
0.832841 0.673312 0
0.834869 0.670325 0
0.836341 0.667555 0
0.836977 0.666127 0
0.838629 0.664451 0
0.842145 0.661103 0
0.844035 0.659461 0
0.844798 0.658421 0
0.846141 0.656921 0
0.849803 0.651654 0
0.848596 0.653843 0
0.848535 0.653717 0
0.848428 0.652088 0
0.84663 0.652446 0
0.846279 0.652095 0
0.843803 0.654462 0
0.840956 0.658855 0
0.837311 0.662762 0
0.833913 0.663607 0
0.833735 0.663098 0
0.83279 0.663269 0
0.833515 0.66353 0
0.833987 0.661134 0
0.836033 0.657593 0
0.836681 0.655552 0
0.837563 0.653709 0
0.839579 0.651885 0
0.839443 0.649811 0
0.838152 0.647602 0
0.836479 0.648938 0
0.83518 0.650706 0
0.831627 0.654567 0
0.82713 0.659145 0
0.822142 0.664335 0
0.817332 0.670666 0
0.812465 0.675922 0
0.808386 0.680101 0
0.804946 0.683683 0
0.803434 0.685077 0
0.80061 0.687623 0
0.798471 0.689218 0
0.796646 0.691144 0
0.795686 0.691609 0
0.79453 0.692254 0
0.793847 0.693369 0
0.794587 0.693085 0
0.791462 0.695229 0
0.788742 0.698429 0
0.787097 0.698356 0
0.785497 0.699599 0
0.782844 0.702476 0
0.780728 0.703917 0
0.779075 0.704506 0
0.776979 0.705979 0
0.774814 0.706543 0
0.772446 0.70735 0
0.717581 0.76049 1
0.698266 0.774126 0
0.673076 0.789625 0
0.621106 0.81656 0
0.478306 0.85563 1
0.288155 0.841489 0
0.837288 0.546478 0
0.834661 0.552031 0
0.8333 0.552996 0
0.831915 0.551983 0
0.833585 0.554305 0
0.637742 0.797518 0
0.508168 0.839646 0
0.0971254 0.260929 1
0.603502 0.175151 0
0.701251 0.238147 0
0.744521 0.285518 0
0.720231 0.263392 0
0.713433 0.259493 0
0.734175 0.283906 0
0.730735 0.283437 0
0.739338 0.295736 0
0.737191 0.298431 0
0.726143 0.288408 0
0.717012 0.281697 0
0.712854 0.280694 0
0.710323 0.280324 0
0.706943 0.279375 0
0.703187 0.278411 0
0.700425 0.277592 0
0.698339 0.275146 0
0.694175 0.273286 0
0.689729 0.271321 0
0.684183 0.267562 0
0.67877 0.263682 0
0.674338 0.260729 0
0.669081 0.257631 0
0.663109 0.25331 0
0.658645 0.250947 0
0.651723 0.246652 0
0.641569 0.240734 0
0.629992 0.234232 0
0.618227 0.228225 0
0.611179 0.224692 0
0.599562 0.21794 0
0.588876 0.212239 0
0.570528 0.203443 0
0.562556 0.200586 0
0.555814 0.199176 0
0.551674 0.198765 0
0.524432 0.190843 0
0.507635 0.187516 0
0.493541 0.185634 0
0.490574 0.186266 0
0.492241 0.187694 0
0.49278 0.187713 0
0.479832 0.186136 0
0.467577 0.183983 0
0.448237 0.182698 1
0.408451 0.181369 0
0.346137 0.185542 0
0.261958 0.208943 0
0.12847 0.302995 0
0.0585329 0.458393 1
0.0730068 0.580875 1
0.145202 0.691658 0
0.211937 0.742359 1
0.327282 0.786445 0
0.429508 0.794276 1
0.345192 0.188902 0
0.290094 0.767775 0
0.307682 0.768874 0
0.284071 0.758673 0
0.216814 0.721333 0
0.172297 0.682276 0
0.120673 0.612184 0
0.0904532 0.505347 0
0.112888 0.396051 1
0.14455 0.345434 0
0.175694 0.313999 0
0.173389 0.322604 0
0.203261 0.298395 1
0.195753 0.310438 0
0.160844 0.354548 0
0.16631 0.351016 0
0.165507 0.356744 0
0.162545 0.368861 0
0.160059 0.378219 0
0.136104 0.469068 0
0.13884 0.482545 0
0.143323 0.480418 0
0.160911 0.56096 0
0.162577 0.554623 0
0.154782 0.498269 0
0.160234 0.460697 0
0.169558 0.440725 0
0.176487 0.437897 0
0.177831 0.453182 0
0.179585 0.471855 0
0.183077 0.484476 0
0.187076 0.49457 0
0.19284 0.503391 0
0.195798 0.508866 0
0.200435 0.518628 0
0.206384 0.527652 0
0.210309 0.533177 0
0.213661 0.537121 0
0.218058 0.544553 0
0.222121 0.553098 0
0.226261 0.560133 0
0.228546 0.563877 0
0.229363 0.565682 0
0.227138 0.562134 0
0.225857 0.560318 0
0.227082 0.562823 0
0.227594 0.56518 0
0.227835 0.566414 0
0.225828 0.56327 0
0.273558 0.621936 0
0.244888 0.598266 0
0.219435 0.558848 0
0.218256 0.560434 0
0.220992 0.564357 0
0.225006 0.570917 0
0.221459 0.564945 0
0.220184 0.565975 0
0.22024 0.569259 0
0.224186 0.5775 0
0.225404 0.580218 0
0.223796 0.578982 0
0.221853 0.576816 0
0.222138 0.581871 0
0.224563 0.589013 0
0.235962 0.604162 0
0.250868 0.620275 0
0.260174 0.629603 0
0.273231 0.640118 0
0.281583 0.645432 0
0.287903 0.648412 0
0.323294 0.665874 0
0.35817 0.677056 0
0.381864 0.680519 0
0.399429 0.681378 0
0.416396 0.681256 0
0.431492 0.680324 0
0.443804 0.678137 0
0.456127 0.675425 0
0.47068 0.672411 0
0.48488 0.669168 0
0.501053 0.664099 0
0.527172 0.65242 0
0.582634 0.610651 0
0.610852 0.57201 0
0.536558 0.644883 0
0.556143 0.632556 0
0.565675 0.625708 0
0.56076 0.629535 0
0.56422 0.626824 0
0.566148 0.62441 0
0.571143 0.619214 0
0.576928 0.61301 0
0.576933 0.612507 0
0.574954 0.613665 0
0.572112 0.61462 0
0.567445 0.617775 0
0.552414 0.630996 0
0.547739 0.635132 0
0.543061 0.639795 0
0.539301 0.64347 0
0.538892 0.643139 0
0.543134 0.639961 0
0.583309 0.607753 0
0.330844 0.323093 0
0.516501 0.651019 0
0.588887 0.59499 0
0.616183 0.43966 0
0.511546 0.325168 0
0.369788 0.307311 0
0.297223 0.336631 0
0.278672 0.350304 0
0.267416 0.360063 0
0.256004 0.372983 0
0.245311 0.384718 0
0.235514 0.398607 0
0.227969 0.409819 0
0.225361 0.4157 0
0.22053 0.425602 0
0.214967 0.437304 0
0.214598 0.437863 0
0.215945 0.433768 0
0.215452 0.43117 0
0.213756 0.43333 0
0.214145 0.433973 0
0.212788 0.436181 0
0.210949 0.439582 0
0.210259 0.438943 0
0.208689 0.440345 0
0.206422 0.443531 0
0.205018 0.444516 0
0.203004 0.444145 0
0.199921 0.445265 0
0.198032 0.444426 0
0.196578 0.444454 0
0.194902 0.441775 0
0.195183 0.439706 0
0.193265 0.439952 0
0.193105 0.4393 0
0.193194 0.437352 0
0.191668 0.434806 0
0.18925 0.431732 0
0.188143 0.427041 0
0.1854 0.421636 0
0.188343 0.419783 0
0.189283 0.416887 0
0.189134 0.416222 0
0.189661 0.413766 0
0.189754 0.409614 0
0.1911 0.403617 0
0.194961 0.396006 0
0.199059 0.390658 0
0.201696 0.385267 0
0.202572 0.379593 0
0.205789 0.37386 0
0.208642 0.369241 0
0.212674 0.362751 0
0.21826 0.354501 0
0.22427 0.346992 0
0.229732 0.340072 0
0.236725 0.330747 0
0.244036 0.321444 0
0.670163 0.545176 0
0.67822 0.519895 0
0.683525 0.492524 0
0.688475 0.459663 1
0.682333 0.423223 0
0.66943 0.382502 0
0.326013 0.257378 0
0.327921 0.254982 0
0.33356 0.249482 0
0.34064 0.244334 0
0.347248 0.239364 0
0.352624 0.234202 0
0.35772 0.229618 0
0.364216 0.225423 0
0.370874 0.220781 0
0.37632 0.216775 0
0.38159 0.21567 0
0.390217 0.213344 0
0.398421 0.212 0
0.409241 0.21055 0
0.422101 0.20987 0
0.43356 0.2091 0
0.44739 0.209153 1
0.460356 0.210591 0
0.474295 0.21354 0
0.490039 0.217268 0
0.500317 0.219398 0
0.510952 0.223548 0
0.519849 0.228385 0
0.529128 0.234057 0
0.536347 0.239648 0
0.541702 0.245507 0
0.547266 0.251501 0
0.552682 0.258974 0
0.554069 0.265285 0
0.55467 0.270949 0
0.556731 0.276 0
0.556915 0.282052 0
0.561238 0.288549 0
0.569787 0.298265 0
0.575263 0.306514 0
0.584452 0.31842 0
0.609249 0.342105 0
0.603727 0.34503 0
0.608059 0.356624 0
0.622302 0.380244 0
0.633709 0.405732 0
0.644267 0.440761 0
0.646611 0.471629 1
0.644149 0.495352 0
0.638863 0.522157 0
0.62932 0.549707 0
0.616747 0.574378 0
0.604069 0.59551 0
0.585374 0.618623 1
0.571641 0.631937 0
0.555865 0.643796 0
0.53997 0.652362 0
0.529869 0.656856 0
0.52021 0.660744 0
0.50492 0.672259 0
0.490403 0.678149 0
0.47676 0.681011 0
0.463817 0.688958 0
0.449644 0.695153 0
0.439278 0.698812 0
0.42451 0.698927 0
0.416054 0.703296 0
0.406972 0.707393 0
0.386097 0.705117 0
0.373335 0.707182 0
0.359616 0.708707 0
0.350526 0.714908 0
0.34747 0.712993 0
0.340127 0.714252 0
0.32205 0.707704 0
0.306243 0.706765 0
0.292696 0.704591 0
0.28535 0.704139 0
0.279757 0.708562 0
0.267922 0.701349 0
0.264464 0.705131 0
0.259185 0.706784 0
0.254134 0.705754 0
0.245593 0.702547 1
0.24302 0.702148 0
0.233397 0.693302 0
0.227541 0.68748 0
0.220645 0.678321 0
0.214387 0.669211 0
0.211099 0.667853 0
0.206919 0.659937 0
0.203018 0.651372 0
0.199894 0.644226 0
0.197466 0.641436 0
0.195322 0.63651 0
0.19204 0.625323 0
0.1906 0.615304 0
0.186723 0.612591 0
0.183034 0.601776 0
0.178064 0.589785 0
0.174851 0.578202 0
0.171155 0.577317 0
0.167556 0.564477 0
0.165284 0.552504 0
0.163692 0.541593 0
0.163762 0.49825 0
0.192377 0.401588 0
0.214448 0.371795 0
0.266384 0.329642 0
0.370181 0.290919 0
0.488666 0.296745 0
0.533319 0.313524 0
0.586259 0.352245 0
0.603182 0.37037 0
0.624475 0.404552 0
0.64555 0.458485 0
0.644814 0.499936 0
0.628589 0.554416 0
0.592031 0.609023 0
0.545838 0.646942 0
0.531374 0.652239 0
0.535868 0.647528 0
0.537747 0.645023 0
0.583152 0.619403 1
0.588173 0.611797 0
0.578544 0.6135 0
0.577228 0.609508 0
0.60633 0.586612 1
0.606841 0.578127 0
0.602889 0.571385 0
0.622105 0.537549 0
0.624567 0.518547 0
0.627297 0.500097 0
0.630579 0.48581 0
0.628959 0.47748 0
0.622344 0.460444 0
0.622415 0.457646 0
0.61372 0.464529 0
0.605973 0.474489 0
0.547934 0.348557 1
0.54591 0.363672 0
0.512551 0.320717 0
0.485283 0.312907 0
0.450884 0.30247 0
0.476831 0.307487 0
0.467619 0.305045 0
0.454939 0.304551 0
0.445196 0.297142 0
0.378632 0.298136 0
0.357733 0.310377 0
0.195268 0.517282 0
0.19754 0.462401 0
0.2929 0.332069 1
0.261022 0.362487 0
0.212909 0.482662 0
0.397597 0.344418 0
0.333718 0.355391 0
0.239308 0.479558 0
0.31437 0.397348 0
0.287 0.439624 0
0.316028 0.441821 0
0.301812 0.462761 0
0.304371 0.506518 0
0.333311 0.482551 0
0.327019 0.511372 0
0.354903 0.484752 0
0.382899 0.487118 0
0.388411 0.498788 0
0.410894 0.495042 0
0.410859 0.495263 0
0.422879 0.494576 0
0.422996 0.494568 0
0.423022 0.494568 0
0.423024 0.494568 0
0.423024 0.494568 0
0.423025 0.494568 0
0.423025 0.494568 0
0.423025 0.494568 0
0.423025 0.494568 0
0.423025 0.494568 0
0.423025 0.494568 0
0.423025 0.494568 0
0.423025 0.494568 0
0.423025 0.494568 0
0.423025 0.494568 0
0.423025 0.494568 0
0.423025 0.494568 1
