0.320722 0.184975 1
0.316218 0.193576 0
0.305029 0.197804 0
0.302961 0.211531 0
0.296971 0.21357 0
0.290873 0.207872 0
0.286831 0.236176 0
0.282347 0.247105 0
0.268445 0.25333 0
0.255875 0.261005 0
0.247326 0.260431 0
0.238815 0.256137 0
0.219614 0.271167 0
0.193944 0.283174 0
0.178301 0.283366 0
0.167081 0.291537 0
0.157069 0.290203 1
0.156001 0.28939 0
0.154438 0.289027 0
0.154364 0.289059 0
0.153263 0.288908 0
0.153382 0.288873 0
0.152849 0.288593 0
0.153913 0.288905 0
0.138523 0.280294 0
0.0823714 0.382247 0
0.0762026 0.376183 0
0.0756908 0.377738 0
0.0750706 0.37854 0
0.0750693 0.378519 0
0.0750723 0.378518 0
0.0750723 0.378519 0
0.0750723 0.378519 0
0.0750723 0.378519 0
0.0750723 0.378519 0
0.0750723 0.378519 1
0.0688693 0.371954 0
0.0599852 0.384655 0
0.050415 0.389055 0
0.0423384 0.3972 0
0.0364503 0.399851 0
0.0185333 0.420827 0
0.00722575 0.430596 0
0 0.442157 0
0.00717793 0.458013 0
0.00095572 0.481357 0
0.0553098 0.460877 0
0.0728163 0.459826 0
0.0535832 0.505509 0
0.0544537 0.518098 0
0.0657355 0.521671 0
0.0759187 0.517114 0
0.0873225 0.514402 0
0.0940614 0.536874 0
0.096762 0.552321 0
0.109723 0.565524 0
0.13173 0.572405 0
0.158267 0.600858 0
0.186208 0.607318 0
0.211324 0.615326 0
0.228505 0.610767 0
0.232927 0.613215 1
0.237448 0.61197 0
0.24159 0.608365 0
0.246627 0.60463 0
0.255428 0.606617 0
0.261081 0.605493 0
0.266754 0.60542 0
0.274756 0.603468 0
0.280114 0.59711 0
0.287818 0.597037 0
0.292522 0.587341 0
0.297017 0.586785 0
0.298723 0.575025 0
0.321872 0.591448 0
0.294584 0.557989 0
0.30334 0.557821 0
0.292361 0.548229 0
0.337827 0.576602 0
0.353068 0.610389 0
0.358098 0.630498 0
0.356061 0.652757 0
0.363234 0.662297 0
0.369351 0.667149 0
0.373401 0.671838 0
0.385643 0.674797 0
0.374947 0.694624 0
0.379906 0.701012 0
0.378468 0.711455 0
0.380495 0.718975 0
0.368499 0.737234 0
0.373552 0.742516 0
0.385674 0.740104 0
0.385469 0.746389 0
0.387875 0.750497 0
0.407998 0.748208 0
0.42834 0.75304 0
0.404336 0.77216 0
0.393804 0.78763 0
0.395794 0.798653 0
0.40862 0.800961 0
0.416289 0.809707 0
0.431194 0.815031 0
0.44511 0.823393 0
0.424388 0.831976 0
0.567677 0.837001 0
0.596379 0.843475 0
0.606277 0.848168 0
0.619507 0.856273 0
0.627475 0.861984 0
0.630372 0.865376 0
0.630837 0.866792 0
0.634772 0.869983 0
0.639531 0.873802 0
0.642869 0.879028 1
0.642326 0.878055 0
0.635734 0.876367 0
0.62822 0.873933 0
0.634863 0.847837 0
0.827061 0.789035 0
0.845578 0.750707 0
0.84537 0.750623 0
0.839689 0.756993 0
0.834995 0.762036 0
0.831503 0.767349 0
0.828274 0.772816 0
0.826406 0.772177 0
0.831551 0.759163 0
0.831246 0.7524 0
0.834762 0.744934 0
0.835412 0.743362 0
0.833498 0.743411 0
0.830569 0.743615 0
0.832435 0.741198 0
0.832206 0.739968 0
0.833231 0.73921 0
0.834496 0.737423 1
0.824891 0.730974 0
0.819658 0.725249 0
0.810193 0.716763 0
0.797201 0.713431 0
0.785822 0.707737 0
0.781357 0.700868 0
0.765921 0.686833 0
0.753244 0.681055 0
0.746679 0.671659 0
0.73607 0.663351 0
0.729384 0.655172 0
0.713493 0.656854 0
0.69848 0.66188 0
0.695918 0.643071 0
0.687043 0.638988 0
0.680069 0.634434 0
0.680434 0.61024 0
0.671645 0.601021 0
0.656799 0.601353 0
0.654717 0.583415 0
0.666723 0.544248 0
0.696021 0.490812 0
0.696361 0.121072 0
0.687504 0.0643562 0
0.669714 0.056762 0
0.633225 0.0705811 0
0.603254 0.0627693 0
0.574289 0.063363 0
0.532318 0.0651236 0
0.518571 0.0580424 0
0.504512 0.0556137 0
0.495888 0.0631989 0
0.491097 0.063443 0
0.484004 0.068049 0
0.476382 0.0718399 0
0.464082 0.0763672 0
0.450881 0.0914152 0
0.439717 0.109547 0
0.422446 0.134365 0
0.412102 0.157658 0
0.390311 0.144924 0
0.378541 0.146971 0
0.361822 0.135871 0
0.350593 0.135907 0
0.322437 0.143022 0
0.285371 0.224426 0
0.297735 0.249904 0
0.305294 0.271589 0
0.296608 0.291941 0
0.240998 0.291225 0
0.228616 0.276248 0
0.214019 0.272782 0
0.193923 0.28609 0
0.186665 0.283085 0
0.174931 0.288056 0
0.15341 0.29164 0
0.152774 0.287746 0
0.155216 0.290227 0
0.156187 0.28985 0
0.15431 0.289473 0
0.15462 0.289615 0
0.155137 0.289657 0
0.154697 0.289785 0
0.153707 0.289064 0
0.150798 0.288816 0
0.14873 0.287922 0
0.147292 0.286996 0
0.146614 0.286854 0
0.146467 0.286163 0
0.132565 0.287779 0
0.0760757 0.364935 0
0.0699047 0.348135 0
0.0678257 0.340207 0
0.0667001 0.324793 0
0.0644892 0.317444 0
0.0631456 0.300391 0
0.0723034 0.282659 0
0.128811 0.24462 0
0.110765 0.165484 0
0.0661109 0.260388 0
0.0794949 0.260045 0
0.0769716 0.249121 0
0.0743791 0.241915 0
0.0866868 0.242059 0
0.0919045 0.237519 0
0.0986789 0.236553 1
0.313547 0 1
0.102302 0.250963 0
0.116168 0.392588 0
0.127575 0.363628 0
0.12838 0.367008 0
0.132327 0.366632 0
0.136021 0.367929 0
0.139669 0.366921 0
0.14033 0.370213 0
0.141015 0.374424 0
0.144012 0.374801 1
0.153271 0.378079 0
0.164814 0.39319 0
0.179859 0.427512 0
0.190367 0.465091 0
0.194677 0.480446 0
0.202328 0.501971 0
0.209477 0.504659 0
0.216516 0.510117 0
0.226774 0.516568 0
0.234522 0.51777 0
0.240517 0.516893 0
0.246433 0.518175 0
0.247285 0.514301 0
0.257786 0.52318 0
0.256188 0.518072 0
0.26494 0.523262 0
0.267168 0.519364 0
0.272753 0.519775 0
0.277203 0.519371 1
0.277204 0.51937 0
0.277214 0.519371 0
0.277174 0.519342 0
0.278236 0.520276 0
0.291281 0.534237 0
0.368608 0.632403 0
0.382954 0.641754 0
0.386304 0.645015 0
0.397297 0.655223 0
0.399258 0.663272 0
0.399148 0.670664 0
0.401796 0.676654 0
0.396782 0.697796 0
0.396633 0.709663 0
0.388193 0.726092 0
0.389351 0.735618 0
0.37977 0.751318 0
0.37187 0.766617 0
0.366862 0.779487 0
0.361732 0.793318 0
0.368278 0.800477 0
0.36052 0.80955 0
0.36147 0.816796 0
0.357512 0.827184 0
0.356125 0.832646 0
0.349653 0.841318 0
0.346067 0.850732 0
0.351161 0.857367 0
0.352546 0.864343 0
0.348745 0.872718 1
0.356996 0.883029 0
0.365143 0.893205 0
0.380553 0.897957 0
0.391233 0.911338 0
0.391408 0.924737 0
0.422037 0.923714 0
0.442096 0.922924 0
0.460689 0.926581 0
0.469297 0.948329 0
0.51944 0.930975 0
0.540825 0.927394 0
0.558099 0.926406 1
0.563458 0.934091 0
0.554833 0.922488 0
0.850291 0.750721 1
0.968954 0.469661 0
0.996834 0.439933 0
1 0.43466 1
0.996776 0.457948 0
0.961062 0.558007 0
0.94369 0.590389 0
0.925549 0.62675 0
0.908083 0.644499 0
0.887957 0.663478 0
0.873526 0.678206 0
0.854051 0.703817 0
0.78372 0.818026 0
0.764471 0.82956 0
0.655109 0.888733 0
0.649654 0.888681 0
0.643835 0.8802 1
0.647119 0.886223 0
0.660607 0.889319 0
0.75824 0.781935 0
0.742273 0.769035 0
0.731467 0.766789 0
0.724153 0.755887 0
0.713259 0.754831 1
0.713213 0.74736 0
0.711597 0.734135 0
0.716486 0.708923 0
0.709231 0.691543 0
0.701255 0.69036 0
0.692646 0.678983 0
0.688487 0.667727 0
0.685407 0.653472 0
0.67429 0.642393 0
0.661719 0.622383 0
0.657073 0.607301 0
0.649037 0.583249 0
0.697184 0.0802451 0
0.737707 0.0767968 0
0.742202 0.00572785 0
0.711105 0.041274 0
0.69158 0.0528904 0
0.675382 0.0622712 0
0.660823 0.0428986 0
0.641074 0.0416158 0
0.625827 0.04209 0
0.601858 0.0555415 0
0.578645 0.0471473 0
0.555992 0.0548144 0
0.538562 0.0539746 0
0.510053 0.0532082 1
0.502817 0.0604003 0
0.502451 0.0770887 0
0.493462 0.0910514 0
0.489569 0.0978547 0
0.480624 0.100371 0
0.466555 0.116855 0
0.462418 0.121064 0
0.452526 0.142408 0
0.445743 0.163448 0
0.46109 0.22147 0
0.442008 0.207574 0
0.433222 0.212331 0
0.450842 0.239751 0
0.451671 0.253793 0
0.435615 0.251974 0
0.43831 0.266437 0
0.431037 0.275989 0
0.42997 0.284681 0
0.417799 0.289772 0
0.401938 0.291233 0
0.407471 0.30522 0
0.383236 0.307518 0
0.409768 0.325589 0
0.369627 0.331969 0
0.384925 0.34049 0
0.403471 0.374646 0
0.387849 0.371426 0
0.393558 0.375813 1
