0.985232 0.179247 1
0.98192 0.1775 0
0.971771 0.172369 0
0.967156 0.170854 0
0.95834 0.164582 0
0.949068 0.160125 0
0.939407 0.154847 0
0.932624 0.150759 0
0.925727 0.147528 0
0.919701 0.145035 0
0.912173 0.140715 0
0.911646 0.140421 0
0.911681 0.140421 0
0.91168 0.140425 0
0.911679 0.140423 0
0.911679 0.140423 0
0.911679 0.140423 0
0.911679 0.140423 0
0.911679 0.140425 0
0.911687 0.14042 0
0.911796 0.140557 0
0.911217 0.139907 0
0.913497 0.140669 0
0.902216 0.127562 0
0.751807 0.0692429 0
0.748328 0.0647888 0
0.730935 0.0564988 0
0.734701 0.0583577 0
0.721514 0.0519292 0
0.72219 0.0542467 0
0.711461 0.047779 0
0.699169 0.0435508 0
0.689684 0.0404586 0
0.686073 0.0393354 0
0.673413 0.0342382 0
0.66362 0.0300099 0
0.658115 0.0280468 0
0.653688 0.0249978 0
0.639262 0.0203875 0
0.634713 0.0187584 0
0.631096 0.0174147 0
0.628277 0.0160458 0
0.613032 0.0100761 0
0.608435 0.00842746 0
0.600575 0.00624149 0
0.599875 0.00560091 0
0.594269 0.0033419 0
0.594496 0.00376989 0
0.58705 0.000626494 0
0.585025 0 1
0.190457 0.506818 0
0.190116 0.501979 0
0.187798 0.504611 0
0.188108 0.500177 0
0.174471 0.513753 0
0.172926 0.515733 0
0.184744 0.504185 1
0.161836 0.532554 0
0.163127 0.52962 0
0.16543 0.532718 0
0.17652 0.515003 1
0.154353 0.532864 0
0.15794 0.528989 1
0.156673 0.531842 0
0.157674 0.529694 0
0.157904 0.529032 0
0.157885 0.529163 0
0.1579 0.529093 0
0.157817 0.529404 0
0.157865 0.529593 0
0.156358 0.53368 0
0.157486 0.530618 0
0.157064 0.532267 0
0.157646 0.52974 0
0.157343 0.531298 0
0.157414 0.530759 0
0.156815 0.533566 0
0.155659 0.536612 0
0.158571 0.532152 0
0.156658 0.537582 0
0.160392 0.537015 0
0.172351 0.571039 0
0.165545 0.557453 0
0.182907 0.576152 0
0.180493 0.578889 0
0.180604 0.578896 0
0.180746 0.58007 0
0.180584 0.580463 1
0.180485 0.581182 0
0.180614 0.582387 0
0.179989 0.58254 0
0.181111 0.576297 0
0.218421 0.615563 0
0.298618 0.663653 0
0.313133 0.672169 0
0.316169 0.670441 0
0.3174 0.669982 0
0.318024 0.669899 1
0.320336 0.682841 0
0.321196 0.68237 0
0.327095 0.701927 0
0.338563 0.71883 0
0.342546 0.745539 0
0.354928 0.763836 0
0.356319 0.772205 0
0.371828 0.790955 0
0.388184 0.819566 0
0.406331 0.826226 0
0.419314 0.844198 0
0.443026 0.857179 0
0.459843 0.86071 0
0.477592 0.86831 0
0.491484 0.874242 0
0.505588 0.879986 0
0.531648 0.879237 0
0.556063 0.877506 0
0.562323 0.880918 0
0.581251 0.875297 0
0.591783 0.872671 0
0.599504 0.870628 0
0.606993 0.864634 0
0.61657 0.861915 1
0.619851 0.868445 0
0.623017 0.869161 0
0.63335 0.877162 0
0.636975 0.877871 0
0.644927 0.87748 0
0.651537 0.877006 0
0.657045 0.87605 0
0.662064 0.875191 0
0.66652 0.87199 0
0.671994 0.87518 0
0.670724 0.867659 0
0.673823 0.863707 0
0.67961 0.862107 0
0.680737 0.857244 1
0.681202 0.857357 0
0.680264 0.857882 0
0.676717 0.844832 1
0.676864 0.844814 0
0.677005 0.84477 0
0.677239 0.844658 0
0.675382 0.847657 0
0.673307 0.830223 1
0.671034 0.849009 0
0.673631 0.833339 1
0.676091 0.823858 0
0.675578 0.819621 0
0.675525 0.816962 0
0.6742 0.813343 0
0.668801 0.809476 0
0.660308 0.811753 1
0.662907 0.803773 0
0.66526 0.799161 0
0.666856 0.796704 0
0.669181 0.791669 0
0.670437 0.786046 0
0.673286 0.781801 0
0.674486 0.774622 0
0.675099 0.769974 0
0.673658 0.766832 0
0.678871 0.757905 0
0.679472 0.742356 0
0.623575 0.706903 0
0.623254 0.706635 0
0.63241 0.69642 0
0.623254 0.697409 0
0.630848 0.685734 0
0.623876 0.68802 0
0.614052 0.696335 0
0.610725 0.692802 0
0.606261 0.693374 0
0.602401 0.693883 0
0.598061 0.697089 0
0.594323 0.698588 1
0.59384 0.697081 0
0.592582 0.69664 0
0.592643 0.698792 0
0.59164 0.69919 0
0.589632 0.697006 0
0.587992 0.696938 0
0.587484 0.697801 0
0.586746 0.699552 0
0.583797 0.697032 0
0.580966 0.696982 0
0.579775 0.6991 0
0.586806 0.704926 0
0.584939 0.706605 0
0.584389 0.706235 0
0.584593 0.705264 1
0.584559 0.705282 0
0.584506 0.705297 0
0.584337 0.705336 0
0.583334 0.705759 0
0.582424 0.703984 0
0.548454 0.694231 0
0.495146 0.641856 0
0.427602 0.55068 0
0.39776 0.550279 0
0.381793 0.547395 0
0.360852 0.544719 0
0.340863 0.55052 0
0.336819 0.550948 0
0.329889 0.552002 0
0.324714 0.553118 0
0.319114 0.555087 0
0.315035 0.554549 0
0.312245 0.556912 0
0.305291 0.559274 0
0.301443 0.55907 1
0.29631 0.553427 0
0.293329 0.548779 0
0.291089 0.550822 0
0.292261 0.547138 0
0.27152 0.528735 0
0.188902 0.528126 0
0.187084 0.520286 0
0.185678 0.521237 1
0.179593 0.513487 1
0.163147 0.510555 1
0.16311 0.510311 0
0.162685 0.510021 0
0.162228 0.509514 0
0.161723 0.509167 0
0.161623 0.511113 0
0.160589 0.508066 0
0.159555 0.510017 0
0.158337 0.506411 0
0.157226 0.509592 0
0.155373 0.507058 0
0.153715 0.506108 0
0.151993 0.504805 0
0.150818 0.50537 0
0.148398 0.505705 0
0.14364 0.498223 0
0.142808 0.502225 0
0.137993 0.49845 0
0.123637 0.484738 0
0.105713 0.47039 0
0.0991499 0.477767 0
0.0937483 0.471371 0
0.0817415 0.472485 0
0.0774174 0.472709 0
0.0698187 0.468108 0
0.0648676 0.468387 0
0.0542742 0.471374 0
0.047979 0.466971 0
0.0429257 0.470312 0
0.0326273 0.477471 0
0.0334294 0.478596 0
0.0331494 0.477372 0
0.0250826 0.47597 0
0.020737 0.476817 0
0.0162998 0.479409 0
0.00576839 0.482522 0
0.00291953 0.476285 0
0.000259569 0.475704 0
0 0.486059 0
0.00239169 0.496845 0
0.0115498 0.502346 0
0.0109091 0.51288 0
0.000744401 0.515388 0
0.012637 0.517889 0
0.0195104 0.523211 0
0.0236424 0.523418 0
0.00913872 0.530517 0
0.0178168 0.524667 0
0.0163168 0.530426 0
0.0153892 0.531227 0
0.0155738 0.531998 0
0.019252 0.533334 0
0.0237746 0.535631 0
0.0325643 0.537145 0
0.034347 0.537015 0
0.0403263 0.546609 0
0.050647 0.564471 0
0.0549656 0.552936 0
0.0681542 0.573697 0
0.083532 0.594491 0
0.095206 0.594329 0
0.149203 0.602356 0
0.157034 0.600507 0
0.157553 0.599344 0
0.166794 0.600624 0
0.164541 0.598747 1
0.163943 0.607182 0
0.165088 0.609627 0
0.176704 0.628466 0
0.180926 0.641425 0
0.198018 0.659691 0
0.203451 0.66766 0
0.206907 0.66914 0
0.205776 0.684209 0
0.376438 0.786035 0
0.360826 0.796316 0
0.37728 0.822489 0
0.384297 0.84304 0
0.402829 0.8504 0
0.419737 0.852336 0
0.442383 0.863737 0
0.453274 0.865257 0
0.473177 0.869339 0
0.483221 0.881342 0
0.502094 0.876698 0
0.512465 0.880368 0
0.53034 0.883562 0
0.544534 0.880843 0
0.552711 0.87554 0
0.577685 0.878263 0
0.579856 0.873732 0
0.584242 0.8667 0
0.587266 0.86448 0
0.587974 0.868353 0
0.594117 0.867172 0
0.63049 0.861094 0
0.636789 0.869049 0
0.637016 0.870909 0
0.676447 0.98108 0
0.683733 0.949364 0
0.686104 0.963851 0
0.693834 0.96885 0
0.700881 0.960876 0
0.702983 0.98321 0
0.718828 0.983194 0
0.727614 0.9844 0
0.74175 0.986734 0
0.744004 0.987414 0
0.750031 0.977905 0
0.736702 1 0
0.760558 0.973804 0
0.761319 0.983825 0
0.765318 0.975761 0
0.766181 0.967127 0
0.761933 0.969138 0
0.765284 0.949472 0
0.749968 0.932111 0
0.784365 0.935668 0
0.748348 0.911366 0
0.731903 0.895 0
0.722949 0.885512 0
0.722707 0.880988 0
0.694239 0.859937 0
0.685953 0.856479 0
0.683247 0.8544 0
0.682404 0.853617 0
0.681275 0.852793 0
0.683008 0.853293 0
0.682945 0.853027 0
0.682759 0.852567 0
0.682688 0.852179 0
0.6829 0.85208 1
0.67644 0.841618 1
0.67304 0.832913 1
0.656595 0.823336 0
0.656082 0.819963 0
0.656979 0.816642 0
0.658308 0.815212 1
0.637057 0.808207 0
0.623466 0.770646 0
0.615862 0.762509 0
0.616908 0.7625 0
0.617247 0.75646 0
0.615127 0.756807 0
0.616493 0.75307 0
0.615699 0.750975 1
