0.998641 0.127356 1
0.997485 0.126238 0
0.998049 0.124761 0
0.998627 0.125838 0
0.998591 0.126454 0
0.998883 0.125222 0
1 0.122285 0
0.998776 0.121844 0
0.998295 0.122069 0
0.998413 0.122214 0
0.997491 0.121789 0
0.996856 0.120955 0
0.996348 0.120052 0
0.996996 0.120661 0
0.996803 0.121281 0
0.996612 0.12074 0
0.996353 0.120212 0
0.996811 0.119485 0
0.997581 0.119078 0
0.997762 0.11853 0
0.997646 0.119308 0
0.997501 0.118579 0
0.996697 0.117596 0
0.99691 0.117429 0
0.997081 0.118837 0
0.997442 0.119369 0
0.996845 0.118553 0
0.997744 0.117932 0
0.997962 0.115015 0
0.99692 0.116315 0
0.997109 0.11434 0
0.997207 0.1134 0
0.996482 0.114165 0
0.997104 0.112853 0
0.9966 0.112552 0
0.99765 0.112268 0
0.996836 0.11153 0
0.997719 0.110275 0
0.997808 0.111643 0
0.998316 0.112676 0
0.998705 0.113378 0
0.996848 0.112208 0
0.997131 0.109783 0
0.995987 0.110789 0
0.996904 0.110508 0
0.995708 0.111771 0
0.995574 0.108699 0
0.995681 0.107772 0
0.995734 0.106713 0
0.994529 0.107059 0
0.994418 0.10697 0
0.994923 0.106419 0
0.992135 0.116212 0
0.992861 0.110278 0
0.991963 0.116462 0
0.993857 0.108709 0
0.992507 0.124095 0
0.991649 0.120905 0
0.989872 0.123316 0
0.989983 0.125964 0
0.98907 0.123417 0
0.989069 0.123147 0
0.989627 0.123322 0
0.989257 0.123279 0
0.988195 0.12727 0
0.987795 0.127202 0
0.987897 0.125553 0
0.986763 0.128228 0
0.987202 0.124262 0
0.986357 0.12631 0
0.986833 0.126136 0
0.987124 0.127033 0
0.986756 0.125847 0
0.987027 0.12571 0
0.987415 0.126684 0
0.986613 0.12055 0
0.98743 0.124074 0
0.988475 0.115045 0
0.985884 0.127441 0
0.985084 0.11988 0
0.982904 0.119525 0
0.981478 0.119398 0
0.981049 0.126804 0
0.977188 0.122923 0
0.976267 0.121239 0
0.97427 0.129476 0
0.973352 0.131732 0
0.972947 0.131797 0
0.97337 0.13559 0
0.971444 0.13718 0
0.969358 0.133167 0
0.969649 0.132305 0
0.967816 0.134814 0
0.968463 0.139025 0
0.968158 0.137996 0
0.967781 0.13607 0
0.967857 0.131177 0
0.967077 0.131176 0
0.96425 0.129449 0
0.963945 0.130058 0
0.962905 0.131167 0
0.96046 0.129559 0
0.959919 0.129198 0
0.958777 0.128137 0
0.95724 0.128521 0
0.957013 0.131572 0
0.953576 0.131752 0
0.95199 0.13947 0
0.949234 0.140311 0
0.946917 0.142081 0
0.943945 0.142083 0
0.940981 0.140236 0
0.935792 0.135874 0
0.933102 0.138216 0
0.928601 0.136694 0
0.924602 0.143703 0
0.920206 0.146461 0
0.919069 0.153816 0
0.916001 0.159275 0
0.908967 0.161448 0
0.904067 0.162568 0
0.900468 0.163434 0
0.897297 0.165684 1
0.897252 0.165591 0
0.896387 0.164819 0
0.89845 0.164835 0
0.902539 0.161795 0
0.909101 0.161759 0
0.911505 0.159504 0
0.912368 0.159245 0
0.909474 0.162065 0
0.908503 0.164201 0
0.914321 0.164093 0
0.921868 0.16442 0
0.92883 0.164197 0
0.934979 0.161617 0
0.937568 0.160279 0
0.941153 0.158709 0
0.942338 0.16899 0
0.939287 0.167211 0
0.936857 0.168397 0
0.9428 0.163866 0
0.950208 0.169977 0
0.943392 0.174734 0
0.939965 0.178439 0
0.946718 0.179929 0
0.934533 0.185435 0
0.933602 0.189392 0
0.935483 0.194166 0
0.935753 0.195645 0
0.934077 0.198973 0
0.929915 0.203245 0
0.929088 0.205046 0
0.924661 0.205882 0
0.924017 0.205325 0
0.922933 0.204224 0
0.920466 0.204769 0
0.918778 0.208556 0
0.91999 0.207015 0
0.917984 0.208727 0
0.918597 0.208746 0
0.918086 0.210211 0
0.918264 0.210892 0
0.918032 0.212696 0
0.917112 0.215493 0
0.911049 0.220406 0
0.911417 0.223266 0
0.90508 0.230674 0
0.901788 0.255487 0
0.902394 0.252634 0
0.904173 0.25135 0
0.904475 0.252278 0
0.905926 0.253515 0
0.907561 0.257818 0
0.909922 0.276403 0
0.922272 0.285098 0
0.922369 0.293249 0
0.924673 0.299107 0
0.929096 0.304487 0
0.930443 0.309749 0
0.932941 0.312158 0
0.935679 0.32151 0
0.93484 0.32709 0
0.934988 0.326471 0
0.934746 0.330401 1
0.933756 0.335199 1
0.951741 0.330408 0
0.953884 0.34336 0
0.936822 0.352935 0
0.935424 0.351717 1
0.935651 0.352225 0
0.93505 0.351755 0
0.935116 0.35274 0
0.934715 0.353407 0
0.934139 0.351882 0
0.936836 0.356971 0
0.943593 0.361038 0
0.96889 0.374539 0
0.991624 0.409499 0
0.98104 0.41692 0
0.969968 0.421707 0
0.928577 0.445998 0
0.915772 0.440614 0
0.913487 0.44128 1
0.898826 0.459168 1
0.892223 0.478676 1
0.883523 0.490515 1
0.873019 0.498814 1
0.867164 0.511422 1
0.854483 0.51992 1
0.843975 0.533712 1
0.82856 0.541283 1
0.827043 0.542345 0
0.815649 0.54667 0
0.751227 0.603698 0
0.728767 0.610844 0
0.731041 0.611776 0
0.7301 0.612419 0
0.729341 0.612819 0
0.728829 0.613016 0
0.728206 0.613112 0
0.728151 0.613172 1
0.710857 0.617631 1
0.710625 0.617681 0
0.711557 0.617644 0
0.689693 0.630674 0
0.631412 0.664837 0
0.621631 0.659699 0
0.614955 0.666535 0
0.616653 0.660875 0
0.603094 0.721844 0
0.603961 0.735977 0
0.593595 0.756566 0
0.584349 0.774192 0
0.579101 0.785723 0
0.578686 0.781209 0
0.574081 0.790806 0
0.578768 0.771165 0
0.579342 0.779489 0
0.571574 0.788054 0
0.570473 0.793943 0
0.563356 0.804274 0
0.560845 0.804519 0
0.5575 0.80745 0
0.554115 0.809169 0
0.550422 0.8104 0
0.545127 0.812947 0
0.541776 0.815337 0
0.537787 0.81418 1
0.537869 0.817093 0
0.538705 0.822065 0
0.536882 0.822827 0
0.536042 0.825628 0
0.533876 0.829243 0
0.533665 0.826191 0
0.533 0.827066 0
0.532576 0.826264 0
0.53036 0.825918 0
0.532131 0.818145 0
0.531307 0.818284 0
0.530606 0.81801 0
0.526428 0.824161 0
0.526823 0.822442 0
0.525335 0.823334 0
0.522546 0.826292 0
0.518812 0.832826 0
0.503628 0.824948 0
0.504778 0.822681 0
0.510621 0.818335 0
0.508014 0.819024 0
0.510831 0.81557 0
0.504576 0.818048 0
0.504217 0.815055 0
0.502536 0.812411 0
0.505277 0.809647 0
0.478959 0.814999 0
0.499294 0.806861 0
0.504291 0.802239 0
0.514012 0.797161 1
0.504683 0.787273 0
0.505513 0.778142 0
0.504926 0.761929 0
0.496659 0.754573 0
0.492921 0.740494 0
0.492001 0.730879 0
0.484643 0.719818 0
0.494039 0.642692 0
0.493118 0.62222 0
0.497145 0.600966 0
0.491445 0.688058 0
0.508527 0.585416 0
0.505055 0.571142 0
0.508065 0.565184 0
0.512235 0.554497 0
0.516966 0.546017 0
0.516368 0.536422 0
0.517076 0.530885 1
0.516733 0.530697 0
0.51887 0.53086 0
0.522478 0.470005 0
0.519599 0.463417 1
0.516749 0.442834 1
0.516728 0.442818 0
0.516678 0.442231 0
0.520129 0.440928 0
0.520447 0.201255 0
0.498996 0.233095 0
0.489251 0.225825 0
0.483589 0.223051 0
0.485558 0.212088 0
0.486415 0.200537 0
0.486376 0.187203 0
0.489977 0.175823 0
0.488663 0.171182 0
0.485135 0.166853 0
0.485543 0.160402 0
0.486225 0.156304 0
0.486833 0.140708 0
0.485124 0.133991 0
0.476347 0.133059 0
0.458442 0.174136 0
0.448337 0.173811 0
0.446213 0.174742 0
0.439467 0.176871 0
0.432826 0.176805 0
0.423394 0.181233 0
0.408629 0.17671 0
0.331644 0.184003 0
0.308965 0.1904 0
0.300952 0.1913 0
0.293688 0.194956 0
0.285313 0.195792 0
0.277557 0.197604 0
0.26999 0.200813 0
0.262179 0.206208 0
0.256854 0.20655 1
0.254175 0.208561 0
0.250122 0.205345 0
0.245855 0.20659 0
0.244582 0.209116 0
0.242222 0.206797 0
0.238325 0.206144 0
0.234304 0.203684 0
0.231788 0.203954 0
0.222008 0.197354 0
0.147498 0.200686 0
0.1406 0.203731 0
0.139621 0.203933 0
0.139307 0.203695 0
0.13928 0.20366 0
0.139279 0.203655 1
0.142394 0.206192 0
0.124844 0.208323 1
0.114905 0.212654 1
0.113933 0.212046 0
0.112584 0.211364 0
0.111482 0.210855 0
0.110922 0.210501 0
0.10949 0.210072 0
0.108497 0.20983 0
0.107397 0.209432 0
0.106756 0.208427 0
0.104315 0.206476 0
0.0832142 0.19985 0
0.0770524 0.199765 0
0.0746681 0.198342 0
0.0737017 0.194816 0
0.0701493 0.195107 0
0.0665496 0.193366 0
0.0618659 0.191765 0
0.0585207 0.196155 0
0.053138 0.200344 0
0.0455137 0.211701 1
0.0448523 0.208808 0
0.0421229 0.191621 0
0.0389907 0.188968 0
0.0369636 0.184683 0
0.0329521 0.17992 0
0.0295815 0.172393 0
0.0228059 0.167551 0
0.0124913 0.162235 0
0.00796153 0.15511 0
0.00246297 0.145158 0
0 0.136458 0
0.00721928 0.130428 0
0.016708 0.118496 0
0.0247684 0.11011 0
0.0338103 0.104734 0
0.0405133 0.101218 0
0.0470388 0.103372 0
0.0544821 0.0981894 0
0.062538 0.093807 0
0.0683179 0.0894526 1
0.0580947 0.0714418 0
0.0670478 0.0665587 0
0.0640249 0.055392 0
0.0616664 0.0295369 0
0.0735121 0.0334668 0
0.077489 0.0283478 0
0.0805746 0.0257132 0
0.0870387 0.0311365 0
0.114442 0 0
0.135027 0.0138369 0
0.145535 0.0237592 0
0.146772 0.0340691 0
0.150965 0.041157 1
0.150965 0.0411558 0
0.150975 0.0411416 0
0.151029 0.04133 0
0.152603 0.041259 0
0.161796 0.0429101 0
0.131004 0.180259 0
0.125432 0.196207 0
0.12771 0.197862 1
0.121411 0.213295 1
0.113871 0.229628 1
0.114972 0.23412 0
0.116574 0.241299 0
0.119593 0.244089 0
0.120342 0.259823 0
0.120634 0.272433 0
0.125273 0.284407 0
0.128913 0.294444 0
0.132899 0.304398 0
0.146152 0.310237 1
0.152187 0.327174 0
0.157545 0.350073 0
0.170981 0.377973 0
0.224271 0.419381 0
0.272382 0.438315 0
0.287123 0.450068 0
0.298357 0.452939 0
0.316255 0.452868 0
0.327101 0.455234 0
0.339395 0.45618 0
0.353632 0.45017 0
0.360057 0.44823 0
0.373771 0.449656 0
0.385534 0.449299 0
0.398942 0.447684 0
0.415513 0.4532 0
0.430375 0.453339 1
0.43973 0.448815 0
0.445555 0.447983 0
0.494142 0.453529 0
0.502552 0.452989 1
0.519928 0.453689 1
0.53864 0.453591 1
0.54166 0.453796 0
0.54735 0.44824 0
0.604811 0.456474 0
0.616158 0.471444 1
0.622131 0.473584 0
0.62909 0.477059 0
0.633955 0.48301 0
0.643593 0.489326 0
0.649185 0.491135 0
0.698009 0.570121 0
0.715841 0.597842 0
0.715138 0.599091 1
0.719898 0.618548 1
0.724866 0.657271 0
0.729538 0.656693 1
0.731037 0.674923 1
0.736906 0.676622 0
0.726328 0.748099 0
0.72464 0.751662 0
0.724799 0.751477 0
0.724723 0.751507 1
0.727131 0.761475 0
0.720336 0.769321 0
0.722645 0.7784 0
0.717867 0.784798 0
0.711687 0.786402 0
0.709736 0.787226 0
0.708308 0.790231 0
0.704869 0.789514 0
0.702331 0.787295 0
0.700915 0.786509 0
0.696418 0.780647 0
0.693026 0.779312 0
0.689914 0.780106 0
0.687599 0.779626 0
0.683707 0.780057 0
0.679831 0.77936 0
0.677733 0.778174 0
0.676744 0.77597 0
0.675617 0.777265 0
0.671135 0.777772 0
0.667682 0.776852 0
0.665402 0.778399 0
0.660902 0.77218 0
0.660193 0.766499 0
0.660491 0.759376 0
0.658775 0.755421 0
0.65835 0.751631 0
0.655202 0.751522 0
0.652065 0.749806 0
0.654172 0.741946 0
0.653108 0.7376 0
0.65166 0.733035 0
0.65023 0.727201 0
0.655438 0.717832 0
0.654397 0.713496 0
0.663451 0.70837 0
0.68111 0.705169 0
0.692837 0.703922 0
0.698973 0.705579 0
0.699584 0.704836 0
0.700742 0.704933 0
0.702283 0.704083 0
0.702531 0.703881 0
0.702882 0.703596 0
0.703226 0.703594 0
0.704504 0.703256 0
0.705447 0.702626 0
0.7072 0.701829 0
0.708779 0.701447 0
0.709882 0.700575 1
0.709882 0.700409 0
0.709873 0.700283 0
0.709586 0.699698 0
0.709837 0.699741 0
0.709719 0.699518 0
0.709767 0.699402 0
0.709724 0.699352 0
0.709646 0.699517 0
0.709777 0.699924 0
0.709886 0.700455 0
0.709873 0.700557 0
0.709876 0.700574 0
0.709851 0.700579 0
0.70964 0.700478 0
0.708886 0.699227 0
0.703981 0.702565 0
0.72659 0.672451 0
0.730353 0.672866 0
0.730319 0.67326 0
0.730324 0.673324 0
0.730353 0.673359 1
0.729545 0.672969 0
0.746716 0.66165 0
0.746068 0.660354 0
0.745552 0.66008 1
0.745616 0.659988 0
0.745697 0.659997 0
0.745754 0.659955 0
0.745762 0.659948 0
0.745819 0.659874 0
0.74591 0.659826 0
0.746036 0.659656 0
0.746242 0.659481 0
0.746712 0.659404 0
0.746766 0.659161 0
0.746724 0.659005 0
0.747041 0.658707 0
0.747159 0.658697 0
0.747046 0.658496 0
0.747289 0.658333 0
0.747911 0.65783 0
0.747805 0.657601 0
0.747602 0.657443 0
0.747995 0.657113 0
0.746822 0.657502 0
0.746923 0.657384 0
0.746338 0.65741 0
0.74636 0.657285 0
0.74598 0.656915 0
0.750148 0.661844 0
0.751328 0.662321 0
0.745996 0.663249 0
0.745044 0.663065 0
0.746477 0.66419 0
0.745561 0.663919 0
0.74449 0.663416 0
0.745439 0.664384 0
0.754033 0.663599 0
0.744306 0.664423 0
0.747385 0.66655 0
0.742738 0.659503 0
0.744137 0.665027 0
0.743925 0.664985 0
0.746349 0.666621 0
0.744711 0.666156 0
0.742814 0.663804 0
0.741555 0.660389 0
0.741878 0.659672 0
0.741844 0.659413 0
0.741215 0.661078 0
0.744933 0.666475 0
0.742997 0.664172 0
0.744469 0.666139 0
0.744733 0.66643 0
0.742998 0.664048 0
0.744831 0.666556 0
0.748493 0.668048 0
0.758344 0.66753 0
0.758719 0.667574 0
0.766094 0.662803 0
0.752419 0.650159 0
0.761577 0.642417 0
0.766224 0.638094 0
0.771143 0.636735 0
0.792285 0.652282 0
0.93568 0.639074 0
0.937495 0.629726 0
0.932487 0.618561 0
0.941034 0.613601 0
0.94797 0.606536 0
0.952412 0.597913 0
0.948771 0.578227 0
0.906701 0.486499 0
0.911492 0.481409 0
0.911628 0.483698 0
0.909178 0.48876 0
0.905951 0.490259 0
0.910423 0.488434 0
0.903751 0.491385 0
0.900257 0.492748 0
0.895913 0.493574 0
0.897963 0.493404 0
0.901837 0.492317 0
0.897906 0.493273 0
0.896202 0.493817 0
0.894447 0.494368 0
0.896765 0.494 0
0.894312 0.494639 0
0.89432 0.494917 0
0.893502 0.495346 0
0.893572 0.495507 0
0.894356 0.49552 0
0.893932 0.495993 0
0.896641 0.496234 0
0.8989 0.497102 0
0.897906 0.497197 0
0.898233 0.497745 0
0.897712 0.498032 0
0.896699 0.497996 0
0.896616 0.498272 0
0.898993 0.49959 0
0.89626 0.498424 0
0.895315 0.498508 0
0.895732 0.498976 0
0.894912 0.498958 0
0.895629 0.50002 0
0.894744 0.500191 0
0.893538 0.500015 0
0.892914 0.500005 0
0.892104 0.499797 1
0.894007 0.502253 0
0.897142 0.506854 0
0.871004 0.508689 0
0.869818 0.508107 1
0.849738 0.515546 0
0.852305 0.515865 0
0.852385 0.51627 0
0.852594 0.516438 0
0.85264 0.516501 0
0.852754 0.516531 1
0.852706 0.516351 0
0.851403 0.515521 0
0.849704 0.508899 0
0.828039 0.531803 0
0.831835 0.534689 0
0.831461 0.535637 0
0.831503 0.535587 0
0.831509 0.535603 1
0.831534 0.53561 0
0.831607 0.535452 0
0.832524 0.533886 0
0.831868 0.545836 1
0.831982 0.545937 0
0.832005 0.546056 0
0.832142 0.546282 0
0.832306 0.54649 0
0.83245 0.546653 0
0.832546 0.546724 0
0.83259 0.546881 0
0.832672 0.547005 0
0.832775 0.547194 0
0.832865 0.547438 0
0.833088 0.547663 0
0.833198 0.547804 0
0.833266 0.548037 0
0.833268 0.548245 0
0.833623 0.548807 0
0.833861 0.548985 0
0.833807 0.548961 0
0.833846 0.549158 0
0.833564 0.547146 0
0.842968 0.562764 0
0.85955 0.521737 0
0.858971 0.523417 0
0.85867 0.523186 0
0.858641 0.523206 1
0.859119 0.523584 0
0.860628 0.523414 0
0.862204 0.490678 0
0.859009 0.488688 0
0.859648 0.488022 0
0.872519 0.496833 1
0.870595 0.493821 0
0.86603 0.487033 0
0.866649 0.466022 0
0.888487 0.472674 0
0.889892 0.475296 1
0.889903 0.473826 0
0.8979 0.462707 0
0.898478 0.462198 1
0.901263 0.457954 1
0.902327 0.457468 0
0.903937 0.457536 0
0.902899 0.43708 0
0.906821 0.440169 0
0.908541 0.439601 1
0.905486 0.437609 0
0.905548 0.436376 0
0.904278 0.435023 0
0.902432 0.432452 0
0.898128 0.426076 0
0.897237 0.421932 0
0.897579 0.416713 0
0.897559 0.409978 0
0.899779 0.406925 0
0.901023 0.403278 0
0.905085 0.40028 0
0.908219 0.394955 0
0.913635 0.390405 0
0.917936 0.387017 0
0.921625 0.38608 0
0.924381 0.383742 1
0.924311 0.383445 0
0.924343 0.383562 0
0.924286 0.383525 0
0.92451 0.383353 0
0.923278 0.381635 0
0.919397 0.379601 0
0.915161 0.375673 0
0.904861 0.363534 0
0.902538 0.362438 0
0.901422 0.360171 0
0.900024 0.354889 0
0.932444 0.340942 0
0.932142 0.34027 0
0.932181 0.340274 0
0.932185 0.340267 1
0.931795 0.340409 0
0.930018 0.341926 0
0.934029 0.33345 1
0.934037 0.33346 0
0.93367 0.333413 0
0.930662 0.339437 0
0.934152 0.33336 0
0.933996 0.333371 0
0.934105 0.332991 0
0.931778 0.34207 0
0.932343 0.340521 0
0.932214 0.34069 0
0.932198 0.340655 0
0.932192 0.340609 0
0.932183 0.340711 0
0.932135 0.340848 0
0.932152 0.340951 0
0.932105 0.341071 0
0.932175 0.341155 0
0.932154 0.341204 0
0.93212 0.34126 0
0.93216 0.34128 0
0.932075 0.341384 0
0.932069 0.34155 0
0.932126 0.341558 0
0.932132 0.341647 0
0.932098 0.341637 0
0.932102 0.341587 0
0.932096 0.341497 0
0.932093 0.341464 0
0.932069 0.341501 0
0.932087 0.341468 0
0.932046 0.341368 0
0.932074 0.341335 0
0.932109 0.3413 0
0.932125 0.341207 0
0.932118 0.341181 0
0.93213 0.341104 0
0.932103 0.340887 0
0.932119 0.340833 0
0.932097 0.34073 0
0.932064 0.340585 0
0.931677 0.34023 0
0.929815 0.342882 0
0.914051 0.346648 0
0.914305 0.345989 0
0.913234 0.347055 0
0.911717 0.348032 0
0.911021 0.348804 0
0.910666 0.349694 0
0.910167 0.350694 0
0.909333 0.349957 0
0.909457 0.349258 0
0.909441 0.349734 0
0.908863 0.350233 0
0.908469 0.350584 0
0.90819 0.350836 0
0.907555 0.351245 0
0.906489 0.351512 0
0.905509 0.351808 0
0.904123 0.35194 0
0.903122 0.352198 0
0.902587 0.352705 0
0.901868 0.353546 0
0.901521 0.353738 0
0.898606 0.354373 0
0.89747 0.352638 0
0.861245 0.327804 0
0.76062 0.21531 0
0.752617 0.213215 0
0.755718 0.208822 0
0.755995 0.204548 0
0.753763 0.201633 0
0.751845 0.199696 0
0.750893 0.199413 0
0.748033 0.193316 0
0.743415 0.184257 0
0.743002 0.185982 0
0.73919 0.181815 0
0.737636 0.183349 0
0.732812 0.174358 0
0.729386 0.1696 0
0.724267 0.15879 0
0.722147 0.157414 0
0.719785 0.16211 0
0.720066 0.178112 0
0.719894 0.193683 0
0.717319 0.195498 0
0.7159 0.202257 0
0.712011 0.199505 0
0.710691 0.20083 0
0.710858 0.205307 0
0.710336 0.208557 0
0.708312 0.20917 0
0.707067 0.209231 0
0.706603 0.212684 0
0.705345 0.217861 0
0.703738 0.223641 0
0.702739 0.226116 0
0.701807 0.226456 0
0.70014 0.22707 0
0.698058 0.22645 0
0.697027 0.225866 0
0.697974 0.227067 0
0.697281 0.231168 0
0.696054 0.229804 0
0.695881 0.227355 0
0.694911 0.22703 0
0.692656 0.227564 0
0.692498 0.226644 0
0.690905 0.227382 0
0.690741 0.225542 0
0.68992 0.226123 0
0.687979 0.225528 1
