1 0.388134 1
0.995022 0.451264 0
0.97607 0.545569 0
0.807502 0.853307 0
0.28548 0.945561 0
0.266059 0.936582 0
0.528647 0.99552 0
0.51545 0.998148 0
0.505082 0.999074 0
0.498746 0.999394 0
0.48229 1 0
0.468337 0.999928 0
0.453941 0.999303 0
0.445444 0.995651 0
0.433283 0.993175 0
0.420266 0.990619 0
0.421339 0.990061 0
0.416186 0.987988 0
0.398626 0.981222 0
0.343464 0.96207 0
0.352635 0.963948 0
0.29907 0.939758 1
0.272082 0.923006 0
0.22984 0.891608 0
0.201555 0.866455 0
0.173099 0.838005 0
0.14669 0.807204 0
0.119046 0.770165 0
0.0896346 0.72323 0
0.054068 0.650142 0
0.0248547 0.563838 0
0.0067009 0.475446 0
0 0.389201 0
0.00182381 0.327379 0
0.00843489 0.272967 0
0.0146884 0.243045 0
0.0217921 0.217242 0
0.0281685 0.194661 0
0.0322249 0.183974 0
0.0349145 0.180808 0
0.036679 0.178267 0
0.0392572 0.178962 0
0.0405593 0.179374 0
0.0392686 0.188603 1
0.0426191 0.184585 0
0.0433074 0.183767 0
0.0432211 0.184414 0
0.0432461 0.184775 0
0.0425063 0.187016 0
0.0418167 0.190185 0
0.0411098 0.192387 0
0.0407967 0.193358 0
0.0461452 0.192115 0
0.0495966 0.197452 0
0.0511626 0.208409 0
0.0498626 0.227618 0
0.0473049 0.244823 0
0.0429389 0.260533 0
0.035435 0.286678 0
0.0304776 0.305558 0
0.0275464 0.316225 0
0.0257056 0.32369 0
0.0240346 0.329247 0
0.0225694 0.337188 0
0.0214696 0.344043 1
0.0199744 0.349179 0
0.019321 0.354153 0
0.018833 0.363927 0
0.0178876 0.362313 0
0.017405 0.374086 0
0.0177734 0.382486 0
0.0179222 0.393153 0
0.0176063 0.406137 0
0.0172491 0.417151 0
0.0169936 0.425431 0
0.0168915 0.428802 0
0.0168775 0.436028 0
0.0169307 0.445012 0
0.0168297 0.454215 0
0.0167971 0.460732 0
0.0171945 0.465265 0
0.0177555 0.46928 0
0.017996 0.471608 0
0.0181832 0.473214 0
0.019674 0.489082 0
0.020103 0.49037 0
0.0247187 0.524234 1
0.0213418 0.496157 0
0.0218815 0.49367 0
0.0228669 0.492498 0
0.0261686 0.52017 0
0.0272441 0.52514 0
0.0375864 0.582082 0
0.0368161 0.578213 0
0.03064 0.539211 0
0.0294437 0.51793 0
0.0309659 0.521315 0
0.0326541 0.524895 0
0.03467 0.529482 0
0.0348898 0.534007 0
0.0383095 0.540049 0
0.0420301 0.548984 0
0.0440112 0.550521 0
0.0455084 0.550623 0
0.0477608 0.556572 0
0.0506108 0.562348 0
0.0526158 0.562881 0
0.0571839 0.58038 0
0.0618966 0.592898 1
0.0669537 0.605635 0
0.0730582 0.623687 0
0.080657 0.646079 0
0.091858 0.673203 0
0.100698 0.687823 0
0.110766 0.704924 0
0.11981 0.718084 0
0.129614 0.731516 0
0.138462 0.742292 0
0.147279 0.753013 0
0.155127 0.7629 0
0.164104 0.772301 0
0.175168 0.784541 0
0.185971 0.797827 0
0.200552 0.813182 0
0.21874 0.832669 0
0.231531 0.843294 0
0.253403 0.86223 0
0.267932 0.872602 0
0.286056 0.886384 0
0.301647 0.896441 1
0.317512 0.905689 0
0.329707 0.914189 0
0.342311 0.921501 0
0.354568 0.925796 0
0.374683 0.934095 0
0.371207 0.935545 0
0.385364 0.943779 0
0.396333 0.948745 0
0.405528 0.952034 0
0.406096 0.953181 0
0.432837 0.957671 0
0.44529 0.961021 0
0.487711 0.9641 0
0.483047 0.967563 0
0.462392 0.968924 0
0.471817 0.969107 0
0.486657 0.969602 0
0.502033 0.969371 0
0.516273 0.967515 0
0.527499 0.966102 0
0.534706 0.964243 0
0.54426 0.961124 1
0.560109 0.957445 0
0.568641 0.954324 0
0.577109 0.951203 0
0.594651 0.94524 0
0.606847 0.940645 0
0.616909 0.935411 0
0.629278 0.927543 0
0.646159 0.919478 0
0.65955 0.911147 0
0.674662 0.900159 0
0.695227 0.884093 0
0.711799 0.868588 0
0.732072 0.848922 0
0.74918 0.829975 0
0.767243 0.808539 0
0.786283 0.783487 0
0.805566 0.754204 0
0.822865 0.723919 0
0.84021 0.690052 0
0.865386 0.633122 0
0.853687 0.0779891 0
0.865483 0.112382 1
0.871547 0.138097 0
0.887264 0.207135 0
0.891861 0.256033 0
0.885415 0.246726 0
0.877187 0.22572 0
0.871276 0.216539 0
0.865168 0.208461 0
0.852157 0.176778 0
0.836949 0.144863 0
0.823716 0.1237 0
0.813358 0.109809 0
0.797702 0.0885189 0
0.7807 0.067971 0
0.768742 0.0563033 0
0.759461 0.0484647 0
0.751651 0.0420019 0
0.740019 0.0351274 0
0.72867 0.0298696 0
0.720984 0.0278128 0
0.712749 0.0259719 0
0.70538 0.0251953 1
0.700186 0.0248932 0
0.695577 0.0244179 0
0.681797 0.0182098 0
0.673865 0.0170623 0
0.665662 0.0152985 0
0.652845 0.00910665 0
0.636729 0 0
0.216459 0.127804 0
0.720311 0.629961 0
0.805897 0.3684 0
0.798748 0.288717 0
0.787612 0.24597 0
0.778802 0.222838 0
0.773387 0.212736 0
0.768613 0.206309 0
0.756327 0.181596 0
0.621406 0.692042 0
0.768646 0.225877 0
0.76117 0.210776 0
0.759965 0.211417 0
0.75817 0.210703 0
0.757844 0.212262 1
0.756855 0.214383 0
0.754772 0.21496 0
0.752969 0.216206 0
0.754472 0.222412 0
0.754613 0.22581 0
0.755575 0.23037 0
0.756685 0.235175 0
0.760167 0.241126 0
0.764145 0.247571 0
0.765845 0.252856 0
0.766812 0.258885 0
0.768542 0.264816 0
0.772538 0.274339 0
0.774529 0.281434 0
0.774705 0.28683 0
0.774746 0.291553 0
0.773787 0.292615 0
0.774361 0.294997 0
0.777669 0.301208 0
0.779862 0.306973 0
0.780766 0.313829 0
0.7798 0.318322 1
0.77997 0.323027 0
0.781852 0.328704 0
0.781887 0.332757 0
0.78175 0.336822 0
0.782304 0.341804 0
0.782368 0.346412 0
0.781706 0.353564 0
0.780919 0.361524 0
0.779526 0.369925 0
0.77912 0.379144 0
0.77877 0.387566 0
0.777158 0.395409 0
0.776553 0.407857 0
0.775693 0.422546 0
0.775854 0.437947 0
0.775923 0.45383 0
0.773935 0.468721 0
0.772276 0.485517 0
0.770818 0.498786 0
0.769737 0.508865 0
0.767805 0.524173 1
0.765108 0.539899 0
0.76236 0.55234 0
0.758709 0.568936 0
0.753306 0.58818 0
0.747351 0.60561 0
0.741977 0.61999 0
0.737775 0.632956 0
0.730556 0.644653 0
0.723013 0.656576 0
0.716226 0.666907 0
0.70903 0.678875 0
0.700306 0.692854 0
0.693995 0.701742 0
0.691747 0.703713 0
0.692267 0.701905 0
0.693364 0.700169 0
0.696091 0.69771 0
0.702623 0.690845 0
0.707464 0.686328 0
0.711636 0.682176 0
0.655126 0.742124 0
0.653293 0.744099 1
0.646904 0.750094 0
0.645127 0.752856 0
0.6452 0.754473 0
0.647007 0.754407 0
0.646753 0.754896 0
0.645086 0.756053 0
0.642072 0.758608 0
0.635215 0.763971 0
0.637252 0.762658 0
0.640055 0.760736 0
0.643457 0.757584 0
0.643462 0.756454 0
0.642296 0.756562 0
0.636376 0.75949 0
0.626672 0.762024 0
0.60799 0.768545 0
0.592137 0.774402 0
0.574462 0.781076 0
0.554429 0.786952 0
0.538143 0.790556 0
0.527022 0.792939 0
0.517202 0.79541 1
0.508785 0.797447 0
0.496918 0.799229 0
0.482526 0.799788 0
0.477056 0.797054 0
0.463581 0.798234 0
0.450152 0.797136 0
0.457785 0.794359 0
0.439515 0.7939 0
0.419598 0.790418 0
0.403298 0.786012 0
0.384978 0.782174 0
0.375614 0.775957 0
0.361616 0.768066 0
0.346048 0.759547 0
0.334928 0.752136 0
0.327681 0.740196 0
0.3217 0.735111 0
0.310964 0.726638 0
0.291253 0.71363 0
0.287117 0.704418 0
0.272332 0.697596 1
0.26347 0.685917 0
0.256668 0.672911 0
0.247678 0.660784 0
0.241726 0.648313 0
0.233466 0.634393 0
0.2262 0.624992 0
0.221061 0.614919 0
0.216452 0.606949 0
0.219238 0.605749 0
0.209336 0.590654 0
0.202293 0.575114 0
0.197298 0.560313 0
0.191483 0.547694 0
0.190679 0.539273 0
0.186255 0.527277 0
0.191829 0.527031 0
0.179856 0.507344 0
0.17195 0.240975 0
0.162561 0.288018 0
0.169979 0.450474 0
0.180664 0.479115 0
0.177922 0.468486 1
0.179044 0.471521 0
0.178181 0.468945 0
0.176234 0.46132 0
0.174607 0.455341 0
0.175653 0.446056 0
0.177374 0.4379 0
0.177327 0.432789 0
0.173752 0.425353 0
0.173231 0.418041 0
0.17381 0.41435 0
0.173906 0.411962 0
0.173939 0.407973 0
0.174192 0.39726 0
0.174933 0.386672 0
0.174592 0.38012 0
0.175118 0.371036 0
0.175251 0.362568 0
0.176056 0.350858 0
0.178204 0.337428 0
0.181642 0.322151 0
0.185602 0.309535 0
0.190216 0.292468 1
0.193738 0.276183 0
0.199542 0.258718 0
0.207733 0.239222 0
0.214864 0.224267 0
0.22813 0.201485 0
0.242163 0.180286 0
0.255611 0.163656 0
0.270949 0.146517 0
0.289417 0.127975 0
0.306206 0.115112 0
0.329273 0.0964907 0
0.349466 0.0879894 0
0.367842 0.0808925 0
0.387531 0.0740146 0
0.40684 0.0711781 0
0.428051 0.0714664 0
0.445229 0.0740834 0
0.448049 0.0765369 0
0.474393 0.0833842 0
0.489653 0.0896981 0
0.502371 0.0983061 1
0.515189 0.109927 0
0.527602 0.123593 0
0.54024 0.138881 0
0.554446 0.157445 0
0.571869 0.181129 0
0.591142 0.212832 0
0.61629 0.270363 0
0.62927 0.367989 0
0.605581 0.465542 0
0.542096 0.5302 0
0.508093 0.52896 0
0.530025 0.501797 0
0.50175 0.504583 0
0.497704 0.496849 0
0.494356 0.487377 0
0.487502 0.477553 0
0.487047 0.468992 0
0.502687 0.448431 0
0.50959 0.434535 0
0.513464 0.404822 0
0.491725 0.414612 0
0.501129 0.382005 1
0.487175 0.384924 0
0.484063 0.362316 0
0.483851 0.360553 0
0.483819 0.360099 0
0.483662 0.359319 0
0.483617 0.359189 0
0.483607 0.359189 0
0.483607 0.359189 0
0.483607 0.359189 0
0.483607 0.359189 0
0.483607 0.359189 0
0.483607 0.359189 0
0.483607 0.359189 0
0.483607 0.359189 0
0.483607 0.359189 0
0.483607 0.359189 0
0.483607 0.359189 0
0.483607 0.359189 0
0.483607 0.359189 0
0.483607 0.359189 0
0.483607 0.359189 0
0.483607 0.359189 1
