0.760954 0.227184 1
0.751496 0.221148 0
0.753005 0.222736 0
0.271524 0.244991 0
0.762164 0.229431 0
0.766993 0.232598 0
0.770078 0.234666 0
0.781428 0.242712 0
0.208882 0.710701 0
0.842132 0.29864 0
0.19994 0.698315 0
0.148505 0.605955 0
0.203557 0.704393 0
0.219831 0.722796 0
0.629838 0.175514 0
0.850826 0.307159 0
0.207385 0.710453 0
0.732034 0.211671 0
0.185045 0.680751 0
0.184894 0.680687 0
0.184468 0.679489 1
0.183716 0.677616 0
0.183651 0.676891 0
0.183795 0.676513 0
0.18319 0.675671 0
0.183726 0.675763 0
0.184183 0.676368 0
0.183257 0.675448 0
0.182264 0.674182 0
0.181735 0.673801 0
0.180479 0.672874 0
0.178277 0.67039 0
0.177443 0.669294 0
0.177801 0.669669 0
0.175807 0.66743 0
0.173955 0.665071 0
0.168607 0.657098 0
0.163049 0.648155 0
0.155343 0.634047 0
0.145215 0.611949 0
0.139489 0.59754 1
0.139615 0.598314 0
0.136617 0.589293 0
0.133141 0.578002 0
0.132598 0.576719 0
0.131249 0.570829 0
0.128069 0.556424 0
0.126571 0.55017 0
0.128586 0.563083 0
0.132077 0.578431 0
0.135635 0.591779 0
0.135662 0.592634 0
0.13505 0.590666 0
0.1361 0.594608 0
0.135323 0.59105 0
0.136076 0.593848 0
0.1385 0.602322 0
0.14203 0.612712 0
0.144837 0.620178 0
0.146513 0.625139 0
0.146041 0.623619 0
0.145927 0.622464 1
0.148029 0.629838 0
0.149757 0.633293 0
0.150939 0.634693 0
0.154087 0.641479 0
0.155513 0.644934 0
0.151299 0.636929 0
0.144256 0.621355 0
0.154254 0.644154 0
0.155089 0.645315 0
0.154271 0.643988 0
0.145868 0.626495 0
0.124421 0.549352 0
0.1371 0.410208 0
0.230629 0.266924 0
0.288359 0.222459 0
0.35391 0.188299 0
0.376166 0.179611 0
0.390416 0.174721 0
0.404663 0.17003 0
0.413338 0.167455 1
0.417072 0.166625 0
0.412245 0.168069 0
0.410907 0.168467 0
0.412309 0.168201 0
0.408468 0.169602 0
0.407037 0.170021 0
0.404957 0.170525 0
0.405497 0.170346 0
0.400274 0.171812 0
0.394498 0.173389 0
0.389088 0.175015 0
0.386451 0.175796 0
0.380424 0.178036 0
0.358525 0.186865 0
0.320739 0.204858 0
0.289304 0.223367 0
0.283803 0.227104 0
0.302941 0.215186 0
0.311317 0.210446 0
0.316066 0.208242 1
0.287652 0.225306 0
0.144251 0.39699 0
0.139094 0.601703 0
0.148414 0.625752 0
0.147993 0.624308 0
0.142871 0.611042 0
0.160098 0.64912 0
0.164879 0.657784 0
0.163984 0.656169 0
0.166659 0.6604 0
0.168659 0.663586 0
0.168 0.662309 0
0.170215 0.666112 0
0.172508 0.669863 0
0.176065 0.674896 0
0.178638 0.678161 0
0.179336 0.678505 0
0.17995 0.677741 0
0.17865 0.674124 0
0.1794 0.674334 0
0.180485 0.675152 1
0.183975 0.679248 0
0.19061 0.687266 0
0.192545 0.688881 0
0.191209 0.686822 0
0.195742 0.692536 0
0.820181 0.276929 0
0.824776 0.281238 0
0.825078 0.281685 0
0.826485 0.283987 0
0.822421 0.279894 0
0.82495 0.281855 0
0.826188 0.283722 0
0.825589 0.283934 0
0.825187 0.284243 0
0.826466 0.285941 0
0.832109 0.291515 0
0.83157 0.291205 0
0.831479 0.290167 0
0.830359 0.288809 0
0.829531 0.287873 1
0.827591 0.285654 0
0.823212 0.28008 0
0.820912 0.27743 0
0.819866 0.276313 0
0.818479 0.274662 0
0.816049 0.271591 0
0.813597 0.268726 0
0.813036 0.268396 0
0.811997 0.267671 0
0.808933 0.264344 0
0.806879 0.261634 0
0.80564 0.259913 0
0.802981 0.256909 0
0.800461 0.254218 0
0.798822 0.252851 0
0.795529 0.250042 0
0.790731 0.245407 0
0.786707 0.241394 0
0.783588 0.238647 0
0.764913 0.223494 0
0.73898 0.207203 1
0.722543 0.198483 0
0.701702 0.188992 0
0.661671 0.174313 0
0.615961 0.162226 0
0.599526 0.158889 0
0.602875 0.159358 0
0.597421 0.158406 0
0.599977 0.158797 0
0.595457 0.158026 0
0.595151 0.157807 0
0.621138 0.162685 0
0.640509 0.167338 0
0.641604 0.167835 0
0.638349 0.167226 0
0.630335 0.165326 0
0.61628 0.162334 0
0.620907 0.163511 0
0.62347 0.164187 0
0.620709 0.163744 0
0.628999 0.165624 1
0.634108 0.166714 0
0.633099 0.166312 0
0.633405 0.166204 0
0.639276 0.167505 0
0.655941 0.172263 0
0.676819 0.179433 0
0.682015 0.181409 0
0.679984 0.180715 0
0.669801 0.177049 0
0.584341 0.158103 0
0.309474 0.210002 0
0.314703 0.206995 0
0.316403 0.2059 0
0.313065 0.208335 0
0.30453 0.213805 0
0.307558 0.212163 0
0.317887 0.206469 0
0.316863 0.207175 0
0.31871 0.206232 0
0.328566 0.201042 1
0.339407 0.195837 0
0.341024 0.195348 0
0.343166 0.194613 0
0.350272 0.191487 0
0.358739 0.187725 0
0.357991 0.188199 0
0.345657 0.193544 0
0.32722 0.201706 0
0.135744 0.59672 0
0.7445 0.2108 0
0.75225 0.214664 0
0.758708 0.218531 0
0.763122 0.22154 0
0.765963 0.223671 0
0.771546 0.227764 0
0.773784 0.22944 0
0.77041 0.227016 0
0.767889 0.225231 0
0.768131 0.225512 0
0.76915 0.226286 0
0.766085 0.224055 1
0.768091 0.225614 0
0.772496 0.229056 0
0.774018 0.230337 0
0.773055 0.229585 0
0.772973 0.229542 0
0.77204 0.228723 0
0.772115 0.228466 0
0.771695 0.228159 0
0.773569 0.229619 0
0.775801 0.231225 0
0.773674 0.229821 0
0.769653 0.227269 0
0.76902 0.22699 0
0.770582 0.228287 0
0.772114 0.229749 0
0.77559 0.232554 0
0.775824 0.232677 0
0.772429 0.22991 0
0.773977 0.231016 0
0.774892 0.231877 1
0.773331 0.230948 0
0.774309 0.231725 0
0.775129 0.232263 0
0.77561 0.232716 0
0.776424 0.233436 0
0.775633 0.232797 0
0.776194 0.233231 0
0.777585 0.234463 0
0.77893 0.235591 0
0.77972 0.236186 0
0.779844 0.236168 0
0.779314 0.235434 0
0.779288 0.235354 0
0.782483 0.238025 0
0.784069 0.239339 0
0.785029 0.239896 0
0.784438 0.239197 0
0.783609 0.238455 0
0.78388 0.239096 0
0.784044 0.239285 0
0.783924 0.239409 1
0.783579 0.239402 0
0.784132 0.239999 0
0.784079 0.239972 0
0.783304 0.239135 0
0.782782 0.238765 0
0.781729 0.237887 0
0.780653 0.236885 0
0.77998 0.236311 0
0.779215 0.235581 0
0.777889 0.234339 0
0.777843 0.234409 0
0.778326 0.235209 0
0.779343 0.236424 0
0.778233 0.235621 0
0.776322 0.234262 0
0.773664 0.232239 0
0.772037 0.230746 0
0.770266 0.229248 0
0.770075 0.22909 0
0.77079 0.229738 1
0.770648 0.229647 0
0.77067 0.229606 0
0.773372 0.231853 0
0.77563 0.233712 0
0.776172 0.234352 0
0.776147 0.234384 0
0.77808 0.235825 0
0.778395 0.235953 0
0.776429 0.234299 0
0.774705 0.233045 0
0.776763 0.234861 0
0.774984 0.233679 0
0.764159 0.225988 0
0.754732 0.21983 0
0.747891 0.215876 0
0.73547 0.209051 0
0.651981 0.175921 0
0.478212 0.161776 0
0.30688 0.216364 0
0.186221 0.32295 1
0.158835 0.367288 0
0.135654 0.427116 0
0.130724 0.448813 0
0.130705 0.449968 0
0.133036 0.438684 0
0.137399 0.420477 0
0.142448 0.404444 0
0.149647 0.385338 0
0.158968 0.364772 0
0.170615 0.343004 0
0.180242 0.327216 0
0.195765 0.305518 0
0.223919 0.273544 0
0.225217 0.271829 0
0.225092 0.271332 0
0.225162 0.271052 0
0.227422 0.268123 0
0.230725 0.264743 0
0.227974 0.267296 0
0.223689 0.271928 0
0.224868 0.270864 1
0.231605 0.264247 0
0.236227 0.259729 0
0.237104 0.258805 0
0.237176 0.258712 0
0.233315 0.261487 0
0.231251 0.263076 0
0.228057 0.265471 0
0.226878 0.267009 0
0.224747 0.269555 0
0.222959 0.271633 0
0.224757 0.270446 0
0.223652 0.272359 0
0.215239 0.282096 0
0.208292 0.290274 0
0.205656 0.294277 0
0.207704 0.292034 0
0.203712 0.296704 0
0.203204 0.296974 0
0.202752 0.297729 0
0.196952 0.305299 1
0.191226 0.313536 0
0.185319 0.322397 0
0.180513 0.329977 0
0.175373 0.338408 0
0.173328 0.342039 0
0.172596 0.343215 0
0.167173 0.353452 0
0.16029 0.366764 0
0.158827 0.369948 0
0.159797 0.368229 0
0.158337 0.372007 0
0.1551 0.380295 0
0.154618 0.382021 0
0.15618 0.380351 0
0.163608 0.366835 0
0.175548 0.344292 0
0.195054 0.315869 0
0.224594 0.281769 0
0.242434 0.265227 0
0.140228 0.424651 0
0.284502 0.233309 1
0.353147 0.196306 0
0.414912 0.175327 0
0.477907 0.164244 0
0.529844 0.161381 0
0.606833 0.168162 0
0.703183 0.196686 0
0.68003 0.187154 0
0.690509 0.190529 0
0.738127 0.212318 0
0.771557 0.232338 0
0.787504 0.2432 0
0.7987 0.25187 0
0.803007 0.255551 0
0.806145 0.258426 0
0.809796 0.261896 0
0.814905 0.266889 0
0.82245 0.274302 0
0.829455 0.28152 0
0.832835 0.284769 0
0.836898 0.288761 1
0.839182 0.290795 0
0.843307 0.29548 0
0.848237 0.301644 0
0.851704 0.306464 0
0.853153 0.308663 0
0.855282 0.311618 0
0.856555 0.313504 0
0.857218 0.314945 0
0.856955 0.315219 0
0.854402 0.312705 0
0.849981 0.308043 0
0.846492 0.304766 0
0.840449 0.29802 0
0.837604 0.29445 0
0.833815 0.290203 0
0.858075 0.317257 0
0.820242 0.276368 0
0.501606 0.166745 0
0.56663 0.16732 0
0.241574 0.272588 1
0.707401 0.201828 0
0.468032 0.16894 0
0.445537 0.172099 0
0.15262 0.615885 0
0.224566 0.726589 0
0.225256 0.727339 0
0.213265 0.714129 0
0.177333 0.664508 0
0.13506 0.475124 0
0.150258 0.408758 0
0.337719 0.208174 0
0.410167 0.182156 0
0.431092 0.177333 0
0.438215 0.175624 0
0.444404 0.174531 0
0.447999 0.173857 0
0.45656 0.17216 0
0.459295 0.171923 0
0.457532 0.172749 0
0.449655 0.174087 0
0.452421 0.173642 1
0.447384 0.174684 0
0.452285 0.173992 0
0.453746 0.173733 0
0.455293 0.173524 0
0.455766 0.173223 0
0.45644 0.173054 0
0.450899 0.174164 0
0.446819 0.17494 0
0.442719 0.175801 0
0.442107 0.175963 0
0.445109 0.174705 0
0.447215 0.174114 0
0.445716 0.174921 0
0.446947 0.17503 0
0.443171 0.176286 0
0.438336 0.178119 0
0.440484 0.177736 0
0.445536 0.176421 0
0.44676 0.175996 0
0.440891 0.177209 1
0.438117 0.177847 0
0.433596 0.179 0
0.42854 0.18043 0
0.420323 0.182784 0
0.416951 0.183863 0
0.418116 0.183852 0
0.416065 0.184439 0
0.413341 0.184881 0
0.410362 0.185568 0
0.406148 0.18704 0
0.396843 0.190258 0
0.398597 0.190211 0
0.408644 0.186901 0
0.40111 0.189607 0
0.405281 0.188661 0
0.406051 0.188503 0
0.408807 0.187599 0
0.412487 0.186519 0
0.413779 0.185713 0
0.411945 0.185898 0
0.408628 0.186466 1
0.403977 0.187266 0
0.398502 0.1882 0
0.390383 0.190324 0
0.375323 0.194813 0
0.35891 0.20032 0
0.339275 0.208766 0
0.325078 0.215542 0
0.318765 0.218343 0
0.319985 0.216845 0
0.321109 0.215325 0
0.319593 0.215405 0
0.319709 0.215003 0
0.324758 0.211755 0
0.326146 0.209922 0
0.326066 0.20884 0
0.325768 0.207996 0
0.327388 0.207119 0
0.328059 0.206802 0
0.327866 0.206903 0
0.328093 0.206883 1
0.328295 0.206708 0
0.33347 0.204683 0
0.356611 0.195991 0
0.364149 0.193509 0
0.368202 0.192165 0
0.371372 0.190981 0
0.375251 0.189966 0
0.375817 0.190247 0
0.381712 0.188925 0
0.383422 0.189082 0
0.384627 0.189501 0
0.389303 0.189075 0
0.390812 0.189499 0
0.393165 0.189511 0
0.395039 0.189769 0
0.394763 0.190887 0
0.395555 0.191673 0
0.394517 0.193001 0
0.393157 0.194672 0
0.392124 0.196467 1
0.386687 0.19981 0
0.379193 0.204096 0
0.365705 0.210859 0
0.341152 0.223849 0
0.309547 0.24284 0
0.254767 0.285642 0
0.172007 0.409379 0
0.161964 0.565584 0
0.175619 0.606032 0
0.183521 0.624083 0
0.211304 0.673099 0
0.221177 0.687434 0
0.220812 0.688523 0
0.220292 0.690971 0
0.220409 0.694167 0
0.219459 0.698082 0
0.217893 0.701763 0
0.215422 0.705204 0
0.211569 0.707224 0
0.205207 0.706675 0
0.198786 0.705659 1
0.193008 0.705376 0
0.17042 0.681709 0
0.698454 0.179501 0
0.687278 0.170482 0
0.687985 0.169435 0
0.678404 0.165211 0
0.206775 0.265261 0
0.147496 0.335739 0
0.16429 0.30589 0
0.18368 0.277243 0
0.237546 0.222596 0
0.257583 0.205143 0
0.304938 0.174452 0
0.351906 0.151099 0
0.405394 0.132982 0
0.485597 0.11828 0
0.548319 0.114792 0
0.621038 0.122186 0
0.707871 0.144889 0
0.759891 0.167699 1
0.795338 0.188258 0
0.809464 0.197329 0
0.819549 0.203205 0
0.82765 0.209113 0
0.832362 0.213106 0
0.834432 0.216392 0
0.835937 0.220575 0
0.835209 0.222651 0
0.83405 0.223975 0
0.83342 0.224991 0
0.830381 0.224983 0
0.830045 0.223402 0
0.822167 0.221511 0
0.819566 0.219722 0
0.815459 0.216929 0
0.813711 0.218693 0
0.811045 0.218504 0
0.80621 0.216854 0
0.800905 0.214003 0
0.797367 0.211755 0
0.794199 0.209539 1
0.790535 0.205994 0
0.783799 0.201842 0
0.780361 0.199073 0
0.777946 0.196769 0
0.768354 0.188238 0
0.753436 0.177704 0
0.745636 0.171359 0
0.736831 0.16644 0
0.727792 0.161803 0
0.722236 0.158475 0
0.71684 0.154629 0
0.709635 0.149166 0
0.704287 0.143923 0
0.700104 0.140806 0
0.703566 0.140085 0
0.70677 0.138908 0
0.711681 0.138073 0
0.718093 0.137782 0
0.722144 0.137028 0
0.727438 0.136863 1
0.733859 0.136152 0
0.739147 0.135409 0
0.743269 0.134614 0
0.747099 0.133168 0
0.748957 0.132547 0
0.750355 0.13117 0
0.752416 0.129694 0
0.755288 0.127521 0
0.758726 0.126349 0
0.761363 0.124421 0
0.763911 0.122184 0
0.766462 0.120019 0
0.769012 0.11742 0
0.773308 0.11474 0
0.788093 0.118079 0
0.710578 0.0816878 0
0.645422 0.0613212 0
0.629358 0.0552414 0
0.624207 0.051184 0
0.630286 0.0484897 1
0.800609 0.100195 0
0.789884 0.0920819 0
0.788697 0.0889579 0
0.787971 0.0863046 0
0.785837 0.0832354 0
0.783599 0.0801288 0
0.781234 0.0777376 0
0.778646 0.0753357 0
0.774908 0.0730411 0
0.770865 0.0704552 0
0.766373 0.0678042 0
0.761193 0.064538 0
0.755292 0.0607849 0
0.749288 0.0568459 0
0.738975 0.0520949 0
0.732479 0.0494464 0
0.723609 0.0445433 0
0.71537 0.0408731 0
0.709349 0.0370093 0
0.70085 0.0326318 0
0.696393 0.0299676 1
0.691444 0.0274381 0
0.686902 0.0252202 0
0.681173 0.0225638 0
0.668968 0.0184366 0
0.62432 0.00850337 0
0.598053 0.00385591 0
0.576966 0.000953503 0
0.582593 0.000856721 0
0.600401 0.00229921 0
0.603915 0.002049 0
0.614086 0.00347855 0
0.615078 0.00313452 0
0.618587 0.00292227 0
0.619811 0.00213826 0
0.617639 0.000525338 0
0.620634 0.00068577 0
0.622858 0.000696897 0
0.625938 0.0015704 0
0.626372 0.00177227 0
0.623394 0.00135155 1
0.620652 0.000681026 0
0.615273 0 0
0.612731 0.000614201 0
0.609614 0.00193813 0
0.603547 0.00228694 0
0.599471 0.00299837 0
0.596709 0.00423653 0
0.594061 0.0056186 0
0.592412 0.00714544 0
0.592004 0.00885659 0
0.590449 0.0103964 0
0.588541 0.0118522 0
0.588173 0.0130845 0
0.589714 0.0152708 0
0.592364 0.0178543 0
0.595778 0.0201061 0
0.599666 0.0215292 0
0.602748 0.0234708 0
0.606482 0.0255586 0
0.609986 0.0273422 1
0.61743 0.0330832 0
0.621554 0.0369306 0
0.62614 0.0407921 0
0.628213 0.0447177 0
0.625775 0.0472014 0
0.632369 0.0522182 0
0.639654 0.0582031 0
0.710204 0.0788153 0
0.702 0.0796956 0
0.693539 0.0802993 0
0.679339 0.0786955 0
0.666784 0.0756165 0
0.656145 0.0741532 0
0.646479 0.0740255 0
0.63759 0.0750973 0
0.627318 0.0753126 0
0.616919 0.0757144 0
0.605211 0.0762745 0
0.595938 0.0763588 0
0.57417 0.077825 0
0.553018 0.0815964 1
0.541481 0.0796336 0
0.526426 0.0801628 0
0.352671 0.108458 0
0.358749 0.1066 0
0.354068 0.108383 0
0.352443 0.110149 0
0.343183 0.113195 0
0.333883 0.116292 0
0.326586 0.118638 0
0.318327 0.121702 0
0.310585 0.125495 0
0.306441 0.127797 0
0.304017 0.12934 0
0.295491 0.133287 0
0.272083 0.142826 0
0.256209 0.150608 0
0.240776 0.158353 0
0.226019 0.165508 0
0.213621 0.171692 0
0.195996 0.181772 1
0.184912 0.18896 0
0.173631 0.196618 0
0.162432 0.204912 0
0.149261 0.21522 0
0.135209 0.226608 0
0.121755 0.238392 0
0.107751 0.251543 0
0.101212 0.259126 0
0.0929635 0.269051 0
0.088162 0.276527 0
0.066387 0.30536 0
0.0630934 0.313301 0
0.0537883 0.329889 0
0.0415389 0.353363 0
0.0296052 0.380071 0
0.0199184 0.4077 0
0.0147455 0.428984 0
0.0114466 0.448676 0
0.0055299 0.462625 0
0.00277685 0.463738 0
0 0.470064 1
0.00192013 0.479435 0
0.0134401 0.508149 0
0.01456 0.527291 0
0.0173896 0.546043 0
0.0221819 0.566422 0
0.0260015 0.582294 0
0.0338071 0.613752 0
0.0485423 0.651514 0
0.0763417 0.706759 0
0.130682 0.781077 0
0.19187 0.836843 0
0.252749 0.876104 0
0.345638 0.916513 0
0.490717 0.944315 0
0.609166 0.939762 0
0.67743 0.925676 0
0.71925 0.912318 0
0.742487 0.902667 0
0.746393 0.90049 0
0.739216 0.902615 1
0.730516 0.904635 0
0.71716 0.90818 0
0.699794 0.912761 0
0.699984 0.911675 0
0.694313 0.912431 0
0.666818 0.918498 0
0.638765 0.923265 0
0.610462 0.927164 0
0.571036 0.930099 0
0.488058 0.928564 0
0.40572 0.91545 0
0.343051 0.896813 0
0.275073 0.865958 0
0.220054 0.830787 0
0.187011 0.803729 0
0.170532 0.788659 0
0.157119 0.77468 0
0.135745 0.748877 0
0.0979457 0.691826 0
0.873515 0.794211 1
0.887184 0.779104 0
0.888948 0.775422 0
0.885056 0.778082 0
0.887482 0.774516 0
0.886472 0.774332 0
0.884716 0.774911 0
0.885931 0.771728 0
0.884992 0.772377 0
0.88369 0.773616 0
0.878438 0.778856 0
0.877489 0.778479 0
0.87528 0.779757 0
0.873796 0.780093 0
0.871859 0.780921 0
0.877239 0.774034 0
0.87623 0.773269 0
0.876373 0.773336 0
0.872803 0.776459 0
0.868796 0.779039 0
0.866242 0.781582 0
0.869293 0.779481 1
0.861054 0.787089 0
0.930653 0.706854 0
0.943825 0.68716 0
0.955492 0.666719 0
0.967444 0.639145 0
0.983512 0.591574 0
0.995517 0.524177 0
0.996574 0.528417 0
0.997458 0.539787 0
0.995541 0.567054 0
1 0.553966 0
0.990615 0.614093 0
0.959361 0.692743 0
0.919853 0.753957 0
0.920552 0.756485 0
0.910744 0.770976 0
0.906028 0.780275 0
0.904225 0.785591 0
0.903551 0.789157 0
0.903027 0.792876 1
0.902873 0.794628 0
0.902581 0.797957 0
0.902545 0.799167 0
0.902451 0.801834 0
0.902221 0.803515 0
0.901726 0.805393 0
0.900763 0.808404 0
0.899839 0.810769 0
0.899015 0.812286 0
0.89806 0.814688 0
0.896879 0.817567 0
0.895995 0.819829 0
0.896093 0.820502 0
0.896674 0.819315 0
0.896338 0.818916 0
0.891461 0.826063 0
0.889955 0.828439 0
0.886118 0.834662 0
0.882727 0.840884 0
0.879505 0.845187 0
0.877167 0.848447 1
0.87517 0.851531 0
0.872797 0.855755 0
0.870536 0.85954 0
0.867715 0.864334 0
0.863074 0.870074 0
0.860973 0.873037 0
0.85855 0.876627 0
0.857119 0.879503 0
0.855668 0.882818 0
0.853316 0.886826 0
0.849103 0.891171 0
0.843063 0.896813 0
0.835283 0.903547 0
0.826145 0.910992 0
0.815913 0.919413 0
0.807747 0.927681 0
0.808768 0.929989 0
0.80928 0.933469 0
0.804887 0.935432 0
0.80361 0.937081 1
0.803901 0.937834 0
0.804487 0.93886 0
0.803569 0.93826 0
0.804927 0.937781 0
0.80524 0.93717 0
0.805761 0.936843 0
0.807411 0.937032 0
0.816344 0.933548 0
0.495763 1 0
0.754756 0.960944 0
0.774436 0.953515 0
0.785815 0.949139 0
0.789756 0.947135 0
0.791 0.946168 0
0.790252 0.944906 0
0.785792 0.944609 0
0.777652 0.945593 0
0.768685 0.945865 0
0.74606 0.947945 0
0.721673 0.951622 1
0.710321 0.951758 0
0.700371 0.953555 0
0.698044 0.952393 0
0.696065 0.951402 0
0.693142 0.95015 0
0.682773 0.951192 0
0.675982 0.95109 0
0.655903 0.953502 0
0.61521 0.957817 0
0.564305 0.961933 0
0.0170041 0.409355 0
0.338653 0.924756 0
0.589186 0.949735 0
0.593312 0.946414 0
0.575788 0.944985 0
0.550522 0.943556 0
0.394137 0.926661 0
0.431774 0.930672 0
0.501415 0.934696 0
0.548912 0.930722 0
0.544653 0.924391 1
0.547007 0.920438 0
0.55295 0.917119 0
0.550417 0.913524 0
0.542596 0.909973 0
0.534499 0.906507 0
0.515005 0.903182 0
0.501966 0.900205 0
0.491391 0.896543 0
0.48209 0.892623 0
0.476946 0.889549 0
0.468486 0.886425 0
0.449122 0.879634 0
0.441642 0.87557 0
0.441271 0.876119 0
0.441568 0.878368 0
0.432026 0.874856 0
0.425353 0.874119 0
0.418023 0.874455 0
0.410934 0.874827 0
0.406486 0.87437 1
0.400353 0.873842 0
0.391511 0.872877 0
0.383842 0.872286 0
0.378323 0.87224 0
0.371161 0.871468 0
0.360978 0.870148 0
0.348669 0.869356 0
0.338337 0.868944 0
0.327358 0.867718 0
0.31549 0.863998 0
0.303144 0.860368 0
0.289622 0.854141 0
0.275044 0.845885 0
0.259828 0.83626 0
0.244478 0.824225 0
0.228264 0.811433 0
0.212497 0.798043 0
0.197752 0.784282 0
0.181386 0.766836 0
0.16219 0.74487 0
0.150499 0.730671 1
0.137697 0.71494 0
0.127779 0.698337 0
0.121256 0.68517 0
0.113722 0.671777 0
0.109575 0.660633 0
0.107331 0.648518 0
0.105254 0.636126 0
0.103989 0.62902 0
0.103595 0.617676 0
0.104315 0.604928 0
0.106029 0.591643 0
0.10789 0.578067 0
0.110064 0.563335 0
0.113184 0.546268 0
0.116953 0.528657 0
0.12102 0.509106 0
0.125801 0.483354 0
0.131273 0.460642 0
0.137131 0.440513 0
0.142536 0.424881 1
0.149769 0.409656 0
0.157571 0.393343 0
0.166309 0.376195 0
0.175589 0.362936 0
0.183043 0.356382 0
0.191337 0.346084 0
0.20227 0.336849 0
0.209747 0.330251 0
0.218287 0.325698 0
0.226818 0.319302 0
0.236796 0.315 0
0.243221 0.312873 0
0.249352 0.311482 0
0.255903 0.308439 0
0.246848 0.320979 0
0.778744 0.724829 0
0.734743 0.263157 0
0.569982 0.209309 0
0.334366 0.259366 0
0.346699 0.250981 1
0.359995 0.245803 0
0.368433 0.243862 0
0.375637 0.243489 0
0.385208 0.242973 0
0.395323 0.241638 0
0.402346 0.239222 0
0.414522 0.237321 0
0.418811 0.236108 0
0.429009 0.234636 0
0.440036 0.232178 0
0.445051 0.228663 0
0.456605 0.228546 0
0.462185 0.228842 0
0.467124 0.228737 0
0.476095 0.226561 0
0.495006 0.232403 0
0.504242 0.233675 0
0.516505 0.235957 0
0.542603 0.236244 0
0.557289 0.239546 0
0.562915 0.242386 1
0.57535 0.244096 0
0.578956 0.244836 0
0.594703 0.249083 0
0.612246 0.254436 0
0.619284 0.257558 0
0.685464 0.282724 0
0.678737 0.277294 0
0.675623 0.275492 0
0.671597 0.276687 0
0.682124 0.286168 0
0.696354 0.298013 0
0.705429 0.300852 0
0.713481 0.310163 0
0.719314 0.318181 0
0.718738 0.322098 0
0.734233 0.337137 0
0.7439 0.345575 0
0.746975 0.350581 0
0.750499 0.360345 0
0.758773 0.375626 1
0.768729 0.389926 0
0.773957 0.400772 0
0.774201 0.406819 0
0.77957 0.417575 0
0.783492 0.429819 0
0.784714 0.44038 0
0.790483 0.437676 0
0.787595 0.458001 0
0.787374 0.466295 0
0.787272 0.474699 0
0.787847 0.484354 0
0.787701 0.487696 0
0.787312 0.487 0
0.785915 0.493575 0
0.785834 0.499818 0
0.782419 0.509967 0
0.775798 0.524089 0
0.775896 0.528377 0
0.767389 0.544953 0
0.763224 0.550283 0
0.759968 0.555665 1
0.755308 0.562622 0
0.752392 0.564942 0
0.751499 0.56845 0
0.750035 0.578346 0
0.747622 0.587693 0
0.744134 0.593612 0
0.739711 0.600117 0
0.734983 0.606945 0
0.742929 0.606594 0
0.725384 0.615912 0
0.719986 0.621041 0
0.717498 0.6246 0
0.713137 0.630698 0
0.703286 0.643051 0
0.706185 0.636797 0
0.708722 0.636667 0
0.715977 0.637552 0
0.70303 0.650714 0
0.535092 0.715003 0
0.716557 0.637305 1
0.535897 0.714649 0
0.535516 0.716509 0
0.547671 0.711603 0
0.556502 0.713371 0
0.569679 0.709395 0
0.589957 0.705909 0
0.686307 0.660948 0
0.690457 0.659913 0
0.689383 0.660213 0
0.690622 0.660536 0
0.681211 0.667231 0
0.668211 0.673114 0
0.557636 0.709959 0
0.621861 0.695813 0
0.667699 0.67521 0
0.667912 0.675602 0
0.67713 0.672374 0
0.676962 0.671218 0
0.665348 0.676592 0
0.684689 0.670379 1
0.662382 0.676468 0
0.65513 0.677881 0
0.645655 0.681516 0
0.646752 0.680822 0
0.640526 0.682774 0
0.632433 0.684917 0
0.62342 0.687116 0
0.611126 0.688502 0
0.593848 0.689549 0
0.575304 0.689159 0
0.565646 0.688431 0
0.554362 0.687217 0
0.540236 0.685234 0
0.517617 0.679723 0
0.476269 0.667697 0
0.475982 0.664808 0
0.457726 0.654937 0
0.434783 0.639394 0
0.410615 0.620091 0
0.394646 0.60277 0
0.387595 0.587634 1
0.383242 0.574848 0
0.375249 0.556848 0
0.372335 0.542739 0
0.37299 0.529025 0
0.373854 0.5127 0
0.378634 0.499205 0
0.387534 0.485202 0
0.399499 0.469833 0
0.409072 0.461937 0
0.423474 0.447071 0
0.45244 0.432997 0
0.606439 0.429358 0
0.481825 0.426387 0
0.544661 0.426241 0
0.641324 0.517571 0
0.628103 0.488216 0
0.561164 0.44962 0
0.597794 0.476322 0
0.565955 0.466888 0
0.582923 0.498309 1
0.569313 0.505734 0
0.547113 0.504041 0
0.526277 0.504676 0
0.529692 0.506083 0
0.529868 0.506295 0
0.529349 0.506314 0
0.529303 0.506326 0
0.529255 0.506324 0
0.529254 0.506325 0
0.529253 0.506325 0
0.529253 0.506325 0
0.529253 0.506325 0
0.529253 0.506325 0
0.529253 0.506325 0
0.529253 0.506325 0
0.529253 0.506325 0
0.529253 0.506325 0
0.529253 0.506325 0
0.529253 0.506325 0
0.529253 0.506325 0
0.529253 0.506325 1
