0.623842 0.878514 1
0.622477 0.880242 0
0.626058 0.876661 0
0.62382 0.878843 0
0.623697 0.879373 0
0.623803 0.880823 0
0.625361 0.875227 0
0.622008 0.881061 0
0.624422 0.873717 0
0.622103 0.876083 0
0.620982 0.877357 0
0.624457 0.876032 0
0.623726 0.874991 0
0.626433 0.874734 0
0.626379 0.874247 0
0.624247 0.87236 0
0.624782 0.872674 0
0.627137 0.870203 0
0.628667 0.868215 0
0.627639 0.86926 0
0.626398 0.868887 0
0.623677 0.86971 1
0.622753 0.868877 0
0.622219 0.86813 0
0.623091 0.865959 0
0.628664 0.862246 0
0.627761 0.862757 0
0.629163 0.86222 0
0.635191 0.85802 0
0.642801 0.852837 0
0.649092 0.847072 0
0.652865 0.84536 0
0.65638 0.842358 0
0.657523 0.839146 0
0.662903 0.834255 0
0.663118 0.833582 0
0.658863 0.835933 0
0.660536 0.833913 0
0.664521 0.829005 0
0.671106 0.825767 0
0.676169 0.819749 0
0.679569 0.81731 0
0.679749 0.816544 1
0.677556 0.81613 0
0.686492 0.812436 0
0.670628 0.813344 0
0.677854 0.804278 0
0.676333 0.805486 0
0.686763 0.802058 0
0.684723 0.798902 0
0.684576 0.797765 0
0.684517 0.794903 0
0.689046 0.794399 0
0.688752 0.792702 0
0.689759 0.79173 0
0.689514 0.792484 0
0.689894 0.790498 0
0.690308 0.788885 0
0.6902 0.786926 0
0.690521 0.787164 0
0.689629 0.784455 0
0.690016 0.784059 0
0.689459 0.783319 0
0.689535 0.782925 1
0.691273 0.781098 0
0.695393 0.778228 0
0.69426 0.776716 0
0.695287 0.774395 0
0.702539 0.771972 0
0.70867 0.771313 0
0.702292 0.766317 0
0.706019 0.766059 0
0.706166 0.759775 0
0.708269 0.760019 0
0.709584 0.760573 0
0.708304 0.752156 0
0.708518 0.753431 0
0.707379 0.745977 0
0.705863 0.752377 0
0.712177 0.741117 0
0.714239 0.743314 0
0.712577 0.741244 0
0.712753 0.737621 0
0.7113 0.733857 0
0.71218 0.729096 0
0.711227 0.726158 1
0.712121 0.723101 0
0.717411 0.71925 0
0.72358 0.715725 0
0.728421 0.708639 0
0.736295 0.699002 0
0.725481 0.70536 0
0.731178 0.698081 0
0.720013 0.713073 0
0.74799 0.669595 0
0.734412 0.687406 0
0.724778 0.693861 0
0.707187 0.706726 0
0.718061 0.695159 0
0.723541 0.682486 0
0.731171 0.67246 0
0.732394 0.667517 0
0.730551 0.661412 0
0.743462 0.640055 0
0.728974 0.653737 0
0.718277 0.667411 0
0.746056 0.617848 1
0.746309 0.617908 0
0.747447 0.620925 0
0.730501 0.642314 0
0.722232 0.651118 0
0.738863 0.622579 0
0.725644 0.638721 0
0.713581 0.650977 0
0.691087 0.662948 0
0.697851 0.661036 0
0.693652 0.659348 0
0.684506 0.669131 0
0.674877 0.673405 0
0.665171 0.675133 0
0.662533 0.672098 0
0.66433 0.67209 0
0.653418 0.676207 0
0.650483 0.674023 0
0.646353 0.670685 0
0.642116 0.669723 0
0.63893 0.667801 0
0.636692 0.663777 1
0.634488 0.66219 0
0.631845 0.662145 0
0.631141 0.659826 0
0.630004 0.658751 0
0.62744 0.657895 0
0.626042 0.657095 0
0.625565 0.656335 0
0.624449 0.655247 0
0.621627 0.654005 0
0.620166 0.652699 0
0.61837 0.651085 0
0.621826 0.65148 0
0.618717 0.651481 0
0.622544 0.640729 0
0.54849 0.639369 0
0.177026 0.317795 0
0.112937 0.389127 0
0.120937 0.37836 0
0.118346 0.378249 0
0.117346 0.37702 0
0.114849 0.376748 0
0.114431 0.377603 1
0.114403 0.377584 0
0.114426 0.377599 0
0.114429 0.377602 0
0.114431 0.377604 0
0.114427 0.377599 0
0.114403 0.377588 0
0.114397 0.377524 0
0.114607 0.377072 0
0.0991148 0.365487 0
0.166976 0.29975 0
0.349837 0.145085 0
0.350565 0.14581 0
0.372811 0.138309 0
0.354162 0.142929 0
0.356946 0.145558 0
0.360996 0.144923 0
0.360214 0.143609 0
0.361991 0.141062 0
0.368012 0.138781 0
0.365007 0.140131 0
0.366302 0.140506 1
0.366861 0.141365 0
0.36686 0.141639 0
0.36691 0.14166 0
0.367222 0.144292 0
0.366588 0.142861 0
0.364016 0.145051 0
0.359559 0.145644 0
0.358619 0.146914 0
0.357795 0.149958 0
0.352102 0.151832 0
0.347353 0.150645 0
0.166768 0.27674 0
0.324467 0.0958235 0
0.664203 0.196166 0
0.574633 0.565632 0
0.592324 0.578041 0
0.501849 0.666263 0
0.153431 0.2466 0
0.649657 0.488109 0
0.872739 0.44815 0
0.783946 0.280313 1
0.784878 0.279406 0
0.785381 0.277561 0
0.786549 0.277444 0
0.786735 0.277048 0
0.788052 0.276948 0
0.780398 0.276478 0
0.816485 0.135752 0
0.218297 0.093003 0
0.259046 0.123265 0
0.259064 0.120446 0
0.25505 0.1226 0
0.25041 0.122946 0
0.249155 0.120494 0
0.245955 0.120425 0
0.243454 0.117372 0
0.241099 0.115814 0
0.237962 0.11659 0
0.234047 0.118324 0
0.231283 0.117931 0
0.230881 0.115055 0
0.229133 0.116239 1
0.229133 0.116239 0
0.229133 0.116239 0
0.229133 0.116239 0
0.229132 0.116239 0
0.229121 0.11624 0
0.229116 0.116166 0
0.228712 0.116339 0
0.23695 0.117338 0
0.21328 0.0685014 0
0.934714 0.241624 0
0.811881 0.233146 0
0.826173 0.262595 0
0.826762 0.260676 0
0.830269 0.262521 0
0.832739 0.266314 0
0.836425 0.269862 0
0.838658 0.271632 0
0.840735 0.272761 0
0.841472 0.273518 0
0.843751 0.27597 0
0.847289 0.277431 0
0.84986 0.277024 1
0.853897 0.278969 0
0.869214 0.282058 0
0.890438 0.28169 0
0.918255 0.268809 0
0.933628 0.268192 0
0.958533 0.265376 0
0.99149 0.267231 0
1 0.284658 0
0.55729 0.0649044 0
0.573265 0.0485105 0
0.554661 0.053707 0
0.51392 0.0735047 0
0.517537 0.0664 0
0.499636 0.0775056 0
0.49963 0.080747 0
0.498824 0.0821604 0
0.498868 0.081447 0
0.498432 0.0820246 0
0.498258 0.0825921 0
0.498225 0.0827768 0
0.498228 0.0827854 1
0.499848 0.0846375 0
0.507809 0.0805183 0
0.49241 0.076733 0
0.486996 0.0708212 0
0.477552 0.0651167 0
0.471276 0.0659135 0
0.464765 0.0640465 0
0.460849 0.0595918 0
0.453732 0.0567284 0
0.448976 0.0532936 0
0.443071 0.0497125 0
0.437808 0.0471302 0
0.429742 0.0397245 0
0.412522 0.0407556 0
0.405817 0 0
0.15222 0.137428 0
0.177173 0.133068 0
0.180438 0.133526 0
0.181539 0.134824 0
0.182097 0.136742 0
0.183717 0.136685 1
0.182816 0.135899 0
0.179114 0.134813 0
0.177318 0.133083 0
0.178395 0.134352 0
0.17656 0.134402 0
0.181798 0.140111 0
0.101023 0.149221 0
0.0590909 0.173203 0
0.0580105 0.189999 0
0.0439396 0.202911 0
0 0.236372 0
0.00997709 0.240358 0
0.00237645 0.253224 0
0.0186937 0.262311 0
0.0247684 0.272103 0
0.0361359 0.287678 0
0.0389285 0.296898 0
0.0459081 0.303198 0
0.0479074 0.303886 0
0.0480076 0.308109 0
0.0516739 0.311088 0
0.0514516 0.312268 1
0.0537181 0.311103 0
0.0556433 0.311898 0
0.0542519 0.315535 0
0.06011 0.311432 0
0.0616094 0.309352 0
0.0643275 0.307192 0
0.0711013 0.296191 0
0.0764742 0.287973 0
0.077404 0.287351 0
0.0831752 0.28089 0
0.105981 0.260899 0
0.117295 0.250797 0
0.127457 0.243694 0
0.140934 0.23491 0
0.152917 0.224931 0
0.163216 0.221501 0
0.17149 0.211096 0
0.178259 0.207269 0
0.183512 0.204246 0
0.187658 0.197248 0
0.19261 0.193607 1
0.192905 0.193294 0
0.193357 0.196318 0
0.205653 0.174444 0
0.412204 0.0888807 0
0.40515 0.0778914 0
0.40838 0.0824372 0
0.419328 0.0848541 0
0.419061 0.084819 0
0.424032 0.0890992 0
0.425758 0.0933953 0
0.459233 0.12082 0
0.674804 0.132213 0
0.705426 0.158926 0
0.733577 0.187781 0
0.728955 0.194324 0
0.734548 0.204347 0
0.799388 0.32896 0
0.793306 0.319833 0
0.789809 0.319478 0
0.785091 0.317894 0
0.782656 0.31765 1
0.782284 0.318773 0
0.781235 0.319946 0
0.779692 0.322494 0
0.778279 0.326283 0
0.774676 0.334038 0
0.768796 0.338184 0
0.762668 0.344899 0
0.757576 0.347642 0
0.752558 0.348059 0
0.744155 0.350159 0
0.736185 0.345138 0
0.720559 0.339476 0
0.555589 0.22375 0
0.569972 0.23099 0
0.509466 0.161506 0
0.816475 0.449502 0
0.808187 0.495589 0
0.801111 0.508842 0
0.788325 0.537197 0
0.512844 0.448439 0
0.356197 0.791052 0
0.364217 0.790916 1
0.361494 0.792736 0
0.361406 0.794152 0
0.359556 0.794632 0
0.360855 0.796224 0
0.359472 0.796281 0
0.359878 0.798131 0
0.306803 0.766455 0
0.179319 0.437329 0
0.159233 0.405077 0
0.157473 0.404886 0
0.157599 0.404692 0
0.157594 0.404648 0
0.157591 0.404645 0
0.157591 0.404645 0
0.157591 0.404645 0
0.157591 0.404645 0
0.157591 0.404645 0
0.157591 0.404645 0
0.157591 0.404645 0
0.157591 0.404645 0
0.157591 0.404645 1
0.161456 0.413835 0
0.162659 0.417488 0
0.162404 0.427774 0
0.164692 0.443216 0
0.166966 0.40648 0
0.17105 0.405849 0
0.1567 0.400087 0
0.158008 0.39954 0
0.158972 0.398345 0
0.156408 0.398113 0
0.155879 0.397004 0
0.15586 0.39677 0
0.152619 0.39955 0
0.139706 0.522269 0
0.135878 0.516636 0
0.130757 0.521472 0
0.125099 0.524773 0
0.121538 0.529474 0
0.115956 0.53324 0
0.113859 0.536622 0
0.111667 0.543197 1
0.10776 0.548985 0
0.110086 0.558953 0
0.106811 0.567795 0
0.104704 0.575546 0
0.0979255 0.588432 0
0.100383 0.599684 0
0.0967305 0.609087 0
0.0983118 0.623655 0
0.0975686 0.641722 0
0.0843606 0.653798 0
0.0935391 0.67349 0
0.105926 0.682095 0
0.112565 0.692328 0
0.11604 0.704716 0
0.124196 0.714516 0
0.148156 0.71323 0
0.167695 0.709832 0
0.158002 0.704919 0
0.421187 0.783762 0
0.411957 0.796257 0
0.404426 0.79327 1
0.404339 0.792863 0
0.403769 0.792446 0
0.403671 0.792349 0
0.40359 0.792243 0
0.403156 0.791946 0
0.403189 0.790986 0
0.403299 0.790334 0
0.405286 0.787281 0
0.408058 0.780927 0
0.456006 0.779763 0
0.659979 0.507384 0
0.663336 0.531965 0
0.670511 0.529453 0
0.681526 0.538515 0
0.685298 0.535202 0
0.691171 0.539678 0
0.69411 0.54318 0
0.69678 0.545668 0
0.697786 0.546969 0
0.699196 0.5481 0
0.700122 0.55077 0
0.70063 0.55146 1
0.703352 0.551016 0
0.705805 0.550291 0
0.705664 0.553088 0
0.712022 0.551052 0
0.718956 0.550581 0
0.717066 0.555738 0
0.720731 0.556233 0
0.727861 0.55911 0
0.729965 0.552898 0
0.643876 0.320632 0
0.669683 0.312827 0
0.664975 0.301945 0
0.664655 0.296456 0
0.665547 0.28988 0
0.664534 0.283791 0
0.661322 0.283244 0
0.662267 0.27801 0
0.660163 0.275724 0
0.661748 0.272448 0
0.660961 0.269533 0
0.662043 0.265798 1
0.659623 0.264347 0
0.654515 0.261637 0
0.650147 0.261982 0
0.642217 0.259351 0
0.638514 0.257713 0
0.63302 0.259382 0
0.621058 0.251462 0
0.599022 0.252637 0
0.519561 0.257442 0
0.509389 0.25568 0
0.48651 0.245446 0
0.46934 0.235993 0
0.460973 0.234664 0
0.453659 0.222554 0
0.447817 0.215769 0
0.438318 0.213217 0
0.436301 0.207722 0
0.427782 0.206917 0
0.422588 0.202065 0
0.417581 0.198646 0
0.414795 0.196857 1
0.414023 0.196958 0
0.412271 0.19807 0
0.410514 0.198084 0
0.409132 0.197656 0
0.40608 0.198309 0
0.404341 0.200358 0
0.403429 0.201009 0
0.40177 0.203442 0
0.399311 0.20531 0
0.400141 0.203543 0
0.396629 0.208568 0
0.394768 0.207255 0
0.392433 0.213678 0
0.327592 0.320813 0
0.284025 0.340665 0
0.194625 0.370602 0
0.161852 0.385696 0
0.160041 0.389503 0
0.160122 0.387073 0
0.158231 0.388183 0
0.156451 0.389166 0
0.155128 0.389183 1
0.153751 0.38831 0
0.156322 0.371165 0
0.199297 0.618031 0
0.153664 0.591054 0
0.151102 0.604701 0
0.143645 0.613285 0
0.13725 0.632002 0
0.136693 0.643707 0
0.132699 0.663119 0
0.145415 0.673413 0
0.144174 0.68672 0
0.142075 0.695902 0
0.145331 0.709815 0
0.137753 0.716358 0
0.14385 0.722772 0
0.148258 0.733117 0
0.152049 0.745758 0
0.163214 0.74716 0
0.180801 0.74841 0
0.183371 0.753996 0
0.197463 0.757154 1
0.199468 0.760148 0
0.201791 0.758349 0
0.20621 0.753965 0
0.208711 0.758189 0
0.200919 0.752597 0
0.403954 0.807858 0
0.400314 0.802523 0
0.403143 0.803934 0
0.40241 0.779497 0
0.402667 0.779699 0
0.407218 0.766147 0
0.401077 0.773305 0
0.401044 0.766711 0
0.38945 0.730534 0
0.646323 0.455216 0
0.648375 0.426667 0
0.650259 0.426822 0
0.650111 0.426943 0
0.650082 0.426917 0
0.650086 0.426917 0
0.650086 0.426918 1
0.657629 0.422847 0
0.637743 0.431302 0
0.637029 0.439464 0
0.64604 0.472086 0
0.274736 0.310285 0
0.296245 0.268854 0
0.572366 0.459702 0
0.590492 0.461774 0
0.582124 0.474053 0
0.572434 0.477826 0
0.564222 0.484928 0
0.55801 0.489464 0
0.547154 0.497107 0
0.5413 0.495216 0
0.524631 0.500888 0
0.508473 0.507535 0
0.500236 0.501777 0
0.490689 0.507409 0
0.479288 0.495276 0
0.465654 0.501046 0
0.454746 0.493381 0
0.447731 0.488148 1
