0.787475 0.69609 1
0.804371 0.683532 0
0.83508 0.663785 0
0.858474 0.650263 0
0.815678 0.552625 0
0.836832 0.538696 0
0.85907 0.539819 0
0.872358 0.536633 0
0.893304 0.551554 0
0.916357 0.583812 0
0.912288 0.539976 0
0.916602 0.564805 0
0.666798 0.291372 0
0.727993 0.24731 0
0.732939 0.224572 0
0.739825 0.221003 0
0.745522 0.212155 0
0.75051 0.209051 0
0.75332 0.207492 0
0.755431 0.20445 0
0.757028 0.203046 0
0.757499 0.202589 1
0.758251 0.197461 0
0.762961 0.196743 0
0.765507 0.194225 0
0.767449 0.193136 0
0.772565 0.19215 0
0.774349 0.189845 0
0.775219 0.188377 0
0.779145 0.189346 0
0.783531 0.189589 0
0.804891 0.193258 0
0.811727 0.186632 0
0.809008 0.176733 0
0.785126 0.151671 0
0.545901 0.154394 0
0.547706 0.140129 0
0.534792 0.131621 0
0.531937 0.131425 0
0.519094 0.118758 0
0.510025 0.113496 0
0.505673 0.10339 0
0.492537 0.100192 0
0.485134 0.0927826 1
0.482118 0.0896409 0
0.479508 0.0843377 0
0.482907 0.0761888 0
0.478453 0.0709014 0
0.466298 0.0698939 0
0.455747 0.0683567 0
0.448591 0.0678882 0
0.450049 0.0588353 0
0.447486 0.0512858 0
0.447256 0.047825 0
0.446413 0.0449525 0
0.44686 0.0386829 0
0.446054 0.0347902 0
0.439792 0.0401537 0
0.437495 0.0389142 0
0.432047 0.0412812 0
0.427901 0.0392899 0
0.425104 0.0322105 0
0.418429 0.036179 0
0.412156 0.0432644 0
0.410326 0.0572357 0
0.408959 0.0680764 1
0.403789 0.069401 0
0.3909 0.0746004 0
0.352714 0.10351 0
0.334955 0.122548 0
0.320028 0.135807 0
0.309746 0.151624 0
0.287218 0.178119 0
0.277063 0.192957 0
0.26365 0.20698 0
0.251909 0.21937 0
0.257326 0.23199 0
0.232323 0.240744 0
0.165506 0.288178 0
0.124339 0.327827 0
0.111462 0.360484 0
0.0902781 0.399221 0
0.0757641 0.444733 0
0.0395894 0.496431 0
0.0442149 0.564652 0
0.211691 0.773752 0
0.226983 0.797454 0
0.229801 0.795325 1
0.238782 0.799888 0
0.243656 0.796734 0
0.253498 0.780746 0
0.2615 0.769255 0
0.269722 0.767334 0
0.280489 0.76045 0
0.292338 0.775386 0
0.304048 0.793506 0
0.312848 0.782519 0
0.320919 0.768437 0
0.336322 0.766504 0
0.345477 0.776641 0
0.358998 0.7804 0
0.372776 0.780272 0
0.386134 0.774298 0
0.404278 0.770351 0
0.434709 0.787579 0
0.466884 0.816621 0
0.477808 0.836826 0
0.483324 0.842504 0
0.485813 0.844906 1
0.496756 0.839818 0
0.499826 0.847239 0
0.515235 0.830171 0
0.523098 0.827081 0
0.52987 0.828801 0
0.549434 0.809549 0
0.566921 0.795269 0
0.578489 0.792213 0
0.608911 0.790395 0
0.667736 0.771437 0
0.684902 0.777553 0
0.831835 0.790512 0
0.849261 0.786735 0
0.851535 0.786451 0
0.851669 0.78616 0
0.851691 0.786148 0
0.851691 0.786144 0
0.851691 0.786144 0
0.851691 0.786144 0
0.851691 0.786144 0
0.851691 0.786144 0
0.851691 0.786144 1
0.841285 0.800779 0
0.828553 0.807339 0
0.816854 0.818335 0
0.795539 0.843281 0
0.784417 0.851953 0
0.778298 0.857244 0
0.771069 0.84312 0
0.744645 0.86363 0
0.704364 0.858257 0
0.652222 0.952287 0
0.793589 0.762126 0
0.799415 0.745828 0
0.79802 0.73549 0
0.798088 0.717821 0
0.81383 0.711952 0
0.805207 0.653024 0
0.81203 0.651256 0
0.813813 0.606847 0
0.816431 0.592864 0
0.824757 0.584108 0
0.83131 0.574027 0
0.840843 0.557119 1
0.851443 0.55577 0
0.86249 0.546987 0
0.878239 0.550812 0
0.894152 0.559282 0
0.91146 0.564006 0
0.920837 0.556975 0
0.926924 0.551192 0
0.932178 0.536258 0
0.929527 0.519188 0
0.911114 0.478031 0
0.924296 0.472661 0
0.897503 0.440263 0
0.867864 0.406862 0
0.79452 0.346024 0
0.769976 0.26272 0
0.779133 0.264312 0
0.781309 0.258088 0
0.780589 0.252714 0
0.785976 0.24501 0
0.792413 0.243031 0
0.796628 0.240991 0
0.799168 0.238848 1
0.805765 0.238172 0
0.809913 0.237318 0
0.816948 0.243987 0
0.824364 0.2358 0
0.837148 0.242424 0
0.848098 0.257227 0
0.83485 0.265983 0
0.474458 0.157712 0
0.49929 0.164098 0
0.49052 0.152066 0
0.479012 0.152951 0
0.472065 0.147819 0
0.470098 0.140255 0
0.468367 0.131617 0
0.465459 0.123797 0
0.46028 0.118307 0
0.462101 0.109958 0
0.460934 0.10447 0
0.457585 0.0991811 0
0.449973 0.0959837 0
0.445277 0.0907783 0
0.443236 0.0870116 1
0.439773 0.0865207 0
0.436701 0.0861509 0
0.437855 0.0821556 0
0.43811 0.0797681 0
0.435852 0.078245 0
0.435814 0.0770741 0
0.434554 0.0757621 0
0.432713 0.0738824 0
0.431499 0.0732796 0
0.430541 0.0741968 0
0.429709 0.0742544 0
0.427581 0.0734916 0
0.425906 0.0733867 0
0.424959 0.0703351 0
0.421298 0.0340476 0
0.420447 0.0281435 0
0.415629 0.0435471 0
0.397394 0.0803871 0
0.392138 0.0935424 0
0.3853 0.101961 0
0.383445 0.10937 1
0.363583 0.120689 0
0.349482 0.137654 0
0.333317 0.14768 0
0.323263 0.154811 0
0.315467 0.167361 0
0.300615 0.180599 0
0.295918 0.20306 0
0.289152 0.213944 0
0.27859 0.230605 0
0.206627 0.261884 0
0.179192 0.2981 0
0.16978 0.323658 0
0.138356 0.353306 0
0.0349888 0.481938 0
0.0131831 0.521988 0
0 0.575385 0
0.0298099 0.563915 0
0.0447667 0.592309 0
0.0559312 0.64943 0
0.0810172 0.681667 0
0.152802 0.712746 0
0.172824 0.718678 1
0.1792 0.715806 0
0.191948 0.720434 0
0.19345 0.710845 0
0.214537 0.726762 0
0.191443 0.702016 0
0.195916 0.693228 0
0.201156 0.697288 0
0.290124 0.735924 0
0.328494 0.764355 0
0.322433 0.733477 0
0.231831 0.690165 0
0.236697 0.680673 0
0.364465 0.762025 0
0.382205 0.779566 0
0.389248 0.785566 0
0.395137 0.798153 0
0.405194 0.811375 0
0.41392 0.819497 0
0.424742 0.830024 0
0.438259 0.833831 0
0.442109 0.845741 0
0.444551 0.857881 1
0.453336 0.908021 0
0.451394 0.874276 0
0.503927 0.928392 0
0.534681 0.916598 0
0.586062 0.863945 0
0.633587 0.818242 0
0.657866 0.815608 0
0.665054 0.784155 0
0.683553 0.763588 0
0.69403 0.740154 0
0.689719 0.800972 0
0.696267 0.799308 0
0.704506 0.813107 0
0.715759 0.830863 0
0.720098 0.845875 0
0.735067 0.857504 0
0.74845 0.857121 0
0.735737 0.877814 0
0.726954 0.898743 0
0.708815 0.919688 0
0.692336 0.938034 0
0.67842 0.953131 1
0.678423 0.953134 0
0.678376 0.953162 0
0.678548 0.953404 0
0.677772 0.954412 0
0.671779 0.958033 0
0.642678 0.964528 0
0.636368 0.957489 0
0.627671 0.956462 0
0.625554 0.95101 0
0.627276 0.943415 0
0.627264 0.940585 0
0.629268 0.939668 0
0.625628 0.923195 0
0.591026 0.869128 0
0.930493 0.680549 0
0.945823 0.665813 0
0.934728 0.644912 0
0.944679 0.640772 0
0.952247 0.634526 0
0.943799 0.615669 0
0.95159 0.618131 0
0.956041 0.617195 1
0.95619 0.61139 0
0.959709 0.597634 0
0.970541 0.579764 0
0.994506 0.553916 0
1 0.525916 0
0.987449 0.504374 0
0.90794 0.4259 0
0.910728 0.409203 0
0.894678 0.391078 0
0.889414 0.377016 0
0.889894 0.3633 0
0.884935 0.354533 0
0.870492 0.338695 0
0.830489 0.282528 0
0.838313 0.28811 0
0.856238 0.301833 0
0.86501 0.303911 0
0.86269 0.289355 0
0.87097 0.284729 0
0.884124 0.291526 0
0.887424 0.284746 1
0.89675 0.273371 0
0.900974 0.264884 0
0.901139 0.244682 0
0.904628 0.226432 0
0.886137 0.197702 0
0.884559 0.174795 0
0.887288 0.166715 0
0.87844 0.152322 0
0.858531 0.134119 0
0.891551 0.143092 0
0.463317 0.0846969 0
0.608112 0.0499802 0
0.580246 0 0
0.839218 0.0987832 0
0.815577 0.0664596 0
0.809892 0.0567766 0
0.795243 0.0521563 0
0.785549 0.0513845 0
0.789399 0.047785 0
0.786817 0.0434748 0
0.785009 0.0436793 0
0.784685 0.0440471 1
0.783101 0.0426114 0
0.78577 0.0442025 0
0.78458 0.0440489 0
0.783862 0.0395424 0
0.783258 0.0389485 0
0.781094 0.0376602 0
0.761011 0.0239031 0
0.780843 0.0469642 0
0.781653 0.0515727 0
0.74664 0.0477196 0
0.722157 0.0375632 0
0.702957 0.0299692 0
0.738622 0.0545751 0
0.7592 0.0689477 0
0.677595 0.0484722 0
0.328243 0.171031 0
0.319006 0.178217 0
0.284954 0.178773 0
0.284501 0.197229 0
0.259629 0.207412 0
0.250909 0.221811 0
0.248371 0.241943 1
0.209974 0.268805 0
0.186802 0.313001 0
0.165257 0.337933 0
0.124272 0.36766 0
0.114345 0.400455 0
0.119865 0.429156 0
0.176273 0.416424 0
0.170501 0.438554 0
0.168798 0.462686 0
0.152785 0.498752 0
0.145961 0.524428 0
0.152248 0.534064 0
0.148374 0.570986 0
0.162156 0.590428 0
0.16989 0.595579 0
0.192253 0.581371 0
0.207859 0.579852 0
0.207564 0.602369 0
0.200151 0.647605 0
0.207351 0.646864 0
0.206137 0.669824 0
0.212621 0.673793 1
0.219463 0.668215 0
0.236546 0.65736 0
0.258007 0.654093 0
0.355161 0.648077 0
0.379971 0.654954 0
0.397232 0.666561 0
0.430128 0.67308 0
0.440311 0.741794 0
0.459591 0.724287 0
0.48636 0.711505 0
0.521618 0.70033 0
0.53879 0.700444 0
0.559029 0.688297 0
0.573392 0.686898 0
0.590654 0.677659 0
0.614781 0.661766 0
0.635223 0.642733 0
0.69101 0.631919 0
0.704318 0.648046 0
0.718758 0.656914 0
0.724417 0.662942 0
0.729401 0.666478 1
