0.273776 0.344669 1
0.295442 0.310684 0
0.324491 0.276418 0
0.339278 0.258997 0
0.300576 0.286657 0
0.336903 0.251332 0
0.343433 0.242981 0
0.356398 0.230806 0
0.378558 0.214559 0
0.417589 0.194761 0
0.442409 0.1767 0
0.525097 0.156296 0
0.598193 0.151671 0
0.607114 0.145427 0
0.61823 0.139081 0
0.639323 0.135077 0
0.680446 0.14154 0
0.705645 0.142367 0
0.629987 0.106359 0
0.405239 0.0966173 0
0.551767 0.0790898 0
0.646877 0.0893777 1
0.670163 0.0894733 0
0.744111 0.114793 0
0.731326 0.100318 0
0.698934 0.0847015 0
0.713131 0.0894261 0
0.711174 0.0871059 0
0.706916 0.0815489 0
0.714268 0.0811738 0
0.713933 0.080369 0
0.702781 0.0774316 0
0.69185 0.0787888 0
0.67553 0.0813736 0
0.669799 0.0881169 0
0.676602 0.0989763 0
0.669399 0.104047 0
0.661257 0.107696 0
0.670231 0.114973 0
0.670413 0.121783 0
0.67952 0.132896 0
0.688926 0.14302 0
0.71553 0.158218 0
0.762405 0.18497 1
0.788126 0.201903 0
0.812169 0.216967 0
0.769932 0.199606 0
0.593698 0.202958 0
0.627506 0.19428 0
0.655713 0.187681 0
0.651723 0.184613 0
0.645104 0.179482 0
0.635461 0.176218 0
0.633888 0.175868 0
0.64063 0.178828 0
0.668568 0.186307 0
0.708962 0.198283 0
0.715606 0.206617 0
0.715558 0.21436 0
0.721528 0.219795 0
0.72703 0.227761 0
0.723654 0.238639 0
0.717872 0.251752 0
0.716486 0.265066 0
0.715439 0.271154 0
0.712671 0.28054 1
0.712564 0.299508 0
0.718778 0.318448 0
0.72896 0.334476 0
0.742769 0.347548 0
0.758063 0.368282 0
0.777669 0.396137 0
0.790625 0.423391 0
0.793892 0.451257 0
0.802951 0.48601 0
0.810336 0.519285 0
0.812138 0.549908 0
0.814914 0.581044 0
0.819046 0.611534 0
0.82252 0.645234 0
0.825615 0.681094 0
0.829042 0.708368 0
0.830404 0.729718 0
0.828594 0.749386 0
0.829616 0.767467 0
0.838286 0.787145 0
0.844677 0.795034 0
0.857021 0.804721 1
0.86957 0.816156 0
0.873789 0.830591 0
0.873188 0.848835 0
0.87213 0.860363 0
0.870903 0.863277 0
0.871593 0.865335 0
0.871545 0.866646 0
0.86713 0.865333 0
0.860516 0.863838 0
0.851474 0.867371 0
0.845031 0.875404 0
0.840187 0.883361 0
0.8313 0.888877 0
0.821449 0.897994 0
0.813594 0.906465 0
0.804735 0.911092 0
0.797567 0.911477 0
0.787738 0.90775 0
0.767339 0.906461 0
0.747781 0.905018 0
0.718612 0.886306 0
0.691415 0.87334 1
0.668424 0.865102 0
0.656636 0.855978 0
0.662583 0.852897 0
0.596024 0.835445 0
0.556674 0.817583 0
0.527495 0.799803 0
0.488175 0.777553 0
0.450672 0.753451 0
0.391631 0.722306 0
0.383359 0.701825 0
0.38108 0.682583 0
0.363749 0.662703 0
0.369194 0.652893 0
0.355966 0.631733 0
0.345055 0.610738 0
0.338992 0.59473 0
0.331015 0.573925 0
0.321467 0.551719 0
0.314653 0.534757 0
0.307553 0.515546 0
0.305246 0.498839 0
0.307209 0.480054 1
0.30688 0.459532 0
0.308394 0.440839 0
0.310523 0.434999 0
0.309787 0.44286 0
0.31245 0.392608 0
0.319873 0.377837 0
0.327354 0.362971 0
0.33395 0.343255 0
0.337284 0.328071 0
0.33745 0.316658 0
0.333334 0.305599 0
0.336885 0.288762 0
0.339672 0.275713 0
0.345244 0.261597 0
0.353979 0.245332 0
0.362129 0.230533 0
0.373615 0.217265 0
0.392553 0.197708 0
0.407526 0.183295 0
0.426782 0.165649 0
0.447358 0.147213 0
0.469539 0.131632 1
0.488742 0.121145 0
0.506458 0.109449 0
0.523897 0.0981793 0
0.54327 0.087216 0
0.5665 0.0770075 0
0.58723 0.0704175 0
0.606592 0.0627905 0
0.63177 0.0533848 0
0.646741 0.0482883 0
0.651013 0.0437414 0
0.652873 0.0399364 0
0.651942 0.0375698 0
0.654736 0.0343816 0
0.65507 0.0315244 0
0.654313 0.0289304 0
0.659959 0.0238157 0
0.662658 0.0176693 0
0.664875 0.01383 0
0.674648 0.0127201 0
0.69145 0.0138955 0
0.68587 0.0269066 0
0.691002 0.0372845 1
0.698592 0.0461849 0
0.705661 0.0543167 0
0.712773 0.0639782 0
0.720894 0.0751912 0
0.739803 0.089366 0
0.77246 0.105761 0
0.808081 0.123049 0
0.857135 0.152463 0
0.733659 0.0778116 0
0 0.404337 0
0.982073 0.309363 0
0.987013 0.323902 0
1 0.344682 0
0.988287 0.329218 0
0.970761 0.312446 0
0.948966 0.299074 0
0.931655 0.290425 0
0.923035 0.28759 0
0.925754 0.294606 0
0.92226 0.294193 0
0.907493 0.291954 0
0.889825 0.293155 1
0.887832 0.298196 0
0.879816 0.302229 0
0.869451 0.309938 0
0.863076 0.317803 0
0.858609 0.324593 0
0.856067 0.33573 0
0.85543 0.347281 0
0.855056 0.355942 0
0.852589 0.368436 0
0.852878 0.38168 0
0.859698 0.391886 0
0.872246 0.406318 0
0.895303 0.432383 0
0.90402 0.458793 0
0.895643 0.474282 0
0.899769 0.492138 0
0.908775 0.517726 0
0.916882 0.549923 0
0.919398 0.581008 0
0.905884 0.601037 0
0.900525 0.625966 1
0.90266 0.661991 0
0.902864 0.702367 0
0.901303 0.730482 0
0.898502 0.752562 0
0.898322 0.779948 0
0.904497 0.809508 0
0.907027 0.817548 0
0.908035 0.826694 0
0.909909 0.841222 0
0.913999 0.855937 0
0.917879 0.864836 0
0.917869 0.877259 0
0.915926 0.887905 0
0.912962 0.886429 0
0.907908 0.883669 0
0.901066 0.887989 0
0.891239 0.891455 0
0.879174 0.897384 0
0.870431 0.906309 0
0.861582 0.914854 0
0.845272 0.926352 0
0.828953 0.933437 1
0.812737 0.940907 0
0.797902 0.947633 0
0.791239 0.945913 0
0.783418 0.949959 0
0.764865 0.957286 0
0.731585 0.943776 0
0.701341 0.931542 0
0.671859 0.920121 0
0.639327 0.904187 0
0.60314 0.888502 0
0.559165 0.874717 0
0.520938 0.857618 0
0.491466 0.837697 0
0.465887 0.821061 0
0.444235 0.807098 0
0.41931 0.789484 0
0.398113 0.770992 0
0.388475 0.755159 0
0.370226 0.735104 0
0.367441 0.716221 0
0.369406 0.703548 0
0.359434 0.685283 1
0.345079 0.665285 0
0.338845 0.645055 0
0.340709 0.627867 0
0.339237 0.609899 0
0.330711 0.589777 0
0.320032 0.567564 0
0.313641 0.545875 0
0.306074 0.524562 0
0.299903 0.506281 0
0.293768 0.488609 0
0.284456 0.471595 0
0.280659 0.458918 0
0.274534 0.450214 0
0.26683 0.439498 0
0.260855 0.432 0
0.262733 0.421962 0
0.262246 0.405509 0
0.254037 0.391793 0
0.244692 0.378331 0
0.249555 0.36429 0
0.253741 0.348774 0
0.253245 0.332808 1
0.252711 0.31363 0
0.251787 0.295285 0
0.251933 0.27966 0
0.251951 0.26123 0
0.254236 0.239027 0
0.260614 0.219762 0
0.263936 0.201089 0
0.266236 0.180867 0
0.269529 0.161878 0
0.277601 0.145907 0
0.287121 0.129567 0
0.295089 0.107948 0
0.30763 0.0807349 0
0.31428 0.0695838 0
0.323136 0.0617006 0
0.333352 0.05423 0
0.401026 0.0314014 0
0.439317 0.0247798 0
0.364311 0.0411924 0
0.405341 0.0285075 0
0.457431 0.0181207 0
0.495257 0.0145973 1
0.541959 0.0106838 0
0.535513 0.00479355 0
0.506446 0 0
0.460002 0.00570409 0
0.436077 0.0111968 0
0.400422 0.0268632 0
0.382818 0.0414997 0
0.370847 0.0543005 0
0.363301 0.0639551 0
0.364298 0.071841 0
0.374963 0.0773964 0
0.388678 0.0807132 0
0.406129 0.0811822 0
0.439649 0.0755107 0
0.486347 0.0666752 0
0.542103 0.0645714 0
0.612244 0.070975 0
0.722705 0.103531 0
0.921335 0.247661 0
0.983174 0.348076 0
0.930753 0.27576 0
0.761925 0.144105 1
0.642539 0.109028 0
0.645669 0.118208 0
0.617198 0.123171 0
0.682874 0.137009 0
0.720864 0.158437 0
0.679178 0.152549 0
0.678451 0.162313 0
0.689144 0.17306 0
0.704726 0.182494 0
0.706749 0.19193 0
0.691868 0.200006 0
0.680797 0.208306 0
0.67909 0.220598 0
0.686242 0.231749 0
0.671502 0.237302 0
0.733987 0.24779 0
0.716322 0.26477 0
0.709995 0.270375 0
0.709589 0.285252 0
0.71929 0.299563 0
0.723369 0.314858 0
0.752148 0.333032 1
0.782119 0.35101 0
0.77166 0.367887 0
0.771288 0.382112 0
0.806091 0.409358 0
0.800379 0.428113 0
0.82287 0.457333 0
0.842034 0.484924 0
0.866748 0.511207 0
0.883123 0.535909 0
0.900883 0.566517 0
0.926139 0.609357 0
0.940757 0.63025 0
0.953015 0.635013 0
0.969283 0.633154 0
0.984889 0.632184 0
0.988513 0.640971 0
0.985119 0.650985 0
0.98623 0.663659 0
0.991108 0.678015 0
0.991259 0.690539 0
0.970332 0.716188 0
0.947297 0.737459 1
0.940502 0.756682 0
0.931435 0.775782 0
0.91081 0.798894 0
0.888597 0.824791 0
0.869275 0.844994 0
0.844058 0.867634 0
0.821921 0.876717 0
0.804101 0.9037 0
0.794369 0.921584 0
0.765126 0.939632 0
0.708176 0.966233 0
0.576111 1 0
0.558473 0.975615 0
0.532652 0.97246 0
0.442739 0.960876 0
0.0643102 0.703137 0
0.067136 0.694956 0
0.211145 0.814284 0
0.413956 0.889577 0
0.162597 0.730886 0
0.384936 0.830484 0
0.184934 0.672288 1
0.254874 0.713079 0
0.182196 0.540847 0
0.223932 0.593258 0
0.607255 0.70505 0
0.349719 0.669492 0
0.327 0.636733 0
0.316023 0.588198 0
0.26631 0.531899 0
0.312547 0.582304 0
0.357942 0.513824 0
0.399276 0.50245 0
0.445102 0.514664 0
0.497266 0.527306 0
0.486843 0.515482 0
0.569424 0.512213 0
0.574187 0.512237 0
0.576256 0.512363 0
0.576077 0.512304 0
0.5762 0.512307 0
0.576216 0.512307 0
0.576258 0.512307 0
0.576271 0.512305 1
