0.264207 0.692729 1
0.260018 0.692749 0
0.254909 0.688401 0
0.254775 0.684784 0
0.266365 0.710676 0
0.250141 0.747826 0
0.215285 0.775828 0
0.219511 0.775115 0
0.219528 0.775508 0
0.219545 0.77556 0
0.219549 0.775568 0
0.219549 0.775568 0
0.219549 0.775568 0
0.219549 0.775568 0
0.219549 0.775568 0
0.219549 0.775568 0
0.219549 0.775568 0
0.219549 0.775568 0
0.219549 0.775568 0
0.219549 0.775568 0
0.219549 0.775568 0
0.219549 0.775568 0
0.219549 0.775568 1
0.22308 0.78014 0
0.225686 0.769878 0
0.231279 0.778399 0
0.233137 0.777369 0
0.23908 0.773312 0
0.261243 0.785725 0
0.26673 0.780752 0
0.313458 0.832426 0
0.386212 0.914831 0
0.419635 0.914218 0
0.455696 0.931366 0
0.477596 0.933289 0
0.499953 0.94237 0
0.514028 0.925589 0
0.534664 0.913623 0
0.551819 0.902426 0
0.554791 0.873028 0
0.563565 0.851693 0
0.574969 0.840364 0
0.585376 0.823591 0
0.606223 0.813602 0
0.62432 0.805273 0
0.641676 0.790095 1
0.651286 0.786303 0
0.660315 0.786056 0
0.673016 0.774414 0
0.680528 0.75759 0
0.837532 0.678535 0
0.845697 0.677808 0
0.854381 0.652664 0
0.851468 0.621166 0
0.837286 0.597054 0
0.839587 0.569527 0
0.858367 0.557887 0
0.849315 0.510619 0
0.850892 0.480642 0
0.85229 0.439748 0
0.858467 0.418369 0
0.840523 0.364726 0
0.849134 0.321066 0
0.853054 0.305836 0
0.857578 0.282621 0
0.866471 0.276909 0
0.869113 0.263849 0
0.875298 0.260309 0
0.87957 0.256961 1
0.885276 0.255818 0
0.888464 0.261486 0
0.894266 0.273992 0
0.85558 0.220678 0
0.846888 0.21454 0
0.829479 0.209 0
0.819399 0.203101 0
0.80642 0.199612 0
0.77869 0.19213 0
0.755992 0.170766 0
0.725188 0.125176 0
0.709426 0.096675 0
0.689442 0.10854 0
0.671548 0.106282 0
0.659247 0.0952516 0
0.642062 0.100749 0
0.62432 0.0976738 0
0.608471 0.0886402 0
0.589965 0.103071 0
0.578091 0.0941307 0
0.572157 0.107621 0
0.558107 0.115486 1
0.53944 0.114667 0
0.527688 0.130689 0
0.513047 0.146805 0
0.503613 0.162794 0
0.4863 0.170393 0
0.471059 0.167774 0
0.459368 0.184028 0
0.435405 0.191736 0
0.42902 0.193417 0
0.421161 0.208113 0
0.402242 0.222124 0
0.390088 0.244715 0
0.38321 0.257158 0
0.378075 0.304615 0
0.375029 0.428966 0
0.37432 0.549794 0
0.360225 0.580396 0
0.344309 0.604863 0
0.31146 0.622972 0
0.29087 0.63082 0
0.269296 0.653233 0
0.254566 0.66952 0
0.247047 0.679185 1
0.246547 0.678922 0
0.250065 0.677045 0
0.175598 0.40927 0
0.145272 0.397219 0
0.125529 0.40358 0
0.119393 0.393032 0
0.108335 0.391077 0
0.0856609 0.392658 0
0.0785765 0.395897 0
0.0541553 0.38115 0
0.0646978 0.397586 0
0.0572069 0.405115 0
0.0308815 0.446644 0
0.207111 0.753224 0
0.212513 0.777769 0
0.217451 0.776723 0
0.218632 0.775821 0
0.218112 0.772556 0
0.217831 0.766043 0
0.221014 0.760064 0
0.22667 0.75858 0
0.236819 0.771173 0
0.240885 0.771681 1
0.248926 0.767674 0
0.26006 0.769473 0
0.274645 0.775073 0
0.382349 0.866688 0
0.418648 0.880111 0
0.442531 0.882199 0
0.4851 0.903007 0
0.508228 0.89237 0
0.523632 0.893754 0
0.531854 0.881235 0
0.543196 0.866788 0
0.558873 0.848509 0
0.573788 0.824257 0
0.583509 0.803547 0
0.599745 0.779391 0
0.635956 0.779356 0
0.64647 0.773091 0
0.656123 0.750568 0
0.719933 0.840653 0
0.842084 0.67063 0
0.842685 0.677056 0
0.843213 0.676319 1
0.848957 0.657118 0
0.851993 0.626967 0
0.857242 0.606232 0
0.861355 0.564504 0
0.872572 0.554467 0
0.873088 0.522226 0
0.88774 0.512846 0
0.888228 0.475465 0
0.903746 0.463356 0
0.888714 0.417364 0
0.921976 0.413596 0
0.899015 0.350177 0
0.884854 0.310414 0
0.89646 0.292893 0
0.903694 0.271223 0
0.907281 0.260604 0
0.909391 0.254981 0
0.914987 0.256453 0
0.921525 0.257969 0
0.926871 0.26254 0
0.929289 0.271669 0
0.938107 0.280213 0
0.938511 0.284152 1
0.938531 0.284168 0
0.938674 0.284225 0
0.938995 0.285198 0
0.939659 0.293883 0
0.957995 0.335665 0
0.956225 0.375547 0
0.93522 0.401402 0
0.709042 0.0392538 0
0.673128 0.037165 0
0.654814 0.0324755 0
0.642246 0.0284259 0
0.608404 0.00568181 0
0.597037 0 0
0.586011 0.018246 0
0.569428 0.0295692 0
0.559307 0.0553274 0
0.532583 0.0625611 0
0.525165 0.0524028 0
0.500893 0.0683524 0
0.486133 0.0880211 0
0.479732 0.1057 0
0.463094 0.117208 0
0.451758 0.127131 1
0.434816 0.137653 0
0.418395 0.151715 0
0.40615 0.155661 0
0.398716 0.157713 0
0.390234 0.187214 0
0.367026 0.179592 0
0.360051 0.218404 0
0.355639 0.256111 0
0.338367 0.267067 0
0.328749 0.294537 0
0.306917 0.285165 0
0.292382 0.309886 0
0.287734 0.403778 0
0.282606 0.554562 0
0.277136 0.540557 0
0.26558 0.522422 0
0.243414 0.513977 0
0.225125 0.477966 0
0.182341 0.388624 0
0.153108 0.363433 0
0.13565 0.369274 0
0.127376 0.379211 1
0.111217 0.385793 0
0.0954238 0.387803 0
0.0759931 0.391127 0
0.0526534 0.39056 0
0.0273983 0.386082 0
0.0292462 0.398267 0
0.0297686 0.390601 0
0.0208279 0.404798 0
0 0.440228 0
0.00327723 0.458866 0
0.0426229 0.491497 0
0.0401635 0.487532 0
0.0637872 0.531221 0
0.0896197 0.580784 0
0.103094 0.627336 0
0.128342 0.636067 0
0.146044 0.656941 0
0.154257 0.677159 0
0.177895 0.679378 0
0.18881 0.684409 0
0.200394 0.685606 0
0.212141 0.689677 0
0.217547 0.692532 1
0.219427 0.695029 0
0.216348 0.677394 0
0.491017 1 0
0.516941 0.994604 0
0.519238 0.976154 0
0.520756 0.953772 0
0.528936 0.918214 0
0.535299 0.8949 0
0.549553 0.878727 0
0.568299 0.875519 0
0.584872 0.848819 0
0.610236 0.833336 0
0.623319 0.823112 0
0.640943 0.805338 0
0.674464 0.846634 0
0.691835 0.817001 0
0.70919 0.807055 0
0.712056 0.790392 0
0.707414 0.810812 0
0.832738 0.684527 0
0.817008 0.707015 0
0.766524 0.749474 0
0.760052 0.727619 1
0.760123 0.72755 0
0.760259 0.727514 0
0.764786 0.71714 0
0.869923 0.49794 0
0.879556 0.476846 0
0.882403 0.437799 0
0.86861 0.406572 0
0.864483 0.372101 0
0.859582 0.351592 0
0.863523 0.326598 0
0.864381 0.306051 0
0.887349 0.292628 0
0.846478 0.209508 0
0.868054 0.210382 0
0.866375 0.195198 0
0.874604 0.186733 0
0.891603 0.182153 0
0.869735 0.157817 0
0.847426 0.1472 0
0.837104 0.133889 0
0.813118 0.128741 0
0.793851 0.112634 0
0.776858 0.112782 1
