0.314003 0.32653 1
0.313955 0.326523 0
0.313787 0.326445 0
0.313311 0.326082 0
0.309561 0.323997 0
0.31508 0.310345 0
0.360469 0.242409 0
0.42902 0.0435441 0
0.457558 0.0227106 0
0.457607 0.0162303 0
0.457229 0.0150906 0
0.457189 0.0149591 0
0.457181 0.0149394 0
0.457199 0.0149731 0
0.457168 0.0149186 1
0.456409 0.0160696 0
0.457131 0.0141421 0
0.458647 0.0142924 0
0.459907 0.0142269 0
0.456907 0.0137485 0
0.456461 0.0135927 0
0.456087 0.0134323 0
0.456065 0.0132653 0
0.456179 0.0128959 0
0.455874 0.0128311 0
0.45557 0.0127489 0
0.455998 0.0122633 0
0.457173 0.0115461 0
0.457484 0.0109394 0
0.456745 0.0111102 0
0.456278 0.0112604 0
0.455968 0.0111542 0
0.456445 0.0106394 0
0.455481 0.0110278 0
0.456373 0.0100997 0
0.455396 0.0106076 0
0.455644 0.0103039 0
0.455325 0.0103305 0
0.455121 0.0103057 1
0.454332 0.00899164 0
0.454846 0.00968307 0
0.454231 0.00834764 0
0.454416 0.00903814 0
0.454627 0.00934302 0
0.454817 0.00975082 0
0.454932 0.00998081 0
0.454642 0.00944357 0
0.454798 0.00983189 0
0.454708 0.00965652 0
0.454473 0.00903853 0
0.454631 0.00947918 0
0.454428 0.00917105 0
0.453698 0.00790729 0
0.454479 0.00931158 0
0.454674 0.00952791 0
0.454488 0.00924173 0
0.454161 0.00989588 0
0.45315 0 0
0.417933 0.0223771 0
0.423513 0.0156292 0
0.420092 0.0228444 0
0.417693 0.0298833 0
0.413372 0.035393 0
0.411713 0.040093 0
0.41157 0.0445207 0
0.410193 0.047906 0
0.40448 0.0530919 0
0.395135 0.0527326 0
0.347447 0.195233 0
0.332739 0.204572 0
0.31284 0.212341 0
0.264955 0.206326 0
0.259784 0.210369 0
0.259888 0.210104 0
0.259922 0.210115 1
0.261118 0.208109 0
0.261812 0.207552 0
0.262404 0.205371 0
0.263824 0.204793 0
0.264726 0.203189 0
0.265458 0.201401 0
0.266582 0.200148 0
0.268371 0.198089 0
0.269239 0.197197 0
0.270829 0.196502 0
0.271886 0.194495 0
0.273839 0.192083 0
0.2758 0.19097 0
0.275833 0.19128 0
0.277947 0.189108 0
0.279379 0.188774 0
0.280716 0.187418 0
0.280831 0.187021 0
0.281609 0.18576 0
0.283237 0.185192 0
0.285023 0.184602 0
0.285666 0.183737 1
0.285666 0.183737 0
0.285666 0.183737 0
0.285666 0.183737 0
0.285666 0.183737 0
0.285666 0.183737 0
0.285669 0.183737 0
0.285667 0.183691 0
0.285875 0.183282 0
0.286103 0.18223 0
0.285974 0.181109 0
0.286643 0.18047 0
0.287258 0.179452 0
0.287195 0.178835 0
0.287186 0.178058 0
0.289561 0.175478 0
0.309637 0.155565 0
0.508244 0.23208 0
0.523027 0.212026 0
0.526907 0.21795 0
0.527851 0.229205 0
0.536824 0.238096 0
0.540097 0.250063 0
0.543428 0.252343 0
0.547857 0.259831 0
0.554882 0.261887 0
0.557996 0.268269 1
0.560312 0.274077 0
0.564382 0.278982 0
0.569702 0.284334 0
0.570323 0.291732 0
0.582905 0.286082 0
0.600168 0.322635 0
0.599054 0.336276 0
0.603604 0.347369 0
0.60713 0.35473 0
0.611128 0.356781 0
0.615702 0.359156 0
0.620976 0.36279 0
0.623806 0.366212 0
0.623984 0.365579 0
0.631203 0.372382 0
0.634808 0.374445 0
0.641132 0.373214 0
0.645653 0.37519 0
0.652105 0.385186 0
0.655072 0.388621 0
0.660788 0.392034 0
0.667638 0.394272 1
0.672273 0.394648 0
0.656419 0.41663 0
0.858164 0.319275 0
0.875779 0.311882 0
0.880334 0.309719 0
0.880236 0.309512 0
0.880288 0.309516 0
0.880288 0.309517 0
0.880288 0.309517 0
0.880288 0.309517 1
0.878871 0.312508 0
0.769082 0.281783 0
0.781076 0.28014 0
0.894649 0.313721 0
0.885028 0.33258 0
0.892477 0.333742 0
0.90088 0.328831 0
0.899928 0.337781 0
0.906261 0.336917 0
0.910988 0.336838 0
0.919486 0.318207 0
0.919755 0.343497 0
0.927551 0.316223 0
0.930403 0.309458 0
0.939138 0.322079 0
0.943142 0.321816 0
0.950037 0.321732 0
0.956392 0.322297 0
0.966106 0.324271 0
0.966354 0.309281 1
0.966353 0.237502 0
0.988214 0.232467 0
0.981697 0.233524 0
0.993973 0.229782 0
1 0.226878 0
0.991022 0.227606 0
0.967868 0.216163 0
0.961824 0.20971 0
0.948648 0.207624 0
0.937298 0.202719 0
0.930031 0.201453 0
0.914485 0.204283 0
0.899359 0.212187 0
0.890995 0.2163 1
0.891853 0.213546 0
0.906003 0.171502 0
0.774597 0.458444 0
0.78332 0.418112 1
0.971513 0.41039 0
0.0217999 0.137104 1
0 0.12933 0
0.0280199 0.146063 1
0.0272168 0.151166 0
0.035233 0.153003 0
0.0348253 0.159901 0
0.0364302 0.162012 0
0.037683 0.167582 0
0.0401195 0.170197 1
0.041695 0.171542 0
0.0438206 0.171869 0
0.0525347 0.170865 0
0.0561434 0.170643 0
0.0594366 0.170499 0
0.0668524 0.163354 0
0.0756928 0.154313 0
0.086982 0.141358 0
0.0911219 0.138704 0
0.0957588 0.133184 0
0.100823 0.128654 0
0.10431 0.12958 0
0.108776 0.125633 0
0.112511 0.127762 0
0.121706 0.11442 0
0.128242 0.113814 0
0.137759 0.107829 0
0.144067 0.108897 0
0.15357 0.108491 0
0.164056 0.106176 0
0.171602 0.110119 0
0.17591 0.118761 0
0.180265 0.121921 0
0.189365 0.132095 0
0.186764 0.137857 0
0.183774 0.145751 1
0.183653 0.145956 0
0.183732 0.146013 0
0.183792 0.145834 0
0.18378 0.146254 0
0.184063 0.148878 0
0.184682 0.149738 0
0.185128 0.15121 0
0.185835 0.152437 0
0.185317 0.151298 0
0.18676 0.153158 0
0.187357 0.157331 0
0.187916 0.161339 0
0.187389 0.164013 0
0.207992 0.191976 0
0.210585 0.192125 0
0.211261 0.19322 0
0.21249 0.202395 0
0.212526 0.206236 0
0.233046 0.241231 0
0.231625 0.239554 0
0.231823 0.239645 0
0.231811 0.239687 1
0.225812 0.232943 0
0.172446 0.398621 0
0.195258 0.396586 0
0.200671 0.396402 0
0.202855 0.39492 0
0.200326 0.388266 0
0.199235 0.384391 0
0.201705 0.383944 0
0.203599 0.382069 0
0.20212 0.377225 0
0.207431 0.378934 0
0.206545 0.37668 0
0.208457 0.373589 0
0.209032 0.372703 0
0.20967 0.368651 0
0.21343 0.373607 0
0.21399 0.370566 0
0.214379 0.365092 0
0.215574 0.361248 0
0.216376 0.359933 0
0.22021 0.341602 0
0.220175 0.349963 0
0.235283 0.248917 0
0.281524 0.404377 0
0.282139 0.395759 0
0.229507 0.255555 0
0.240332 0.259242 0
0.241515 0.258056 0
0.242114 0.258561 0
0.242875 0.257856 0
0.243351 0.258175 0
0.243932 0.258289 0
0.244387 0.259125 0
0.244538 0.261276 0
0.248386 0.254445 0
0.256617 0.24686 0
0.246922 0.259891 0
0.24619 0.26259 0
0.255241 0.277272 0
0.252297 0.267155 0
0.253283 0.264052 0
0.254737 0.262475 0
0.259568 0.260614 0
0.262023 0.256607 1
0.262027 0.256606 0
0.261961 0.256631 0
0.262071 0.257072 0
0.26375 0.258388 0
0.252601 0.265805 0
0.326399 0.351688 0
0.330241 0.346041 0
0.335066 0.354173 0
0.353674 0.355658 0
0.25464 0.298797 0
0.127236 0.226781 0
0.146012 0.210976 0
0.150194 0.209006 0
0.148515 0.208789 0
0.148483 0.20865 0
0.14836 0.208638 0
0.148903 0.208448 0
0.15104 0.206942 0
0.151914 0.206487 0
0.150885 0.2051 0
0.152992 0.204648 0
0.154803 0.2035 0
0.156665 0.202157 0
0.157719 0.201293 0
0.158543 0.200262 0
0.161579 0.200549 0
0.163368 0.199396 0
0.167117 0.198813 0
0.173668 0.20041 0
0.173418 0.199315 0
0.182492 0.202662 0
0.183946 0.202477 0
0.186444 0.202909 0
0.191647 0.206168 0
0.193366 0.207342 0
0.197155 0.208839 0
0.201264 0.202256 0
0.19454 0.207853 0
0.206579 0.201309 0
0.209828 0.199928 0
0.211767 0.199455 0
0.212888 0.202061 0
0.214357 0.202498 0
0.215303 0.204127 0
0.216453 0.207086 0
0.216143 0.208925 0
0.21826 0.209263 0
0.218229 0.21134 0
0.219367 0.213678 0
0.219886 0.215468 0
0.222114 0.217832 0
0.222048 0.221456 0
0.226443 0.221815 0
0.22833 0.218187 0
0.218529 0.226662 0
0.265757 0.406676 0
0.196775 0.39084 0
0.240724 0.243924 0
0.208745 0.234627 0
0.209103 0.391068 0
0.219449 0.392977 0
0.221523 0.391844 0
0.215068 0.385273 0
0.228918 0.392843 0
0.222479 0.386468 0
0.231325 0.391861 0
0.228779 0.38872 0
0.224717 0.385552 0
0.227562 0.386353 0
0.230389 0.387408 0
0.228709 0.386527 0
0.240667 0.390418 0
0.218386 0.377873 0
0.317635 0.409744 0
0.309575 0.410427 0
0.31911 0.41227 0
0.304315 0.408911 0
0.310682 0.409573 0
0.303132 0.407156 0
0.295267 0.405386 0
0.290555 0.403523 0
0.292609 0.403326 0
0.29505 0.403427 0
0.298895 0.403729 0
0.297078 0.402877 0
0.301978 0.403322 0
0.295826 0.401017 0
0.298398 0.400592 0
0.319036 0.404549 0
0.233528 0.354671 0
0.246997 0.322011 0
0.25288 0.318172 0
0.251667 0.31456 0
0.253129 0.306825 0
0.255304 0.302459 0
0.259378 0.297976 0
0.260761 0.29333 0
0.261969 0.289243 0
0.261456 0.282375 0
0.260572 0.277298 0
0.259894 0.271403 0
0.261167 0.265629 0
0.26063 0.260155 0
0.260748 0.2563 0
0.261825 0.256836 0
0.261703 0.256451 0
0.258541 0.260185 0
0.260592 0.279664 0
0.324749 0.360441 0
0.350741 0.328514 0
0.245554 0.285941 0
0.135743 0.214012 0
0.150848 0.215661 0
0.152576 0.217935 0
0.151565 0.219728 0
0.151667 0.222941 0
0.150367 0.224914 0
0.150806 0.227313 0
0.1532 0.23082 0
0.154186 0.232698 0
0.159679 0.232753 0
0.159889 0.2335 0
0.16483 0.231956 0
0.168625 0.231887 0
0.172444 0.233288 0
0.17583 0.232458 0
0.181104 0.232403 0
0.183989 0.234292 1
0.1864 0.23439 0
0.188207 0.235428 0
0.189199 0.236673 0
0.190652 0.237347 0
0.192616 0.236174 0
0.191815 0.236808 0
0.200068 0.2273 0
0.19927 0.228826 0
0.197293 0.232225 0
0.191537 0.229216 0
0.105677 0.473938 0
0.195587 0.22748 0
0.177097 0.249756 0
0.184764 0.247242 0
0.180593 0.250615 0
0.182084 0.246939 0
0.20189 0.221704 0
0.165638 0.258421 0
0.231698 0.439927 0
0.247835 0.409205 0
0.254575 0.403756 0
0.256778 0.400786 1
0.252103 0.408651 0
0.24883 0.41079 0
0.241596 0.415103 0
0.260191 0.426575 0
0.267482 0.428323 0
0.264501 0.442551 0
0.265247 0.456073 0
0.269998 0.470069 0
0.276516 0.475991 0
0.277329 0.488659 0
0.287419 0.489564 0
0.292307 0.492221 0
0.292556 0.489233 0
0.314748 0.563078 0
0.306057 0.137539 0
0.29471 0.534924 0
0.343626 0.540652 0
0.288537 0.489234 0
0.193909 0.231447 0
0.229768 0.20546 0
0.239574 0.159779 0
0.384217 0.529735 0
0.361744 0.502686 0
0.360934 0.497787 0
0.364188 0.496761 0
0.366839 0.492437 0
0.37506 0.49136 0
0.377338 0.487653 0
0.37238 0.485806 0
0.376349 0.482161 1
0.377178 0.481234 0
0.37835 0.479576 0
0.37913 0.479027 0
0.379335 0.477312 0
0.38117 0.473818 0
0.383181 0.472237 0
0.385919 0.472425 0
0.385948 0.470362 0
0.38655 0.467441 0
0.388286 0.463176 0
0.391466 0.458025 0
0.393967 0.457704 0
0.398694 0.454194 0
0.393116 0.45231 0
0.393685 0.451753 0
0.397261 0.447195 0
0.398266 0.441787 0
0.403003 0.43715 0
0.403101 0.431979 0
0.404392 0.429548 0
0.405166 0.42643 0
0.400036 0.417177 0
0.331927 0.412033 0
0.330281 0.410934 0
0.317912 0.407972 0
0.327078 0.411249 0
0.292442 0.398694 0
0.300067 0.40152 0
0.291986 0.398971 0
0.298827 0.400344 0
0.297882 0.399375 0
0.296946 0.398411 0
0.297326 0.39784 0
0.297302 0.397217 0
0.296727 0.396485 0
0.29763 0.395681 0
0.297128 0.394595 0
0.296325 0.393216 0
0.297029 0.392314 0
0.295772 0.389129 0
0.272083 0.376746 0
0.298128 0.2597 0
0.284956 0.239929 0
0.289545 0.24486 0
0.298876 0.250499 0
0.299186 0.254711 0
0.294937 0.262926 0
0.32776 0.296025 0
0.33438 0.297078 0
0.334046 0.300926 0
0.365102 0.303749 0
0.36024 0.305001 0
0.355817 0.308053 0
0.354181 0.310107 0
0.356849 0.311153 0
0.349629 0.316375 0
0.34675 0.320288 0
0.343219 0.324137 0
0.338525 0.330484 0
0.331966 0.339622 0
0.330464 0.344282 0
0.335345 0.339837 0
0.333155 0.347873 0
0.336583 0.344065 0
0.346595 0.343109 0
0.34 0.344545 1
0.339999 0.344551 0
0.340001 0.344587 0
0.340397 0.344921 0
0.339063 0.345572 0
0.352697 0.36204 0
0.263784 0.288076 0
0.143559 0.21537 0
0.152231 0.218317 0
0.1557 0.218243 0
0.157034 0.217321 0
0.162096 0.22345 0
0.148693 0.268707 0
0.148901 0.272956 0
0.149949 0.277777 0
0.14821 0.283069 0
0.1485 0.289068 0
0.151403 0.293741 0
0.15689 0.301807 0
0.16303 0.308425 0
0.167113 0.31196 0
0.17032 0.312972 0
0.174077 0.314922 0
0.176146 0.314156 0
0.182218 0.316066 0
0.183489 0.315268 0
0.188823 0.315392 1
0.192643 0.312758 0
0.19579 0.310815 0
0.198003 0.308672 0
0.199099 0.303041 0
0.200618 0.301088 0
0.203766 0.304242 0
0.206285 0.306722 0
0.20678 0.301731 0
0.208874 0.302907 0
0.208571 0.296044 0
0.209854 0.293915 0
0.212998 0.29715 0
0.211033 0.284381 0
0.211514 0.281731 0
0.209398 0.269329 0
0.206813 0.25714 0
0.210009 0.261083 0
0.212245 0.258003 0
0.212276 0.253344 0
0.213742 0.252567 1
0.213748 0.252572 0
0.213762 0.252585 0
0.213824 0.252682 0
0.213552 0.253102 0
0.217018 0.254374 0
0.22761 0.273284 0
0.227294 0.274517 0
0.227879 0.27457 0
0.228359 0.274962 0
0.229004 0.275625 0
0.227757 0.273078 0
0.254048 0.232566 0
0.250677 0.235789 0
0.250495 0.234002 0
0.224325 0.287013 0
0.246531 0.245414 0
0.241104 0.25759 0
0.231428 0.276729 0
0.2312 0.278091 0
0.231831 0.278351 0
0.232942 0.279998 0
0.234298 0.281257 0
0.233094 0.275609 0
0.23403 0.275986 0
0.234539 0.275412 0
0.235839 0.27459 0
0.238854 0.268516 0
0.261281 0.224205 0
0.254262 0.229334 0
0.24948 0.243087 0
0.256639 0.225189 0
0.255943 0.226838 0
0.256181 0.226452 0
0.256728 0.226781 0
0.261251 0.224852 0
0.239215 0.319741 0
0.241028 0.325226 0
0.242033 0.325137 0
0.242754 0.327736 0
0.243994 0.329627 0
0.244079 0.331104 0
0.245582 0.333255 0
0.245465 0.335749 0
0.246381 0.339537 0
0.246903 0.341245 0
0.247154 0.344724 0
0.246864 0.346402 0
0.2481 0.347585 0
0.24837 0.350311 0
0.24859 0.351428 0
0.249321 0.353227 0
0.249727 0.355487 0
0.252331 0.358354 0
0.284768 0.389251 0
0.281422 0.392646 0
0.277233 0.391151 0
0.276309 0.391136 0
0.275309 0.391532 0
0.273935 0.391353 0
0.272543 0.39158 0
0.271723 0.391211 0
0.270941 0.391687 0
0.270191 0.39153 0
0.269936 0.391299 0
0.269552 0.391568 0
0.268662 0.391753 0
0.267651 0.391834 0
0.264945 0.392479 0
0.265911 0.392245 0
0.265269 0.392588 0
0.263581 0.392196 0
0.263613 0.392226 0
0.26433 0.392274 0
0.263938 0.392535 1
0.263853 0.392172 0
0.263733 0.391764 0
0.263408 0.391021 0
0.263064 0.390853 0
0.263242 0.390381 0
0.263442 0.390035 0
0.263625 0.389747 0
0.263467 0.389496 0
0.263169 0.389219 0
0.26266 0.388602 0
0.262382 0.387966 0
0.261665 0.387249 0
0.261892 0.386735 0
0.263068 0.387426 0
0.262713 0.387025 0
0.262803 0.387102 0
0.262581 0.386812 0
0.262704 0.386621 0
0.262487 0.385817 0
0.260761 0.384738 0
0.261341 0.385533 0
0.26166 0.385408 0
0.261789 0.385236 0
0.260967 0.384999 0
0.260186 0.384207 0
0.259619 0.383819 0
0.259487 0.383733 0
0.259984 0.383916 0
0.260445 0.383964 0
0.260274 0.383575 0
0.260614 0.383727 0
0.259949 0.383363 0
0.259456 0.3833 0
0.259516 0.383351 0
0.259977 0.383337 0
0.259974 0.383409 0
0.259139 0.383218 0
0.25861 0.383263 0
0.258027 0.383004 0
0.257064 0.382927 0
0.25611 0.382609 0
0.25612 0.382529 0
0.256138 0.382537 0
0.256733 0.382797 0
0.256441 0.382488 0
0.255711 0.382402 0
0.254993 0.382627 0
0.255029 0.382618 0
0.253959 0.382935 0
0.251181 0.382127 0
0.251314 0.382757 0
0.251813 0.382713 0
0.251345 0.382947 0
0.249946 0.382624 0
0.249452 0.3828 0
0.2493 0.383053 0
0.249218 0.383254 0
0.249234 0.38338 0
0.248997 0.383463 0
0.248779 0.383494 1
0.248681 0.383411 0
0.248728 0.383509 0
0.248652 0.383479 0
0.248664 0.383517 0
0.248658 0.38353 0
0.248517 0.383408 0
0.248604 0.383477 0
0.248483 0.383437 0
0.248666 0.383587 0
0.248731 0.383567 0
0.248655 0.383577 0
0.248657 0.383571 0
0.248715 0.383558 0
0.248771 0.383506 0
0.248776 0.383511 0
0.248762 0.383541 0
0.248753 0.383447 0
0.248519 0.383179 0
0.248117 0.382553 0
0.248304 0.382796 0
0.248415 0.382836 0
0.248584 0.382864 0
0.24893 0.383222 0
0.248787 0.383046 0
0.248695 0.382966 0
0.248971 0.383029 0
0.249088 0.382603 0
0.249628 0.38246 0
0.249644 0.382344 0
0.249855 0.38214 0
0.249927 0.38195 0
0.249643 0.381997 0
0.249265 0.381619 0
0.249247 0.382119 0
0.249179 0.381874 0
0.249259 0.381674 0
0.249418 0.381745 0
0.24972 0.381702 0
0.25011 0.381964 0
0.249856 0.382076 0
0.249639 0.381998 0
0.249591 0.381862 0
0.249716 0.38234 0
0.24961 0.382392 0
0.249627 0.382535 0
0.249602 0.382685 0
0.249394 0.38276 0
0.249201 0.382865 0
0.249105 0.382905 0
0.249248 0.38255 0
0.251032 0.381679 0
0.250486 0.381697 0
0.250154 0.381963 0
0.250831 0.381712 0
0.251213 0.381519 0
0.251207 0.381338 0
0.251196 0.381259 0
0.250949 0.381231 0
0.250977 0.381062 0
0.251356 0.380831 0
0.2519 0.380768 0
0.252288 0.380393 0
0.252854 0.380335 0
0.252806 0.380434 0
0.252276 0.380408 0
0.252442 0.380348 0
0.253248 0.380066 0
0.253878 0.38025 0
0.256 0.381137 0
0.265715 0.373981 0
0.300679 0.249234 0
0.260951 0.38087 0
0.25313 0.380241 0
0.253745 0.379917 0
0.254028 0.380199 0
0.253801 0.380239 0
0.25362 0.380399 0
0.253116 0.381157 0
0.252229 0.365432 0
0.243289 0.261468 0
0.244614 0.257127 0
0.245699 0.258325 0
0.261612 0.227663 0
0.271187 0.227966 0
0.242218 0.354487 0
0.251973 0.376465 0
0.252055 0.37806 0
0.256008 0.372019 0
0.28552 0.255102 0
0.280516 0.381686 0
0.252438 0.378657 0
0.251937 0.378719 0
0.25258 0.378975 0
0.251794 0.377966 0
0.251749 0.377995 0
0.252662 0.379703 0
0.26018 0.386284 0
0.265353 0.227566 0
0.265079 0.231969 0
0.265816 0.231222 0
0.265793 0.230989 0
0.265768 0.230865 0
0.265681 0.230913 0
0.265608 0.231009 0
0.265453 0.231152 0
0.265403 0.23128 0
0.265392 0.231306 0
0.26531 0.231343 0
0.265175 0.231355 0
0.26517 0.231349 0
0.265221 0.231463 0
0.265203 0.23154 0
0.264987 0.231498 0
0.264842 0.23139 0
0.264857 0.231212 0
0.264456 0.230898 0
0.264424 0.230893 0
0.264503 0.230979 0
0.264535 0.231076 0
0.264512 0.231032 0
0.264523 0.231051 0
0.264562 0.231139 0
0.264593 0.231159 0
0.264674 0.23129 0
0.26471 0.231307 0
0.26471 0.231313 0
0.26471 0.231313 0
0.26471 0.231313 0
0.26471 0.231313 0
0.26471 0.231313 0
0.26471 0.231313 0
0.26471 0.231313 0
0.26471 0.231313 0
0.264709 0.231308 0
0.264688 0.231326 0
0.26459 0.231163 0
0.264382 0.2309 0
0.264387 0.230823 0
0.264297 0.230714 0
0.264208 0.230656 0
0.264037 0.230444 0
0.264084 0.230472 0
0.264027 0.230457 0
0.264225 0.230688 0
0.264073 0.230522 0
0.264721 0.230961 0
0.264612 0.230721 0
0.264656 0.231056 0
0.264697 0.23094 0
0.26467 0.230897 0
0.264656 0.230985 0
0.264627 0.231042 0
0.264578 0.230947 0
0.264497 0.230939 0
0.264434 0.231063 0
0.264419 0.231115 0
0.264355 0.231102 0
0.264383 0.231104 0
0.264428 0.231102 0
0.264484 0.231168 0
0.264621 0.231328 0
0.264696 0.231335 0
0.264691 0.231272 0
0.26471 0.231313 1
