0.875659 0.215811 0
0.907449 0.216959 0
0.928484 0.223046 1
0.934443 0.218953 0
0.93547 0.216091 0
0.93802 0.213177 0
0.942001 0.207685 0
0.951593 0.201185 0
0.949069 0.198556 0
0.951188 0.196761 0
0.946406 0.195419 0
0.930923 0.184916 0
0.911364 0.169229 0
0.923571 0.175616 0
0.904272 0.166604 0
0.885146 0.156294 0
0.879127 0.15977 0
0.841254 0.139604 0
0.820845 0.117011 0
0.817328 0.115219 0
0.774168 0.093425 0
0.759376 0.079715 0
0.74701 0.0838108 0
0.728424 0.08273 0
0.6968 0.0741649 0
0.653487 0.076806 0
0.603854 0.0648765 0
0.584521 0.0833391 0
0.492816 0.0355776 0
0.379294 0.0129486 0
0.369667 0.0152655 0
0.36561 0.0245745 0
0.372337 0.0403078 0
0.435451 0.0628856 0
0.446168 0.0774389 0
0.466331 0.1045 0
0.469348 0.120678 0
0.466357 0.131396 0
0.452914 0.137021 0
0.4257 0.13502 0
0.405168 0.138457 0
0.406905 0.150557 0
0.395905 0.153519 0
0.398134 0.164719 0
0.398722 0.179864 0
0.363901 0.177555 0
0.362138 0.183654 0
0.357195 0.193377 0
0.353142 0.202664 0
0.348225 0.208412 0
0.339713 0.209949 0
0.322879 0.214087 0
0.323813 0.227768 0
0.302795 0.225993 0
0.288729 0.232772 0
0.277417 0.235321 0
0.26702 0.240748 0
0.245379 0.236891 0
0.230443 0.238754 0
0.204717 0.239775 0
0.181734 0.244176 0
0.165703 0.238598 0
0.147009 0.238964 0
0.137277 0.230469 0
0.119577 0.222409 0
0.103664 0.218465 0
0.0880697 0.216648 0
0.0808901 0.215567 0
0.0776741 0.214806 0
0.0796313 0.217316 0
0.0854853 0.224781 0
0.0910423 0.224894 0
0.09561 0.222291 0
0.0919502 0.214185 0
0.101738 0.220466 0
0.102984 0.217551 0
0.0965915 0.216188 0
0.112106 0.237739 0
0.138025 0.261895 0
0.177523 0.300177 0
0.183583 0.300651 0
0.202366 0.305211 0
0.206651 0.295322 0
0.263218 0.31853 0
0.294105 0.318532 0
0.344753 0.339655 0
0.398733 0.35638 0
0.462188 0.374343 0
0.52189 0.398105 0
0.57938 0.419166 0
0.661884 0.439471 0
0.664505 0.451869 0
0.671499 0.448676 0
0.688298 0.454774 0
0.687559 0.44637 0
0.685168 0.437218 0
0.689926 0.43191 1
0.698609 0.42539 0
0.704059 0.423648 0
0.714383 0.413791 0
0.72644 0.408576 0
0.732874 0.402249 0
0.750234 0.4031 0
0.753923 0.392814 0
0.76049 0.384404 0
0.758159 0.373094 0
0.764055 0.361779 0
0.766244 0.353653 0
0.769489 0.347468 0
0.775435 0.34126 0
0.778653 0.333468 0
0.786775 0.333486 0
0.793356 0.326489 0
0.800015 0.322801 0
0.802162 0.304219 0
0.810612 0.300164 0
0.820836 0.295116 0
0.821481 0.278575 0
0.830947 0.276034 0
0.841589 0.271821 0
0.84932 0.26081 0
0.853123 0.245951 0
0.865776 0.240173 0
0.874788 0.234554 0
0.875726 0.221117 0
0.871093 0.210428 0
0.882248 0.206587 0
0.887533 0.190598 0
0.912869 0.188619 0
0.923958 0.180458 0
0.931195 0.188274 0
0.933972 0.188608 0
0.935535 0.188772 0
0.936757 0.185567 0
0.922061 0.1698 0
0.922611 0.164508 0
0.933766 0.168909 0
0.930798 0.16338 0
0.925563 0.16802 0
0.917436 0.166 0
0.917111 0.173249 0
0.875572 0.150783 0
0.846001 0.14257 0
0.797895 0.122184 0
0.775765 0.110185 0
0.760406 0.106774 0
0.731474 0.0993866 0
0.66213 0.0718479 0
0.645983 0.0744196 0
0.621351 0.074845 0
0.582872 0.0600485 0
0.489238 0.0298083 0
0.36384 0.018331 0
0.362133 0.0118428 0
0.351176 0.0147958 0
0.361126 0.0327783 0
0.361738 0.0450483 0
0.406686 0.0596077 0
0.425525 0.0731727 0
0.428459 0.0839219 0
0.34917 0.0678786 0
0.431503 0.112723 0
0.351833 0.0983945 0
0.321527 0.0866571 0
0.305623 0.119143 0
0.286757 0.102923 0
0.29587 0.123123 0
0.331615 0.160143 0
0.31717 0.160051 0
0.324355 0.172276 0
0.316551 0.183124 0
0.30519 0.189333 0
0.30778 0.199121 0
0.311768 0.211641 0
0.31142 0.220364 0
0.3033 0.234337 0
0.297017 0.241839 0
0.277269 0.234786 0
0.293307 0.25224 0
0.300443 0.263828 0
0.298879 0.280692 0
0.234589 0.256273 0
0.21609 0.262767 0
0.189238 0.263354 0
0.176126 0.264949 1
0.159317 0.2602 0
0.143334 0.256488 0
0.13667 0.258662 0
0.125483 0.258554 0
0.10568 0.253851 0
0.0794824 0.241341 0
0.0692582 0.239833 0
0.0581341 0.234866 0
0.0488158 0.233568 0
0.0368306 0.225482 0
0.0345508 0.224707 0
0.0326898 0.223556 1
0.0263697 0.219617 0
0.0200634 0.216284 0
0.0170557 0.217864 0
0.00858451 0.212913 0
0 0.205679 0
0.00161705 0.208071 0
0.00863592 0.213955 0
0.00204708 0.21479 0
0.0371274 0.238641 0
0.0737307 0.243493 0
0.164958 0.324614 0
0.189376 0.336339 0
0.231805 0.353731 0
0.283775 0.369973 0
0.31253 0.373368 0
0.352425 0.385487 0
0.393638 0.394989 0
0.419463 0.400702 0
0.471744 0.39865 0
0.545592 0.42556 0
0.595026 0.441655 0
0.616352 0.447592 1
0.622812 0.44569 0
0.634445 0.449821 0
0.643811 0.45196 0
0.641949 0.445231 0
0.640484 0.432224 0
0.649445 0.429238 0
0.644274 0.410986 0
0.665882 0.4088 0
0.673083 0.394941 0
0.725784 0.421112 0
0.739562 0.409149 0
0.742132 0.403027 0
0.746354 0.396988 0
0.752994 0.392122 0
0.755122 0.376605 0
0.749399 0.352722 0
0.752778 0.34935 0
0.751778 0.337315 0
0.756418 0.329458 0
0.758827 0.31998 0
0.763191 0.313901 0
0.76945 0.304206 0
0.775584 0.296554 0
0.785661 0.286414 0
0.790993 0.281588 0
0.802258 0.268062 0
0.807769 0.263898 0
0.811182 0.245155 0
0.817144 0.236982 0
0.824197 0.221418 0
0.827591 0.204179 0
0.835391 0.192203 0
0.849473 0.200405 0
0.861571 0.187058 0
0.895157 0.18917 0
0.918114 0.181708 0
0.94607 0.179187 0
0.949924 0.18367 0
0.967222 0.169283 0
0.971353 0.169391 0
0.973346 0.164845 0
0.973677 0.160918 0
0.973736 0.159194 0
0.974183 0.158108 0
0.974852 0.157111 0
0.974963 0.155856 1
0.971764 0.150252 0
0.986016 0.152272 0
1 0.157489 0
0.953064 0.123661 0
0.917153 0.128004 0
0.891757 0.119442 0
0.845558 0.104851 0
0.806306 0.0905064 0
0.764039 0.0751782 0
0.749939 0.0762377 0
0.716099 0.0690282 0
0.683533 0.0697869 0
0.633498 0.045143 0
0.554506 0.0290511 0
0.488205 0.00644705 0
0.374502 0 0
0.380251 0.010696 0
0.374165 0.017531 1
0.37112 0.0218786 0
0.380004 0.0273227 0
0.385666 0.0344515 0
0.391492 0.0423151 0
0.402785 0.0481731 0
0.399782 0.057094 0
0.386385 0.0584501 0
0.38945 0.0658009 0
0.396396 0.0764708 0
0.385889 0.0797421 1
0.390509 0.097293 0
0.40664 0.118643 0
0.31379 0.0900501 0
0.309545 0.0944494 1
0.323095 0.121771 0
0.342374 0.143235 0
0.366712 0.175711 0
0.336075 0.173277 0
0.351254 0.197395 0
0.317429 0.191733 0
0.306014 0.199238 0
0.291243 0.215694 0
0.309371 0.214205 0
