0.687083 0.868393 1
0.679479 0.875439 0
0.669497 0.875524 0
0.659009 0.870225 0
0.253577 0.447445 0
0.666056 0.860582 0
0.671801 0.85336 0
0.682847 0.851351 0
0.693156 0.843502 0
0.700887 0.833756 0
0.699842 0.818276 0
0.6958 0.806924 0
0.685794 0.813044 0
0.681623 0.828138 0
0.67604 0.820547 1
0.679039 0.796994 0
0.667657 0.794535 0
0.665412 0.805167 0
0.662662 0.814515 0
0.659044 0.823663 0
0.662037 0.833128 0
0.650838 0.837456 0
0.64902 0.845944 0
0.641764 0.855365 0
0.63419 0.851325 0
0.634647 0.837619 0
0.626609 0.838166 0
0.644748 0.81896 0
0.627223 0.823891 0
0.631767 0.811707 1
0.63855 0.805077 0
0.642657 0.797931 0
0.643662 0.786617 0
0.632132 0.787125 0
0.619182 0.781886 0
0.618642 0.796384 0
0.606047 0.792015 0
0.612109 0.809406 0
0.607384 0.816847 0
0.595212 0.808068 0
0.592748 0.81931 0
0.58325 0.822668 0
0.593594 0.834258 0
0.584175 0.836436 0
0.601884 0.842775 1
0.595403 0.85215 0
0.586091 0.859713 0
0.576251 0.864189 0
0.56993 0.859535 0
0.577222 0.876284 0
0.586339 0.882348 0
0.594079 0.879074 0
0.604706 0.879022 0
0.60977 0.886128 0
0.598654 0.89936 0
0.609532 0.90257 0
0.622475 0.9032 0
0.62688 0.914643 0
0.622656 0.921261 0
0.609901 0.919124 1
0.610353 0.929288 0
0.610346 0.940593 0
0.599797 0.942701 0
0.590459 0.933601 0
0.577631 0.940352 0
0.576688 0.928912 0
0.567941 0.925953 0
0.558562 0.925537 0
0.556466 0.937917 0
0.556345 0.949225 0
0.544657 0.944823 0
0.539629 0.935162 0
0.534818 0.927496 0
0.52346 0.932645 0
0.517325 0.925775 1
0.516073 0.908655 0
0.509847 0.905612 0
0.499887 0.905295 0
0.491787 0.910313 0
0.483706 0.910037 0
0.473577 0.903711 0
0.464004 0.897987 0
0.464881 0.887691 0
0.470667 0.877632 0
0.466664 0.871073 0
0.459375 0.870353 0
0.450452 0.876659 0
0.441325 0.883742 0
0.433829 0.882776 0
0.428447 0.876751 1
0.431694 0.867774 0
0.435045 0.856762 0
0.428725 0.853148 0
0.416936 0.855662 0
0.410591 0.849372 0
0.413918 0.83923 0
0.406623 0.832933 0
0.407238 0.824565 0
0.416686 0.820778 0
0.425425 0.818645 0
0.431752 0.81324 0
0.434591 0.804721 0
0.429402 0.797621 0
0.420032 0.794202 0
0.412116 0.788828 1
0.411505 0.781872 0
0.414109 0.770782 0
0.422855 0.7693 0
0.423707 0.758934 0
0.431545 0.755317 0
0.434526 0.746444 0
0.443145 0.742849 0
0.447518 0.738883 0
0.447899 0.728081 0
0.443427 0.720239 0
0.445261 0.714792 0
0.453667 0.708294 0
0.456664 0.700852 0
0.45393 0.6924 0
0.450467 0.684658 1
0.451919 0.677398 0
0.457864 0.670951 0
0.461694 0.663541 0
0.460325 0.654705 0
0.453997 0.6489 0
0.452949 0.642019 0
0.455504 0.633874 0
0.459156 0.626576 0
0.461476 0.618289 0
0.463722 0.610337 0
0.465954 0.601832 0
0.466081 0.593505 0
0.45676 0.589608 0
0.452441 0.584363 0
0.449927 0.577001 1
0.450559 0.568005 0
0.454559 0.561451 0
0.461954 0.557209 0
0.466999 0.551521 0
0.471343 0.543368 0
0.471408 0.535714 0
0.467585 0.529918 0
0.458583 0.528279 0
0.451811 0.524963 0
0.447245 0.518572 0
0.445668 0.509765 0
0.4524 0.502227 0
0.450994 0.495171 0
0.446716 0.487996 0
0.443389 0.480957 1
0.441586 0.471492 0
0.439801 0.464292 0
0.437861 0.457003 0
0.435599 0.448629 0
0.43308 0.439264 0
0.431091 0.4318 0
0.429206 0.424618 0
0.42697 0.415981 0
0.425076 0.408455 0
0.423092 0.400226 0
0.420411 0.388684 0
0.418583 0.380484 0
0.416736 0.371621 0
0.414967 0.362128 1
0.41337 0.352199 0
0.411994 0.341892 0
0.410906 0.331435 0
0.410184 0.320788 0
0.409903 0.309813 0
0.410193 0.297451 0
0.411037 0.284624 0
0.412224 0.27156 0
0.413587 0.258311 0
0.414375 0.250992 0
0.415216 0.242749 0
0.416014 0.234216 0
0.41657 0.227581 0
0.417318 0.217668 0
0.417878 0.210099 1
0.418275 0.201274 0
0.417703 0.192971 0
0.415242 0.18386 0
0.416361 0.175518 0
0.420134 0.169415 0
0.4273 0.164664 0
0.436088 0.160766 0
0.439108 0.15501 0
0.439808 0.145279 0
0.43625 0.13792 0
0.427818 0.136599 0
0.422194 0.134341 0
0.422924 0.117918 0
0.410945 0.125989 0
0.405061 0.122174 1
0.401797 0.11457 0
0.406725 0.10856 0
0.399326 0.0986566 0
0.394792 0.0904103 0
0.399281 0.0850557 0
0.406787 0.0836842 0
0.41844 0.0892273 0
0.424873 0.0901434 0
0.434351 0.0908416 0
0.440546 0.084905 0
0.437391 0.0783932 0
0.442255 0.0729042 0
0.428356 0.0636991 0
0.424567 0.0566503 0
0.422008 0.0472678 1
0.422508 0.0384268 0
0.424966 0.0299529 0
0.428782 0.0234855 0
0.433653 0.0188067 0
0.447719 0.0207994 0
0.445505 0.00705468 0
0.451113 0.00287942 0
0.456986 0.000491434 0
0.464322 0 0
0.473117 0.00185233 0
0.482721 0.00476802 0
0.489527 0.00633236 0
0.496933 0.00721112 0
0.507041 0.00688724 0
0.516738 0.00656253 1
0.525094 0.00568879 0
0.532757 0.00441779 0
0.541193 0.00506411 0
0.546704 0.00995515 0
0.54879 0.0180182 0
0.558689 0.0223137 0
0.562453 0.0278677 0
0.561496 0.0368209 0
0.556991 0.0432518 0
0.55537 0.0506747 0
0.564684 0.0583932 0
0.549553 0.0610147 0
0.54441 0.0662927 0
0.544365 0.0729861 0
0.548996 0.0807042 1
0.553248 0.0867199 0
0.566643 0.0908011 0
0.560545 0.0994105 0
0.554767 0.106093 0
0.558862 0.113027 0
0.561547 0.120008 0
0.561283 0.128322 0
0.560883 0.136178 0
0.56109 0.14353 0
0.561267 0.152319 0
0.561175 0.162209 0
0.561312 0.170115 0
0.561968 0.17696 0
0.561141 0.185627 0
0.560148 0.192594 1
0.559486 0.205961 0
0.563026 0.204674 0
0.560205 0.220411 0
0.557463 0.23 0
0.557197 0.236749 0
0.556533 0.245162 0
0.55711 0.254416 0
0.557834 0.265069 0
0.54981 0.270095 0
0.550672 0.275809 0
0.550419 0.283461 0
0.550617 0.293176 0
0.548232 0.300906 0
0.545116 0.308796 0
0.541769 0.315973 1
0.537234 0.324307 0
0.532615 0.330623 0
0.526289 0.337603 0
0.518586 0.344426 0
0.512128 0.349112 0
0.504753 0.353237 0
0.201288 0.363532 0
0.195424 0.364699 0
0.187988 0.366362 0
0.179788 0.368535 0
0.175294 0.370163 0
0.163956 0.376008 0
0.1568 0.379426 0
0.147874 0.38372 0
0.140665 0.387152 1
0.133087 0.390785 0
0.124906 0.394684 0
0.117181 0.398153 0
0.109977 0.401031 0
0.101838 0.403483 0
0.0932323 0.405388 0
0.0847871 0.406479 0
0.0761284 0.406624 0
0.067469 0.405833 0
0.059362 0.404082 0
0.0513605 0.401456 0
0.0471611 0.399641 0
0.0237631 0.377013 0
0.0206066 0.373349 0
0.0161583 0.367599 1
0.0120011 0.36111 0
0.00807152 0.353958 0
0.00483695 0.346518 0
0.00209647 0.338437 0
0.000611173 0.331929 0
0.000188726 0.32477 0
0.000347071 0.314978 0
0.000461195 0.308807 0
0.000645914 0.302812 0
0.00303735 0.274874 0
0.00352067 0.268862 0
0.00434531 0.260576 0
0.00517988 0.252994 0
0.00440043 0.245601 0
0.00104485 0.238524 1
0 0.230959 0
0.00304432 0.223991 0
0.0105076 0.219132 0
0.014868 0.212867 0
0.0158856 0.205277 0
0.0133611 0.198094 0
0.00780931 0.192117 0
0.00661478 0.183412 0
0.00971668 0.175916 0
0.0144254 0.170441 0
0.0226052 0.166976 0
0.0265711 0.159972 0
0.026621 0.151615 0
0.0221382 0.14411 1
0.0195495 0.136248 0
0.0225701 0.129008 0
0.028941 0.124533 0
0.0386773 0.122338 0
0.0439555 0.115541 0
0.0438076 0.10688 0
0.0388629 0.0996394 0
0.0366317 0.0919206 0
0.040088 0.0845252 0
0.0485674 0.0819637 0
0.051281 0.074858 0
0.0576863 0.0732093 0
0.0652373 0.0745824 0
0.0710018 0.0817829 0
0.078175 0.0841119 1
0.0864977 0.0805682 0
0.0955572 0.0768803 0
0.103904 0.0746014 0
0.112068 0.0724024 0
0.120936 0.0694901 0
0.128633 0.0694834 0
0.135952 0.0721525 0
0.142711 0.072326 0
0.149766 0.0690872 0
0.156474 0.0645768 0
0.163125 0.0623212 0
0.171937 0.0619114 0
0.180124 0.0630288 0
0.187379 0.0646497 0
0.194385 0.0670295 1
0.200988 0.0695854 0
0.208698 0.0729803 0
0.216483 0.0767016 0
0.223762 0.0804306 0
0.232165 0.0851943 0
0.239821 0.089942 0
0.245807 0.0938245 0
0.251324 0.0979055 0
0.259884 0.104462 0
0.264688 0.108434 0
0.272775 0.115406 0
0.278806 0.12058 0
0.284084 0.125218 0
0.769114 0.22155 0
0.298206 0.142911 1
0.302288 0.150276 0
0.306258 0.157825 0
0.309267 0.163642 0
0.755194 0.248154 0
0.31206 0.185028 0
0.310401 0.198881 0
0.309503 0.204897 0
0.307144 0.216645 0
0.304588 0.227202 0
0.303061 0.235478 0
0.30067 0.24587 0
0.299625 0.253075 0
0.299965 0.262052 0
0.301542 0.26845 0
0.304497 0.276091 1
0.307848 0.281583 0
0.311431 0.291355 0
0.313819 0.299545 0
0.316859 0.310041 0
0.317935 0.31454 0
0.31895 0.325054 0
0.320165 0.3343 0
0.319614 0.340898 0
0.319199 0.349359 0
0.319033 0.356484 0
0.318299 0.365131 0
0.317465 0.374397 0
0.31685 0.381264 0
0.316008 0.391257 0
0.315398 0.401075 1
0.315673 0.407123 0
0.316974 0.413821 0
0.329895 0.426528 0
0.328752 0.433308 0
0.324206 0.440743 0
0.318291 0.447541 0
0.311209 0.453512 0
0.307795 0.457582 0
0.310833 0.464477 0
0.300398 0.468654 0
0.310621 0.478691 0
0.308264 0.483879 0
0.297565 0.486899 0
0.297663 0.499021 0
0.292044 0.504345 1
0.288867 0.50804 0
0.278143 0.509666 0
0.272371 0.512171 0
0.272963 0.526414 0
0.775663 0.301076 0
0.251386 0.511983 0
0.24865 0.51797 0
0.242356 0.521265 0
0.236778 0.52321 0
0.244728 0.540108 0
0.233578 0.538767 0
0.223874 0.534004 0
0.213143 0.528092 0
0.206548 0.527189 0
0.20447 0.523696 1
0.204214 0.514139 0
0.201104 0.505804 0
0.195766 0.497779 0
0.190501 0.49302 0
0.183639 0.496775 0
0.176222 0.491081 0
0.170128 0.48497 0
0.16378 0.484571 0
0.157087 0.48669 0
0.153344 0.491021 0
0.14869 0.499 0
0.139455 0.507278 0
0.138501 0.510139 0
0.138459 0.521879 0
0.137194 0.52724 1
0.106145 0.531311 0
0.10311 0.535247 0
0.100194 0.542275 0
0.0983668 0.550043 0
0.0973696 0.557377 0
0.0960845 0.569254 0
0.0938125 0.57493 0
0.0887095 0.581964 0
0.0882379 0.589202 0
0.0901826 0.594405 0
0.0949698 0.601217 0
0.101002 0.604258 0
0.109326 0.609182 0
0.121801 0.621236 0
0.126123 0.626466 1
0.13122 0.633319 0
0.132748 0.645351 0
0.137645 0.649345 0
0.14159 0.648419 0
0.153475 0.641291 0
0.160227 0.640445 0
0.168918 0.640043 0
0.191865 0.639292 0
0.201782 0.639202 0
0.210613 0.63926 0
0.215512 0.639293 0
0.227919 0.639376 0
0.234967 0.639303 0
0.246822 0.639449 0
0.252223 0.639325 1
0.2598 0.639086 0
0.2667 0.638771 0
0.277122 0.638734 0
0.287613 0.636744 0
0.297003 0.635422 0
0.682931 0.526404 0
0.691483 0.524605 0
0.700356 0.522977 0
0.707676 0.521879 0
0.71736 0.520549 0
0.726624 0.519334 0
0.734489 0.518244 0
0.741743 0.51727 0
0.751163 0.516065 1
0.75896 0.514957 0
0.768778 0.513642 0
0.77663 0.512739 0
0.785875 0.51167 0
0.795394 0.510522 0
0.80474 0.509376 0
0.814705 0.508208 0
0.821996 0.507329 0
0.827924 0.506222 0
0.840519 0.502455 0
0.845274 0.501748 0
0.856483 0.503346 0
0.868768 0.50175 0
0.882493 0.495919 0
0.887043 0.500134 1
0.892056 0.507547 0
0.90288 0.498025 0
0.906188 0.508579 0
0.914087 0.51144 0
0.922033 0.504202 0
0.928517 0.495513 0
0.939889 0.501638 0
0.947563 0.492558 0
0.9445 0.515984 0
0.955684 0.507248 0
0.961222 0.499857 0
0.977503 0.50785 0
0.974796 0.500192 0
0.965475 0.485547 0
0.973058 0.485431 1
0.980132 0.486974 0
0.989489 0.48836 0
0.983483 0.473155 0
0.99328 0.477362 0
1 0.472397 0
0.988759 0.458129 0
0.984498 0.453651 0
0.974602 0.459762 0
0.966221 0.461921 0
0.968877 0.447794 0
0.969073 0.434456 0
0.956791 0.444776 0
0.949249 0.449594 0
0.941533 0.460715 0
0.933354 0.460367 1
0.926207 0.455452 0
0.918105 0.450492 0
0.909177 0.451051 0
0.914398 0.437078 0
0.892932 0.445407 0
0.887537 0.438098 0
0.876518 0.438428 0
0.876688 0.428239 0
0.857968 0.426407 0
0.852092 0.423372 0
0.843293 0.419552 0
0.835679 0.415928 0
0.828572 0.411854 0
0.821418 0.410328 0
0.819578 0.401928 1
0.803795 0.400867 0
0.802419 0.395037 0
0.785121 0.394653 0
0.792303 0.385382 0
0.772402 0.388109 0
0.776797 0.379189 0
0.779452 0.373687 0
0.760335 0.368881 0
0.752696 0.362423 0
0.744269 0.354631 0
0.739922 0.350483 0
0.733743 0.343696 0
0.726644 0.334862 0
0.721711 0.327712 0
0.710291 0.314638 1
0.707436 0.310119 0
0.707489 0.303366 0
0.710119 0.295937 0
0.693755 0.296002 0
0.700796 0.284563 0
0.707928 0.278371 0
0.695667 0.274777 0
0.701629 0.265576 0
0.691741 0.262564 0
0.699018 0.251841 0
0.704343 0.243084 0
0.697377 0.238727 0
0.69983 0.227412 0
0.703124 0.220019 0
0.707226 0.21354 1
0.708881 0.206141 0
0.712572 0.196252 0
0.71828 0.189715 0
0.721048 0.180845 0
0.728735 0.171849 0
0.732313 0.168818 0
0.731668 0.160854 0
0.744096 0.158366 0
0.734193 0.147612 0
0.735009 0.141567 0
0.746404 0.127986 0
0.757285 0.136472 0
0.75768 0.125842 0
0.760072 0.119841 0
0.775733 0.129327 1
0.78383 0.132274 0
0.784261 0.122759 0
0.780422 0.107192 0
0.796332 0.110081 0
0.801326 0.10796 0
0.811239 0.108045 0
0.806521 0.0887273 0
0.818177 0.0987137 0
0.826845 0.101695 0
0.841426 0.092796 0
0.831865 0.0849107 0
0.843085 0.0815666 0
0.814526 0.0598742 0
0.814261 0.0489306 0
0.818933 0.0592126 1
0.834735 0.0652311 0
0.844769 0.0672654 0
0.823388 0.0377203 0
0.830695 0.0428673 0
0.842761 0.0493639 0
0.831232 0.0258362 0
0.859394 0.0534414 0
0.845218 0.0326101 0
0.839783 0.017126 0
0.853959 0.0231037 0
0.855934 0.0138549 0
0.861488 0.00927236 0
0.864646 0.0196043 0
0.865847 0.0328462 0
0.88379 0.00956778 1
0.886727 0.0194564 0
0.896235 0.0171655 0
0.893848 0.0273577 0
0.887274 0.0526618 0
0.886521 0.0417289 0
0.898675 0.0431738 0
0.897346 0.0581922 0
0.929957 0.0330187 0
0.91922 0.0269503 0
0.91064 0.0315889 0
0.922374 0.0496878 0
0.914545 0.0568982 0
0.913401 0.0403929 0
0.909386 0.0529898 0
0.907071 0.0688291 1
