0.413907 0.831766 1
0.413452 0.833974 0
0.411245 0.835132 0
0.404744 0.834522 0
0.403294 0.832367 0
0.406328 0.83811 0
0.400883 0.835827 0
0.397322 0.839728 0
0.402004 0.844507 0
0.400689 0.84648 0
0.393486 0.844326 0
0.388184 0.84077 0
0.387308 0.843816 0
0.384775 0.844133 0
0.380897 0.844522 1
0.378907 0.846515 0
0.373599 0.85152 0
0.372131 0.849706 0
0.368774 0.849904 0
0.366513 0.8496 0
0.360542 0.855119 0
0.357362 0.85489 0
0.354871 0.853034 0
0.350268 0.852604 0
0.34927 0.852112 0
0.347288 0.851345 0
0.342154 0.850701 0
0.338847 0.847749 0
0.33788 0.847121 0
0.336969 0.846075 1
0.337682 0.845204 0
0.33797 0.843774 0
0.339 0.843022 0
0.339362 0.841006 0
0.341752 0.837172 0
0.343502 0.834202 0
0.344935 0.831674 0
0.348311 0.828611 0
0.349505 0.824381 0
0.352522 0.821159 0
0.356489 0.815591 0
0.361016 0.810313 0
0.361657 0.805717 0
0.364762 0.801488 1
0.365111 0.798266 0
0.367554 0.796183 0
0.373964 0.796831 0
0.371012 0.791425 0
0.371009 0.786793 0
0.378373 0.785729 0
0.378529 0.7803 0
0.376585 0.774054 0
0.384433 0.772506 0
0.388643 0.768454 0
0.39065 0.762577 0
0.389174 0.754951 0
0.392292 0.746267 0
0.399964 0.739847 0
0.401551 0.729113 1
0.401639 0.71924 0
0.402141 0.712723 0
0.403109 0.703625 0
0.40184 0.698967 0
0.400782 0.695541 0
0.400911 0.690285 0
0.399362 0.686523 0
0.398773 0.683153 0
0.398807 0.676689 0
0.397831 0.674053 0
0.399357 0.666173 0
0.397723 0.660434 0
0.394653 0.655049 0
0.396535 0.646527 1
0.394824 0.641235 0
0.393312 0.636854 0
0.391227 0.631194 0
0.387225 0.625707 0
0.38558 0.621344 0
0.385395 0.61659 0
0.383423 0.613733 0
0.382346 0.610703 0
0.379789 0.607207 0
0.377327 0.602279 0
0.375346 0.597562 0
0.373527 0.59636 0
0.371427 0.59471 0
0.369385 0.592461 0
0.367353 0.590437 1
0.363434 0.587484 0
0.360448 0.584674 0
0.357243 0.581603 0
0.352934 0.577701 0
0.347797 0.576882 0
0.346069 0.572293 0
0.341218 0.570441 0
0.338354 0.56824 0
0.336038 0.563363 0
0.33059 0.56482 0
0.328482 0.55818 0
0.323466 0.554565 0
0.318679 0.55121 0
0.311295 0.547602 0
0.306956 0.542757 1
0.302616 0.540367 0
0.297329 0.53681 0
0.294222 0.530443 0
0.290026 0.525444 0
0.284954 0.523682 0
0.280085 0.521539 0
0.273823 0.519578 0
0.268847 0.517804 0
0.264886 0.515422 0
0.261602 0.51391 0
0.257862 0.511905 0
0.253714 0.512291 0
0.249511 0.510362 0
0.245256 0.508317 1
0.24116 0.506409 0
0.234459 0.504364 0
0.230116 0.501526 0
0.225993 0.499313 0
0.221854 0.496955 0
0.217943 0.492586 0
0.214213 0.490821 0
0.209647 0.48579 0
0.205275 0.483607 0
0.199403 0.48451 0
0.19595 0.481581 0
0.192693 0.479351 0
0.187117 0.479901 0
0.183824 0.476949 0
0.179967 0.477064 1
0.176718 0.4744 0
0.174532 0.472137 0
0.170942 0.469848 0
0.16659 0.467211 0
0.162695 0.46544 0
0.158867 0.463175 0
0.154749 0.459841 0
0.15018 0.457184 0
0.148357 0.451384 0
0.143594 0.447426 0
0.139711 0.446383 0
0.134142 0.445735 0
0.130227 0.442302 0
0.124159 0.444242 1
0.120064 0.441332 0
0.115102 0.440915 0
0.11317 0.43757 0
0.109933 0.434859 0
0.105629 0.433046 0
0.103209 0.431259 0
0.0981778 0.429573 0
0.094931 0.429073 0
0.092595 0.427565 0
0.0858533 0.429013 0
0.083552 0.424608 0
0.0782999 0.426686 0
0.0747001 0.424589 0
0.0711337 0.424343 0
0.0685723 0.422432 1
0.0652194 0.421057 0
0.0623555 0.416923 0
0.0592593 0.415627 0
0.0562268 0.413018 0
0.0540475 0.409769 0
0.0490718 0.407441 0
0.0455785 0.4042 0
0.0414947 0.402377 0
0.0371367 0.399766 0
0.0322822 0.395556 0
0.0265573 0.394258 0
0.0226868 0.393774 0
0.0207465 0.394791 0
0.0198515 0.393956 1
0.0166985 0.393971 0
0.0142186 0.395629 0
0.0149236 0.400251 0
0.011956 0.404826 0
0.01153 0.407967 0
0.0080681 0.408751 0
0.00885214 0.412126 0
0.00564659 0.413939 0
0.00496105 0.417794 0
0.00192979 0.420305 0
0 0.424774 0
0.00121417 0.426134 0
0.000881007 0.426783 0
0.00190985 0.42925 0
0.00206281 0.433793 1
0.00164517 0.435416 0
0.00328851 0.438057 0
0.00361662 0.440734 0
0.00711889 0.441169 0
0.00925332 0.444253 0
0.00895014 0.448079 0
0.013387 0.449791 0
0.0170366 0.454376 0
0.0242991 0.454008 0
0.0272382 0.45773 0
0.0313975 0.461309 0
0.0374744 0.465334 0
0.0429926 0.46617 0
0.0487764 0.46961 0
0.0517744 0.47374 1
0.0549678 0.476959 0
0.0586667 0.480302 0
0.0634704 0.485068 0
0.0663345 0.489942 0
0.069103 0.495239 0
0.0705517 0.500447 0
0.0769202 0.502719 0
0.0823063 0.507657 0
0.0844503 0.511454 0
0.0851536 0.515786 0
0.0894229 0.518792 0
0.0917399 0.521066 0
0.0934895 0.526663 0
0.0953297 0.529522 1
0.0974759 0.535851 0
0.0997776 0.540731 0
0.102268 0.54663 0
0.104815 0.552486 0
0.108271 0.559635 0
0.111029 0.562738 0
0.115148 0.569851 0
0.12154 0.570247 0
0.124602 0.580299 0
0.131838 0.580547 0
0.132986 0.5863 0
0.136983 0.591678 0
0.144497 0.592086 0
0.150189 0.590806 0
0.153997 0.594537 1
0.157854 0.599805 0
0.161115 0.602496 0
0.166219 0.608942 0
0.170542 0.610115 0
0.17519 0.613353 0
0.18031 0.612187 0
0.186467 0.615437 0
0.192571 0.615293 0
0.198528 0.613267 0
0.206714 0.614248 0
0.198677 0.670093 0
0.210423 0.66459 0
0.216284 0.661527 0
0.218652 0.661631 1
0.219569 0.661753 0
0.222163 0.660957 0
0.223206 0.661966 0
0.224732 0.661955 0
0.230898 0.663689 0
0.701227 0.635267 0
0.73514 0.638689 0
0.733576 0.635989 0
0.734192 0.636011 0
0.733883 0.638719 0
0.71745 0.638596 0
0.168026 0.670335 0
0.727043 0.639366 0
0.732619 0.635559 0
0.733885 0.636028 1
0.736534 0.634228 0
0.738446 0.632779 0
0.741272 0.632213 0
0.748898 0.630632 0
0.750486 0.62983 0
0.754693 0.629691 0
0.759541 0.624573 0
0.764805 0.624596 0
0.768284 0.62271 0
0.772604 0.622881 0
0.776676 0.620992 0
0.780897 0.619178 0
0.785013 0.615089 0
0.789156 0.613209 1
0.792981 0.611411 0
0.797583 0.609214 0
0.803224 0.608908 0
0.807465 0.604137 0
0.811794 0.601816 0
0.815902 0.599768 0
0.820732 0.597091 0
0.825544 0.594418 0
0.833095 0.597633 0
0.835463 0.593426 0
0.841173 0.595043 0
0.842623 0.589245 0
0.846309 0.588568 0
0.849077 0.588217 0
0.851785 0.584813 1
0.85342 0.580615 0
0.859516 0.580154 0
0.857663 0.574188 0
0.861847 0.574469 0
0.862582 0.571367 0
0.866154 0.569003 0
0.870567 0.567942 0
0.870393 0.564467 0
0.874539 0.562161 0
0.878204 0.560061 0
0.882922 0.558769 0
0.884339 0.555521 0
0.887922 0.553796 0
0.886148 0.549558 0
0.886048 0.547004 1
0.884932 0.545902 0
0.886661 0.543669 0
0.885423 0.540983 0
0.889194 0.539955 0
0.892323 0.538827 0
0.893378 0.537239 0
0.894528 0.535317 0
0.900688 0.537112 0
0.906229 0.536872 0
0.91204 0.534447 0
0.916497 0.531769 0
0.917645 0.529551 0
0.91505 0.526156 0
0.915846 0.52381 1
0.91743 0.521547 0
0.918316 0.519707 0
0.917811 0.517606 0
0.917896 0.515636 0
0.917843 0.51375 0
0.916768 0.510881 0
0.91659 0.508516 0
0.914908 0.50669 0
0.914243 0.504865 0
0.912437 0.502428 0
0.911084 0.500974 0
0.910788 0.500009 0
0.912972 0.496645 0
0.911449 0.49495 0
0.911308 0.494504 1
0.910975 0.493017 0
0.911912 0.490585 0
0.910699 0.488116 0
0.910859 0.486567 0
0.909957 0.483977 0
0.909749 0.480761 0
0.91022 0.47597 0
0.909746 0.472209 0
0.907824 0.467479 0
0.905911 0.463195 0
0.908053 0.458281 0
0.906967 0.452284 0
0.906133 0.447376 0
0.903764 0.443354 1
0.903821 0.438778 0
0.906602 0.435543 0
0.903858 0.42777 0
0.905981 0.424735 0
0.906113 0.419926 0
0.905139 0.41436 0
0.906911 0.410625 0
0.907707 0.405481 0
0.904766 0.397839 0
0.905143 0.391604 0
0.905435 0.387533 0
0.903268 0.381813 0
0.905538 0.378932 0
0.906715 0.373315 0
0.907408 0.367427 1
0.910294 0.365191 0
0.912181 0.361204 0
0.914231 0.355723 0
0.921484 0.35197 0
0.92186 0.345591 0
0.924275 0.340042 0
0.924246 0.334919 0
0.927317 0.328444 0
0.925628 0.322021 0
0.927778 0.314705 0
0.927998 0.307508 0
0.924871 0.299989 0
0.927392 0.293444 0
0.926335 0.28805 1
0.927717 0.287151 0
0.934968 0.283186 0
0.939952 0.279046 0
0.942277 0.273595 0
0.946745 0.268723 0
0.949721 0.261458 0
1 0.260469 0
0.998194 0.256829 0
0.989214 0.256005 0
0.988577 0.2518 0
0.987532 0.248505 0
0.98364 0.24695 0
0.979833 0.243469 0
0.985401 0.241001 0
0.983273 0.239065 1
0.983477 0.233709 0
0.982539 0.22928 0
0.983663 0.226095 0
0.982407 0.224166 0
0.98236 0.221612 0
0.983028 0.220537 0
0.983248 0.217528 0
0.976148 0.212988 0
0.974809 0.205393 0
0.970956 0.204416 0
0.969007 0.206033 0
0.96384 0.206217 0
0.960329 0.209091 0
0.956147 0.208804 0
0.952418 0.208532 1
0.952448 0.209714 0
0.954062 0.212078 0
0.952006 0.213408 0
0.935026 0.216023 0
0.929384 0.220476 0
0.927389 0.222584 0
0.926488 0.228428 0
0.921179 0.233899 0
0.919949 0.234407 0
0.920074 0.231084 0
0.920797 0.231172 0
0.920099 0.233711 0
0.91677 0.235362 0
0.915618 0.237332 1
0.915718 0.238646 0
0.913648 0.23732 0
0.911937 0.237222 0
0.906774 0.238108 0
0.904918 0.238233 0
0.902024 0.239197 0
0.89853 0.239777 0
0.89916 0.242664 0
0.893368 0.245876 0
0.892878 0.249074 0
0.889946 0.254718 0
0.884709 0.25782 0
0.884575 0.263782 0
0.880016 0.265307 0
0.878081 0.267389 1
0.87401 0.271508 0
0.86851 0.276328 0
0.865953 0.28094 0
0.861392 0.283014 0
0.857586 0.281909 0
0.852362 0.283441 0
0.847988 0.288108 0
0.842679 0.290153 0
0.83881 0.289473 0
0.835141 0.291247 0
0.830119 0.294864 0
0.826134 0.294918 0
0.822253 0.296611 0
0.819239 0.299685 1
0.814308 0.30143 0
0.803239 0.300395 0
0.794566 0.300605 0
0.787744 0.300106 0
0.781112 0.304394 0
0.774391 0.305539 0
0.770876 0.312081 0
0.761732 0.314337 0
0.756739 0.314633 0
0.75362 0.318706 0
0.757444 0.324131 0
0.751374 0.325511 0
0.746479 0.321849 0
0.74517 0.322559 0
0.743854 0.323113 1
0.738737 0.322729 0
0.734942 0.323294 0
0.731902 0.327451 0
0.727679 0.323244 0
0.723002 0.324183 0
0.718637 0.328416 0
0.713863 0.327362 0
0.710313 0.329283 0
0.706655 0.327868 0
0.703333 0.327622 0
0.697692 0.332833 0
0.693174 0.333621 0
0.688394 0.334274 0
0.683813 0.337174 1
0.678954 0.337564 0
0.673871 0.340622 0
0.666439 0.342409 0
0.660735 0.343021 0
0.658591 0.3426 0
0.651178 0.342641 0
0.647392 0.343144 0
0.641793 0.341023 0
0.638965 0.340477 0
0.635886 0.33857 0
0.632218 0.337762 0
0.629087 0.336545 0
0.626859 0.33737 0
0.622803 0.337261 0
0.620448 0.336653 1
0.616416 0.334965 0
0.611385 0.335086 0
0.607847 0.332142 0
0.603926 0.330099 0
0.598643 0.328141 0
0.595078 0.326734 0
0.59272 0.32224 0
0.589799 0.320363 0
0.583515 0.324075 0
0.574585 0.321838 0
0.567507 0.322798 0
0.56283 0.322223 0
0.558343 0.32151 0
0.554952 0.319389 0
0.549895 0.321464 1
0.54742 0.3197 0
0.544895 0.317228 0
0.541793 0.316009 0
0.539508 0.312507 0
0.53514 0.313516 0
0.532978 0.312036 0
0.528812 0.311177 0
0.520208 0.310265 0
0.510618 0.308772 0
0.504223 0.309999 0
0.497147 0.309499 0
0.493239 0.309479 0
0.490603 0.309648 0
0.487536 0.309218 1
0.483205 0.307232 0
0.480978 0.30438 0
0.475987 0.304868 0
0.472643 0.302289 0
0.46853 0.303025 0
0.463926 0.301453 0
0.460226 0.299107 0
0.455425 0.299369 0
0.448065 0.300802 0
0.451258 0.294052 0
0.444789 0.294718 0
0.43533 0.294387 0
0.433045 0.292356 0
0.436234 0.288174 0
0.433492 0.284011 1
0.430327 0.282434 0
0.430865 0.274107 0
0.430197 0.270301 0
0.428631 0.267501 0
0.427521 0.263445 0
0.424009 0.258184 0
0.42072 0.254651 0
0.418421 0.252955 0
0.419376 0.24835 0
0.41561 0.245459 0
0.414946 0.242831 0
0.415999 0.238726 0
0.413832 0.235389 0
0.412608 0.230808 1
0.411611 0.226718 0
0.410797 0.222873 0
0.413322 0.218286 0
0.412076 0.215141 0
0.413644 0.210813 0
0.41482 0.206772 0
0.416611 0.202379 0
0.417194 0.197754 0
0.417513 0.195156 0
0.421781 0.191701 0
0.424347 0.188239 0
0.426895 0.18407 0
0.428374 0.180129 0
0.429682 0.176009 0
0.431234 0.171503 1
0.430617 0.166692 0
0.432796 0.162019 0
0.43262 0.157189 0
0.435144 0.152283 0
0.435058 0.147737 0
0.436808 0.143047 0
0.436599 0.137223 0
0.438083 0.132855 0
0.443242 0.129996 0
0.442191 0.122596 0
0.44697 0.117903 0
0.450914 0.11564 0
0.452806 0.109984 0
0.457403 0.104804 1
0.457329 0.100993 0
0.456988 0.097219 0
0.456147 0.0941655 0
0.456483 0.088947 0
0.453611 0.0817528 0
0.454154 0.0751158 0
0.455286 0.071952 0
0.457294 0.0689301 0
0.465688 0.0531889 0
0.502285 0.0452742 0
0.501335 0.0409591 0
0.501754 0.0406317 0
0.50193 0.0410397 0
0.501817 0.0406697 0
0.501855 0.0405861 1
0.499238 0.0369884 0
0.498627 0.0345083 0
0.498492 0.0320693 0
0.49706 0.0289041 0
0.495657 0.0255068 0
0.495677 0.0279706 0
0.493042 0.0262713 0
0.490877 0.0242685 0
0.486753 0.0210208 0
0.486007 0.0163691 0
0.483204 0.0135132 0
0.482541 0.0141331 0
0.481348 0.0153454 0
0.480178 0.0130407 0
0.47954 0.00996223 1
0.477369 0.00704437 0
0.476724 0.00664016 0
0.477604 0.00657485 0
0.473816 0.0107659 0
0.4712 0.00984565 0
0.46969 0.00819621 0
0.468813 0.00748162 0
0.467399 0.00762985 0
0.463716 0.0101673 0
0.462532 0.00686282 0
0.457305 0.00701441 0
0.453457 0.00669996 0
0.450321 0.00558646 0
0.4465 0.00490697 1
0.444116 0.00335495 0
0.444423 0.00330541 0
0.442507 0.00350443 0
0.440502 0.00449356 0
0.440442 0.00525747 0
0.440452 0.00968264 0
0.441966 0.0105768 0
0.428006 0 0
0.423977 4.16132e-05 0
0.432109 0.0111931 0
0.435109 0.0157476 0
0.435493 0.0203438 0
0.44699 0.0243012 0
0.496141 0.0737463 0
0.500507 0.0771151 1
0.502117 0.0807695 0
0.503137 0.0843267 0
0.507252 0.0881381 0
0.509268 0.092142 0
0.511604 0.0963415 0
0.512794 0.0997583 0
0.516147 0.104157 0
0.518314 0.109153 0
0.520362 0.113959 0
0.522283 0.120786 0
0.524284 0.125683 0
0.526262 0.128476 0
0.527894 0.13533 0
0.529325 0.138291 1
0.52906 0.14187 0
0.531321 0.145109 0
0.531082 0.148544 0
0.533562 0.151133 0
0.533811 0.155281 0
0.535329 0.158005 0
0.534787 0.162423 0
0.537086 0.165686 0
0.537071 0.169175 0
0.536438 0.173731 0
0.539063 0.177393 0
0.539029 0.18022 0
0.54152 0.183115 0
0.540907 0.186932 0
0.542756 0.189604 1
0.542915 0.189741 0
0.542952 0.190367 0
0.543199 0.190645 0
0.543652 0.19182 0
0.546129 0.195289 0
0.548164 0.197235 0
0.548158 0.197789 0
0.548372 0.198907 0
0.549422 0.200302 0
0.550138 0.200892 0
0.551684 0.20275 0
0.552859 0.205482 0
0.552153 0.209902 0
0.533323 0.384173 1
0.534265 0.387762 0
0.533308 0.392105 0
0.533743 0.395747 0
0.537524 0.402503 0
0.538154 0.407654 0
0.53704 0.411958 0
0.538018 0.41448 0
0.537239 0.418335 0
0.540051 0.424017 0
0.539381 0.428363 0
0.540263 0.431512 0
0.541385 0.436062 0
0.541692 0.441488 0
0.544586 0.443698 0
0.544497 0.448207 1
0.546113 0.453624 0
0.547804 0.456979 0
0.54643 0.461805 0
0.549148 0.468242 0
0.54896 0.471619 0
0.549272 0.472021 0
0.548369 0.474082 0
0.542245 0.480292 0
0.545032 0.484485 0
0.551108 0.48712 0
0.552443 0.489485 0
0.554095 0.491735 0
0.554093 0.495375 0
0.555081 0.496963 0
0.55629 0.499413 1
0.560052 0.499127 0
0.560952 0.50135 0
0.563622 0.501899 0
0.568139 0.502671 0
0.569604 0.504087 0
0.570837 0.506031 0
0.572025 0.506522 0
0.574188 0.508508 0
0.576017 0.509631 0
0.578137 0.511653 0
0.578877 0.511947 0
0.580205 0.514078 0
0.58142 0.515633 0
0.581851 0.516684 1
0.581744 0.517628 0
0.581318 0.520756 0
0.580045 0.52404 0
0.578628 0.527722 0
0.576241 0.531361 0
0.575129 0.53423 0
0.57186 0.536453 0
0.57179 0.539883 0
0.570749 0.544056 0
0.568901 0.546654 0
0.565364 0.553005 0
0.564021 0.557496 0
0.564404 0.56224 0
0.563382 0.565135 0
0.563493 0.569572 1
0.561829 0.574514 0
0.559589 0.579454 0
0.55787 0.58406 0
0.560879 0.590578 0
0.557256 0.594036 0
0.561821 0.593982 0
0.560855 0.597785 0
0.556716 0.603082 0
0.556935 0.60929 0
0.556472 0.615568 0
0.55575 0.620152 0
0.555319 0.622237 0
0.554146 0.624761 0
0.555026 0.628946 1
0.554892 0.63152 0
0.553316 0.635169 0
0.548725 0.636808 0
0.5467 0.640979 0
0.545944 0.642898 0
0.543087 0.645946 0
0.543516 0.648169 0
0.538311 0.65262 0
0.538149 0.653455 0
0.536243 0.656256 0
0.536472 0.657981 0
0.534836 0.660803 0
0.533456 0.662238 0
0.534119 0.662865 0
0.532877 0.664306 1
0.533819 0.665259 0
0.53513 0.668058 0
0.537736 0.670536 0
0.540975 0.673125 0
0.54371 0.674793 0
0.543948 0.67657 0
0.54497 0.679621 0
0.546064 0.682241 0
0.545113 0.683926 0
0.545918 0.685194 0
0.547205 0.687284 0
0.549143 0.688991 0
0.548906 0.690405 0
0.549293 0.69256 1
0.549694 0.694116 0
0.551485 0.69464 0
0.554617 0.694881 0
0.558174 0.695181 0
0.563551 0.693457 0
0.565366 0.695442 0
0.569966 0.695656 0
0.57191 0.697557 0
0.574575 0.700224 0
0.576547 0.702881 0
0.576977 0.705451 0
0.578982 0.704083 0
0.582989 0.710856 0
0.587937 0.711801 0
0.591448 0.714961 1
0.589344 0.718894 0
0.584797 0.720409 0
0.582858 0.723305 0
0.580744 0.725504 0
0.578844 0.728041 0
0.575581 0.732091 0
0.571978 0.735091 0
0.568284 0.737003 0
0.570161 0.739522 0
0.561284 0.745462 0
0.564931 0.748671 0
0.562488 0.749097 0
0.558956 0.753377 0
0.560117 0.755043 0
0.56168 0.757359 1
