0.0857665 0.0450164 1
0.0806268 0.0527407 0
0.0768268 0.0667072 0
0.0717445 0.0686338 0
0.06698 0.082745 0
0.0639662 0.0962694 0
0.0630259 0.103179 0
0.0724253 0.109314 0
0.0536994 0.163914 0
0.0485787 0.188394 0
0.0546981 0.215251 0
0.0551127 0.235675 0
0.0600407 0.252653 0
0.0632761 0.269512 0
0.0653935 0.282135 1
0.0685991 0.288745 0
0.0788461 0.30896 0
0.0910581 0.326219 0
0.104928 0.347749 0
0.120299 0.382214 0
0.132303 0.394284 0
0.136809 0.419513 0
0.138976 0.437614 0
0.147861 0.453368 0
0.146486 0.48028 0
0.155797 0.504358 0
0.152901 0.532159 0
0.172088 0.548781 0
0.196636 0.565541 0
0.221648 0.582449 1
0.234074 0.602672 0
0.241425 0.627547 0
0.259662 0.634565 0
0.277197 0.649486 0
0.284394 0.678537 0
0.319767 0.664951 0
0.340712 0.66478 0
0.356423 0.667968 0
0.378387 0.662314 0
0.391435 0.670186 0
0.405959 0.674804 0
0.423436 0.680158 0
0.441701 0.677419 0
0.450872 0.678487 0
0.4693 0.674033 1
0.487528 0.68826 0
0.508017 0.691181 0
0.520728 0.684654 0
0.538141 0.676893 0
0.552454 0.686377 0
0.574349 0.68802 0
0.603345 0.694787 0
0.641585 0.562645 0
0.663013 0.535833 0
0.679513 0.515755 0
0.696236 0.515447 0
0.712327 0.515048 0
0.718251 0.509689 0
0.732168 0.498767 0
0.742921 0.494489 1
0.754642 0.485665 0
0.775271 0.472486 0
0.780808 0.465621 0
0.816751 0.453213 0
0.837185 0.442418 0
0.85664 0.429953 0
0.86628 0.41245 0
0.875801 0.404323 0
0.895295 0.385305 0
0.906059 0.385155 0
0.916331 0.366864 0
0.918195 0.366643 0
0.917871 0.364405 0
0.914416 0.359966 0
0.913098 0.356768 1
0.912726 0.346112 0
0.910045 0.33922 0
0.90802 0.330198 0
0.910957 0.330018 0
0.910128 0.33227 0
0.900153 0.319643 0
0.889394 0.295638 0
0.881316 0.278897 0
0.872645 0.267902 0
0.861649 0.257682 0
0.851911 0.246965 0
0.840794 0.231673 0
0.824672 0.224548 0
0.817221 0.210626 0
0.803351 0.193671 1
0.797293 0.178361 0
0.780615 0.171318 0
0.77404 0.156463 0
0.753656 0.135495 0
0.74228 0.118498 0
0.727745 0.101507 0
0.71591 0.0900749 0
0.702608 0.0855862 0
0.68564 0.0872891 0
0.670565 0.09106 0
0.652163 0.0955401 0
0.635872 0.0927173 0
0.622424 0.0902853 0
0.609706 0.0869073 0
0.594474 0.0878589 1
0.583385 0.0891495 0
0.565546 0.0938063 0
0.548111 0.0998973 0
0.532505 0.105623 0
0.520548 0.105281 0
0.498779 0.103703 0
0.476888 0.0923776 0
0.460485 0.0928627 0
0.452726 0.0973233 0
0.433335 0.0963996 0
0.40734 0.0858376 0
0.394514 0.0879761 0
0.380376 0.0802795 0
0.365406 0.0869715 0
0.350853 0.094071 1
0.334027 0.105619 0
0.310544 0.108996 0
0.291878 0.117508 0
0.278162 0.118032 0
0.261787 0.12277 0
0.243895 0.127781 0
0.22266 0.121009 0
0.203139 0.129787 0
0.193567 0.136881 0
0.166403 0.136292 0
0.150862 0.133177 0
0.13247 0.136027 0
0.111959 0.139583 0
0.110078 0.149988 0
0.105025 0.156298 1
0.104757 0.165676 0
0.103578 0.180898 0
0.109514 0.19823 0
0.111276 0.218684 0
0.113604 0.229866 0
0.110328 0.245022 0
0.113941 0.258496 0
0.107504 0.272641 0
0.116652 0.288573 0
0.116436 0.303973 0
0.1184 0.316528 0
0.121992 0.329054 0
0.120174 0.33095 0
0.124688 0.353991 0
0.123033 0.36743 1
0.128591 0.377142 0
0.142301 0.383659 0
0.145824 0.401252 0
0.149315 0.423971 0
0.145179 0.470776 0
0.174477 0.479735 0
0.178104 0.507868 0
0.196873 0.524954 0
0.213477 0.53984 0
0.23078 0.551237 0
0.253862 0.56043 0
0.271998 0.576426 0
0.291283 0.579337 0
0.301381 0.588503 0
0.316859 0.585275 1
0.329316 0.582758 0
0.348193 0.587792 0
0.366371 0.581968 0
0.385416 0.595628 0
0.401127 0.59629 0
0.419636 0.595958 0
0.452788 0.594283 0
0.468089 0.582292 0
0.482249 0.600364 0
0.500861 0.606566 0
0.519676 0.596733 0
0.529584 0.60348 0
0.549361 0.610933 0
0.562265 0.606919 1
0.574979 0.605238 0
0.595036 0.609995 0
0.602822 0.598573 0
0.622481 0.58944 0
0.645936 0.584007 0
0.657302 0.572519 0
0.680735 0.567983 0
0.700009 0.556148 0
0.721938 0.560107 0
0.743652 0.549176 0
0.773753 0.552198 0
0.78716 0.538881 0
0.802004 0.532368 0
0.810331 0.51484 0
0.827755 0.503382 1
0.841202 0.502051 0
0.852103 0.496461 0
0.864604 0.499499 0
0.880273 0.50027 0
0.910167 0.516405 0
0.934294 0.530237 0
0.964984 0.515302 0
0.978959 0.432143 0
0.987746 0.441692 0
0.989764 0.41206 0
0.992789 0.410275 0
0.998963 0.363492 0
0.995267 0.31313 0
0.998883 0.315308 0
1 0.314595 1
0.995577 0.305031 0
0.988995 0.297793 0
0.979703 0.270078 0
0.963443 0.261371 0
0.942851 0.247882 0
0.927222 0.234318 0
0.90812 0.218726 0
0.893645 0.20497 0
0.880358 0.190335 0
0.866468 0.172546 0
0.847945 0.15224 0
0.829878 0.137885 0
0.814108 0.13225 0
0.790059 0.12248 0
0.781752 0.109911 1
0.775019 0.099039 0
0.759286 0.0825268 0
0.750495 0.0714026 0
0.737718 0.0604818 0
0.707072 0.0436242 0
0.683345 0.0375046 0
0.655969 0.037163 0
0.642249 0.0343157 0
0.624064 0.027697 0
0.605965 0.0337947 0
0.585058 0.0381946 0
0.568913 0.048605 0
0.550475 0.0505737 0
0.540248 0.05272 0
0.532714 0.0532894 1
0.515809 0.0524389 0
0.503522 0.0532625 0
0.486729 0.0554038 0
0.467371 0.0518057 0
0.449242 0.0452383 0
0.432462 0.026473 0
0.406 0.00632959 0
0.383808 0 0
0.360916 0.00598624 0
0.337433 0.00450396 0
0.330169 0.0183072 0
0.315152 0.0249584 0
0.310068 0.0335542 0
0.292211 0.0402818 0
0.283837 0.0425592 1
0.269133 0.0448333 0
0.25575 0.0428702 0
0.245187 0.0542087 0
0.225054 0.0495908 0
0.200923 0.0444851 0
0.173775 0.0494484 0
0.123001 0.0565768 0
0.0594723 0.0756976 0
0.0490873 0.102884 0
0.0426888 0.108629 0
0.0335123 0.111883 0
0.0310835 0.114598 0
0.0291593 0.123378 0
0.0293825 0.132491 0
0.0265614 0.143871 1
0.020259 0.154887 0
0.0220584 0.171972 0
0.0166808 0.190307 0
0.0244779 0.203435 0
0.0134407 0.212232 0
0.00813723 0.225401 0
0.00880828 0.238254 0
0 0.254791 0
0.00282407 0.279262 0
0.0034235 0.307721 0
0.0129753 0.337771 0
0.018256 0.361168 0
0.023484 0.378779 0
0.0327823 0.399118 0
0.0435272 0.414208 1
0.0438852 0.429847 0
0.0309648 0.454648 0
0.0534786 0.498698 0
0.230475 0.482786 0
0.260185 0.491117 0
0.280292 0.49905 0
0.298256 0.503227 0
0.318826 0.512065 0
0.334801 0.515806 0
0.351201 0.519555 0
0.364723 0.517909 0
0.372845 0.527534 0
0.378034 0.529643 0
0.380915 0.538998 0
0.398462 0.52955 1
0.410705 0.536723 0
0.420568 0.540225 0
0.438291 0.551153 0
0.453073 0.568072 0
0.468557 0.568254 0
0.474754 0.555245 0
0.488477 0.555176 0
0.585259 0.643728 0
0.610971 0.642618 0
0.600854 0.595601 0
0.61356 0.628868 0
0.633102 0.636667 0
0.639907 0.624802 0
0.660537 0.635553 0
0.678938 0.629984 1
0.690074 0.619947 0
0.703361 0.606059 0
0.729563 0.613634 0
0.758063 0.622913 0
0.769872 0.608981 0
0.77884 0.588565 0
0.804704 0.575558 0
0.820588 0.56522 0
0.833623 0.550646 0
0.854366 0.529813 0
0.858525 0.503996 0
0.87724 0.485289 0
0.893218 0.467949 0
0.917238 0.466675 0
0.937321 0.443798 1
