0.389828 0.259876 1
0.385912 0.247648 0
0.380985 0.231672 0
0.374981 0.215497 0
0.36814 0.198405 0
0.360611 0.180219 0
0.352249 0.160547 0
0.343354 0.142989 0
0.334777 0.129893 0
0.325406 0.1175 0
0.314882 0.105515 0
0.303252 0.0947317 0
0.299296 0.0786098 0
0.284725 0.0715582 0
0.264164 0.0625029 0
0.250563 0.0580888 1
0.234058 0.0565805 0
0.214442 0.0578273 0
0.196177 0.062375 0
0.171662 0.0739624 0
0.152652 0.0878065 0
0.139559 0.107194 0
0.132143 0.127444 0
0.124669 0.150146 0
0.12188 0.166956 0
0.117938 0.187827 0
0.113172 0.21051 0
0.110797 0.2267 0
0.109712 0.246323 0
0.109223 0.266963 0
0.455116 0.155175 1
0.101971 0.315511 0
0.0969246 0.333411 0
0.0940664 0.348716 0
0.0921789 0.366025 0
0.0926744 0.385234 0
0.0961679 0.402595 0
0.102781 0.420322 0
0.109899 0.4359 0
0.116333 0.449293 0
0.124041 0.461964 0
0.132537 0.475393 0
0.141693 0.489896 0
0.150703 0.503509 0
0.160718 0.516923 0
0.171451 0.529986 1
0.500391 0.416092 0
0.162195 0.59863 0
0.171498 0.612018 0
0.182418 0.624662 0
0.193459 0.636053 0
0.525274 0.476985 0
0.213052 0.661827 0
0.221 0.675659 0
0.231419 0.69319 0
0.239925 0.708121 0
0.247275 0.722186 0
0.254426 0.740167 0
0.26113 0.757663 0
0.26669 0.771996 0
0.272453 0.787543 1
0.279035 0.80442 0
0.284749 0.82091 0
0.289675 0.838713 0
0.296848 0.864482 0
0.303477 0.894097 0
0.307009 0.909583 0
0.311243 0.927957 0
0.315929 0.945952 0
0.325894 0.96149 0
0.317453 0.976618 0
0.323453 0.991617 0
0.333566 0.99928 0
0.346853 0.981194 0
0.361036 0.985701 0
0.369954 1 1
0.3837 0.987397 0
0.400057 0.978121 0
0.410744 0.994074 0
0.42629 0.995951 0
0.432705 0.980201 0
0.44792 0.972272 0
0.46462 0.977727 0
0.474376 0.967132 0
0.47445 0.953335 0
0.457616 0.873381 0
0.458109 0.854083 0
0.462202 0.835774 0
0.460575 0.818152 0
0.461578 0.803836 0
0.463953 0.790315 1
0.468642 0.768102 0
0.471368 0.748505 0
0.472842 0.731932 0
0.472551 0.716228 0
0.474955 0.700744 0
0.471797 0.689157 0
0.473002 0.675513 0
0.466797 0.665387 0
0.466755 0.649757 0
0.46237 0.636008 0
0.455986 0.619562 0
0.443464 0.61182 0
0.441192 0.598227 0
0.442953 0.582598 0
0.437034 0.566264 1
0.433011 0.553176 0
0.427633 0.540526 0
0.4211 0.528004 0
0.416924 0.513843 0
0.412483 0.497926 0
0.406937 0.482233 0
0.399339 0.459478 0
0.395962 0.445849 0
0.397233 0.428751 0
0.40361 0.411324 0
0.417566 0.387644 0
0.426139 0.36229 0
0.429081 0.341363 0
0.430005 0.324559 0
0.428835 0.307273 1
0.426542 0.29313 0
0.423857 0.273873 0
0.421652 0.252009 0
0.417281 0.229471 0
0.409321 0.205294 0
0.401804 0.186048 0
0.392882 0.165198 0
0.382236 0.140999 0
0.370526 0.117511 0
0.358946 0.0993743 0
0.343578 0.0789354 0
0.328945 0.0636667 0
0.293037 0.0325228 0
0.280871 0.0237719 0
0.262674 0.0155639 1
0.234628 0.00532732 0
0.222805 0.0116604 0
0.212816 0 0
0.199567 0.00153356 0
0.192845 0.0174837 0
0.175216 0.0111861 0
0.171301 0.0262409 0
0.153267 0.0268507 0
0.13891 0.0366361 0
0.12159 0.0515285 0
0.107337 0.063579 0
0.0941088 0.0721011 0
0.0801137 0.083928 0
0.0822562 0.161165 0
0.0772107 0.183574 1
0.0724311 0.20425 0
0.0691815 0.223988 0
0.066214 0.251896 0
0.0635395 0.275138 0
0.0596047 0.297409 0
0.0553271 0.315953 0
0.0549915 0.332178 0
0.054841 0.350719 0
0.0541186 0.370383 0
0.0521567 0.392674 0
0.0527667 0.409638 0
0.0577125 0.423698 0
0.0651894 0.443877 0
0.0709807 0.463859 0
0.0799858 0.480871 1
0.0907364 0.497638 0
0.103367 0.515745 0
0.11535 0.530916 0
0.130062 0.545799 0
0.149383 0.558297 0
0.171877 0.565474 0
0.192167 0.575296 0
0.208498 0.590297 0
0.222837 0.607769 0
0.235879 0.622995 0
0.249218 0.637945 0
0.260546 0.652315 0
0.271657 0.668085 0
0.281331 0.682441 0
0.290884 0.696176 1
0.298938 0.709124 0
0.304504 0.725856 0
0.311253 0.744794 0
0.318368 0.756968 0
0.324488 0.772556 0
0.327182 0.785611 0
0.330948 0.808752 0
0.337121 0.830143 0
0.340559 0.847562 0
0.343793 0.867715 0
0.351282 0.883785 0
0.344526 0.897748 0
0.357624 0.908977 0
0.354759 0.924543 0
0.355959 0.938606 1
0.365377 0.943683 0
0.38177 0.939891 0
0.389815 0.92765 0
0.393604 0.910971 0
0.408806 0.908565 0
0.420362 0.924597 0
0.431208 0.912602 0
0.444884 0.91943 0
0.459987 0.914053 0
0.477958 0.911187 0
0.492345 0.911049 0
0.506507 0.910051 0
0.516767 0.897889 0
0.520867 0.886535 0
0.525876 0.86899 1
0.533648 0.846558 0
0.539185 0.829426 0
0.542982 0.815642 0
0.546593 0.802485 0
0.549455 0.77996 0
0.551447 0.762752 0
0.553841 0.742622 0
0.556026 0.726147 0
0.558307 0.710826 0
0.558197 0.69653 0
0.560397 0.684504 0
0.559781 0.669699 0
0.551838 0.657052 0
0.54991 0.641583 0
0.543765 0.627137 1
0.546025 0.611141 0
0.533857 0.60257 0
0.534838 0.587471 0
0.528879 0.574118 0
0.513897 0.566991 0
0.509899 0.555545 0
0.501802 0.544114 0
0.492026 0.532352 0
0.482451 0.510086 0
0.470939 0.500523 0
0.465111 0.486343 0
0.459877 0.471627 0
0.452897 0.457719 0
0.446384 0.442165 0
0.443264 0.426431 1
0.437924 0.412781 0
0.387564 0.381905 0
0.383808 0.370519 0
0.379084 0.344671 0
0.37563 0.332479 0
0.366989 0.3102 0
0.360465 0.295798 0
0.353013 0.280912 0
0.346712 0.262799 0
0.335955 0.242453 0
0.326246 0.222264 0
0.317765 0.206704 0
0.310327 0.189383 0
0.303712 0.172791 0
0.296684 0.156048 1
0.280793 0.158238 0
0.277736 0.13533 0
0.258241 0.130005 0
0.249642 0.125112 0
0.251703 0.108834 0
0.236759 0.0994517 0
0.223021 0.0990136 0
0.208675 0.0995812 0
0.194314 0.107184 0
0.184708 0.126577 0
0.175489 0.1263 0
0.106962 0.107991 0
0.0934802 0.115274 0
0.0793796 0.120658 0
0.0475328 0.129651 1
0.0441775 0.137036 0
0.036943 0.157473 0
0.033286 0.172617 0
0.0247419 0.200766 0
0.0164074 0.229834 0
0.0146585 0.249867 0
0.014079 0.269569 0
0.00975448 0.289518 0
0.00410216 0.310173 0
0 0.323936 0
0.0112973 0.342654 0
0.00880514 0.356013 0
0.0152163 0.368771 0
0.133885 0.366898 0
0.146058 0.371846 1
0.156762 0.378091 0
0.157234 0.396221 0
0.15998 0.410592 0
0.163685 0.432145 0
0.174689 0.463737 0
0.184239 0.478621 0
0.200779 0.504335 0
0.209888 0.520758 0
0.220084 0.536997 0
0.237145 0.553662 0
0.245972 0.566026 0
0.254917 0.581983 0
0.270494 0.591568 0
0.296923 0.611027 0
0.301389 0.614278 1
