0.316883 0.319921 1
0.314946 0.313594 0
0.313397 0.301713 0
0.309751 0.295592 0
0.306788 0.285332 0
0.305727 0.280424 0
0.306408 0.260569 0
0.308909 0.235895 0
0.327914 0.207391 0
0.342296 0.182828 0
0.345174 0.168476 0
0.337448 0.163968 0
0.328144 0.150164 0
0.321694 0.132175 0
0.311476 0.121341 1
0.304832 0.118376 0
0.306591 0.079407 0
0.297991 0.0595995 0
0.291417 0.0396974 0
0.279587 0.0228824 0
0.258177 0.0226689 0
0.244977 0.0241363 0
0.232142 0.0128662 0
0.207933 0.0144957 0
0.203692 0.00438894 0
0.193872 0.00488635 0
0.180517 0.0110981 0
0.172828 0.0105964 0
0.16579 0.00840988 0
0.164032 0.00795404 1
0.158871 0.00675769 0
0.152739 0 0
0.142564 0.0023191 0
0.130814 0.001609 0
0.119592 0.00799213 0
0.106892 0.0084618 0
0.0960625 0.0209605 0
0.088482 0.0341966 0
0.0829036 0.0459611 0
0.0689941 0.0530214 0
0.063905 0.0654223 0
0.0597176 0.0786761 0
0.0561562 0.0918819 0
0.0510507 0.0972762 0
0.0513297 0.10944 1
0.047548 0.120152 0
0.0292166 0.137661 0
0.0210653 0.152495 0
0 0.212066 0
0.00908072 0.230905 0
0.0233213 0.253356 0
0.0462177 0.266516 0
0.0547753 0.273747 0
0.0709188 0.281688 0
0.0820765 0.301276 0
0.0894608 0.310809 0
0.102941 0.315977 0
0.113994 0.329958 0
0.123985 0.333821 0
0.131719 0.34226 1
0.131938 0.345272 0
0.132028 0.347405 0
0.134847 0.350265 0
0.133928 0.358832 0
0.136254 0.363262 0
0.128094 0.398647 0
0.146922 0.452078 0
0.183271 0.462461 0
0.221851 0.471361 0
0.231246 0.486284 0
0.234177 0.492992 0
0.243994 0.498248 0
0.246046 0.505517 0
0.248575 0.513344 0
0.251671 0.515568 1
0.253213 0.521921 0
0.254905 0.530363 0
0.25431 0.541752 0
0.256515 0.549033 0
0.259999 0.557385 0
0.262817 0.579533 0
0.265418 0.592698 0
0.268214 0.61076 0
0.267289 0.627651 0
0.26943 0.638661 0
0.278266 0.646005 0
0.281865 0.658516 0
0.281904 0.669453 0
0.288341 0.675402 0
0.291082 0.687122 1
0.290644 0.694872 0
0.292757 0.700641 0
0.296213 0.704939 0
0.297627 0.711264 0
0.298464 0.715367 0
0.299312 0.724904 0
0.246627 0.793273 0
0.232783 0.820079 0
0.239511 0.829286 0
0.250707 0.835651 0
0.249768 0.848653 0
0.251629 0.861756 0
0.254326 0.875021 0
0.26282 0.88465 0
0.270902 0.895087 1
0.272985 0.90789 0
0.2751 0.922711 0
0.280015 0.930455 0
0.285104 0.937329 0
0.285295 0.953646 0
0.29329 0.961748 0
0.307077 0.964657 0
0.314476 0.972761 0
0.322097 0.984993 0
0.331749 0.992754 0
0.339348 0.991206 0
0.344404 1 0
0.352629 0.998915 0
0.365083 0.996396 0
0.377718 0.995726 1
0.392347 0.989125 0
0.419485 0.943748 0
0.435425 0.925154 0
0.449141 0.91691 0
0.462962 0.911263 0
0.469209 0.906367 0
0.476768 0.906477 0
0.484572 0.898751 0
0.492459 0.881608 0
0.497046 0.866084 0
0.496032 0.857335 0
0.499235 0.853443 0
0.502919 0.852247 0
0.50374 0.844499 0
0.505346 0.841327 1
0.506118 0.837591 0
0.504637 0.834021 0
0.503935 0.824791 0
0.506734 0.816373 0
0.501894 0.79497 0
0.502255 0.782218 0
0.499214 0.772094 0
0.506009 0.754019 0
0.493914 0.744572 0
0.488922 0.73182 0
0.479492 0.722698 0
0.47499 0.709519 0
0.46682 0.695592 0
0.462715 0.685021 0
0.458371 0.677893 1
0.456923 0.672068 0
0.451286 0.667222 0
0.452656 0.659913 0
0.446687 0.652531 0
0.435787 0.649802 0
0.469183 0.585857 0
0.487853 0.555135 0
0.483853 0.547022 0
0.478309 0.536744 0
0.473768 0.529219 0
0.465352 0.514131 0
0.459983 0.501283 0
0.456849 0.490701 0
0.452837 0.483909 0
0.447777 0.47699 1
0.447778 0.468479 0
0.446303 0.462648 0
0.443405 0.454272 0
0.442774 0.446266 0
0.44355 0.430496 0
0.433979 0.421508 0
0.411551 0.392635 0
0.38613 0.37459 0
0.375171 0.362617 0
0.364177 0.353546 0
0.361117 0.339463 0
0.361892 0.324654 0
0.353421 0.310836 0
0.354384 0.301388 0
0.352743 0.298147 1
0.348933 0.291947 0
0.352001 0.287397 0
0.33313 0.260235 0
0.321878 0.241307 0
0.313989 0.229138 0
0.303573 0.215739 0
0.287833 0.212864 0
0.277313 0.195517 0
0.276984 0.177539 0
0.284999 0.154512 0
0.276386 0.0973074 0
0.264619 0.0978524 0
0.25288 0.0936539 0
0.250525 0.0908427 0
0.248778 0.0906524 1
0.24634 0.0860916 0
0.246815 0.0761264 0
0.243748 0.0741689 0
0.234735 0.0703181 0
0.224699 0.066271 0
0.214068 0.065968 0
0.208458 0.0595061 0
0.201112 0.0567543 0
0.192107 0.0589167 0
0.18736 0.0588265 0
0.175494 0.0579213 0
0.163444 0.0616186 0
0.151679 0.0625904 0
0.145307 0.0663727 0
0.136975 0.0720555 1
0.133423 0.0747963 0
0.129934 0.0760287 0
0.125771 0.0779891 0
0.117979 0.0848658 0
0.114267 0.0885773 0
0.109035 0.0958131 0
0.100352 0.1027 0
0.0922422 0.131884 0
0.0880623 0.153511 0
0.0791208 0.155687 0
0.0721437 0.171245 0
0.0687971 0.178142 0
0.0636363 0.181963 0
0.0643632 0.194875 0
0.0667206 0.206809 1
0.0697237 0.213039 0
0.0724326 0.225269 0
0.0733342 0.234613 0
0.0772702 0.24276 0
0.0820351 0.251165 0
0.0860382 0.265704 0
0.0792011 0.270344 0
0.0936228 0.260552 0
0.177469 0.36018 0
0.185412 0.365719 0
0.194288 0.372542 0
0.19018 0.385559 0
0.195239 0.391589 0
0.197291 0.397674 0
0.201748 0.406393 1
0.20226 0.413826 0
0.203738 0.427597 0
0.206784 0.434509 0
0.208761 0.444658 0
0.210934 0.449746 0
0.211992 0.459238 0
0.214718 0.466168 0
0.183797 0.517975 0
0.182431 0.52339 0
0.183423 0.538027 0
0.186756 0.548816 0
0.193425 0.554268 0
0.199919 0.565708 0
0.201028 0.569654 0
0.202868 0.574656 1
0.20429 0.586514 0
0.208239 0.587682 0
0.210373 0.598774 0
0.213286 0.610099 0
0.209876 0.620613 0
0.215239 0.632123 0
0.22034 0.645082 0
0.225579 0.657751 0
0.227312 0.671362 0
0.226709 0.687109 0
0.233171 0.702456 0
0.238353 0.714256 0
0.252473 0.727765 0
0.256134 0.739783 0
0.260832 0.745763 1
0.259215 0.758084 0
0.259458 0.770679 0
0.263339 0.783327 0
0.269327 0.788406 0
0.26708 0.804205 0
0.27303 0.817007 0
0.282678 0.826191 0
0.282514 0.838199 0
0.30213 0.854596 0
0.309609 0.869824 0
0.313086 0.882055 0
0.319374 0.894123 0
0.318326 0.902314 0
0.321484 0.906625 0
0.324084 0.911182 1
0.326673 0.914159 0
0.328539 0.922175 0
0.326744 0.928275 0
0.336676 0.930152 0
0.340121 0.934137 0
0.346219 0.93919 0
0.353397 0.942535 0
0.361875 0.949052 0
0.380778 0.946122 0
0.414719 0.976236 0
0.42686 0.983281 0
0.430956 0.985315 0
0.434647 0.981447 0
0.442638 0.98214 0
0.447285 0.980679 1
0.456859 0.973853 0
0.467464 0.966938 0
0.483629 0.955691 0
0.498729 0.948228 0
0.508734 0.934975 0
0.519767 0.922176 0
0.522632 0.912367 0
0.536376 0.900277 0
0.541248 0.88777 0
0.547167 0.879311 0
0.555515 0.861674 0
0.551134 0.853551 0
0.552384 0.842545 0
0.547229 0.832966 0
0.541562 0.824358 1
0.547 0.813144 0
0.562328 0.786537 0
0.553542 0.775504 0
0.548037 0.761766 0
0.548959 0.749516 0
0.544841 0.736019 0
0.542661 0.721804 0
0.539254 0.709658 0
0.530486 0.700195 0
0.523446 0.675268 0
0.51924 0.663802 0
0.513351 0.655659 0
0.500349 0.645889 0
0.496862 0.641056 0
0.486927 0.636475 1
0.486248 0.625697 0
0.479898 0.612041 0
0.483087 0.601237 0
0.47288 0.592111 0
0.466822 0.574273 0
0.470358 0.56704 0
0.457939 0.559935 0
0.44615 0.550162 0
0.418409 0.535345 0
0.417289 0.522701 0
0.40587 0.50887 0
0.400592 0.502381 0
0.386094 0.487217 0
0.386101 0.487739 0
0.375438 0.475015 1
0.387294 0.464767 0
0.379662 0.448677 0
0.380116 0.43109 0
0.378053 0.42041 0
0.377467 0.410755 0
0.379768 0.398127 0
0.388814 0.37768 0
0.397566 0.362494 0
0.386811 0.357296 0
0.399765 0.338201 0
0.407272 0.312663 0
0.403711 0.297868 0
0.396518 0.295632 0
0.393381 0.290105 0
0.387685 0.279832 1
0.386557 0.269351 0
0.37652 0.25515 0
0.367751 0.248491 0
0.375877 0.234599 0
0.380037 0.217031 0
0.358772 0.209509 0
0.338573 0.207907 0
0.293321 0.20358 0
0.28313 0.194429 0
0.261598 0.187895 0
0.252557 0.177193 0
0.242557 0.160378 0
0.224575 0.137747 0
0.234267 0.133719 0
0.218135 0.136408 1
