0.686364 0.739847 1
0.667324 0.744247 0
0.639426 0.752881 0
0.608808 0.766358 0
0.577824 0.780404 0
0.547748 0.787574 0
0.515659 0.789969 0
0.474342 0.779794 0
0.445699 0.780353 0
0.403194 0.775515 0
0.375356 0.768575 0
0.340746 0.760516 0
0.310053 0.750202 0
0.278919 0.73791 0
0.231988 0.739434 0
0.202886 0.733502 0
0.169943 0.709868 0
0.117007 0.694252 0
0.0853593 0.68 1
0.0835129 0.656433 0
0.101845 0.631026 0
0.0929298 0.608555 0
0.0711904 0.570806 0
0.0740093 0.546693 0
0.0969398 0.533463 0
0.12179 0.516937 0
0.121984 0.498226 0
0.133997 0.479275 0
0.1855 0.475332 0
0.181936 0.448478 0
0.221612 0.433138 0
0.249428 0.422586 0
0.272379 0.398845 0
0.266866 0.362035 0
0.2828 0.321335 0
0.335089 0.279146 0
0.37102 0.264057 1
0.375249 0.240309 0
0.395274 0.22217 0
0.420984 0.198542 0
0.444009 0.171811 0
0.465816 0.145037 0
0.485959 0.131751 0
0.512871 0.121888 0
0.529034 0.101768 0
0.548441 0.0723673 0
0.570906 0.0560649 0
0.584743 0.0514914 0
0.596393 0.0172971 0
0.618843 0.0208261 0
0.64682 0 0
0.671661 0.00554674 0
0.699886 0.0104869 0
0.726197 0.00654388 0
0.742889 0.0160673 1
0.768149 0.0143549 0
0.791704 0.0198391 0
0.808864 0.0396855 0
0.831154 0.0478778 0
0.862265 0.0467471 0
0.9028 0.0427597 0
0.927345 0.0425501 0
0.934524 0.0659373 0
0.966245 0.0728377 0
0.975097 0.090683 0
1 0.107244 0
0.978192 0.143523 0
0.98276 0.164025 0
0.965164 0.189463 0
0.962065 0.207275 0
0.96282 0.222027 0
0.96184 0.230222 0
0.954522 0.239552 1
0.955646 0.265082 0
0.9676 0.29344 0
0.968605 0.320508 0
0.966156 0.356696 0
0.945848 0.380754 0
0.923213 0.409104 0
0.909736 0.435272 0
0.910274 0.457316 0
0.883959 0.47953 0
0.852643 0.502908 0
0.833815 0.527074 0
0.814176 0.547304 0
0.794036 0.57506 0
0.771412 0.599224 0
0.747134 0.620938 0
0.722747 0.643004 0
0.699719 0.646252 0
0.683195 0.654628 1
0.668459 0.663116 0
0.639774 0.66534 0
0.592477 0.718462 0
0.570416 0.729385 0
0.541047 0.726399 0
0.526224 0.758285 0
0.494253 0.804029 0
0.467707 0.808939 0
0.435674 0.804838 0
0.402198 0.793461 0
0.370925 0.789413 0
0.336989 0.791214 0
0.307868 0.770195 0
0.259716 0.768927 0
0.211752 0.763082 0
0.107425 0.806783 0
0.0518323 0.781583 0
0.0458795 0.759837 1
0.0456038 0.723803 0
0.0281789 0.745396 0
0.0294392 0.753278 0
0.0313617 0.750131 0
0.0379538 0.73592 0
0 0.59715 0
0.0307097 0.557633 0
0.0301244 0.51481 0
0.0635358 0.499243 0
0.0975009 0.478406 0
0.109101 0.460608 0
0.145786 0.444215 0
0.204056 0.451232 0
0.219009 0.426073 0
0.306991 0.436378 0
0.341199 0.403633 0
0.4079 0.358757 0
0.400831 0.344483 0
0.422746 0.315053 1
