0.166483 0.0963891 1
0.175152 0.0880634 0
0.188602 0.0860806 0
0.185599 0.0647019 0
0.216094 0.0669921 0
0.266037 0.0566715 0
0.297648 0.0492998 0
0.315661 0.0459775 0
0.327573 0.0444134 0
0.362284 0.0440389 0
0.385869 0.0457281 0
0.399128 0.0631205 0
0.433548 0.0649935 0
0.460457 0.0634392 0
0.490112 0.0792172 0
0.513541 0.0701421 0
0.54009 0.0763938 0
0.555382 0.0960937 0
0.567147 0.118947 0
0.57981 0.135072 0
0.587189 0.147795 0
0.595044 0.168784 0
0.60688 0.183317 1
0.621673 0.191412 0
0.639906 0.204008 0
0.645069 0.222947 0
0.671258 0.227947 0
0.677074 0.247702 0
0.669071 0.279406 0
0.676492 0.315226 0
0.677064 0.323628 0
0.681038 0.337351 0
0.695087 0.354419 0
0.724025 0.401924 0
0.736553 0.422493 0
0.745913 0.440986 0
0.761284 0.458334 0
0.787005 0.468534 0
0.805466 0.481007 0
0.834712 0.493601 0
0.837749 0.507904 0
0.84596 0.526246 0
0.866781 0.538781 0
0.870822 0.555835 0
0.881855 0.57194 0
0.89619 0.585398 1
0.903562 0.597412 0
0.912022 0.615883 0
0.918555 0.643441 0
0.927614 0.659436 0
0.939278 0.679574 0
0.966239 0.716953 0
0.9497 0.751442 0
0.945764 0.770986 0
0.937349 0.778348 0
0.931633 0.78424 0
0.929155 0.783706 0
0.924878 0.784519 0
0.915326 0.789567 0
0.894639 0.790721 0
0.884624 0.798208 0
0.869125 0.797913 0
0.845257 0.793336 0
0.823336 0.783351 0
0.806363 0.790403 0
0.787947 0.78206 0
0.771607 0.774546 0
0.753973 0.775093 1
0.738368 0.766174 0
0.730024 0.760396 0
0.714691 0.752727 0
0.684099 0.736979 0
0.654649 0.734836 0
0.624157 0.75142 0
0.60162 0.744127 0
0.567076 0.724533 0
0.53439 0.725622 0
0.513976 0.720779 0
0.48523 0.712031 0
0.466917 0.696572 0
0.455386 0.68556 0
0.446032 0.677684 0
0.43824 0.667798 0
0.428795 0.658297 0
0.417058 0.643629 0
0.415312 0.629842 0
0.402509 0.610907 0
0.390465 0.603906 0
0.382238 0.585081 0
0.373491 0.573959 0
0.365794 0.560417 1
0.359322 0.549695 0
0.351138 0.542147 0
0.340618 0.538332 0
0.327374 0.520286 0
0.299143 0.506283 0
0.262509 0.503522 0
0.255731 0.490217 0
0.254727 0.478702 0
0.24982 0.4595 0
0.22496 0.447105 0
0.211441 0.431525 0
0.188451 0.415971 0
0.179516 0.411804 0
0.166713 0.401814 0
0.148369 0.375673 0
0.127781 0.360794 0
0.106385 0.353433 0
0.0924226 0.338993 0
0.0816681 0.32211 0
0.0716923 0.313055 0
0.0603282 0.293469 0
0.0609527 0.277429 1
0.0561243 0.271718 0
0.057357 0.263307 0
0.0537032 0.254827 0
0.046842 0.242935 0
0.0377375 0.235471 0
0.0307901 0.226984 0
0.0260425 0.21785 0
0.0192028 0.213759 0
0 0.207221 0
0.00798666 0.183046 0
0.0111648 0.162406 0
0.0787687 0.144234 0
0.0880156 0.13246 0
0.106428 0.127534 0
0.127081 0.118157 0
0.130493 0.0971104 0
0.1263 0.0805112 0
0.1482 0.0717084 0
0.176053 0.0502603 0
0.193509 0.0404631 0
0.204038 0.017663 0
0.222717 0.0131976 0
0.231877 0.00794131 1
0.241729 0.00260288 0
0.266429 0.00962529 0
0.298426 0.0250771 0
0.33003 0.0269031 0
0.361754 0.0489325 0
0.393831 0.0673745 0
0.427869 0.062635 0
0.438833 0.0788287 0
0.471752 0.0874671 0
0.490578 0.0873095 0
0.511004 0.0943849 0
0.529307 0.112724 0
0.529551 0.137989 0
0.53595 0.156844 0
0.545189 0.175923 0
0.564544 0.189164 0
0.569983 0.20687 0
0.570008 0.220681 0
0.612379 0.225494 0
0.612745 0.2434 0
0.613167 0.26334 0
0.621189 0.269551 1
0.63665 0.285809 0
0.64622 0.295584 0
0.649999 0.30939 0
0.656761 0.329996 0
0.665643 0.345114 0
0.67293 0.363504 0
0.666544 0.386275 0
0.69404 0.419309 0
0.744941 0.414605 0
0.765275 0.424739 0
0.780233 0.43768 0
0.790482 0.454151 0
0.80976 0.471647 0
0.816033 0.499561 0
0.826374 0.517236 0
0.841833 0.532734 0
0.860606 0.553533 0
0.840105 0.603081 0
0.906477 0.63744 0
0.91219 0.651125 0
0.911176 0.686283 0
0.923729 0.710372 0
0.932615 0.719733 1
0.928713 0.729089 0
0.92752 0.751773 0
0.928775 0.758781 0
0.9378 0.767265 0
0.946797 0.76785 0
0.937167 0.776517 0
0.93246 0.785092 0
0.932455 0.790306 0
0.929383 0.79712 0
0.904892 0.807624 0
0.878005 0.811508 0
0.879643 0.819179 0
0.879193 0.817612 0
0.872504 0.820854 0
0.857024 0.82508 0
0.824801 0.821321 0
0.791259 0.821924 0
0.771336 0.812308 0
0.733926 0.803143 0
0.712772 0.795226 0
0.689623 0.782837 0
0.672949 0.779673 1
0.637348 0.788165 0
0.593823 0.784872 0
0.569286 0.781143 0
0.532389 0.785567 0
0.508924 0.785259 0
0.481293 0.784617 0
0.463935 0.777808 0
0.443061 0.763545 0
0.447109 0.737103 0
0.431471 0.732813 0
0.428347 0.712122 0
0.42414 0.69367 0
0.417478 0.680664 0
0.404182 0.671357 0
0.387368 0.659238 0
0.38355 0.633708 0
0.383422 0.607126 0
0.338421 0.622334 0
0.324862 0.606636 0
0.305996 0.57438 0
0.292113 0.564555 0
0.288861 0.550726 0
0.28475 0.549235 1
0.275517 0.53722 0
0.260582 0.520179 0
0.238291 0.506745 0
0.236725 0.496471 0
0.235417 0.4855 0
0.232461 0.466454 0
0.214952 0.446831 0
0.214642 0.422453 0
0.205372 0.403698 0
0.199795 0.381504 0
0.175997 0.365111 0
0.170697 0.349639 0
0.16003 0.336208 0
0.147611 0.321959 0
0.123699 0.295863 0
0.108148 0.27639 0
0.0817472 0.254874 0
0.0775695 0.237352 0
0.0718599 0.223848 0
0.0733365 0.214169 0
0.0731424 0.207129 0
0.0755994 0.200237 1
0.0745179 0.191891 0
0.0763752 0.183528 0
0.0698398 0.173122 0
0.0726284 0.166783 0
0.0695568 0.157464 0
0.0858863 0.153162 0
0.0960558 0.141884 0
0.115225 0.138309 0
0.120584 0.12687 0
0.11938 0.0968394 0
0.12359 0.081108 0
0.127245 0.0499619 0
0.132545 0.0286912 0
0.148105 0.0204362 0
0.243851 0.0549538 0
0.296328 0.0338163 0
0.327412 0 0
0.356071 0.00169317 0
0.38693 0.00163481 0
0.410357 0.00541769 0
0.425183 0.00855049 0
0.435174 0.019697 0
0.466364 0.0269585 1
0.485455 0.0281317 0
0.517669 0.0334439 0
0.535457 0.0401349 0
0.550919 0.0388053 0
0.566937 0.0465554 0
0.601286 0.0586265 0
0.625801 0.0673722 0
0.63301 0.0917199 0
0.639291 0.107744 0
0.664439 0.129575 0
0.663291 0.152198 0
0.661905 0.172134 0
0.670338 0.185999 0
0.685147 0.21814 0
0.700103 0.244438 0
0.70862 0.260597 0
0.723217 0.291125 0
0.693382 0.318601 0
0.687849 0.32876 0
0.694311 0.352111 0
0.704497 0.358827 0
0.707775 0.374792 1
0.71465 0.386087 0
0.722405 0.411358 0
0.741108 0.428219 0
0.768462 0.439457 0
0.771101 0.458299 0
0.793795 0.471139 0
0.828228 0.496099 0
0.846895 0.509833 0
0.859564 0.524838 0
0.860172 0.53627 0
0.860647 0.591974 0
0.909593 0.637399 0
0.91832 0.660831 0
0.930134 0.676508 0
0.944795 0.714614 0
0.955254 0.750628 0
0.976193 0.761507 0
0.969182 0.76451 0
0.969849 0.769622 0
1 0.769964 0
0.988868 0.804099 0
0.998428 0.804415 0
0.995673 0.808933 1
