0.520506 0.689729 0
0.55113 0.702738 0
0.555846 0.704084 0
0.555608 0.704778 0
0.555594 0.70496 1
0.561201 0.707432 0
0.562787 0.71213 0
0.569217 0.714537 0
0.576246 0.716749 0
0.583627 0.718365 0
0.589871 0.72159 1
0.594771 0.72265 0
0.595154 0.725576 0
0.600856 0.727557 0
0.606584 0.728387 0
0.613251 0.730855 0
0.612832 0.735353 0
0.617257 0.738581 0
0.622229 0.742664 0
0.625588 0.745896 0
0.630012 0.750423 1
0.632193 0.752838 0
0.638537 0.754432 0
0.637407 0.758396 0
0.643504 0.759921 0
0.64166 0.762778 0
0.644018 0.765411 0
0.647171 0.769803 0
0.646437 0.772266 1
0.646963 0.774525 0
0.647176 0.776349 0
0.646188 0.777896 0
0.647329 0.780449 0
0.64505 0.781834 0
0.645033 0.784326 1
0.640778 0.789782 0
0.641695 0.788369 0
0.63632 0.790892 0
0.634023 0.793613 0
0.629323 0.794389 0
0.626105 0.793758 0
0.620287 0.795462 0
0.616697 0.791079 0
0.613169 0.794602 0
0.611574 0.790332 0
0.60964 0.788186 0
0.607452 0.784202 1
0.604291 0.789603 0
0.604118 0.797949 0
0.602673 0.804327 0
0.599739 0.809371 0
0.593147 0.807761 0
0.59355 0.814802 0
0.594455 0.82655 0
0.597195 0.832297 0
0.603887 0.843037 0
0.620061 0.853783 0
0.63264 0.85555 0
0.638411 0.860674 0
0.64722 0.864934 0
0.652668 0.868518 0
0.660196 0.872957 0
0.665704 0.877402 0
0.669427 0.884394 0
0.673307 0.890862 0
0.677382 0.898678 0
0.677216 0.906566 0
0.685075 0.914464 0
0.688447 0.923505 1
0.692772 0.933745 0
0.697119 0.939873 0
0.703609 0.947892 0
0.711365 0.956196 0
0.712544 0.964941 0
0.71062 0.968455 0
0.705212 0.969422 0
0.697448 0.971129 0
0.695948 0.977131 0
0.698178 0.978132 0
0.695481 0.983729 0
0.690403 0.984822 0
0.689289 0.988121 0
0.685004 0.989781 1
0.683914 0.99207 0
0.685304 0.995504 0
0.665933 0.989691 0
0.653078 0.989202 0
0.64779 0.989823 0
0.644527 0.998247 0
0.625089 0.99368 0
0.618335 0.993883 0
0.60653 0.999678 0
0.598212 1 1
0.58141 0.999894 0
0.569975 0.999419 0
0.553429 0.998522 0
0.539516 0.997569 0
0.527772 0.995381 0
0.513211 0.993244 0
0.498197 0.98477 0
0.489634 0.987606 1
0.478182 0.992675 0
0.452428 0.982232 0
0.436451 0.986042 0
0.420039 0.981615 0
0.406133 0.97766 0
0.395853 0.975764 0
0.375191 0.970029 0
0.361192 0.971443 0
0.349973 0.962062 0
0.336942 0.950463 1
0.323328 0.946788 0
0.310387 0.942703 0
0.299407 0.941667 0
0.291468 0.940304 0
0.272344 0.935116 0
0.260339 0.935132 0
0.248784 0.92128 0
0.238063 0.92026 0
0.232394 0.912079 0
0.224546 0.907023 0
0.216388 0.901391 0
0.207675 0.895958 0
0.203348 0.887452 0
0.199254 0.885967 0
0.194874 0.888117 0
0.189869 0.876484 1
0.181657 0.873314 0
0.171724 0.867852 0
0.162526 0.8641 0
0.151646 0.85881 0
0.14537 0.847761 0
0.143231 0.83246 0
0.136056 0.821836 0
0.129498 0.812082 0
0.122914 0.800299 0
0.116901 0.788955 0
0.1156 0.775008 0
0.107812 0.762303 0
0.0995371 0.746117 0
0.10016 0.731454 1
0.0896885 0.705998 0
0.0761012 0.694443 0
0.0768895 0.661882 0
0.0666552 0.644719 0
0.0585477 0.624074 0
0.0529161 0.607689 1
0.0458507 0.585546 0
0.0400562 0.573842 0
0.0373991 0.554485 0
0.0217713 0.535928 0
0.0264589 0.514711 0
0.0223824 0.497183 1
0.0187847 0.480933 0
0.00486984 0.459088 0
0.00297161 0.440833 0
0.0106674 0.420597 0
0 0.400186 0
0.00125548 0.384359 0
0.000290741 0.370949 0
0.0105547 0.350623 0
0.0136709 0.330345 0
0.0167549 0.316919 1
0.0193667 0.300989 0
0.0157607 0.282577 0
0.0324986 0.252409 0
0.0339884 0.238754 0
0.043108 0.220957 0
0.057607 0.21097 0
0.0697772 0.194626 0
0.0925138 0.186073 1
0.105798 0.16871 0
0.11987 0.141439 0
0.133038 0.125872 0
0.151641 0.11082 0
0.165719 0.0978157 0
0.179781 0.080515 0
0.184624 0.0774854 0
0.200664 0.0723337 1
0.21194 0.0640898 0
0.224661 0.0563753 0
0.230653 0.0472653 0
0.251975 0.0410147 1
0.266928 0.0294563 0
0.282368 0.0211459 0
0.296367 0.0145517 0
0.309067 0.00146 0
0.321683 0.00354281 0
0.333908 0 1
0.345325 0.0033627 0
0.355629 0.00186664 0
0.36708 0.00093851 0
0.373443 0.0076555 0
0.385248 0.00943021 0
0.395361 0.0099114 0
0.404565 0.0109648 0
0.413769 0.00774102 0
0.422565 0.00440158 0
0.429893 0.00823107 0
0.434954 0.0107002 0
0.4443 0.0113853 1
0.455623 0.0196443 0
0.467224 0.02794 0
0.478158 0.0364356 0
0.487155 0.0435399 0
0.495047 0.0506699 0
0.507982 0.0622113 0
0.521471 0.0685906 0
0.528174 0.0780582 0
0.534786 0.0885872 0
0.540527 0.0955563 0
0.553124 0.0989145 0
0.554227 0.118778 0
0.560398 0.128291 0
0.56954 0.143493 1
0.575233 0.153959 0
0.584468 0.1624 0
0.590086 0.172501 0
0.594913 0.188742 0
0.599854 0.19618 0
0.606122 0.211801 0
0.604708 0.227528 0
0.608538 0.241143 1
0.607768 0.247297 0
0.598291 0.255283 0
0.590455 0.267348 0
0.587785 0.289191 0
0.597385 0.291988 0
0.602674 0.315776 0
0.604659 0.3347 0
0.601888 0.34436 0
0.595345 0.35792 0
0.589722 0.37093 0
0.589805 0.376605 0
0.58643 0.384901 0
0.563711 0.394043 0
0.563229 0.410211 0
0.578785 0.427164 0
0.583113 0.440192 0
0.578673 0.449262 0
0.570525 0.458084 0
0.570176 0.467256 0
0.577592 0.480805 0
0.585592 0.492672 0
0.584707 0.501337 0
0.582349 0.508852 0
0.580157 0.51487 1
0.579016 0.513934 0
0.580663 0.51349 0
0.583079 0.508344 0
0.589193 0.502724 0
0.616511 0.471081 0
0.674737 0.45719 0
0.689331 0.456608 0
0.68624 0.453169 0
0.719347 0.462499 0
0.734299 0.469228 0
0.743601 0.474597 0
0.742709 0.473719 0
0.765082 0.488233 0
0.774077 0.494792 1
0.781804 0.489252 0
0.790831 0.482424 0
0.800335 0.478546 0
0.809888 0.476466 0
0.841558 0.469355 0
0.862576 0.474033 0
0.877942 0.477225 0
0.880103 0.479503 0
0.896903 0.489348 0
0.902577 0.49419 1
0.907298 0.491836 0
0.914889 0.49206 0
0.928779 0.488223 0
0.931696 0.490588 0
0.943078 0.490675 0
0.943926 0.493605 0
0.953391 0.495469 0
0.962757 0.498896 0
0.965978 0.503483 0
0.968007 0.509485 1
0.974971 0.511872 0
0.967054 0.515167 0
0.969658 0.51881 0
0.968515 0.52115 0
0.967105 0.523702 0
0.963185 0.525007 1
0.958286 0.531796 0
0.958386 0.537262 0
0.951042 0.540179 0
0.940409 0.541609 0
0.932813 0.546766 0
0.919168 0.544659 1
0.913949 0.551714 0
0.9108 0.558678 0
0.881541 0.564838 0
0.868946 0.566334 0
0.862517 0.568202 0
0.848483 0.566255 1
0.832365 0.579698 0
0.829566 0.589053 0
0.808207 0.58944 0
0.790542 0.590901 0
0.778642 0.589725 0
0.766327 0.586727 1
0.767145 0.59076 0
0.767043 0.594812 0
0.76711 0.596578 0
0.767758 0.599216 0
0.774581 0.617692 0
0.591915 0.622149 0
0.593255 0.615341 0
0.591576 0.615734 0
0.589493 0.618975 0
0.588476 0.621091 0
0.588312 0.620486 0
0.588018 0.621553 1
0.588009 0.6225 0
0.587366 0.623163 0
0.586343 0.624594 0
0.586456 0.624294 0
0.583535 0.627585 0
0.582986 0.627787 0
0.581453 0.629186 0
0.580342 0.631675 0
0.576043 0.633081 0
0.578098 0.631844 0
0.576825 0.632775 0
0.575424 0.634489 0
0.570787 0.634943 0
0.571289 0.634633 0
0.556422 0.634104 0
0.551493 0.627865 0
0.445724 0.627855 0
0.424921 0.648776 0
0.425884 0.651347 0
0.42534 0.651515 0
0.425037 0.650602 0
0.425514 0.6517 0
0.424647 0.651456 0
0.424431 0.652203 0
0.424647 0.652384 0
0.424638 0.6524 1
0.425256 0.651913 0
0.425546 0.651536 0
0.424916 0.652408 0
0.426545 0.651734 0
0.427514 0.651928 0
0.428385 0.651169 0
0.429984 0.651484 0
0.430528 0.65163 0
0.431201 0.651284 0
0.430634 0.651595 0
0.431866 0.65166 0
0.434453 0.651046 0
0.434659 0.651783 0
0.435714 0.652783 0
0.438916 0.652494 0
0.440223 0.653546 0
0.440828 0.654352 0
0.443379 0.653962 1
0.446152 0.657724 0
0.444658 0.655163 0
0.447696 0.670356 0
0.445252 0.675154 0
0.443217 0.680189 0
0.439794 0.68378 0
0.428897 0.681359 0
0.433766 0.687821 0
0.426827 0.684534 0
0.417186 0.675207 0
0.412238 0.658237 0
0.410354 0.656784 0
0.409696 0.656662 0
0.408454 0.656763 0
0.40864 0.656867 0
0.407824 0.656573 0
0.407244 0.656671 0
0.407305 0.6568 0
0.407634 0.65702 0
0.406118 0.656419 0
0.406101 0.656595 0
0.405789 0.656524 0
0.404945 0.656468 0
0.404944 0.656456 0
0.404933 0.656448 0
0.404867 0.656423 0
0.404667 0.656448 0
0.404675 0.656434 0
0.404677 0.656434 0
0.40468 0.656438 0
0.404696 0.656415 0
0.404862 0.656435 0
0.404672 0.656419 0
0.404676 0.656434 1
0.403513 0.656468 0
0.401955 0.656562 0
0.401598 0.655699 0
0.400217 0.656515 0
0.398793 0.656947 0
0.397788 0.654793 0
0.396196 0.654606 0
0.394261 0.656572 1
0.392779 0.657212 0
0.391805 0.656021 0
0.390422 0.656611 0
0.389127 0.655924 0
0.388135 0.656648 0
0.386983 0.656661 1
0.385639 0.656672 0
0.383594 0.654169 0
0.381523 0.650021 0
0.380701 0.65198 0
0.379108 0.653462 0
0.377614 0.649853 0
0.37648 0.651328 0
0.374991 0.655752 0
0.373727 0.655522 0
0.372951 0.656024 0
0.371905 0.655972 0
0.370104 0.656162 0
0.367893 0.655951 0
0.368433 0.656098 0
0.366729 0.656692 0
0.365175 0.656814 1
0.361821 0.656815 0
0.36509 0.656814 0
0.363083 0.656816 0
0.364975 0.656811 0
0.365154 0.656817 0
0.365066 0.656813 0
0.365699 0.656812 0
