0.349545 0.655075 0
0.349713 0.655102 0
0.349684 0.655098 1
0.349351 0.655037 0
0.349024 0.654798 0
0.348761 0.654728 0
0.348342 0.655046 0
0.348075 0.654815 0
0.347456 0.655034 0
0.347263 0.655258 0
0.347078 0.654929 0
0.346936 0.654788 0
0.346779 0.654629 1
0.346327 0.654066 0
0.345833 0.653767 0
0.344887 0.65365 0
0.344312 0.653115 0
0.34367 0.652412 0
0.342286 0.652862 0
0.341328 0.652366 0
0.34017 0.652183 0
0.339479 0.650921 0
0.339043 0.652601 0
0.338162 0.653239 0
0.337778 0.653173 1
0.334259 0.6526 0
0.33116 0.651988 0
0.328667 0.652036 0
0.326026 0.651255 1
0.322191 0.652086 0
0.319018 0.652329 0
0.316227 0.652422 0
0.315018 0.652117 0
0.313347 0.649332 0
0.312412 0.649024 1
0.310093 0.648354 0
0.308614 0.647347 0
0.307866 0.647335 0
0.306493 0.646885 0
0.304997 0.646981 0
0.301554 0.646188 0
0.298785 0.646178 0
0.296875 0.642472 0
0.270851 0.638541 0
0.275099 0.6427 1
0.275745 0.64374 0
0.276454 0.64492 0
0.277255 0.644228 0
0.277971 0.64446 0
0.278324 0.644199 0
0.27891 0.644425 0
0.278824 0.644681 0
0.278841 0.644782 1
0.279095 0.64511 0
0.279151 0.645645 0
0.280136 0.646324 0
0.281253 0.647405 0
0.284053 0.648113 0
0.285245 0.64883 0
0.286598 0.649543 0
0.28758 0.650043 0
0.288655 0.648177 0
0.265397 0.655341 0
0.410203 0.729796 0
0.423653 0.730752 0
0.552209 0.73128 0
0.565178 0.738061 0
0.567562 0.735263 0
0.56748 0.734797 0
0.564156 0.735939 0
0.562914 0.73689 0
0.56185 0.737737 0
0.559725 0.738862 0
0.563103 0.737401 0
0.563902 0.73727 0
0.567766 0.735443 0
0.566579 0.736668 0
0.568178 0.735316 0
0.569067 0.734395 1
0.574352 0.73689 0
0.584562 0.736149 0
0.60401 0.745697 0
0.619205 0.747991 0
0.634108 0.751768 0
0.662733 0.756624 0
0.680213 0.766775 0
0.682147 0.770648 0
0.687912 0.773292 0
0.695064 0.776709 1
0.706535 0.780878 0
0.721661 0.779553 0
0.734023 0.78563 0
0.740622 0.788134 0
0.752545 0.792058 0
0.763395 0.802477 1
0.773432 0.800839 0
0.779335 0.804326 0
0.787939 0.805542 0
0.798361 0.811825 0
0.805212 0.815327 0
0.81502 0.819898 0
0.823687 0.825836 0
0.83412 0.832359 1
0.845196 0.832027 0
0.849454 0.836569 0
0.861286 0.837126 0
0.866395 0.840748 0
0.87438 0.844282 0
0.881375 0.846937 0
0.894013 0.851184 0
0.897426 0.856341 0
0.906072 0.862008 0
0.912294 0.869209 1
0.918735 0.872764 0
0.926469 0.872442 0
0.933826 0.876667 0
0.941721 0.880825 0
0.949027 0.885433 0
0.955128 0.889747 0
0.959163 0.893118 0
0.964931 0.900724 1
0.970028 0.902368 0
0.972964 0.90583 0
0.976787 0.910161 0
0.979162 0.912607 1
0.97937 0.914986 0
0.980539 0.916371 0
0.983197 0.91992 0
0.982673 0.920312 0
0.984225 0.923903 0
0.987227 0.926824 0
0.985466 0.928705 0
0.985668 0.931891 0
0.983926 0.934866 0
0.983169 0.93746 1
0.981443 0.941254 0
0.979003 0.944984 0
0.97387 0.945808 0
0.973726 0.950023 0
0.965714 0.94907 0
0.963618 0.95078 0
0.960324 0.952445 0
0.956681 0.95361 0
0.955061 0.955283 0
0.95312 0.956266 1
0.951281 0.959564 0
0.9429 0.960568 0
0.936225 0.961753 0
0.927555 0.963163 0
0.91675 0.964143 0
0.910136 0.964553 0
0.901462 0.965354 0
0.885283 0.959814 1
0.871356 0.959839 0
0.855025 0.959703 0
0.836663 0.959446 0
0.819517 0.959138 1
0.809781 0.967358 0
0.790306 0.967368 0
0.759848 0.966376 0
0.749386 0.965072 0
0.726288 0.956299 0
0.703802 0.954818 1
0.668269 0.964785 0
0.641085 0.974708 0
0.617731 0.984351 0
0.589003 0.983193 0
0.558689 0.979756 0
0.539127 0.982915 0
0.506591 0.950717 0
0.488849 0.965207 0
0.459452 0.949946 0
0.439031 0.938477 1
0.406438 0.952779 0
0.388146 0.952183 0
0.363457 0.968123 0
0.351443 0.964218 0
0.340401 0.961912 0
0.31173 0.997345 0
0.300298 1 0
0.294735 0.988392 0
0.283777 0.995371 0
0.203076 0.922469 0
0.160048 0.917875 0
0.149982 0.924739 0
0.147497 0.930699 0
0.139209 0.940629 1
0.136164 0.944527 0
0.133433 0.947946 0
0.13072 0.951146 0
0.127878 0.954664 0
0.125414 0.957739 0
0.124458 0.960556 0
0.120346 0.963037 0
0.117969 0.96549 1
0.115755 0.967692 0
0.111169 0.970081 0
0.109759 0.97332 0
0.106909 0.975971 0
0.104282 0.97834 0
0.101731 0.980524 1
0.0994853 0.982326 0
0.0974303 0.982863 0
0.0953571 0.985243 0
0.0938958 0.987281 0
0.0916716 0.988556 0
0.0884758 0.987729 0
0.0861178 0.988785 0
0.0838574 0.990921 1
0.0814594 0.991706 0
0.0793241 0.992227 0
0.0771191 0.993753 0
0.0748546 0.992889 0
0.0722789 0.990572 0
0.0705557 0.99434 0
0.0681062 0.997289 0
0.0658135 0.99307 0
0.063196 0.994015 0
0.0606916 0.9922 1
0.0583472 0.991326 0
0.0561381 0.98955 0
0.0537524 0.989868 0
0.0516864 0.988838 0
0.0495532 0.987502 0
0.0472185 0.985771 1
0.0445812 0.983724 0
0.0427096 0.982218 0
0.0406377 0.980016 0
0.0388909 0.977679 0
0.0363135 0.97596 0
0.036844 0.972712 0
0.0331663 0.970804 0
0.0331018 0.967598 1
0.0318203 0.964946 0
0.0293174 0.962473 0
0.0278215 0.959563 0
0.0284709 0.955903 1
0.0293761 0.951208 0
0.0264614 0.947362 0
0.0282346 0.942925 0
0.0251011 0.939861 0
0.0268376 0.935442 0
0.0232864 0.929674 1
0.0153972 0.922378 0
0.0123772 0.91545 0
0.00978254 0.908083 0
0.0199789 0.905401 0
0.0127358 0.896212 0
0.0185455 0.891676 0
0.0178763 0.884605 0
0.0172462 0.877201 0
0.0166899 0.870248 0
0.0160958 0.861909 1
0.0172358 0.849004 0
0.0184921 0.833985 0
0.0177262 0.818553 0
0.0115813 0.803778 0
0.0121993 0.793044 0
0.0114788 0.782726 0
0.0113802 0.770976 0
0.0117021 0.761642 0
0.00474324 0.750069 0
0 0.740863 0
0.00134063 0.732354 0
0.00457924 0.725691 0
0.0111676 0.721269 0
0.00808153 0.712568 0
0.0128384 0.70768 0
0.0150663 0.703796 0
0.0151074 0.699104 0
0.0172929 0.69572 1
0.0182005 0.686767 0
0.0194072 0.676113 0
0.0208904 0.663773 0
0.0223839 0.652199 0
0.024272 0.638335 0
0.0268279 0.619951 0
0.0300538 0.596966 0
0.0336904 0.571644 1
0.0263421 0.550766 0
0.0295274 0.530449 0
0.0338561 0.510548 0
0.0320119 0.489176 0
0.0363993 0.485653 0
0.0427012 0.476532 0
0.0437157 0.468649 0
0.0504364 0.45879 1
0.052508 0.448286 0
0.0548074 0.437274 0
0.0570892 0.426807 0
0.0597171 0.415251 0
0.0626759 0.402473 0
0.0656445 0.389972 1
0.0685435 0.378 0
0.0715601 0.366123 0
0.0748441 0.35366 0
0.0784099 0.340429 1
0.0819731 0.32754 0
0.0856584 0.314578 0
0.0891975 0.302646 0
0.0864876 0.287642 0
0.0908562 0.275232 0
0.100444 0.263203 0
0.104473 0.25241 0
0.108051 0.241203 1
0.111632 0.230249 0
0.115705 0.217966 0
0.114252 0.208253 0
0.117746 0.199989 0
0.124446 0.192764 0
0.125892 0.188979 1
0.129213 0.180396 0
0.13215 0.172754 0
0.137595 0.170181 0
0.139995 0.164381 0
0.142475 0.157908 0
0.144538 0.149889 0
0.147382 0.145755 0
0.151059 0.141975 0
0.154132 0.136712 0
0.155151 0.129279 0
0.158647 0.12474 0
0.162357 0.119804 1
0.166543 0.117448 0
0.171153 0.112857 0
0.176619 0.107105 0
0.183248 0.100481 0
0.191601 0.0854374 0
0.200221 0.0758606 1
0.209047 0.0600178 0
0.213045 0.0498183 0
0.220509 0.0430909 0
0.226448 0.0385301 0
0.230352 0.0378697 0
0.23751 0.0370549 1
0.241408 0.0336473 0
0.24518 0.0282215 0
0.248939 0.0251716 0
0.253628 0.0244582 1
0.25812 0.0215169 0
0.262596 0.0188836 0
0.266927 0.0164314 0
0.271441 0.0140706 0
0.276033 0.0118731 0
0.280284 0.0100336 1
0.284657 0.00837246 0
0.288613 0.00704965 0
0.292711 0.00382525 0
0.296626 0.00099155 0
0.300486 0.00228104 0
0.304556 0.00380437 1
0.308625 0.00346982 0
0.317094 0 0
0.322726 0.000274501 0
0.326683 0.00131614 0
0.330168 0.00335197 0
0.336238 0.00401133 1
0.342424 0.00186792 0
0.345874 0.00211704 0
0.350444 0.00284925 0
0.355653 0.0039603 0
0.359887 0.00544869 0
0.367347 0.00299096 0
0.370694 0.0106186 0
0.375034 0.0129639 0
0.378657 0.015176 0
0.381945 0.0191272 1
0.385453 0.0215874 0
0.391787 0.0216614 0
0.398869 0.0253754 0
0.399742 0.0318563 0
0.403925 0.037416 0
0.408089 0.0422101 0
0.412015 0.0471094 0
0.415667 0.0517153 0
0.419203 0.056499 0
0.422279 0.0605648 0
0.426098 0.0639396 0
0.426864 0.0691767 1
0.429764 0.0732573 0
0.433641 0.0788395 0
0.438001 0.0824791 0
0.438898 0.0885883 0
0.440892 0.0933578 0
0.442955 0.100101 0
0.443512 0.105064 0
0.444224 0.106596 0
0.445342 0.110387 0
0.444239 0.11141 1
0.444673 0.112654 0
0.444537 0.112829 0
0.445084 0.115441 0
0.443463 0.118994 0
0.44424 0.132346 0
0.447344 0.152943 0
0.447088 0.164357 0
0.449377 0.176754 0
0.436255 0.184542 0
0.439533 0.202474 0
0.439462 0.218042 0
0.433386 0.231623 0
0.433332 0.248358 0
0.431109 0.263862 0
0.431837 0.281798 0
0.428794 0.295639 0
0.424501 0.30973 0
0.426619 0.326265 0
0.420326 0.337869 0
0.417951 0.357304 0
0.419359 0.368066 0
0.415607 0.385765 0
0.412077 0.39799 0
0.410005 0.409701 0
0.410757 0.416226 0
0.413991 0.418021 0
0.414376 0.420977 0
0.414124 0.424635 0
0.415634 0.43035 0
0.416576 0.431948 1
0.417815 0.432012 0
0.421788 0.431532 0
0.4243 0.430977 0
0.426542 0.431831 0
0.430595 0.429883 0
0.432312 0.433005 0
0.437576 0.429829 0
0.432971 0.438333 0
0.432815 0.438631 0
0.438427 0.434837 0
0.440222 0.433712 0
0.443563 0.429953 0
0.445032 0.424595 0
0.449099 0.421075 0
0.449199 0.418968 0
0.454689 0.41482 0
0.461673 0.410213 0
0.467085 0.407411 0
0.472874 0.404383 0
0.474779 0.399577 0
0.481609 0.398515 0
0.488306 0.398477 0
0.493869 0.394862 0
0.501839 0.394032 0
0.504157 0.3937 0
0.506023 0.39331 1
0.508184 0.394274 0
0.51007 0.391076 0
0.511254 0.39105 0
0.512324 0.391244 0
0.515362 0.38881 0
0.517224 0.390445 0
0.519934 0.390822 0
0.521749 0.392624 0
0.522547 0.392921 0
0.523742 0.395221 0
0.526458 0.395368 0
0.530089 0.397499 0
0.53147 0.400306 0
0.534602 0.401604 0
0.536335 0.403017 0
0.536573 0.404275 1
0.536832 0.404509 0
0.537426 0.404923 0
0.537633 0.404987 0
0.537709 0.405227 0
0.538516 0.405481 0
0.538135 0.40634 0
0.537597 0.407188 0
0.538031 0.407602 0
0.537603 0.408161 0
0.537017 0.408609 0
0.536869 0.408426 0
0.535437 0.40859 0
0.534424 0.408648 0
0.5348 0.40962 0
0.535329 0.410844 0
0.535466 0.412964 0
0.533817 0.413476 0
0.53189 0.413552 0
0.530387 0.413436 0
0.530515 0.413107 0
0.530738 0.412738 0
0.530322 0.413019 0
0.531575 0.414404 0
0.530284 0.414031 0
0.528368 0.414993 0
0.526811 0.414526 0
0.525239 0.415275 0
0.524702 0.415605 0
0.522232 0.416046 0
0.520275 0.41553 0
0.519956 0.415484 0
0.518493 0.415561 0
0.516428 0.416192 0
0.515493 0.415521 0
0.513976 0.413625 0
0.517021 0.413863 0
0.497753 0.423699 0
0.371821 0.534223 0
0.377877 0.532331 0
0.379015 0.529782 0
0.378137 0.530266 0
0.375745 0.538092 0
0.375557 0.544517 0
0.377915 0.541447 0
0.378382 0.542291 0
0.378749 0.542171 0
0.377835 0.542245 0
0.373642 0.558939 0
0.374204 0.5622 0
0.374552 0.56347 0
0.374472 0.563175 0
0.374238 0.562969 0
0.373811 0.5622 0
0.374015 0.562983 0
0.374012 0.562869 0
0.374447 0.563487 0
0.37376 0.562679 0
0.374108 0.56338 0
0.373954 0.563148 0
0.374164 0.563548 0
0.374418 0.563453 0
0.374576 0.563447 1
0.376352 0.562242 0
0.377824 0.561279 0
0.37901 0.563447 0
0.379941 0.563738 0
0.381955 0.564438 0
0.382789 0.564918 0
0.382562 0.565421 0
0.386365 0.56488 0
0.388129 0.565528 0
0.389553 0.566598 1
0.391649 0.565702 0
0.396052 0.564925 0
0.399717 0.562886 0
0.409678 0.558325 0
0.411543 0.559053 0
0.420744 0.556236 0
0.424159 0.556131 0
0.430143 0.554442 0
0.434815 0.551709 0
0.445543 0.547433 0
0.447942 0.548919 0
0.452522 0.547867 0
0.4595 0.546628 0
0.473795 0.541292 0
0.475702 0.541564 0
0.487003 0.537175 0
0.490767 0.537944 0
0.493182 0.539145 0
0.498572 0.538094 0
0.503075 0.537905 0
0.508216 0.538528 0
0.513719 0.536964 0
0.511917 0.538595 0
0.510731 0.541983 0
0.514595 0.540611 0
0.517556 0.539865 0
0.523281 0.538801 0
0.52816 0.538797 0
0.534444 0.537389 0
0.537615 0.536622 0
0.540352 0.536423 0
0.54213 0.535973 0
0.544525 0.533852 0
0.549859 0.533124 0
0.553898 0.53164 0
0.558794 0.531874 0
0.561568 0.531932 0
0.562517 0.531051 0
0.563777 0.530855 0
0.566398 0.529388 0
0.571014 0.528917 0
0.573764 0.528601 0
0.575828 0.528178 0
0.578103 0.526792 0
0.58507 0.524904 0
0.587657 0.524563 0
0.591277 0.524778 0
0.595058 0.525328 0
0.599805 0.525465 0
0.602681 0.525347 1
0.602681 0.525347 0
0.602681 0.525347 0
0.602682 0.525347 0
0.602685 0.525347 0
0.602673 0.525332 0
0.602752 0.525217 0
0.603227 0.524364 0
0.607475 0.524454 0
