0.478909 0.231092 0
0.478968 0.231108 0
0.478983 0.231118 0
0.478986 0.231121 0
0.478985 0.231121 0
0.478985 0.231121 0
0.478985 0.231121 0
0.478985 0.231121 0
0.478985 0.231121 0
0.478985 0.23112 0
0.478985 0.231121 0
0.478993 0.231148 0
0.478985 0.231121 1
0.478976 0.231123 0
0.479039 0.231174 0
0.479328 0.231262 0
0.479288 0.231277 0
0.47938 0.231307 0
0.479478 0.231351 0
0.479429 0.231345 0
0.479546 0.231323 0
0.479722 0.231435 0
0.480008 0.231623 0
0.480051 0.231555 0
0.48004 0.231511 0
0.480588 0.23137 0
0.480393 0.231463 0
0.480149 0.231562 0
0.480216 0.231648 0
0.48009 0.23166 0
0.480287 0.231353 0
0.480298 0.231457 0
0.480357 0.231581 0
0.480681 0.231663 0
0.480862 0.231568 0
0.480861 0.231413 0
0.480818 0.231481 0
0.48077 0.231799 0
0.480902 0.231835 0
0.4811 0.231908 0
0.481021 0.231999 0
0.481498 0.232187 0
0.481425 0.231977 0
0.481655 0.23172 0
0.481514 0.23195 0
0.481388 0.232135 0
0.481908 0.232453 0
0.482184 0.232411 0
0.481806 0.23267 0
0.481887 0.232828 0
0.482071 0.232854 0
0.482627 0.232863 0
0.482567 0.232926 0
0.48256 0.232933 0
0.482384 0.233087 0
0.482272 0.233261 0
0.482887 0.233146 0
0.482989 0.233126 0
0.482943 0.233163 0
0.482676 0.233651 0
0.482667 0.23388 0
0.483282 0.23334 0
0.482931 0.233991 0
0.482861 0.233996 0
0.482947 0.233928 0
0.483641 0.233427 0
0.483329 0.233901 0
0.48347 0.233902 0
0.484009 0.233422 0
0.483838 0.233824 0
0.484263 0.233552 0
0.48445 0.233746 0
0.484721 0.233734 0
0.484692 0.234007 0
0.484778 0.233836 0
0.485019 0.234021 0
0.485191 0.234158 0
0.485649 0.234161 0
0.485528 0.234042 0
0.48607 0.234211 0
0.486087 0.234393 0
0.486254 0.234157 0
0.486516 0.234693 0
0.486769 0.23487 0
0.48703 0.235022 0
0.48724 0.235246 0
0.487453 0.23528 0
0.487585 0.235354 0
0.487692 0.235435 1
0.487805 0.235507 0
0.488081 0.235692 0
0.488031 0.235589 0
0.488769 0.236036 0
0.4885 0.235862 0
0.48913 0.236109 0
0.488814 0.236 0
0.488888 0.235989 0
0.488891 0.236063 0
0.489391 0.236198 0
0.489871 0.236479 0
0.490495 0.236885 0
0.490756 0.237052 0
0.491178 0.237214 0
0.491748 0.23742 0
0.491426 0.237267 0
0.492014 0.238275 0
0.492925 0.23852 0
0.493387 0.238954 0
0.493368 0.239111 1
0.494807 0.240815 0
0.497408 0.245715 0
0.499913 0.246574 0
0.501828 0.251089 0
0.503874 0.254043 0
0.507475 0.257106 0
0.508254 0.260287 0
0.51202 0.257176 0
0.513529 0.265388 0
0.520982 0.267022 0
0.522272 0.272654 0
0.525646 0.275427 0
0.530859 0.2758 0
0.537004 0.278 0
0.542544 0.281144 0
0.547328 0.282426 0
0.550829 0.289843 0
0.560575 0.290103 0
0.567294 0.292166 0
0.574663 0.294734 0
0.579464 0.296559 0
0.584633 0.299803 0
0.593263 0.299627 0
0.599234 0.302899 0
0.60478 0.306194 0
0.609795 0.308286 1
0.613693 0.313558 0
0.616208 0.318205 0
0.625492 0.323831 0
0.631814 0.328393 0
0.647941 0.338091 0
0.652814 0.34484 0
0.664054 0.351141 0
0.675612 0.352907 0
0.685135 0.366525 0
0.69765 0.37214 0
0.713282 0.372876 0
0.714348 0.383607 0
0.731717 0.384763 0
0.747982 0.391667 0
0.756446 0.397006 0
0.763039 0.404557 0
0.770942 0.410471 0
0.779681 0.416396 1
0.788541 0.422386 0
0.795333 0.427114 0
0.803694 0.432864 0
0.803791 0.442761 0
0.813928 0.449381 0
0.822718 0.454568 0
0.83001 0.457932 0
0.842261 0.463498 0
0.851238 0.465085 0
0.859009 0.472805 0
0.864224 0.480858 0
0.872106 0.482846 1
0.878577 0.484281 0
0.881526 0.487574 0
0.884165 0.490969 0
0.888699 0.498316 0
0.896283 0.499219 0
0.902712 0.505981 0
0.904526 0.510173 0
0.908877 0.513644 0
0.913656 0.516683 0
0.915815 0.522244 1
0.928098 0.52544 0
0.929867 0.533927 0
0.940915 0.540567 0
0.945809 0.547382 0
0.947581 0.55479 0
0.948602 0.559676 1
0.951906 0.563901 0
0.958144 0.572683 0
0.964875 0.571835 0
0.969234 0.572449 0
0.971865 0.576778 0
0.972843 0.580859 0
0.97397 0.58721 0
0.973787 0.594588 1
0.979987 0.599601 0
0.985314 0.604194 0
0.991717 0.606615 0
0.988237 0.615355 0
0.990547 0.621142 0
0.992031 0.62604 0
0.99364 0.630368 0
0.992569 0.63584 1
0.993544 0.640387 0
0.998179 0.643529 0
1 0.648033 0
0.999651 0.654347 0
0.995206 0.656558 0
0.995507 0.661251 1
0.993896 0.66488 0
0.997244 0.669113 0
0.995283 0.672648 0
0.996945 0.675071 0
0.995445 0.678273 0
0.99288 0.679994 0
0.987956 0.68309 0
0.987647 0.685329 0
0.985521 0.687739 0
0.981444 0.688058 1
0.981074 0.691346 0
0.978189 0.695762 0
0.973895 0.695719 0
0.969144 0.695818 0
0.965004 0.698006 0
0.962163 0.702545 0
0.956922 0.70135 0
0.949447 0.699922 1
0.939434 0.706612 0
0.931731 0.712132 0
0.927752 0.707239 0
0.925293 0.704651 0
0.915909 0.706158 0
0.905479 0.707648 0
0.89213 0.709389 0
0.878426 0.711062 1
0.866208 0.718495 0
0.854348 0.719573 0
0.842681 0.721373 0
0.82779 0.723485 0
0.817915 0.722138 0
0.802608 0.728878 0
0.789939 0.718666 0
0.775247 0.719635 1
0.755271 0.720877 0
0.735344 0.722027 0
0.716917 0.723002 0
0.695818 0.724051 1
0.672658 0.725119 0
0.651612 0.735738 0
0.633892 0.735331 0
0.611209 0.732512 0
0.592885 0.727816 0
0.582183 0.728254 1
0.550381 0.72892 0
0.532314 0.729262 0
0.507419 0.729485 0
0.493037 0.727157 0
0.478019 0.726612 0
0.465657 0.726087 0
0.451931 0.729542 0
0.443475 0.729335 1
0.431464 0.729101 0
0.419714 0.728778 0
0.40353 0.730763 0
0.39073 0.731004 0
0.374486 0.731919 0
0.359185 0.731243 0
0.349999 0.725935 0
0.336416 0.725207 1
0.32453 0.724446 0
0.315822 0.728849 0
0.302928 0.728226 0
0.295315 0.732574 0
0.284946 0.736233 0
0.269133 0.73592 0
0.25734 0.73375 0
0.248044 0.73038 0
0.239246 0.734397 0
0.228435 0.732833 0
0.219878 0.73172 0
0.209621 0.718951 0
0.202412 0.712493 0
0.194422 0.706326 1
0.187306 0.704709 0
0.181085 0.711014 0
0.172248 0.709779 0
0.163986 0.703137 0
0.155256 0.70049 0
0.147784 0.698855 0
0.136903 0.690846 0
0.128314 0.688115 1
0.12172 0.689473 0
0.116256 0.686301 0
0.111088 0.685713 0
0.105126 0.682579 0
0.100015 0.679894 0
0.0927404 0.674551 0
0.085535 0.669012 0
0.0800812 0.665765 1
0.0743957 0.662431 0
0.0696111 0.65939 0
0.0637886 0.65987 0
0.0594746 0.656387 0
0.0564023 0.651671 0
0.0519409 0.647093 0
0.05047 0.64307 0
0.0474667 0.639906 1
0.0444148 0.636038 0
0.040369 0.630402 0
0.0367538 0.625289 0
0.0340569 0.621465 0
0.0313111 0.616729 0
0.0289356 0.612348 0
0.0232456 0.607146 0
0.0233917 0.600732 1
0.0210064 0.595176 0
0.0190295 0.589635 0
0.0139069 0.584199 0
0.0150999 0.577716 0
0.0166279 0.571291 0
0.0121806 0.565811 1
0.0079225 0.559734 0
0.00371055 0.554023 0
0.00551393 0.547206 0
0.00872535 0.538856 1
0.00839367 0.530992 0
0.00239232 0.524798 0
0 0.519373 0
0.0129706 0.509067 0
0.00719056 0.505432 0
0.0106599 0.498767 1
0.0117782 0.491831 0
0.0134805 0.48272 0
0.0114393 0.47702 0
0.0164372 0.469753 1
0.0154433 0.461507 0
0.0198033 0.457249 0
0.0219353 0.450416 0
0.0245651 0.443021 0
0.0233243 0.435137 0
0.0268511 0.427035 0
0.0343995 0.419419 0
0.0376565 0.412424 1
0.0406576 0.406395 0
0.045036 0.398134 0
0.0493546 0.390455 0
0.0542479 0.382232 0
0.0591435 0.374252 0
0.0644924 0.365926 1
0.0694781 0.358504 0
0.0751366 0.350456 0
0.0796262 0.336847 0
0.0827788 0.328418 0
0.0894727 0.324942 0
0.0947835 0.318116 0
0.105818 0.31029 0
0.111818 0.303174 1
0.117242 0.296979 0
0.123528 0.290136 0
0.132653 0.280728 0
0.138223 0.274343 0
0.143527 0.268408 0
0.149622 0.262603 0
0.154086 0.252554 0
0.161737 0.25066 1
0.169539 0.24331 0
0.176332 0.237054 0
0.1835 0.230483 0
0.191024 0.223724 0
0.198407 0.21723 0
0.20505 0.211524 1
0.211148 0.206426 0
0.21353 0.197972 0
0.221377 0.194641 0
0.228282 0.188071 0
0.235272 0.182436 0
0.242525 0.181283 0
0.250014 0.17169 0
0.254058 0.17215 0
0.260085 0.167518 0
0.26738 0.161885 1
0.272968 0.1577 0
0.275436 0.154086 0
0.282642 0.150532 0
0.285494 0.146943 0
0.290742 0.142604 0
0.297975 0.138031 0
0.302822 0.134676 0
0.307155 0.128535 0
0.312668 0.128482 0
0.317599 0.125834 0
0.320889 0.122085 0
0.330682 0.118471 0
0.336965 0.115281 0
0.34261 0.112765 0
0.347654 0.113285 0
0.352511 0.110907 0
0.357782 0.10834 0
0.363309 0.105774 1
0.365631 0.105464 0
0.368392 0.104313 0
0.371664 0.101379 0
0.374495 0.100474 0
0.380913 0.0977166 0
0.384133 0.0957159 0
0.3876 0.0952773 0
0.393373 0.0885014 0
0.398533 0.0873536 0
0.406614 0.0794551 0
0.410049 0.0788748 0
0.421436 0.0762917 0
0.431381 0.0734532 0
0.444359 0.0735448 0
0.453238 0.0686752 0
0.463511 0.068451 0
0.470725 0.0658486 0
0.479032 0.0660129 0
0.480108 0.0615135 0
0.486174 0.0595818 1
0.490498 0.0568662 0
0.494832 0.0544735 0
0.501511 0.0524558 0
0.502181 0.0486239 0
0.510452 0.0470783 0
0.513326 0.04379 0
0.523615 0.0451298 0
0.532164 0.0441375 0
0.540086 0.0430309 0
0.539168 0.0394457 0
0.546613 0.0375246 0
0.555045 0.0387594 1
0.55451 0.0382458 0
0.553812 0.0378768 0
0.553374 0.0371422 0
0.552533 0.0361989 0
0.552183 0.0346239 0
0.537629 0.0275222 0
0.598261 0.0139612 0
0.609572 0.022186 0
0.610953 0.0228213 0
0.611854 0.0231969 0
0.612301 0.0233435 0
0.612802 0.0233359 0
0.613388 0.0233705 0
0.613638 0.0233258 0
0.613989 0.0233949 0
0.614236 0.0234348 1
0.614639 0.0230658 0
0.615214 0.0222762 0
0.615366 0.0227865 0
0.62068 0.0174766 0
0.647908 0.00369524 0
0.655008 0.00205499 0
0.656562 0.00169057 0
0.6584 0.00113592 0
0.659647 0 0
0.661889 0.0106145 0
0.662106 0.0106613 0
0.662906 0.0113012 0
0.66301 0.0113889 0
0.664008 0.0120497 0
0.664222 0.0124036 0
0.664372 0.012775 1
0.664467 0.0129342 0
0.664607 0.0130877 0
0.664771 0.0132128 0
0.664895 0.0133822 0
0.665479 0.0132968 0
0.666124 0.0123806 0
0.673688 0.0106876 0
0.671455 0.0118258 0
0.671553 0.0119226 0
0.671458 0.0121375 1
0.671693 0.0125152 0
0.671726 0.012837 0
0.671616 0.0131138 0
0.671467 0.0134023 0
0.671296 0.0137483 0
0.670805 0.0138424 0
0.670606 0.0140059 0
0.670504 0.0141909 0
0.66994 0.0138955 0
0.669598 0.0137253 1
0.66961 0.0143188 0
0.669122 0.0148222 0
0.668589 0.0161005 0
0.668089 0.0160572 0
0.666245 0.017188 0
0.662856 0.0175673 0
0.662717 0.0175942 0
0.661784 0.0174427 0
0.661295 0.0168796 0
0.660927 0.0166306 1
0.660866 0.0167137 0
0.660759 0.0169077 0
0.660584 0.0172301 0
0.660127 0.0178884 0
0.659068 0.0199915 0
0.657617 0.0241071 0
0.655871 0.0289146 0
0.649132 0.0394822 0
0.641513 0.0429577 0
0.63532 0.0439832 0
0.633535 0.0441276 0
0.617293 0.0313572 0
0.617823 0.0287707 0
0.617453 0.0286937 0
0.617377 0.0286344 0
0.617371 0.0286117 1
0.616988 0.0291319 0
0.617566 0.0285399 0
0.614721 0.0348035 0
0.586085 0.0751695 0
0.573897 0.046992 0
0.570828 0.0411005 1
0.570734 0.0407308 0
0.570755 0.0430395 0
0.569608 0.0401575 0
0.56864 0.0413254 0
0.567958 0.0419165 0
0.56604 0.045425 0
0.565795 0.0435562 0
0.565535 0.0428567 0
0.56456 0.0429812 0
0.563888 0.0427062 0
0.563662 0.0419649 0
0.563308 0.041274 1
0.56312 0.0411948 0
0.563157 0.0411759 0
0.574018 0.0343528 0
0.57699 0.0369812 0
0.577232 0.0363876 0
0.577715 0.0361761 0
0.577974 0.0359762 0
0.578292 0.035868 1
0.57982 0.0344301 0
0.581247 0.0333701 0
0.582412 0.0325258 0
0.584692 0.031816 0
0.586336 0.0311007 0
0.589848 0.0303213 0
0.591851 0.0289642 0
0.595002 0.0293248 0
0.598185 0.028571 0
0.601472 0.0275249 0
0.603602 0.0282529 0
0.60771 0.0270971 1
0.608299 0.026833 0
0.606211 0.0263899 0
0.632952 0.0175044 0
0.631748 0.0207373 0
0.631897 0.0205771 0
0.631915 0.0205515 0
0.63189 0.0204855 0
0.631927 0.0205732 1
0.633943 0.0200507 0
0.636397 0.0194174 0
0.638721 0.0188209 0
0.640789 0.0182947 1
0.642804 0.0165386 0
0.645251 0.0160691 0
0.646753 0.0142975 0
0.649565 0.0133606 0
0.65255 0.0129149 0
0.654921 0.012479 0
0.657479 0.0130779 0
0.659399 0.013649 1
0.65957 0.0134222 0
0.659766 0.0134842 0
0.660169 0.0133371 0
0.661237 0.0126277 0
0.664866 0.00809828 0
0.665784 0.00850372 0
0.666581 0.00897939 0
0.667196 0.00970166 0
0.667447 0.0103412 0
0.667789 0.0106804 0
0.668163 0.0107788 0
0.66864 0.0109431 0
0.6689 0.011318 0
0.669337 0.0115918 0
0.669576 0.0117729 1
