1 0.663422 1
0.999417 0.662983 0
0.99837 0.663494 0
0.99804 0.662423 0
0.997196 0.661779 0
0.996223 0.662971 0
0.995729 0.662511 1
0.993317 0.660761 0
0.990897 0.660029 0
0.98765 0.65964 0
0.985308 0.660108 0
0.982943 0.65977 0
0.980015 0.659139 1
0.975536 0.650477 0
0.970544 0.656839 0
0.965327 0.658266 0
0.961389 0.655099 0
0.957318 0.65396 0
0.952895 0.654881 0
0.94982 0.650473 0
0.947094 0.651935 1
0.938913 0.650121 0
0.931536 0.648476 0
0.922235 0.646395 0
0.913145 0.640259 0
0.904518 0.637309 0
0.89026 0.626424 0
0.879661 0.632089 0
0.866119 0.635034 0
0.851895 0.626503 0
0.846452 0.629228 1
0.839259 0.627583 0
0.832158 0.624196 0
0.809649 0.620755 0
0.797997 0.624106 0
0.786087 0.624277 0
0.780645 0.61979 0
0.763598 0.619301 0
0.744594 0.605597 0
0.725607 0.601138 0
0.709905 0.597436 1
0.692072 0.59924 0
0.679345 0.590191 0
0.663847 0.586505 0
0.639582 0.580708 0
0.625708 0.577357 0
0.602942 0.571859 1
0.584696 0.577613 0
0.568289 0.583518 0
0.553759 0.591256 0
0.533087 0.582917 0
0.512859 0.581574 0
0.467054 0.559617 0
0.465317 0.572599 0
0.445986 0.564131 0
0.42727 0.557557 0
0.403318 0.535306 0
0.388763 0.528569 0
0.378955 0.521512 0
0.371244 0.512061 0
0.36525 0.510299 1
0.356613 0.512294 0
0.346472 0.515388 0
0.335163 0.512203 0
0.320939 0.505929 0
0.312132 0.501961 0
0.302665 0.497092 0
0.295941 0.494344 0
0.284012 0.496411 0
0.271417 0.489641 0
0.266144 0.481165 0
0.257947 0.475052 0
0.246214 0.470309 1
0.240314 0.471122 0
0.231223 0.469668 0
0.224853 0.464664 0
0.218033 0.460878 0
0.206952 0.464581 0
0.198388 0.459798 0
0.191881 0.450814 0
0.184571 0.445163 0
0.175049 0.43992 0
0.163736 0.435726 0
0.156761 0.430266 0
0.14535 0.424884 0
0.132556 0.42316 0
0.12789 0.412832 0
0.113326 0.407985 0
0.102329 0.402124 0
0.0919009 0.402238 0
0.0818467 0.39058 1
0.0729894 0.39072 0
0.0632142 0.388123 0
0.0620377 0.38451 0
0.0498839 0.383487 0
0.0475337 0.37653 0
0.0412856 0.370679 0
0.0371657 0.367178 0
0.0315816 0.361143 0
0.0298937 0.355669 0
0.0263475 0.349388 1
0.0221419 0.346128 0
0.0212533 0.342123 0
0.0145998 0.338672 0
0.0124352 0.333697 0
0.0128912 0.328525 0
0.0140534 0.323574 1
0.0101625 0.318122 0
0.00592971 0.310425 0
0.0067469 0.306054 0
0.00616311 0.299854 0
0.00187698 0.292649 0
0 0.284071 0
0.00256085 0.277927 0
0.00329852 0.269182 0
0.0140221 0.265116 0
0.0223313 0.261369 0
0.0250177 0.253138 0
0.0342298 0.248226 1
0.0335938 0.235458 0
0.0359133 0.226978 0
0.0349155 0.214833 0
0.0422856 0.206394 0
0.0437391 0.193177 0
0.0516382 0.191292 0
0.0505055 0.181766 0
0.0624702 0.178576 0
0.0711096 0.179399 0
0.0805317 0.178808 0
0.0835163 0.174396 0
0.0920802 0.177365 1
0.0969544 0.17378 0
0.103404 0.169519 0
0.107014 0.158612 0
0.116395 0.153337 0
0.124354 0.148827 0
0.135071 0.143937 0
0.143899 0.138374 0
0.158232 0.139176 0
0.170104 0.133317 0
0.180725 0.128206 0
0.189595 0.124109 0
0.198025 0.120345 0
0.206859 0.116565 0
0.215926 0.112858 1
0.223673 0.109643 0
0.234134 0.112296 0
0.242885 0.102604 0
0.253517 0.100459 0
0.260522 0.0965404 0
0.272738 0.092639 1
0.286246 0.088489 0
0.292897 0.0843652 0
0.307319 0.0803144 0
0.321127 0.0767146 0
0.33725 0.0739348 0
0.349214 0.0708569 0
0.359831 0.0682819 0
0.368796 0.0661227 1
0.377618 0.0631845 0
0.388555 0.0582925 0
0.396023 0.0518877 0
0.404533 0.0487554 0
0.415797 0.0514164 0
0.429674 0.0491875 0
0.447246 0.0475609 0
0.452337 0.0454538 0
0.463298 0.0491379 0
0.47585 0.0477027 1
0.479014 0.0384409 0
0.48947 0.0317117 0
0.497505 0.0269954 0
0.501808 0.0259951 0
0.516006 0.0199432 0
0.526737 0.0258871 0
0.534986 0.0327029 0
0.537043 0.026823 0
0.549956 0.0290734 0
0.553479 0.0299683 0
0.561195 0.0302255 0
0.569201 0.0312394 0
0.578125 0.0331373 0
0.581275 0.0365757 0
0.583135 0.0397764 0
0.589422 0.0430123 0
0.593338 0.045039 0
0.594516 0.0462083 0
0.596004 0.0468911 0
0.597483 0.0495325 0
0.598496 0.0506956 0
0.598865 0.0511714 1
0.599179 0.0524575 0
0.600511 0.0541637 0
0.601216 0.0563538 0
0.602525 0.0584396 0
0.603651 0.0627602 0
0.605562 0.0652339 0
0.608509 0.0701171 0
0.612064 0.0726099 0
0.616596 0.0775468 0
0.620861 0.0799001 0
0.627844 0.0826293 0
0.634588 0.0835178 0
0.637317 0.084586 0
0.63671 0.084459 0
0.637383 0.0847347 0
0.63795 0.0852267 1
0.635639 0.0875418 0
0.635582 0.0900911 0
0.635217 0.0926417 0
0.636125 0.0955234 0
0.634902 0.0980987 0
0.635822 0.100176 0
0.636379 0.103181 0
0.636455 0.105434 0
0.636137 0.107575 0
0.634239 0.109373 1
0.634505 0.109242 0
0.635616 0.109666 0
0.640302 0.110342 0
0.63629 0.126937 0
0.627075 0.129129 0
0.626781 0.129669 0
0.625832 0.130136 0
0.626031 0.129961 0
0.624695 0.130416 0
0.623598 0.13117 1
0.623631 0.131539 0
0.623243 0.132194 0
0.624899 0.135636 0
0.622648 0.134054 0
0.624412 0.138484 0
0.622969 0.13914 0
0.6214 0.138947 0
0.621701 0.140151 0
0.618801 0.13562 0
0.595857 0.143961 0
0.599651 0.143456 0
0.599578 0.136746 0
0.604024 0.142065 0
0.611948 0.135049 0
0.610255 0.136656 0
0.612362 0.140004 0
0.611732 0.139724 0
0.611825 0.139062 1
0.611825 0.139062 0
0.611825 0.139062 0
0.611821 0.139061 0
0.61179 0.139053 0
0.611912 0.138934 0
0.61246 0.137312 0
0.592599 0.131587 0
0.651691 0.0743469 0
0.646014 0.0803379 0
0.645829 0.0800731 0
0.645484 0.0795809 0
0.645592 0.0796732 0
0.645599 0.0796733 0
0.6455 0.0794856 1
0.6455 0.0794856 0
0.6455 0.0794855 0
0.645502 0.0794828 0
0.64551 0.0794784 0
0.645578 0.079378 0
0.645913 0.0793938 0
0.643133 0.0778454 0
0.65724 0.0246725 0
0.666348 0.030497 0
0.665868 0.0298562 0
0.666913 0.029346 0
0.666042 0.0293393 0
0.666867 0.0292161 0
0.666758 0.0287636 0
0.667491 0.0285339 0
0.667858 0.0283935 1
0.66439 0.022768 0
0.661084 0.0152521 0
0.658089 0.00665413 0
0.659767 0.00205154 0
0.668478 0 0
0.67711 0.0030826 0
0.688718 0.00556478 0
0.688816 0.00582839 1
0.688745 0.00520276 0
0.689096 0.00343476 0
0.689351 0.000989212 0
0.690355 0.000916016 0
0.690859 0.00133576 0
0.691239 0.000669567 0
0.69191 0.00137316 0
0.69306 0.00166743 0
0.693599 0.0026343 0
0.693122 0.00475175 1
0.694045 0.00616348 0
0.694659 0.00816776 0
0.693597 0.0103753 0
0.69158 0.0119804 0
0.691992 0.0122015 0
0.689163 0.0131254 1
0.69008 0.0153502 0
0.688808 0.0180741 0
0.689038 0.0204008 0
0.687831 0.0229765 0
0.68586 0.0256729 0
0.683669 0.026935 0
0.680566 0.0284956 0
0.678748 0.0294126 1
0.680231 0.0316216 0
0.684551 0.0377779 0
0.683233 0.0410696 0
0.683145 0.0443466 0
0.67998 0.0473471 0
0.677028 0.0505723 0
0.663895 0.0507482 0
0.661143 0.0517283 0
0.659994 0.0528061 0
0.658796 0.0537166 1
0.658766 0.0537713 0
0.658735 0.0538554 0
0.658662 0.0539842 0
0.658547 0.0541672 0
0.658545 0.054063 0
0.658322 0.0550255 0
0.624093 0.0816069 0
0.636529 0.0832806 0
0.639866 0.0873536 0
0.640346 0.0879503 0
0.639763 0.0875042 0
0.640305 0.0904682 0
0.640354 0.0911962 0
0.620322 0.106353 0
0.629818 0.11076 0
0.633303 0.110038 1
0.632817 0.110693 0
0.632684 0.111454 0
0.632756 0.112031 0
0.631663 0.113547 0
0.631841 0.118711 0
0.660856 0.186973 0
0.642284 0.18424 0
0.635949 0.180926 0
0.621141 0.178529 0
0.61437 0.170595 0
0.607188 0.165019 0
0.606076 0.158244 1
0.605013 0.159132 0
0.602219 0.162853 0
0.602619 0.160643 0
0.596747 0.167699 0
0.593987 0.168927 0
0.591684 0.17094 0
0.585529 0.195322 0
0.569906 0.221148 0
0.581898 0.241848 0
0.578407 0.263761 0
0.566774 0.263237 0
0.565286 0.276323 0
0.547824 0.272455 0
0.547038 0.281421 0
0.539115 0.290926 0
0.532911 0.293534 0
0.526024 0.293505 0
0.520557 0.294525 0
0.513326 0.296941 0
0.50732 0.296757 1
0.503365 0.296002 0
0.501151 0.299356 0
0.495392 0.300487 0
0.485745 0.290329 0
0.47395 0.280374 0
0.474556 0.288013 0
0.471828 0.279644 0
0.440032 0.256867 0
0.439148 0.257334 0
0.437603 0.25222 0
0.43444 0.249725 0
0.433046 0.249451 0
0.425278 0.24981 0
0.427347 0.236764 0
0.422482 0.232606 0
0.410955 0.231698 0
0.409803 0.222779 0
0.404965 0.221052 0
0.402828 0.216707 0
0.396563 0.211661 1
