0.403638 0.839024 0
0.352918 0.778541 0
0.330549 0.783943 0
0.3201 0.789563 0
0.304209 0.801131 0
0.291104 0.822313 0
0.272448 0.846298 0
0.263925 0.849313 0
0.249999 0.850994 0
0.234942 0.853884 0
0.229919 0.856045 0
0.214922 0.846274 0
0.178686 0.766075 0
0.177195 0.76631 0
0.171425 0.76781 0
0.165253 0.762982 0
0.161722 0.757985 0
0.160361 0.753486 0
0.161956 0.749358 1
0.157493 0.740635 0
0.160762 0.733168 0
0.0985437 0.700937 0
0.0865661 0.673109 0
0.120235 0.647621 0
0.157614 0.633059 0
0 0.554091 0
0.0387832 0.512291 0
0.0732393 0.475701 0
0.0927897 0.452999 1
0.0846583 0.437704 0
0.0724717 0.42559 0
0.0409948 0.395893 0
0.0149357 0.364976 0
0.00418583 0.337783 0
0.016092 0.322703 0
0.0159608 0.310554 0
0.0202197 0.292534 0
0.0285695 0.281206 0
0.0409335 0.271253 1
0.0389264 0.262823 0
0.0280576 0.249846 0
0.0257561 0.24476 0
0.000343897 0.19127 0
0.0830872 0.1627 0
0.0867508 0.167934 0
0.0891548 0.165175 0
0.0900819 0.161733 1
0.0880014 0.152652 0
0.0912223 0.145088 0
0.0886556 0.133304 0
0.0896507 0.117789 0
0.0825729 0.107213 0
0.0783004 0.0839744 0
0.201126 0.090786 0
0.202692 0.0901325 1
0.20133 0.0891831 0
0.202917 0.088511 0
0.190809 0.090255 0
0.282367 0.10628 0
0.389985 0.105633 0
0.435873 0.105932 0
0.532749 0.127961 0
0.644729 0.131044 0
0.598183 0.118201 0
0.561036 0.100451 0
0.541237 0.0741033 0
0.545817 0.0772335 0
0.690234 0.0965866 0
0.701874 0.0879178 0
0.697216 0.0823905 0
0.700423 0.0841581 0
0.697241 0.0851303 0
0.69208 0.082803 0
0.690939 0.0822897 0
0.694134 0.085256 0
0.698247 0.0854498 0
0.701709 0.0868036 0
0.708789 0.0902966 0
0.716717 0.0950973 1
0.723244 0.0995157 0
0.723429 0.105175 0
0.730798 0.103895 0
0.729148 0.126289 0
0.732104 0.156305 0
0.734118 0.208917 0
0.833505 0.254321 0
0.839174 0.247223 1
0.857504 0.278502 0
0.873519 0.309205 0
0.87674 0.332983 0
0.87847 0.367339 0
0.876911 0.392159 0
0.884034 0.421531 0
0.876177 0.449896 0
0.860554 0.465327 0
0.857074 0.485788 0
0.846132 0.507206 0
0.998056 0.580715 0
0.980819 0.623493 0
0.940267 0.622704 0
0.875742 0.630481 0
0.868768 0.631161 0
0.867018 0.632627 0
0.864914 0.633631 0
0.862429 0.634886 1
0.856956 0.644876 0
0.850564 0.654054 0
0.84768 0.664007 0
0.837559 0.686139 0
0.828327 0.719473 0
0.717462 0.726837 0
0.695327 0.732312 0
0.693654 0.741944 0
0.688456 0.751887 0
0.678269 0.761802 1
0.666687 0.772489 0
0.653799 0.788688 0
0.648702 0.791042 0
0.642112 0.792485 0
0.633336 0.808016 0
0.616162 0.83982 0
0.626199 0.833034 0
0.399358 0.748347 0
0.336843 0.738331 0
0.326515 0.746127 0
0.314401 0.756412 0
0.291474 0.766037 0
0.274825 0.796005 0
0.267806 0.80889 0
0.253145 0.827247 0
0.247187 0.82981 1
0.240467 0.827677 0
0.233909 0.827479 0
0.226253 0.822755 0
0.216142 0.819846 0
0.208722 0.813628 0
0.199466 0.813938 0
0.190841 0.812029 0
0.183298 0.802163 0
0.178855 0.802524 0
0.176506 0.797412 1
0.175823 0.789909 0
0.185115 0.781336 0
0.188662 0.775042 0
0.0818452 0.734207 0
0.0558343 0.68741 0
0.115947 0.631057 0
0.123597 0.616994 0
0.128267 0.609379 1
0.127333 0.599119 0
0.127014 0.573195 0
0.14157 0.545622 0
0.148872 0.490539 0
0.114868 0.425266 0
0.108685 0.409931 0
0.0775515 0.38811 0
0.0502326 0.3498 0
0.0434639 0.330777 0
0.0462706 0.312984 0
0.0496592 0.301102 0
0.0606681 0.256837 0
0.059176 0.25356 0
0.0659456 0.241689 0
0.0604432 0.23448 0
0.0595641 0.220278 0
0.0703495 0.210213 0
0.069497 0.204891 1
0.0694778 0.192756 0
0.0714306 0.190468 0
0.0664413 0.181181 0
0.0732929 0.186225 0
0.0429167 0.129 0
0.0359943 0.110236 0
0.0471758 0.0983808 0
0.04325 0.0760544 0
0.0550852 0.0599028 0
0.0719953 0.0593181 0
0.188297 0.062866 0
0.203969 0.0593428 0
0.227412 0.0825143 0
0.214278 0.0824717 1
0.263163 0.0684069 0
0.276598 0.0569741 1
0.312166 0.0459656 0
0.325915 0.0388431 0
0.36269 0.0325305 0
0.375821 0.0270405 0
0.403114 0.0209855 0
0.439377 0.0168207 0
0.475219 0.013107 0
0.489821 0.00924985 0
0.506427 0.00786562 0
0.513003 0.00147162 1
0.521827 0 0
0.531614 0.00510949 0
0.543327 0.00556177 0
0.55583 0.0048076 0
0.567394 0.0084583 0
0.586038 0.0139659 0
0.595284 0.0214223 0
0.618001 0.0304156 1
0.619955 0.0305084 0
0.622516 0.0319052 0
0.627482 0.0290866 0
0.630971 0.0296739 0
0.636275 0.0331093 0
0.670543 0.0253745 0
0.805722 0.0412847 0
0.826434 0.0762695 0
0.820666 0.141339 0
0.81602 0.166478 0
0.818075 0.201197 0
0.822152 0.214898 1
0.824891 0.209355 0
0.915118 0.233533 0
0.953976 0.330243 0
0.955251 0.346952 0
0.925584 0.37122 0
0.918398 0.383116 0
0.924926 0.407455 0
0.92917 0.430683 0
0.919396 0.453682 0
0.919281 0.474338 1
0.918147 0.490794 0
0.915293 0.507979 0
0.910855 0.526517 0
0.906522 0.544799 0
0.901067 0.560997 0
0.912663 0.587053 0
0.886526 0.590844 0
0.875891 0.606724 1
0.872671 0.609461 0
0.854232 0.603921 0
0.789939 0.61771 0
0.797834 0.668039 0
0.796113 0.684532 0
0.784887 0.69039 0
0.781797 0.700966 0
0.769264 0.707149 1
0.76025 0.713487 0
0.750653 0.726138 0
0.752796 0.744016 0
0.734381 0.730629 0
0.59174 0.757114 0
0.568502 0.785438 0
0.548162 0.76658 0
0.538068 0.789229 0
0.526947 0.80783 0
0.511845 0.817753 0
0.489713 0.826397 0
0.47653 0.832769 1
0.46476 0.839709 0
0.45086 0.847084 0
0.43554 0.864639 0
0.40773 0.866047 0
0.391318 0.8618 0
0.361569 0.864395 0
0.335556 0.86819 0
0.324652 0.868787 0
0.316502 0.868927 0
0.308351 0.867715 1
0.3077 0.875038 0
0.3108 0.896068 0
0.304344 0.909494 0
0.307136 0.935542 0
0.306367 0.950125 0
0.300329 0.957655 0
0.29046 0.966979 0
0.298148 1 0
0.198157 0.745599 0
0.198073 0.724157 0
0.170548 0.69596 0
0.161849 0.68378 0
0.15917 0.678897 0
0.155816 0.668639 1
0.155566 0.663599 0
0.160067 0.6515 0
0.210692 0.611983 0
0.218125 0.558152 0
0.192363 0.519621 0
0.195489 0.492493 0
0.202464 0.46765 0
0.207202 0.443991 0
0.212256 0.428203 0
0.21987 0.415531 1
0.202516 0.392625 0
0.211001 0.381542 0
0.167854 0.358514 0
0.152305 0.342043 0
0.144368 0.329027 0
0.126196 0.312775 1
0.124658 0.303066 0
0.142753 0.283356 0
0.137511 0.271673 0
0.137524 0.252381 0
0.146424 0.241479 0
0.151453 0.225162 0
0.152726 0.210404 0
0.152667 0.196848 0
0.124336 0.181194 0
0.122832 0.162828 0
0.121073 0.152117 0
0.141611 0.147593 0
0.15577 0.135725 0
0.136684 0.112588 0
0.17357 0.114096 1
