0.765776 0.279253 1
0.775911 0.265678 0
0.798388 0.262812 0
0.817962 0.271379 0
0.83162 0.290421 0
0.836787 0.341114 0
0.847885 0.364047 0
0.850436 0.384783 0
0.86102 0.387896 0
0.868515 0.401674 0
0.867935 0.418394 0
0.889967 0.467436 0
0.884574 0.46942 0
0.902532 0.461128 0
0.913588 0.457211 0
0.926781 0.454468 0
0.957074 0.454924 0
0.974283 0.462883 0
0.97865 0.51661 0
0.937432 0.565089 0
0.888305 0.594005 0
0.856318 0.617901 0
0.843287 0.633197 0
0.826879 0.655261 0
0.768174 0.723101 0
0.789097 0.758311 0
0.790146 0.760234 1
0.775337 0.79345 0
0.757921 0.817455 0
0.736803 0.842939 0
0.718931 0.861087 0
0.704143 0.887205 0
0.68442 0.89573 0
0.665382 0.912103 0
0.650543 0.922473 0
0.638368 0.93481 0
0.621189 0.93224 0
0.611088 0.934727 0
0.594415 0.930729 1
0.579409 0.926726 0
0.564792 0.936638 0
0.547702 0.93825 0
0.527989 0.939003 1
0.526226 0.935553 0
0.484587 0.99914 0
0.447002 0.983032 0
0.431 0.957236 0
0.42331 0.929925 0
0.414087 0.918521 0
0.40361 0.915696 0
0.391752 0.915011 1
0.387281 0.915415 0
0.380696 0.918549 0
0.350395 0.9404 0
0.319586 0.943093 0
0.29092 0.938469 0
0.273376 0.850821 0
0.262907 0.83039 0
0.23122 0.870507 0
0.210527 0.866402 0
0.210883 0.747768 0
0.183427 0.759799 0
0.179994 0.760907 1
0.161946 0.738403 0
0.135913 0.727111 0
0.124704 0.691629 0
0.118424 0.639671 0
0.0912315 0.64512 0
0.077134 0.626924 0
0.0683896 0.620428 0
0.0540134 0.593558 0
0.0461969 0.582024 0
0.0480131 0.57539 1
0.047682 0.57443 0
0.0412869 0.575447 0
0.0362358 0.573638 0
0.0244971 0.571808 0
0.0198175 0.566622 0
0.0144988 0.567446 0
0 0.569089 0
0.00211424 0.535809 0
0.13643 0.388904 0
0.117668 0.397671 0
0.115171 0.401804 0
0.114768 0.402097 1
0.133204 0.375245 0
0.155992 0.344172 0
0.17345 0.319808 0
0.187394 0.302128 1
0.187194 0.302415 0
0.199423 0.304982 0
0.253292 0.337743 0
0.313176 0.297959 0
0.346561 0.224573 0
0.371207 0.156362 0
0.366952 0.155513 0
0.372408 0.153299 0
0.378918 0.151491 0
0.391634 0.140879 0
0.397825 0.134685 0
0.408825 0.135824 1
0.430248 0.1318 0
0.446315 0.129182 1
0.449077 0.131564 0
0.448173 0.144982 0
0.521708 0.155804 0
0.537779 0.129384 0
0.541974 0.130857 0
0.545967 0.131586 1
0.561982 0.135727 0
0.576875 0.140646 0
0.592434 0.15591 0
0.610963 0.164504 0
0.628097 0.163113 0
0.643181 0.171756 1
0.651699 0.166774 0
0.676773 0.15386 0
0.709247 0.137954 0
0.720307 0.154309 0
0.727363 0.200574 0
0.734908 0.223987 0
0.739811 0.252303 0
0.750027 0.272281 0
0.778076 0.27066 0
0.790342 0.273427 0
0.820941 0.29399 0
0.831499 0.321873 0
0.837294 0.354339 0
0.849639 0.38229 0
0.850638 0.422037 0
0.860944 0.429199 0
0.870318 0.450191 0
0.879772 0.460993 1
0.889389 0.45608 0
0.887275 0.45928 0
0.889721 0.455218 0
0.907199 0.449391 0
0.929369 0.445416 0
0.96889 0.469042 0
0.973577 0.453612 0
0.979662 0.550094 0
0.963484 0.601175 0
0.979421 0.616951 0
0.974217 0.642166 0
0.961773 0.663239 0
0.951247 0.667529 0
0.936905 0.672083 0
0.911516 0.679607 0
0.861833 0.681529 0
0.812982 0.70231 0
0.802718 0.748337 0
0.795171 0.785814 0
0.777142 0.816197 0
0.752937 0.846348 0
0.732947 0.864719 0
0.715368 0.894831 0
0.691004 0.902379 0
0.687388 0.937914 0
0.662863 0.935795 0
0.64958 0.949472 0
0.636952 0.955382 0
0.623843 0.952281 0
0.608944 0.945069 0
0.588605 0.917598 0
0.579206 0.896229 0
0.545772 0.895542 0
0.509349 0.937756 0
0.512167 0.932866 0
0.509975 0.932966 1
0.499222 0.93174 0
0.482234 0.929486 0
0.464423 0.928849 0
0.455766 0.927903 0
0.438508 0.921479 0
0.420318 0.901648 0
0.361732 0.952864 0
0.329726 0.941508 0
0.315634 0.874624 0
0.318037 0.880015 1
0.300022 0.869745 0
0.293229 0.855567 0
0.280115 0.83932 0
0.264563 0.834239 0
0.241588 0.826051 0
0.228527 0.812359 0
0.21109 0.795105 0
0.198529 0.781422 1
0.190588 0.786951 0
0.163665 0.806469 0
0.153401 0.661856 0
0.128694 0.621464 0
0.120952 0.610049 0
0.111324 0.60033 0
0.0876293 0.578377 0
0.0779748 0.576808 0
0.0670388 0.571704 0
0.0589092 0.567316 0
0.0572128 0.562759 0
0.0579713 0.560494 1
0.0603114 0.549149 0
0.0692039 0.533386 0
0.0687578 0.519119 0
0.0722052 0.505025 0
0.0765702 0.489069 0
0.0825224 0.478629 0
0.0902391 0.459167 0
0.0969307 0.441657 0
0.103893 0.424991 0
0.113711 0.403588 1
0.111673 0.404588 0
0.0822091 0.424816 0
0.17023 0.242305 0
0.186088 0.261204 0
0.193329 0.259511 0
0.204058 0.270001 1
0.227787 0.244535 0
0.248708 0.223036 0
0.270106 0.202549 0
0.28881 0.18551 1
0.293997 0.180263 0
0.297678 0.178056 0
0.301589 0.176755 0
0.310893 0.159227 0
0.365866 0.00873499 0
0.381167 0 0
0.407117 0.00719765 0
0.442696 0.028921 0
0.489744 0.108617 0
0.485157 0.118715 0
0.487395 0.119179 0
0.487473 0.119228 1
0.493714 0.119425 0
0.496422 0.123052 0
0.506308 0.121092 0
0.516262 0.107892 0
0.538633 0.0647806 0
0.578606 0.167492 0
0.594011 0.204783 0
0.617027 0.21532 0
0.6421 0.215042 0
0.660205 0.21232 0
0.67333 0.20403 0
0.6816 0.20489 1
0.688864 0.214979 0
0.701549 0.25317 0
0.710551 0.275343 0
0.725018 0.293067 0
0.752521 0.299361 0
0.767841 0.285015 1
0.77672 0.305194 0
0.783233 0.324031 0
0.799814 0.332915 0
0.817537 0.345631 0
0.830784 0.365701 0
0.831951 0.392639 0
0.833767 0.484143 0
0.856237 0.485004 0
0.881156 0.491975 0
0.887846 0.485975 1
0.895595 0.493715 0
0.903892 0.496216 0
0.92185 0.513009 0
0.924711 0.528866 0
0.934654 0.538668 0
0.932329 0.567974 0
0.927784 0.59182 0
0.925633 0.613751 0
0.899982 0.632393 0
0.86914 0.660227 0
0.853542 0.684261 0
0.847902 0.704812 0
0.837926 0.715097 0
0.816145 0.723859 1
0.813075 0.731668 0
0.82143 0.733694 0
0.816717 0.858286 0
0.770739 0.885035 0
0.748768 0.911198 0
0.73941 0.946496 0
0.708951 0.953939 0
0.691707 0.973497 0
0.670374 0.978582 0
0.652753 1 0
0.632951 0.990658 0
0.618832 0.960558 0
0.603624 0.948199 0
0.591432 0.942049 0
0.581747 0.921478 0
0.565072 0.939038 0
0.538909 0.923591 0
0.526135 0.92204 0
0.518382 0.915806 0
0.48256 0.920108 0
0.464581 0.91038 0
0.449037 0.898188 0
0.43493 0.868687 0
0.421264 0.87295 0
0.402798 0.88796 0
0.375962 0.88879 0
0.352162 0.888547 0
0.344749 0.886208 1
