0.12592 0.68785 0
0.197808 0.703218 0
0.208021 0.723091 0
0.203203 0.744153 0
0.211201 0.750793 0
0.222599 0.765121 0
0.229239 0.772353 1
0.240897 0.785359 0
0.244076 0.804086 0
0.258591 0.83502 0
0.276548 0.849319 0
0.312609 0.862046 0
0.353873 0.849729 0
0.530548 0.795114 0
0.598967 0.798729 0
0.610076 0.819929 0
0.619121 0.832414 0
0.632301 0.843962 0
0.636162 0.845012 0
0.641254 0.857173 0
0.650911 0.862837 1
0.651445 0.862798 0
0.653053 0.862736 0
0.654905 0.862845 0
0.657698 0.861191 0
0.659651 0.857853 0
0.665745 0.854451 0
0.682677 0.836284 0
0.695348 0.826368 0
0.70207 0.818358 0
0.696473 0.813557 0
0.700086 0.789287 0
0.710316 0.763713 0
0.765844 0.719441 0
0.822556 0.681217 0
0.82794 0.676196 0
0.826308 0.66204 0
0.830787 0.653833 0
0.829856 0.644862 0
0.830228 0.639 0
0.831601 0.630765 1
0.843141 0.614608 0
0.864174 0.597432 0
0.873538 0.579871 0
0.895479 0.562594 0
0.915067 0.537426 0
0.920254 0.518245 0
0.922355 0.497656 0
0.925204 0.481422 0
0.918472 0.463235 0
0.92204 0.440804 0
0.922981 0.423579 0
0.92041 0.410762 1
0.9217 0.400966 0
0.99731 0.365295 0
1 0.314821 0
0.986298 0.295186 0
0.959293 0.280134 0
0.914532 0.271012 0
0.887217 0.262498 0
0.873049 0.243268 0
0.847112 0.234678 0
0.822711 0.217572 1
0.827774 0.205648 0
0.834262 0.176674 0
0.713676 0.112223 0
0.696981 0.127757 0
0.696233 0.125296 0
0.694503 0.121963 1
0.689102 0.114701 0
0.691189 0.0987146 0
0.687155 0.079497 0
0.694533 0.0362887 0
0.514731 0.0570068 0
0.519877 0.0420213 0
0.521208 0.0316008 0
0.519648 0.0276869 0
0.517393 0.0268882 0
0.517154 0.0254849 0
0.518671 0.0279632 0
0.517265 0.0279404 1
0.502806 0.0329775 0
0.45981 0.0508239 0
0.41215 0.0709772 0
0.370454 0.0888104 0
0.331513 0.106997 0
0.291698 0.126627 0
0.254945 0.146447 0
0.229028 0.162363 1
0.229621 0.163593 0
0.150565 0.173973 0
0.117071 0.229268 0
0.117825 0.259627 0
0.0910479 0.29389 0
0.0931538 0.319114 0
0.0739336 0.338666 0
0.0780141 0.37443 1
0.0890269 0.392324 0
0.111523 0.41299 0
0.0945591 0.46182 0
0.0628259 0.525757 0
0.0649737 0.552518 0
0.0631667 0.570293 1
0.0632349 0.567481 0
0.152938 0.607231 0
0.124053 0.669336 0
0.13634 0.683697 0
0.138899 0.703271 0
0.145438 0.712717 1
0.153755 0.721271 0
0.163197 0.728241 0
0.171461 0.733877 0
0.165623 0.766036 0
0.157091 0.803259 0
0.173338 0.855727 0
0.204292 0.869683 0
0.32967 0.908998 0
0.442512 0.902146 0
0.469414 0.889768 0
0.488735 0.876941 0
0.496537 0.876983 1
0.517651 0.898745 0
0.526009 0.935564 0
0.5903 0.961813 0
0.66844 0.927843 1
0.68208 0.936999 0
0.695777 0.94368 0
0.70802 0.954779 0
0.719597 0.958106 0
0.735035 0.955076 0
0.750483 0.949965 0
0.758278 0.938874 0
0.77335 0.933485 0
0.780757 0.929414 0
0.792718 0.917217 1
0.800759 0.912122 0
0.812351 0.897901 0
0.822296 0.886426 0
0.825874 0.869785 0
0.824263 0.847832 0
0.810736 0.796957 0
0.794976 0.757929 0
0.80109 0.739275 1
0.808291 0.724826 0
0.811912 0.714733 0
0.81191 0.700001 0
0.811738 0.695319 0
0.820948 0.69289 0
0.754913 0.606311 0
0.824621 0.562532 0
0.832985 0.535812 0
0.851203 0.521894 0
0.89545 0.51273 0
0.857738 0.496507 0
0.847466 0.482452 0
0.845203 0.467127 0
0.850577 0.45872 0
0.993474 0.431474 0
0.977468 0.40346 0
0.965056 0.392466 0
0.967173 0.380555 0
0.965584 0.368989 0
0.965568 0.360428 0
0.967746 0.347097 0
0.934835 0.322875 0
0.876081 0.318569 0
0.861335 0.312259 0
0.850541 0.300883 0
0.826808 0.300984 0
0.809385 0.285071 0
0.794374 0.276981 0
0.774778 0.215424 0
0.775872 0.203949 0
0.774619 0.196797 0
0.771609 0.191612 1
0.764578 0.187299 0
0.75873 0.186 0
0.758812 0.17577 0
0.617209 0.108386 0
0.634732 0.0667085 0
0.626979 0.0635284 0
0.617267 0.0513428 0
0.611443 0.0442285 1
0.602259 0.0351675 0
0.591678 0.0251327 0
0.58943 0.0160358 0
0.582905 0.0114966 1
0.579153 0.00592465 0
0.57042 0.00536146 0
0.565676 0.00418845 0
0.559284 0.0215296 0
0.568457 0 0
0.562014 0.0306869 0
0.471098 0.0517818 0
0.430682 0.0691775 0
0.393192 0.0864867 0
0.366482 0.133792 0
0.329291 0.162144 0
0.286704 0.182121 0
0.212314 0.198942 0
0.213702 0.191318 1
0.203401 0.220885 0
0.175973 0.250006 0
0.16831 0.269362 0
0.165136 0.30446 0
0.149377 0.330671 0
0.0174391 0.415691 0
0.0187808 0.423944 0
0.0326793 0.445621 0
0.0369628 0.463997 0
0.0418055 0.472716 1
0.0423011 0.481223 0
0.00856763 0.518594 0
0 0.570309 0
0.0304875 0.595143 0
0.0528994 0.616434 0
0.0644506 0.613132 1
0.0712214 0.623409 0
0.069243 0.632401 0
0.0689833 0.646071 0
0.0643929 0.666431 0
0.082126 0.675987 0
0.294809 0.70006 0
0.289996 0.694243 0
0.3095 0.71254 0
0.321454 0.722713 0
0.325197 0.757948 0
0.347216 0.782235 0
0.353449 0.794534 0
0.370839 0.808984 0
0.380055 0.818847 1
0.393082 0.821521 0
0.396586 0.839864 0
0.514785 0.771019 0
0.567744 0.764682 0
0.592042 0.794255 0
0.61517 0.802269 0
0.616283 0.819949 0
0.619171 0.832083 0
0.700276 0.864029 0
0.702475 0.857079 0
0.70444 0.85508 0
0.704032 0.854136 0
0.702112 0.853372 0
0.704083 0.840999 0
0.716093 0.839528 0
0.720141 0.837416 0
0.719277 0.826381 0
0.73165 0.808382 0
0.726596 0.791775 0
0.722926 0.7765 0
0.730857 0.746054 0
0.733532 0.73306 0
0.722533 0.706656 0
0.713417 0.685368 0
0.717841 0.649678 0
0.722739 0.639101 0
0.7324 0.618938 0
0.74364 0.614618 0
0.735046 0.572398 0
0.744351 0.583863 0
0.744941 0.558882 0
0.755519 0.546754 1
0.760353 0.539468 0
0.776538 0.529663 0
0.779937 0.51848 0
0.780434 0.508646 0
0.775143 0.517565 0
0.841225 0.474173 0
0.84898 0.450223 0
0.845341 0.44069 0
0.852147 0.42043 0
0.921405 0.384017 0
0.919062 0.374939 0
0.918943 0.375019 1
0.915339 0.364141 0
0.909479 0.358612 0
0.908332 0.347234 0
0.900291 0.34257 0
0.887904 0.334046 0
0.808723 0.327258 0
0.809169 0.307395 0
0.792467 0.299044 0
0.789272 0.285884 0
0.774418 0.278091 0
0.773941 0.262701 0
0.764792 0.260813 1
0.723331 0.257611 0
0.678559 0.259709 1
0.67401 0.258039 0
0.670922 0.248248 0
0.660621 0.239333 0
0.676964 0.157269 0
