0.0946066 0.33714 1
0.0959501 0.336105 0
0.100525 0.33133 0
0.10857 0.324274 0
0.11277 0.317379 0
0.111951 0.311459 0
0.083078 0.340157 0
0.0015085 0.337717 0
0.00672739 0.323289 0
0 0.327225 0
0.107426 0.270133 0
0.109885 0.287064 0
0.110789 0.286629 0
0.111083 0.287457 0
0.11157 0.287859 1
0.113363 0.286659 0
0.126273 0.277871 0
0.14842 0.270786 0
0.165962 0.251853 0
0.174819 0.23217 0
0.198085 0.226394 0
0.225846 0.181971 0
0.306915 0.154035 0
0.313622 0.156471 1
0.317113 0.15086 0
0.324326 0.150882 0
0.330003 0.150373 0
0.340379 0.149848 0
0.355264 0.149943 0
0.369611 0.129991 0
0.432281 0.03476 0
0.392165 0.121074 0
0.425318 0.0962479 0
0.46476 0.0772153 0
0.488089 0.0818603 0
0.535165 0.0688518 0
0.555618 0.06325 0
0.575537 0.0741911 0
0.5903 0.0790974 0
0.59292 0.0937576 0
0.591616 0.115277 0
0.60864 0.129035 0
0.624593 0.127719 0
0.63634 0.146402 0
0.645963 0.1682 0
0.655612 0.193913 0
0.661886 0.215778 0
0.655377 0.262493 0
0.661721 0.27054 0
0.685982 0.27669 0
0.744351 0.219154 0
0.773405 0.20748 0
0.788887 0.209575 0
0.810077 0.207082 0
0.83909 0.197412 0
0.852387 0.20488 0
0.887686 0.194388 0
0.899228 0.194814 0
0.912864 0.201114 0
0.918174 0.208707 0
0.936542 0.203371 0
0.950734 0.19947 0
0.959751 0.207876 0
0.975802 0.221187 0
0.98039 0.229371 0
0.991345 0.230232 0
0.990021 0.243972 0
0.996041 0.247359 0
0.998424 0.254768 1
1 0.261877 0
0.997185 0.26857 0
0.988419 0.281126 0
0.975475 0.285749 0
0.967426 0.301248 0
0.967862 0.304636 0
0.962854 0.320192 0
0.941468 0.330427 0
0.917469 0.356368 0
0.904714 0.366895 0
0.88763 0.372691 0
0.868271 0.39331 0
0.839414 0.407155 0
0.821324 0.412318 0
0.810579 0.422617 0
0.762099 0.456375 0
0.741504 0.459311 0
0.716459 0.471227 0
0.70072 0.463473 0
0.676525 0.461994 0
0.663181 0.450927 0
0.638553 0.454234 0
0.618502 0.45563 0
0.608618 0.439537 0
0.600125 0.427489 0
0.582754 0.421276 0
0.573983 0.412532 0
0.557767 0.412083 0
0.539371 0.419029 0
0.520018 0.419707 0
0.520038 0.401792 0
0.517506 0.389599 0
0.506495 0.374938 0
0.497926 0.371433 0
0.495272 0.349474 0
0.490766 0.339479 1
0.441141 0.367414 0
0.400762 0.370861 0
0.37858 0.375292 0
0.362731 0.365714 0
0.352163 0.351889 0
0.340554 0.345003 0
0.33432 0.33542 1
0.325379 0.337182 0
0.309496 0.337113 0
0.297945 0.340173 0
0.288646 0.344226 0
0.273455 0.344505 0
0.257924 0.350926 0
0.246378 0.348716 0
0.230821 0.349361 0
0.221277 0.340828 0
0.200729 0.349031 0
0.0726459 0.315888 0
0.0905241 0.309309 0
0.0857884 0.3085 0
0.0879928 0.304901 0
0.0921724 0.302698 0
0.0944932 0.284052 0
0.0899257 0.279215 0
0.0866457 0.275912 0
0.0857817 0.273032 0
0.0879078 0.269654 0
0.0900826 0.271316 0
0.0905768 0.263001 0
0.0881544 0.25605 0
0.105957 0.231054 0
0.124563 0.199983 0
0.156753 0.190702 0
0.174978 0.175775 0
0.216504 0.166916 0
0.244022 0.164669 0
0.254334 0.134594 0
0.281362 0.118735 0
0.294635 0.111494 0
0.312984 0.103639 0
0.373044 0.0597538 0
0.392709 0.050066 0
0.451525 0.0259866 0
0.49222 0.000158655 0
0.510039 0 0
0.5256 0.00343011 1
0.530218 0.0182134 0
0.527979 0.0321425 0
0.533347 0.0438166 0
0.540896 0.0547488 0
0.55001 0.0562287 0
0.565825 0.0622383 0
0.583173 0.0539108 0
0.5964 0.0654168 0
0.618786 0.0576848 0
0.632767 0.0663915 0
0.626712 0.0969201 0
0.641542 0.100343 0
0.654003 0.104468 0
0.678267 0.107622 0
0.683836 0.128387 0
0.691313 0.141578 0
0.711252 0.141013 0
0.720371 0.154458 0
0.734554 0.157622 0
0.740079 0.180451 0
0.788193 0.138684 0
0.807863 0.146658 0
0.825483 0.140544 0
0.84049 0.149934 0
0.859069 0.169779 0
0.902093 0.157612 0
0.931834 0.161221 0
0.935937 0.186718 0
0.872304 0.348887 0
0.910123 0.315229 0
0.920638 0.297626 0
0.930311 0.307118 0
0.937161 0.308547 0
0.938663 0.316369 0
0.941185 0.31656 0
0.940104 0.319662 0
0.933516 0.333811 0
0.935431 0.337276 0
0.930025 0.347442 0
0.929235 0.359209 0
0.918701 0.373271 0
0.906748 0.387297 0
0.878001 0.409956 0
0.865503 0.409683 0
0.849258 0.420836 0
0.831138 0.421125 0
0.820432 0.418556 1
0.814883 0.431203 0
0.804208 0.467899 0
0.757115 0.499926 0
0.751256 0.512141 0
0.718322 0.530515 0
0.703741 0.530114 0
0.681628 0.536008 0
0.660313 0.536687 0
0.635471 0.549856 0
0.617912 0.551475 0
0.595119 0.548653 1
0.581589 0.543325 0
0.57157 0.533703 0
0.557951 0.523545 0
0.545277 0.521444 0
0.547041 0.500008 0
0.534712 0.491182 0
0.513978 0.482999 0
0.489955 0.490496 0
0.494549 0.467174 0
0.48772 0.451083 0
0.468842 0.457671 0
0.463092 0.440808 0
0.461209 0.424619 0
0.412609 0.438029 0
0.355773 0.468047 0
0.380612 0.429748 0
0.383325 0.400324 0
0.344394 0.413889 0
0.295847 0.439667 0
0.301968 0.420928 0
0.294036 0.382816 0
0.299731 0.336218 0
0.290189 0.346346 0
0.28368 0.352064 0
0.269134 0.358179 0
0.262975 0.361252 0
0.255304 0.355802 0
0.234692 0.361085 0
0.219616 0.359692 0
0.189047 0.38386 0
0.0708558 0.295629 0
0.0849317 0.298223 0
0.0929167 0.292678 0
0.092888 0.292149 0
0.0929389 0.292079 0
0.0928595 0.292119 0
0.0934279 0.29177 1
0.0935902 0.291783 0
0.0925617 0.290344 0
0.0922521 0.288875 0
0.0920667 0.287277 0
0.0882286 0.282909 0
0.0734706 0.28378 0
0.122952 0.188917 0
0.146784 0.178275 0
0.167982 0.169123 0
0.191998 0.160547 0
0.214674 0.142015 0
0.261457 0.102867 0
0.266155 0.0945735 0
0.286563 0.0894276 0
0.290135 0.076381 0
0.298764 0.0754177 0
0.303253 0.0822964 1
0.331756 0.0579458 0
0.399398 0.0183849 0
0.407374 0.0341503 0
0.425686 0.0374615 0
0.429195 0.0527281 0
0.441022 0.0638268 0
0.462191 0.0667655 0
0.463187 0.0941668 0
0.476863 0.106737 0
0.567709 0.0343007 0
0.492032 0.140704 0
0.508037 0.145199 0
0.369688 0.25024 1
0.535603 0.15781 0
0.517375 0.17761 0
0.533787 0.186683 0
0.539778 0.198084 0
0.545368 0.210105 0
0.55428 0.222114 0
0.563107 0.227875 0
0.567804 0.246616 1
0.581139 0.251138 0
0.596306 0.25013 0
0.623983 0.253143 0
0.640387 0.254496 0
0.657617 0.264661 0
0.675885 0.278991 0
0.692736 0.29271 0
0.706244 0.305664 0
0.724102 0.324657 0
0.737623 0.343455 0
0.76115 0.360254 0
0.774711 0.371354 0
0.786855 0.38541 0
0.798601 0.391631 1
