0.000130488 0.124618 1
0.000119461 0.127606 0
0.000172748 0.130719 0
0.000265418 0.132463 0
0.000354474 0.137721 0
0.000471425 0.141233 0
0.000555529 0.145402 0
0.000242287 0.147972 0
0.00056507 0.150542 0
0.000632587 0.154791 0
0 0.157641 0
0.000234587 0.157261 0
0.000177357 0.157252 0
0.00018325 0.157247 0
0.000182768 0.157248 0
0.000182803 0.157248 0
0.00018276 0.157248 0
0.000182787 0.157248 0
0.000182824 0.157248 0
0.000183016 0.157248 0
0.000180467 0.157249 0
0.000211831 0.157241 0
0.00020208 0.157444 0
0.00067949 0.158777 0
0.0018657 0.223032 0
3.21657e-05 0.220239 0
4.89035e-05 0.225309 0
0.00170601 0.229793 0
0.00172672 0.231458 0
0.00132517 0.235553 0
0.000940757 0.239877 0
0.00233403 0.242458 0
0.00243913 0.247905 0
0.00253036 0.251352 0
0.00257859 0.255701 0
0.00264896 0.25966 0
0.002549 0.261658 0
0.00260353 0.263449 0
0.00271352 0.268668 0
0.0027526 0.270745 0
0.00279935 0.27342 0
0.00284889 0.274674 0
0.00289974 0.277597 0
0.00299045 0.278917 0
0.00304734 0.281683 1
0.0029638 0.280873 0
0.00299195 0.281071 0
0.00311977 0.281506 0
0.0029956 0.281707 0
0.00303998 0.281337 0
0.917572 0.314549 0
0.918323 0.292753 0
0.926072 0.294349 0
0.918107 0.29926 0
0.92159 0.301302 0
0.908054 0.303775 0
0.912105 0.303635 0
0.908653 0.30485 0
0.916657 0.307122 0
0.902511 0.309534 0
0.909074 0.312494 0
0.910354 0.319079 0
0.914135 0.321058 0
0.911749 0.329786 0
0.916578 0.3286 0
0.91927 0.332041 0
0.915303 0.334817 0
0.921639 0.337885 0
0.923528 0.340476 0
0.931974 0.344442 0
0.921585 0.342993 0
0.928035 0.345908 0
0.934188 0.349516 0
0.935767 0.347933 0
0.936221 0.347324 0
0.938723 0.349876 0
0.938988 0.34922 0
0.942162 0.351423 0
0.94 0.344197 0
0.93941 0.344589 0
0.937601 0.340631 0
0.938136 0.336283 0
0.934345 0.334435 0
0.926563 0.335814 0
0.920032 0.334565 0
0.920223 0.327336 0
0.917266 0.32319 0
0.899418 0.326922 0
0.904472 0.315914 0
0.898002 0.312366 0
0.893729 0.302633 0
0.886964 0.299555 0
0.879828 0.29151 0
0.874562 0.287166 0
0.871711 0.279958 0
0.858324 0.27049 0
0.855259 0.245731 0
0.84868 0.227011 0
0.842215 0.219232 0
0.838115 0.208464 0
0.835916 0.199137 0
0.83998 0.178245 0
0.828994 0.183861 0
0.840368 0.172353 0
0.829663 0.185847 0
0.826375 0.16468 0
0.819903 0.156939 0
0.835439 0.15066 0
0.846105 0.138882 0
0.865528 0.128517 0
0.874213 0.119891 0
0.874261 0.116451 0
0.87443 0.113344 0
0.876108 0.108235 0
0.877265 0.103373 0
0.878888 0.099598 0
0.879524 0.09492 0
0.877848 0.0912636 0
0.881281 0.0859199 0
0.881685 0.0834531 0
0.886245 0.0784057 0
0.887499 0.0755943 0
0.888783 0.0756941 1
0.888788 0.0754696 0
0.888235 0.0750861 0
0.888105 0.075358 0
0.882844 0.0729372 0
0.879247 0.0708118 0
0.876201 0.0686451 0
0.878562 0.0683494 0
0.875257 0.0640462 0
0.877983 0.0659628 0
0.879457 0.066447 0
0.882065 0.0654262 0
0.878508 0.0608789 0
0.879729 0.060196 0
0.880815 0.0595734 0
0.88223 0.0594737 0
0.883454 0.0588277 0
0.885692 0.0618159 0
0.886162 0.060437 0
0.886895 0.0604259 0
0.887169 0.0596535 0
0.888806 0.0594649 0
0.888712 0.0575473 0
0.890378 0.0569006 0
0.89149 0.060329 0
0.891411 0.0577499 0
0.892928 0.0600062 0
0.894023 0.0608626 0
0.894369 0.0599964 0
0.894331 0.0598971 0
0.895389 0.0603257 0
0.896032 0.0619294 0
0.896747 0.0623809 0
0.897727 0.0622208 0
0.898018 0.0630815 0
0.897514 0.0624484 0
0.902668 0.0708767 0
0.898972 0.0652311 0
0.900843 0.0625998 0
0.900821 0.0632622 0
0.901418 0.0640016 0
0.901698 0.0645768 0
0.902045 0.0647272 0
0.902506 0.0647451 0
0.902763 0.0650081 0
0.903128 0.0653036 0
0.903432 0.065406 0
0.903705 0.0653358 0
0.903899 0.0654223 1
0.903902 0.0654249 0
0.903947 0.0654323 0
0.904166 0.0656582 0
0.901124 0.0689073 0
0.940583 0.102587 0
0.934172 0.105625 0
0.934546 0.104534 0
0.93356 0.106017 0
0.933188 0.106821 1
0.934671 0.120477 1
0.93579 0.119545 0
0.957885 0.14523 0
0.949987 0.153022 0
0.939255 0.153471 1
0.939054 0.152643 0
0.942346 0.150819 0
0.942434 0.125049 0
0.936159 0.161457 0
0.941532 0.14892 0
0.940881 0.149438 0
0.937044 0.15395 0
0.935144 0.157739 0
0.934572 0.161884 0
0.933358 0.169708 0
0.931362 0.175761 0
0.931862 0.181262 0
0.928207 0.189053 0
0.928428 0.189769 0
0.930739 0.189931 0
0.926624 0.201299 0
0.927329 0.204164 0
0.927376 0.208487 0
0.928538 0.211776 0
0.928362 0.216621 0
0.929691 0.218391 0
0.930334 0.221294 0
0.931387 0.226062 0
0.931429 0.230672 0
0.932773 0.232967 0
0.9338 0.23737 0
0.934591 0.243148 0
0.935162 0.247673 0
0.934829 0.252334 0
0.940318 0.258391 0
0.945401 0.263918 0
0.942667 0.263015 0
0.951141 0.268507 0
0.952528 0.268658 0
0.943458 0.272103 0
0.940448 0.273588 0
0.938673 0.275472 0
0.940432 0.277098 0
0.941202 0.281841 0
0.937971 0.286808 0
0.940275 0.286936 0
0.943442 0.287512 0
0.942389 0.287828 0
0.944889 0.291224 0
0.947371 0.293172 0
0.947739 0.29437 0
0.945735 0.29483 0
0.94994 0.300453 0
0.949803 0.303778 0
0.949257 0.306351 0
0.953254 0.308876 0
0.953521 0.31052 0
0.959627 0.313841 0
0.965603 0.316336 0
0.973297 0.319855 0
0.961842 0.320664 0
1 0.344184 0
0.969912 0.334308 0
0.959796 0.339663 0
0.951934 0.344717 0
0.961694 0.343709 0
0.964961 0.347427 0
0.965977 0.353561 0
0.971883 0.355338 0
0.973119 0.357727 0
0.977198 0.36502 0
0.97921 0.367969 0
0.978563 0.373007 0
0.97383 0.374156 0
0.96663 0.376048 0
0.96353 0.374761 0
0.961518 0.370087 0
0.953388 0.370361 0
0.952471 0.367722 0
0.953421 0.364685 0
0.952992 0.365111 0
0.948531 0.368337 0
0.951537 0.364559 0
0.951974 0.365314 0
0.952934 0.366366 0
0.95431 0.367383 1
0.954714 0.366982 0
0.954336 0.367147 0
0.954373 0.367308 0
0.953491 0.365567 0
0.949501 0.36277 0
0.94771 0.358236 0
0.941607 0.35327 0
0.939024 0.349669 0
0.938294 0.346217 0
0.927373 0.342783 0
0.920157 0.334157 0
0.917959 0.333735 0
0.905736 0.328598 0
0.900108 0.319506 0
0.89069 0.313729 0
0.879118 0.308842 0
0.873593 0.304035 0
0.866037 0.294766 0
0.863858 0.291034 0
0.851817 0.280266 0
0.852432 0.268578 0
0.846334 0.261015 0
0.846782 0.249673 0
0.844344 0.241073 0
0.841298 0.233147 0
0.844242 0.222752 0
0.843613 0.214395 0
0.836197 0.209407 0
0.851812 0.19511 0
0.846223 0.189246 0
0.868455 0.169388 0
0.863429 0.168162 0
0.888904 0.145741 0
0.928311 0.139614 0
0.931959 0.136524 0
0.931639 0.137064 0
0.931922 0.136873 1
0.932373 0.110894 1
0.930723 0.138313 0
0.931095 0.112805 0
0.930871 0.113599 0
0.925588 0.137825 0
0.911235 0.131973 0
0.911685 0.131358 0
0.908822 0.129562 0
0.90782 0.128933 0
0.902566 0.127902 0
0.924502 0.0506278 0
0.926346 0.051896 0
0.889353 0.111077 0
0.927257 0.0542727 0
0.921086 0.0563118 0
0.921408 0.0577505 1
0.923015 0.0561086 0
0.924211 0.0547398 0
0.923833 0.0544203 0
0.924646 0.0490251 0
0.920928 0.0280386 0
0.923933 0.0291316 1
0.922946 0.0192117 1
0.922438 0.0279992 0
0.923448 0.030095 0
0.925891 0.0405352 1
0.923266 0.0298006 0
0.927387 0.0245736 1
0.92003 0.0174012 0
0.92597 0.0294361 0
0.93006 0.0260671 0
0.930055 0.0246531 0
0.930719 0.0249628 0
0.931536 0.023238 0
0.931426 0.0235829 0
0.933152 0.0222219 0
0.923438 0.0162189 0
0.92556 0.0179058 0
0.934221 0.0207872 0
0.933686 0.0193842 0
0.931906 0.0170699 0
0.935309 0.0185464 0
0.923476 0.0240134 0
0.930897 0.0158653 0
0.931011 0.0147084 0
0.932285 0.0129792 0
0.930835 0.0126992 0
0.90795 0.00433253 0
0.91308 0.00459108 0
0.913444 0.00319101 0
0.916999 0.00468128 0
0.931704 0.0075575 0
0.918576 0 0
0.930141 0.00413544 0
0.926948 0.00680392 0
0.924106 0.0100359 1
0.92905 0.0389459 0
0.927488 0.0387936 0
0.925999 0.0226417 0
0.926778 0.0222771 0
0.925926 0.0381015 1
0.926639 0.0243344 1
