1.12447e-16 0 1
0 2.24893e-16 0
0 2.24893e-16 0
0 2.24893e-16 0
0.515987 0.959689 0
0.508895 0.967651 0
0.501857 0.973326 0
0.482696 0.97116 0
0.466623 0.976089 0
0.46159 0.9828 0
0.461076 0.987092 0
0.458528 0.991189 1
0.459996 0.988456 0
0.47019 0.979691 0
0.493838 0.972636 0
0.508761 0.959985 0
0.529623 0.94277 0
0.549734 0.925883 0
0.566969 0.910488 0
0.578558 0.898942 0
0.58579 0.889781 0
0.592407 0.880524 0
0.601011 0.870484 0
0.621472 0.849795 0
0.658218 0.814215 0
0.708448 0.768775 0
0.753031 0.730383 0
0.768708 0.716229 0
0.767546 0.718736 0
0.772124 0.720217 0
0.782574 0.714898 0
0.785713 0.715748 0
0.792686 0.714549 0
0.807533 0.706735 0
0.814586 0.706469 0
0.822692 0.704911 0
0.835243 0.699444 0
0.838567 0.705277 0
0.839375 0.713842 0
0.838454 0.718428 0
0.838806 0.722935 0
0.838152 0.727653 0
0.838675 0.735117 0
0.835351 0.741841 0
0.829298 0.748347 0
0.826505 0.753369 0
0.82943 0.757524 0
0.833938 0.760947 0
0.837706 0.761703 0
0.844883 0.757837 0
0.849291 0.758451 0
0.857599 0.761739 0
0.864525 0.751162 0
0.876747 0.750792 0
0.882512 0.751751 0
0.882782 0.753798 0
0.883002 0.754732 0
0.884756 0.754974 0
0.882341 0.759924 0
0.870985 0.769578 0
0.856124 0.785271 0
0.832471 0.804648 0
0.803563 0.826647 0
0.779984 0.841151 0
0.758478 0.852896 0
0.739629 0.865234 0
0.726388 0.872691 0
0.708264 0.883151 0
0.684733 0.893596 0
0.660177 0.902762 0
0.623267 0.921766 0
0.561841 0.956936 1
0.498027 0.99144 0
0.472981 1 1
0.471959 0.993321 0
0.471013 0.988223 0
0.470235 0.985492 0
0.466175 0.986707 0
0.455432 0.994601 0
0.455258 0.996127 0
0.451179 0.99924 0
0.452234 0.999805 0
0.455698 0.998027 0
0.46059 0.994436 0
0.469029 0.989677 0
0.479486 0.984078 0
0.488625 0.978527 0
0.494794 0.974707 0
0.502383 0.969763 0
0.514578 0.960731 0
0.515936 0.959759 0
0.513781 0.962729 1
0.515514 0.96608 0
0.517617 0.956129 0
0.521839 0.954886 0
0.520421 0.95471 0
0.512859 0.95628 0
0.502399 0.960622 0
0.490646 0.969441 0
0.319654 0.827367 0
0.318336 0.834774 0
0.316885 0.830462 0
0.311457 0.834643 0
0.470927 0.984152 0
0.484523 0.972657 0
0.501167 0.96214 0
0.516761 0.950152 0
0.537341 0.933235 0
0.560021 0.92067 0
0.583966 0.906043 0
0.605814 0.88944 0
0.614118 0.878764 0
0.622091 0.868212 0
0.643095 0.849047 0
0.665297 0.828441 0
0.68572 0.814023 0
0.727192 0.775297 0
0.797821 0.719643 0
0.838662 0.689693 0
0.840814 0.685926 0
0.842701 0.687897 0
0.85673 0.681388 0
0.865195 0.681048 0
0.861401 0.68836 0
0.86248 0.692706 0
0.875171 0.687292 0
0.876624 0.687956 0
0.876758 0.690197 0
0.887347 0.687177 0
0.888146 0.698921 0
0.87834 0.710152 0
0.879236 0.715121 1
