0.928076 0.427971 0
0.903186 0.489893 0
0.912803 0.496092 0
0.908046 0.505291 0
0.887345 0.524567 0
0.857992 0.540235 0
0.854667 0.55278 0
0.835548 0.563229 0
0.804408 0.557993 0
0.794304 0.595776 0
0.76109 0.591348 0
0.748366 0.638826 0
0.722033 0.651692 1
0.714418 0.651225 0
0.691405 0.649614 0
0.660093 0.645479 0
0.555803 0.504643 0
0.255352 0.515561 0
0.162792 0.594068 0
0.137457 0.612943 0
0.118387 0.610533 0
0.105762 0.620133 0
0.0873161 0.6164 0
0.0664363 0.603207 0
0.0538161 0.588664 0
0.0421513 0.557168 0
0.0100459 0.510375 0
0.0141358 0.487614 0
0.0216728 0.481837 0
0.0187856 0.452611 0
0.0064087 0.423533 0
0 0.407292 0
0.0124003 0.379497 0
0.00592093 0.359701 0
0.000195531 0.343292 0
0.0353272 0.270071 0
0.0467718 0.239849 0
0.0614728 0.193905 0
0.0907377 0.123601 0
0.0891856 0.0970092 0
0.117732 0.0585853 0
0.128303 0.0514801 0
0.148424 0.035468 0
0.15392 0.0328414 0
0.169956 0.0243588 1
0.178209 0.0237844 0
0.187565 0.0293288 0
0.182863 0.033543 0
0.185165 0.0296461 0
0.205485 0.0203332 0
0.220158 0.0296317 0
0.230401 0.0465306 0
0.245755 0.0524511 0
0.266284 0.0604047 0
0.281783 0.0637286 0
0.300548 0.0798433 0
0.31359 0.0980322 0
0.341384 0.11709 0
0.393401 0.0813637 0
0.428391 0.818834 0
0.523507 0.790518 0
0.532746 0.792856 0
0.567785 0.811293 0
0.580872 0.828903 0
0.586258 0.836665 0
0.620017 0.861829 0
0.630299 0.863513 0
0.662597 0.88547 0
0.69576 0.913101 0
0.736046 0.945615 0
0.760029 0.944875 0
0.780604 0.941383 0
0.796942 0.924751 0
0.80763 0.909984 0
0.833978 0.899889 0
0.85953 0.89919 0
0.914591 0.856973 0
0.815931 0.234873 0
0.767078 0.263306 0
0.766228 0.251198 0
0.774935 0.256972 0
0.793975 0.263604 0
0.802618 0.265165 0
0.80274 0.265561 0
0.803002 0.265343 0
0.803202 0.264655 0
0.809607 0.261907 0
0.812628 0.260648 0
0.814232 0.25855 0
0.808344 0.261288 0
0.802817 0.265521 1
0.79993 0.274281 0
0.794172 0.279984 0
0.788721 0.291702 0
0.792658 0.306653 0
0.793255 0.332775 0
0.775118 0.338063 0
0.746136 0.369918 0
0.746305 0.381793 0
0.748036 0.413399 0
0.726674 0.419427 0
0.712929 0.448898 0
0.689978 0.452949 0
0.672279 0.489994 0
0.622312 0.498409 0
0.602161 0.495084 0
0.602022 0.549085 0
0.503023 0.513905 0
0.197565 0.632089 0
0.149631 0.5998 0
0.13479 0.600509 0
0.126285 0.611936 0
0.123049 0.622389 0
0.118017 0.629429 0
0.111681 0.625793 1
0.105903 0.60458 0
0.0791269 0.578498 0
0.0653828 0.552615 0
0.0718204 0.5222 0
0.0574631 0.488371 0
0.0558778 0.461516 0
0.0316305 0.428323 0
0.0246073 0.40533 0
0.0336401 0.38415 0
0.0278505 0.355359 0
0.0420668 0.334242 0
0.0461248 0.279249 0
0.0470779 0.236426 0
0.0692829 0.197124 0
0.0826165 0.177766 0
0.0979896 0.153805 0
0.122244 0.127279 0
0.135134 0.104325 0
0.144706 0.0977699 0
0.164775 0.0768745 0
0.178523 0.0411933 0
0.198505 0.0143092 0
0.222468 0.0087376 0
0.231278 0.00484169 0
0.223881 0.00434104 0
0.222864 0 0
0.218213 0.0217089 0
0.224832 0.0273538 0
0.245308 0.0307626 0
0.267481 0.0326252 0
0.282643 0.0425146 0
0.297205 0.0606007 0
0.309563 0.0669429 0
0.330587 0.0689086 0
0.323691 0.145002 0
0.427283 0.73771 0
0.436252 0.769893 0
0.452192 0.791507 0
0.485704 0.809899 0
0.522331 0.81669 1
0.526833 0.823465 0
0.559367 0.874113 0
0.582432 0.921862 0
0.603181 0.890609 0
0.612311 0.916064 0
0.641569 0.939095 0
0.655821 0.958133 0
0.686799 0.960424 0
0.710027 0.956323 0
0.728638 0.962831 0
0.750527 0.969305 0
0.808589 1 0
0.83012 0.994807 0
0.847029 0.99738 0
0.855072 0.975344 0
0.892694 0.903672 0
0.80159 0.285978 0
0.82648 0.536961 0
