0.86276 0.0555475 0
0.874066 0.0492962 0
0.884754 0.0429437 0
0.897338 0.035984 0
0.907942 0.0309946 0
0.896098 0.0485327 0
0.880268 0.0680098 0
0.861955 0.0898871 0
0.846188 0.101591 1
0.812009 0.0970082 0
0.786691 0.0813984 0
0.786691 0.0813984 0
0.786691 0.0813984 0
0.786691 0.0813984 0
0.786691 0.0813984 0
0.786691 0.0813984 0
0.786691 0.0813984 0
0.786691 0.0813984 0
0.786691 0.0813984 0
0.786691 0.0813984 0
0.786691 0.0813984 0
0.786691 0.0813984 0
0.786691 0.0813984 0
0.786691 0.0813984 0
0.453987 0.00604714 0
0.434022 0 0
0.412695 0.007835 0
0.392144 0.00723834 0
0.373657 0.0178266 0
0.353812 0.0153453 0
0.332842 0.0296474 0
0.313829 0.038901 0
0.29949 0.0422928 0
0.278432 0.0542398 0
0.253472 0.0691534 1
0.245751 0.0915841 0
0.245502 0.0944617 0
0.238511 0.112286 0
0.23272 0.130783 0
0.231381 0.143613 0
0.235489 0.156567 0
0.238661 0.172057 0
0.243277 0.18469 0
0.245817 0.203884 0
0.253041 0.230698 0
0.258894 0.238388 0
0.278837 0.264202 0
0.275768 0.282793 0
0.26899 0.304934 0
0.27261 0.328289 0
0.327501 0.753703 0
0.372982 0.737748 0
0.376911 0.756226 0
0.405787 0.795285 0
0.438637 0.794717 0
0.487836 0.799088 0
0.508159 0.786303 0
0.548833 0.836324 0
0.558653 0.866288 1
0.605586 0.830814 0
0.639927 0.755203 0
0.715786 0.711474 0
0.727139 0.681077 0
0.789627 0.648364 0
0.787558 0.630467 0
0.832203 0.584852 0
0.85173 0.591311 0
0.900645 0.518516 0
0.913343 0.513321 0
0.939486 0.446577 0
0.930697 0.496829 0
0.983713 0.424112 0
1 0.411011 1
0.975658 0.411574 0
0.966734 0.425067 0
0.965126 0.434344 0
0.942367 0.465769 0
0.921133 0.469649 0
0.912977 0.449943 0
0.907514 0.46567 0
0.881266 0.476053 0
0.858599 0.514408 0
0.846072 0.505151 0
0.853756 0.4975 0
0.834918 0.489131 0
0.798983 0.539431 0
0.7974 0.524388 0
0.796118 0.515599 0
0.778452 0.5044 0
0.764006 0.490798 0
0.740311 0.491669 0
0.693495 0.519426 0
0.673766 0.519934 0
0.661881 0.517655 0
0.638607 0.51207 0
0.682907 0.456075 0
0.681938 0.477296 0
0.670085 0.51634 0
0.731339 0.458418 0
0.739191 0.471772 0
0.75931 0.46092 0
0.757914 0.470947 0
0.808409 0.429451 0
0.814348 0.427313 0
0.832651 0.424044 0
0.856013 0.390116 0
0.876326 0.367142 1
0.830103 0.426276 0
0.846353 0.414711 0
0.841926 0.427735 0
0.845058 0.42908 0
0.848154 0.432229 0
0.847622 0.443341 0
0.843153 0.452131 0
0.846133 0.462839 0
0.836242 0.483514 0
0.852906 0.477141 0
0.857158 0.486123 0
0.864519 0.46849 0
0.864494 0.474268 0
0.85722 0.484934 0
0.864234 0.470334 0
0.860148 0.489903 0
0.867067 0.487284 0
0.864781 0.494719 0
0.860161 0.487184 0
0.846488 0.486831 0
0.833862 0.490332 0
0.82 0.496088 0
0.824933 0.491722 0
0.8155 0.500022 0
0.809951 0.506712 0
0.794627 0.499874 0
0.79665 0.469182 0
0.776061 0.475999 0
0.759827 0.452357 0
0.720523 0.474718 0
0.692501 0.451973 0
0.6742 0.422343 0
0.62349 0.442078 0
0.578499 0.4388 0
0.549844 0.426645 0
0.518485 0.424501 0
0.485055 0.411359 0
0.458153 0.425054 0
0.435792 0.422184 0
0.452205 0.399014 0
0.428871 0.410617 0
0.449979 0.387637 0
0.44878 0.372233 0
0.428544 0.38746 0
0.422499 0.396685 0
0.413488 0.38802 0
0.405145 0.384487 0
0.396895 0.383388 0
0.388139 0.380384 0
0.389824 0.373937 0
0.398779 0.361654 0
0.392665 0.355664 0
0.395364 0.342765 0
0.395871 0.334463 0
0.396908 0.323143 0
0.402316 0.307623 0
0.410199 0.292287 0
0.406335 0.292531 0
0.401715 0.28375 0
0.402763 0.277507 0
0.404654 0.267988 0
0.40021 0.268421 0
0.396989 0.269944 0
0.398961 0.265361 0
0.399454 0.260062 0
0.393684 0.260651 0
0.383065 0.267131 0
0.37511 0.269723 0
0.358324 0.269342 0
0.350704 0.260827 0
0.355868 0.238566 0
0.351184 0.228653 0
0.349152 0.218977 0
0.347578 0.214345 0
0.338598 0.228368 0
0.341879 0.207621 0
0.361167 0.189951 0
0.392444 0.177068 0
0.410637 0.16796 0
0.426718 0.164076 0
0.434731 0.162011 0
0.449137 0.157607 0
0.449766 0.155316 0
0.446346 0.162168 0
0.444272 0.165538 0
0.431046 0.161872 1
0.423108 0.184298 0
0.429789 0.191244 0
0.425039 0.198577 0
0.425569 0.210015 0
0.413894 0.237114 0
0.427526 0.234356 0
0.42988 0.234779 0
0.429192 0.22005 0
0.388333 0.249523 0
0.386117 0.23127 0
0.379395 0.230608 0
0.351078 0.236318 0
0.328927 0.233806 0
0.308652 0.237075 0
0.286479 0.249149 0
0.262911 0.261317 0
0.249491 0.265393 0
0.25736 0.236164 0
0.245985 0.25108 0
0.224032 0.27241 0
0.203967 0.285107 0
0.193998 0.279409 0
0.173492 0.317124 0
0.173862 0.308895 0
0.166642 0.304041 0
0.130485 0.319602 1
0.106334 0.369895 0
0.104624 0.378111 0
0.100855 0.382381 0
0.0873788 0.396189 0
0.0751793 0.423887 0
0.0697397 0.444 0
0.0570286 0.450219 0
0.0443343 0.458293 0
0.0530354 0.452596 0
0.0529341 0.464471 0
0.037664 0.48121 0
0.0349285 0.491157 0
0.0303228 0.502891 0
0.0217662 0.525451 0
0.0159847 0.551207 0
0.00805646 0.573749 0
0 0.595473 0
0.0165406 0.613751 0
0.0447302 0.606751 0
0.0563612 0.62276 0
0.0750324 0.624315 0
0.0983538 0.628158 0
0.115019 0.64888 0
0.13338 0.655532 0
0.168705 0.662902 0
0.181723 0.666598 0
0.182663 0.671175 0
0.215188 0.657844 0
0.242016 0.650813 0
0.233695 0.674132 0
0.242361 0.672852 0
0.257234 0.658784 0
0.25267 0.655479 0
0.24018 0.649456 0
0.23006 0.643177 0
0.18771 0.682991 0
0.168912 0.691491 0
0.155459 0.694699 0
0.154675 0.690717 0
0.143369 0.697662 1
0.159492 0.696595 0
0.179835 0.694935 0
0.210155 0.687468 0
0.222862 0.68946 0
0.238123 0.68021 0
0.241438 0.677181 0
0.238662 0.693903 0
0.240325 0.690972 0
0.251898 0.690438 0
0.255192 0.695944 0
0.261389 0.70305 0
0.26834 0.703305 0
0.264 0.710058 0
0.253343 0.724647 0
0.246157 0.741308 0
0.237199 0.769675 0
0.236024 0.777577 0
0.229139 0.788747 0
0.231028 0.786835 0
0.228776 0.805154 0
0.231513 0.80713 0
0.232029 0.809735 0
0.23213 0.808241 0
0.225564 0.816649 0
0.225218 0.812617 0
0.220141 0.834171 0
0.278457 0.797863 0
0.306907 0.797043 0
0.338198 0.789939 0
0.366664 0.789009 0
0.413106 0.782006 0
0.447588 0.783082 0
0.479854 0.777525 0
0.512824 0.76555 0
0.558863 0.745669 0
0.578527 0.753214 0
0.579944 0.773048 0
0.575113 0.81351 1
0.599959 0.770004 0
0.606831 0.755175 0
0.611753 0.747029 0
0.622143 0.732226 0
0.640706 0.714269 0
0.653611 0.715476 0
0.6621 0.703082 0
0.676584 0.68643 0
0.689536 0.663946 0
0.709803 0.64335 0
0.709949 0.656851 0
0.729866 0.642892 0
0.735913 0.628846 0
0.745366 0.621657 0
0.756923 0.617024 0
0.770952 0.612525 0
0.780994 0.607919 0
0.781688 0.577883 0
0.801113 0.598829 0
0.796306 0.592636 0
0.796805 0.585157 0
0.814136 0.573234 0
0.817494 0.587543 0
0.823963 0.588314 0
0.828945 0.563409 0
0.831295 0.59245 0
0.823248 0.581435 0
0.83409 0.575525 0
0.814896 0.575865 0
0.807169 0.572739 0
0.812504 0.560575 0
0.82486 0.578014 0
0.799204 0.542393 0
0.789028 0.561745 0
0.774493 0.548462 0
0.772061 0.524314 0
0.762186 0.541821 0
0.7409 0.530315 0
0.74593 0.534914 0
0.725872 0.50404 0
0.715997 0.498737 0
0.671498 0.49704 0
0.638637 0.482334 0
0.608555 0.496008 0
0.568724 0.483103 0
0.527675 0.482537 0
0.49235 0.471759 0
0.453587 0.483093 0
0.433671 0.474331 0
0.405197 0.494177 1
0.418259 0.497238 0
0.441149 0.489216 0
0.455324 0.480531 0
0.472709 0.473823 0
0.476513 0.466721 0
0.483751 0.455612 0
0.500851 0.452991 0
0.515184 0.441701 0
0.535061 0.455756 0
0.54331 0.447973 0
0.538256 0.426493 0
0.538067 0.414432 0
0.538224 0.448905 0
0.533763 0.422036 0
0.551134 0.419088 0
0.551305 0.426899 0
0.549647 0.403398 0
0.554465 0.411977 0
