0.912724 0.697669 0
0.906867 0.700216 0
0.900002 0.703892 1
0.907894 0.702812 0
0.905948 0.708341 0
0.908369 0.708409 0
0.90435 0.698356 0
0.911508 0.702502 0
0.901109 0.69376 0
0.90282 0.693283 0
0.904405 0.695745 0
0.901314 0.691107 0
0.901619 0.685844 0
0.901449 0.682953 0
0.90436 0.678512 0
0.907759 0.661681 0
0.903357 0.660663 0
0.899961 0.652166 0
0.900309 0.644031 0
0.899125 0.646666 0
0.896355 0.640157 0
0.892683 0.633804 0
0.889224 0.626754 0
0.886278 0.625903 0
0.886751 0.619878 0
0.886321 0.610674 0
0.882993 0.603401 0
0.88515 0.602492 0
0.878842 0.604335 0
0.871175 0.610618 0
0.873898 0.599676 0
0.872564 0.596282 0
0.8714 0.592283 0
0.873024 0.573953 0
0.865908 0.565528 0
0.86768 0.568967 0
0.868591 0.558294 0
0.878814 0.555968 0
0.88394 0.554049 0
0.871474 0.550556 0
0.860555 0.552034 0
0.868654 0.55157 0
0.863617 0.552127 0
0.876901 0.541224 0
0.86698 0.539844 0
0.874729 0.535126 0
0.866093 0.540401 0
0.871843 0.537336 0
0.852241 0.532245 0
0.86359 0.526743 0
0.863474 0.51307 0
0.866498 0.498844 0
0.853445 0.49544 0
0.863237 0.49985 0
0.855668 0.493238 0
0.846573 0.487271 0
0.847664 0.477278 0
0.83755 0.474692 0
0.839814 0.466032 0
0.832035 0.461273 0
0.820585 0.450928 0
0.823524 0.430304 0
0.825017 0.431555 0
0.821333 0.429587 0
0.821237 0.42682 0
0.819945 0.414463 0
0.815671 0.413304 0
0.818459 0.408882 0
0.821776 0.410551 0
0.819708 0.413759 0
0.813611 0.39102 0
0.809203 0.38868 0
0.810861 0.379409 0
0.802174 0.3767 0
0.793772 0.371845 0
0.795926 0.355432 0
0.795831 0.358866 0
0.79342 0.353937 0
0.784302 0.342035 0
0.789513 0.331051 0
0.786046 0.325095 0
0.791149 0.316336 0
0.780575 0.304466 0
0.786235 0.30365 0
0.786978 0.286363 0
0.776653 0.277319 0
0.774733 0.264983 0
0.773958 0.256995 0
0.766231 0.250495 0
0.746302 0.231025 0
0.739448 0.220928 0
0.734359 0.194975 0
0.729822 0.219539 0
0.720725 0.179329 0
0.725949 0.19704 0
0.727675 0.169634 0
0.723419 0.162003 0
0.71005 0.143821 0
0.700892 0.139183 0
0.691366 0.136442 0
0.693727 0.13099 0
0.691091 0.126381 0
0.67858 0.114865 0
0.681813 0.128644 0
0.684449 0.100353 0
0.65909 0.102141 0
0.698217 0.141469 0
0.704543 0.154073 0
0.688745 0.127215 0
0.682586 0.0865701 0
0.678343 0.051371 1
0.706085 0.12011 0
0.704469 0.099394 0
0.693272 0.076852 0
0.684737 0.0703295 0
0.689034 0.0805812 0
0.720172 0.111051 0
0.718788 0.0789825 0
0.731708 0.0784079 0
0.726251 0.0872695 0
0.737702 0.112291 0
0.744036 0.166913 0
0.762127 0.142661 0
0.730425 0.108402 0
0.731697 0.118199 0
0.717064 0.10196 0
0.704952 0.0981531 0
0.705484 0.0974286 0
0.70951 0.0893146 1
0.709076 0.0932404 0
0.710213 0.107504 0
0.722389 0.126473 0
0.71425 0.14549 0
0.712069 0.163435 0
0.699491 0.173108 0
0.682464 0.184728 0
0.659782 0.192162 0
0.64922 0.206004 0
0.640159 0.220663 0
0.639321 0.232083 0
0.631688 0.254655 0
0.625905 0.290075 0
0.59957 0.310155 0
0.594077 0.34887 0
0.561382 0.36899 0
0.541517 0.399851 0
0.531665 0.432692 0
0.503346 0.458368 0
0.490954 0.49925 0
0.459989 0.522136 0
0.459475 0.579687 0
0.450389 0.620029 0
0.434687 0.64992 0
0.394128 0.67573 0
0.378746 0.712972 0
0.382923 0.745234 0
0.383034 0.800138 1
0.363733 0.79078 0
0.353678 0.78114 0
0.348167 0.769492 0
0.34925 0.751847 0
0.339602 0.728618 0
0.332578 0.731422 0
0.328694 0.727031 0
0.334 0.706447 0
0.352243 0.700147 0
0.351783 0.696422 0
0.360429 0.701561 0
0.380217 0.697932 0
0.401441 0.688727 0
0.420645 0.693547 0
0.428427 0.6972 0
0.442868 0.69719 0
0.468564 0.704712 0
0.456869 0.700147 0
0.548981 0.71602 0
0.569483 0.726425 0
0.635253 0.742375 0
0.690425 0.750971 0
0.717447 0.744768 0
0.707137 0.721226 0
0.716218 0.712021 0
0.688119 0.693327 0
0.767254 0.720518 0
0.847065 0.750665 0
0.894785 0.758717 0
0.881162 0.771108 0
0.908701 0.797415 0
0.87555 0.815896 0
0.915417 0.826008 0
0.910956 0.822231 0
0.885213 0.793529 0
0.87422 0.775382 0
0.848122 0.751596 0
0.822211 0.740475 0
0.813917 0.738964 0
0.790237 0.729104 0
0.809464 0.72389 0
0.849474 0.727395 1
0.82678 0.734672 0
0.745823 0.743539 0
0.738954 0.764102 0
0.647582 0.771264 0
0.574266 0.76509 0
0.552273 0.78279 0
0.505452 0.802059 0
0.492222 0.817688 0
0.463411 0.833299 0
0.442355 0.848258 0
0.42335 0.864926 0
0.404662 0.860975 0
0.391227 0.873221 0
0.377484 0.878646 0
0.377859 0.882623 0
0.369028 0.907268 0
0.354774 0.910154 0
0.34955 0.912051 0
0.331226 0.896695 0
0.298987 0.89021 0
0.286177 0.885822 0
0.27395 0.884503 0
0.252212 0.895967 0
0.24602 0.897301 0
0.240494 0.882393 0
0.2403 0.872465 0
0.233394 0.888262 0
0.237511 0.906779 0
0.255339 0.939642 0
0.268392 0.965108 0
0.28785 0.985404 0
0.320555 1 0
0.325682 0.988365 0
0.331135 0.981463 0
0.335592 0.987944 0
0.369022 0.987233 0
0.362812 0.966367 0
0.381421 0.937905 0
0.399656 0.920605 0
0.42792 0.933021 0
0.465673 0.939232 0
0.504927 0.955579 0
0.542753 0.945549 0
0.575074 0.929425 0
0.599766 0.923202 0
0.617311 0.935252 0
0.630929 0.962308 0
0.613556 0.928538 1
0.610953 0.807406 0
0.598967 0.76464 0
0.586837 0.741411 0
0.579431 0.731466 0
0.574843 0.706176 0
0.58444 0.67931 0
0.594137 0.653094 0
0.601263 0.636047 0
0.625027 0.6487 0
0.638833 0.670286 0
0.65103 0.697408 0
0.674736 0.73 0
0.693306 0.759166 0
0.711871 0.78704 0
0.736307 0.809834 0
0.753314 0.836305 0
0.754681 0.843325 0
0.758315 0.843667 0
0.762272 0.839298 0
0.775342 0.848755 0
0.764727 0.852851 0
0.760199 0.856477 1
0.690903 0.822509 0
0.613013 0.790357 0
0.52687 0.755191 0
0.439921 0.711255 0
0.367916 0.66823 0
0.295562 0.612461 0
0.223316 0.558912 0
0.147907 0.504232 0
0.0828353 0.456424 0
0 0.400263 1
0.0479696 0.411617 0
0.100228 0.432436 0
0.143542 0.452183 0
0.168967 0.454625 0
0.233367 0.470829 0
0.279445 0.478732 0
0.303955 0.482314 0
0.344125 0.489596 0
0.38462 0.492144 0
0.408333 0.483254 0
0.440014 0.476905 0
0.454602 0.465283 0
0.47739 0.458768 0
0.497531 0.457519 0
0.541506 0.453363 0
0.585286 0.452071 0
0.619324 0.455061 0
0.672309 0.47257 0
0.707793 0.492426 0
0.770126 0.513832 0
0.78748 0.521882 0
0.816709 0.536093 0
0.867564 0.548992 0
0.944278 0.571361 1
0.92127 0.562927 0
0.88373 0.542667 0
0.865236 0.520924 0
0.850702 0.515842 0
0.847134 0.503385 0
0.781194 0.493009 0
0.736416 0.490765 0
0.688155 0.489493 0
0.688265 0.485594 0
0.68334 0.494421 0
0.669244 0.51191 0
0.648311 0.516145 0
0.601022 0.521856 0
0.553044 0.528964 0
0.493476 0.548364 0
0.417586 0.56132 0
0.345131 0.567721 0
0.311891 0.594366 0
0.278317 0.623735 0
0.199745 0.651505 0
0.187966 0.677425 0
0.152259 0.709329 1
0.141737 0.717821 0
0.105664 0.712411 0
0.0916107 0.722323 0
0.0895793 0.725174 0
0.0759197 0.723724 0
0.102108 0.745209 0
0.108216 0.73756 0
0.115806 0.717907 0
0.116095 0.700292 0
0.113894 0.677342 0
0.110371 0.644494 0
0.109829 0.607177 0
0.11753 0.59198 0
0.111253 0.555066 1
0.140309 0.512678 0
0.182667 0.466212 0
0.218656 0.412217 0
0.259901 0.365921 0
0.300489 0.344893 0
0.35203 0.297798 0
0.420487 0.230936 0
0.485436 0.164206 0
0.550514 0.0952537 0
0.623464 0 1
0.665583 0.0283197 0
0.698832 0.066564 0
0.721785 0.0973518 0
0.73393 0.148416 0
0.756033 0.18805 0
0.777505 0.22098 0
0.79995 0.262211 0
0.817897 0.281994 0
0.819506 0.293181 0
0.823193 0.2783 0
0.82379 0.259502 0
0.823896 0.23736 0
0.811575 0.222302 0
0.80466 0.205806 1
0.786736 0.205666 0
0.773345 0.208233 0
0.765089 0.216474 0
0.76321 0.226908 0
0.772047 0.226733 0
0.762464 0.218497 0
0.7491 0.194703 0
0.742518 0.190091 0
0.745333 0.219151 0
0.739995 0.212549 0
0.72478 0.230024 0
0.698974 0.242678 0
0.680197 0.264515 0
0.665643 0.289737 0
0.658285 0.307439 0
0.642593 0.329168 0
0.639251 0.343205 0
0.633045 0.355204 0
0.620259 0.363684 0
0.605593 0.37283 0
0.600379 0.373828 0
0.579054 0.369768 0
0.566751 0.356125 0
0.558543 0.340341 0
0.542736 0.329333 0
0.524765 0.314916 0
0.512676 0.299601 0
0.513523 0.283137 0
0.482692 0.267646 0
0.506451 0.276812 0
0.505997 0.272091 0
0.510289 0.263312 0
0.527052 0.264591 0
0.54652 0.263633 0
0.556216 0.248392 0
0.562968 0.236634 0
0.576019 0.226735 0
0.575869 0.211095 0
0.57438 0.191711 0
0.570571 0.173575 0
0.559095 0.145327 0
0.547378 0.109557 0
0.568911 0.0936492 0
0.591506 0.0752947 0
0.615778 0.069459 0
0.64187 0.0645233 0
0.672772 0.0631636 0
0.699162 0.0748389 0
0.719003 0.086834 0
0.707938 0.0851975 0
0.715304 0.102984 0
0.718997 0.131062 0
0.700294 0.13937 0
0.710793 0.173135 0
0.689635 0.192222 0
0.661061 0.196106 0
0.625184 0.185793 0
0.581139 0.170078 0
0.533862 0.161786 0
0.478892 0.135817 0
0.424302 0.102344 0
0.372396 0.0654373 1
0.337865 0.0457439 0
0.315168 0.0427063 0
0.290687 0.0419533 0
0.256468 0.0462475 0
0.257554 0.0468113 0
0.27544 0.0613213 0
0.286449 0.0676701 0
0.270907 0.0782137 0
0.28213 0.133377 0
0.28836 0.180833 0
0.294062 0.226159 0
0.274791 0.260026 0
0.25142 0.288582 0
0.230759 0.318179 0
0.236336 0.327705 0
0.203534 0.359252 0
0.191354 0.359111 0
0.157785 0.350942 0
0.129536 0.367035 0
0.113191 0.366186 0
0.120017 0.387215 0
0.126608 0.38907 0
0.136593 0.391685 0
0.153616 0.410322 0
0.183512 0.420089 0
0.231615 0.431731 0
0.275485 0.482744 0
0.321551 0.522882 0
0.340614 0.531193 0
0.34822 0.54772 0
0.379548 0.569941 0
0.412252 0.604378 0
0.444823 0.618903 0
0.482846 0.635856 0
0.500207 0.658733 0
0.484751 0.68846 0
0.455261 0.697651 0
0.439264 0.720675 1
0.452432 0.689864 0
0.480121 0.680047 0
0.510701 0.681616 0
0.549831 0.68831 0
0.601344 0.715983 0
0.642482 0.763071 0
0.683233 0.784083 0
0.707042 0.793736 0
0.737703 0.788504 0
0.749164 0.776933 0
0.761711 0.769674 0
0.776757 0.76048 0
0.780227 0.741 0
0.77813 0.718864 0
0.777257 0.712749 0
0.777977 0.689843 0
0.771919 0.660364 0
0.759596 0.624816 0
0.765869 0.6018 0
0.76077 0.581129 0
0.760951 0.566165 0
0.777804 0.584036 0
0.775053 0.588173 0
0.784138 0.600623 0
0.784788 0.605813 0
0.789566 0.612983 0
0.787811 0.613379 0
0.780205 0.619001 0
0.780568 0.620812 0
0.77804 0.621409 1
0.759803 0.595825 0
0.750014 0.569659 0
0.743166 0.552818 0
0.736763 0.532089 0
0.725156 0.512876 0
0.726444 0.50068 0
0.725129 0.49386 0
0.722817 0.480215 0
0.728938 0.477643 0
0.723175 0.461556 0
0.718114 0.429467 0
0.719072 0.409036 0
0.740572 0.389761 0
0.744542 0.371292 0
0.759878 0.340155 0
0.778083 0.325539 0
0.799738 0.306593 0
0.800564 0.281798 0
0.812687 0.267372 0
0.820172 0.252921 0
0.807083 0.23203 0
0.806733 0.211793 0
0.797171 0.190478 0
0.786447 0.175107 0
0.795655 0.155049 0
0.798945 0.148204 1
0.776232 0.134945 0
0.750808 0.144483 0
0.74665 0.159339 0
0.732852 0.175404 0
0.735578 0.18503 0
0.753203 0.204522 0
0.750229 0.211567 0
0.748992 0.23506 0
0.743986 0.248561 0
0.725246 0.249846 0
0.718078 0.262362 0
0.703242 0.271313 0
0.694019 0.275371 0
0.685813 0.274888 0
0.660457 0.267958 0
0.644285 0.26626 0
0.601639 0.244846 0
0.566483 0.226625 0
0.511528 0.197848 0
0.472864 0.184673 0
0.477767 0.189423 0
0.520594 0.220068 0
0.543221 0.234307 0
0.535046 0.251152 0
0.51476 0.274573 0
0.479056 0.28512 0
0.44215 0.307865 0
0.449979 0.311313 0
0.464398 0.309705 0
0.480278 0.298383 0
0.453915 0.28858 0
0.430552 0.274789 0
0.424303 0.292772 0
0.422713 0.301375 0
0.417065 0.32239 0
0.428882 0.314828 0
0.429047 0.354519 0
0.42549 0.381497 0
0.423079 0.393494 0
0.427295 0.387258 0
0.423845 0.392581 0
0.438704 0.40323 0
0.445444 0.403039 0
0.45975 0.403364 0
0.458547 0.412704 0
0.467152 0.418017 0
0.484713 0.422158 0
0.486151 0.43027 0
0.500934 0.437062 0
0.519225 0.456242 0
0.535724 0.468257 0
0.565229 0.484727 0
0.597534 0.509984 0
0.591271 0.530822 0
0.575059 0.544717 0
0.569703 0.559567 0
0.599012 0.573943 0
