0.0810331 0.517553 0
0.0942385 0.558898 0
0.0878525 0.577015 0
0.0833961 0.611732 0
0.0762279 0.659414 0
0.0788849 0.701531 0
0.0865611 0.740158 0
0.081082 0.767964 0
0.0745445 0.793155 0
0.0795272 0.821943 0
0.0851907 0.837435 0
0.0855531 0.845654 0
0.0859262 0.86022 0
0.0990589 0.879167 0
0.120667 0.890079 0
0.153964 0.907478 0
0.198815 0.930869 1
0.245662 0.945081 0
0.285289 0.954845 0
0.325164 0.959896 0
0.378666 0.959737 0
0.41753 0.959852 0
0.457461 0.965085 0
0.495286 0.972085 0
0.519301 0.973188 0
0.542949 0.97694 0
0.572948 0.984741 0
0.611844 0.993014 0
0.646681 1 0
0.670463 0.999391 0
0.686466 0.983094 0
0.730256 0.958131 0
0.735317 0.934116 0
0.735593 0.898453 0
0.750956 0.876105 0
0.774238 0.847319 0
0.812365 0.833664 0
0.835748 0.808032 0
0.832691 0.757032 0
0.821893 0.705265 0
0.822459 0.669369 0
0.816829 0.62626 0
0.802304 0.574355 0
0.78444 0.521214 0
0.769755 0.466643 0
0.742013 0.404109 0
0.704831 0.351154 0
0.671692 0.304657 0
0.642996 0.264418 0
0.601128 0.223884 0
0.553613 0.171909 0
0.515336 0.124098 0
0.490108 0.0934102 0
0.486691 0.0886774 0
0.472308 0.0682154 0
0.481516 0.076934 0
0.476441 0.0739208 0
0.474139 0.071786 0
0.473824 0.0727565 0
0.459203 0.06971 0
0.431223 0.055084 1
0.442483 0.0561444 0
0.439663 0.0528982 0
0.476106 0.0766139 0
0.507381 0.103796 0
0.547787 0.141784 0
0.586547 0.196261 0
0.62235 0.239722 0
0.646243 0.277555 0
0.666111 0.312667 0
0.684467 0.354279 0
0.69456 0.392353 0
0.70867 0.411446 0
0.720568 0.436699 0
0.728176 0.465542 0
0.734245 0.48854 0
0.745276 0.51205 0
0.762917 0.547389 0
0.770267 0.571513 0
0.765628 0.579149 0
0.755452 0.592683 1
0.729929 0.617524 0
0.710015 0.657946 0
0.694152 0.702584 0
0.672429 0.733666 0
0.623068 0.750405 0
0.595997 0.770071 0
0.570817 0.792706 0
0.546172 0.810751 0
0.519276 0.816139 0
0.491062 0.807316 0
0.480158 0.794824 0
0.443231 0.788108 0
0.42038 0.790145 0
0.427541 0.818631 0
0.446995 0.843528 0
0.440597 0.851684 1
0.382859 0.798722 0
0.357579 0.772013 0
0.374541 0.779637 0
0.350333 0.755995 0
0.337364 0.739967 0
0.325794 0.729223 0
0.325217 0.724387 0
0.295876 0.693954 0
0.274577 0.670114 0
0.271706 0.658694 0
0.274306 0.654884 0
0.26917 0.655661 0
0.252594 0.646588 0
0.227724 0.619994 0
0.259344 0.630822 0
0.222547 0.598262 0
0.202749 0.578781 0
0.191325 0.562024 0
0.189108 0.552433 0
0.199043 0.547197 0
0.202282 0.532666 0
0.216953 0.524789 0
0.229202 0.530682 0
0.24041 0.532926 0
0.255727 0.531865 0
0.267126 0.524267 0
0.278781 0.527532 0
0.293996 0.546291 0
0.278925 0.522394 0
0.273913 0.505985 0
0.277681 0.50039 0
0.282817 0.500971 0
0.278772 0.500103 0
0.274882 0.505027 0
0.269549 0.508248 0
0.259266 0.50412 0
0.255609 0.500467 0
0.260385 0.493653 0
0.247927 0.480227 0
0.230292 0.467287 0
0.226038 0.46071 0
0.229722 0.460355 0
0.219697 0.449261 0
0.194077 0.426784 0
0.167644 0.418213 0
0.140102 0.425094 0
0.11004 0.447886 0
0.0747041 0.431167 0
0.0650819 0.410051 0
0.0672865 0.417435 0
0.0830864 0.457419 0
0.0921312 0.506847 0
0.0864472 0.544642 0
0.0903126 0.576686 0
0.0866251 0.604061 0
0.133373 0.666221 0
0.118588 0.684082 0
0.114825 0.714406 0
0.0818262 0.718547 0
0.0692178 0.731556 0
0.0701643 0.761231 0
0.0789567 0.774996 0
0.0784226 0.790101 0
0.086885 0.794827 0
0.109075 0.7972 0
0.137588 0.823597 0
0.148248 0.830337 0
0.168992 0.828273 0
0.219312 0.836923 0
0.270241 0.849062 0
0.289766 0.843522 0
0.307015 0.839596 0
0.341954 0.857889 0
0.385026 0.882265 0
0.426425 0.89471 0
0.464586 0.896507 0
0.50229 0.900786 0
0.533517 0.909436 0
0.550275 0.919709 0
0.577079 0.930451 0
0.598726 0.91769 0
0.630742 0.991646 1
0.665073 0.916987 0
0.679162 0.872511 0
0.695742 0.836866 0
0.711086 0.794472 0
0.736267 0.755835 0
0.764523 0.720693 0
0.786171 0.685925 0
0.781021 0.626502 0
0.777083 0.573494 0
0.788056 0.539207 0
0.783236 0.492563 0
0.763546 0.438536 0
0.746587 0.389138 0
0.731624 0.336379 0
0.713305 0.280836 0
0.674184 0.205397 1
0.653837 0.180036 0
0.637376 0.162602 0
0.634554 0.147054 0
0.622842 0.126134 0
0.599343 0.0947094 0
0.574429 0.0733233 0
0.536843 0.0381149 0
0.531196 0.0378815 0
0.526072 0.024942 0
0.517202 0.0148523 0
0.511932 0.00961219 0
0.499095 0.00281397 0
0.492426 0 0
0.512583 0.0151096 0
0.524657 0.0263415 0
0.520332 0.0262789 0
0.511972 0.0172508 0
0.502191 0.00563387 0
0.513133 0.0201852 0
0.543629 0.0464441 0
0.61244 0.11968 0
0.644393 0.153438 0
0.646604 0.173079 0
0.683836 0.236325 0
0.707754 0.297887 0
0.716591 0.34227 0
0.716651 0.36542 0
0.719599 0.375392 0
0.729809 0.403545 0
0.74572 0.442552 0
0.75655 0.466664 0
0.760437 0.489352 0
0.770289 0.519444 0
0.787349 0.552173 0
0.794475 0.585694 0
0.782014 0.61087 0
0.767311 0.644387 0
0.761449 0.685863 0
0.751409 0.704977 0
0.720487 0.70786 0
0.699564 0.725584 0
0.688642 0.739697 0
0.675498 0.756896 0
0.658109 0.780787 0
0.633514 0.796779 0
0.597657 0.792739 0
0.545117 0.769464 0
0.527582 0.776947 0
0.514145 0.785482 0
0.486717 0.786137 0
0.446353 0.771681 0
0.41129 0.753594 0
0.373973 0.72679 0
0.344159 0.707631 0
0.313456 0.684657 0
0.277892 0.649833 0
0.258656 0.628301 0
0.270786 0.650071 0
0.251655 0.628734 0
0.244257 0.620628 0
0.243992 0.613709 0
0.23642 0.591408 0
0.231346 0.580646 0
0.25986 0.598651 0
0.253604 0.590605 0
0.226286 0.556855 0
0.195902 0.534783 0
0.244358 0.553357 0
0.210613 0.520507 0
0.238024 0.525321 0
0.23197 0.502119 0
0.232751 0.488321 0
0.243602 0.489422 0
0.251662 0.488804 0
0.253891 0.491679 0
0.260583 0.49128 0
0.278693 0.491821 0
0.322425 0.511173 0
0.287284 0.485792 0
0.27856 0.460856 0
0.283499 0.452445 0
0.261282 0.43949 0
0.258366 0.446238 0
0.260487 0.451552 0
0.260019 0.457658 0
0.262421 0.459361 0
0.242157 0.435858 0
0.229614 0.415378 0
0.248027 0.419059 0
0.264849 0.42283 0
0.210311 0.380947 0
0.182547 0.347821 1
0.138221 0.321307 0
0.107563 0.329203 0
0.0893551 0.347883 0
0.0624362 0.346026 0
0.0475246 0.358466 0
0.0719994 0.419962 0
0.0713537 0.462218 0
0.0677955 0.495556 0
0.0683287 0.532349 0
0.0647893 0.56966 0
0.05141 0.601319 0
0.0516238 0.636904 0
0.027386 0.672881 0
0 0.696412 1
0.00346352 0.716334 0
0.00217973 0.730646 0
0.0283871 0.756697 0
0.0366512 0.769514 0
0.0463253 0.77243 0
0.0776642 0.792595 0
0.0955597 0.799669 0
0.118227 0.81356 0
0.153849 0.835854 0
0.188969 0.850642 0
0.210201 0.831497 0
0.250774 0.834024 0
0.290417 0.845972 0
0.332008 0.858164 0
0.378159 0.875268 0
0.415118 0.890744 0
0.457146 0.908322 0
0.503882 0.922574 0
0.534351 0.918459 0
0.563249 0.914885 0
0.600988 0.917694 0
0.629674 0.901376 0
0.689553 0.934202 0
0.72286 0.93243 0
0.746149 0.89816 0
0.774454 0.813227 0
0.82161 0.787211 0
0.870293 0.761637 1
0.86989 0.729035 0
0.869429 0.682289 0
0.882595 0.663623 0
0.896257 0.622146 0
0.906839 0.587972 0
0.917309 0.554284 0
0.926038 0.517716 0
0.938025 0.481806 1
0.892452 0.410381 0
0.851042 0.359616 0
0.813588 0.309395 0
0.797022 0.269003 0
0.748507 0.218175 0
0.719494 0.186235 0
0.699002 0.150053 0
0.704312 0.140561 0
0.695548 0.124942 0
0.685471 0.101911 0
0.679366 0.0940712 0
0.693621 0.102506 0
0.697585 0.0974898 0
0.703747 0.0893229 1
0.70397 0.0834625 0
0.702751 0.089592 0
0.697122 0.0902857 0
0.699762 0.086238 0
0.711217 0.0876745 0
0.737268 0.117448 0
0.769777 0.152523 0
0.792718 0.182994 0
0.819038 0.222694 0
0.847548 0.264984 0
0.864393 0.315418 0
0.872181 0.357342 0
0.850165 0.379761 0
0.837209 0.39179 0
0.818898 0.396871 0
0.838999 0.441349 0
0.817301 0.473447 0
0.777509 0.486063 0
0.790009 0.513297 0
0.808328 0.546815 0
0.791088 0.561901 0
0.772472 0.543732 0
0.748354 0.544285 0
0.727156 0.583857 0
0.688199 0.572115 0
0.658358 0.596029 0
0.608814 0.569536 0
0.591828 0.612745 0
0.556616 0.598258 0
0.534157 0.626071 0
0.502567 0.621248 0
0.469237 0.625133 0
0.438682 0.621814 0
0.421534 0.624547 0
0.394536 0.623733 0
0.349755 0.637453 0
0.306158 0.634486 0
0.283473 0.618484 0
0.266061 0.583384 0
0.222417 0.584885 0
0.203582 0.575042 0
0.151948 0.537917 1
0.162646 0.543637 0
0.160588 0.548565 0
0.178941 0.574272 0
0.189428 0.565999 0
0.174578 0.55538 0
0.163816 0.55996 0
0.175395 0.545195 0
0.177143 0.536757 0
0.183926 0.547593 0
0.153193 0.539206 0
0.151769 0.523451 0
0.15438 0.50177 0
0.153731 0.486881 0
0.164349 0.476923 0
0.165492 0.481351 0
0.166635 0.45468 0
0.194254 0.446169 0
0.203512 0.447351 0
0.226471 0.429233 0
0.226557 0.422988 0
0.257577 0.430348 0
0.257433 0.444369 0
