0.724708 0.801407 0
0.71416 0.812255 0
0.704698 0.827844 0
0.708938 0.845085 0
0.715163 0.851758 0
0.710841 0.864109 0
0.700325 0.878014 0
0.6948 0.884448 0
0.703754 0.881983 0
0.704275 0.892943 0
0.685394 0.914724 0
0.68346 0.915641 0
0.672648 0.919641 0
0.647812 0.931789 0
0.634605 0.940472 0
0.614466 0.94199 0
0.576496 0.95488 0
0.540312 0.973398 0
0.52206 0.982458 0
0.473866 0.948041 0
0.44323 0.933789 0
0.436896 0.925249 0
0.424123 0.920001 0
0.391739 0.904184 0
0.348555 0.888957 0
0.300998 0.864236 0
0.245483 0.841244 0
0.209991 0.816415 0
0.172373 0.785621 0
0.132317 0.747043 0
0.106147 0.719351 0
0.0576433 0.723498 0
0.0425499 0.715521 0
0.0145611 0.711063 0
0 0.661431 0
0.0270408 0.608588 0
0.0487955 0.571789 0
0.0656611 0.543126 0
0.0747917 0.512689 0
0.0738625 0.500413 0
0.0923772 0.461125 0
0.111368 0.425675 0
0.132884 0.390916 1
0.162153 0.380999 0
0.17212 0.358435 0
0.178259 0.340135 0
0.180106 0.326498 0
0.191725 0.313378 0
0.209609 0.297546 0
0.227403 0.279979 0
0.247933 0.265086 0
0.26294 0.263745 0
0.304112 0.238623 0
0.296213 0.236795 0
0.307921 0.233099 0
0.315259 0.235528 0
0.31997 0.23086 0
0.33578 0.220927 0
0.36124 0.211483 0
0.380988 0.196242 0
0.39429 0.1755 0
0.410541 0.152898 0
0.419952 0.154598 0
0.42314 0.098544 0
0.439206 0.0804634 0
0.451728 0.0653461 0
0.469766 0.0554505 0
0.486093 0.0516779 0
0.496627 0.0511876 0
0.508089 0.0510197 0
0.524531 0.0482976 0
0.522732 0.0461443 0
0.530484 0.0462458 0
0.539939 0.0419329 0
0.5455 0.0369029 0
0.544839 0.0378399 0
0.543886 0.039089 0
0.548718 0.039157 0
0.554058 0.0429663 0
0.550311 0.053473 0
0.546748 0.0610989 0
0.560186 0.0713874 0
0.586949 0.079103 0
0.607542 0.0906346 0
0.62349 0.106702 0
0.639683 0.12394 0
0.652001 0.135995 0
0.670982 0.150547 0
0.719003 0.195819 0
0.792906 0.265525 0
0.884969 0.299939 1
0.917748 0.314961 0
0.948173 0.325169 0
0.972703 0.33013 0
0.993125 0.335577 0
1 0.341779 0
0.995278 0.346609 0
0.979315 0.343646 0
0.960044 0.336834 0
0.935084 0.333217 0
0.905391 0.333509 0
0.881128 0.336454 0
0.872713 0.340988 0
0.872444 0.352841 0
0.863708 0.3713 0
0.857507 0.396014 0
0.858427 0.415001 0
0.854448 0.416318 0
0.846692 0.407365 0
0.840304 0.413191 0
0.840149 0.428504 0
0.843853 0.44528 0
0.841699 0.457881 0
0.823633 0.458604 0
0.803857 0.466695 0
0.788207 0.506629 0
0.789577 0.52062 0
0.782582 0.530248 0
0.745463 0.536993 0
0.716023 0.550252 0
0.712055 0.586623 0
0.720469 0.626502 0
0.705409 0.640078 0
0.681682 0.647832 0
0.665416 0.652022 0
0.662251 0.662454 0
0.669558 0.687161 0
0.670852 0.709937 0
0.689912 0.743261 0
0.701983 0.757431 0
0.708411 0.773548 0
0.715696 0.78928 0
0.728119 0.806689 0
0.737669 0.828064 0
0.729527 0.846397 0
0.719961 0.860639 0
0.713945 0.865974 0
0.706472 0.867401 0
0.696531 0.871346 0
0.678393 0.879299 0
0.661395 0.891962 0
0.636932 0.914236 0
0.616197 0.942383 0
0.601785 0.980151 0
0.597683 0.997434 0
0.576357 0.996142 0
0.563929 0.975435 0
0.554834 0.973849 0
0.527923 0.991271 0
0.494754 0.984492 0
0.457517 0.974634 1
0.454111 0.939067 0
0.448171 0.916108 0
0.414203 0.894732 0
0.366766 0.875655 0
0.325406 0.84546 0
0.290873 0.811266 0
0.241413 0.782504 0
0.188612 0.763416 0
0.145496 0.740041 0
0.123884 0.70468 0
0.0993791 0.679221 0
0.0727711 0.661239 0
0.055631 0.639169 0
0.0592764 0.611451 0
0.0671431 0.589463 0
0.0632178 0.552797 0
0.101999 0.528389 0
0.119338 0.515768 0
0.129046 0.485423 0
0.144226 0.451692 0
0.153839 0.430044 0
0.174641 0.418671 0
0.160471 0.379951 0
0.164499 0.361406 0
0.171335 0.359303 0
0.179687 0.35314 0
0.189537 0.333161 0
0.217051 0.311256 0
0.238597 0.289432 0
0.249556 0.272968 0
0.263971 0.260017 0
0.266922 0.256995 0
0.286275 0.239991 0
0.297681 0.230188 0
0.304547 0.22282 0
0.319392 0.220787 0
0.304979 0.207992 0
0.313255 0.192391 1
0.33765 0.168762 0
0.356246 0.147781 0
0.361695 0.136558 0
0.360935 0.137848 0
0.367951 0.0928836 0
0.381157 0.0788539 0
0.393096 0.0625812 0
0.387068 0.0516498 0
0.400081 0.0479812 0
0.419038 0.0499901 0
0.428934 0.0377261 0
0.446473 0.0306047 0
0.452618 0.023496 0
0.459764 0.0234963 0
0.47194 0.0169471 0
0.492467 0.00970846 0
0.490685 0 0
0.504121 0.00735089 1
0.512735 0.0129018 0
0.535922 0.00971548 0
0.536974 0.00370482 0
0.533112 0.0100101 0
0.53565 0.010298 0
0.543024 0.0120183 0
0.554375 0.0176143 0
0.564921 0.0247585 0
0.573481 0.0311652 0
0.585925 0.0339522 0
0.605359 0.0381792 0
0.625269 0.0591405 1
0.682758 0.106529 0
0.736247 0.146526 0
0.795039 0.183379 0
0.824484 0.199959 0
0.855112 0.215457 0
0.891945 0.235978 0
0.920148 0.254646 0
0.939527 0.256074 0
0.959615 0.268444 0
0.953173 0.280481 0
0.91989 0.276642 0
0.897195 0.288379 0
0.888197 0.2969 0
0.883376 0.305775 0
0.875383 0.31205 0
0.852191 0.304077 0
0.839297 0.313088 0
0.842695 0.335827 0
0.845008 0.358982 0
0.848261 0.37684 0
0.846804 0.386291 0
0.839683 0.393773 0
0.830817 0.401611 0
0.832155 0.418744 0
0.84942 0.443774 0
0.861845 0.46178 0
0.876779 0.48152 0
0.89205 0.498765 1
0.870036 0.518991 0
0.845312 0.535821 0
0.829621 0.553046 0
0.819844 0.570881 0
0.800749 0.583821 0
0.773223 0.597308 0
0.756789 0.621964 0
0.732353 0.634117 0
0.721926 0.647909 0
0.716179 0.652771 0
0.714566 0.668838 0
0.722758 0.683644 0
0.737069 0.705771 0
0.754841 0.740381 0
0.772996 0.771006 0
0.782735 0.789469 0
0.778917 0.80719 0
0.786373 0.835833 0
0.781011 0.850918 0
0.767341 0.863332 0
0.760057 0.876811 0
0.74764 0.888074 0
0.738254 0.902097 0
0.728188 0.913896 0
0.712289 0.921714 0
0.686206 0.9228 0
0.677985 0.934648 0
0.683016 0.949621 0
0.684775 0.961389 0
0.681843 0.969452 0
0.678672 0.975318 0
0.67665 0.98204 0
0.680813 0.983381 0
0.639659 0.940551 1
0.587774 0.916572 0
0.541155 0.891861 0
0.502295 0.885191 0
0.480653 0.889098 0
0.439996 0.880402 0
0.399633 0.868095 0
0.353801 0.856798 0
0.300496 0.839122 0
0.249702 0.818335 0
0.199068 0.799576 0
0.157382 0.777159 0
0.13007 0.744882 0
0.110884 0.718298 0
0.0805708 0.706064 0
0.0399478 0.681444 0
0.00997265 0.654066 1
0.0634483 0.613013 0
0.0903311 0.595798 0
0.0969747 0.565336 0
0.107946 0.523551 0
0.12789 0.47261 0
0.148929 0.435968 0
0.157765 0.410779 0
0.163191 0.395789 0
0.196383 0.378343 0
0.191514 0.347353 0
0.230947 0.34498 0
0.241651 0.31033 0
0.249037 0.292412 0
0.267965 0.285696 0
0.290508 0.274722 0
0.289533 0.261166 0
0.303677 0.253856 0
0.303347 0.230494 0
0.328489 0.223375 0
0.319463 0.196347 0
0.313018 0.175957 0
0.342709 0.1688 0
0.38068 0.166832 0
0.401343 0.15562 0
0.419413 0.142924 0
0.435213 0.126109 0
0.442521 0.100319 0
0.472038 0.0988383 0
0.473937 0.0804311 0
0.460059 0.0573238 0
0.496459 0.0687133 0
0.523704 0.0628907 0
