0.678375 0.629866 0
0.653292 0.627816 0
0.646897 0.628405 0
0.641122 0.639495 0
0.644515 0.627954 0
0.649273 0.607024 0
0.652093 0.597048 0
0.649339 0.583837 0
0.651252 0.561759 0
0.665443 0.542563 0
0.682974 0.540023 0
0.699619 0.541967 0
0.725631 0.536798 0
0.744917 0.535437 0
0.764292 0.535768 0
0.792076 0.528228 0
0.823886 0.516863 0
0.857395 0.50738 0
0.901726 0.496315 1
0.955702 0.562626 0
0.959248 0.569432 0
0.9317 0.525647 0
1 0.618909 0
0.928955 0.563035 0
0.961196 0.61909 0
0.936508 0.599444 0
0.940836 0.628005 0
0.942183 0.638849 0
0.941742 0.671872 0
0.940139 0.669752 0
0.9406 0.673726 0
0.938991 0.686921 0
0.937671 0.70179 0
0.937258 0.722007 0
0.934176 0.720931 0
0.945943 0.729603 0
0.985157 0.723803 0
0.950247 0.801386 0
0.943944 0.791939 0
0.944296 0.847865 0
0.952419 0.879911 0
0.972302 0.881933 0
0.983985 0.895711 0
0.98423 0.890162 0
0.973193 0.864776 0
0.960553 0.860438 0
0.938462 0.875672 0
0.911432 0.879534 0
0.89156 0.868693 0
0.884982 0.860298 0
0.887055 0.851471 0
0.896162 0.824991 0
0.914823 0.788022 0
0.926347 0.764444 0
0.942915 0.729102 0
0.953496 0.700558 0
0.95337 0.693711 0
0.955237 0.679223 0
0.951964 0.669886 0
0.942723 0.656782 0
0.924923 0.637722 0
0.910043 0.614074 0
0.889835 0.583344 0
0.863033 0.554069 0
0.846946 0.532428 0
0.834559 0.508402 0
0.807137 0.464649 0
0.755218 0.418588 0
0.712609 0.384007 0
0.699001 0.360205 0
0.699223 0.347221 0
0.688597 0.341703 0
0.68168 0.334629 0
0.679874 0.328504 0
0.681518 0.328088 0
0.688878 0.326243 0
0.684267 0.326966 0
0.668027 0.323121 0
0.665267 0.306646 0
0.671307 0.287301 0
0.700242 0.224442 0
0.694252 0.221481 0
0.68532 0.224171 0
0.679671 0.227266 0
0.671696 0.22972 0
0.668345 0.223401 0
0.645066 0.2248 1
0.618438 0.232117 0
0.588336 0.236558 0
0.56379 0.241873 0
0.546661 0.245403 0
0.527151 0.246796 0
0.495812 0.256523 0
0.461889 0.262426 0
0.433052 0.260748 0
0.399651 0.25474 0
0.369939 0.245053 0
0.351186 0.237889 0
0.329973 0.233866 0
0.307792 0.232142 0
0.281481 0.245813 0
0.259735 0.256817 0
0.243716 0.262066 0
0.212779 0.294336 0
0.197195 0.31441 0
0.185413 0.326621 0
0.167383 0.347797 0
0.151086 0.379237 0
0.141043 0.421127 0
0.139079 0.420245 0
0.128181 0.440828 0
0.108054 0.46616 0
0.097765 0.487789 0
0.0915124 0.503268 0
0.0878204 0.515471 0
0.0817719 0.527175 0
0.0767489 0.540504 0
0.0751735 0.554119 0
0.0696211 0.566046 0
0.0628796 0.575326 0
0.0642572 0.579025 0
0.0695723 0.581558 0
0.0667488 0.587874 0
0.0538312 0.593568 0
0.0528356 0.59809 0
0.0677217 0.604122 0
0.074888 0.608184 0
0.0727638 0.61016 0
0.0766498 0.612752 0
0.0829862 0.613065 0
0.0765597 0.612899 0
0.0467155 0.595613 0
0.0536952 0.559107 0
0.0610158 0.546301 0
0.061405 0.558501 0
0.0708013 0.550488 0
0.0825275 0.529741 0
0.0811621 0.531759 0
0.0506291 0.586023 0
0.0301677 0.652352 0
0.0224367 0.673861 0
0.00235539 0.683395 0
0 0.612958 0
0.00323402 0.689681 0
0.0281381 0.6659 0
0.0270728 0.701087 0
0.0364002 0.713931 0
0.0350585 0.702159 0
0.0359786 0.695526 0
0.0871602 0.693288 0
0.091694 0.674512 0
0.144577 0.668724 0
0.177858 0.692272 1
0.214334 0.69882 0
0.238322 0.700829 0
0.245612 0.710795 0
0.270593 0.700936 0
0.302709 0.707367 0
0.301179 0.711942 0
0.304717 0.718194 0
0.288105 0.74663 1
0.303647 0.736959 0
0.321448 0.734698 0
0.350395 0.717683 0
0.353288 0.725988 0
0.355798 0.742896 0
0.367951 0.741719 0
0.391679 0.73034 0
0.405194 0.716875 0
0.440524 0.676905 0
0.406023 0.730259 0
0.391817 0.755463 0
0.388194 0.768316 0
0.408682 0.775051 0
0.426648 0.779565 0
0.415744 0.796278 0
0.399891 0.822924 1
0.459837 0.788451 0
0.476243 0.794204 0
0.498146 0.783825 0
0.503173 0.800208 0
0.477779 0.837918 0
0.491889 0.847103 0
0.489267 0.836446 0
0.50429 0.832887 0
0.523916 0.820324 0
0.490183 0.845112 0
0.507055 0.829912 0
0.523869 0.819226 0
0.513351 0.825031 0
0.495942 0.853847 0
0.473217 0.872249 0
0.462758 0.884682 0
0.478652 0.892218 0
0.463756 0.877505 0
0.455101 0.887389 0
0.478455 0.866666 0
0.448313 0.879748 0
0.452433 0.856583 0
0.43824 0.861989 0
0.432745 0.852965 0
0.427403 0.837333 0
0.429404 0.821303 0
0.435336 0.801301 0
0.444546 0.793881 0
0.463009 0.796352 0
0.490505 0.79147 0
0.516348 0.786249 0
0.537955 0.782288 0
0.571674 0.796423 0
0.597379 0.794777 0
0.621999 0.791566 0
0.637833 0.804582 0
0.656441 0.82925 0
0.673873 0.830892 0
0.684802 0.839788 0
0.693073 0.831175 0
0.701869 0.815389 0
0.713174 0.789841 0
0.732945 0.773555 0
0.748336 0.789589 0
0.750894 0.796125 0
0.757169 0.803823 0
0.77367 0.821903 0
0.785769 0.834579 0
0.79842 0.853926 0
0.820621 0.872809 0
0.838257 0.882191 0
0.851637 0.886799 0
0.856974 0.886926 0
0.861036 0.885407 0
0.863702 0.882653 0
0.851656 0.899428 0
0.850293 0.909454 0
0.8493 0.917532 0
0.868506 0.92821 0
0.878439 0.924494 0
0.878989 0.914736 0
0.884025 0.907582 0
0.892285 0.899391 0
0.869008 0.88066 0
0.836391 0.868884 0
0.826535 0.860457 0
0.817894 0.858509 0
0.815887 0.841931 0
0.821304 0.817243 0
0.839678 0.786003 0
0.865733 0.735394 0
0.875602 0.672886 0
0.900742 0.645547 0
0.868404 0.657809 0
0.850195 0.649386 0
0.842101 0.628644 0
0.8458 0.609489 0
0.849891 0.588901 0
0.846124 0.572409 0
0.845271 0.547954 1
0.824858 0.500006 0
0.773482 0.464167 0
0.720346 0.423264 0
0.707121 0.378046 0
0.722535 0.36011 0
0.7308 0.354517 0
0.713789 0.336215 0
0.68849 0.320718 0
0.682922 0.301296 0
0.687545 0.281409 0
0.664063 0.274558 0
0.656748 0.263753 0
0.639571 0.236793 0
0.647487 0.226075 0
0.623669 0.242261 0
0.620353 0.239762 0
0.619015 0.209394 0
0.594142 0.21173 0
0.566518 0.199108 0
0.549123 0.185668 0
0.542366 0.181878 0
0.524925 0.176915 0
0.503154 0.170977 0
0.460706 0.170037 0
0.403548 0.157945 0
0.363501 0.147673 0
0.355787 0.162439 0
0.341861 0.175801 0
0.322035 0.186304 0
0.31207 0.190173 0
0.301594 0.199838 0
0.290634 0.202199 0
0.266585 0.212116 0
0.246269 0.229623 0
0.237348 0.232029 0
0.217464 0.248594 0
0.178137 0.273063 0
0.151995 0.313181 0
0.154458 0.362076 0
0.146492 0.393194 1
0.118247 0.451982 0
0.087469 0.491239 0
0.0751572 0.50608 0
0.0685833 0.53135 0
0.0844281 0.564902 0
0.117066 0.578188 0
0.0894891 0.602841 0
0.0839738 0.621223 0
0.0865458 0.64183 0
0.0743358 0.646556 0
0.0661518 0.650919 0
0.0645577 0.666963 0
0.0612547 0.67186 0
0.0415896 0.670647 0
0.0349933 0.674889 0
0.0463993 0.680067 0
0.0352337 0.689028 0
0.021897 0.688209 0
0.0330344 0.691391 0
0.0464926 0.714872 0
0.0573605 0.705936 0
0.0484117 0.692518 0
0.0461792 0.682984 0
0.049416 0.686001 0
0.0546968 0.699069 0
0.0580343 0.693429 0
0.0600803 0.682683 0
0.0683892 0.66826 0
0.0761676 0.652251 0
0.0846042 0.633639 0
0.0819187 0.627682 0
0.075007 0.618757 0
0.0756862 0.603237 0
0.0965256 0.587521 0
0.0863779 0.534147 0
0.0809041 0.530035 1
0.118218 0.48321 0
0.159313 0.447583 0
0.195401 0.415022 0
0.257398 0.404546 0
0.339339 0.381207 0
0.386706 0.35904 0
0.39705 0.357995 0
0.44898 0.323939 0
0.48855 0.310461 0
0.515913 0.301608 0
0.530258 0.277606 0
0.590204 0.19482 1
0.605067 0.23397 0
0.563835 0.280092 0
0.59376 0.279537 0
0.625128 0.266804 0
0.659663 0.262855 0
0.676936 0.265916 0
0.672487 0.284534 0
0.671939 0.279213 0
0.669189 0.281658 0
0.674411 0.286624 0
0.692271 0.294825 0
0.714896 0.296528 0
0.71866 0.295223 0
0.728598 0.30066 0
0.751474 0.307505 0
0.770522 0.294271 1
0.73069 0.338115 0
0.719902 0.374483 0
0.713733 0.395016 0
0.707709 0.400799 0
0.695491 0.418921 0
0.69789 0.463504 0
0.708041 0.498415 0
0.694286 0.515375 0
0.679619 0.534216 0
0.670475 0.555786 0
0.66372 0.57079 0
0.660682 0.589374 0
0.643827 0.622589 0
0.62329 0.644252 0
0.613321 0.663724 0
0.600038 0.692373 0
0.57625 0.716596 0
0.571979 0.756876 0
0.561877 0.774529 0
0.547126 0.805161 0
0.529696 0.828845 0
0.519097 0.856868 1
0.531252 0.848269 0
0.534063 0.828632 0
0.532823 0.819282 0
0.539698 0.816191 0
0.551295 0.798072 0
0.558015 0.774842 0
0.557391 0.76933 0
0.58249 0.781561 0
0.601066 0.785774 0
0.603322 0.790642 0
0.612828 0.780406 0
0.646542 0.798687 0
0.658009 0.817445 0
0.667364 0.825283 0
0.669658 0.815611 0
0.69844 0.793822 0
0.703436 0.802476 0
0.691331 0.808708 0
0.684798 0.818015 0
0.696082 0.828078 0
0.697355 0.82893 0
0.696829 0.821731 0
0.686092 0.831301 0
0.688026 0.850499 0
0.675913 0.848649 0
0.674235 0.852774 0
0.670837 0.85248 0
0.67389 0.856504 0
0.665359 0.855757 0
0.655785 0.859466 0
0.646172 0.863451 0
0.638218 0.876169 0
0.642501 0.86437 0
0.633056 0.880332 0
0.633091 0.86286 0
0.634464 0.849392 0
0.629713 0.868546 0
0.62481 0.868241 1
0.614023 0.830528 0
0.602626 0.770481 0
0.569383 0.766665 0
0.549219 0.763171 0
0.56794 0.73342 0
0.59127 0.689882 0
0.631702 0.639748 0
0.64807 0.605237 0
0.684135 0.545707 0
0.706862 0.522481 0
0.691595 0.518347 0
0.711527 0.518725 0
0.716793 0.488577 0
0.754997 0.492491 0
0.664875 0.42407 0
0.581748 0.367316 0
0.679237 0.369455 0
0.850229 0.393318 1
0.639402 0.285343 0
0.632622 0.274507 0
0.381272 0.176967 0
0.302627 0.124743 0
0.281067 0.0770223 0
0.196888 0.0455825 1
0.274879 0.0606894 0
0.302745 0.0689383 0
0.318833 0.0693215 0
0.318551 0.0637032 0
0.346776 0.0661066 0
0.379842 0.0608716 1
0.342074 0.0190217 0
0.354441 0 0
0.360386 0.00537569 0
0.363436 0.0142913 0
0.369896 0.0170604 0
0.37328 0.0192661 0
0.372077 0.0279903 0
0.365765 0.02928 0
0.353747 0.0580326 0
0.376563 0.0694708 0
0.382212 0.10134 0
0.40632 0.112611 0
0.427572 0.110318 0
0.390741 0.124241 0
0.422392 0.13154 0
0.401064 0.153327 0
0.354335 0.120302 0
0.321922 0.139118 0
0.313718 0.138434 0
0.299208 0.160115 0
0.280519 0.201953 0
0.268076 0.211076 0
0.254397 0.22456 0
0.253608 0.211814 0
0.253867 0.226268 0
0.233895 0.270023 0
0.221386 0.342327 0
0.199477 0.338317 0
0.20053 0.33953 0
0.191481 0.357633 0
0.18632 0.39564 0
0.182972 0.427062 0
0.176792 0.455594 0
0.177641 0.498501 0
0.157951 0.507199 0
0.144405 0.479314 0
0.140772 0.480201 0
0.144266 0.469121 0
0.157058 0.447832 0
0.151618 0.463363 0
0.15067 0.487801 0
0.149626 0.499649 0
0.144061 0.513668 0
0.119185 0.542964 0
0.103772 0.563851 0
0.112095 0.560705 0
0.100482 0.582825 0
0.106499 0.56069 0
0.0863271 0.554262 0
0.079954 0.558779 0
0.0783772 0.560935 0
0.0827129 0.558264 0
0.0723532 0.552178 0
0.0613625 0.536557 0
0.0694365 0.528672 0
0.0640765 0.530917 0
0.0635661 0.536991 0
0.0839892 0.530228 0
0.0897474 0.503932 0
0.108221 0.477991 0
0.11959 0.469862 0
0.145365 0.444882 0
0.147629 0.456806 0
0.154133 0.467953 0
0.149116 0.48764 0
0.150174 0.42582 0
