0.757104 0.125004 0
0.73929 0.102588 0
0.708604 0.06132 0
0.69931 0.0471404 0
0.697508 0.0446154 0
0.707974 0.0602633 0
0.674989 0.0659393 0
0.670322 0.0715713 0
0.661493 0.0738651 1
0.655311 0.0779548 0
0.64674 0.0864507 0
0.639435 0.0915259 0
0.624235 0.104981 0
0.621597 0.116058 0
0.608308 0.121699 0
0.616123 0.17063 0
0.607478 0.181348 0
0.613228 0.212526 0
0.633764 0.267655 0
0.62182 0.280732 0
0.624058 0.311527 0
0.627323 0.340202 0
0.632778 0.376633 0
0.645175 0.420527 0
0.659562 0.491894 0
0.670755 0.648337 0
0.678243 0.666443 0
0.675585 0.668285 0
0.668522 0.672816 0
0.665189 0.685113 0
0.656209 0.692383 0
0.652039 0.697797 0
0.644494 0.702124 1
0.644442 0.702129 0
0.644325 0.701785 0
0.642392 0.70215 0
0.640451 0.67187 0
0.449467 0.565348 0
0.412161 0.581439 0
0.402794 0.580783 0
0.377383 0.579398 0
0.353951 0.575817 0
0.340325 0.583997 0
0.32491 0.589686 0
0.311388 0.59639 0
0.295142 0.605351 0
0.281897 0.609538 0
0.268263 0.613139 0
0.259148 0.623073 0
0.24808 0.624934 0
0.229796 0.63833 0
0.218458 0.640432 0
0.206152 0.656063 0
0.202549 0.663992 0
0.193862 0.671334 0
0.189511 0.681918 0
0.185134 0.686849 0
0.180863 0.691152 0
0.176348 0.694792 1
0.160011 0.688037 0
0.123833 0.648424 0
0.11175 0.593952 0
0.0838499 0.551712 0
0.0707573 0.537857 0
0.0556973 0.507004 0
0.0401287 0.441994 0
0.0339888 0.4095 0
0.0265342 0.402061 0
0.0221978 0.403269 0
0.0177529 0.371668 0
0.00388858 0.327578 0
0 0.321643 0
0.0057201 0.317099 0
0.00586492 0.301544 0
0.00687963 0.298799 0
0.0124292 0.295605 0
0.0167913 0.293318 0
0.0186818 0.290792 0
0.0116212 0.294418 0
0.0325865 0.283307 0
0.0488125 0.288342 0
0.0652069 0.302475 0
0.0903833 0.343415 0
0.112567 0.366102 0
0.151779 0.419482 0
0.191947 0.493775 0
0.236686 0.804172 0
0.210566 0.835905 0
0.230377 0.793317 0
0.2396 0.793417 0
0.248767 0.786861 0
0.253469 0.796804 0
0.262566 0.785132 0
0.270027 0.77796 0
0.277534 0.768718 0
0.282825 0.765393 0
0.290484 0.759144 1
0.313606 0.772147 0
0.340864 0.777107 0
0.369442 0.800633 0
0.400257 0.82092 0
0.426952 0.805993 0
0.44913 0.82109 0
0.474891 0.808427 0
0.496972 0.811784 0
0.520354 0.812936 0
0.541939 0.799385 0
0.559433 0.792605 0
0.579978 0.785457 0
0.596627 0.775548 0
0.616246 0.75689 1
0.626742 0.765381 0
0.744034 0.842634 0
0.74779 0.832295 0
0.78285 0.819794 0
0.797574 0.80121 0
0.820558 0.761045 0
0.822341 0.630322 0
0.826127 0.608436 0
0.829488 0.586109 0
0.833715 0.57497 1
0.845992 0.570437 0
0.862637 0.564326 0
0.873325 0.546739 0
0.881058 0.534838 0
0.883303 0.522729 0
0.896707 0.510915 0
0.912284 0.508025 0
0.91691 0.491626 0
0.924066 0.470809 0
0.935978 0.470838 0
0.942618 0.441984 0
0.94984 0.439606 0
0.951878 0.425784 0
0.957256 0.399074 0
0.950993 0.375508 0
0.951545 0.336043 0
0.960617 0.322554 0
0.952505 0.311176 0
0.910894 0.244849 0
0.844027 0.142079 0
0.848181 0.143157 0
0.842871 0.138943 0
0.863786 0.152992 0
0.828614 0.124455 0
0.823105 0.0865251 0
0.805152 0.0638688 0
0.764782 0.0263627 0
0.778803 0.030211 0
0.77701 0.021999 0
0.766601 0.0259762 0
0.765379 0.0217816 0
0.759116 0.0261027 1
0.754506 0.027183 0
0.75074 0.031537 0
0.748495 0.0369199 0
0.74214 0.0391271 0
0.736128 0.0397151 0
0.730376 0.0381579 0
0.73227 0.0510103 0
0.731611 0.0712144 0
0.73244 0.0760659 0
0.721318 0.084415 0
0.717468 0.087549 0
0.715732 0.105477 0
0.70381 0.117544 0
0.691047 0.128076 0
0.679619 0.132916 0
0.659134 0.119779 0
0.655339 0.118853 0
0.635743 0.1186 0
0.633396 0.132704 0
0.630479 0.154162 0
0.624497 0.170255 0
0.617804 0.178989 0
0.612577 0.193358 0
0.620982 0.241097 0
0.609534 0.244057 0
0.609159 0.26654 0
0.612557 0.287101 0
0.615944 0.328635 0
0.627571 0.377449 0
0.635743 0.428656 0
0.670053 0.535547 0
0.669084 0.562113 0
0.676197 0.603889 0
0.672269 0.617118 0
0.656528 0.627332 0
0.633978 0.63632 0
0.614941 0.674232 0
0.622444 0.700852 0
0.604968 0.681721 0
0.591856 0.673243 0
0.577519 0.651911 0
0.559661 0.637115 0
0.460092 0.586651 0
0.44694 0.567848 0
0.423666 0.555397 0
0.391345 0.536391 0
0.380051 0.531373 0
0.360413 0.527831 0
0.336138 0.521684 0
0.320133 0.522348 0
0.303113 0.519852 0
0.281955 0.501222 0
0.268965 0.51672 0
0.246961 0.484123 0
0.239411 0.473629 0
0.220325 0.443868 0
0.202833 0.426431 0
0.218012 0.462183 0
0.143861 0.227587 0
0.133173 0.206754 1
0.134324 0.206165 0
0.133618 0.222229 0
0.10891 0.209291 0
0.12802 0.615883 0
0.130067 0.604704 0
0.11102 0.564238 0
0.111609 0.566774 0
0.0971223 0.537166 0
0.080788 0.490372 0
0.0723923 0.462593 0
0.0622652 0.430623 0
0.0563917 0.415963 0
0.0457973 0.39548 0
0.0427607 0.350372 0
0.0263208 0.296022 0
0.0324508 0.278919 1
0.0324508 0.278918 0
0.0324509 0.278919 0
0.0324477 0.278917 0
0.0324726 0.278913 0
0.0324521 0.278715 0
0.035083 0.279613 0
0.0370523 0.278927 0
0.0406306 0.281245 0
0.0598433 0.293898 0
0.079961 0.315238 0
0.101321 0.329121 0
0.135712 0.346734 0
0.146707 0.365998 0
0.173051 0.397959 0
0.240818 0.781852 0
0.268721 0.704262 0
0.272963 0.706983 0
0.282467 0.705569 0
0.285436 0.711933 0
0.296621 0.708635 0
0.302759 0.71028 0
0.311914 0.709653 0
0.318577 0.704509 0
0.344955 0.694573 0
0.364633 0.695235 0
0.377829 0.697268 0
0.413714 0.716606 0
0.431958 0.734255 0
0.459495 0.751267 0
0.472376 0.751083 0
0.487911 0.75395 0
0.519642 0.758554 0
0.548712 0.767853 0
0.562883 0.765873 0
0.585586 0.758827 0
0.604928 0.754293 0
0.611588 0.470964 0
0.645059 0.485862 0
0.742195 0.576164 0
0.773516 0.600332 0
0.80002 0.625075 0
0.809523 0.625502 0
0.822371 0.750282 0
0.830101 0.737346 0
0.83124 0.696039 0
0.835928 0.618427 0
0.839495 0.602319 0
0.84338 0.578287 0
0.851187 0.566838 0
0.855765 0.55973 0
0.865567 0.543065 0
0.875737 0.531321 0
0.899279 0.517249 0
0.914374 0.512499 0
0.908327 0.490184 0
0.923807 0.475287 0
0.938312 0.460512 0
0.958773 0.444231 0
0.988764 0.432232 0
0.986701 0.409751 0
1 0.386556 0
0.986132 0.345578 0
0.980336 0.303477 0
0.973321 0.275289 0
0.961248 0.23472 0
0.947782 0.159854 0
0.913289 0.113249 0
0.855506 0.038855 0
0.858254 0.0323579 0
0.856007 0.0309183 0
0.844467 0.0185832 0
0.843268 0 0
0.831926 0.112836 0
