0.190109 0.615587 0
0.124682 0.608362 0
0.0690474 0.582505 0
0.0603918 0.570517 0
0.043423 0.535612 1
0.0495956 0.487927 0
0.0624788 0.442816 0
0.0748785 0.395664 0
0.0693138 0.330557 0
0.112409 0.292388 0
0.124131 0.234246 0
0.150229 0.175875 0
0.187567 0.160999 0
0.214006 0.132038 0
0.251504 0.135852 0
0.27615 0.170184 0
0.321966 0.188019 0
0.341116 0.215899 0
0.394645 0.245758 0
0.443588 0.280706 0
0.468176 0.285459 0
0.502713 0.300443 0
0.562943 0.288383 0
0.619997 0.310639 0
0.655397 0.300523 0
0.692678 0.303357 0
0.722388 0.302566 0
0.750359 0.296534 0
0.77615 0.289948 0
0.804331 0.279544 0
0.848618 0.262892 0
0.867036 0.252512 0
0.883898 0.238877 0
0.892414 0.232447 0
0.88249 0.220504 0
0.906875 0.21286 0
0.87666 0.17718 0
0.858789 0.151116 0
0.844789 0.12057 0
0.843108 0.125286 0
0.846928 0.122283 0
0.855566 0.121282 0
0.855252 0.118485 1
0.854388 0.0824228 0
0.86598 0.0829836 0
0.873068 0.0693605 0
0.881739 0.0458975 0
0.863414 0 0
0.87826 0.0193962 0
0.880573 0.0136335 0
0.857238 0.0853166 0
0.908115 0.130881 0
0.885166 0.173982 0
0.911345 0.191767 0
0.941994 0.206235 0
0.959856 0.22453 0
0.956029 0.24529 0
0.978553 0.259019 0
0.985072 0.276297 0
1 0.294915 0
0.979185 0.321503 0
0.98882 0.336808 0
0.969075 0.362582 0
0.984906 0.374922 0
0.968854 0.40589 0
0.959843 0.427726 0
0.981364 0.440184 0
0.981797 0.467156 0
0.976498 0.4889 0
0.985984 0.522915 0
0.972716 0.533908 1
0.958435 0.560592 0
0.925019 0.577279 0
0.898024 0.61954 0
0.863516 0.645805 0
0.847779 0.679906 0
0.841019 0.711425 0
0.799311 0.723726 0
0.746431 0.730559 0
0.730998 0.721915 0
0.652068 0.70726 0
0.606294 0.719179 0
0.560737 0.708591 0
0.493254 0.694064 0
0.388607 0.720641 0
0.385514 0.683776 0
0.297074 0.670905 0
0.212302 0.689597 0
0.151473 0.685853 0
0.106389 0.668447 0
0.0921467 0.635608 0
0.048917 0.614903 0
0.00621462 0.588069 0
0 0.51357 0
0.0192747 0.401356 0
0.00944592 0.351617 0
0.0101913 0.315751 0
0.033258 0.270684 0
0.0263261 0.21608 0
0.0438624 0.1798 0
0.0769711 0.156117 0
0.120727 0.125802 0
0.155036 0.0818466 1
0.178157 0.0795399 0
0.205431 0.071663 0
0.227156 0.0699415 0
0.251383 0.0749763 0
0.266232 0.0901839 0
0.295155 0.0884836 0
0.367045 0.181818 0
0.423159 0.273108 0
0.474981 0.315359 0
0.543069 0.307261 0
0.603887 0.317429 0
0.629433 0.322595 0
0.67086 0.317796 0
0.684191 0.32133 0
0.717271 0.313148 0
0.760562 0.309705 0
0.747096 0.31159 0
0.79416 0.299982 0
0.831409 0.286863 0
0.845773 0.27778 0
0.87543 0.266197 0
0.86661 0.263414 0
0.885119 0.252974 0
0.904414 0.242514 0
0.921567 0.229028 0
0.908136 0.225281 0
0.924071 0.212674 0
0.891098 0.210274 0
0.906869 0.192785 0
0.896377 0.18122 0
0.83555 0.172877 0
0.808816 0.152448 0
0.83794 0.173658 0
0.799108 0.00869122 0
0.984358 0.242584 0
