6.97719e-05 0.130631 1
0 0.133499 0
0.00011033 0.136488 0
0.000199267 0.139406 0
0.000284735 0.142895 0
0.000396976 0.145123 0
0.000477691 0.149021 0
0.000478715 0.151724 0
0.000486849 0.155511 0
0.000551645 0.158087 0
0.000596659 0.163415 1
0.000596659 0.163415 0
0.000596659 0.163415 0
0.000596659 0.163415 0
0.000596659 0.163415 0
0.000596659 0.163415 0
0.000596659 0.163415 0
0.000596659 0.163415 0
0.000596659 0.163415 0
0.000596659 0.163415 0
0.000596659 0.163415 0
0.000596659 0.163415 0
0.000596659 0.163415 0
0.000596659 0.163415 0
0.00173508 0.225082 1
0.00186347 0.230155 0
0.00202483 0.232593 0
0.00202715 0.236977 0
0.00205017 0.239677 0
0.00204597 0.243048 0
0.00214535 0.246529 0
0.00218455 0.249857 0
0.00228542 0.25308 0
0.00237297 0.25539 0
0.00241926 0.258109 0
0.00248679 0.260234 0
0.00239086 0.263172 0
0.0024432 0.265324 0
0.00254876 0.267128 0
0.00258626 0.26901 0
0.00263113 0.271171 0
0.00267867 0.273463 0
0.00272747 0.27589 1
0.00281452 0.278325 0
0.00286913 0.28137 0
0.00278895 0.278981 0
0.00301969 0.277217 0
0.0027849 0.278502 0
0.00338946 0.280529 0
0.00286206 0.281038 0
0.880554 0.312912 1
0.878783 0.314312 0
0.877786 0.316136 0
0.879521 0.316913 0
0.879964 0.318083 0
0.878809 0.321688 0
0.871605 0.325448 0
0.881335 0.323296 0
0.881237 0.322963 0
0.881948 0.324604 0
0.875526 0.33394 1
0.878765 0.329543 0
0.875945 0.337985 0
0.885427 0.33062 0
0.878187 0.338366 0
0.879045 0.338207 0
0.884337 0.332364 0
0.881518 0.335381 0
0.883232 0.334434 0
0.881173 0.33708 0
0.882806 0.33579 0
0.882623 0.335913 0
0.882748 0.335901 0
0.882423 0.336068 0
0.882619 0.335865 1
0.882746 0.335818 0
0.883093 0.335808 0
0.883721 0.335654 0
0.881368 0.335415 0
0.884477 0.335091 0
0.883011 0.333962 0
0.886295 0.334527 0
0.884056 0.332725 0
0.885292 0.33461 0
0.882659 0.334302 0
0.890757 0.328405 0
0.846526 0.286153 0
0.846556 0.273544 0
0.848218 0.273788 0
0.850652 0.272238 0
0.852337 0.261146 0
0.85721 0.259526 0
0.857892 0.233161 0
0.866151 0.220088 0
0.867341 0.218628 0
0.866702 0.215129 0
0.868713 0.211178 0
0.869045 0.211088 0
0.869004 0.209589 1
0.865309 0.208883 0
0.861351 0.207224 0
0.851754 0.199838 0
0.852638 0.200299 0
0.847734 0.190855 0
0.846583 0.191232 0
0.84321 0.182203 0
0.836108 0.175688 0
0.838693 0.168418 0
0.835631 0.164222 0
0.83507 0.150223 0
0.835761 0.14546 0
0.837302 0.141961 0
0.837671 0.134388 0
0.839969 0.127279 0
0.840217 0.119912 0
0.845189 0.113835 0
0.846096 0.106235 0
0.851033 0.0929904 0
0.853765 0.0881914 0
0.855119 0.0873344 0
0.855194 0.086941 1
0.855001 0.0869738 0
0.854666 0.0871185 0
0.854134 0.086987 0
0.853647 0.0865886 0
0.85251 0.0866485 0
0.850881 0.0873709 0
0.852778 0.0850411 0
0.850767 0.0845903 0
0.849768 0.0843652 0
0.849586 0.0831855 0
0.845859 0.0837794 0
0.841904 0.084385 0
0.843734 0.081817 0
0.842763 0.0803457 0
0.836966 0.0811358 0
0.839165 0.0786417 0
0.830744 0.0790523 0
0.818677 0.0769906 0
0.820486 0.0751413 0
0.821646 0.0732901 0
0.819844 0.0698249 0
0.818531 0.0633383 0
0.816811 0.0570904 0
0.820914 0.0550755 0
0.823001 0.051787 0
0.826907 0.0497162 0
0.829414 0.0490294 0
0.832484 0.0493789 1
0.833441 0.0492147 0
0.834627 0.0484204 0
0.836539 0.0471911 0
0.836076 0.0503345 0
0.834245 0.0543638 0
0.835609 0.0539134 0
0.836858 0.0527104 0
0.837505 0.0530171 0
0.838187 0.0529545 0
0.838892 0.0527757 0
0.839621 0.0534464 0
0.839907 0.054019 0
0.840673 0.0535112 0
0.841091 0.0540872 1
0.841094 0.0540859 0
0.841098 0.054099 0
0.841147 0.0540362 0
0.841089 0.0545311 0
0.845347 0.057162 0
0.883461 0.080819 0
0.880681 0.0817763 0
0.880835 0.0826523 0
0.880603 0.0830851 0
0.880908 0.0829627 0
0.881181 0.0834418 0
0.881089 0.0836574 1
0.881861 0.0838307 0
0.882489 0.083845 0
0.883633 0.0838334 0
0.885027 0.0842628 0
0.886784 0.0855118 0
0.896047 0.0868085 0
0.941657 0.13915 0
0.906376 0.159402 0
0.902007 0.159327 0
0.901363 0.158322 1
0.901023 0.162184 0
0.900638 0.1651 0
0.900984 0.168035 0
0.900947 0.171492 0
0.900794 0.175667 0
0.9002 0.177498 0
0.899008 0.182787 0
0.897149 0.186451 0
0.895475 0.189963 0
0.894322 0.192022 0
0.891098 0.197238 0
0.890186 0.199641 1
0.890447 0.200021 0
0.890541 0.200191 0
0.890937 0.200803 0
0.891642 0.201547 0
0.89373 0.203473 0
0.893485 0.204053 0
0.895741 0.204956 0
0.896723 0.206386 0
0.898887 0.208776 0
0.898497 0.208826 0
0.9012 0.209855 0
0.905674 0.214263 0
0.952754 0.23066 0
0.941329 0.225765 0
0.972709 0.24669 0
1 0.267531 0
0.996332 0.291691 0
0.946075 0.341445 0
0.927843 0.356517 0
0.925597 0.356698 0
0.925479 0.356874 0
0.925457 0.356902 0
0.925453 0.356906 0
0.925453 0.356906 0
0.925453 0.356906 0
0.925453 0.356906 1
0.926057 0.35769 0
0.926869 0.358448 0
0.926426 0.35979 0
0.927228 0.360965 0
0.924731 0.361138 0
0.923818 0.361523 0
0.925789 0.363517 0
0.92384 0.364115 0
0.92148 0.363816 0
0.923212 0.366518 0
0.922088 0.367415 0
0.921015 0.368491 0
0.921308 0.370203 0
0.918982 0.370327 0
0.92007 0.37326 0
0.919565 0.374622 0
0.918463 0.376078 0
0.917911 0.378034 1
0.918434 0.37849 0
0.91803 0.379481 0
0.916228 0.379777 0
0.917432 0.380681 0
0.919928 0.38061 0
0.91539 0.382627 0
0.917048 0.382878 0
0.920437 0.383231 0
0.919866 0.383391 0
0.919377 0.383558 1
0.919726 0.385027 0
0.920275 0.390929 0
0.921347 0.396392 0
0.922767 0.396667 0
0.922627 0.396033 0
0.921608 0.39549 0
0.918458 0.391822 0
0.919133 0.387713 0
0.91941 0.383609 0
0.918475 0.385189 0
0.918522 0.384999 0
0.91467 0.386909 0
0.912762 0.387233 0
0.90169 0.330161 0
0.920344 0.394321 0
0.921343 0.391915 0
0.918502 0.326084 0
0.908762 0.322801 0
0.909829 0.322732 0
0.910226 0.322248 0
0.910394 0.321551 0
0.910219 0.321311 0
0.910222 0.321056 0
0.910423 0.320331 1
0.910034 0.319869 0
0.909914 0.319124 0
0.909353 0.318627 0
0.90999 0.315882 0
0.913522 0.308357 0
0.911455 0.291403 0
0.911074 0.278849 0
0.901671 0.260089 0
0.899669 0.253976 0
0.89959 0.252623 0
0.896959 0.249604 0
0.89731 0.243242 1
0.896471 0.242355 0
0.896082 0.241231 0
0.896103 0.242236 0
0.896067 0.241137 0
0.896365 0.24055 0
0.894936 0.237826 0
0.887443 0.236445 0
0.844103 0.164562 0
0.849767 0.162044 0
0.858075 0.155969 0
0.885099 0.138784 0
0.893581 0.144073 0
0.8931 0.143796 0
0.893144 0.143939 0
0.893084 0.143923 0
0.893054 0.143772 0
0.892505 0.142539 0
0.893175 0.143775 1
0.893254 0.14327 0
0.892266 0.141942 0
0.892807 0.140964 0
0.892038 0.142166 0
0.891438 0.140465 0
0.890295 0.139491 0
0.890177 0.13936 0
0.894397 0.143274 0
0.873509 0.143907 0
0.879262 0.0543553 0
0.875927 0.120371 0
0.880231 0.0364398 0
0.885603 0.0411449 0
0.886527 0.0390709 0
0.886416 0.0394305 0
0.886445 0.0394049 0
0.886497 0.0392879 0
0.886526 0.0392672 0
0.886536 0.0393997 0
0.886659 0.038992 1
0.886081 0.0391463 0
0.886528 0.0403193 0
0.88485 0.0393686 0
0.885636 0.0390175 0
0.883704 0.0397916 0
0.887556 0.0397689 0
0.885953 0.0197515 0
0.883953 0.0389493 0
0.887823 0.0395105 0
0.888677 0.0398196 0
0.882788 0.0377198 0
0.889326 0.0182513 0
0.890755 0.0209518 0
0.890515 0.0208058 1
0.890236 0.0201846 0
0.890548 0.0197121 0
0.892583 0.0222117 0
0.889236 0.0437468 0
0.886793 0.0205033 0
0.888161 0.0383013 0
0.88478 0.0192995 0
0.888276 0.0154069 0
0.88339 0.0125595 0
0.886983 0.0130814 0
0.885135 0.0123284 0
0.888462 0.00122438 1
0.885457 0.00378803 0
0.888322 0.00999419 0
0.887925 0.00685787 0
0.886796 0.0298713 0
0.897359 0 0
0.889998 0.00667598 1
0.891768 0.0342656 0
0.889973 0.0307172 0
0.89224 0.0334519 0
0.891282 0.0330744 0
0.890371 0.0332006 0
0.891277 0.032943 0
0.921713 0.0384374 0
0.889256 0.034388 1
