0.22698 0.353423 1
0.226942 0.353501 0
0.226532 0.353152 0
0.230971 0.353098 0
0.232609 0.353405 0
0.23456 0.353011 0
0.234876 0.352716 0
0.234441 0.352655 0
0.232487 0.352587 0
0.226712 0.352752 0
0.231676 0.352252 0
0.226794 0.352561 0
0.226256 0.351916 0
0.23554 0.352151 0
0.225883 0.352816 0
0.22589 0.352365 0
0.225789 0.352308 0
0.225687 0.352137 0
0.225478 0.35222 0
0.225728 0.352443 0
0.226047 0.35226 0
0.225683 0.352031 0
0.225508 0.351907 0
0.226043 0.350924 0
0.236076 0.350629 0
0.226314 0.351933 0
0.225648 0.351799 0
0.225444 0.351803 0
0.225508 0.351401 0
0.225272 0.352152 0
0.227831 0.349106 0
0.243231 0.350768 0
0.243754 0.351104 0
0.24615 0.347575 0
0.245589 0.346167 0
0.242509 0.349315 0
0.241431 0.348167 0
0.24245 0.348595 0
0.247531 0.345044 0
0.240299 0.347527 0
0.239919 0.348317 0
0.241791 0.347833 0
0.231173 0.347236 0
0.239506 0.349322 0
0.230323 0.347794 0
0.227788 0.348809 0
0.229472 0.347478 0
0.228522 0.348642 0
0.236136 0.344631 0
0.232624 0.344707 0
0.230214 0.346488 0
0.228379 0.346657 0
0.229357 0.34508 0
0.225926 0.347741 0
0.229334 0.345664 0
0.23008 0.345174 0
0.22919 0.345898 0
0.232337 0.344386 0
0.227738 0.34642 0
0.227426 0.347255 0
0.226439 0.346921 0
0.22643 0.347595 0
0.226645 0.346948 0
0.226021 0.347999 0
0.226036 0.347511 0
0.225812 0.348009 0
0.225575 0.347602 0
0.22515 0.347835 0
0.225418 0.346787 0
0.225251 0.347122 0
0.225215 0.346414 0
0.225399 0.346943 0
0.225489 0.346244 0
0.225963 0.345915 0
0.227167 0.34602 0
0.22672 0.344335 0
0.228423 0.34415 0
0.225227 0.34516 0
0.224803 0.345504 0
0.224386 0.345305 0
0.226355 0.345076 0
0.225123 0.345049 0
0.225664 0.344536 0
0.224982 0.344221 0
0.226397 0.343855 0
0.22659 0.342844 0
0.226614 0.341899 0
0.226532 0.341547 0
0.229219 0.340603 0
0.231716 0.340148 0
0.231745 0.340494 0
0.233073 0.339002 0
0.233908 0.338543 0
0.235546 0.33867 0
0.236397 0.337206 0
0.236956 0.336312 0
0.238419 0.335922 0
0.240573 0.335288 0
0.241362 0.335977 0
0.24114 0.337813 0
0.243972 0.335462 0
0.248968 0.334096 0
0.24751 0.336731 0
0.255241 0.333929 0
0.256935 0.334035 0
0.255013 0.335795 0
0.258686 0.33735 0
0.260104 0.334374 0
0.254565 0.337132 0
0.256253 0.33788 0
0.258479 0.338614 0
0.262301 0.337094 0
0.259588 0.337997 0
0.265179 0.338786 0
0.272042 0.341261 0
0.275846 0.340745 0
0.27553 0.341943 0
0.276955 0.342145 0
0.27875 0.34272 0
0.282821 0.344347 0
0.285099 0.346736 0
0.282025 0.347374 0
0.276271 0.344676 0
0.269619 0.345283 0
0.281704 0.349593 0
0.287012 0.347765 0
0.293534 0.355222 0
0.298074 0.354684 0
0.303292 0.358515 0
0.305046 0.360245 0
0.310698 0.360168 0
0.318255 0.365315 0
0.323018 0.366758 0
0.347585 0.378504 0
0.363348 0.385958 0
0.299099 0.430353 0
0.295611 0.426378 0
0.289562 0.42726 0
0.280417 0.432273 0
0.264411 0.434189 0
0.246384 0.42263 0
0.238833 0.423044 0
0.229965 0.422506 0
0.204652 0.427658 0
0.168158 0.428216 0
0.173268 0.417773 0
0.169785 0.409988 0
0.148256 0.404173 0
0.146668 0.404351 0
0.150157 0.401443 0
0.150705 0.400481 0
0.151861 0.400338 0
0.151563 0.401156 0
0.154717 0.401124 0
0.155901 0.400234 0
0.154631 0.399505 0
0.154945 0.398688 0
0.155533 0.398566 0
0.155673 0.398311 0
0.156199 0.398364 0
0.156637 0.398355 0
0.161635 0.398551 0
0.167476 0.39858 0
0.173283 0.399454 0
0.178102 0.399427 0
0.188627 0.385197 0
0.190898 0.385692 0
0.191006 0.384361 0
0.190775 0.383502 0
0.191031 0.382942 0
0.19111 0.382778 0
0.191241 0.382584 0
0.19109 0.38192 0
0.191218 0.381397 0
0.191224 0.380554 0
0.190935 0.379508 0
0.190842 0.379198 0
0.190377 0.37867 0
0.190842 0.377953 0
0.190593 0.377521 0
0.190301 0.377484 0
0.190214 0.377233 0
0.190055 0.377173 0
0.190091 0.376927 0
0.189978 0.376806 0
0.189901 0.376706 0
0.189755 0.376575 0
0.189717 0.376478 0
0.189528 0.376388 0
0.189567 0.376278 0
0.189464 0.376228 0
0.189411 0.376141 1
0.189518 0.376224 0
0.189624 0.375598 0
0.191301 0.365114 1
0.191301 0.365113 0
0.191296 0.365107 0
0.191278 0.365076 0
0.191363 0.36493 0
0.191524 0.364188 0
0.188565 0.362157 0
0.201557 0.340486 0
0.603476 0.185838 0
0.637528 0.211901 0
0.645391 0.161188 0
0.711798 0.469328 0
0.740734 0.451002 0
0.694748 0.481672 0
0.745944 0.535725 0
0.755545 0.530023 0
0.757238 0.531489 0
0.756858 0.531663 0
0.758142 0.52905 0
0.794334 0.495637 0
0.787045 0.499548 0
0.784522 0.50092 0
0.784309 0.501131 0
0.784411 0.501037 0
0.784193 0.501262 1
0.764989 0.406553 1
0.635561 0.225878 1
0.522456 0 0
0.216831 0.333045 0
0.20222 0.339654 0
0.203202 0.340808 0
0.204418 0.342719 0
0.188349 0.35849 0
0.190886 0.364448 0
0.191265 0.364977 0
0.191371 0.365061 0
0.193132 0.364666 0
0.20675 0.346031 0
0.203905 0.344837 0
0.220426 0.345263 0
0.700796 0.307576 1
0.729735 0.354695 1
0.733434 0.364102 1
0.73284 0.366146 0
0.735988 0.374747 1
0.746449 0.470426 0
0.754723 0.443138 1
0.759386 0.469684 1
0.759465 0.470027 0
0.747565 0.470408 0
0.749362 0.529789 0
0.753908 0.53522 0
0.756566 0.533981 1
0.756544 0.53401 0
0.756414 0.534149 0
0.755814 0.53471 0
0.755918 0.534214 0
0.739905 0.513259 0
0.215191 0.405453 0
0.146942 0.413602 0
0.150428 0.417727 0
0.146628 0.417737 0
0.145246 0.418744 0
0.143567 0.419001 0
0.142607 0.419828 0
0.141384 0.419919 0
0.140913 0.419957 0
0.139704 0.420095 0
0.13939 0.420268 0
0.138672 0.420587 1
0.138988 0.420384 0
0.139558 0.420119 0
0.139279 0.420248 0
0.139137 0.420331 0
0.13956 0.420114 0
0.140406 0.419559 0
0.140253 0.419586 0
0.141032 0.418862 0
0.142027 0.418217 0
0.141189 0.418829 0
0.141886 0.418037 0
0.141899 0.417646 0
0.144263 0.415511 0
0.144785 0.413229 0
0.145349 0.411037 0
0.146208 0.409935 0
0.146667 0.409206 0
0.14681 0.406673 0
0.146773 0.404714 0
0.147065 0.40062 0
0.146345 0.396825 0
0.145528 0.393162 0
0.144962 0.390755 0
0.144755 0.388989 0
0.143948 0.386626 0
0.142894 0.384313 0
0.141292 0.382496 0
0.141557 0.378992 0
0.140086 0.378023 0
0.139267 0.375431 0
0.139928 0.371484 0
0.138853 0.370749 0
0.137947 0.368807 0
0.136719 0.367774 0
0.135482 0.366477 0
0.135184 0.364058 0
0.133153 0.364462 0
0.131495 0.363146 0
0.130439 0.362368 0
0.128802 0.360401 0
0.127927 0.358963 0
0.126736 0.357184 0
0.12489 0.357222 0
0.124276 0.35648 0
0.124254 0.355531 0
0.12348 0.354654 0
0.120009 0.355289 0
0.118921 0.354851 0
0.119166 0.354166 0
0.120137 0.35207 0
0.119281 0.351546 0
0.118362 0.351096 0
0.118502 0.349788 0
0.117533 0.349724 0
0.11687 0.349202 0
0.118592 0.346572 0
0.112842 0.348876 0
0.105998 0.350277 0
0.10761 0.349396 0
0.107853 0.348766 0
0.107086 0.347737 0
0.106006 0.347223 0
0.106617 0.346869 0
0.105923 0.345846 0
0.10719 0.345707 0
0.107551 0.344686 0
0.105753 0.343723 0
0.106362 0.348 0
0 0.555189 0
0.0409744 0.576107 0
0.0416293 0.583565 0
0.0600707 0.604327 0
0.0637503 0.598776 1
0.112563 0.34208 1
0.111701 0.341145 0
0.262776 0.908641 0
0.327414 0.941187 1
0.334231 0.971814 0
0.427496 0.980559 0
0.440162 0.965536 1
0.232988 0.893028 1
0.0869544 0.70513 1
0.0876674 0.704545 0
0.0809261 0.690944 0
0.832072 0.63554 0
0.829435 0.661116 0
0.825007 0.663357 1
0.805754 0.711937 1
0.750191 0.801978 1
0.687094 0.864644 1
0.685516 0.866167 0
0.535235 0.959037 0
0.5322 0.957879 1
0.535984 0.961103 0
0.583316 0.939401 0
0.583159 0.937303 1
0.605637 0.935913 0
0.61656 0.917769 1
0.635995 0.911199 1
0.655374 0.896971 1
0.67171 0.863624 0
0.658191 0.885349 0
0.690718 0.852797 0
0.762147 0.806047 0
0.778531 0.690814 0
0.785465 0.685669 0
0.787381 0.684131 0
0.787348 0.68305 0
0.787559 0.681544 1
0.75937 0.755428 0
0.688565 0.759633 0
0.694198 0.766874 1
0.693295 0.767408 0
0.690409 0.757188 0
0.715158 0.719262 0
0.718008 0.71559 1
0.769231 0.623542 1
0.774902 0.592132 1
0.779023 0.544743 1
0.776328 0.488342 1
0.762395 0.420004 1
0.743692 0.370447 1
0.71886 0.32555 1
0.699757 0.299294 1
0.700544 0.287094 0
0.578156 0.271561 0
0.591093 0.255308 0
0.590921 0.25471 0
0.59094 0.254746 1
0.591177 0.254617 0
0.590415 0.253781 0
0.590527 0.253449 0
0.590978 0.253497 0
0.591625 0.253986 0
0.591505 0.257678 0
0.592315 0.257494 0
0.59202 0.259513 0
0.592256 0.26079 0
0.592358 0.261477 0
0.592557 0.262025 0
0.592869 0.262281 0
0.592608 0.263438 0
0.59443 0.262662 0
0.595411 0.261749 0
0.595 0.265155 0
0.595594 0.264177 0
0.595919 0.265206 0
0.596235 0.267586 0
0.597932 0.264857 0
0.599073 0.2602 0
0.598837 0.256009 0
0.598861 0.256919 0
0.600258 0.258306 0
0.598572 0.253226 0
0.596754 0.251528 0
0.597344 0.252418 0
0.596515 0.250987 0
0.598034 0.252939 0
0.597747 0.251865 0
0.600821 0.255968 0
0.60312 0.257696 0
0.606199 0.259395 0
0.613407 0.279222 0
0.612395 0.271311 0
0.612828 0.268611 0
0.612499 0.264978 0
0.613998 0.266306 0
0.613057 0.262671 0
0.61637 0.265765 0
0.610723 0.305596 0
0.607097 0.313385 0
0.60714 0.31035 0
0.603415 0.323382 0
0.600054 0.333623 0
0.596621 0.338559 0
0.597038 0.340489 0
0.591284 0.348509 0
0.593497 0.350933 0
0.593482 0.351865 0
0.593604 0.35427 0
0.588808 0.353362 0
0.589638 0.34813 0
0.5938 0.343468 0
0.591535 0.34218 0
0.587287 0.342856 0
0.589162 0.341115 0
0.591642 0.343491 0
0.593782 0.341069 0
0.589554 0.345214 0
0.587664 0.349056 0
0.739556 0.333755 0
0.713227 0.377041 0
0.713083 0.36972 0
0.717556 0.36699 0
0.725077 0.365318 0
0.726139 0.365774 0
0.726001 0.36664 0
0.737644 0.357365 0
0.75458 0.388856 0
0.749768 0.338258 0
0.759453 0.386878 0
0.75972 0.337048 0
0.753392 0.332681 0
0.754447 0.332616 0
0.753497 0.331108 0
0.750231 0.329608 0
0.747897 0.327969 0
0.736988 0.326729 0
0.733043 0.32467 0
0.733949 0.324699 0
0.733887 0.324323 0
0.734861 0.324341 0
0.737025 0.323211 0
0.739429 0.322234 0
0.73868 0.321679 0
0.738495 0.320384 0
0.735943 0.320183 0
0.734026 0.320424 0
0.732758 0.320792 0
0.730479 0.320676 1
0.730479 0.320676 0
0.730479 0.320676 0
0.730479 0.320676 0
0.730479 0.320676 0
0.730479 0.320676 0
0.730479 0.320676 0
0.730479 0.320676 0
0.730479 0.320676 0
0.730479 0.320676 0
0.730479 0.320676 0
0.730479 0.320676 0
0.730479 0.320676 0
0.73048 0.320676 0
0.730482 0.320677 0
0.730485 0.320664 0
0.730607 0.320689 0
0.731071 0.320493 0
0.731637 0.320296 0
0.730941 0.321075 0
0.747372 0.307286 0
0.801222 0.289777 0
0.917496 0.530802 0
0.870533 0.601585 0
0.858132 0.631338 0
0.870251 0.616274 0
0.865413 0.627226 0
0.863803 0.635462 0
0.864825 0.637121 0
0.865357 0.639248 0
0.864059 0.644353 0
0.865201 0.644729 0
0.864487 0.648476 0
0.882525 0.633955 0
0.815013 0.664476 1
0.817737 0.693254 0
0.816825 0.700205 0
0.813895 0.704002 1
0.817967 0.701277 0
0.826597 0.69868 0
0.832617 0.696387 0
0.840103 0.687068 0
0.842633 0.674058 1
0.847639 0.676235 0
0.857872 0.681536 0
0.871172 0.688356 0
0.883212 0.694317 0
0.900226 0.698364 0
0.919157 0.701923 0
0.931186 0.70766 0
0.942778 0.713814 0
0.96016 0.719608 0
0.9729 0.726329 0
0.974271 0.747613 0
0.976142 0.765845 0
1 0.778921 0
0.982405 0.807435 0
0.923968 0.824334 0
0.842538 0.845755 0
0.819703 0.852626 0
0.793488 0.858209 0
0.784633 0.854777 0
0.781805 0.855302 1
0.780468 0.857841 0
0.774267 0.856554 0
0.710148 0.919794 0
0.695026 0.92015 0
0.662318 0.899604 0
0.661988 0.899671 0
0.661487 0.899341 1
0.641169 0.906494 1
0.618592 0.913046 1
0.592934 0.91925 1
0.560739 0.926034 1
0.487888 0.931578 0
0.485225 0.933818 1
0.431088 0.92935 1
0.355146 0.910032 1
0.268641 0.86483 1
0.186135 0.783838 1
0.177773 0.773454 0
0.117212 0.634021 1
0.14075 0.650316 0
0.13454 0.461031 0
0.131359 0.426717 0
0.134697 0.42286 0
0.137251 0.421063 1
0.125421 0.423708 0
0.180795 0.382072 0
0.186952 0.375031 0
0.186965 0.374822 0
0.187036 0.374868 0
0.187046 0.374875 1
0.195164 0.371368 1
0.195353 0.371221 0
0.19572 0.371344 0
0.196178 0.371638 0
0.197464 0.371623 0
0.198096 0.372052 0
0.200235 0.371776 0
0.202887 0.373051 0
0.204558 0.373248 0
0.205381 0.374031 0
0.206689 0.37216 0
0.207694 0.397631 0
0.207023 0.392831 0
0.209682 0.391315 0
0.202868 0.379407 0
0.225345 0.463653 0
0.262171 0.589897 0
0.247095 0.598208 0
0.244832 0.606077 0
0.23976 0.618757 0
0.252851 0.604815 0
0.252827 0.608187 0
0.260105 0.606496 0
0.272058 0.598617 0
0.261078 0.610643 0
0.256709 0.617014 0
0.263375 0.614061 0
0.279809 0.602586 0
0.311789 0.623107 0
0.588962 0.598288 0
0.610342 0.602505 0
0.663721 0.394468 0
0.624051 0.392684 0
0.618918 0.39066 0
0.61093 0.391251 0
0.604047 0.395221 0
0.59758 0.396544 0
0.592245 0.39722 0
0.58572 0.39747 0
0.581578 0.397953 0
0.578691 0.397706 0
0.576177 0.39848 0
0.575546 0.398454 0
0.576055 0.398301 0
0.574486 0.398059 0
0.57456 0.398626 0
0.574867 0.39803 0
0.573714 0.397814 0
0.57325 0.396718 0
0.574115 0.395845 0
0.576384 0.395505 0
0.583065 0.393223 0
0.585733 0.392141 0
0.588221 0.391997 0
0.604688 0.386021 0
0.608538 0.386764 0
0.618728 0.380761 0
0.624702 0.37964 0
0.707688 0.375919 0
0.723077 0.365527 0
0.716666 0.371291 0
0.721155 0.367951 0
0.723598 0.367043 0
0.725303 0.366431 0
0.725717 0.366922 0
0.725656 0.367084 0
0.72567 0.367077 0
0.725672 0.367075 0
0.725673 0.367075 0
0.725673 0.367075 0
0.725673 0.367075 0
0.725673 0.367075 0
0.725673 0.367075 0
0.725673 0.367075 0
0.725673 0.367075 0
0.725673 0.367075 0
0.725673 0.367075 0
0.725673 0.367075 0
0.725673 0.367075 0
0.725673 0.367075 0
0.725673 0.367075 0
0.725673 0.367075 0
0.725673 0.367075 0
0.725673 0.367075 0
0.725673 0.367075 0
0.725673 0.367075 0
0.725673 0.367075 0
0.725673 0.367075 0
0.725672 0.367076 0
0.72567 0.367079 0
0.725617 0.367074 0
0.725565 0.367097 0
0.725659 0.36707 0
0.725673 0.367075 1
0.724436 0.368749 0
0.730689 0.376958 0
0.731744 0.37724 0
0.733894 0.375754 1
0.730532 0.37985 0
0.733852 0.363646 1
0.730468 0.380539 0
0.731189 0.377959 0
0.729026 0.383439 0
0.75119 0.414284 0
0.720799 0.713973 1
0.720804 0.713968 0
0.72084 0.713947 0
0.720902 0.713903 0
0.721397 0.713815 0
0.721149 0.713851 0
0.720914 0.713927 0
0.721248 0.713685 0
0.721784 0.712499 0
0.728481 0.712332 0
0.750281 0.62115 0
0.758209 0.616013 0
0.757506 0.615861 0
0.757544 0.615607 0
0.757544 0.615379 0
0.758111 0.615501 0
0.758296 0.615339 0
0.7584 0.61537 0
0.758306 0.615453 0
0.758417 0.61504 0
0.758574 0.614995 1
0.749581 0.615096 0
0.779002 0.557557 0
0.775177 0.551348 0
0.775419 0.552077 0
0.770917 0.557409 0
0.737904 0.373781 1
0.758891 0.448073 1
0.749465 0.412494 0
0.78159 0.477138 0
0.786284 0.455718 0
0.768626 0.527276 1
0.752132 0.410751 0
0.756429 0.418258 1
0.788281 0.448284 0
0.775721 0.550628 1
0.810896 0.455588 0
0.753262 0.388462 0
0.793015 0.451428 0
0.774356 0.521169 0
0.79302 0.453174 0
0.777298 0.486596 1
0.794853 0.453751 0
0.77749 0.482752 0
0.79078 0.454366 0
0.787433 0.461335 0
0.809696 0.435609 0
0.790898 0.566517 0
0.78171 0.518292 0
0.786617 0.476398 0
0.78925 0.45888 0
0.790146 0.458731 0
0.789638 0.460353 0
0.781929 0.481151 0
0.783576 0.507276 0
0.807457 0.597917 0
0.782625 0.523523 0
0.780072 0.50506 0
0.833437 0.428852 0
0.811318 0.460031 0
0.822065 0.568037 0
0.781556 0.503313 0
0.783235 0.501937 1
0.766169 0.391716 0
0.768363 0.400745 1
0.783337 0.506723 0
0.784284 0.506475 0
0.764891 0.449774 0
0.785637 0.46387 0
0.833893 0.430972 0
0.832072 0.5458 0
0.804913 0.458613 0
0.789756 0.456118 0
0.786966 0.457736 0
0.814658 0.412581 0
0.783927 0.591933 1
0.546253 0.882285 1
0.706836 0.769245 1
0.451375 0.896194 1
0.347444 0.87509 1
0.483144 0.802349 0
0.772631 0.636234 1
0.784276 0.578112 0
0.553939 0.886426 0
0.342261 0.873948 0
0.349305 0.875023 0
0.348915 0.874196 0
0.349716 0.873729 0
0.349359 0.869941 0
0.344152 0.87019 0
0.348465 0.857772 0
0.537538 0.859807 0
0.34385 0.850377 0
0.350236 0.877249 0
0.446919 0.895011 0
0.451539 0.896478 0
0.451172 0.896361 0
0.4495 0.894623 0
0.45103 0.896673 0
0.450457 0.896415 0
0.451206 0.897424 0
0.451466 0.896752 0
0.452338 0.891153 0
0.54067 0.868107 0
0.542973 0.878344 0
0.54544 0.88194 0
0.544944 0.877334 0
0.601507 0.814501 0
0.656146 0.792296 0
0.660413 0.784693 0
0.613198 0.810236 0
0.663798 0.784253 0
0.66258 0.783705 1
0.78475 0.642262 0
0.785809 0.572778 0
0.745342 0.619263 0
0.756035 0.615473 0
0.758091 0.615308 0
0.758524 0.614946 0
0.758566 0.614994 0
0.758572 0.614994 0
0.758562 0.614997 0
0.758563 0.614939 0
0.758467 0.615554 0
0.757123 0.615326 0
0.743809 0.627245 0
0.756727 0.615502 0
0.758174 0.615951 0
0.757539 0.616292 0
0.756435 0.615406 0
0.755794 0.616151 0
0.755064 0.61618 0
0.747233 0.619673 0
0.726053 0.634101 0
0.639857 0.801043 0
0.636848 0.763911 0
0.652654 0.769436 0
0.652405 0.769884 0
0.64919 0.768013 0
0.647321 0.76514 0
0.645445 0.764682 0
0.642738 0.763415 0
0.641039 0.760953 0
0.641588 0.760129 0
0.639412 0.759016 0
0.638356 0.758494 0
0.637116 0.758019 0
0.629516 0.752839 0
0.613411 0.739244 0
0.58025 0.712578 0
0.30553 0.6952 0
0.262609 0.69392 0
0.260394 0.699693 0
0.260279 0.700008 0
0.260068 0.700056 0
0.259491 0.699126 0
0.259375 0.699024 0
0.259369 0.698998 0
0.259366 0.698998 0
0.259366 0.698998 1
0.259223 0.697372 0
0.258759 0.694927 0
0.257406 0.694988 0
0.256992 0.693908 0
0.256069 0.69442 0
0.25468 0.692787 0
0.25418 0.690436 0
0.252755 0.686695 0
0.25194 0.685093 0
0.253445 0.681296 0
0.252253 0.678109 0
0.252176 0.676156 0
0.252449 0.673894 0
0.254253 0.670536 0
0.255945 0.6671 0
0.253964 0.667866 0
0.25525 0.662665 0
0.260388 0.658713 0
0.261259 0.656579 0
0.26385 0.652305 0
0.262683 0.649571 0
0.273598 0.642085 0
0.270023 0.641569 0
0.269379 0.639284 0
0.263317 0.640799 0
0.260748 0.640185 0
0.254531 0.642371 0
0.257043 0.638735 0
0.247786 0.641747 0
0.272881 0.624631 0
0.26403 0.627315 0
0.258732 0.629345 0
0.255275 0.629717 0
0.257564 0.624643 0
0.304553 0.613144 0
0.329275 0.603431 0
0.344019 0.594548 0
0.363913 0.588828 0
0.504101 0.436145 0
0.522046 0.407355 0
0.525424 0.405369 0
0.529738 0.406437 0
0.533189 0.404786 0
0.536696 0.406866 0
0.54001 0.407774 0
0.544449 0.40935 0
0.553201 0.407894 0
0.537301 0.420275 0
0.544837 0.563727 0
0.523834 0.57023 0
0.518322 0.568143 0
0.518732 0.565676 0
0.509223 0.567368 0
0.511639 0.564166 0
0.519538 0.558668 0
0.525024 0.550276 0
0.49793 0.563295 0
0.428587 0.571618 0
0.422431 0.56263 0
0.425279 0.55919 0
0.436022 0.562333 0
0.43679 0.558497 0
0.444561 0.55833 0
0.443186 0.556095 0
0.468269 0.553492 0
0.471199 0.548935 0
0.461078 0.549144 0
0.476726 0.539357 0
0.474742 0.53608 0
0.468935 0.537615 0
0.463262 0.538585 0
0.457896 0.538314 0
0.457415 0.536095 0
0.456689 0.534554 0
0.456219 0.530914 1
