0.0945452 0.214913 1
0.0940578 0.215029 0
0.0938299 0.21513 0
0.0943836 0.215022 0
0.0948845 0.214392 0
0.0950542 0.214476 0
0.094623 0.214342 0
0.0947884 0.214209 0
0.0935338 0.215142 0
0.844815 0.341079 1
0.843795 0.336843 0
0.843563 0.336045 0
0.0934631 0.213913 0
0.0944522 0.214055 0
0.0934835 0.214388 0
0.094107 0.212565 0
0.0929591 0.213599 0
0.0932059 0.213742 0
0.0921062 0.214497 0
0.091793 0.214532 0
0.092097 0.214828 0
0.091599 0.216357 0
0.0913208 0.216836 0
0.0902 0.218134 0
0.0893873 0.218795 0
0.0889732 0.219028 0
0.0871729 0.220685 0
0.0947099 0.211769 0
0.0886083 0.218737 0
0.0920179 0.215537 0
0.0930249 0.214819 0
0.0920426 0.215584 0
0.0914452 0.216121 0
0.0915208 0.216244 0
0.0883984 0.220151 0
0.0915928 0.216787 0
0.0888779 0.219523 0
0.0939161 0.213333 0
0.092928 0.214395 0
0.0927376 0.21403 0
0.0923831 0.21404 0
0.0911421 0.215286 0
0.092099 0.214021 0
0.0916471 0.215016 0
0.0953679 0.210909 0
0.0932295 0.213169 0
0.0910649 0.214869 0
0.090597 0.215703 0
0.0921165 0.214036 0
0.0873568 0.218922 0
0.0857153 0.220749 0
0.0853813 0.221234 0
0.0850598 0.222221 0
0.0826221 0.224813 0
0.0820596 0.225379 0
0.0812255 0.227643 0
0.0815428 0.228971 0
0.0809675 0.230203 0
0.0802318 0.231348 0
0.0795842 0.232173 0
0.079983 0.232152 0
0.080606 0.23226 0
0.0797373 0.23339 0
0.0803025 0.232612 0
0.0846301 0.229148 0
0.0828775 0.232833 0
0.0851817 0.231365 0
0.085733 0.230991 0
0.0840393 0.233726 0
0.0802631 0.238646 0
0.0838778 0.235848 0
0.0851231 0.235576 0
0.0860788 0.235306 0
0.0896381 0.232354 0
0.0903156 0.231777 0
0.0890947 0.230354 0
0.0897326 0.230028 0
0.0935871 0.22669 0
0.0952389 0.225176 0
0.0969703 0.223745 0
0.0996741 0.222732 0
0.10399 0.219663 0
0.104053 0.220153 0
0.102109 0.223765 0
0.10181 0.225057 0
0.102737 0.225165 0
0.105297 0.223679 0
0.109243 0.220932 0
0.110558 0.220336 0
0.110815 0.220265 0
0.113549 0.218162 0
0.117267 0.214994 0
0.118657 0.213573 0
0.1199 0.213121 0
0.120073 0.213393 0
0.118966 0.214807 0
0.119462 0.214904 0
0.120899 0.212824 0
0.119903 0.212447 0
0.121124 0.209835 0
0.123387 0.206695 0
0.125107 0.204225 0
0.126481 0.201361 0
0.127655 0.198575 0
0.128218 0.196219 0
0.129745 0.193745 0
0.128858 0.192177 0
0.126116 0.193186 0
0.125176 0.192084 0
0.124857 0.190156 0
0.123317 0.190251 0
0.123417 0.18898 0
0.125731 0.186421 0
0.119235 0.188463 0
0.120012 0.185926 0
0.118817 0.186909 0
0.115179 0.1873 0
0.110922 0.187347 0
0.111154 0.185015 0
0.110778 0.183331 0
0.108818 0.181896 0
0.10745 0.179669 0
0.10647 0.177231 0
0.109692 0.171626 0
0.114073 0.165548 0
0.114077 0.16228 0
0.115032 0.157856 0
0.114896 0.154487 1
0.11803 0.148167 1
0.118762 0.143564 0
0.11631 0.140198 0
0.110968 0.138754 0
0.121597 0.127273 0
0.123765 0.12177 0
0.124434 0.117058 0
0.109563 0.123424 0
0.933498 0.387585 0
0.908269 0.307918 0
0.909843 0.306444 0
0.911925 0.306587 0
0.913114 0.30649 0
0.91384 0.306575 1
0.914069 0.307016 0
0.914935 0.308434 0
0.91479 0.310721 0
0.913958 0.313668 0
0.913053 0.313113 0
0.911267 0.31391 0
0.909713 0.316427 0
0.910513 0.326344 0
0.909844 0.330484 0
0.908183 0.333181 0
0.907191 0.338605 0
0.906112 0.345459 0
0.905037 0.353683 0
0.903926 0.359028 0
0.903084 0.366542 0
0.903851 0.381992 0
0.902413 0.389634 0
0.902644 0.401165 0
0.899347 0.413029 0
0.900998 0.425787 0
0.901383 0.439867 0
0.897724 0.422367 0
0.428844 0.0586182 0
0.872534 0.624047 0
0.871636 0.622006 0
0.879793 0.59521 0
0.892028 0.53864 0
0.894241 0.502224 0
0.892721 0.459362 0
0.889623 0.4272 0
0.88838 0.405039 0
0.886886 0.401685 0
0.88513 0.403261 0
0.883125 0.405724 0
0.882099 0.415614 0
0.885493 0.465799 0
0.871691 0.397121 0
0.870221 0.404777 0
0.866808 0.404801 0
0.865287 0.407035 0
0.862031 0.410752 0
0.858106 0.413679 0
0.854477 0.422433 0
0.850013 0.427995 0
0.845207 0.430098 0
0.842701 0.434613 0
0.84152 0.445956 0
0.83902 0.455653 0
0.836158 0.461208 0
0.84227 0.491996 0
0.836581 0.477461 0
0.837537 0.482864 0
0.838003 0.492625 0
0.838711 0.496004 0
0.839897 0.513054 0
0.840266 0.526774 0
0.841288 0.526255 0
0.841658 0.518374 0
0.837624 0.496599 0
0.833446 0.496803 0
0.828017 0.495216 0
0.829519 0.496055 0
0.834455 0.486277 0
0.821945 0.48068 0
0.839053 0.446569 0
0.841017 0.426364 0
0.84204 0.39892 0
0.241861 0.115916 0
0.853054 0.395571 0
0.855925 0.385817 0
0.856913 0.367594 0
0.874465 0.385593 0
0.832344 0.290536 0
0.763058 0.198947 0
0.235173 0.0982095 0
0.207887 0.108216 0
0.210032 0.105665 0
0.260945 0.08408 0
0.25473 0.0848783 0
0.364326 0.0608042 0
0.846486 0.279693 0
0.84672 0.277207 1
0.868223 0.314006 0
0.874406 0.322523 0
0.875949 0.32231 0
0.873436 0.3161 0
0.286846 0.0694514 0
0.302325 0.06596 1
0.28995 0.0692769 0
0.212265 0.0942999 0
0.199095 0.0987612 0
0.518782 0.0553224 0
0.890334 0.324727 1
0.832386 0.235968 0
0.836179 0.23296 0
0.814855 0.207331 0
0.804095 0.197704 0
0.782358 0.176426 0
0.490613 0.0375786 0
0.430087 0.0397459 0
0.889492 0.330208 0
0.842566 0.248312 0
0.417441 0.0460649 1
0.533296 0.06141 0
0.256955 0.0772571 1
0.176489 0.112397 1
0.156973 0.126233 0
0.137849 0.140442 0
0.124397 0.146937 0
0.117521 0.152816 1
0.115527 0.151319 0
0.11064 0.154163 1
0.110741 0.150712 0
0.107771 0.152072 0
0.103946 0.151772 0
0.0991768 0.150604 0
0.0956072 0.148043 0
0.0924179 0.14764 0
0.0909395 0.145484 0
0.0993243 0.138058 0
0.0927444 0.144358 0
0.0900815 0.140133 0
0.094095 0.138596 0
0.0940034 0.135649 0
0.0960263 0.131301 0
0.0971364 0.130726 0
0.1071 0.125808 0
0.808819 0.178752 1
0.111823 0.124571 0
0.106485 0.128645 0
0.121516 0.118374 0
0.117569 0.122146 0
0.115339 0.124043 0
0.114556 0.120575 0
0.114147 0.12041 0
0.118203 0.117352 0
0.124624 0.116115 0
0.138163 0.10895 1
0.152957 0.104793 1
0.173998 0.0984418 1
0.219438 0.0826694 0
0.862425 0.276458 1
0.246714 0.075726 1
0.277037 0.0666647 0
0.289125 0.0642303 0
0.917706 0.493161 1
0.301869 0.0602248 1
0.306225 0.0576102 0
0.309466 0.0548107 0
0.305066 0.0544665 0
0.291608 0.0546724 0
0.270034 0.0563888 0
0.241756 0.0614667 0
0.213239 0.0678495 0
0.211321 0.0714587 1
0.199124 0.0740634 1
0.18552 0.0778443 0
0.166588 0.0841727 1
0.148984 0.089448 1
0.135876 0.0934282 0
0.119961 0.10006 0
0.0839176 0.121236 1
0.0645414 0.133006 0
0.0508608 0.142003 0
0 0.187282 0
0.033636 0.148945 0
0.990045 0.472716 0
0.830082 0.833966 1
0.95918 0.65266 1
0.991582 0.524605 0
0.987499 0.411581 0
0.987223 0.40798 0
0.988775 0.418328 0
0.990806 0.430593 0
0.993126 0.439655 0
0.995841 0.511371 0
0.996463 0.51286 0
0.997001 0.506325 0
0.998254 0.496807 0
0.999076 0.485268 0
0.998984 0.477122 0
0.999311 0.468671 0
0.999334 0.46035 0
0.999603 0.451913 0
1 0.44474 0
0.999145 0.437772 0
0.997707 0.431687 0
0.995607 0.424654 0
0.993283 0.416878 0
0.990733 0.404991 0
0.986232 0.388346 0
0.978287 0.366604 0
0.966716 0.337052 0
0.948416 0.297681 1
0.913384 0.239589 1
0.836926 0.150967 1
0.703816 0.0598629 1
0.492509 0 0
0.319489 0.00955069 1
0.23304 0.0355306 0
0.183218 0.0592959 1
0.158812 0.0767065 0
0.150345 0.0854533 1
0.145401 0.0916865 0
0.13385 0.103103 0
0.138604 0.10354 1
0.14573 0.101126 0
0.153605 0.0994196 1
0.157122 0.0978547 0
0.160318 0.0966949 0
0.16665 0.0941375 0
0.174217 0.0912015 1
0.18607 0.0850754 0
0.191133 0.0825499 0
0.1947 0.079907 0
0.199538 0.0764414 1
0.203367 0.0741012 0
0.204201 0.0739279 0
0.207886 0.0717712 0
0.210454 0.0719267 1
0.207555 0.0749729 0
0.212658 0.0764942 0
0.195081 0.0889835 0
0.200205 0.0897059 0
0.206418 0.0905927 0
0.3188 0.058824 0
0.290867 0.0676081 0
0.275346 0.0741938 0
0.268892 0.0783743 0
0.267195 0.0816981 0
0.264569 0.0847269 0
0.262456 0.0866587 0
0.261491 0.0873998 0
0.261379 0.0885222 0
0.267578 0.0886576 0
0.271995 0.0862397 0
0.286108 0.0822625 0
0.295985 0.0771022 0
0.320193 0.0711339 0
0.335682 0.0640009 0
0.342128 0.0557114 0
0.915914 0.446676 0
0.395096 0.0382451 0
0.40542 0.0334135 0
0.443558 0.0327726 0
0.78214 0.806461 0
0.855393 0.730387 0
0.938591 0.490988 1
0.482387 0.0272923 0
0.408469 0.0229566 0
0.396622 0.0246906 0
0.386607 0.0230241 0
0.377466 0.022277 0
0.379564 0.0233514 0
0.380781 0.0253553 0
0.379703 0.0268037 0
0.487422 0.0307631 0
0.821573 0.773861 0
0.879099 0.27335 0
0.934566 0.521183 0
0.438024 0.0279818 0
0.428231 0.0301683 0
0.427659 0.0300278 0
0.421476 0.0377289 1
0.422366 0.0368011 0
0.423431 0.0342853 0
0.427793 0.0319927 0
0.448585 0.0303849 0
0.450549 0.0318485 0
0.495995 0.0370655 0
0.479297 0.0347541 0
0.663271 0.0870888 0
0.929674 0.509459 0
0.909957 0.6079 1
0.915414 0.588254 0
0.912649 0.588997 0
0.911614 0.581122 0
0.916044 0.560197 0
0.920502 0.541325 0
0.919315 0.543531 0
0.920471 0.548456 0
0.924731 0.523578 0
0.925436 0.518283 0
0.925203 0.499151 0
0.924748 0.487256 0
0.919569 0.526636 0
0.921462 0.481601 0
0.920515 0.45015 0
0.6293 0.082502 0
0.618128 0.0785343 0
0.610862 0.0777793 0
0.600082 0.0732458 0
0.590621 0.0704861 0
0.585891 0.0689318 0
0.583209 0.0657713 0
0.589826 0.067641 0
0.58912 0.0650758 0
0.589715 0.0621503 0
0.594726 0.0614222 0
0.601425 0.0618241 0
0.606879 0.0622963 0
0.6162 0.0642367 0
0.629114 0.067255 0
0.637471 0.0647405 0
0.652973 0.066631 0
0.658788 0.065824 0
0.660019 0.0771695 0
0.674385 0.0810861 0
0.688121 0.0802923 0
0.702472 0.08366 1
0.71709 0.0876967 0
0.738796 0.0950463 0
0.750581 0.0957958 0
0.761721 0.0988449 0
0.775991 0.106494 0
0.786324 0.112357 0
0.786756 0.112653 0
0.806857 0.124799 0
0.816962 0.1326 0
0.827807 0.14228 0
0.826648 0.143281 0
0.834687 0.14879 1
0.837645 0.153887 1
0.854399 0.167218 0
0.861907 0.18047 0
0.876142 0.1975 0
0.891435 0.221108 0
0.894248 0.235439 1
0.919991 0.26512 1
0.936803 0.308179 1
0.940509 0.331845 0
0.944723 0.353631 0
0.95393 0.393624 0
0.950078 0.403307 0
0.959433 0.45461 0
0.956117 0.481222 0
0.952935 0.528998 0
0.94488 0.578242 0
0.934503 0.619506 0
0.9224 0.653117 0
0.922643 0.660038 0
0.918586 0.672562 0
0.916964 0.680538 0
0.907334 0.699688 0
0.920791 0.677204 0
0.911597 0.696801 1
0.94214 0.628708 1
0.91658 0.294946 1
0.0870361 0.121375 1
0.316735 0.035609 1
0.589689 0.936827 1
0.618384 0.924398 0
0.623852 0.922251 0
0.631312 0.920753 0
0.638067 0.916481 0
0.645822 0.911414 0
0.647623 0.908306 0
0.651976 0.908104 0
0.644929 0.91184 0
0.634191 0.922184 0
0.625612 0.927436 0
0.627372 0.922214 0
0.140879 0.890343 0
0.103053 0.875969 0
0.112404 0.884029 0
0.124476 0.892233 0
0.153019 0.914903 0
0.162953 0.920616 0
0.162395 0.92573 0
0.20217 0.947544 0
0.260454 0.968463 0
0.270598 0.977801 0
0.338386 0.992459 0
0.234955 0.969806 0
0.340566 0.995058 0
0.415759 1 0
0.658749 0.962537 1
0.650001 0.964312 0
0.498253 0.997821 0
0.639045 0.967607 0
0.639216 0.967914 0
0.639908 0.968286 0
0.643137 0.96749 0
0.621893 0.971299 0
0.407632 0.998258 0
0.631586 0.968783 0
0.625878 0.969581 0
0.610291 0.972283 0
0.596718 0.973556 0
0.601036 0.973699 0
0.612967 0.973791 0
0.583943 0.974832 0
0.5716 0.976597 0
0.556358 0.976775 0
0.539914 0.974265 0
0.518341 0.973419 0
0.496272 0.972276 0
0.469858 0.966894 0
0.477194 0.966449 0
0.41367 0.955176 0
0.395678 0.952273 0
0.352529 0.939741 0
0.364113 0.94015 0
0.297816 0.92736 0
0.287062 0.921034 0
0.262115 0.909651 0
0.234752 0.896 0
0.21754 0.882157 0
0.203583 0.876452 0
0.197819 0.86708 0
0.151881 0.841634 0
0.13578 0.81727 0
0.0955501 0.791045 0
0.0997303 0.785031 0
0.060091 0.746887 0
0.0586923 0.734708 0
0.0671227 0.743988 0
0.0240919 0.675487 0
0.0102381 0.635078 0
0.00610358 0.59875 0
0.00665926 0.58441 0
0.00277909 0.544996 0
0.000908766 0.517211 0
0.00400379 0.467466 0
0.00496847 0.426723 0
0.0144722 0.408432 0
0.0272223 0.379122 0
0.0408212 0.356251 0
0.0264936 0.37411 0
0.0627887 0.317921 0
0.0785531 0.306946 0
0.0836054 0.292225 0
0.112598 0.268623 0
0.111781 0.266405 0
0.1572 0.234278 0
0.197843 0.213716 0
0.20226 0.212211 0
0.245096 0.190528 0
0.289056 0.180967 0
0.316983 0.180475 0
0.376321 0.170717 0
0.4301 0.173956 0
0.513745 0.191136 0
0.592935 0.21797 0
0.684651 0.298029 0
0.715486 0.339521 0
0.732089 0.378146 0
0.703245 0.356631 0
0.73645 0.40455 0
0.747455 0.470395 0
0.385019 0.220897 0
0.500911 0.24389 0
0.476765 0.248756 0
0.4986 0.252946 0
0.640434 0.355436 0
0.675728 0.571356 0
0.615732 0.359763 0
0.592928 0.351108 0
0.599099 0.600501 0
0.592768 0.587906 0
0.440485 0.665979 0
0.484417 0.649774 0
0.272411 0.605152 0
0.288986 0.603177 0
0.248854 0.513852 0
0.280747 0.40664 0
0.272736 0.475161 0
0.558713 0.399185 0
0.583446 0.496931 0
0.529959 0.384355 0
0.351425 0.576843 0
0.306855 0.460064 0
0.517325 0.559177 0
0.502717 0.412969 0
0.551089 0.469327 0
0.538338 0.480425 0
0.348515 0.447144 0
0.497318 0.467095 0
0.494252 0.519961 0
0.463701 0.494796 0
0.389695 0.500565 0
0.422804 0.505555 0
0.4042 0.485207 0
0.451831 0.488094 0
0.425044 0.485212 0
0.42494 0.48534 0
0.424906 0.485308 0
0.424904 0.485312 0
0.424904 0.485312 0
0.424904 0.485311 0
0.424904 0.485312 0
0.424904 0.485312 0
0.424904 0.485312 0
0.424904 0.485312 0
0.424904 0.485312 0
0.424904 0.485312 0
0.424904 0.485312 0
0.424904 0.485312 0
0.424904 0.485312 0
0.424904 0.485312 1
