0.681498 0.461406 1
0.682605 0.455609 0
0.678642 0.44428 0
0.678254 0.430858 0
0.672018 0.410161 0
0.653973 0.370271 0
0.538821 0.288052 0
0.380307 0.321772 0
0.360421 0.339412 0
0.3576 0.341063 0
0.357292 0.34079 0
0.35767 0.33896 0
0.358103 0.336025 0
0.357364 0.333246 0
0.357838 0.331383 0
0.357783 0.32985 0
0.357056 0.32813 0
0.356282 0.326335 0
0.355433 0.324004 0
0.355295 0.321334 0
0.357414 0.317742 0
0.361345 0.312065 0
0.362763 0.30663 0
0.370335 0.296789 1
0.380556 0.284291 1
0.383628 0.277085 0
0.38663 0.270576 0
0.42441 0.247631 1
0.427325 0.241346 0
0.453449 0.228872 0
0.482004 0.220107 0
0.508608 0.215083 0
0.548797 0.216469 0
0.395872 0.234289 0
0.387574 0.235101 0
0.384356 0.232286 0
0.373138 0.235128 0
0.36314 0.237831 0
0.362156 0.233442 0
0.357416 0.232718 0
0.353098 0.231537 0
0.350937 0.228749 0
0.340594 0.235292 0
0.33513 0.2363 0
0.319327 0.250055 1
0.304969 0.264966 0
0.293286 0.281109 0
0.282566 0.29754 0
0.280267 0.303512 0
0.334047 0.240621 1
0.720332 0.30572 1
0.758547 0.443688 1
0.749855 0.514117 1
0.736023 0.552276 1
0.724061 0.573867 0
0.711613 0.588308 0
0.702166 0.603099 0
0.694873 0.611557 0
0.688792 0.616999 0
0.682956 0.621629 0
0.677191 0.625096 0
0.672865 0.626906 0
0.668528 0.62993 0
0.664459 0.632251 0
0.270833 0.422431 1
0.726052 0.404318 0
0.722787 0.406889 0
0.721908 0.417328 0
0.720661 0.42178 0
0.720307 0.426332 0
0.718726 0.427349 0
0.716543 0.430212 0
0.713561 0.430276 0
0.680933 0.564382 0
0.682355 0.55636 0
0.687198 0.540866 0
0.694673 0.511338 0
0.675201 0.532886 0
0.679258 0.51566 0
0.701056 0.441824 0
0.700061 0.433277 0
0.698073 0.432144 0
0.697315 0.42402 0
0.696982 0.417304 0
0.695055 0.410817 0
0.69795 0.44737 0
0.309022 0.399943 0
0.311039 0.398322 0
0.312747 0.390673 0
0.313038 0.38889 0
0.314015 0.390831 0
0.316763 0.382563 0
0.321264 0.368852 1
0.329135 0.352404 0
0.341202 0.333255 0
0.356661 0.312285 0
0.374025 0.290437 1
0.395088 0.271094 1
0.698264 0.358903 0
0.419233 0.252394 1
0.634197 0.272809 0
0.628901 0.265844 0
0.625959 0.261996 0
0.615688 0.253053 1
0.601608 0.244201 1
0.60422 0.248041 0
0.59198 0.24284 0
0.576524 0.237935 0
0.569346 0.236293 0
0.689781 0.330993 1
0.724485 0.477276 1
0.335802 0.319142 1
0.339292 0.315714 0
0.339847 0.316551 0
0.339924 0.318443 1
0.33519 0.330326 0
0.335307 0.333923 0
0.337731 0.331834 0
0.338501 0.331968 0
0.338435 0.332867 0
0.339356 0.334557 0
0.340735 0.338207 0
0.342657 0.337267 0
0.344078 0.336057 0
0.344912 0.334046 0
0.345259 0.331694 0
0.344734 0.329028 0
0.344299 0.326581 0
0.343812 0.325441 0
0.343244 0.323354 0
0.342602 0.320535 0
0.342305 0.31785 0
0.342225 0.314945 0
0.341755 0.314317 0
0.341254 0.312893 0
0.341413 0.311077 0
0.341976 0.30926 0
0.341912 0.308214 0
0.341429 0.305807 0
0.341375 0.303233 0
0.341223 0.302087 0
0.341136 0.301492 0
0.341049 0.301496 0
0.341117 0.301958 0
0.341736 0.30072 0
0.340963 0.299846 0
0.339752 0.299905 0
0.338759 0.299531 0
0.337216 0.300692 0
0.336349 0.300006 0
0.334449 0.299983 0
0.331975 0.299955 0
0.328651 0.300352 1
0.324735 0.300729 0
0.321149 0.301592 0
0.316528 0.30335 0
0.310406 0.306611 0
0.299648 0.319761 0
0.735439 0.395133 1
0.709572 0.587049 0
0.7063 0.596936 0
0.703206 0.60451 0
0.698077 0.611568 0
0.693506 0.61702 0
0.687469 0.622471 0
0.677557 0.63074 0
0.670519 0.636551 0
0.669331 0.637478 0
0.664197 0.640173 1
0.65864 0.641763 0
0.6539 0.643143 0
0.650733 0.642956 0
0.649213 0.640765 0
0.648293 0.638195 0
0.647209 0.635961 0
0.647659 0.632293 0
0.650096 0.62785 0
0.652897 0.623394 0
0.657416 0.615776 0
0.662862 0.605893 0
0.668985 0.595575 0
0.676446 0.58291 0
0.685896 0.567205 0
0.695424 0.548089 0
0.705081 0.521386 0
0.714678 0.479755 1
0.710331 0.39917 1
0.655877 0.29114 0
0.42513 0.235586 1
0.342824 0.29139 0
0.331496 0.302551 0
0.327983 0.30562 0
0.327468 0.303871 0
0.328796 0.299884 1
0.330485 0.295011 0
0.331218 0.290653 0
0.332244 0.286307 0
0.334022 0.282408 0
0.33485 0.278613 0
0.335149 0.274394 0
0.334713 0.270416 0
0.333827 0.266054 0
0.333064 0.262562 0
0.332343 0.258165 0
0.33123 0.253041 1
0.330565 0.247978 0
0.330596 0.24284 1
0.331123 0.236772 1
0.332151 0.231327 0
0.333043 0.224843 0
0.333873 0.217668 0
0.335805 0.209639 0
0.339563 0.200975 0
0.343857 0.193059 0
0.352285 0.181434 0
0.356714 0.173945 0
0.361068 0.167409 0
0.366528 0.159378 0
0.43225 0.129131 0
0.3893 0.138288 0
0.443088 0.120358 0
0.436598 0.120383 0
0.448628 0.115249 0
0.451075 0.113889 0
0.457938 0.111826 0
0.462688 0.110341 0
0.458106 0.111074 1
0.359772 0.142942 0
0.351245 0.14737 0
0.344883 0.150384 0
0.338811 0.152746 0
0.334018 0.15337 0
0.33247 0.151263 1
0.37978 0.124438 0
0.710838 0.176183 1
0.831749 0.386432 1
0.839979 0.469115 1
0.837903 0.512254 1
0.832004 0.550641 0
0.826003 0.575338 1
0.823214 0.58911 0
0.822496 0.596229 0
0.821197 0.602453 0
0.819254 0.608472 0
0.816863 0.613841 0
0.814757 0.618976 0
0.813171 0.62271 0
0.811874 0.625099 0
0.811579 0.626342 0
0.811708 0.62746 0
0.811262 0.628225 0
0.812089 0.622889 0
0.811355 0.626866 0
0.811276 0.628786 0
0.810799 0.629638 0
0.810885 0.629306 0
0.811365 0.629357 0
0.811035 0.629111 1
0.815949 0.626825 0
0.822396 0.623455 0
0.824771 0.620168 0
0.822944 0.617818 0
0.820682 0.614904 0
0.82146 0.610144 0
0.823367 0.606022 0
0.825876 0.601399 0
0.827515 0.597239 0
0.830594 0.591656 0
0.832461 0.586584 0
0.834876 0.581581 0
0.837435 0.576863 0
0.839243 0.572796 0
0.840654 0.567189 0
0.842412 0.561933 0
0.844506 0.557134 0
0.846203 0.55283 0
0.847646 0.54811 0
0.850632 0.542553 0
0.853144 0.537217 0
0.853537 0.534345 0
0.854664 0.531677 0
0.860917 0.526547 0
0.859809 0.525156 0
0.861778 0.523046 0
0.863087 0.522671 0
0.864379 0.522319 0
0.866437 0.519761 0
0.868556 0.517661 0
0.869407 0.517583 0
0.870546 0.516307 0
0.872024 0.508619 0
0.873858 0.50824 0
0.875534 0.498099 0
0.879023 0.496214 0
0.881475 0.492314 0
0.884004 0.485711 0
0.885515 0.468967 0
0.887904 0.466197 0
0.887394 0.443253 0
0.88384 0.416689 0
0.881802 0.403261 0
0.880324 0.392772 0
0.880944 0.389815 0
0.882702 0.38829 0
0.885284 0.398906 0
0.885833 0.394718 0
0.890141 0.419244 0
0.892465 0.451079 0
0.893397 0.468725 0
0.89308 0.499583 0
0.891556 0.512282 0
0.892029 0.520131 0
0.892443 0.527413 0
0.891975 0.535394 0
0.89231 0.537733 0
0.892446 0.540119 0
0.894327 0.541777 0
0.895193 0.543957 0
0.896779 0.547073 0
0.896227 0.552371 0
0.895359 0.557883 0
0.896445 0.562582 0
0.896605 0.567236 0
0.896565 0.571233 0
0.896486 0.573418 0
0.896599 0.574043 0
0.896704 0.574603 0
0.896883 0.574765 0
0.897658 0.574064 0
0.897901 0.573408 0
0.8969 0.572499 0
0.896824 0.5713 0
0.897161 0.57025 0
0.896744 0.568783 0
0.897369 0.564921 0
0.897447 0.562419 0
0.899153 0.557871 0
0.898885 0.55307 0
0.900369 0.547362 0
0.90073 0.542545 0
0.902818 0.537986 0
0.902932 0.534927 0
0.902924 0.531437 0
0.904832 0.525765 0
0.90682 0.520732 0
0.905368 0.515699 0
0.903611 0.515962 0
0.904149 0.51434 0
0.904189 0.513271 0
0.90496 0.511115 0
0.907295 0.507842 0
0.909145 0.504327 0
0.910692 0.501286 0
0.912378 0.498635 0
0.913816 0.496634 0
0.915093 0.495523 0
0.916444 0.493828 0
0.917747 0.491581 0
0.919843 0.492173 0
0.920214 0.487624 0
0.921194 0.483731 0
0.923257 0.483453 0
0.924127 0.482429 0
0.924537 0.482944 0
0.926757 0.478005 0
0.927558 0.471868 0
0.929023 0.471769 0
0.930503 0.469683 0
0.931828 0.467897 0
0.932997 0.465216 0
0.934422 0.462361 0
0.934502 0.463198 0
0.936029 0.456496 0
0.936247 0.456175 0
0.938573 0.444787 0
0.937767 0.445559 0
0.938632 0.43696 0
0.939253 0.436414 0
0.944675 0.429538 0
0.940439 0.45365 0
0.941365 0.456112 0
0.943142 0.458608 0
0.944766 0.458769 0
0.945298 0.45913 0
0.944095 0.468035 0
0.946969 0.450569 0
0.948257 0.443988 0
0.949319 0.439457 0
0.954784 0.403393 0
0.951857 0.43087 0
0.950626 0.44855 0
0.951553 0.446853 0
0.952378 0.44342 0
0.95188 0.449708 0
0.953441 0.439695 0
0.954575 0.436206 0
0.955547 0.435152 0
0.956709 0.42866 0
0.958066 0.423141 0
0.960028 0.424182 0
0.961492 0.420265 0
0.961683 0.396993 0
0.963135 0.38752 0
0.962122 0.370024 0
0.963012 0.364117 0
0.966034 0.371518 0
0.970315 0.389783 0
0.973942 0.410174 0
0.9766 0.428766 0
0.978489 0.43293 0
0.980313 0.445935 0
0.98218 0.458797 0
0.983348 0.466108 0
0.984755 0.470185 0
0.987118 0.469397 0
0.988175 0.466943 0
0.988935 0.464991 0
0.989733 0.462111 0
0.989471 0.459369 0
0.988638 0.457735 0
0.988654 0.454585 0
0.988562 0.451304 0
0.988756 0.451548 0
0.988643 0.449385 0
0.988864 0.4452 0
0.988355 0.442244 0
0.988728 0.437316 0
0.988441 0.433983 0
0.988144 0.431135 0
0.988165 0.429149 0
0.988345 0.428361 0
0.988649 0.426823 0
0.987658 0.424314 0
0.987556 0.423591 0
0.987774 0.424708 0
0.987849 0.427807 0
0.988127 0.432212 0
0.988877 0.436777 0
0.989751 0.441923 0
0.989601 0.444836 0
0.990398 0.450252 0
0.990796 0.455659 0
0.991113 0.460578 0
0.990962 0.468092 0
0.990727 0.473564 0
0.990866 0.480316 0
0.991877 0.481793 0
0.992151 0.48594 0
0.992475 0.494018 0
0.991701 0.505463 0
0.990799 0.515717 0
0.990665 0.524975 0
0.990392 0.53247 0
0.990251 0.53759 0
0.99026 0.540553 0
0.990654 0.540323 0
0.991615 0.539065 0
0.991814 0.540148 0
0.990942 0.545293 0
0.990973 0.546956 0
0.991511 0.545921 0
0.991294 0.545273 0
0.992679 0.538884 1
0.994341 0.530208 0
0.995711 0.519738 0
0.997243 0.508022 0
0.998595 0.497289 0
0.999449 0.482287 0
0.999878 0.465347 0
1 0.446329 0
0.999439 0.423174 0
0.997787 0.402724 0
0.995282 0.378127 0
0.992048 0.355132 0
0.988721 0.336565 0
0.984624 0.317711 0
0.979484 0.297968 0
0.974788 0.281147 0
0.970519 0.267564 0
0.965708 0.252874 0
0.960563 0.237444 0
0.956211 0.226325 0
0.952831 0.219655 0
0.950098 0.214021 0
0.947191 0.20724 0
0.944845 0.201255 0
0.943086 0.197935 0
0.944375 0.200563 0
0.945449 0.203698 0
0.945071 0.203897 0
0.944357 0.202481 0
0.946001 0.206922 0
0.948394 0.212061 0
0.949857 0.21262 0
0.953282 0.218046 0
0.955277 0.223445 0
0.958858 0.231504 0
0.962607 0.240725 0
0.967052 0.251359 1
0 0.568325 1
0.0164529 0.630505 0
0.0183158 0.6348 0
0.0208762 0.643335 0
0.025385 0.656505 0
0.0327994 0.674974 0
0.0381117 0.687545 0
0.0504698 0.713167 0
0.0561769 0.724477 0
0.0635818 0.737889 0
0.0618735 0.736077 0
0.0621879 0.737724 0
0.0686905 0.749442 0
0.083859 0.772781 1
0.297603 0.957365 1
0.520352 1 0
0.575432 0.99297 0
0.621455 0.981227 0
0.62915 0.97807 0
0.630583 0.976873 0
0.635063 0.974331 0
0.638169 0.972203 0
0.64002 0.970831 0
0.638943 0.970569 0
0.639952 0.969113 0
0.639356 0.967646 1
0.637091 0.967472 0
0.629023 0.96963 0
0.618674 0.972414 0
0.613028 0.972979 0
0.6084 0.973881 0
0.607389 0.973675 0
0.602791 0.974577 0
0.59556 0.975978 0
0.58717 0.977571 0
0.576185 0.979557 0
0.567132 0.981214 0
0.555776 0.983513 0
0.547165 0.985232 0
0.536152 0.987087 0
0.517172 0.989096 0
0.495708 0.990184 0
0.479941 0.990393 0
0.46364 0.990271 0
0.444361 0.989521 0
0.418793 0.987417 0
0.38593 0.98212 0
0.361972 0.97629 0
0.342935 0.970412 0
0.327989 0.965198 0
0.311738 0.959019 0
0.297373 0.953234 0
0.287066 0.94815 0
0.28245 0.945381 0
0.274875 0.940959 0
0.264962 0.935039 0
0.25972 0.930783 0
0.253015 0.92584 0
0.243572 0.91907 0
0.230947 0.909478 0
0.223157 0.902078 0
0.207689 0.88946 0
0.192184 0.876144 0
0.175634 0.860773 0
0.159971 0.844201 0
0.147752 0.830117 0
0.136119 0.815267 0
0.118309 0.791336 0
0.110141 0.77705 0
0.103204 0.764679 1
0.0935713 0.747407 0
0.0805771 0.722401 0
0.0700999 0.699541 0
0.0617262 0.678381 0
0.0538778 0.656887 0
0.0489372 0.640647 0
0.0428884 0.619121 0
0.0358014 0.589511 0
0.0281463 0.545246 0
0.0237897 0.49519 1
0.0237265 0.452521 0
0.0270802 0.402916 0
0.0340731 0.356149 0
0.04588 0.306139 1
0.0654897 0.250171 0
0.0939251 0.191692 0
0.137468 0.127163 1
0.194197 0.0668902 0
0.241194 0.029935 1
0.277964 0.0075272 0
0.291401 0.000921571 0
0.295169 0 0
0.294683 0.00129035 0
0.292702 0.00325519 0
0.290297 0.00518012 0
0.287763 0.0069959 0
0.285325 0.00902275 0
0.284386 0.0107569 0
0.28362 0.0132753 0
0.282474 0.0155395 0
0.281237 0.0177232 0
0.279056 0.0212112 0
0.274902 0.0260589 0
0.272153 0.0303388 0
0.26856 0.0342373 0
0.265472 0.0370413 0
0.262068 0.0400587 0
0.257254 0.0443447 0
0.251932 0.0486457 0
0.246176 0.0538615 0
0.246432 0.0496489 1
0.23376 0.0663924 0
0.225522 0.0758158 0
0.21912 0.0818623 0
0.213903 0.0864245 0
0.206729 0.0957678 0
0.199171 0.104794 0
0.190035 0.117371 0
0.180249 0.131905 0
0.170959 0.145377 0
0.161037 0.162142 0
0.150347 0.180057 0
0.135391 0.208261 1
0.0794785 0.363101 1
0.0762945 0.512499 0
0.0800781 0.524384 0
0.0821523 0.524312 1
0.0834426 0.521275 0
0.0847701 0.514618 0
0.0855733 0.509771 0
0.086367 0.500085 0
0.0875239 0.500249 0
0.0893341 0.499477 0
0.0911466 0.495626 0
0.0922643 0.484803 0
0.0933943 0.467935 0
0.0948984 0.454917 0
0.0973522 0.444264 0
0.100237 0.431213 0
0.103149 0.418276 0
0.106577 0.405484 0
0.108703 0.401102 0
0.11092 0.39548 0
0.113235 0.388815 0
0.115322 0.382817 0
0.118278 0.371676 0
0.121744 0.361671 0
0.124236 0.351391 0
0.127454 0.343406 0
0.130028 0.336134 0
0.132035 0.331289 0
0.135296 0.322247 0
0.13784 0.316696 0
0.140048 0.31013 0
0.142059 0.302942 0
0.143212 0.297603 0
0.143901 0.292903 0
0.146857 0.283098 0
0.150967 0.272311 0
0.152486 0.267287 0
0.153189 0.262671 0
0.152856 0.25753 0
0.15499 0.251984 0
0.157852 0.2471 0
0.160901 0.239355 0
0.161496 0.239157 0
0.169582 0.223296 0
0.173621 0.214989 0
0.175374 0.21109 0
0.175944 0.207393 0
0.175307 0.208749 0
0.175456 0.209216 0
0.17654 0.206297 0
0.177149 0.204484 0
0.178492 0.202133 0
0.180138 0.19991 0
0.180341 0.199859 0
0.175547 0.20594 0
0.176408 0.202305 0
0.175789 0.201809 0
0.175303 0.202229 0
0.175535 0.201106 0
0.178429 0.195582 0
0.176528 0.198441 0
0.176409 0.198781 0
0.177713 0.198201 0
0.176713 0.201938 0
0.177421 0.201654 0
0.175168 0.206804 0
0.131602 0.620007 0
0.127798 0.606201 0
0.12282 0.583162 0
0.121476 0.577088 0
0.119419 0.566679 0
0.118357 0.565165 0
0.115829 0.551153 0
0.114467 0.544887 0
0.113019 0.53519 0
0.112383 0.530972 0
0.11224 0.535 0
0.111849 0.526822 0
0.113411 0.524523 0
0.113314 0.518381 0
0.113915 0.520431 0
0.116125 0.527181 0
0.117648 0.526975 0
0.119547 0.529015 0
0.117696 0.510514 0
0.115764 0.467696 0
0.118765 0.413236 0
0.122163 0.391882 0
0.122603 0.391758 0
0.12279 0.395977 0
0.12258 0.403399 0
0.123269 0.40042 0
0.124743 0.392892 0
0.125636 0.39019 0
0.125556 0.390076 0
0.124847 0.392137 0
0.127144 0.38459 0
0.12693 0.387221 0
0.128745 0.383609 0
0.128597 0.387281 0
0.128648 0.388735 0
0.130248 0.38314 0
0.132863 0.373378 0
0.134461 0.368614 0
0.134879 0.372539 0
0.134918 0.378654 0
0.135161 0.382506 0
0.136335 0.38162 0
0.138302 0.378087 0
0.138408 0.384163 0
0.138902 0.39158 0
0.139527 0.398343 0
0.139201 0.41525 0
0.138689 0.443734 0
0.14085 0.490206 0
0.15164 0.550629 0
0.190297 0.656234 0
0.285677 0.766275 0
0.412367 0.827524 1
0.477637 0.835712 0
0.536131 0.830961 1
0.592009 0.817467 0
0.631828 0.799763 0
0.662822 0.780756 0
0.687216 0.762844 0
0.701726 0.749752 1
0.718361 0.732798 0
0.728978 0.720892 0
0.748163 0.695215 0
0.760308 0.676675 0
0.774372 0.651976 1
0.78705 0.624928 0
0.797746 0.598188 1
0.807447 0.566418 1
0.814203 0.533165 1
0.818818 0.495915 1
0.821106 0.453729 1
0.816945 0.41148 1
0.80697 0.366315 1
0.799581 0.344002 0
0.793941 0.329742 0
0.786599 0.313066 0
0.780672 0.302063 1
0.785626 0.313897 0
0.786287 0.317514 0
0.789949 0.328348 0
0.79595 0.348336 0
0.800015 0.365343 0
0.803718 0.385146 0
0.805934 0.399471 0
0.808041 0.410427 0
0.810322 0.428875 0
0.811709 0.440269 0
0.811778 0.45249 0
0.81062 0.467699 0
0.809106 0.478991 0
0.807458 0.492916 0
0.804159 0.511609 0
0.79996 0.528659 0
0.795764 0.541686 0
0.789793 0.559058 0
0.785244 0.57311 0
0.777783 0.590529 0
0.766954 0.614728 0
0.750828 0.641239 0
0.73065 0.669463 0
0.711123 0.694099 0
0.688817 0.715699 0
0.665651 0.733681 0
0.260132 0.658588 0
0.294355 0.699722 0
0.343794 0.740049 0
0.401739 0.76886 1
0.520503 0.785292 1
0.570187 0.775957 0
0.557189 0.775196 0
0.539316 0.775089 0
0.516024 0.773078 0
0.503525 0.771109 0
0.497127 0.767087 0
0.494551 0.763284 0
0.489566 0.76011 0
0.486841 0.757532 0
0.477444 0.751827 0
0.471025 0.747427 0
0.467636 0.742545 0
0.467513 0.73824 0
0.466219 0.734232 0
0.463742 0.729704 0
0.461359 0.72758 0
0.458181 0.724726 0
0.457675 0.721666 0
0.455878 0.716806 0
0.458877 0.714361 0
0.46009 0.710596 0
0.460251 0.706768 0
0.455277 0.701286 0
0.450754 0.696784 0
0.446528 0.691397 0
0.440653 0.685347 0
0.434697 0.678552 0
0.427752 0.669317 0
0.420794 0.659123 0
0.414491 0.650526 0
0.405268 0.640757 0
0.397793 0.631678 0
0.391472 0.622828 0
0.385096 0.612326 0
0.380453 0.604343 0
0.375264 0.593664 0
0.372255 0.582815 0
0.372264 0.574602 0
0.66618 0.435797 0
0.663836 0.409936 0
0.658092 0.397596 0
0.652494 0.387782 0
0.647572 0.379033 0
0.643304 0.371327 0
0.64141 0.367605 0
0.640415 0.36494 0
0.637332 0.360113 0
0.634599 0.354697 0
0.631755 0.34971 0
0.631059 0.34769 0
0.629671 0.343293 0
0.625283 0.334859 0
0.623269 0.334274 0
0.618523 0.327653 0
0.611617 0.323808 0
0.601536 0.317801 0
0.593388 0.312992 0
0.576973 0.303056 0
0.539506 0.288651 0
0.480158 0.282853 0
0.431252 0.292309 0
0.405156 0.302504 0
0.384245 0.314696 0
0.371619 0.3205 0
0.363676 0.324264 0
0.35751 0.329487 0
0.352278 0.334211 0
0.349076 0.33627 0
0.345157 0.340306 0
0.341012 0.346118 0
0.337298 0.35257 0
0.336008 0.354849 0
0.335577 0.355582 0
0.334145 0.360208 0
0.333161 0.364427 0
0.333085 0.366687 0
0.331435 0.371546 0
0.329442 0.379167 0
0.327414 0.387375 0
0.324889 0.395524 0
0.322892 0.400984 0
0.320976 0.407297 0
0.318688 0.418526 0
0.316965 0.43092 0
0.315368 0.444918 0
0.314812 0.459208 0
0.316026 0.475415 0
0.318 0.489646 0
0.32114 0.503891 0
0.325347 0.51814 0
0.329337 0.527324 0
0.332604 0.533666 0
0.336079 0.540231 0
0.338932 0.545829 0
0.341178 0.549648 0
0.343745 0.552381 0
0.345239 0.553714 0
0.342023 0.550549 0
0.340571 0.549299 0
0.337666 0.546448 0
0.334748 0.542896 0
0.334374 0.540795 0
0.334328 0.538815 0
0.332516 0.534639 0
0.332123 0.531121 0
0.332601 0.527204 0
0.3316 0.520495 0
0.332106 0.518709 0
0.332932 0.517249 0
0.33376 0.513647 0
0.33566 0.511668 0
0.338539 0.513761 0
0.674373 0.488112 0
0.674079 0.483675 0
0.67543 0.477419 0
0.676036 0.469975 0
0.676872 0.465508 0
0.676475 0.459678 0
0.676625 0.452959 0
0.677411 0.445426 0
0.676851 0.439666 0
0.675974 0.433921 0
0.676082 0.427368 0
0.675427 0.419871 0
0.673622 0.414843 0
0.672601 0.40783 0
0.671437 0.40116 0
0.670084 0.395195 0
0.66838 0.388103 0
0.666501 0.380037 0
0.664208 0.372514 0
0.662215 0.364096 0
0.661308 0.356789 0
0.659839 0.350416 0
0.657177 0.343256 0
0.653333 0.33316 0
0.647916 0.325533 0
0.643518 0.317067 0
0.637951 0.310319 0
0.630614 0.302094 0
0.621472 0.290869 0
0.610885 0.278696 0
0.591252 0.26382 0
0.564465 0.2467 0
0.364613 0.294248 0
0.335842 0.327574 0
0.327374 0.34022 1
0.322314 0.348561 0
0.316987 0.356066 0
0.311251 0.366052 1
0.305264 0.381865 0
0.302629 0.393369 0
0.299812 0.402376 0
0.29626 0.409205 1
0.293748 0.419827 0
0.291919 0.429617 0
0.289823 0.442203 1
0.287853 0.456564 0
0.287165 0.47007 0
0.28689 0.481993 0
0.286506 0.496251 0
0.286369 0.509787 0
0.289157 0.527639 1
0.292763 0.542984 0
0.296545 0.55727 0
0.299265 0.57529 0
0.308767 0.594576 0
0.318921 0.615288 0
0.333877 0.637453 1
0.733399 0.521518 0
0.73588 0.527387 0
0.736748 0.536595 0
0.738079 0.544011 1
0.741252 0.5476 0
0.744089 0.550798 0
0.745663 0.556021 1
0.747812 0.56118 0
0.749921 0.56552 0
0.74894 0.569742 0
0.747365 0.577923 0
0.744963 0.585583 0
0.74122 0.595959 1
0.735513 0.60814 0
0.730502 0.619017 0
0.722828 0.632466 0
0.713252 0.645396 1
0.699723 0.660064 0
0.681871 0.67714 0
0.670203 0.68771 0
0.653892 0.698548 0
0.638821 0.705879 0
0.624419 0.711102 1
0.61576 0.712107 0
0.609073 0.711083 0
0.602578 0.709976 0
0.594632 0.707914 0
0.589236 0.704077 0
0.584193 0.700272 0
0.577111 0.698626 0
0.572932 0.694051 0
0.571521 0.690801 0
0.565801 0.688487 0
0.565718 0.684501 0
0.561 0.681589 0
0.557423 0.682101 0
0.553351 0.676952 0
0.545864 0.673988 0
0.539683 0.67254 0
0.534319 0.671111 0
0.523629 0.670671 0
0.50821 0.668899 0
0.496188 0.665977 0
0.480839 0.662748 0
0.418331 0.641272 1
0.373446 0.607608 0
0.35379 0.586854 1
0.335056 0.559832 0
0.324717 0.539552 0
0.317285 0.518142 1
0.313446 0.496816 1
0.312137 0.482798 0
0.31177 0.470922 0
0.306913 0.439753 1
0.308872 0.415756 1
0.314034 0.396506 0
0.318789 0.366571 1
0.328985 0.337097 1
0.338335 0.318074 1
0.354838 0.299161 0
0.370799 0.277488 0
0.389758 0.257655 1
0.445561 0.232881 0
0.507751 0.220608 0
0.723348 0.408532 0
0.7281 0.394796 1
0.723458 0.382826 0
0.435259 0.216519 1
0.45754 0.212147 0
0.479935 0.204153 0
0.500627 0.199963 0
0.510889 0.197558 0
0.523675 0.191837 0
0.545469 0.196383 0
0.556596 0.193615 0
0.570535 0.193248 0
0.579886 0.194668 1
0.59528 0.198992 0
0.599356 0.199739 0
0.617213 0.211154 0
0.627442 0.218832 0
0.63124 0.225159 0
0.635787 0.232054 0
0.639386 0.233388 0
0.637513 0.235978 0
0.634462 0.238186 0
0.63048 0.238876 0
0.631644 0.239981 0
0.629013 0.24032 0
0.623129 0.242135 0
0.614525 0.242597 0
0.616654 0.242444 0
0.610544 0.242453 0
0.603604 0.241101 0
0.601921 0.243351 1
0.608416 0.24395 0
0.618402 0.252817 1
0.667712 0.301709 0
0.675348 0.595433 1
0.502181 0.685796 1
0.401129 0.654248 0
0.374922 0.634316 0
0.335475 0.584822 0
0.417639 0.254036 1
0.401344 0.265968 0
0.305746 0.49981 0
0.330719 0.349111 0
0.383909 0.2845 0
0.380373 0.290545 0
0.362815 0.307428 0
0.358902 0.315428 0
0.355227 0.323599 0
0.348941 0.333414 0
0.33436 0.358925 0
0.333336 0.366688 0
0.331764 0.375628 0
0.33092 0.381377 0
0.314116 0.430616 1
0.314364 0.451398 0
0.31999 0.440284 0
0.322572 0.45772 0
0.321969 0.509613 1
0.328796 0.520768 0
0.334627 0.517581 0
0.355458 0.57276 1
0.370672 0.590513 0
0.397685 0.620524 0
0.421138 0.641649 1
0.433371 0.647422 0
0.458227 0.653639 0
0.440339 0.644024 0
0.455016 0.643041 0
0.51715 0.654968 0
0.602773 0.313705 0
0.549124 0.644204 0
0.595874 0.64262 0
0.679462 0.51755 0
0.677455 0.526787 0
0.606372 0.635127 0
0.683263 0.510919 1
0.664915 0.558908 0
0.594907 0.646808 0
0.618456 0.62409 0
0.646035 0.577097 0
0.631326 0.58746 0
0.630237 0.58392 0
0.634405 0.586698 0
0.607661 0.292527 0
0.647441 0.382262 0
0.626521 0.391507 0
0.607762 0.341587 0
0.632956 0.437104 0
0.61372 0.458416 0
0.518869 0.31276 0
0.584718 0.422711 0
0.571344 0.381298 0
0.585495 0.461477 0
0.549655 0.398935 0
0.567099 0.427351 0
0.544851 0.42596 0
0.52749 0.445328 0
0.52054 0.445056 0
0.497714 0.456153 0
0.499248 0.454134 0
0.491834 0.456948 0
0.491795 0.456947 0
0.491787 0.456946 0
0.491787 0.456945 0
0.491787 0.456945 0
0.491787 0.456945 0
0.491787 0.456945 0
0.491787 0.456945 0
0.491787 0.456945 0
0.491787 0.456945 0
0.491787 0.456945 0
0.491787 0.456945 0
0.491787 0.456945 0
0.491787 0.456945 0
0.491787 0.456945 0
0.491787 0.456945 0
0.491787 0.456945 1
