0.60987 0.619925 1
0.609667 0.628895 0
0.602409 0.632843 0
0.583305 0.646766 0
0.573308 0.65665 0
0.5106 0.664507 0
0.505876 0.674395 0
0.507495 0.675834 1
0.511428 0.679975 0
0.444326 0.724178 0
0.450099 0.728365 0
0.449126 0.732515 0
0.448876 0.736743 1
0.419795 0.726926 0
0.409252 0.76075 1
0.404992 0.742784 0
0.37397 0.797344 0
0.370518 0.794926 1
0.370535 0.795008 0
0.370765 0.79547 0
0.37013 0.801381 0
0.43114 0.916939 0
0.438787 0.918738 0
0.470459 0.917596 0
0.496628 0.906757 0
0.502946 0.916236 0
0.522788 0.88446 0
0.507198 0.904906 0
0.501106 0.9124 0
0.51615 0.89222 0
0.520942 0.900369 0
0.526974 0.904321 0
0.527794 0.910903 0
0.511868 0.944814 0
0.487612 0.962576 0
0.490185 0.961181 0
0.474763 0.980081 0
0.476185 0.968219 0
0.466152 0.959427 0
0.450551 0.959382 0
0.438433 0.947873 0
0.429646 0.940363 0
0.417772 0.944731 0
0.44503 0.931904 0
0.393379 0.954063 0
0.208654 0.913258 0
0.128941 0.839861 0
0.021837 0.624352 0
0.0259906 0.62893 0
0.0492677 0.651217 0
0.0607956 0.652581 0
0.0647461 0.637541 0
0.0660263 0.614149 0
0.0676238 0.599585 0
0.0766655 0.599574 0
0.0805477 0.592996 0
0.0878181 0.588955 0
0.0949666 0.584718 0
0.10015 0.577708 0
0.105704 0.573433 0
0.121768 0.582099 0
0.128574 0.580397 0
0.134023 0.574164 0
0.139072 0.566836 0
0.138598 0.558329 0
0.149727 0.552529 0
0.152896 0.545717 0
0.159829 0.537071 0
0.171768 0.536456 0
0.175325 0.533315 0
0.179075 0.526998 0
0.174833 0.522085 0
0.175133 0.516305 0
0.165513 0.508014 0
0.16846 0.502816 0
0.170273 0.499152 0
0.185847 0.49084 0
0.176152 0.480721 0
0.178651 0.489067 1
0.319467 0.397193 0
0.317176 0.387685 0
0.316884 0.386015 0
0.313358 0.382752 1
0.317721 0.352564 1
0.318004 0.351877 0
0.319739 0.349823 0
0.332484 0.363136 0
0.268007 0.0848381 0
0.292166 0.0734629 0
0.320201 0.0640993 0
0.329259 0.0498136 0
0.330941 0.0336907 0
0.321801 0 0
0.356941 0.0141143 0
0.369087 0.0133777 0
0.376218 0.00928609 0
0.376209 0.00371805 0
0.379596 0.00307057 0
0.383722 0.0155266 0
0.477761 0.0297433 0
0.490274 0.0165543 0
0.499974 0.00630759 0
0.513532 0.00997099 0
0.548583 0.00556414 0
0.556511 0.0166464 0
0.565308 0.0295125 0
0.579139 0.0342172 0
0.602811 0.0311905 0
0.666889 0.083107 0
0.694863 0.103254 0
0.748677 0.150609 0
0.890193 0.367629 0
0.930086 0.472042 0
0.89469 0.427738 0
0.950038 0.522566 0
0.899696 0.487912 0
0.890867 0.489888 0
0.884379 0.499306 0
0.871031 0.503766 0
0.856438 0.491375 0
0.832283 0.47705 0
0.807529 0.464934 0
0.795691 0.468628 0
0.777477 0.459127 0
0.770971 0.469648 0
0.751722 0.463532 0
0.743219 0.48051 0
0.726187 0.478756 0
0.714262 0.491615 0
0.700477 0.50271 0
0.692428 0.517668 0
0.682849 0.525517 0
0.665681 0.534251 0
0.654426 0.544546 0
0.64619 0.561432 0
0.635279 0.57304 0
0.626687 0.584986 0
0.636544 0.605066 0
0.634838 0.625524 0
0.585894 0.629103 0
0.589432 0.640199 0
0.594381 0.648979 0
0.591434 0.659979 0
0.591819 0.664722 0
0.590283 0.675573 0
0.584653 0.681271 0
0.592053 0.690431 0
0.589776 0.694683 0
0.58626 0.701187 0
0.585235 0.707209 0
0.574113 0.714786 0
0.564949 0.718374 0
0.552292 0.723317 0
0.549967 0.725389 1
0.562722 0.743815 0
0.568387 0.758612 0
0.575855 0.775998 0
0.580515 0.788408 0
0.572111 0.804448 0
0.561019 0.816251 0
0.556401 0.820692 0
0.555166 0.824731 0
0.533687 0.833933 0
0.532957 0.839769 0
0.535671 0.839703 1
0.543934 0.850735 0
0.549256 0.85441 0
0.546281 0.850636 0
0.552596 0.858042 0
0.54627 0.854893 0
0.547222 0.857797 0
0.553426 0.871383 0
0.548383 0.859332 0
0.542912 0.850634 0
0.539824 0.845413 0
0.544183 0.852341 0
0.539566 0.844433 0
0.544918 0.841755 0
0.505699 0.967165 0
0.465178 0.972383 0
0.40149 1 0
0.368044 0.959308 0
0.601965 0.827521 0
0 0.55626 1
0.00626247 0.554763 0
0.013584 0.562208 0
0.0258206 0.58458 0
0.0379418 0.602157 0
0.0485714 0.604646 0
0.0643938 0.62574 0
0.071205 0.615782 0
0.0826463 0.617783 0
0.0931061 0.613267 0
0.0969734 0.605355 0
0.108994 0.613618 0
0.12622 0.63208 0
0.227651 0.825705 0
0.24673 0.807735 0
0.256943 0.805566 0
0.26587 0.803304 0
0.271708 0.799722 0
0.278271 0.798575 0
0.282134 0.790319 0
0.290095 0.788612 0
0.297655 0.78666 0
0.302974 0.782669 0
0.310555 0.786201 0
0.31186 0.77895 0
0.31542 0.775211 0
0.317699 0.770242 1
0.35836 0.773576 1
0.413348 0.775574 1
0.452824 0.764563 0
0.453622 0.762094 1
0.526634 0.710536 0
0.516712 0.710308 0
0.518833 0.708908 0
0.520159 0.708809 1
0.474543 0.654034 1
0.326585 0.466327 1
0.169548 0.132008 0
0.219925 0.129674 0
0.226014 0.110574 0
0.224272 0.0790423 0
0.228843 0.0632681 0
0.233166 0.04279 0
0.25845 0.0385794 0
0.285025 0.035087 0
0.306535 0.030807 0
0.357116 0.0352697 0
0.377966 0.028664 0
0.415686 0.0356793 0
0.428666 0.0344214 1
0.429351 0.0171496 0
0.443753 0.0195866 0
0.450075 0.0174886 0
0.448199 0.0117181 0
0.46823 0.0226243 0
0.482047 0.0187393 0
0.503129 0.0305661 0
0.519292 0.0354016 0
0.525009 0.0226354 0
0.543694 0.0406187 0
0.551415 0.0436599 0
0.583002 0.0616911 0
0.656002 0.105604 0
0.734981 0.178472 0
0.849074 0.365392 0
0.918949 0.495199 0
0.948397 0.519231 0
0.919162 0.533311 0
0.916481 0.536696 0
0.915912 0.544126 0
0.895522 0.549177 1
0.870105 0.524873 0
0.862417 0.527275 0
0.851642 0.531266 0
0.840695 0.532056 0
0.802751 0.493826 0
0.8068 0.518743 0
0.784414 0.505616 0
0.765595 0.511166 0
0.748733 0.515868 0
0.699142 0.464447 0
0.645206 0.4127 0
0.601491 0.388328 0
0.519774 0.284258 0
0.475774 0.237321 0
0.462616 0.233841 0
0.451556 0.235765 0
0.436975 0.234964 0
0.423257 0.23838 1
0.427929 0.244188 0
0.431834 0.2823 0
0.176497 0.315687 0
0.401507 0.454125 0
0.184846 0.34219 0
0.333515 0.455613 0
0.351587 0.450651 0
0.310607 0.379708 1
0.317189 0.487872 0
0.335911 0.450957 0
0.33529 0.453924 1
0.323277 0.470091 1
0.317073 0.479311 0
0.322924 0.51272 0
0.326786 0.571315 0
0.327407 0.749534 1
0.357494 0.719809 0
0.295546 0.616453 0
0.297586 0.605396 0
0.334518 0.71011 0
0.316778 0.635114 0
0.334211 0.648926 0
0.344532 0.674279 0
0.317402 0.676285 0
0.332174 0.667589 0
0.329608 0.663563 1
