0.473834 0.241517 1
0.49496 0.239652 0
0.544233 0.23937 0
0.688287 0.332202 0
0.695428 0.325749 0
0.694164 0.316381 0
0.69993 0.306558 0
0.698479 0.287201 0
0.699236 0.27469 0
0.722553 0.277309 0
0.730514 0.267364 0
0.744624 0.258699 0
0.74682 0.239898 0
0.762247 0.233651 0
0.770834 0.229059 0
0.779273 0.220351 0
0.791279 0.220547 0
0.80757 0.225742 0
0.822837 0.231837 0
0.829245 0.23119 0
0.82757 0.223146 0
0.819847 0.214056 0
0.826224 0.21508 1
0.839464 0.220325 0
0.847089 0.221433 0
0.862235 0.232266 0
0.869479 0.236797 1
0.850814 0.193358 1
0.919775 0.272605 1
0.92076 0.268986 0
0.9312 0.281279 0
0.951085 0.31655 0
0.965355 0.347964 0
0.974508 0.371731 1
0.969019 0.341415 0
0.955162 0.296737 0
0.955105 0.288152 0
0.949494 0.266444 0
0.807001 0.0589111 0
0.783036 0.0394114 0
0.777666 0.0290195 0
0.824318 0.0737361 0
0.836104 0.0895576 0
0.836805 0.0876798 0
0.840692 0.0862103 0
0.848556 0.100919 0
0.846862 0.108648 0
0.838673 0.107117 1
0.819418 0.0806886 0
0.800165 0.058408 1
0.812033 0.0874643 0
0.765884 0.0403669 0
0.746919 0.0308752 1
0.752213 0.0405769 0
0.753634 0.0645472 0
0.706855 0.0341446 0
0.727858 0.063525 0
0.702161 0.0476674 0
0.661954 0.0230255 1
0.676672 0.031683 0
0.712728 0.0614721 0
0.704163 0.0576803 0
0.694387 0.0566295 0
0.692245 0.0584657 0
0.698833 0.0703068 0
0.681076 0.0620497 0
0.658403 0.0495813 0
0.65458 0.0509359 0
0.635648 0.0459303 0
0.613319 0.0415641 0
0.593464 0.0385283 0
0.588622 0.0460185 0
0.578964 0.0531729 0
0.559226 0.0424804 0
0.551677 0.0502307 0
0.537221 0.0561947 0
0.514949 0.0563228 0
0.502235 0.0596174 0
0.495398 0.0594851 0
0.478555 0.0628784 0
0.452103 0.0662213 0
0.438373 0.0713011 0
0.432146 0.0804079 0
0.418532 0.0862906 0
0.400615 0.0938767 0
0.384725 0.100713 0
0.369296 0.106198 0
0.354085 0.114288 0
0.345333 0.126225 0
0.336547 0.136766 0
0.325821 0.146615 0
0.317841 0.160103 0
0.302906 0.174985 0
0.278445 0.189481 0
0.25738 0.207465 0
0.240675 0.23221 0
0.220761 0.258766 0
0.201578 0.27704 0
0.185884 0.296701 0
0.169498 0.330101 0
0.157184 0.357507 0
0.150212 0.363776 0
0.139 0.370074 0
0.114653 0.400764 0
0.0961873 0.427498 0
0.0830398 0.459351 0
0.0710764 0.496674 0
0.055798 0.539921 0
0.0439301 0.580536 0
0.0412218 0.597462 0
0.0387333 0.613518 0
0.0412586 0.63217 0
0.0440666 0.648229 0
0.0437806 0.656876 0
0.0415618 0.658936 0
0.0398701 0.665871 0
0.0430263 0.682742 0
0.0465678 0.693198 0
0.0475269 0.698961 0
0.0473434 0.706523 0
0.0483317 0.715346 0
0.0510676 0.720708 0
0.0574432 0.722412 0
0.0687937 0.725696 0
0.0791474 0.732648 0
0.0921972 0.737757 0
0.116383 0.736252 0
0.135605 0.733017 0
0.152402 0.725549 0
0.177374 0.729594 0
0.213133 0.750136 0
0.246315 0.754593 1
0.278789 0.751169 1
0.324732 0.772472 0
0.367573 0.808872 0
0.394543 0.828103 0
0.424102 0.830246 0
0.458576 0.828707 0
0.495376 0.825442 0
0.519922 0.815362 0
0.550881 0.804335 0
0.578039 0.791836 0
0.597348 0.777664 0
0.619562 0.760673 0
0.635078 0.741142 0
0.651649 0.718293 0
0.674841 0.691274 0
0.689812 0.66638 1
0.694432 0.64729 1
0.70644 0.61048 0
0.710263 0.588422 0
0.716053 0.559872 0
0.71869 0.5331 0
0.721754 0.513319 0
0.725802 0.487154 1
0.723468 0.482978 0
0.719063 0.488068 0
0.72135 0.484866 0
0.724432 0.480962 0
0.72443 0.474465 0
0.723796 0.466234 0
0.725741 0.459314 0
0.729593 0.451795 0
0.732874 0.446373 0
0.737873 0.439784 0
0.744204 0.428342 0
0.753699 0.418001 0
0.759156 0.409392 0
0.765705 0.397112 0
0.770823 0.379539 0
0.77618 0.36539 0
0.783826 0.353909 0
0.795544 0.34137 0
0.808443 0.326504 0
0.814417 0.312579 0
0.813573 0.299777 0
0.818025 0.284166 0
0.823139 0.271984 0
0.833039 0.263502 0
0.841578 0.255644 0
0.845388 0.244956 0
0.850541 0.233343 0
0.856308 0.223965 0
0.85568 0.209789 1
0.856732 0.196541 0
0.861329 0.178878 0
0.776722 0.0745739 1
0.872446 0.171132 0
0.964854 0.421373 1
0.450213 1 1
0.835245 0.09345 1
0.743412 0.0111177 1
0.73271 1.96332e-05 0
0.740407 0 0
0.79162 0.036073 0
0.831216 0.0691893 0
0.862874 0.104327 0
0.880553 0.127602 0
0.888491 0.137221 0
0.897357 0.145972 0
0.902888 0.151835 0
0.906103 0.155314 0
0.908406 0.156521 0
0.898281 0.148856 0
0.877745 0.13429 0
0.873057 0.138277 0
0.86684 0.141923 0
0.859148 0.141055 0
0.851912 0.138468 0
0.837788 0.130737 0
0.814523 0.116713 0
0.810157 0.11596 0
0.800507 0.113194 0
0.785594 0.104911 0
0.760532 0.084373 1
0.745779 0.0803272 0
0.731268 0.0753425 0
0.71075 0.0625709 0
0.690956 0.0538965 0
0.670011 0.0475764 0
0.649483 0.0404557 0
0.632758 0.0349035 0
0.620344 0.0363519 0
0.605555 0.0361654 0
0.590692 0.0362127 0
0.571651 0.0357321 0
0.552642 0.0338617 0
0.539361 0.0329606 1
0.525546 0.0339763 0
0.497695 0.0311943 0
0.476817 0.0305125 0
0.472356 0.0361827 0
0.46033 0.0437406 0
0.443212 0.0505348 0
0.432022 0.0590773 0
0.420503 0.0688815 0
0.407357 0.0775152 0
0.395848 0.0864069 0
0.384729 0.0993327 0
0.371102 0.111867 0
0.362202 0.121046 0
0.351258 0.124712 0
0.335244 0.13322 0
0.321977 0.148668 0
0.309427 0.160974 0
0.29378 0.169335 0
0.278012 0.184606 0
0.263653 0.20196 0
0.248314 0.216071 0
0.23559 0.231331 0
0.224448 0.249586 0
0.213272 0.268063 0
0.203377 0.285405 0
0.193361 0.305245 0
0.178296 0.323028 0
0.159754 0.335998 0
0.150023 0.352353 0
0.141994 0.367942 0
0.126114 0.377408 0
0.108144 0.389435 0
0.0929378 0.408637 0
0.0802322 0.431245 0
0.0664576 0.456023 0
0.0535993 0.480978 0
0.0358524 0.515024 0
0.0304038 0.529594 0
0.0229792 0.542771 0
0.0187906 0.550265 0
0.0136672 0.563225 0
0.0127633 0.573628 0
0.0129316 0.581472 0
0.0133704 0.587504 0
0.0161518 0.60326 0
0.0199228 0.608813 0
0.0240102 0.626801 0
0.025268 0.64922 0
0.0291089 0.664306 0
0.031121 0.672556 0
0.0296132 0.67642 0
0.0312083 0.682456 0
0.0365788 0.69147 0
0.0528793 0.716117 0
0.0698792 0.741498 0
0.0853376 0.744256 0
0.109387 0.746604 0
0.142727 0.751454 0
0.166752 0.746614 0
0.168409 0.728546 0
0.181892 0.728123 0
0.211521 0.746006 0
0.243039 0.764018 0
0.280933 0.779287 0
0.303628 0.762371 0
0.335407 0.777436 0
0.382642 0.787828 0
0.454947 0.792743 0
0.536635 0.783683 0
0.545555 0.779927 0
0.520534 0.776871 0
0.538059 0.762555 0
0.556024 0.750842 0
0.579112 0.74129 0
0.600606 0.729391 0
0.609001 0.71876 0
0.62392 0.710658 0
0.635883 0.703595 0
0.641164 0.694677 0
0.648463 0.686038 0
0.65503 0.684064 0
0.657501 0.683554 0
0.659631 0.677441 0
0.66317 0.674876 0
0.669075 0.671152 1
0.67481 0.664923 0
0.679728 0.659427 0
0.685205 0.655141 0
0.687537 0.656218 0
0.692052 0.664186 1
0.698621 0.656685 0
0.70391 0.653447 0
0.70805 0.651214 0
0.712748 0.646387 0
0.714877 0.645184 1
0.720012 0.646971 0
0.725716 0.645081 0
0.731896 0.645073 0
0.741421 0.645937 0
0.751705 0.643222 0
0.762904 0.64161 0
0.775298 0.639683 0
0.787972 0.633238 0
0.800872 0.627627 0
0.814988 0.622727 0
0.829009 0.616086 0
0.841437 0.608263 0
0.852933 0.598053 0
0.86473 0.59164 0
0.879271 0.593165 0
0.891029 0.588416 0
0.899867 0.588348 0
0.910594 0.59198 0
0.917359 0.587599 0
0.916797 0.570084 0
0.931999 0.565869 0
0.944283 0.564826 0
0.953677 0.558022 0
0.961159 0.550238 0
0.968005 0.531659 0
0.97561 0.517782 0
0.982975 0.517682 0
0.986214 0.525549 0
0.988037 0.516033 0
0.992443 0.474997 0
0.994447 0.430308 0
0.998463 0.475982 0
1 0.505889 0
0.99976 0.525901 0
0.998102 0.507465 0
0.997154 0.492763 0
0.993388 0.474124 0
0.991206 0.463277 0
0.988796 0.457993 0
0.981722 0.442546 0
0.974625 0.424535 1
0.968162 0.403133 0
0.964537 0.393247 0
0.958107 0.402768 1
0.947913 0.368103 0
0.942027 0.353711 1
0.93522 0.34719 0
0.925621 0.331862 0
0.916691 0.313849 0
0.911877 0.307382 0
0.906937 0.299886 0
0.89777 0.278764 1
0.882064 0.245506 1
0.868091 0.221079 0
0.861345 0.21465 1
0.849232 0.203665 1
0.835508 0.192491 1
0.824217 0.183678 0
0.794278 0.15022 0
0.795733 0.157932 0
0.781511 0.146771 0
0.746536 0.118527 0
0.476615 0.0199508 0
0.531936 0.0262308 0
0.724991 0.112267 0
0.689229 0.0929463 1
0.690709 0.103145 0
0.705369 0.123886 0
0.690839 0.118584 0
0.664614 0.110784 0
0.643967 0.106844 0
0.544002 0.0283735 1
0.616845 0.112318 0
0.590992 0.10735 0
0.567683 0.106655 0
0.561887 0.121448 0
0.546695 0.12806 0
0.533873 0.132607 0
0.531746 0.144715 0
0.510655 0.14991 0
0.478104 0.15077 0
0.459617 0.158327 0
0.442719 0.167638 1
0.399349 0.17822 0
0.389003 0.196095 0
0.368574 0.207347 0
0.337563 0.214295 0
0.315082 0.228478 0
0.293848 0.252617 0
0.259835 0.272605 0
0.236718 0.287672 0
0.218896 0.305996 0
0.197183 0.317935 0
0.174244 0.331547 0
0.149861 0.351565 0
0.12356 0.372434 0
0.101303 0.393882 0
0.0868058 0.409491 0
0.0722326 0.426 0
0.0532245 0.452838 0
0.0396512 0.461906 0
0.0288828 0.467602 0
0.0247774 0.481763 0
0.0275191 0.482554 0
0.0276269 0.487608 0
0.0207611 0.514515 0
0.014053 0.527543 0
0.00858738 0.536627 0
0.0016693 0.535726 0
0 0.545144 0
0.00245876 0.566569 0
0.00304812 0.577269 0
0.00395132 0.58492 0
0.00699707 0.59945 0
0.0143748 0.622493 0
0.0225388 0.645489 0
0.0295005 0.65778 0
0.0373518 0.670549 0
0.0548763 0.713885 0
0.0797605 0.767684 0
0.119508 0.828052 0
0.197441 0.890899 0
0.25331 0.923895 0
0.35015 0.973192 1
0.722495 0.925554 1
0.477725 0.978927 1
0.534932 0.963168 0
0.655499 0.918388 0
0.616416 0.926502 0
0.568345 0.925139 0
0.536084 0.921772 0
0.501072 0.914813 0
0.359228 0.866526 0
0.386642 0.858698 0
0.262718 0.744408 1
0.293541 0.745961 1
0.402305 0.801498 0
0.460701 0.797354 0
0.466348 0.776339 0
0.505279 0.762315 0
0.442337 0.732742 0
0.505743 0.712222 0
0.537941 0.695095 0
0.496563 0.675263 0
0.484183 0.645134 0
0.402677 0.539432 0
0.450387 0.536326 0
0.500111 0.547215 0
0.500419 0.522324 0
0.501034 0.493533 0
0.501389 0.439371 0
0.499616 0.422912 0
0.502197 0.416356 0
0.502245 0.415496 0
0.502247 0.415161 0
0.502253 0.414806 0
0.502254 0.414786 0
0.502255 0.414784 0
0.502255 0.414785 0
0.502255 0.414779 0
0.502255 0.41478 1
