0.279946 0.0209748 1
0.297999 0.0178557 0
0.319563 0.0146631 0
0.353712 0 0
0.377604 0.0016638 0
0.405626 0.00214192 0
0.433504 0.00771 0
0.462727 0.0178374 0
0.493259 0.0339416 0
0.533249 0.0359256 1
0.582917 0.0410703 0
0.621333 0.0490194 0
0.626556 0.0674296 0
0.677574 0.0811008 1
0.728544 0.0999138 1
0.769472 0.119606 0
0.802456 0.138604 0
0.818082 0.156449 0
0.832864 0.182691 0
0.855911 0.226137 0
0.870739 0.217554 0
0.887895 0.238712 0
0.905791 0.255403 0
0.9219 0.272563 0
0.93809 0.294844 0
0.954653 0.319714 0
0.968869 0.347175 0
0.979813 0.379924 0
0.991144 0.405371 0
0.998565 0.433944 0
1 0.467485 0
0.996419 0.501288 0
0.989327 0.537663 0
0.982573 0.579625 0
0.973721 0.628058 0
0.96337 0.682346 0
0.948126 0.708371 0
0.933256 0.73462 0
0.916078 0.760081 0
0.897963 0.783716 0
0.879785 0.80724 0
0.86206 0.832889 0
0.83771 0.867262 0
0.817583 0.887849 0
0.787827 0.905963 0
0.767699 0.898075 0
0.745805 0.891039 0
0.729134 0.881975 0
0.71412 0.870461 1
0.68991 0.857886 0
0.657794 0.847505 0
0.618916 0.834915 0
0.57486 0.81462 0
0.530731 0.789922 0
0.468426 0.767805 0
0.423705 0.750806 0
0.391562 0.732214 0
0.360765 0.713943 0
0.334652 0.698155 0
0.308508 0.679041 0
0.283237 0.659703 0
0.258612 0.638592 0
0.241215 0.622608 0
0.229777 0.613723 0
0.220235 0.605235 0
0.211573 0.593084 0
0.201412 0.579689 0
0.190765 0.568899 0
0.178178 0.56335 0
0.169397 0.565007 0
0.159176 0.565646 1
0.149094 0.55777 0
0.137464 0.547176 0
0.123204 0.537477 0
0.109456 0.523378 0
0.094488 0.508677 0
0.0791166 0.492974 0
0.0657417 0.481051 0
0.0531076 0.467365 0
0.0416589 0.445279 0
0.0301163 0.416933 0
0.02107 0.388381 0
0.0129207 0.360068 0
0.00566513 0.333703 1
0.000137121 0.309714 0
0 0.286902 0
0.00980704 0.263847 0
0.024687 0.244035 0
0.0386841 0.228967 0
0.0542952 0.21323 0
0.0698424 0.200476 0
0.0852303 0.186528 0
0.0998348 0.172395 0
0.115093 0.160889 0
0.13691 0.145169 0
0.163395 0.125336 0
0.190748 0.104978 0
0.223353 0.0865 0
0.256154 0.0709648 0
0.297607 0.0526213 0
0.323482 0.0549553 0
0.351358 0.0511609 0
0.366796 0.0563476 0
0.378025 0.0581745 0
0.398645 0.0597011 0
0.426003 0.0602384 0
0.468286 0.0569798 0
0.530286 0.0439733 1
0.595739 0.0528211 0
0.646112 0.0562023 0
0.677894 0.0727248 1
0.691343 0.0976654 1
0.70443 0.118752 0
0.731978 0.139731 0
0.774129 0.159617 0
0.799504 0.18458 0
0.830604 0.217196 0
0.86661 0.248556 0
0.887383 0.281267 0
0.905131 0.316981 0
0.922745 0.3453 0
0.934636 0.38166 0
0.943086 0.419862 0
0.947957 0.46094 0
0.945862 0.50932 0
0.942484 0.551761 0
0.941593 0.586112 0
0.942901 0.602977 0
0.9309 0.669161 0
0.920084 0.69735 0
0.902747 0.730228 0
0.884059 0.758929 0
0.864665 0.783481 0
0.843922 0.812345 0
0.822988 0.843408 0
0.770036 0.890164 1
0.685857 0.949061 0
0.614839 0.980485 0
0.517697 1 0
0.351232 0.975318 1
0.399353 0.972816 0
0.479298 0.967444 0
0.620503 0.918118 0
0.43187 0.925103 0
0.445805 0.892597 0
0.533238 0.821937 0
0.466682 0.828753 0
0.450863 0.80722 0
0.470653 0.758733 1
0.465804 0.743173 0
0.468216 0.709739 0
0.469182 0.677172 0
0.474501 0.643227 0
0.467648 0.574646 0
0.467208 0.493668 0
0.466549 0.444454 0
0.466303 0.418358 0
0.466272 0.41305 0
0.466255 0.411942 0
0.466252 0.411166 0
0.466251 0.411116 0
0.466251 0.411127 0
0.466251 0.41112 0
0.466251 0.411117 0
0.466251 0.411112 1
