0.510047 0.421731 1
0.510047 0.421731 0
0.510047 0.421731 0
0.510047 0.421731 0
0.510046 0.421731 0
0.510047 0.421731 0
0.510047 0.421731 0
0.510047 0.421731 0
0.510047 0.421731 0
0.510044 0.421731 0
0.510043 0.421731 0
0.510047 0.421731 0
0.510047 0.421731 0
0.510047 0.421731 0
0.510047 0.421731 0
0.510048 0.421731 0
0.510048 0.421731 0
0.510047 0.421731 0
0.510047 0.421731 0
0.510047 0.421731 0
0.510047 0.421731 0
0.510047 0.421731 0
0.510047 0.421731 0
0.510047 0.421731 0
0.510047 0.421731 0
0.510047 0.421731 0
0.510047 0.421731 0
0.510047 0.421731 0
0.510047 0.421731 0
0.510047 0.421731 0
0.510048 0.421731 0
0.510047 0.421731 0
0.510047 0.421731 0
0.510047 0.42173 0
0.510047 0.42173 0
0.510048 0.42173 0
0.510048 0.42173 0
0.510048 0.42173 0
0.510047 0.42173 0
0.510048 0.42173 0
0.510047 0.42173 0
0.510048 0.42173 0
0.510048 0.42173 0
0.510048 0.42173 0
0.510048 0.42173 0
0.510048 0.42173 0
0.510049 0.42173 0
0.510049 0.42173 0
0.510049 0.42173 0
0.510049 0.42173 0
0.510049 0.42173 0
0.51005 0.42173 0
0.510049 0.42173 0
0.51005 0.42173 0
0.51005 0.42173 0
0.510049 0.42173 0
0.51005 0.42173 0
0.510049 0.42173 0
0.51005 0.42173 0
0.510051 0.42173 0
0.510051 0.42173 0
0.51005 0.42173 0
0.51005 0.42173 0
0.510051 0.42173 0
0.510051 0.42173 0
0.510051 0.42173 0
0.510052 0.42173 0
0.510051 0.42173 0
0.51005 0.42173 0
0.510053 0.421729 0
0.510052 0.42173 0
0.510052 0.42173 0
0.510052 0.42173 0
0.510052 0.42173 0
0.510052 0.42173 0
0.510051 0.42173 0
0.510051 0.42173 0
0.510051 0.42173 0
0.510052 0.42173 0
0.510051 0.42173 0
0.510052 0.42173 0
0.510054 0.421729 0
0.510055 0.421729 0
0.510056 0.421729 0
0.510056 0.42173 0
0.510058 0.421729 0
0.51006 0.421729 0
0.51006 0.421729 0
0.510061 0.421729 0
0.510062 0.421728 0
0.510062 0.421729 0
0.510062 0.421729 0
0.510063 0.421728 0
0.510063 0.421728 0
0.510063 0.421728 0
0.510063 0.421728 0
0.510063 0.421728 0
0.510063 0.421728 0
0.510065 0.421728 0
0.510065 0.421728 0
0.510066 0.421728 0
0.510067 0.421728 0
0.510068 0.421728 0
0.510068 0.421728 0
0.51007 0.421728 0
0.51007 0.421728 0
0.510072 0.421727 0
0.510074 0.421727 0
0.510076 0.421727 0
0.510078 0.421727 0
0.51008 0.421727 0
0.510082 0.421727 0
0.510084 0.421727 0
0.510087 0.421727 0
0.51009 0.421728 0
0.510089 0.421727 0
0.510098 0.421728 0
0.510094 0.421727 0
0.510099 0.421728 0
0.5101 0.421728 0
0.510103 0.421729 0
0.510105 0.421729 0
0.510106 0.421729 0
0.510107 0.421729 0
0.510105 0.421729 0
0.510107 0.421729 0
0.510107 0.421729 0
0.510102 0.421728 0
0.510106 0.421729 0
0.510108 0.42173 0
0.510109 0.42173 0
0.510113 0.421731 1
0.510119 0.421731 1
0.510126 0.421732 1
0.510125 0.421732 0
0.510143 0.421732 1
0.510144 0.421732 0
0.510156 0.421729 0
0.510156 0.42173 0
0.510157 0.42173 0
0.51017 0.421732 1
0.510182 0.421729 0
0.510184 0.421729 0
0.510187 0.421729 0
0.510193 0.421732 1
0.510199 0.421728 0
0.51021 0.421732 1
0.510222 0.421732 0
0.510221 0.421732 1
0.510226 0.42173 0
0.510225 0.421729 0
0.510241 0.42173 0
0.510238 0.421729 0
0.510247 0.421732 1
0.510255 0.421728 0
0.510262 0.421732 1
0.510271 0.421727 0
0.51027 0.421729 0
0.510278 0.421729 0
0.510283 0.421731 0
0.510284 0.421733 1
0.510288 0.421731 0
0.510294 0.421731 0
0.510296 0.421733 1
0.510297 0.421731 0
0.510305 0.421729 0
0.510311 0.42173 0
0.510314 0.421733 1
0.510321 0.421731 0
0.510323 0.421731 0
0.510328 0.421733 1
0.510331 0.421731 0
0.510335 0.421728 0
0.510343 0.421731 0
0.510344 0.421733 1
0.510347 0.421732 0
0.510348 0.421731 0
0.510353 0.421734 1
0.510361 0.421729 0
0.510364 0.42173 0
0.510366 0.421734 1
0.510366 0.421734 0
0.510366 0.421734 0
0.510366 0.421734 0
0.510366 0.421734 0
0.510367 0.421734 0
0.510366 0.421734 0
0.510366 0.421734 0
0.510366 0.421734 0
0.510366 0.421734 0
0.510366 0.421734 0
0.510366 0.421734 0
0.510366 0.421734 0
0.510366 0.421734 0
0.510366 0.421734 0
0.510366 0.421734 0
0.510366 0.421734 0
0.510366 0.421734 0
0.510366 0.421734 0
0.510366 0.421735 0
0.510366 0.421734 0
0.510366 0.421734 0
0.510366 0.421735 0
0.510366 0.421735 0
0.510366 0.421735 0
0.510366 0.421735 0
0.510366 0.421735 0
0.510365 0.421735 1
0.510358 0.421735 0
0.510355 0.421735 0
0.510354 0.421735 1
0.510353 0.421737 0
0.510347 0.421736 1
0.510344 0.421738 0
0.51034 0.421736 1
0.510338 0.421737 0
0.510336 0.421737 0
0.510331 0.421737 0
0.510328 0.421736 1
0.510327 0.421738 0
0.51032 0.42174 0
0.510313 0.421738 0
0.510312 0.421736 1
0.510306 0.421738 0
0.510305 0.421738 0
0.510297 0.421736 1
0.510293 0.421738 0
0.510289 0.421736 1
0.510281 0.421736 1
0.510279 0.421737 0
0.510277 0.421738 0
0.510271 0.421739 0
0.510263 0.421737 0
0.510263 0.421737 1
0.510257 0.421739 0
0.510254 0.421739 0
0.510249 0.421737 1
0.510225 0.421738 1
0.510225 0.421738 0
0.510225 0.421738 0
0.510225 0.42174 0
0.510217 0.42174 0
0.510216 0.42174 0
0.510214 0.421739 0
0.510212 0.421737 0
0.510211 0.421737 0
0.510211 0.421737 0
0.510211 0.421737 1
0.510211 0.421737 0
0.51021 0.421738 0
0.510208 0.421738 0
0.510205 0.421737 0
0.510203 0.421736 1
0.510201 0.421737 0
0.5102 0.421738 0
0.510195 0.421737 0
0.5102 0.421738 0
0.510193 0.421736 1
0.510192 0.421741 0
0.510172 0.421742 0
0.510175 0.421741 0
0.510173 0.42174 1
0.510175 0.421741 0
0.510175 0.421741 0
0.510177 0.421741 0
0.510179 0.421742 0
0.51018 0.421742 0
0.510182 0.421742 0
0.510183 0.421742 0
0.51019 0.421742 0
0.510192 0.421742 1
0.510192 0.421742 0
0.510192 0.421742 0
0.510192 0.421744 0
0.51016 0.421744 0
0.510121 0.421734 1
0.510119 0.421735 0
0.510116 0.421735 1
0.510157 0.421745 0
0.510217 0.421747 0
0.510211 0.421746 0
0.51014 0.421739 1
0.510214 0.421747 1
0.51028 0.421754 1
0.510276 0.421752 0
0.510336 0.42176 1
0.510395 0.421771 0
0.510381 0.421765 1
0.510392 0.421767 0
0.510513 0.42178 1
0.510541 0.421787 0
0.510597 0.421793 0
0.510632 0.421799 0
0.510663 0.421804 0
0.510715 0.421809 0
0.510831 0.421815 0
0.511277 0.421886 0
0.511532 0.421907 0
0.511917 0.421938 0
0.512479 0.42196 0
0.512711 0.421982 0
0.512979 0.422066 0
0.512933 0.422037 0
0.513125 0.422065 0
0.513304 0.422087 0
0.513289 0.422067 0
0.513412 0.422068 0
0.513594 0.4221 0
0.513674 0.422095 0
0.514539 0.422121 0
0.514853 0.422179 0
0.514991 0.422286 0
0.515016 0.422287 0
0.515021 0.422289 0
0.515025 0.422296 0
0.515031 0.4223 0
0.515034 0.422313 1
0.515053 0.422318 0
0.515114 0.422268 0
0.515115 0.422285 0
0.515163 0.422286 0
0.51519 0.422269 0
0.515201 0.422275 0
0.515206 0.422283 0
0.515348 0.422206 0
0.515477 0.422128 0
0.516935 0.422185 0
0.517163 0.422319 0
0.517292 0.422418 0
0.517328 0.422508 0
0.51735 0.422561 0
0.517387 0.422612 0
0.517395 0.422651 0
0.517416 0.422709 1
0.517442 0.42271 0
0.517456 0.422716 0
0.517524 0.422686 0
0.517601 0.422648 0
0.517702 0.42262 0
0.51771 0.422648 0
0.51778 0.422614 0
0.517859 0.422611 0
0.517852 0.422643 0
0.517872 0.42266 0
0.517969 0.422637 0
0.517922 0.422719 0
0.517992 0.422712 0
0.517972 0.422755 0
0.517908 0.422818 0
0.517955 0.422855 0
0.518029 0.42289 0
0.517709 0.422969 0
0.517596 0.422982 0
0.518087 0.423082 0
0.518116 0.423144 0
0.518089 0.4232 0
0.51813 0.423265 0
0.518067 0.423287 0
0.51802 0.423312 0
0.517949 0.423322 0
0.51782 0.42327 0
0.517815 0.423292 0
0.517724 0.423268 0
0.517587 0.423192 0
0.517571 0.423173 1
0.517573 0.423176 0
0.517574 0.423178 0
0.517577 0.423188 0
0.517578 0.423201 0
0.5176 0.423188 0
0.518092 0.423746 0
0.515205 0.422833 1
0.515267 0.422933 0
0.515729 0.423182 0
0.519071 0.423828 0
0.519718 0.424166 0
0.521853 0.424453 0
0.523232 0.424715 0
0.525301 0.425449 0
0.526048 0.425762 0
0.525833 0.425719 0
0.527163 0.426159 0
0.527525 0.426066 0
0.528447 0.426241 0
0.53038 0.426766 0
0.529928 0.426042 0
0.528536 0.424892 0
0.528881 0.424975 0
0.529819 0.425413 0
0.533518 0.427224 0
0.535761 0.428297 0
0.536508 0.428091 0
0.537862 0.428708 0
0.539086 0.429364 0
0.540866 0.430501 0
0.542217 0.430941 0
0.543777 0.43159 0
0.5449 0.432153 0
0.545818 0.433271 0
0.547046 0.433758 1
0.547806 0.433785 0
0.548703 0.434025 0
0.549745 0.434091 0
0.550542 0.434789 0
0.553737 0.436433 0
0.553613 0.437068 0
0.553754 0.43702 0
0.554215 0.436795 0
0.555437 0.436037 0
0.554391 0.437054 0
0.55495 0.437581 0
0.555388 0.437781 0
0.555583 0.438244 0
0.556045 0.438668 0
0.556586 0.438943 0
0.557542 0.440024 0
0.560749 0.441955 0
0.55849 0.441291 1
0.5678 0.444733 0
0.577502 0.449038 0
0.58585 0.452814 0
0.598023 0.459021 0
0.605528 0.462433 0
0.622351 0.469997 0
0.640647 0.478294 0
0.655595 0.485099 0
0.672302 0.5017 0
0.688185 0.508521 0
0.697536 0.513676 0
0.713496 0.521222 0
0.730252 0.529098 0
0.74555 0.530576 0
0.767737 0.537001 1
0.779382 0.542523 0
0.791424 0.548301 0
0.802033 0.547591 0
0.813478 0.544042 0
0.823379 0.540347 0
0.833599 0.538932 0
0.841089 0.535213 0
0.849871 0.537796 0
0.864634 0.526563 0
0.874538 0.530723 0
0.882642 0.531076 0
0.895519 0.531147 0
0.907606 0.530203 0
0.919461 0.532377 0
0.933633 0.533605 0
0.937658 0.550793 0
0.961442 0.537051 0
0.954076 0.569975 0
0.9719 0.564454 0
0.973507 0.580126 0
0.976 0.599006 0
0.974748 0.615696 0
0.971806 0.632176 0
0.969754 0.644732 0
0.972895 0.655181 1
0.974191 0.659118 0
0.982914 0.660878 0
0.983984 0.664875 0
0.984967 0.668847 0
0.985914 0.672901 0
0.992999 0.674619 0
0.985741 0.680711 0
0.987195 0.68429 0
0.981423 0.688532 0
0.979821 0.692573 0
0.971055 0.697234 0
0.96773 0.702017 0
0.967646 0.705334 0
0.970743 0.707495 0
0.974353 0.70957 0
0.973948 0.712856 0
0.973965 0.716142 0
1 0.720529 0
0.993856 0.721589 0
0.996312 0.725319 0
0.995046 0.727685 0
0.990486 0.728408 0
0.990253 0.730231 0
0.986785 0.730138 0
0.982776 0.730819 0
0.980668 0.731555 1
0.977906 0.734546 0
0.975437 0.74071 0
0.972249 0.749689 0
0.96591 0.755503 0
0.967636 0.754351 0
0.962602 0.759464 0
0.948439 0.776906 0
0.915256 0.804818 0
0.90327 0.819105 0
0.890365 0.822338 0
0.86302 0.839184 0
0.845016 0.842858 0
0.827536 0.846423 0
0.809263 0.844598 0
0.789621 0.845084 0
0.773495 0.844842 0
0.749794 0.844627 0
0.734568 0.842701 0
0.71861 0.84202 0
0.70185 0.835554 0
0.685871 0.821796 0
0.678122 0.825542 0
0.667905 0.821738 0
0.665304 0.818668 0
0.664405 0.812805 0
0.663012 0.807746 0
0.661151 0.803827 0
0.652166 0.798443 0
0.655346 0.788643 0
0.659429 0.781694 0
0.657627 0.779596 0
0.654467 0.77903 0
0.646563 0.783788 0
0.63801 0.788863 0
0.613037 0.797223 0
0.597403 0.795328 0
0.582671 0.795808 0
0.576358 0.788171 0
0.569748 0.78479 0
0.567211 0.784993 0
0.566258 0.783901 0
0.5659 0.783723 0
0.56483 0.783014 0
0.563021 0.779056 1
0.561466 0.78262 0
0.557986 0.78568 0
0.555802 0.783821 0
0.55593 0.781863 0
0.55402 0.781678 0
0.557974 0.77764 0
0.553403 0.781344 0
0.551178 0.785077 0
0.549482 0.794161 0
0.560591 0.801036 0
0.570056 0.800417 0
0.569328 0.797937 0
0.56873 0.796131 0
0.572528 0.79335 0
0.543248 0.823621 0
0.340432 0.860776 0
0.259095 0.780139 0
0.233243 0.728582 0
0.218435 0.702514 0
0.20222 0.680498 0
0.194704 0.677788 0
0.194372 0.677451 0
0.1864 0.671318 0
0.184898 0.66857 0
0.182441 0.667676 0
0.179085 0.665822 0
0.176728 0.664999 0
0.173894 0.662616 0
0.171726 0.661811 0
0.167952 0.6614 0
0.166561 0.661656 0
0.161915 0.659723 0
0.157327 0.658809 0
0.154229 0.660419 0
0.152299 0.666207 0
0.151328 0.669036 0
0.146183 0.68089 0
0.146051 0.690627 0
0.141431 0.706267 0
0.138069 0.725871 0
0.132809 0.731127 0
0.128732 0.73909 0
0.125595 0.73626 0
0.119919 0.738427 0
0.118269 0.736558 0
0.113956 0.735143 0
0.110348 0.732489 0
0.107696 0.728302 0
0.102955 0.727792 0
0.101618 0.725058 1
0.0922109 0.725753 0
0.0874862 0.722584 0
0.0784421 0.719649 0
0.0694775 0.721089 0
0.0612159 0.717715 0
0.0527797 0.709772 0
0.0471691 0.70654 0
0.0436113 0.694916 0
0.0415533 0.686877 0
0.0310562 0.687163 0
0.0297018 0.683523 0
0.0256385 0.680891 0
0.021986 0.678811 0
0.0180322 0.677443 0
0.017725 0.67518 0
0.0175745 0.672199 0
0.0140257 0.670763 0
0.0133684 0.668748 0
0.00774605 0.659718 0
0.00250911 0.660866 0
0 0.66109 0
0.00179609 0.660322 0
0.0018413 0.660007 0
0.00222622 0.659697 0
0.00270187 0.659395 0
0.00426345 0.658368 0
0.00584068 0.657579 0
0.00683462 0.656796 0
0.00791011 0.655863 0
0.0085658 0.65533 0
0.0104219 0.653867 0
0.0133388 0.651116 0
0.0241509 0.646435 0
0.0339051 0.641331 0
0.0440004 0.635077 0
0.0504109 0.629517 0
0.0477436 0.6245 0
0.0285385 0.57449 0
0.0223252 0.559888 0
0.0242913 0.553295 0
0.0250805 0.548524 0
0.0302562 0.542333 0
0.0290494 0.533355 0
0.0248645 0.55157 0
0.0207869 0.551864 0
0.0245529 0.547549 0
0.029931 0.549413 0
0.0358421 0.544413 0
0.0350511 0.543171 0
0.0312951 0.541469 0
0.0296634 0.539301 0
0.0353247 0.538061 0
0.0425351 0.538131 1
0.0423369 0.536525 0
0.0399731 0.538405 0
0.0432571 0.534122 0
0.0453528 0.530495 0
0.0453968 0.524482 0
0.0465143 0.521059 0
0.0514763 0.518186 0
0.0544227 0.515084 0
0.0581154 0.506929 0
0.0705873 0.495053 0
0.0836795 0.4879 0
0.0917791 0.480832 0
0.100903 0.47264 0
0.11125 0.465261 0
0.122929 0.456238 0
0.146132 0.432357 0
0.157837 0.428055 0
0.167175 0.425851 0
0.2107 0.390672 0
0.237139 0.388634 0
0.26617 0.383399 0
0.309542 0.377384 0
0.388253 0.413837 0
0.383529 0.422547 0
0.38736 0.426697 0
0.386893 0.426544 0
0.386385 0.426609 0
0.387433 0.426509 0
0.388906 0.430004 0
0.391137 0.432937 0
0.393031 0.434922 1
0.396219 0.431996 0
0.404623 0.420619 0
0.431012 0.415318 0
0.443608 0.42141 0
0.44625 0.424456 0
0.447067 0.425229 0
0.447047 0.425389 0
0.447071 0.425397 1
0.44941 0.423279 0
0.445225 0.423503 0
0.45063 0.418525 0
0.449947 0.418269 0
0.450608 0.416572 0
0.452369 0.412345 0
0.456962 0.40641 1
0.456962 0.40641 0
0.456962 0.40641 0
0.456962 0.40641 0
0.456962 0.40641 0
0.456962 0.40641 0
0.456962 0.40641 0
0.456962 0.40641 0
0.45696 0.406411 0
0.456941 0.406408 0
0.457105 0.406357 0
0.456237 0.405125 0
0.399173 0.374137 0
0.401032 0.366269 0
0.402906 0.362267 0
0.405769 0.358652 0
0.4096 0.356156 0
0.410505 0.351585 0
0.4133 0.348919 0
0.416386 0.344719 0
0.420107 0.34057 0
0.423359 0.339761 0
0.427116 0.337091 0
0.430516 0.334516 1
0.42773 0.332101 0
0.426663 0.330561 0
0.416314 0.323386 0
0.422776 0.328078 0
0.422149 0.326786 0
0.415466 0.321014 0
0.399827 0.309118 0
0.405507 0.312194 0
0.399044 0.307309 0
0.397716 0.303316 0
0.380104 0.291079 0
0.381158 0.288588 0
0.370901 0.28002 0
0.364864 0.273815 0
0.35925 0.266967 0
0.350669 0.255684 0
0.350076 0.251408 0
0.348118 0.244619 0
0.344343 0.2426 0
0.339784 0.237273 0
0.337738 0.232259 0
0.333188 0.227529 0
0.331608 0.223178 0
0.332738 0.219919 0
0.332984 0.217363 0
0.331535 0.213689 0
0.331391 0.210761 0
0.331343 0.207104 0
0.331445 0.202536 0
0.329521 0.197839 0
0.330291 0.191764 0
0.330998 0.186664 0
0.333483 0.181483 0
0.334224 0.179429 0
0.335068 0.176787 0
0.341786 0.172465 0
0.349911 0.166985 0
0.352382 0.160834 0
0.356466 0.158344 0
0.359611 0.155737 0
0.360798 0.153095 0
0.363759 0.143688 0
0.361854 0.139503 0
0.365023 0.131549 0
0.367681 0.129886 0
0.373581 0.1248 0
0.368416 0.119384 0
0.367957 0.120765 0
0.397288 0.110354 0
0.397149 0.109162 0
0.399691 0.105684 0
0.402165 0.103239 0
0.403925 0.101855 0
0.40264 0.102726 0
0.40683 0.101176 0
0.408449 0.100918 0
0.411745 0.0985512 0
0.414212 0.0949291 0
0.422702 0.0888086 0
0.426236 0.0863702 0
0.428832 0.0846199 0
0.432832 0.0814906 0
0.436292 0.0787561 0
0.441775 0.0746105 0
0.445981 0.0736694 0
0.448819 0.0729694 0
0.454316 0.0718772 0
0.457626 0.069659 0
0.460863 0.0679015 0
0.463649 0.0667129 0
0.464333 0.0656964 0
0.466462 0.0633217 0
0.469003 0.0616796 0
0.464347 0.0656679 0
0.485624 0.0609761 0
0.484321 0.0619684 0
0.483906 0.06111 0
0.4824 0.0588381 0
0.482787 0.0575029 0
0.481727 0.0564135 0
0.480097 0.0556029 0
0.478288 0.054873 0
0.476217 0.0537659 0
0.480714 0.0544423 0
0.479679 0.0538286 0
0.480826 0.0532851 0
0.481603 0.051672 0
0.479114 0.0503941 0
0.479091 0.0489654 0
0.480588 0.0472994 0
0.483533 0.0458759 0
0.485893 0.0440088 0
0.488521 0.0420453 0
0.489163 0.0392377 0
0.491459 0.0381993 0
0.493242 0.0368222 0
0.493249 0.0341526 0
0.492759 0.0329024 0
0.492412 0.0326212 0
0.495221 0.0326081 0
0.499238 0.0331972 0
0.505159 0.030005 0
0.509184 0.0274125 0
0.509467 0.0265116 0
0.518102 0.0242591 0
0.52966 0.0230133 0
0.534738 0.0228637 0
0.537035 0.0206408 0
0.536622 0.0202017 0
0.541207 0.0209411 0
0.522066 0.0237576 0
0.523622 0.0194928 0
0.528484 0.0221772 0
0.525793 0.0227879 0
0.524997 0.0232179 0
0.525165 0.0182696 0
0.521244 0.020051 0
0.519904 0.0217429 0
0.526143 0.0207632 0
0.530289 0.019193 0
0.537896 0.0171397 0
0.547047 0.0184854 0
0.551232 0.0154481 0
0.557739 0.0184782 0
0.565026 0.0176284 0
0.5726 0.0181457 0
0.578661 0.0163408 0
0.581996 0.0156007 0
0.586851 0.0156701 0
0.592857 0.0170937 0
0.598249 0.0167988 0
0.606975 0.0193176 0
0.606012 0.0144105 0
0.609836 0.0140828 0
0.614935 0.0143659 0
0.620097 0.0133124 0
0.621235 0.0123196 0
0.624754 0.012321 0
0.626861 0.0111036 0
0.627846 0.0104029 0
0.630158 0.00980943 0
0.632385 0.00952782 0
0.634359 0.00872916 0
0.636608 0.00858201 0
0.636628 0.00769784 0
0.639364 0.00724501 0
0.640817 0.00671084 0
0.64133 0.00487103 0
0.642557 0.00479195 0
0.640899 0.00572161 0
0.641767 0.00667664 0
0.643204 0.00615212 0
0.643649 0.00564489 0
0.643461 0.00479173 0
0.644249 0.00357616 0
0.643904 0.00325876 0
0.645679 0.00297109 0
0.645285 0.00250635 0
0.644891 0.00149397 0
0.645606 0 1
