0.413467 0.934324 1
0.412383 0.935208 0
0.411631 0.938074 0
0.412106 0.939093 0
0.411083 0.940791 0
0.412932 0.938686 0
0.416522 0.942828 0
0.422388 0.943956 0
0.427457 0.940049 0
0.429918 0.935595 0
0.430671 0.933352 0
0.429921 0.929911 0
0.428552 0.932061 0
0.429789 0.934004 0
0.433874 0.933535 0
0.434428 0.93498 0
0.43506 0.939313 0
0.437843 0.94099 0
0.438868 0.937169 0
0.440439 0.937643 0
0.442728 0.943112 0
0.439976 0.942369 0
0.437187 0.941409 0
0.438673 0.938167 0
0.440529 0.937428 0
0.440631 0.937869 0
0.439086 0.93801 0
0.439231 0.938824 0
0.438764 0.941069 0
0.437965 0.940722 0
0.436797 0.939714 0
0.436306 0.93914 0
0.43567 0.938198 0
0.435015 0.935834 0
0.435775 0.93531 0
0.429986 0.939746 0
0.422448 0.938833 0
0.421947 0.934962 0
0.419082 0.937557 0
0.416348 0.935223 0
0.411687 0.936595 0
0.404371 0.93924 0
0.405686 0.935774 0
0.404546 0.933053 0
0.402995 0.931433 0
0.403804 0.934366 0
0.401217 0.939138 0
0.401475 0.9401 0
0.399854 0.939322 0
0.395688 0.939101 0
0.390672 0.936716 0
0.395753 0.926834 0
0.397189 0.917635 0
0.394713 0.918325 0
0.3918 0.921363 0
0.38832 0.926989 0
0.383329 0.931045 0
0.382905 0.930866 0
0.383346 0.928599 0
0.383759 0.924742 0
0.38433 0.927337 0
0.378841 0.931796 0
0.375111 0.933026 0
0.375441 0.930752 0
0.377664 0.927916 0
0.377926 0.92969 0
0.379372 0.932427 0
0.380206 0.932576 0
0.376798 0.931754 0
0.373477 0.931614 0
0.372761 0.932622 0
0.37192 0.934123 0
0.371841 0.932792 0
0.372752 0.933324 0
0.370583 0.935935 0
0.368706 0.939102 0
0.370151 0.941182 0
0.369561 0.940971 0
0.370361 0.935132 0
0.37161 0.935112 0
0.372227 0.938074 0
0.370027 0.937148 0
0.368861 0.935611 0
0.369715 0.932192 0
0.368893 0.93476 0
0.370642 0.925045 0
0.370321 0.927033 0
0.371961 0.928669 0
0.371326 0.928778 0
0.370233 0.931259 0
0.371793 0.927856 0
0.37353 0.927394 0
0.372765 0.92285 0
0.370766 0.914954 0
0.368102 0.910955 0
0.368119 0.914892 0
0.365725 0.92339 0
0.36135 0.924546 0
0.358674 0.927728 0
0.360641 0.915952 0
0.365758 0.91109 0
0.36358 0.911097 0
0.368837 0.908598 0
0.361865 0.92666 0
0.370884 0.917786 0
0.3736 0.915881 0
0.378459 0.914483 0
0.385694 0.908654 0
0.390333 0.896904 0
0.393216 0.894509 0
0.400915 0.888471 0
0.402634 0.892449 0
0.410813 0.894242 0
0.407997 0.895236 0
0.415067 0.890756 0
0.4165 0.88786 0
0.419316 0.879923 0
0.420532 0.883149 0
0.423688 0.885825 0
0.425188 0.88784 0
0.427416 0.887834 0
0.431118 0.885422 0
0.434783 0.881632 0
0.435073 0.877098 0
0.435815 0.876716 0
0.436097 0.877175 0
0.439096 0.871982 0
0.439285 0.869579 0
0.439337 0.867823 0
0.438806 0.863383 0
0.43818 0.856908 0
0.438062 0.858923 0
0.437164 0.85587 0
0.436107 0.851777 0
0.43592 0.849541 0
0.433027 0.851086 0
0.432144 0.852281 0
0.43019 0.852093 0
0.426795 0.846559 0
0.425485 0.846739 0
0.420975 0.853731 0
0.419773 0.856384 0
0.420202 0.856442 0
0.419485 0.857358 0
0.418086 0.861055 0
0.415347 0.865664 0
0.413893 0.868043 0
0.4158 0.874772 0
0.41888 0.880834 0
0.419315 0.884383 0
0.417061 0.886083 0
0.415054 0.890314 0
0.41534 0.896125 0
0.412378 0.896609 0
0.41189 0.895165 0
0.412484 0.896201 0
0.410709 0.898988 0
0.407945 0.900286 0
0.40622 0.90472 0
0.40964 0.908597 0
0.407429 0.9177 0
0.4162 0.914209 0
0.415594 0.916557 0
0.418143 0.91566 0
0.422176 0.915415 0
0.424195 0.918041 0
0.424517 0.921145 0
0.426317 0.924665 0
0.420625 0.942605 0
0.425098 0.932495 0
0.431862 0.927257 0
0.439889 0.919341 0
0.443898 0.923169 0
0.44419 0.925548 0
0.443963 0.932445 0
0.440929 0.937213 0
0.438101 0.94661 0
0.441841 0.943938 0
0.448001 0.941819 0
0.44851 0.951328 0
0.442021 0.951725 0
0.44223 0.9556 0
0.442155 0.951976 0
0.439974 0.955416 0
0.440097 0.950969 0
0.441608 0.944339 0
0.443565 0.93578 0
0.438887 0.925339 0
0.427822 0.901428 0
0.429626 0.907405 0
0.429439 0.905821 0
0.430715 0.907609 0
0.433328 0.897362 0
0.427898 0.899023 0
0.413354 0.880345 0
0.425139 0.889181 0
0.416081 0.883248 0
0.423436 0.899859 0
0.417951 0.883657 0
0.42116 0.886374 0
0.42429 0.8884 0
0.423381 0.893767 0
0.412301 0.892149 0
0.408567 0.898133 0
0.405475 0.903475 0
0.407816 0.897033 0
0.407838 0.889334 0
0.40183 0.893476 0
0.396135 0.895084 0
0.39509 0.888714 0
0.399374 0.879897 0
0.395579 0.875511 0
0.388316 0.883144 0
0.38123 0.893673 0
0.374005 0.900229 0
0.37457 0.896758 0
0.374791 0.89559 0
0.368986 0.902362 0
0.364089 0.903392 0
0.362879 0.909988 0
0.365236 0.909326 0
0.368124 0.911577 0
0.368997 0.918752 0
0.363628 0.920281 0
0.360859 0.915167 0
0.356288 0.918068 0
0.358519 0.917861 0
0.356584 0.921185 0
0.361506 0.918197 0
0.362562 0.910209 0
0.364178 0.909991 0
0.365133 0.910406 0
0.369022 0.910518 0
0.367474 0.917249 0
0.362426 0.92006 0
0.362952 0.922241 0
0.36639 0.918201 0
0.368405 0.915311 0
0.369785 0.917727 0
0.369765 0.921108 0
0.367477 0.923033 0
0.366085 0.931795 0
0.367925 0.934795 0
0.37088 0.93246 0
0.375155 0.92954 0
0.376116 0.927955 0
0.375646 0.929164 0
0.378759 0.928898 0
0.380982 0.93134 0
0.383744 0.927698 0
0.386911 0.92961 0
0.387741 0.927516 0
0.389112 0.923024 0
0.386773 0.925015 0
0.386471 0.926347 0
0.389936 0.923694 0
0.395489 0.926509 0
0.394262 0.934269 0
0.389958 0.937053 0
0.391181 0.935623 0
0.392733 0.935475 0
0.391973 0.933871 0
0.391816 0.931467 0
0.393274 0.932465 0
0.393627 0.934648 0
0.394502 0.939519 0
0.394979 0.941248 0
0.394946 0.941613 0
0.396009 0.945291 0
0.393887 0.949992 0
0.394715 0.950381 0
0.395768 0.951141 0
0.396367 0.951027 0
0.393445 0.953736 0
0.393957 0.950497 0
0.393841 0.951537 0
0.397581 0.951224 0
0.404512 0.947027 0
0.404924 0.94531 0
0.400689 0.950485 0
0.399399 0.95581 0
0.402723 0.95701 0
0.399968 0.957716 0
0.396261 0.963509 0
0.397326 0.960796 0
0.400466 0.958214 0
0.403225 0.958837 0
0.405752 0.956296 0
0.40181 0.96508 0
0.403066 0.966243 0
0.399942 0.966143 0
0.397327 0.964776 0
0.396424 0.959716 0
0.394113 0.959223 0
0.392767 0.953599 0
0.386367 0.953308 0
0.382694 0.951379 0
0.377904 0.953177 0
0.375874 0.950639 0
0.374534 0.947068 0
0.371583 0.944482 0
0.370082 0.945774 0
0.368133 0.949653 0
0.369532 0.949857 0
0.370949 0.951777 0
0.372077 0.955576 0
0.376394 0.957181 0
0.377241 0.959655 0
0.379884 0.960692 0
0.384393 0.957031 0
0.389196 0.951794 0
0.391455 0.949338 0
0.393619 0.948848 0
0.394137 0.951286 0
0.396147 0.955439 0
0.400579 0.95811 0
0.403788 0.958958 0
0.405376 0.964001 0
0.405128 0.968679 0
0.405438 0.972782 0
0.405005 0.97401 0
0.408843 0.975354 0
0.41019 0.979931 0
0.415785 0.976002 0
0.415665 0.976298 0
0.418195 0.976099 0
0.418593 0.98227 0
0.418554 0.989425 0
0.42116 0.992824 0
0.42194 0.990848 0
0.421158 0.993721 0
0.421597 0.992763 0
0.420402 0.993616 0
0.420121 0.993258 0
0.42215 0.992646 0
0.420298 0.994591 0
0.420111 0.994158 0
0.420181 0.99165 0
0.420981 0.992388 0
0.421389 0.992427 0
0.422724 0.995306 0
0.425394 0.994324 0
0.426755 0.992402 0
0.427195 0.992924 0
0.425702 0.993418 0
0.422074 1 0
0.432512 0.994666 0
0.427261 0.992426 0
0.425979 0.993712 0
0.425702 0.99389 0
0.425734 0.992234 0
0.429798 0.987699 0
0.428089 0.987954 0
0.430316 0.981663 0
0.428282 0.982342 0
0.426877 0.985205 0
0.427249 0.985266 0
0.4256 0.984423 0
0.426045 0.983502 0
0.42706 0.980708 0
0.426598 0.983057 0
0.431092 0.979951 0
0.434438 0.974975 0
0.437158 0.974062 0
0.435846 0.979367 0
0.436552 0.985504 0
0.438987 0.986726 0
0.440686 0.988762 0
0.441342 0.987413 0
0.441659 0.984078 0
0.441244 0.981639 0
0.440346 0.975574 0
0.442008 0.971423 0
0.44075 0.975091 0
0.440647 0.975229 0
0.44083 0.973319 0
0.439644 0.974978 0
0.439436 0.971484 0
0.438464 0.969329 0
0.436987 0.969573 0
0.436366 0.967469 0
0.43478 0.965349 0
0.433258 0.966389 0
0.433127 0.963029 0
0.433326 0.960834 0
0.43511 0.958743 0
0.43387 0.952873 0
0.430883 0.949135 0
0.42756 0.950258 0
0.427825 0.950878 0
0.426881 0.955148 0
0.426075 0.954747 0
0.425704 0.954533 0
0.424797 0.952472 0
0.423995 0.949004 0
0.42396 0.945864 0
0.422778 0.943551 0
0.422254 0.941489 0
0.42205 0.940648 0
0.421242 0.942188 0
0.419093 0.944815 0
0.418637 0.945882 0
0.418786 0.943397 0
0.416017 0.941526 0
0.418735 0.936864 0
0.419113 0.939284 0
0.417757 0.938252 0
0.416527 0.935381 0
0.415414 0.934608 0
0.415072 0.934222 0
0.416237 0.934076 0
0.41566 0.934633 0
0.413011 0.933884 0
0.411136 0.931364 0
0.411619 0.928443 0
0.412688 0.926069 0
0.413129 0.924807 0
0.412819 0.925899 0
0.411439 0.925362 0
0.41144 0.923239 0
0.411102 0.926432 0
0.410632 0.929299 0
0.411541 0.93136 0
0.412328 0.93029 0
0.411822 0.930525 0
0.411493 0.928155 0
0.416788 0.924166 0
0.422761 0.91818 0
0.426598 0.91253 0
0.423563 0.909728 0
0.418759 0.905773 0
0.411187 0.903507 0
0.408209 0.898319 0
0.401449 0.897867 0
0.40075 0.90267 0
0.395556 0.915276 0
0.390791 0.915795 0
0.390538 0.910004 0
0.389713 0.906007 0
0.389533 0.903207 0
0.38865 0.901333 0
0.389374 0.898977 0
0.385617 0.897204 0
0.38177 0.897587 0
0.376457 0.905577 0
0.378242 0.905489 0
0.381177 0.905006 0
0.384997 0.901945 0
0.38496 0.902157 0
0.382363 0.903853 0
0.37845 0.903023 0
0.37813 0.901549 0
0.379451 0.89929 0
0.382698 0.897147 0
0.382512 0.895508 0
0.379714 0.898351 0
0.382026 0.897326 0
0.381735 0.896878 0
0.381725 0.896877 0
0.384013 0.896707 0
0.385054 0.895012 0
0.385413 0.896178 0
0.385578 0.896798 0
0.386055 0.897675 0
0.384425 0.894209 0
0.384061 0.893638 0
0.384052 0.895174 0
0.379959 0.897037 0
0.380576 0.89389 0
0.383474 0.890151 0
0.385835 0.890847 0
0.389716 0.88732 0
0.390563 0.89117 0
0.389509 0.887418 0
0.393357 0.883001 0
0.39368 0.882723 0
0.393854 0.884898 0
0.396368 0.888295 0
0.395466 0.891195 0
0.390335 0.89881 0
0.380812 0.896612 0
0.392836 0.896757 0
0.392626 0.892251 0
0.389451 0.892412 0
0.387623 0.894879 0
0.387225 0.89415 0
0.385914 0.893356 0
0.383694 0.89698 0
0.379904 0.903406 0
0.373908 0.911815 0
0.372676 0.908906 0
0.373624 0.904188 0
0.383296 0.888895 0
0.386221 0.886349 0
0.389099 0.884056 0
0.389529 0.881156 0
0.389592 0.876026 0
0.390712 0.869461 0
0.391173 0.866598 0
0.393773 0.862252 0
0.401754 0.847703 0
0.398911 0.852482 0
0.403079 0.847841 0
0.407161 0.844635 0
0.406909 0.840152 0
0.406549 0.837538 0
0.408971 0.831107 0
0.40595 0.825137 0
0.402311 0.822379 0
0.405313 0.816305 0
0.404945 0.813175 0
0.41006 0.808161 0
0.414292 0.799806 0
0.417593 0.786659 0
0.370024 0.758324 0
0.388474 0.769995 0
0.404522 0.783418 0
0.414864 0.788593 0
0.40765 0.777275 0
0.409182 0.772797 0
0.414872 0.769537 0
0.424002 0.770185 0
0.441076 0.780219 0
0.446035 0.777426 0
0.450867 0.76811 0
0.453156 0.765154 0
0.464182 0.762576 0
0.474775 0.756367 0
0.476096 0.748613 0
0.47094 0.734367 0
0.482677 0.726535 0
0.449462 0.719852 0
0.154732 0.414166 0
0.111981 0.310775 0
0.0212232 0.219104 0
0.0194031 0.207024 0
0.0182151 0.205969 0
0.0114821 0.202923 0
0.0101568 0.202129 0
0.00802633 0.200936 0
0.00993682 0.202147 0
0.00873832 0.200888 0
0.0143576 0.202026 0
0.0183791 0.200903 0
0.0170272 0.200845 0
0.0180576 0.200726 0
0.0186981 0.199743 0
0.0164863 0.200314 0
0.0232818 0.19922 0
0.0221442 0.198318 0
0.0201654 0.198858 0
0.0282789 0.196102 0
0.0221399 0.198017 0
0.0228206 0.197586 0
0.02238 0.197139 0
0.0252437 0.196163 0
0.027988 0.196735 0
0.0349654 0.19372 0
0.040212 0.192309 0
0.0407404 0.190782 0
0.0410869 0.191058 0
0.0403806 0.188627 0
0.0570705 0.195409 0
0.0716696 0.202336 0
0.0734089 0.201479 0
0.0784086 0.202029 0
0.096593 0.200648 0
0.128821 0.224777 0
0.157056 0.256239 0
0.149225 0.254085 0
0.146461 0.248168 0
0.160143 0.252681 0
0.18304 0.263125 0
0.199085 0.259524 0
0.207162 0.248039 0
0.207347 0.220579 0
0.234317 0.231247 0
0.262474 0.24976 0
0.281645 0.254253 0
0.296211 0.249854 0
0.317856 0.247843 0
0.318087 0.212624 0
0.340388 0.215372 0
0.356799 0.219515 0
0.362883 0.233029 0
0.378251 0.238232 0
0.38703 0.223875 0
0.387237 0.189462 0
0.390597 0.172313 0
0.405462 0.18513 0
0.432472 0.213278 0
0.445985 0.219173 0
0.447563 0.195218 0
0.447715 0.146121 0
0.452361 0.139682 0
0.474475 0.134139 0
0.480548 0.123177 0
0.493473 0.104669 0
0.520496 0.0814654 0
0.686752 0.0779936 0
0.743114 0.154067 0
0.764761 0.144294 0
0.76735 0.146631 0
0.76378 0.146015 0
0.759349 0.147522 0
0.755216 0.150198 0
0.752844 0.151983 0
0.751276 0.152148 0
0.747739 0.154899 0
0.746129 0.154489 0
0.745196 0.155642 0
0.744174 0.156649 0
0.742309 0.158375 0
0.741242 0.158458 0
0.74088 0.158057 0
0.740419 0.157531 0
0.740237 0.15871 0
0.740007 0.161556 0
0.742081 0.159768 0
0.74011 0.165211 0
0.739784 0.163833 0
0.738716 0.166798 0
0.737944 0.166093 0
0.738428 0.166814 0
0.739222 0.166971 0
0.740592 0.163927 0
0.739016 0.162289 0
0.738616 0.1597 0
0.739647 0.161626 0
0.741048 0.164524 0
0.740604 0.164907 0
0.7402 0.163173 0
0.74095 0.163046 0
0.740896 0.164755 0
0.741695 0.163428 0
0.742231 0.166122 0
0.745759 0.158454 0
0.746504 0.158768 0
0.745767 0.162516 0
0.74806 0.160788 0
0.634646 0.0340402 0
0.588037 0.0108359 0
0.564315 0.00740576 0
0.537235 0.0178411 0
0.531163 0.0065009 0
0.517693 0.00290221 0
0.505475 0.00396928 0
0.485981 0.00862531 0
0.477052 0.00133633 0
0.457773 0 0
0.448442 0.0155109 0
0.442649 0.0252045 0
0.436459 0.0598364 0
0.432603 0.0687974 0
0.447723 0.148945 0
0.452051 0.212621 0
0.484206 0.303293 0
0.684418 0.386126 0
0.555231 0.380923 0
0.543229 0.392132 0
0.519394 0.403275 0
0.519559 0.422643 0
0.494259 0.440473 0
0.720403 0.331252 0
0.772306 0.216243 0
0.76357 0.209203 0
0.764187 0.207653 0
0.764108 0.205372 0
0.763162 0.199524 0
0.763697 0.203301 0
0.76345 0.200806 0
0.76478 0.199309 0
0.766312 0.19849 0
0.765524 0.200339 0
0.766847 0.204524 0
0.737198 0.201427 0
0.742024 0.200821 0
0.738009 0.201049 1
0.742494 0.201049 1
0.765016 0.201049 0
0.769508 0.201049 0
0.769817 0.200916 0
0.770038 0.201049 1
0.772752 0.201049 1
0.775326 0.201049 1
0.777285 0.201049 1
0.78032 0.201049 1
0.783579 0.201049 1
0.786848 0.201049 1
0.789421 0.201049 1
0.792752 0.201049 1
0.79572 0.201049 1
0.798973 0.201049 1
0.803736 0.201049 1
0.805388 0.201049 1
0.81173 0.201049 1
0.815341 0.201049 1
0.818819 0.201049 1
0.82245 0.201049 1
0.826189 0.201049 1
0.829855 0.201049 1
0.833176 0.201049 1
0.836613 0.201049 1
0.839201 0.201049 1
0.84224 0.201049 1
0.84425 0.201049 1
0.84665 0.201049 1
0.848417 0.201049 1
0.850324 0.201049 1
0.85192 0.201049 1
0.853548 0.201049 1
0.855298 0.201049 1
0.858054 0.201049 1
0.860503 0.201049 1
0.862461 0.201049 1
0.860485 0.200622 0
0.857908 0.201401 0
0.857944 0.200994 0
0.855141 0.200875 0
0.858314 0.200601 0
0.857903 0.201783 0
0.844668 0.201266 0
0.859052 0.198478 0
0.838728 0.204802 0
0.836423 0.200665 0
0.836645 0.200766 0
0.839549 0.201445 0
0.839464 0.201049 0
0.836298 0.20088 0
0.836826 0.201144 0
0.836371 0.201039 0
0.836729 0.201213 0
0.839302 0.201108 0
0.839796 0.201431 0
0.837103 0.201626 0
0.837098 0.200492 0
0.836744 0.202114 0
0.836795 0.202057 0
0.837072 0.201852 0
0.836982 0.20179 0
0.837074 0.200151 0
0.836878 0.20224 0
0.836719 0.20236 0
0.837199 0.202132 0
0.835919 0.199817 0
0.837008 0.202551 0
0.837051 0.202434 0
0.836899 0.202617 0
0.836958 0.202578 0
0.837027 0.2025 0
0.836946 0.202551 0
0.83706 0.202433 0
0.836836 0.202665 0
0.836686 0.202669 0
0.837463 0.200853 0
0.836488 0.202668 0
0.837035 0.202526 0
0.837378 0.201759 0
0.837197 0.202372 0
0.836863 0.202667 0
0.836704 0.202534 0
0.837478 0.200681 0
0.836727 0.202774 0
0.837087 0.202132 0
0.837147 0.201972 0
0.836959 0.201111 0
0.837241 0.201543 0
0.836782 0.202546 0
0.837477 0.202445 0
0.857303 0.203086 0
0.858126 0.202718 0
0.858704 0.201374 0
0.858482 0.199941 0
0.858402 0.202069 0
0.858275 0.202427 0
0.858046 0.202826 0
0.862082 0.200737 0
0.861195 0.202629 0
0.862453 0.202103 0
0.862771 0.201935 0
0.862847 0.201912 0
0.862533 0.202495 0
0.861999 0.204014 0
0.863131 0.202033 0
0.862908 0.20298 0
0.863253 0.201681 0
0.863393 0.202115 0
0.863533 0.20217 0
0.863825 0.202741 0
0.864257 0.203113 0
0.864602 0.202994 0
0.865714 0.204496 0
0.865814 0.203495 0
0.865168 0.201767 0
0.863358 0.201049 1
0.8614 0.201049 1
0.859438 0.201049 1
0.855631 0.201045 0
0.855734 0.201049 1
0.853988 0.201049 1
0.852418 0.201049 1
0.851075 0.201049 1
0.849534 0.201049 1
0.847998 0.201049 1
0.846569 0.201049 1
0.845929 0.201046 0
0.84355 0.201049 1
0.841993 0.201049 1
0.842009 0.201044 0
0.839038 0.201049 1
0.838197 0.201045 0
0.834579 0.201044 0
0.833628 0.201049 1
0.831597 0.201049 1
0.829631 0.201049 1
0.829609 0.201034 0
0.825758 0.201049 1
0.823737 0.201049 1
0.822205 0.201048 1
0.821354 0.200973 0
0.818586 0.201048 1
0.81853 0.200996 0
0.815187 0.201048 1
0.814369 0.200939 0
0.811729 0.201048 1
0.809964 0.201048 0
0.808164 0.201048 0
0.806196 0.201048 1
0.804101 0.201048 1
0.800189 0.20103 0
0.800179 0.201048 1
0.797969 0.201048 1
0.795585 0.201048 1
0.793289 0.201048 1
0.790548 0.201048 1
0.787925 0.201048 1
0.785354 0.201048 1
0.782641 0.201048 1
0.779826 0.201048 1
0.777049 0.201048 1
0.774409 0.201048 1
0.771559 0.201048 1
0.774397 0.201014 0
0.743607 0.200561 0
0.743103 0.201092 0
0.742996 0.201042 0
0.74296 0.201047 0
0.742955 0.201049 0
0.742952 0.201048 0
0.742952 0.201048 0
0.742952 0.201048 0
0.742952 0.201048 0
0.742952 0.201048 0
0.742952 0.201048 1
0.738417 0.201039 0
0.738102 0.201048 0
0.738036 0.201048 1
0.735741 0.201048 1
0.722825 0.2027 0
0.708789 0.20626 0
0.690592 0.213648 0
0.671233 0.223861 0
0.650729 0.237667 0
0.647853 0.249116 0
0.640037 0.262503 0
0.641214 0.275367 0
0.634106 0.285508 0
0.641974 0.297525 0
0.6381 0.31006 0
0.661845 0.33191 0
0.70957 0.339168 0
0.740787 0.344369 0
0.756004 0.337086 0
0.757886 0.330434 0
0.759119 0.331347 0
0.75642 0.333803 0
0.757599 0.332035 0
0.754553 0.330398 0
0.753408 0.330713 0
0.747638 0.334318 0
0.71936 0.35348 0
0.690447 0.374508 0
0.56487 0.359842 0
0.616722 0.381657 0
0.612132 0.386164 0
0.59671 0.381146 0
0.592227 0.381327 0
0.575397 0.374288 0
0.550338 0.363492 0
0.561141 0.369795 0
0.552263 0.365426 0
0.542255 0.356866 0
0.526854 0.342019 0
0.503069 0.32085 0
0.500561 0.317131 0
0.504326 0.315418 0
0.49358 0.29829 0
0.492084 0.292829 0
0.491035 0.288646 0
0.492807 0.287026 0
0.496232 0.289356 0
0.51277 0.30631 0
0.507529 0.303281 0
0.499893 0.296064 0
0.504278 0.302305 0
0.503301 0.301806 0
0.490204 0.289038 0
0.487598 0.286956 0
0.485839 0.288923 0
0.488797 0.295765 0
0.482903 0.289904 0
0.476676 0.284588 0
0.466248 0.270634 0
0.469179 0.27658 0
0.46168 0.267362 0
0.456041 0.258025 0
0.457811 0.260133 0
0.453354 0.25663 0
0.453335 0.260423 0
0.442625 0.239867 0
0.437099 0.222475 0
0.43211 0.215305 0
0.440276 0.240537 0
0.436568 0.232394 0
0.434523 0.22992 0
0.432604 0.226807 0
0.455969 0.27734 0
0.441267 0.252834 0
0.446712 0.26584 0
0.431927 0.236635 0
0.427161 0.22836 0
0.423678 0.225029 0
0.429866 0.241805 0
0.416639 0.22129 0
0.411789 0.210686 0
0.410932 0.223676 0
0.408341 0.224365 0
0.397831 0.214946 0
0.411315 0.238698 0
0.41637 0.264951 0
0.656883 0.549645 0
0.245621 0.272154 0
0.636873 0.50476 0
0.666081 0.510538 0
0.452104 0.298085 0
0.691367 0.520689 0
0.632105 0.584334 0
0.406809 0.171663 0
0.397864 0.131045 0
0.391073 0.13977 0
0.39086 0.147231 0
0.368039 0.103213 0
0.355614 0.0802718 0
0.348001 0.0853702 0
0.351345 0.10165 0
0.342 0.131321 0
0.335084 0.164424 0
0.153581 0.270756 0
0.167034 0.260801 0
0.163496 0.262201 0
0.149334 0.265476 0
0.13509 0.243337 0
0.123869 0.230023 0
0.111688 0.236049 0
0.110213 0.235494 0
0.106139 0.235721 0
0.107061 0.237602 0
0.106475 0.238631 0
0.104808 0.237205 0
0.105049 0.240674 0
0.110814 0.24852 0
0.107152 0.243864 0
0.1063 0.241171 0
0.0999749 0.238071 0
0.0990314 0.239236 0
0.0985878 0.23941 0
0.097008 0.24001 0
0.0967296 0.240741 0
0.0942547 0.238733 0
0.0919886 0.238017 0
0.0878718 0.236891 0
0.084277 0.234396 0
0.083879 0.235462 0
0.0783777 0.233514 0
0.0737077 0.229582 0
0.0700214 0.226716 0
0.0699259 0.226295 0
0.0688021 0.223548 0
0.0613913 0.216793 0
0.05995 0.218073 0
0.0880044 0.253503 0
0.138505 0.266279 0
0.107179 0.258233 0
0.115745 0.266185 0
0.11487 0.265353 0
0.112901 0.259023 0
0.140607 0.270958 0
0.118036 0.266792 0
0.11755 0.262172 0
0.11632 0.261438 0
0.115052 0.260912 0
0.116985 0.263213 0
0.115532 0.259758 0
0.139278 0.304436 0
0.197546 0.379634 0
0.176911 0.36875 0
0.172883 0.360441 0
0.172127 0.3564 0
0.163685 0.335103 0
0.160473 0.32904 0
0.149461 0.318491 0
0.143343 0.308901 0
0.131736 0.291992 0
0.136685 0.296856 0
0.136703 0.286884 0
0.140427 0.28937 0
0.13723 0.285815 0
0.140602 0.287783 0
0.139549 0.289264 0
0.136792 0.285926 0
0.131319 0.280681 0
0.126316 0.281793 0
0.115991 0.276622 0
0.114039 0.273384 0
0.116052 0.265721 0
0.115945 0.290136 0
0.109013 0.26532 0
0.112579 0.27399 0
0.110422 0.276658 0
0.112123 0.282882 0
0.103991 0.272724 0
0.109468 0.279006 0
0.10636 0.276301 0
0.10229 0.273458 0
0.100898 0.274576 0
0.100679 0.275321 0
0.106857 0.283054 0
0.103125 0.273953 0
0.10061 0.267621 0
0.0944701 0.265378 0
0.0943021 0.257266 0
0.0878353 0.262668 0
0.0801325 0.25741 0
0.082122 0.262581 0
0.0785458 0.259446 0
0.080563 0.264196 0
0.0893575 0.281013 0
0.0963507 0.290902 0
0.106286 0.299397 0
0.104693 0.292254 0
0.112097 0.305427 0
0.110069 0.313091 0
0.0976791 0.302105 0
0.108084 0.325582 0
0.112033 0.328358 0
0.112892 0.326704 0
0.105489 0.314016 0
0.0916597 0.303454 0
0.074012 0.277497 0
0.0575243 0.248803 0
0.0500721 0.234829 0
0.0536815 0.238239 0
0.0562211 0.237084 0
0.0567468 0.238838 0
0.0578571 0.237233 0
0.0515537 0.231981 0
0.0502345 0.230009 0
0.0462342 0.229005 0
0.0462529 0.232701 0
0.0475477 0.236082 0
0.0428499 0.231896 0
0.0486132 0.239257 0
0.040275 0.230438 0
0.0397442 0.236036 0
0.0319526 0.229501 0
0.0269473 0.227792 0
0.0274721 0.231941 0
0.0238756 0.229095 0
0.0231707 0.225765 0
0.0242107 0.229117 0
0.0258582 0.232199 0
0.0187525 0.230312 0
0.0208585 0.226517 0
0.0197461 0.225128 0
0.0189397 0.225015 0
0.0184141 0.223482 0
0.0190344 0.224343 0
0.0154901 0.221699 0
0.0101205 0.221458 0
0.00483314 0.214724 0
0.00805556 0.210822 0
0 0.196578 0
0.0105846 0.20715 0
0.0125139 0.202942 0
0.00767309 0.201048 1
