0.856851 0.551516 1
0.856 0.572559 0
0.848745 0.57763 0
0.846841 0.597668 0
0.842424 0.611679 0
0.832142 0.62139 0
0.824737 0.626941 0
0.815271 0.6527 0
0.799695 0.667431 0
0.784395 0.668507 0
0.77324 0.679722 0
0.772902 0.707195 0
0.756856 0.719908 0
0.734275 0.729978 0
0.721663 0.750592 0
0.706594 0.77109 0
0.687125 0.787439 0
0.664019 0.791202 0
0.622389 0.805672 0
0.586989 0.817496 0
0.561777 0.81473 0
0.5591 0.817494 0
0.54622 0.811695 1
0.543162 0.843737 0
0.512043 0.859014 0
0.490392 0.863016 0
0.464948 0.854348 0
0.446505 0.851356 1
0.443613 0.852375 0
0.439637 0.856347 0
0.437116 0.862503 0
0.434277 0.867766 0
0.429346 0.870705 0
0.420346 0.873226 0
0.412466 0.875434 0
0.393012 0.875321 0
0.377411 0.869969 0
0.361231 0.863692 0
0.349549 0.852198 0
0.342029 0.840683 1
0.333497 0.847515 0
0.316205 0.846816 0
0.262447 0.845257 0
0.240583 0.804629 0
0.255001 0.784697 1
0.234472 0.768055 1
0.173589 0.787801 0
0.109555 0.725617 0
0.0968033 0.707219 0
0.0850144 0.681391 0
0.0764407 0.664492 0
0.0790861 0.635789 0
0.0666661 0.610186 0
0.0513214 0.59595 0
0.0505412 0.567247 0
0.0527632 0.555089 0
0.0481537 0.531149 0
0.0456689 0.504965 0
0.0480642 0.489214 1
0.0420221 0.465472 0
0.0334862 0.452473 0
0.028275 0.427826 0
0.0275344 0.405256 0
0.0285302 0.38611 0
0.0282716 0.370634 0
0.0367025 0.349253 0
0.0427089 0.324658 0
0.0543293 0.313509 0
0.0511058 0.293002 0
0.0582941 0.277102 0
0.0659441 0.251407 0
0.0683748 0.226286 0
0.0772436 0.209266 0
0.0920156 0.190612 0
0.104751 0.175289 0
0.115446 0.155277 0
0.139785 0.143236 0
0.158991 0.14119 0
0.177194 0.123128 1
0.193006 0.11227 0
0.200224 0.102028 0
0.236346 0.102701 0
0.266719 0.106788 0
0.298271 0.111801 0
0.327983 0.126546 0
0.352174 0.124969 0
0.357256 0.0970257 0
0.372173 0.083917 0
0.381671 0.0704248 0
0.408107 0.069113 0
0.424657 0.0664515 0
0.442543 0.0548241 0
0.456731 0.0426956 1
0.472147 0.0415381 0
0.48137 0.0389445 0
0.493448 0.0470583 0
0.50121 0.0473015 0
0.51108 0.0562972 0
0.532691 0.0628028 0
0.545274 0.0448597 1
0.555825 0.0464686 0
0.586997 0.0493047 0
0.606464 0.0395828 0
0.626045 0.032012 0
0.658429 0.0268391 0
0.687813 0.0243609 0
0.705083 0.0255974 0
0.731079 0.0346833 0
0.744034 0.0419381 0
0.762796 0.0474484 0
0.781649 0.0635793 0
0.780646 0.100995 0
0.793383 0.129494 0
0.819638 0.128467 0
0.824482 0.172608 1
0.841485 0.178402 0
0.873644 0.195794 0
0.896778 0.216975 0
0.922328 0.227652 0
0.953747 0.245213 0
0.973798 0.267351 0
0.97186 0.287189 0
0.983491 0.301931 0
0.987155 0.313558 0
1 0.333991 0
0.988633 0.345284 0
0.99418 0.358449 0
0.98864 0.373053 0
0.960802 0.397264 0
0.942656 0.408695 0
0.937054 0.426663 0
0.933153 0.443398 0
0.917902 0.455693 0
0.902436 0.467104 0
0.886414 0.485381 0
0.878905 0.500449 0
0.855958 0.511627 0
0.84078 0.528606 0
0.823191 0.549389 0
0.821061 0.560212 0
0.815293 0.58116 0
0.814156 0.610574 0
0.808655 0.626945 0
0.802747 0.638726 0
0.790207 0.661303 0
0.78515 0.685376 0
0.766256 0.690769 0
0.748437 0.708135 0
0.73397 0.719672 0
0.719257 0.73162 0
0.704599 0.741764 0
0.67964 0.742678 0
0.663815 0.755255 0
0.646021 0.767972 0
0.625999 0.78016 0
0.597757 0.782254 1
0.598735 0.782605 0
0.541232 0.800437 0
0.519271 0.819741 0
0.483374 0.824913 0
0.466968 0.821172 0
0.462179 0.819242 0
0.456078 0.822096 0
0.447613 0.822158 0
0.441486 0.82302 0
0.43343 0.827055 0
0.431949 0.827533 0
0.430545 0.825596 0
0.42457 0.828841 1
0.415733 0.817023 0
0.407681 0.810675 0
0.398515 0.806397 0
0.382389 0.794828 0
0.366365 0.787725 0
0.344956 0.790479 0
0.315124 0.795888 0
0.307881 0.799464 0
0.296983 0.801045 1
0.279647 0.782175 0
0.256502 0.781967 1
0.260749 0.769563 0
0.231111 0.766506 1
0.213141 0.751849 0
0.196158 0.73621 0
0.183735 0.704731 0
0.163308 0.68547 0
0.144499 0.669274 0
0.130855 0.650519 0
0.104766 0.630084 0
0.0915541 0.608284 0
0.0796678 0.586906 0
0.070407 0.563783 0
0.0692211 0.552014 0
0.0640449 0.521402 0
0.0708382 0.502608 0
0.0662901 0.503439 0
0.0546247 0.467248 0
0.0366982 0.443787 0
0.0149351 0.408604 0
0.00943067 0.384882 0
0.00861534 0.374512 0
0 0.359248 0
0.00294443 0.342524 0
0.0133811 0.332938 0
0.0159737 0.316597 0
0.0332404 0.31031 0
0.0054857 0.26991 0
0.0149783 0.244001 0
0.0159499 0.220528 0
0.030764 0.211912 0
0.0599867 0.192421 0
0.095562 0.192125 0
0.106687 0.176535 0
0.0997064 0.153115 0
0.14011 0.15196 0
0.206752 0.151787 0
0.229689 0.141402 0
0.255256 0.146165 0
0.294246 0.14109 0
0.322899 0.143083 0
0.330729 0.120977 0
0.342809 0.114006 0
0.358801 0.109535 0
0.363406 0.0628788 0
0.362273 0.0549608 0
0.373959 0.0386639 0
0.380167 0.0216356 0
0.464234 0 0
0.506164 0.0429608 0
0.513128 0.0322351 0
0.520382 0.0311083 0
0.529036 0.0314856 0
0.537897 0.034197 0
0.544292 0.0426913 1
0.543935 0.0420099 0
0.546331 0.0401317 0
0.551639 0.0328285 0
0.564252 0.0252847 0
0.589142 0.0279197 0
0.611433 0.0299983 0
0.633409 0.0456958 0
0.644987 0.0364094 0
0.684357 0.0469484 0
0.699442 0.0445444 0
0.741669 0.0610283 0
0.768329 0.0861712 0
0.794894 0.0953354 0
0.817423 0.109412 0
0.826809 0.134265 0
0.831731 0.146581 0
0.828145 0.158695 0
0.826567 0.169371 1
0.82715 0.166242 0
0.889109 0.182993 0
0.943474 0.227216 0
0.952287 0.238887 0
0.940262 0.252088 0
0.937513 0.269885 0
0.96666 0.287365 0
0.974961 0.317032 0
0.961464 0.335335 0
0.956418 0.3549 0
0.962655 0.374761 0
0.955604 0.388852 0
0.938596 0.399352 0
0.924961 0.419195 0
0.91025 0.43918 0
0.904908 0.457736 0
0.896489 0.476335 0
0.885237 0.494416 0
0.872611 0.505056 0
0.874229 0.527653 0
0.842 0.536372 0
0.833062 0.549774 0
0.826587 0.564366 0
0.842042 0.586712 0
0.82413 0.585737 0
0.822499 0.614342 0
0.808775 0.615509 0
0.797567 0.63333 0
0.801017 0.661492 0
0.755113 0.658154 0
0.752704 0.669158 0
0.741226 0.690161 0
0.713609 0.682752 0
0.707934 0.718054 0
0.690772 0.711735 0
0.6647 0.727716 0
0.634005 0.713345 0
0.629081 0.741454 0
0.608676 0.760534 0
0.601634 0.767381 0
0.594498 0.778838 1
0.581386 0.775361 0
0.54201 0.784619 0
0.529019 0.801017 0
0.520127 0.812183 0
0.519351 0.809114 1
