0.0330721 4.19105e-15 1
0.0330721 2.27474e-14 0
0.0330721 1.2559e-14 0
0.0330721 2.50856e-15 0
0.0330721 2.68543e-15 0
0.0330721 2.21775e-15 0
0.0330721 1.96507e-15 0
0.0330721 1.58703e-15 0
0.0330721 1.0909e-15 0
0.0330721 6.31224e-16 0
0.0330721 4.4351e-17 0
0.0330721 3.86152e-17 0
0.0330721 5.31611e-17 0
0.0330721 0 0
0.0330721 6.88397e-17 0
0.0330721 8.40078e-17 1
0.0330721 6.25684e-17 0
0.0330721 7.89123e-17 0
0.0330721 7.1701e-17 0
0.0330721 7.41233e-17 0
0.0330721 5.33913e-17 0
0.0330721 3.92964e-17 0
0.0330721 1.63346e-17 0
0.0330721 4.57375e-16 0
0.00955527 0.469363 0
0.00955527 0.522583 0
0.00955527 0.564869 0
0.00955527 0.58345 0
0.00955527 0.588296 0
0.00955527 0.601846 0
0.00955527 0.625965 1
0.00955527 0.625965 0
0.00955527 0.625965 0
0.00955527 0.625965 0
0.00955527 0.625965 0
0.00955527 0.625965 0
0.00955527 0.625965 0
0.00955527 0.625965 0
0.00955527 0.625965 0
0.00955527 0.625965 0
0.00955527 0.625965 0
0.00955527 0.625965 0
0.00955527 0.625965 0
0.00955527 0.625965 0
0.00955527 0.625965 0
0.00955527 0.625965 1
0.00955527 0.913934 0
0 0.921622 0
0.00955527 0.952155 0
0.00955527 1 0
0.563415 0.333349 0
0.563415 0.333349 0
0.563415 0.333349 0
0.563415 0.333349 0
0.563415 0.333349 0
0.563415 0.333349 0
0.563415 0.333349 0
0.563415 0.333349 0
0.563415 0.333349 0
0.563415 0.333349 0
0.563415 0.333349 1
0.563415 0.333349 0
0.563415 0.333349 0
0.563415 0.333349 0
0.563415 0.333349 0
0.563415 0.333349 0
0.563415 0.333349 0
0.563415 0.333349 0
0.563415 0.333349 0
0.563415 0.333349 0
0.563415 0.333349 0
0.563415 0.333349 0
0.563415 0.333349 0
0.563415 0.333349 0
0.563415 0.333349 0
0.563415 0.333349 1
0.563415 0.333349 0
0.563415 0.333349 0
0.563415 0.333349 0
0.563415 0.333349 0
0.563415 0.333349 0
0.563415 0.333349 0
0.563415 0.333349 0
0.563415 0.333349 0
0.563415 0.333349 0
0.563415 0.333349 0
0.563415 0.333349 0
0.563415 0.333349 0
0.563415 0.333349 0
0.563415 0.333349 0
0.563415 0.333349 0
0.563415 0.333349 1
0.563415 0.333349 0
0.563415 0.333349 0
0.563415 0.333349 0
0.563415 0.333349 0
0.563415 0.333349 0
0.563415 0.333349 0
0.563415 0.333349 0
0.563415 0.333349 0
0.563415 0.333349 0
0.563415 0.333349 0
0.563415 0.333349 0
0.563415 0.333349 0
0.563415 0.333349 0
0.563415 0.333349 0
0.563415 0.333349 1
0.563415 0.333349 0
0.563415 0.333349 0
0.563415 0.333349 0
0.563415 0.333349 0
0.563415 0.333349 0
0.563415 0.333349 0
0.563415 0.333349 0
0.563415 0.333349 0
0.563415 0.333349 0
0.563415 0.333349 0
0.563415 0.333349 0
0.563415 0.333349 0
0.563415 0.333349 0
0.563415 0.333349 0
0.563415 0.333349 1
0.563415 0.333349 0
0.563415 0.333349 0
0.563415 0.333349 0
0.563415 0.333349 0
0.563415 0.333349 0
0.563415 0.333349 0
0.563415 0.333349 0
0.563415 0.333349 0
0.563415 0.333349 0
0.563415 0.333349 0
0.563415 0.333349 0
0.563415 0.333349 0
0.563415 0.333349 0
0.563415 0.333349 0
0.563415 0.333349 1
0.563415 0.333349 0
0.563415 0.333349 0
0.563415 0.333349 0
0.563415 0.333349 0
0.563415 0.333349 0
0.563415 0.333349 0
0.563415 0.333349 0
0.563415 0.333349 0
0.563415 0.333349 0
0.563415 0.333349 0
0.563415 0.333349 0
0.563415 0.333349 0
0.563415 0.333349 0
0.563415 0.333349 0
0.563415 0.333349 1
0.563415 0.333349 0
0.563415 0.333349 0
0.563415 0.333349 0
0.563415 0.333349 0
0.563415 0.333349 0
0.563415 0.333349 0
0.563415 0.333349 0
0.563415 0.333349 0
0.563415 0.333349 0
0.563415 0.333349 0
0.563415 0.333349 0
0.563415 0.333349 0
0.563415 0.333349 0
0.563415 0.333349 0
0.563415 0.333349 1
0.563415 0.333349 0
0.563415 0.333349 0
0.563415 0.333349 0
0.563415 0.333349 0
0.563415 0.333349 0
0.563415 0.333349 0
0.563415 0.333349 0
0.563415 0.333349 0
0.563415 0.333349 0
0.563415 0.333349 0
0.563415 0.333349 0
0.563415 0.333349 0
0.563415 0.333349 0
0.563415 0.333349 0
0.563415 0.333349 0
0.563415 0.333349 1
0.563415 0.333349 0
0.563415 0.333349 0
0.563415 0.333349 0
0.563415 0.333349 0
0.563415 0.333349 0
0.563415 0.333349 0
0.563415 0.333349 0
0.563415 0.333349 0
0.563415 0.333349 0
0.563415 0.333349 0
0.563415 0.333349 0
0.563415 0.333349 0
0.563415 0.333349 0
0.563415 0.333349 0
0.563415 0.333349 1
0.563415 0.333349 0
0.563415 0.333349 0
0.563415 0.333349 0
0.563415 0.333349 0
0.563415 0.333349 0
0.563415 0.333349 0
0.563415 0.333349 0
0.563415 0.333349 0
0.563415 0.333349 0
0.563415 0.333349 0
0.563415 0.333349 0
0.563415 0.333349 0
0.563415 0.333349 0
0.563415 0.333349 0
0.563415 0.333349 1
0.563415 0.333349 0
0.563415 0.333349 0
0.563415 0.333349 0
0.563415 0.333349 0
0.563415 0.333349 0
0.563415 0.333349 0
0.563415 0.333349 0
0.563415 0.333349 0
0.563415 0.333349 0
0.563415 0.333349 0
0.563415 0.333349 0
0.563415 0.333349 0
0.563415 0.333349 0
0.563415 0.333349 0
0.563415 0.333349 1
0.563415 0.333349 0
0.563415 0.333349 0
0.563415 0.333349 0
0.563415 0.333349 0
0.563415 0.333349 0
0.563415 0.333349 0
0.563415 0.333349 0
0.563415 0.333349 0
0.563415 0.333349 0
0.563415 0.333349 0
0.563415 0.333349 0
0.563415 0.333349 0
0.563415 0.333349 0
0.563415 0.333349 0
0.563415 0.333349 1
0.563415 0.333349 0
0.563415 0.333349 0
0.563415 0.333349 0
0.563415 0.333349 0
0.563415 0.333349 0
0.563415 0.333349 0
0.563415 0.333349 0
0.563415 0.333349 0
0.563415 0.333349 0
0.563415 0.333349 0
0.563415 0.333349 0
0.563415 0.333349 0
0.563415 0.333349 0
0.563415 0.333349 0
0.563415 0.333349 1
0.563415 0.333349 0
0.563415 0.333349 0
0.563415 0.333349 0
0.563415 0.333349 0
0.563415 0.333349 0
0.563415 0.333349 0
0.563415 0.333349 0
0.563415 0.333349 0
0.563415 0.333349 0
0.563415 0.333349 0
0.563415 0.333349 0
0.563415 0.333349 0
0.563415 0.333349 0
0.563415 0.333349 0
0.563415 0.333349 0
0.563415 0.333349 1
0.563415 0.333349 0
0.563415 0.333349 0
0.563415 0.333349 0
0.563415 0.333349 0
0.563415 0.333349 0
0.563415 0.333349 0
0.563415 0.333349 0
0.563415 0.333349 0
0.563415 0.333349 0
0.563415 0.333349 0
0.563415 0.333349 0
0.563415 0.333349 0
0.563415 0.333349 0
0.563415 0.333349 0
0.563415 0.333349 1
0.563415 0.333349 0
0.563415 0.333349 0
0.563415 0.333349 0
0.563415 0.333349 0
0.563415 0.333349 0
0.563415 0.333349 0
0.563415 0.333349 0
0.563415 0.333349 0
0.563415 0.333349 0
0.563415 0.333349 0
0.563415 0.333349 0
0.563415 0.333349 0
0.563415 0.333349 0
0.563415 0.333349 0
0.563415 0.333349 1
0.563415 0.333349 0
0.563415 0.333349 0
0.563415 0.333349 0
0.563415 0.333349 0
0.563415 0.333349 0
0.563415 0.333349 0
0.563415 0.333349 0
0.563415 0.333349 0
0.563415 0.333349 0
0.563415 0.333349 0
0.563415 0.333349 0
0.563415 0.333349 0
0.563415 0.333349 0
0.563415 0.333349 0
0.563415 0.333349 1
0.563415 0.333349 0
0.563415 0.333349 0
0.563415 0.333349 0
0.563415 0.333349 0
0.563415 0.333349 0
0.563415 0.333349 0
0.563415 0.333349 0
0.563415 0.333349 0
0.563415 0.333349 0
0.563415 0.333349 0
0.563415 0.333349 0
0.563415 0.333349 0
0.563415 0.333349 0
0.563415 0.333349 0
0.563415 0.333349 1
0.563415 0.333349 0
0.563415 0.333349 0
0.563415 0.333349 0
0.563415 0.333349 0
0.563415 0.333349 0
0.563415 0.333349 0
0.563415 0.333349 0
0.563415 0.333349 0
0.563415 0.333349 0
0.563415 0.333349 0
0.563415 0.333349 0
0.563415 0.333349 0
0.563415 0.333349 0
0.563415 0.333349 0
0.563415 0.333349 1
0.563415 0.333349 0
0.563415 0.333349 0
0.563415 0.333349 0
0.563415 0.333349 0
0.563415 0.333349 0
0.563415 0.333349 0
0.563415 0.333349 0
0.563415 0.333349 0
0.563415 0.333349 0
0.563415 0.333349 0
0.563415 0.333349 0
0.563415 0.333349 0
0.563415 0.333349 0
0.563415 0.333349 0
0.563415 0.333349 0
0.563415 0.333349 1
