1 0.3502 1
0.99308 0.352957 0
0.985533 0.352704 0
0.980861 0.347285 0
0.9744 0.33813 0
0.968363 0.340985 0
0.966194 0.333679 0
0.959495 0.342284 0
0.957321 0.336 0
0.956282 0.328764 0
0.933208 0.344225 0
0.92758 0.347234 0
0.924074 0.343446 0
0.916295 0.343363 0
0.910342 0.348901 0
0.902735 0.351482 1
0.898336 0.352536 0
0.896087 0.350941 0
0.893528 0.353497 0
0.88661 0.353614 0
0.882822 0.354295 0
0.872876 0.357479 0
0.868849 0.360189 0
0.860563 0.361389 0
0.854844 0.366018 0
0.851315 0.36801 0
0.838237 0.370506 0
0.836089 0.377926 0
0.829384 0.376951 0
0.823847 0.382307 0
0.811239 0.385808 1
0.805665 0.385163 0
0.796522 0.379833 0
0.791639 0.38009 0
0.779926 0.38304 0
0.774559 0.386335 0
0.762284 0.3824 0
0.755629 0.384611 0
0.739442 0.382756 0
0.724295 0.386931 0
0.717913 0.393618 0
0.699625 0.393707 0
0.69315 0.399898 0
0.693114 0.411554 0
0.669996 0.398169 0
0.659777 0.405172 1
0.649844 0.410226 0
0.648204 0.417945 0
0.645006 0.425889 0
0.637441 0.429317 0
0.635687 0.433445 0
0.638604 0.449695 0
0.63715 0.460492 0
0.633101 0.474406 0
0.626379 0.476693 0
0.624806 0.488322 0
0.623924 0.494113 0
0.622008 0.50126 0
0.614785 0.504281 0
0.609388 0.507983 0
0.606369 0.511182 1
0.60665 0.519075 0
0.601071 0.525325 0
0.6025 0.531973 0
0.607304 0.543704 0
0.602085 0.550446 0
0.600348 0.556254 0
0.604938 0.563031 0
0.597388 0.587472 0
0.605409 0.596855 0
0.612034 0.612848 0
0.616682 0.629247 0
0.62349 0.647306 0
0.616139 0.653857 0
0.62042 0.67378 0
0.617884 0.688947 1
0.615711 0.699053 0
0.617373 0.717632 0
0.617097 0.736421 0
0.606479 0.741572 0
0.600134 0.783839 0
0.593865 0.787511 0
0.583369 0.789254 0
0.577973 0.810812 0
0.575787 0.817136 0
0.570924 0.82718 0
0.570691 0.833638 0
0.566201 0.839535 0
0.563315 0.841165 0
0.561625 0.841579 0
0.560955 0.84706 0
0.546853 0.852717 1
0.53728 0.855191 0
0.530682 0.869473 0
0.511762 0.865022 0
0.507122 0.880098 0
0.486297 0.897727 0
0.473998 0.904831 0
0.445699 0.895383 0
0.434458 0.896089 0
0.40895 0.886968 0
0.391173 0.875613 0
0.361878 0.832736 0
0.349246 0.825388 0
0.331001 0.811303 0
0.315577 0.805183 0
0.304052 0.802506 1
0.289809 0.815965 0
0.272242 0.825748 0
0.25171 0.83976 0
0.229621 0.84735 0
0.221031 0.841359 0
0.212955 0.838077 0
0.211797 0.826972 0
0.206559 0.819905 0
0.184642 0.816042 0
0.177631 0.807203 0
0.16016 0.808135 0
0.152848 0.80822 0
0.139445 0.808434 0
0.128395 0.807344 0
0.13101 0.790291 1
0.129837 0.786705 0
0.127431 0.783471 0
0.128363 0.778204 0
0.132637 0.771886 0
0.134886 0.765805 0
0.163064 0.71865 0
0.176612 0.708633 0
0.178184 0.701123 0
0.180067 0.693373 0
0.179695 0.689933 0
0.183729 0.683997 0
0.178489 0.680701 0
0.179476 0.675907 0
0.182047 0.674382 0
0.184211 0.67234 1
0.184235 0.672254 0
0.18403 0.671587 0
0.183515 0.670479 0
0.185719 0.667123 0
0.194338 0.65976 0
0.245642 0.543352 0
0.250389 0.52245 0
0.249125 0.513041 0
0.257464 0.50696 0
0.261749 0.499461 0
0.263896 0.493477 0
0.26127 0.487356 0
0.261209 0.484551 0
0.261193 0.482916 0
0.261573 0.482643 1
0.266277 0.482018 0
0.273571 0.479114 0
0.277503 0.479181 0
0.281817 0.476952 0
0.285895 0.471909 0
0.292855 0.470996 0
0.30267 0.470724 0
0.312126 0.469705 0
0.320424 0.466297 0
0.332879 0.463949 0
0.34304 0.464475 0
0.354185 0.462479 0
0.364112 0.454258 0
0.368136 0.450865 0
0.380171 0.45058 0
0.388811 0.450535 1
0.391847 0.449806 0
0.39447 0.448056 0
0.39706 0.447685 0
0.400298 0.447072 0
0.402977 0.447647 0
0.408259 0.447435 0
0.411618 0.447122 0
0.411755 0.44371 0
0.534612 0.46248 0
0.514104 0.468013 0
0.508404 0.473969 0
0.506606 0.474807 0
0.506337 0.474819 0
0.506154 0.474942 0
0.50616 0.474958 1
0.507186 0.479872 0
0.505832 0.482055 0
0.506225 0.485777 0
0.506017 0.488454 0
0.506119 0.494216 0
0.505092 0.498376 0
0.485804 0.484819 0
0.483504 0.483803 0
0.480846 0.48356 0
0.478841 0.484332 0
0.476484 0.484578 0
0.474124 0.48589 0
0.471669 0.4845 0
0.469935 0.486709 0
0.466744 0.485634 1
0.466746 0.48563 0
0.466681 0.485686 0
0.466507 0.485969 0
0.466155 0.486802 0
0.464115 0.493935 0
0.455678 0.595506 0
0.43544 0.595614 0
0.42515 0.609236 0
0.412669 0.608534 0
0.411098 0.617483 0
0.405158 0.620927 0
0.402042 0.625191 0
0.395625 0.624797 0
0.390244 0.623623 0
0.383745 0.624135 1
0.383703 0.625702 0
0.385776 0.633278 0
0.384342 0.641914 0
0.378256 0.653683 0
0.377226 0.662161 0
0.374136 0.667871 0
0.372912 0.67615 0
0.366953 0.684958 0
0.357552 0.69265 0
0.344102 0.704147 0
0.333587 0.71734 0
0.318517 0.723645 0
0.284899 0.744707 0
0.280929 0.740407 0
0.272935 0.748215 1
0.269473 0.748387 0
0.265747 0.75027 0
0.258992 0.753761 0
0.255493 0.753873 0
0.247482 0.758162 0
0.241025 0.760108 0
0.234721 0.760783 0
0.225693 0.756607 0
0.224782 0.748491 0
0.142336 0.750327 0
0.127479 0.725165 0
0.121901 0.722065 0
0.120692 0.71765 0
0.120311 0.712199 0
0.121046 0.709986 0
0.121057 0.70746 1
0.113137 0.701871 0
0.0973727 0.69312 0
0.0955103 0.688703 0
0.0885816 0.679913 0
0.0900964 0.674638 0
0.0940915 0.670033 0
0.101071 0.664823 0
0.0934441 0.649675 0
0.091026 0.636718 0
0.0989083 0.626838 0
0.101637 0.622668 0
0.18874 0.596959 0
0.195028 0.587247 0
0.197204 0.576743 0
0.19953 0.575029 1
0.2014 0.567278 0
0.205172 0.559811 0
0.202772 0.553324 0
0.19757 0.545356 0
0.195086 0.523967 0
0.188304 0.514588 0
0.189807 0.498451 0
0.180856 0.480299 0
0.190866 0.47453 0
0.187528 0.450045 0
0.198753 0.44552 0
0.203682 0.434015 0
0.212817 0.427544 0
0.220883 0.41659 0
0.221596 0.409935 1
0.226854 0.408439 0
0.232338 0.402835 0
0.235258 0.40045 0
0.24104 0.402611 0
0.249479 0.399319 0
0.248275 0.404764 0
0.270164 0.400715 0
0.274581 0.398523 0
0.297252 0.395562 0
0.325703 0.383287 0
0.333651 0.38785 0
0.343565 0.379356 0
0.350571 0.373196 0
0.3554 0.362644 0
0.365056 0.353005 1
0.368061 0.353447 0
0.369707 0.353707 0
0.374351 0.357222 0
0.37868 0.359174 0
0.39537 0.40913 0
0.584301 0.364972 0
0.564725 0.369382 0
0.558772 0.368945 0
0.557775 0.36577 0
0.533875 0.351538 0
0.534056 0.351682 0
0.535758 0.343218 0
0.594355 0.385791 0
0.537663 0.34622 0
0.522974 0.34598 1
0.520427 0.338597 0
0.512795 0.352082 0
0.510258 0.347484 0
0.505133 0.350286 0
0.502907 0.348359 0
0.497063 0.355302 0
0.482524 0.362601 0
0.480589 0.359392 0
0.474683 0.359553 0
0.471792 0.359059 0
0.466883 0.361312 0
0.464301 0.35749 0
0.458807 0.357226 0
0.454837 0.354189 0
0.452791 0.353203 0
0.450153 0.35153 1
0.450033 0.351499 0
0.449668 0.349936 0
0.438392 0.312943 0
0.435445 0.308621 0
0.428327 0.306773 0
0.427416 0.305993 0
0.427443 0.308832 0
0.410847 0.276684 0
0.403911 0.283278 0
0.395266 0.283895 0
0.384924 0.283307 0
0.377515 0.28901 0
0.375102 0.287508 0
0.371498 0.287075 0
0.369014 0.287385 1
0.37065 0.28122 0
0.367736 0.272283 0
0.36577 0.260972 0
0.369449 0.250255 0
0.364422 0.239025 0
0.361604 0.227127 0
0.359641 0.211904 0
0.349986 0.203803 0
0.343243 0.189623 0
0.331741 0.173432 0
0.315851 0.166832 0
0.292783 0.161076 0
0.268361 0.153305 0
0.249288 0.152323 0
0.228083 0.157556 1
0.220222 0.135456 0
0.216709 0.114859 0
0.216391 0.0800062 0
0.209996 0.0531505 0
0.193856 0.0303467 0
0.171145 0.0284158 0
0.160717 0 0
0.134761 0.00448059 0
0.114516 0.00481938 0
0.0881749 0.0104549 0
0.0680047 0.0248419 0
0.0488932 0.0426442 0
0.0277945 0.0716308 0
0.0155276 0.0952425 0
0.0152297 0.110385 1
0 0.115767 0
0.0216858 0.117574 0
0.0152762 0.125015 0
0.0370287 0.122375 0
0.0360774 0.127209 0
0.0232494 0.138499 0
0.0348259 0.141189 0
0.0392315 0.145818 0
0.0315068 0.156165 0
0.0403506 0.15893 0
0.0621954 0.152525 0
0.065904 0.155648 0
0.0697719 0.158717 0
0.0741421 0.161272 0
0.0814264 0.162471 1
0.0834625 0.172279 0
0.0857878 0.184465 0
0.0872992 0.200911 0
0.0930803 0.212847 0
0.10093 0.224078 0
0.111861 0.22802 0
0.118307 0.2376 0
0.120388 0.245222 0
0.109764 0.262995 0
0.11754 0.253784 0
0.145842 0.274089 0
0.155747 0.276576 0
0.163509 0.281013 0
0.172838 0.285946 0
0.186283 0.291348 0
0.185215 0.295191 1
