0.515583 0.091955 1
0.500263 0.0781908 0
0.483313 0.0438892 0
0.452298 0.0296935 0
0.421677 0.0303304 0
0.370466 0 0
0.343571 0.018172 0
0.307992 0.0362195 0
0.27546 0.038882 0
0.253623 0.0378529 0
0.223013 0.0519087 0
0.19495 0.0848026 0
0.156172 0.142502 0
0.127865 0.172507 0
0.10676 0.234113 0
0.082494 0.281394 0
0.0509925 0.332445 0
0.0538603 0.367772 0
0.0411024 0.417136 1
0.03933 0.422104 0
0.0250298 0.433845 0
0.00265018 0.447816 0
0.00131643 0.530013 0
0 0.610838 0
0.00340943 0.644918 0
0.00298735 0.668627 0
0.0243389 0.718637 0
0.0495494 0.730782 0
0.0835354 0.774164 0
0.0955825 0.779875 0
0.133507 0.816264 0
0.1449 0.823857 0
0.161067 0.838293 0
0.181919 0.827892 0
0.200298 0.810107 0
0.307866 0.929151 0
0.30249 0.901906 1
0.335233 0.91513 0
0.360101 0.949257 0
0.386815 0.971913 0
0.415403 0.993918 0
0.438831 1 0
0.466748 0.99563 0
0.500857 0.983965 0
0.549252 0.988316 0
0.604154 0.962194 0
0.631831 0.944675 0
0.649145 0.931004 0
0.673355 0.916174 0
0.684141 0.899462 0
0.697989 0.879318 0
0.719609 0.871645 0
0.734433 0.863091 0
0.754693 0.842164 0
0.766433 0.839248 1
0.786173 0.825462 0
0.808766 0.814839 0
0.825893 0.789857 0
0.829027 0.758707 0
0.859025 0.736616 0
0.873979 0.717773 0
0.88331 0.698497 0
0.889455 0.679184 0
0.904306 0.653692 0
0.899077 0.604327 0
0.902478 0.555643 0
0.902327 0.530593 0
0.899633 0.511449 0
0.900522 0.494658 0
0.898657 0.454498 0
0.897906 0.43222 0
0.89487 0.418871 0
0.886372 0.416646 1
0.884276 0.415088 0
0.879398 0.413778 0
0.868981 0.406354 0
0.85551 0.400458 0
0.83601 0.397013 0
0.824175 0.37818 0
0.787172 0.347647 0
0.778384 0.306502 0
0.754936 0.261188 0
0.718082 0.252948 0
0.696705 0.226219 0
0.679089 0.211407 0
0.650119 0.207299 0
0.617092 0.211465 0
0.596271 0.20895 0
0.561539 0.157977 0
0.521456 0.145867 0
0.49599 0.111628 1
0.470391 0.110991 0
0.442777 0.115547 0
0.410454 0.118499 0
0.389592 0.0935936 0
0.368922 0.0941781 0
0.341699 0.11926 0
0.330666 0.128046 0
0.302891 0.12999 0
0.27097 0.144558 0
0.244744 0.119971 0
0.214331 0.141469 0
0.176818 0.164099 0
0.174328 0.198315 0
0.138674 0.249181 0
0.142444 0.302445 0
0.115223 0.409374 0
0.0729991 0.449627 0
0.0501951 0.433453 1
0.0526193 0.477474 0
0.0449539 0.537768 0
0.033776 0.574045 0
0.0303152 0.636531 0
0.0370369 0.665828 0
0.0394932 0.7089 0
0.0541533 0.74483 0
0.0633251 0.768346 0
0.0697999 0.77819 0
0.0851324 0.786414 0
0.0931623 0.788747 0
0.124009 0.828523 0
0.133577 0.839943 0
0.159621 0.851448 0
0.180737 0.848834 0
0.217517 0.863836 0
0.243599 0.882737 0
0.277361 0.890537 0
0.297156 0.89821 1
