0.0276232 0.240082 1
0.0333834 0.225171 0
0.0393879 0.212667 0
0.0465269 0.20086 0
0.0536027 0.190131 0
0.0590825 0.182393 0
0.0662166 0.172775 0
0.0760299 0.161462 0
0.0880642 0.148504 0
0.0978883 0.13898 0
0.106584 0.131525 0
0.117857 0.123421 0
0.130823 0.114985 0
0.145091 0.106549 0
0.159406 0.0989431 0
0.173996 0.0922059 0
0.190762 0.0848798 0
0.211558 0.0768 0
0.232258 0.0691167 1
0.249192 0.0631655 0
0.264927 0.0581621 0
0.28237 0.0531598 0
0.307245 0.0465698 0
0.331412 0.0403181 0
0.348963 0.0362415 0
0.368621 0.0316383 0
0.398176 0.0251953 0
0.428076 0.0190848 0
0.448982 0.0150802 0
0.472926 0.0107998 0
0.502267 0.00676565 0
0.526123 0.00404996 0
0.546733 0.00228997 0
0.570878 0.00134117 0
0.598518 0.000967655 0
0.621093 0.000966887 0
0.642355 0.00153665 0
0.661773 0.00257563 0
0.686162 0.00390432 0
0.709694 0.00542495 0
0.728826 0.00717505 0
0.750725 0.00969518 0
0.772343 0.0125885 0
0.784834 0.013688 0
0.805 0.0170639 1
0.826239 0.0223408 0
0.834693 0.0244832 0
0.84294 0.0268592 0
0.850058 0.0294082 0
0.852851 0.0308625 0
0.857065 0.0341511 0
0.869457 0.0404652 0
0.877799 0.0452657 0
0.883186 0.0487213 0
0.89292 0.0546 0
0.901885 0.0603609 0
0.908128 0.0650183 0
0.913354 0.0690185 0
0.917659 0.0728626 0
0.924529 0.0794009 0
0.930594 0.0862361 0
0.934487 0.0909278 0
0.938428 0.0961109 0
0.944569 0.105236 1
0.949315 0.11311 0
0.951862 0.117531 0
0.954249 0.122498 0
0.956993 0.128611 0
0.958234 0.132507 0
0.959428 0.137732 1
0.962508 0.152872 1
0.964646 0.167849 1
0.965741 0.180361 0
0.965811 0.190472 0
0.964276 0.208041 0
0.96057 0.234362 0
0.95637 0.258571 0
0.95125 0.282663 1
0.945582 0.309682 0
0.941112 0.335979 0
0.937139 0.356379 0
0.934707 0.372512 0
0.93163 0.391756 0
0.926556 0.412559 0
0.924094 0.428011 0
0.921749 0.442029 0
0.920991 0.458682 0
0.92192 0.478784 0
0.924803 0.498515 0
0.925633 0.515314 0
0.927401 0.534312 0
0.930319 0.553991 0
0.935823 0.575895 0
0.943065 0.600106 0
0.948845 0.623922 0
0.95381 0.641905 0
0.959277 0.658067 0
0.958543 0.671165 0
0.958204 0.685462 0
0.956508 0.697646 0
0.954036 0.711491 1
0.952497 0.725041 0
0.951284 0.735357 0
0.948755 0.743726 0
0.945728 0.751689 0
0.941291 0.761549 0
0.936446 0.773368 0
0.929093 0.790324 0
0.92075 0.806608 0
0.9137 0.816072 0
0.909959 0.820237 0
0.907213 0.82149 0
0.900638 0.830262 0
0.887821 0.842385 0
0.875131 0.851851 0
0.867211 0.856281 0
0.854953 0.862931 0
0.83645 0.873282 0
0.825034 0.879761 0
0.805568 0.889696 0
0.785362 0.898418 0
0.76645 0.905134 0
0.749036 0.912627 1
0.732107 0.918998 0
0.711929 0.925712 0
0.686867 0.933362 0
0.658995 0.941541 0
0.620315 0.952705 0
0.589557 0.961212 0
0.57508 0.964777 0
0.557461 0.968495 0
0.535438 0.972527 0
0.511748 0.976242 1
0.487844 0.979831 0
0.468545 0.982055 0
0.459175 0.983977 0
0.45123 0.985303 0
0.438654 0.986166 0
0.431404 0.985957 0
0.426876 0.984766 0
0.413178 0.982798 0
0.392181 0.978782 0
0.37673 0.975574 0
0.364267 0.97204 0
0.349273 0.96733 0
0.329888 0.960258 0
0.31549 0.953963 0
0.306654 0.949137 0
0.293753 0.94193 0
0.278429 0.930364 0
0.265053 0.920037 0
0.252233 0.910174 0
0.23762 0.899298 0
0.224871 0.888432 0
0.2113 0.875695 0
0.197282 0.861991 0
0.188988 0.853061 0
0.178631 0.841 0
0.169411 0.829262 0
0.162453 0.818518 0
0.150709 0.798929 0
0.131094 0.76523 0
0.110892 0.728223 1
0.0914869 0.691037 1
0.0761453 0.659099 1
0.0627172 0.62772 1
0.0495149 0.594278 1
0.0380046 0.562252 1
0.027129 0.530016 1
0.0179605 0.501907 0
0.0126797 0.481836 0
0.00752044 0.459126 0
0.00400926 0.435833 1
0.00155933 0.41985 0
0 0.398448 0
0.00080039 0.381343 0
7.99863e-05 0.366968 0
0.00154538 0.351716 0
0.00337218 0.330364 0
0.00590177 0.311583 0
0.00984658 0.291678 0
0.0150378 0.270338 0
0.0222926 0.248839 0
0.0276916 0.23367 0
0.0333265 0.222717 0
0.0406407 0.209635 0
0.0463407 0.200545 0
0.0552212 0.188616 0
0.0650913 0.177678 0
0.0792599 0.164056 0
0.0920375 0.151168 0
0.104201 0.140919 0
0.117937 0.131364 0
0.131927 0.122697 0
0.148367 0.114975 0
0.163002 0.108168 0
0.181831 0.098556 0
0.198836 0.0901353 0
0.213559 0.0838918 0
0.235398 0.0757116 0
0.255781 0.068359 0
0.275898 0.0617806 0
0.299787 0.054761 0
0.323418 0.0481004 0
0.345632 0.0425279 0
0.371246 0.0364058 0
0.405952 0.0288713 0
0.439053 0.0221221 0
0.466352 0.0169761 0
0.495627 0.0120459 0
0.523179 0.00825746 0
0.548751 0.00505083 0
0.569742 0.00258423 0
0.592488 0.000820079 0
0.613883 4.30749e-05 0
0.634197 0 0
0.655548 0.000339988 0
0.674711 0.00119059 0
0.689745 0.00258702 0
0.713777 0.00345038 0
0.733586 0.00461504 0
0.754616 0.00645011 0
0.767101 0.00825111 0
0.78209 0.010699 0
0.80402 0.0136352 1
0.830152 0.0181811 0
0.856768 0.0235354 0
0.865299 0.0255408 0
0.872997 0.0282519 0
0.882609 0.0331648 0
0.890902 0.0367646 0
0.89969 0.0392634 0
0.909697 0.0447489 0
0.918675 0.0515537 0
0.924905 0.0576036 0
0.929995 0.0627851 0
0.932556 0.0665892 0
0.937438 0.0752437 0
0.944401 0.0888744 0
0.952157 0.106338 0
0.956681 0.118246 0
0.95721 0.122077 0
0.961389 0.13907 1
0.963798 0.155269 1
0.966938 0.172162 0
0.968039 0.185451 0
0.968159 0.202396 0
0.966642 0.21972 0
0.963882 0.237749 0
0.959983 0.260788 1
0.954975 0.28416 0
0.94901 0.309018 0
0.941915 0.34105 0
0.936219 0.371615 0
0.932315 0.39802 0
0.929463 0.423358 0
0.928295 0.443999 0
0.927343 0.458103 0
0.933265 0.473906 0
0.943732 0.491812 0
0.951253 0.510654 0
0.957519 0.531265 0
0.965332 0.548432 0
0.978676 0.577201 0
0.985268 0.596319 0
0.990771 0.6153 0
0.995033 0.63475 0
0.998183 0.651999 0
1 0.668778 0
0.999809 0.678801 0
0.99826 0.684897 0
0.995611 0.697976 0
0.991125 0.710004 0
0.98592 0.718049 0
0.980011 0.729096 0
0.97751 0.740724 0
0.968818 0.753197 0
0.969748 0.759102 0
0.965995 0.768224 0
0.961369 0.780277 0
0.955875 0.789988 0
0.94842 0.800051 0
0.934354 0.8118 0
0.931032 0.818546 0
0.923173 0.825625 0
0.912474 0.833974 0
0.90012 0.842457 0
0.882658 0.853328 0
0.869308 0.86102 0
0.856041 0.869383 0
0.841396 0.877013 0
0.825817 0.884276 0
0.807072 0.89225 0
0.78858 0.899364 0
0.779414 0.902423 0
0.753177 0.911297 0
0.737371 0.916278 0
0.702548 0.927689 0
0.68505 0.933208 0
0.645012 0.944617 0
0.60593 0.955251 0
0.584139 0.960803 0
0.56164 0.964598 0
0.54533 0.966991 0
0.530838 0.970635 0
0.52636 0.972218 0
0.523983 0.972523 0
0.516141 0.971805 1
0.503584 0.971383 0
0.490039 0.968114 0
0.476292 0.966782 0
0.466221 0.963254 0
0.454713 0.959094 0
0.443001 0.955798 0
0.428095 0.951939 0
0.415178 0.948857 0
0.398205 0.943854 0
0.387069 0.940992 0
0.374256 0.93667 0
0.360224 0.931178 0
0.346402 0.925122 0
0.322706 0.914467 0
0.307049 0.907104 0
0.302359 0.903135 0
0.284598 0.89461 0
0.253899 0.877957 0
0.228133 0.862969 0
0.217794 0.856882 0
0.210963 0.851932 0
0.200547 0.840632 0
0.191145 0.827806 0
0.169725 0.806848 0
0.152873 0.787393 0
0.144021 0.77549 1
0.127352 0.746926 0
0.107952 0.715103 1
0.0872657 0.679332 1
0.0701867 0.64524 1
0.0563671 0.612813 1
0.0446713 0.582664 1
0.0350429 0.55239 1
0.0261382 0.517946 1
0.0169823 0.480994 0
0.0124888 0.453555 0
0.0116059 0.434828 1
0.0111464 0.41986 0
0.0110049 0.402302 0
0.0129823 0.384223 0
0.017243 0.365906 0
0.0223694 0.345102 0
0.0284441 0.327038 0
0.0370749 0.311206 0
0.0453113 0.295575 0
0.0536928 0.281163 0
0.0609221 0.270919 0
0.0741949 0.258543 0
0.0870366 0.246297 0
0.101821 0.232403 0
0.119842 0.21791 0
0.135749 0.205901 0
0.149587 0.195641 0
0.162954 0.185714 0
0.17394 0.177532 0
0.187984 0.167545 0
0.199544 0.159408 0
0.213892 0.149469 1
0.227215 0.140283 0
0.238519 0.132548 0
0.253659 0.122339 0
0.264906 0.114176 0
0.275802 0.10654 0
0.292542 0.0979347 0
0.30644 0.0900212 0
0.320702 0.0817094 0
0.337759 0.0727074 0
0.363954 0.063855 0
0.392887 0.0552673 0
0.42107 0.0478679 0
0.439666 0.0448235 0
0.465673 0.0386004 0
0.498465 0.0311123 0
0.522962 0.0267045 0
0.543843 0.0240768 0
0.567603 0.0217388 1
0.586295 0.0197043 0
0.609512 0.0182655 0
0.637053 0.0171502 0
0.654036 0.0173057 0
0.685293 0.0169417 0
0.710304 0.0181428 0
0.734491 0.0199933 0
0.762552 0.0229022 0
0.783651 0.0268561 0
0.810713 0.0327414 0
0.822734 0.0359134 0
0.831004 0.0376748 0
0.838238 0.0405948 0
0.844906 0.0440687 0
0.852637 0.0482658 0
0.859095 0.0517145 0
0.870621 0.0569678 0
0.878092 0.0603485 0
0.88478 0.0635799 0
0.89573 0.0695511 0
0.904706 0.0735121 0
0.909636 0.0748594 0
0.915638 0.0783015 0
0.929465 0.0912064 0
0.932561 0.0931227 0
0.942583 0.106112 1
0.948167 0.109679 0
0.953715 0.116867 1
0.957704 0.12426 0
0.961996 0.133266 0
0.962613 0.135541 0
0.965001 0.149974 0
0.967168 0.167956 1
0.967224 0.182822 0
0.966384 0.200377 0
0.963666 0.223528 0
0.959897 0.241427 0
0.954078 0.258461 0
0.943419 0.29144 0
0.935999 0.310374 0
0.912641 0.356745 0
0.903146 0.379285 0
0.895867 0.396589 0
0.8876 0.413409 0
0.888951 0.427433 0
0.826498 0.434898 0
0.876933 0.458558 0
0.868717 0.476299 0
0.871797 0.491792 0
0.893571 0.50873 0
0.88457 0.516836 0
0.867691 0.520201 0
0.842912 0.525265 0
0.843616 0.538651 0
0.803331 0.52899 0
0.793162 0.528441 1
0.853755 0.579013 0
0.855155 0.589388 0
0.880734 0.616143 0
0.893825 0.631855 0
0.898675 0.640534 0
0.903914 0.657792 0
0.913635 0.673366 0
0.926461 0.693622 0
0.919712 0.692629 1
