0.941861 0 0
0.961533 0.00420783 0
0.961896 0.00390616 0
0.964277 0.00371762 0
0.96199 0.00255314 0
0.974408 0.00409761 0
0.965441 0.00159648 0
0.979322 0.002795 0
0.983034 0.00190569 1
0.972973 0.00411636 0
0.97221 0.0057676 0
0.974046 0.00647967 0
0.963712 0.00502181 0
0.972134 0.00694521 0
0.966258 0.00550525 0
0.961758 0.00613096 0
0.963456 0.00715724 0
0.969722 0.00686752 0
0.966189 0.00803663 0
0.967818 0.00946392 0
0.974273 0.00983727 0
0.983671 0.00924036 0
0.98578 0.00937754 0
0.985914 0.0104974 0
0.985939 0.0096789 0
0.985992 0.00935497 0
0.984736 0.00969564 0
0.987676 0.00917305 0
0.990107 0.0079434 0
0.98842 0.00866444 0
0.986519 0.00884465 0
0.9835 0.00818276 0
0.972793 0.00514516 0
0.984624 0.00751345 0
0.99584 0.00997724 0
0.978898 0.00785975 0
0.963699 0.0056943 0
0.965738 0.00559887 0
0.938834 0.00295573 0
0.976057 0.00770082 0
0.97894 0.0079569 0
0.986829 0.0101043 0
0.991427 0.0118668 0
0.984047 0.0108976 0
0.977264 0.0103589 0
0.985546 0.0113269 0
0.986011 0.0113723 0
0.992085 0.0123838 0
0.96422 0.00906491 1
0.990663 0.013147 0
0.982236 0.0161885 0
0.969666 0.0205262 0
0.936104 0.0171827 0
0.939198 0.0115136 0
0.941215 0.00905194 0
0.941689 0.00929765 0
0.935258 0.00985651 0
0.94518 0.0108661 0
0.962406 0.0125741 0
0.977845 0.0240435 0
0.970664 0.0135591 0
0.986359 0.0168002 0
0.965263 0.0164321 0
0.968602 0.0202745 0
0.975359 0.0200061 0
0.982576 0.0161469 0
0.982948 0.0158575 0
0.994582 0.0178149 0
0.982007 0.0156509 0
0.991715 0.0171255 0
0.994425 0.0174186 0
0.993692 0.0174683 0
0.993005 0.0179967 0
0.992569 0.0191018 0
0.996015 0.0204572 0
0.98468 0.0194267 0
0.981514 0.0182206 0
0.989632 0.019357 0
0.971086 0.016125 0
0.956478 0.0147262 0
0.949436 0.0142262 0
0.940555 0.0139007 0
0.930517 0.014455 0
0.942238 0.0156542 0
0.950042 0.0151659 0
0.948588 0.0141839 0
0.948323 0.0140928 0
0.948386 0.0139594 0
0.948055 0.0139905 0
0.945952 0.0139999 0
0.938618 0.0143823 0
0.935025 0.015251 0
0.936737 0.0154978 0
0.935758 0.0156962 0
0.932654 0.0159809 0
0.931828 0.0164996 0
0.92927 0.0170651 0
0.926688 0.0169516 0
0.930629 0.0170921 0
0.92785 0.0168607 0
0.925332 0.0169732 0
0.930212 0.017241 0
0.935207 0.0176404 0
0.930116 0.0171451 0
0.925759 0.016971 0
0.92965 0.0173302 0
0.932129 0.0170032 0
0.932342 0.0160967 0
0.937308 0.0171556 0
0.954773 0.0209329 0
0.954428 0.0205939 1
0.951664 0.0205044 0
0.953547 0.0207601 0
0.950586 0.0209248 0
0.951033 0.0208349 0
0.959113 0.0223257 0
0.951553 0.0219943 0
0.947612 0.0269445 0
0.951974 0.0352494 0
0.965716 0.023591 0
0.964245 0.0234031 0
0.968326 0.0265077 0
0.964566 0.0278821 0
0.964581 0.0277395 0
0.965284 0.0279217 0
0.966 0.028654 0
0.956748 0.039183 0
0.955916 0.0283638 0
0.940747 0.0279594 0
0.944239 0.029115 0
0.9368 0.0273211 0
0.95517 0.0306308 0
0.934631 0.0276613 0
0.911318 0.0358553 0
0.936176 0.0271608 0
0.947536 0.0307628 0
0.934371 0.0285572 0
0.950917 0.0315501 0
0.940059 0.0294275 0
0.950525 0.0312765 0
0.922733 0.0381002 0
0.956745 0.0338187 0
0.933743 0.0290249 0
0.945869 0.0308781 0
0.929251 0.0283706 0
0.947881 0.0291541 0
0.923507 0.0371326 0
0.95341 0.0298489 0
0.918158 0.02918 0
0.924152 0.0252462 0
0.928428 0.0287992 0
0.918991 0.0240544 0
0.902713 0.0193713 0
0.895021 0.0325003 0
0.912104 0.0191895 0
0.962754 0.0265695 0
0.938453 0.022098 0
0.980498 0.0299141 0
0.927048 0.0276337 0
0.929982 0.0196875 0
0.922047 0.0256921 0
0.985527 0.0286676 0
0.950497 0.0233968 0
0.950409 0.0271893 0
0.931924 0.0256497 0
0.959224 0.031275 0
0.94368 0.0278861 0
0.986158 0.0350805 0
0.939351 0.027483 0
0.978272 0.0303241 0
0.930918 0.024546 0
0.938429 0.0267157 0
0.926977 0.0249771 0
0.973254 0.029511 0
0.923879 0.0243219 0
0.93779 0.0260623 0
0.919388 0.025379 0
0.93999 0.027053 0
0.927173 0.0264135 0
0.977364 0.0341892 0
0.967219 0.0301182 0
0.983692 0.0328181 0
0.96831 0.0311631 0
0.989999 0.0356916 0
0.970654 0.0331094 0
0.980491 0.0384027 0
0.972278 0.0346308 0
0.994014 0.0383637 0
0.979943 0.0369249 0
0.996083 0.041913 0
0.980709 0.0360478 0
1 0.0400992 0
0.982484 0.0370441 0
0.993368 0.0390908 0
0.980745 0.0376783 0
0.978632 0.0400901 0
0.979275 0.041304 0
0.98972 0.0439063 0
0.969266 0.0401706 0
0.978607 0.0418462 0
0.987228 0.043155 0
0.992286 0.0452849 0
0.984174 0.043424 0
0.982963 0.0433162 0
0.979217 0.0424555 0
0.978838 0.0430661 0
0.979254 0.0433317 0
0.979032 0.04316 0
0.974405 0.0429323 0
0.970863 0.0424613 0
0.975746 0.0440427 0
0.978566 0.0442744 0
0.973385 0.0426179 0
0.972935 0.0438585 0
0.971649 0.0435326 0
0.968836 0.0428344 0
0.969747 0.0427696 0
0.970082 0.0425502 0
0.965219 0.0423673 0
0.957769 0.0415292 0
0.954782 0.0415781 0
0.962541 0.0436316 0
0.960635 0.0432713 0
0.963613 0.0441498 0
0.953142 0.042152 0
0.961231 0.0434987 0
0.945435 0.0401368 0
0.969914 0.0466089 0
0.956223 0.0435514 0
0.971728 0.0466447 0
0.959449 0.0431009 0
0.97684 0.04518 0
0.963896 0.043638 0
0.963908 0.0442113 0
0.970187 0.0451904 0
0.971322 0.043469 0
0.974574 0.0442253 0
0.97944 0.0426299 0
0.973472 0.0431871 0
0.967674 0.0417301 0
0.959237 0.041125 0
0.962159 0.0409819 0
0.961761 0.0422225 0
0.975656 0.0438294 0
0.967849 0.0430132 0
0.973941 0.0424916 0
0.963945 0.0433695 0
0.965878 0.0449851 0
0.955712 0.0425455 0
0.972619 0.0458547 0
0.94864 0.0419213 0
0.972078 0.0458448 0
0.94368 0.042731 0
0.975328 0.0482525 0
0.947945 0.0437449 0
0.979859 0.0454228 0
0.952179 0.0435481 0
0.977146 0.0391978 0
0.946858 0.0470387 1
0.979036 0.0405259 0
0.934867 0.0460187 0
0.979981 0.0440743 0
0.931353 0.0460445 0
0.932365 0.0364128 0
0.90941 0.0441078 0
0.928413 0.0356654 0
0.901421 0.0435067 0
0.921122 0.0358145 0
0.897544 0.0435203 0
0.9459 0.0389369 0
0.893954 0.0441941 0
0.937556 0.0382462 0
0.910048 0.0464518 0
0.945608 0.0404512 0
0.936986 0.0388668 0
0.933319 0.0400582 0
0.915101 0.0480083 0
0.946399 0.043042 0
0.953398 0.0444256 0
0.958251 0.0453547 0
0.958256 0.0448409 0
0.955794 0.0453887 0
0.946962 0.0459016 0
0.955925 0.0470438 0
0.956756 0.0474722 0
0.957097 0.0475771 0
0.955061 0.0485036 0
0.952592 0.049745 0
0.949888 0.0509349 1
0.952137 0.0503691 0
0.954302 0.0493163 0
0.959235 0.051568 0
0.96393 0.0505193 0
0.962773 0.0512289 0
0.960738 0.0500267 0
0.970656 0.0524586 0
0.975005 0.0533358 0
0.97557 0.0531689 0
0.980319 0.0538253 0
0.978755 0.0536614 0
0.978121 0.0522055 0
0.97965 0.0538739 0
0.98088 0.0564715 0
0.955823 0.0599849 0
0.981296 0.057783 0
0.979755 0.057885 0
0.975787 0.0586785 0
0.970407 0.0576615 0
0.954904 0.0549592 0
0.955511 0.0541112 0
0.953811 0.0560956 1
0.919489 0.0550989 0
0.936782 0.0522999 0
0.933695 0.0502503 0
0.937253 0.0497644 0
0.927503 0.0490179 0
0.932444 0.0477021 0
0.929741 0.0542676 0
0.951322 0.0515212 0
0.941227 0.0503828 0
0.941034 0.050709 0
0.951677 0.0532279 0
0.920711 0.0535811 0
0.932246 0.0502241 0
0.912984 0.053414 0
0.92547 0.0494234 0
0.934762 0.0507818 0
0.904441 0.0501668 0
0.916974 0.0508832 0
0.90581 0.050039 0
0.919937 0.0509714 0
0.91672 0.0461228 0
0.909492 0.0441494 0
0.867522 0.0390807 0
0.871477 0.0405842 0
0.86038 0.0396383 0
0.884313 0.0415073 0
0.881516 0.0410883 0
0.894042 0.0421989 0
0.878848 0.0425819 0
0.909415 0.0439757 0
0.917779 0.043904 0
0.923677 0.0439649 0
0.93008 0.0434817 0
0.940868 0.0417137 0
0.938835 0.0400909 0
0.943925 0.0378279 0
0.94945 0.0356226 0
0.94174 0.0343532 0
0.954656 0.0333502 0
0.956601 0.0315209 0
0.946632 0.0276535 0
0.954422 0.0276651 0
0.959739 0.0293162 0
0.94184 0.0263493 0
0.92553 0.0242699 0
0.903162 0.0223219 0
0.89374 0.0225032 0
0.890787 0.0220802 0
0.894478 0.0236135 0
0.914521 0.0274249 0
0.913347 0.0261233 0
0.912772 0.0259892 0
0.908944 0.0241415 0
0.90439 0.022192 1
0.901631 0.0233275 0
0.915373 0.0279799 0
0.909953 0.0267022 0
0.910886 0.027051 0
0.906812 0.0258165 0
0.899875 0.0252369 0
0.883879 0.0234643 0
0.881479 0.0239365 0
0.879758 0.0248995 0
0.883853 0.0249753 0
0.88115 0.0242014 0
0.877651 0.0223646 0
0.869201 0.021495 0
0.869041 0.0220696 0
0.869388 0.0215263 0
0.8649 0.0216622 0
0.861234 0.0219881 0
0.863752 0.0216261 0
0.859571 0.0223821 0
0.867931 0.0218002 0
0.871123 0.0220441 0
0.877577 0.022844 0
0.875536 0.023258 0
0.87421 0.0233874 0
0.87621 0.0240098 0
0.878252 0.0239863 0
0.884515 0.0234587 0
0.883331 0.0229111 0
0.884332 0.0232079 0
0.885877 0.0234221 0
0.884984 0.023848 0
0.882832 0.0244251 0
0.887327 0.0241713 0
0.89307 0.0243947 0
0.896767 0.0249766 0
0.893989 0.0244317 0
0.877694 0.0251164 0
0.877919 0.0256563 0
0.882814 0.0251786 0
0.880767 0.0252708 0
0.873047 0.0258806 0
0.870129 0.0261841 0
0.872394 0.0264558 0
0.876293 0.0270898 0
0.875469 0.027549 0
0.874292 0.0275485 0
0.85672 0.0303499 0
0.86315 0.029662 0
0.858205 0.0308995 0
0.858678 0.0299662 1
0.85284 0.0310054 0
0.847166 0.0306923 0
0.854753 0.0308423 0
0.826705 0.0298932 0
0.867061 0.0236089 0
0.820262 0.0288277 0
0.859292 0.0265965 0
0.848464 0.0253703 0
0.836244 0.025421 0
0.823349 0.0266047 0
0.836815 0.0262929 0
0.836183 0.0268886 0
0.83097 0.0276744 0
0.814194 0.0288665 0
0.815125 0.0300219 0
0.806932 0.029004 0
0.802048 0.0324452 0
0.808345 0.0355345 0
0.803801 0.0358595 0
0.801095 0.0348005 0
0.800531 0.0341525 0
0.806073 0.0341375 0
0.801758 0.0347035 0
0.809609 0.0364672 0
0.809647 0.0366185 0
0.808224 0.0358914 0
0.802647 0.0340568 0
0.803794 0.0324799 0
0.80435 0.032412 0
0.799172 0.0321443 0
0.799543 0.0306227 0
0.801601 0.027215 0
0.801571 0.0258072 0
0.80407 0.0267278 0
0.788038 0.0249215 0
0.783711 0.0224543 0
0.773106 0.020435 0
0.787845 0.0208448 0
0.811633 0.0254 0
0.819976 0.0198583 1
0.805762 0.0189551 0
0.817758 0.0215851 0
0.816839 0.0239595 0
0.792232 0.0241331 0
0.791341 0.0213467 0
0.783622 0.020156 0
0.775721 0.0167984 0
0.783609 0.0176373 0
0.786633 0.0229529 0
0.779738 0.0248114 0
0.789877 0.0247129 0
0.797708 0.0225258 0
0.804351 0.0214081 0
0.742399 0.00838547 0
0.793351 0.0162077 0
0.822606 0.0166041 0
0.8257 0.0213405 0
0.829796 0.0174752 0
0.837185 0.0180438 0
0.806908 0.0147546 0
0.815292 0.0173753 0
0.793042 0.0198037 1
0.790851 0.0188793 0
0.805145 0.0202148 0
0.834511 0.0233476 0
0.795236 0.0191424 0
0.800706 0.0189903 0
0.786766 0.0183842 0
0.801832 0.0201224 0
0.787769 0.0209416 0
0.817086 0.0245894 0
0.782466 0.0209655 0
0.769608 0.0220293 0
0.756436 0.0235496 0
0.755508 0.0252954 0
0.768013 0.0280771 0
0.766685 0.029381 0
0.780048 0.0305695 0
0.771998 0.0316296 0
0.769736 0.0330736 1
0.771899 0.0325887 0
0.758801 0.0305923 0
0.759043 0.0282143 0
0.755794 0.0272042 0
0.750275 0.0262435 0
0.746779 0.0260633 0
0.7466 0.025475 0
0.747935 0.0255158 0
0.748021 0.0266647 0
0.750028 0.026202 0
0.750233 0.0239102 0
0.746502 0.0227784 0
0.746137 0.0236928 0
0.737495 0.0252268 0
0.741369 0.0256978 0
0.73004 0.0262253 0
0.728632 0.0273513 0
0.721908 0.0269785 0
0.739592 0.0285507 0
0.739109 0.0289649 0
0.748211 0.0314144 0
0.747805 0.0325923 1
0.746661 0.0318241 0
0.747615 0.033371 0
0.745617 0.0346688 0
0.736124 0.0350942 0
0.743516 0.0381584 0
0.744986 0.038366 0
0.747042 0.0397791 0
0.73491 0.03873 0
0.741928 0.040116 0
0.740791 0.0412687 0
0.755662 0.0452594 0
0.755851 0.0477534 0
0.760845 0.049057 0
0.759317 0.0481222 0
0.754489 0.0489445 0
0.75282 0.049866 0
0.75085 0.0497486 0
0.751099 0.0504699 0
0.762541 0.0512586 0
0.756344 0.0500177 0
0.767837 0.0499117 0
0.747027 0.046424 0
0.697564 0.0438034 0
0.699429 0.0443224 0
0.705643 0.0418737 0
0.694806 0.039308 0
0.684899 0.0363205 0
0.686072 0.0369252 0
0.702576 0.0341295 0
0.701397 0.0319415 0
0.695081 0.0286362 0
0.690957 0.0268284 0
0.690504 0.0255697 0
0.683171 0.0234245 0
0.688344 0.0223184 0
0.703975 0.0204107 1
0.732951 0.0220329 0
0.732912 0.0230637 0
0.755583 0.0221563 0
0.763419 0.0259985 0
0.758875 0.022505 0
0.760592 0.020286 0
0.813844 0.024549 0
0.813056 0.0224488 0
0.832167 0.0258074 0
0.824255 0.0258253 0
0.775193 0.0316212 0
0.753565 0.0371506 0
0.700271 0.0368482 0
0.678496 0.0396681 0
0.658797 0.0422872 0
0.651927 0.0444052 0
0.636179 0.0452314 0
0.635259 0.0430071 0
0.62532 0.0370369 0
0.624005 0.0348791 0
0.631049 0.0347694 0
0.643544 0.0354275 0
0.640358 0.0359166 0
0.651094 0.0367946 0
0.658741 0.0357602 0
0.664041 0.0339153 1
0.649588 0.0325309 0
0.633062 0.0343165 0
0.609023 0.0334226 0
0.595899 0.0342851 0
0.59338 0.0337293 0
0.574002 0.0299705 0
0.552091 0.0243386 0
0.530578 0.0166566 0
0.542612 0.0181806 0
0.556471 0.0229656 0
0.577614 0.0267632 0
0.586672 0.0290419 0
0.590495 0.030081 0
0.615645 0.0330661 0
0.619466 0.0347531 0
0.615761 0.0354695 0
0.607906 0.0365275 0
0.6091 0.0361452 0
0.6148 0.0350291 0
0.629299 0.0329743 1
0.622594 0.0309161 0
0.623669 0.0291468 0
0.62782 0.0283485 0
0.59808 0.0261529 0
0.593156 0.0217261 0
0.587811 0.0194748 0
0.573116 0.0165196 0
0.567418 0.0165948 0
0.590894 0.0179678 0
0.600786 0.0209501 0
0.619743 0.0254135 0
0.622159 0.0287191 0
0.609112 0.0321043 0
0.605902 0.0353358 0
0.611844 0.0344772 0
0.601117 0.0349381 1
0.586302 0.0351976 0
0.58144 0.0360743 0
0.558579 0.0361464 0
0.531196 0.0362019 0
0.503889 0.0346843 0
0.489659 0.0349565 0
0.455473 0.0355098 0
0.44747 0.0354825 0
0.451155 0.0335127 0
0.46564 0.0333532 0
0.438138 0.0312526 0
0.429348 0.031139 0
0.442099 0.0312334 0
0.477973 0.0310672 0
0.475072 0.0348518 0
0.525246 0.0300261 0
0.538145 0.0299942 0
0.573474 0.0283536 1
0.593927 0.0290783 0
0.573514 0.0312753 0
0.564963 0.0323531 0
0.563064 0.0334031 0
0.567591 0.0335561 0
0.546034 0.0345124 0
0.548647 0.0332507 0
0.546051 0.0345542 0
0.560027 0.0363583 0
0.573102 0.0374824 0
0.594013 0.0393327 0
0.593526 0.0381369 0
0.583195 0.0386472 0
0.58687 0.0402234 0
0.647731 0.0452524 0
0.664156 0.0459566 0
0.680272 0.0463868 0
0.644921 0.0426854 0
0.655101 0.0440409 0
0.633407 0.0399679 0
0.582412 0.0291353 0
0.538555 0.019856 1
0.562026 0.0200689 0
0.580899 0.0200536 0
0.591512 0.0209235 0
0.604361 0.0230611 0
0.626607 0.0226072 0
0.629327 0.0247001 0
0.660564 0.027315 0
0.68699 0.0270181 0
0.700046 0.0258568 0
0.73451 0.0266691 0
0.766563 0.0281115 0
0.790947 0.0277036 0
0.78975 0.0239373 0
0.786219 0.0210634 0
0.770192 0.0179677 0
0.757452 0.0148055 0
0.761744 0.0185517 0
0.769753 0.0223087 0
0.770937 0.0225609 0
0.726487 0.0219448 0
0.623227 0.0246 0
0.502077 0.0192764 1
0.422133 0.0314329 0
0.396705 0.0428736 0
0.403277 0.0424825 0
0.397235 0.0430376 0
0.388721 0.0341384 0
0.370122 0.0298296 0
0.379124 0.0310909 0
0.376752 0.0301438 0
0.341633 0.0281302 0
0.342392 0.0260866 0
0.340441 0.0224721 0
0.334258 0.0196741 0
0.345486 0.0193353 0
0.343725 0.0235318 0
0.360553 0.023011 0
0.343718 0.0293837 0
0.367296 0.0249117 0
0.431359 0.0219157 0
0.44825 0.0208206 0
0.468071 0.0196946 1
0.41063 0.0219542 0
0.411836 0.0285482 0
0.310842 0.0287283 0
0.279411 0.0314672 0
0.273696 0.0297625 0
0.289388 0.0310056 0
0.298114 0.0305815 0
0.326487 0.0298431 0
0.347493 0.0305806 0
0.341784 0.0296901 0
0.334147 0.027848 0
0.353848 0.0288918 0
0.349901 0.0264161 0
0.342119 0.0253638 0
0.367196 0.023841 0
0.379142 0.0244012 0
0.383848 0.0242321 0
0.38316 0.0246724 0
0.388703 0.025491 0
0.40564 0.0257714 0
0.423095 0.02576 0
0.436342 0.0269601 1
0.483363 0.0341191 0
0.515459 0.0366702 0
0.554677 0.0473843 0
0.542656 0.0415271 0
0.528084 0.0389474 0
0.502288 0.0368965 0
0.493854 0.0338543 0
0.487583 0.031849 0
0.471581 0.0287876 0
0.446235 0.0275777 0
0.42128 0.0250216 0
0.410893 0.0241214 0
0.394075 0.025315 0
0.376997 0.02349 0
0.364046 0.0193051 0
0.362507 0.0181793 0
0.356364 0.0178698 0
0.352724 0.0192018 0
0.356208 0.0213595 0
0.349047 0.0201189 0
0.347679 0.0204229 0
0.3609 0.0238236 0
0.367533 0.0256826 0
0.36667 0.0257722 0
0.387201 0.0305439 0
0.389323 0.0326743 0
0.390469 0.0338592 0
0.390877 0.034194 0
0.39143 0.0342586 0
0.389416 0.0346987 0
0.391942 0.0363683 0
0.393674 0.0377058 1
0.379308 0.0359704 0
0.371581 0.0344199 0
0.359041 0.0316144 0
0.349146 0.0296409 0
0.340899 0.0287607 0
0.33524 0.0284917 0
0.340581 0.0289495 0
0.349091 0.0297192 0
0.355686 0.0302982 0
0.364137 0.0301383 0
0.376997 0.0299465 0
0.393798 0.0305131 0
0.410225 0.0318431 0
0.405882 0.0337931 0
0.386749 0.0344823 0
0.364376 0.0339192 0
0.34324 0.0318283 0
0.32185 0.0330952 0
0.315929 0.0352235 0
0.323468 0.0373622 0
0.333088 0.0384522 0
0.353436 0.040864 0
0.357047 0.0410481 0
0.356953 0.0388991 1
0.359612 0.0367515 0
0.364464 0.0352373 0
0.365548 0.0332582 0
0.365095 0.0313182 0
0.37277 0.0296452 0
0.384104 0.0294637 0
0.395489 0.0299382 0
0.40739 0.0299842 0
0.415662 0.0293995 0
0.418968 0.0289818 0
0.417806 0.0295331 0
0.418189 0.0300322 0
0.418426 0.0308536 0
0.413271 0.031237 0
0.402185 0.0306994 0
0.394028 0.0308949 0
0.3825 0.0312084 0
0.349439 0.027089 0
0.334904 0.025514 0
0.331789 0.0249034 0
0.329539 0.0254591 0
0.324261 0.0262346 1
0.326332 0.0260651 0
0.327702 0.0260317 0
0.329533 0.0269519 0
0.333551 0.0283754 0
0.348334 0.0311981 0
0.346552 0.0310191 0
0.352105 0.0337718 0
0.358235 0.0373597 0
0.361453 0.0393911 0
0.361383 0.0382173 0
0.363232 0.0383182 0
0.370925 0.0402221 0
0.361 0.0403773 0
0.366548 0.0417978 0
0.37282 0.0430719 0
0.372568 0.0431715 0
0.364928 0.0433105 0
0.360836 0.0440596 0
0.355789 0.0442459 0
0.355334 0.0438439 0
0.356914 0.0435592 0
0.349264 0.0433117 0
0.335899 0.042528 0
0.332088 0.0416676 0
0.331853 0.0415207 0
0.317412 0.0410367 0
0.300013 0.0396418 0
0.292145 0.0384096 1
0.293467 0.0370208 0
0.286924 0.0358921 0
0.278552 0.0341558 0
0.268917 0.0316682 0
0.260561 0.0303792 0
0.253983 0.0297977 0
0.250042 0.0294968 0
0.243788 0.0291789 0
0.244113 0.0296697 0
0.247671 0.0299836 0
0.242957 0.0294978 0
0.236548 0.0290197 0
0.230247 0.0295761 0
0.235925 0.0296567 0
0.234317 0.0303641 0
0.231781 0.0306329 0
0.22966 0.0300659 0
0.222982 0.0300298 0
0.219692 0.0298867 0
0.218265 0.0290279 0
0.214922 0.0278078 0
0.21119 0.0271994 0
0.207172 0.0272792 0
0.205209 0.0275774 0
0.203042 0.0276214 0
0.200076 0.0272295 0
0.197194 0.0265457 0
0.195143 0.0266922 0
0.194114 0.027412 0
0.191534 0.0273922 0
0.193194 0.0275325 0
0.194656 0.0273317 0
0.191563 0.026591 0
0.191034 0.0262442 0
0.193565 0.0259988 0
0.193342 0.0261193 0
0.194698 0.0265047 0
0.199215 0.026951 0
0.203495 0.0276839 0
0.2069 0.027846 0
0.206714 0.026899 0
0.208294 0.0272338 0
0.207554 0.0277758 0
0.204905 0.0267247 0
0.203251 0.026182 0
0.204631 0.026461 0
0.210838 0.0272534 0
0.216414 0.028413 0
0.215179 0.0272913 0
0.214899 0.0257707 0
0.215963 0.0255976 0
0.217134 0.0255983 0
0.222819 0.0256086 0
0.231531 0.0261519 0
0.232899 0.0263316 0
0.230176 0.0260642 0
0.232329 0.0260425 0
0.233451 0.0264173 0
0.232186 0.0260782 0
0.232822 0.0258179 0
0.234986 0.0257087 0
0.233517 0.0255042 0
0.235159 0.0255992 0
0.238251 0.0262516 0
0.24361 0.0279334 0
0.247013 0.0285799 0
0.248159 0.0277591 0
0.245925 0.0268746 0
0.241826 0.0261675 0
0.241145 0.0252685 1
0.23975 0.0247174 0
0.239501 0.0248458 0
0.237642 0.0251506 0
0.235799 0.0250409 0
0.238493 0.0250171 0
0.239209 0.0251377 0
0.241842 0.0257423 0
0.246866 0.026616 0
0.251193 0.0278072 0
0.249678 0.0286555 0
0.247697 0.0294156 0
0.249915 0.030503 0
0.248869 0.0309554 0
0.249424 0.0306882 0
0.251408 0.0306151 0
0.252817 0.0311911 0
0.25258 0.0323386 0
0.248628 0.0338238 0
0.249247 0.034645 0
0.248966 0.0351917 0
0.247797 0.0357854 0
0.254549 0.0380198 0
0.243238 0.0370131 0
0.237115 0.0359661 0
0.232426 0.0348585 0
0.224171 0.0330808 0
0.216075 0.0302505 0
0.208152 0.0269809 0
0.20194 0.0240408 0
0.201591 0.0232674 0
0.197626 0.020702 0
0.19496 0.0170213 0
0.194877 0.0137903 0
0.196814 0.0112924 0
0.197285 0.0102126 0
0.200072 0.00995398 0
0.200395 0.010078 0
0.200463 0.0103083 0
0.201143 0.0111353 0
0.198261 0.0117501 0
0.198793 0.0128678 0
0.204204 0.0147414 0
0.208192 0.0166844 0
0.2041 0.0170638 0
0.199602 0.0169976 0
0.203539 0.0185838 0
0.20466 0.020233 0
0.205298 0.020777 0
0.204631 0.0214184 0
0.200064 0.0217453 0
0.20007 0.0228093 0
0.203584 0.0241768 1
0.197703 0.0239722 0
0.19314 0.0238584 0
0.188839 0.0241232 0
0.184383 0.0238206 0
0.177853 0.0234686 0
0.17291 0.0235012 0
0.172394 0.0244456 0
0.171656 0.0252859 0
0.1731 0.0267789 0
0.17532 0.0280945 0
0.174125 0.0280784 0
0.173193 0.0276603 0
0.170603 0.0278991 0
0.170705 0.0280083 0
0.175304 0.0280115 0
0.177417 0.0281844 0
0.180176 0.0288015 0
0.187015 0.0299498 0
0.183995 0.0272331 0
0.186473 0.0267414 0
0.186913 0.0262064 0
0.188448 0.025953 0
0.186394 0.0257699 0
0.180739 0.024676 1
0.174319 0.0250874 0
0.169434 0.0257079 0
0.159003 0.0252823 0
0.14917 0.0248292 0
0.141842 0.0248492 0
0.133559 0.024301 0
0.124863 0.0225282 0
0.122227 0.0214235 0
0.125464 0.022123 0
0.127872 0.022972 0
0.133738 0.024273 0
0.140895 0.0256759 0
0.145871 0.0258592 0
0.149865 0.0245677 0
0.148953 0.0257923 0
0.157863 0.0249621 0
0.15977 0.0227832 0
0.17051 0.0236927 0
0.182761 0.0245301 0
0.19389 0.0254228 0
0.200877 0.0259203 0
0.202938 0.0258389 0
0.202584 0.0255486 0
0.200558 0.0247633 0
0.199437 0.0239562 0
0.19831 0.0229485 0
0.197548 0.0217155 0
0.195937 0.0203859 0
0.198083 0.0203446 0
0.207903 0.0221434 0
0.178446 0.019422 0
0.175831 0.0194852 0
0.17883 0.0198168 0
0.177376 0.0196139 0
0.17674 0.0198455 0
0.17559 0.0204568 0
0.177956 0.0214445 0
0.178515 0.0220498 0
0.16859 0.021476 0
0.154467 0.0203593 0
0.147562 0.0217957 0
0.144863 0.0236167 1
0.150512 0.0241235 0
0.160044 0.0249841 0
0.164047 0.0258266 0
0.162434 0.0267232 0
0.164181 0.0275418 0
0.165427 0.0281746 0
0.163643 0.0290431 0
0.165368 0.0299394 0
0.166744 0.0303744 0
0.162751 0.029523 0
0.156137 0.0301054 0
0.153461 0.031516 0
0.152833 0.0319262 0
0.148048 0.0314234 0
0.14451 0.0308773 0
0.142253 0.0305495 0
0.139694 0.0300897 0
0.140375 0.0299025 0
0.143674 0.0295493 0
0.134811 0.0292397 0
0.125855 0.0281458 0
0.123083 0.0267042 0
0.121795 0.0256066 0
0.120966 0.0250817 0
0.118565 0.0245528 0
0.11839 0.0245895 0
0.125368 0.0250125 0
0.117831 0.0233762 1
0.124639 0.0218204 0
0.141732 0.0225614 0
0.144433 0.0244329 0
0.163587 0.0236724 0
0.179551 0.025927 0
0.198567 0.0270191 0
0.197195 0.030776 0
0.201668 0.0334457 0
0.209925 0.0333875 0
0.209078 0.0343575 0
0.203056 0.0349877 0
0.197273 0.0337791 0
0.189799 0.032699 0
0.18386 0.0327618 0
0.172968 0.0311743 0
0.167917 0.0302374 0
0.164516 0.0303016 0
0.15211 0.0286017 0
0.138309 0.0280693 0
0.126202 0.0264853 0
0.112261 0.0254876 0
0.0934439 0.023082 1
0.0895995 0.0215428 0
0.0880405 0.0204636 0
0.0850203 0.0186714 0
0.0687464 0.0166332 0
0.0673502 0.0149902 0
0.0628494 0.0129122 0
0.061025 0.0113813 0
0.0548352 0.0101642 0
0.048012 0.00941313 0
0.0376251 0.00892723 0
0.0336329 0.00844585 0
0.0281161 0.00834219 0
0.0250489 0.00860325 0
0.0248355 0.00978241 0
0.0166106 0.0113858 0
0.0115153 0.0120673 0
0.00966914 0.0122357 0
0.00634659 0.0125618 0
0.00637234 0.0130606 0
0 0.014039 0
0.00514318 0.0154161 0
0.0139008 0.0167683 0
0.0346254 0.0193579 0
0.040242 0.02086 0
0.0437646 0.021972 0
0.0427279 0.0222951 0
0.061127 0.0240312 0
0.0646075 0.0229913 1
0.0697909 0.0238104 0
0.0806464 0.024397 0
0.0879404 0.0242739 0
0.0881972 0.0242911 0
0.0887831 0.0245623 0
0.0880242 0.0240049 0
0.0902154 0.0235714 0
0.0899606 0.0244662 0
0.0815115 0.0250169 0
0.073035 0.0242188 0
0.0640694 0.0232191 0
0.0535045 0.0230347 0
0.0474521 0.0234259 0
0.0408301 0.0224446 0
0.0396706 0.0219469 0
0.0447379 0.0224583 1
0.0576645 0.0238613 0
0.0708337 0.025027 0
0.0887361 0.0264926 0
0.0950932 0.0270693 0
0.104082 0.0274686 0
0.113213 0.028278 0
0.119069 0.0296892 0
0.112752 0.0288683 0
0.126883 0.0288518 0
0.164085 0.0251123 0
0.190673 0.0258814 0
0.209333 0.0273665 0
0.223444 0.0296545 0
0.238941 0.0313176 0
0.258981 0.0323709 0
0.274937 0.0357527 0
