0.648791 0.130809 0
0.651487 0.123724 0
0.649125 0.115215 1
0.656051 0.109025 0
0.649716 0.103648 0
0.645195 0.0987524 0
0.650084 0.0948703 0
0.66085 0.0909706 0
0.671961 0.0889958 0
0.668279 0.0865502 0
0.668755 0.0858185 0
0.675911 0.0845089 0
0.686001 0.0830682 0
0.694175 0.0806264 0
0.700579 0.0783592 0
0.707374 0.0766824 0
0.71587 0.076017 0
0.721608 0.0740827 0
0.719439 0.0734124 0
0.717307 0.0746281 0
0.719297 0.0791472 0
0.738607 0.0754388 0
0.75471 0.0697677 0
0.763006 0.0647298 0
0.770423 0.0599853 0
0.789448 0.050533 0
0.812248 0.0414973 0
0.808966 0.0387783 0
0.797768 0.0360056 0
0.755534 0.0342985 0
0.716698 0.0341311 0
0.698316 0.0343973 0
0.680062 0.0358025 0
0.652604 0.033157 0
0.653691 0.0309278 0
0.648853 0.0321071 0
0.638265 0.032293 0
0.633439 0.030801 0
0.621933 0.0301552 0
0.612392 0.030324 0
0.604916 0.0317484 0
0.596714 0.0327513 0
0.589551 0.0323745 0
0.574258 0.0316794 0
0.557791 0.0339046 0
0.543548 0.0354571 0
0.530704 0.0386557 0
0.524376 0.0395927 0
0.52172 0.0428629 0
0.515818 0.0469329 0
0.503291 0.0488604 0
0.505509 0.0499668 0
0.509699 0.0502483 0
0.524534 0.0448541 0
0.536425 0.0432264 0
0.55176 0.0418404 0
0.567395 0.0392809 0
0.585939 0.0379807 0
0.60179 0.0361921 0
0.618038 0.0360957 0
0.657406 0.0345771 0
0.668007 0.0309918 0
0.687761 0.0262205 0
0.706047 0.0199264 0
0.732542 0.0119939 1
0.738615 0.0150237 0
0.734244 0.0204202 0
0.724265 0.0232748 0
0.716169 0.0242446 0
0.709305 0.0263434 0
0.709765 0.0279633 0
0.706721 0.0296882 0
0.70966 0.0284224 0
0.699327 0.0297718 0
0.696045 0.0300183 0
0.718978 0.0273563 0
0.75611 0.0214445 0
0.782803 0.014675 0
0.793885 0.0076012 0
0.785754 0.00333226 0
0.774933 0 1
0.753403 0.010969 0
0.744674 0.0173881 0
0.739616 0.0192376 0
0.739954 0.0188087 0
0.748062 0.0194839 0
0.76302 0.0208556 0
0.779251 0.0223036 0
0.784615 0.0222311 0
0.821365 0.0180279 0
0.855888 0.0145028 0
0.853272 0.0149291 0
0.850731 0.014231 0
0.848076 0.0115864 0
0.842083 0.0152545 0
0.83454 0.0140937 0
0.82636 0.0147626 1
0.793447 0.0208091 0
0.758647 0.0278918 0
0.744948 0.0319797 0
0.754701 0.0389711 0
0.756686 0.0389815 0
0.774559 0.0418588 0
0.762627 0.0400166 0
0.783967 0.042821 0
0.802772 0.0469477 0
0.799789 0.0464953 0
0.804513 0.047488 0
0.823025 0.0497588 0
0.844078 0.0483085 0
0.854253 0.0471537 0
0.877736 0.0479651 0
0.883474 0.0512952 1
0.877935 0.0566066 0
0.870574 0.0592484 0
0.877807 0.0621756 0
0.877102 0.0671748 0
0.876414 0.0703477 0
0.888361 0.0747864 0
0.88796 0.0765712 0
0.89083 0.0798622 0
0.894018 0.0830253 0
0.903081 0.0873918 0
0.912989 0.0879802 0
0.925091 0.0895875 0
0.945149 0.0887545 0
0.935163 0.0958225 0
0.946416 0.0996286 0
0.953039 0.102453 0
0.974939 0.113148 0
0.986519 0.1189 0
0.994635 0.123553 0
0.996375 0.130135 0
0.996783 0.135556 0
1 0.139942 0
0.998818 0.14626 0
0.993364 0.155004 0
0.987366 0.158583 0
0.977848 0.156956 1
0.9497 0.165151 0
0.929131 0.173454 0
0.909226 0.180664 0
0.893823 0.18723 0
0.885153 0.191508 0
0.888168 0.196791 0
0.894841 0.201674 0
0.901252 0.206925 0
0.913768 0.212036 0
0.922221 0.216224 0
0.932655 0.218408 0
0.944528 0.222724 1
0.92104 0.225471 0
0.901784 0.226934 0
0.879725 0.231681 0
0.860727 0.234617 0
0.836426 0.239666 0
0.840311 0.239943 0
0.836628 0.244056 0
0.835005 0.247969 0
0.83362 0.254939 0
0.835489 0.261292 0
0.84593 0.266638 0
0.85899 0.270087 0
0.874845 0.272867 0
0.895566 0.274664 1
0.899345 0.271982 0
0.914501 0.269794 0
0.918866 0.270177 0
0.91872 0.271037 0
0.915812 0.274801 0
0.916296 0.279069 0
0.914443 0.285443 0
0.906928 0.288632 0
0.901792 0.290733 0
0.894691 0.290233 0
0.889904 0.290014 0
0.884982 0.291699 0
0.874655 0.296292 0
0.864298 0.304215 0
0.852548 0.311873 0
0.841956 0.315618 0
0.837489 0.317768 0
0.828 0.321363 0
0.820625 0.323714 0
0.81477 0.325531 0
0.809277 0.328806 0
0.797492 0.33308 0
0.784552 0.338064 0
0.774561 0.342549 0
0.766655 0.345734 0
0.756481 0.349794 0
0.749714 0.352763 0
0.723675 0.35687 0
0.711748 0.361085 0
0.702225 0.362785 0
0.696154 0.363046 0
0.69366 0.363395 0
0.695954 0.362045 0
0.696579 0.362498 0
0.700921 0.362003 0
0.706446 0.361701 0
0.709066 0.361134 0
0.708172 0.359319 0
0.701181 0.357358 0
0.697042 0.355417 0
0.697586 0.352422 0
0.69941 0.348742 0
0.698432 0.345678 0
0.709219 0.338025 0
0.728965 0.329169 0
0.747598 0.321101 1
0.77516 0.310475 0
0.807229 0.298817 0
0.820072 0.290834 0
0.836807 0.283053 0
0.856799 0.276326 0
0.869545 0.271407 0
0.88024 0.263972 0
0.867379 0.260791 0
0.855466 0.258534 0
0.844706 0.25742 0
0.835134 0.25632 0
0.831798 0.253058 0
0.820242 0.252044 0
0.794057 0.256169 0
0.775077 0.258974 0
0.762173 0.259839 0
0.756842 0.257955 0
0.747451 0.253633 0
0.737846 0.252023 0
0.732877 0.250815 0
0.730792 0.249549 0
0.728408 0.248139 0
0.723408 0.247009 0
0.715726 0.244579 0
0.707217 0.241828 0
0.707179 0.237574 0
0.695128 0.236908 0
0.682388 0.237098 0
0.676321 0.22984 0
0.663764 0.235551 1
0.672443 0.22035 0
0.677521 0.205089 0
0.674229 0.188385 0
0.668818 0.17308 0
0.633593 0.167094 0
0.58046 0.170506 0
0.547565 0.170332 0
0.539816 0.162037 0
0.543508 0.152369 0
0.554519 0.1435 0
0.595457 0.133353 0
0.636764 0.126749 0
0.650734 0.124383 0
0.658173 0.118075 0
0.666842 0.110638 0
0.668306 0.098041 0
0.673071 0.0822067 0
0.662031 0.0761377 0
0.653244 0.0726289 0
0.66253 0.061993 0
0.662324 0.0538415 0
0.655427 0.0472453 0
0.64058 0.0464415 0
0.618001 0.0510063 0
0.603415 0.0515709 0
0.592034 0.0536034 0
0.57722 0.0564823 0
0.524439 0.0661959 0
0.537841 0.0608773 0
0.56043 0.0579127 0
0.578431 0.0531489 0
0.586497 0.0496372 0
0.599084 0.0464549 0
0.604491 0.0460759 0
0.582612 0.0544888 0
0.578738 0.0560831 0
0.573912 0.0603485 0
0.55869 0.0615898 0
0.548401 0.0655334 0
0.532851 0.0697678 0
0.513236 0.0781023 0
0.50085 0.086703 0
0.493064 0.0869063 0
0.498802 0.0877472 0
0.491663 0.093322 0
0.474491 0.10117 0
0.468458 0.104221 0
0.454269 0.116556 0
0.446416 0.128255 0
0.447362 0.122736 0
0.436759 0.127158 0
0.437924 0.132702 0
0.432977 0.137201 0
0.436705 0.142427 0
0.429014 0.140709 0
0.439952 0.144147 0
0.446495 0.144461 0
0.459605 0.141024 0
0.477374 0.137555 0
0.509465 0.128705 0
0.507033 0.133754 0
0.521628 0.138755 0
0.484059 0.139963 0
0.492323 0.141386 0
0.484357 0.147618 0
0.495694 0.152691 0
0.49391 0.156548 0
0.472867 0.160855 1
0.497063 0.164084 0
0.510662 0.16664 0
0.515742 0.173894 0
0.527957 0.178426 0
0.557084 0.183922 0
0.550115 0.187354 0
0.555694 0.19014 0
0.570501 0.191336 0
0.571233 0.191826 0
0.587717 0.193372 0
0.589233 0.193716 0
0.612231 0.19476 0
0.620943 0.194576 0
0.608522 0.187458 0
0.575525 0.183319 0
0.540711 0.176393 0
0.506732 0.172693 0
0.484234 0.167385 0
0.459278 0.162124 0
0.411021 0.159852 1
0.40673 0.157285 0
0.409371 0.149054 0
0.383161 0.151581 0
0.371239 0.149853 0
0.353482 0.146261 0
0.343891 0.142545 0
0.3354 0.139919 0
0.36073 0.118067 0
0.344371 0.117325 0
0.32121 0.118158 0
0.295048 0.121569 0
0.280407 0.127308 0
0.25544 0.136992 0
0.245705 0.144372 0
0.241362 0.150981 0
0.246729 0.155718 0
0.252079 0.161377 0
0.273954 0.164705 0
0.262128 0.165352 0
0.26392 0.164043 0
0.266932 0.164208 0
0.259159 0.164955 0
0.256264 0.163925 0
0.257669 0.162232 0
0.259257 0.158342 0
0.250917 0.153626 0
0.239206 0.14878 0
0.232575 0.151069 0
0.211313 0.148817 0
0.201289 0.144258 0
0.192142 0.142877 0
0.173299 0.145286 0
0.163968 0.145156 0
0.14971 0.146624 0
0.140037 0.148215 0
0.147413 0.147605 0
0.146518 0.150791 0
0.15971 0.150888 0
0.179062 0.149531 0
0.188406 0.151214 0
0.204969 0.152405 0
0.212859 0.150799 0
0.227497 0.153353 0
0.234497 0.155596 0
0.242005 0.159119 0
0.24713 0.159868 0
0.243769 0.161239 0
0.245111 0.161191 0
0.244247 0.160694 0
0.244726 0.161186 0
0.245675 0.161801 0
0.250473 0.162847 0
0.237046 0.162749 0
0.241119 0.162581 0
0.246709 0.161973 0
0.240934 0.160138 1
0.242517 0.160589 0
0.249149 0.162697 0
0.253716 0.163177 0
0.226125 0.160729 0
0.217889 0.162176 0
0.2181 0.161164 0
0.215234 0.159628 0
0.223968 0.158617 0
0.224534 0.161113 0
0.238213 0.160054 0
0.338834 0.246662 0
0.339519 0.245357 0
0.331332 0.2513 0
0.33028 0.252487 0
0.211776 0.160725 0
0.218072 0.158408 0
0.212765 0.157152 0
0.228883 0.158811 0
0.221624 0.161898 0
0.222296 0.159468 0
0.224003 0.15666 0
0.227205 0.156889 0
0.203837 0.152846 0
0.218223 0.15357 0
0.219416 0.154305 0
0.233409 0.152726 0
0.212154 0.154394 0
0.206022 0.15449 0
0.195727 0.158101 0
0.183933 0.158595 0
0.174599 0.160091 0
0.197137 0.160728 1
0.170849 0.160727 0
0.148367 0.16192 0
0.134503 0.16131 0
0.110102 0.162626 0
0.110777 0.163282 0
0.111956 0.162908 0
0.119256 0.160064 0
0.116559 0.158666 0
0.101097 0.159694 0
0.0830226 0.172058 0
0.120349 0.15619 0
0.141862 0.151727 0
0.140657 0.149173 0
0.148026 0.143867 0
0.150132 0.143945 0
0.156398 0.143155 0
0.175547 0.141313 0
0.177401 0.142856 0
0.158805 0.137059 0
0.161557 0.142332 0
0.153134 0.140692 0
0.151923 0.137613 0
0.162091 0.142259 0
0.155179 0.144478 0
0.16048 0.146554 0
0.141524 0.145704 0
0.132062 0.145893 0
0.150561 0.150668 0
0.122122 0.149231 0
0.0975268 0.159889 0
0.105759 0.156095 0
0.105147 0.160565 1
0.125721 0.158535 0
0.152773 0.161323 0
0.168565 0.163227 0
0.186718 0.164232 0
0.227995 0.165825 0
0.244264 0.161269 0
0.27708 0.156553 0
0.289712 0.161119 0
0.299036 0.160907 0
0.331506 0.15725 0
0.348339 0.156236 0
0.349581 0.156238 0
0.306918 0.169167 0
0.340449 0.160883 0
0.311488 0.164951 0
0.309885 0.163728 0
0.310629 0.160731 0
0.34331 0.152403 0
0.302389 0.159715 0
0.266104 0.156956 0
0.26987 0.154634 0
0.257069 0.155686 0
0.243595 0.156584 0
0.220653 0.152603 0
0.268027 0.137694 0
0.169033 0.153275 0
0.233275 0.13766 0
0.16962 0.146631 0
0.172583 0.143296 0
0.141144 0.147029 0
0.115262 0.150035 0
0.11596 0.148426 0
0.0964993 0.155449 0
0.158564 0.13852 0
0.0814322 0.150269 0
0.101561 0.145984 0
0.0642863 0.1529 0
0.0824114 0.149003 0
0.112066 0.141561 0
0.142469 0.13702 0
0.0747798 0.150641 0
0.0367033 0.156536 0
0.0205526 0.158028 0
0.0141151 0.160367 1
0.0110903 0.162039 0
0.0393344 0.159058 0
0.0522193 0.157034 0
0.110284 0.149021 0
0.0477971 0.155374 0
0.0287957 0.164205 0
0.0757683 0.155045 0
0.022138 0.163389 0
0.0395994 0.165148 0
0.0381144 0.160719 0
0.121726 0.148404 0
0.122875 0.145976 0
0.0773884 0.155816 0
0.019577 0.167852 0
0.0155493 0.166545 0
0.0161408 0.171711 0
0.0134214 0.169166 0
0.0234192 0.171186 0
0.0360673 0.167774 0
0.0676168 0.16415 0
0.0842422 0.158279 0
0.0849234 0.158411 0
0.0459706 0.163382 0
0.0261476 0.168511 0
0.0184928 0.166961 0
0.0205979 0.172304 0
0.019443 0.170681 0
0.0159175 0.172834 0
0.0304197 0.168346 0
0.0196725 0.168391 0
0.023575 0.172758 0
0.0294026 0.164282 0
0.0172775 0.169784 0
0.0523504 0.163859 0
0.0134931 0.170193 0
0.0219475 0.168207 0
0.00928318 0.173549 0
0 0.176523 0
0.0126574 0.176553 0
0.0171245 0.173099 0
0.0651982 0.167577 0
0.0554559 0.168768 0
0.0484818 0.167275 0
0.033399 0.170127 0
0.0377253 0.168748 0
0.0516483 0.170198 0
0.0285963 0.175283 0
