0.723051 0.21275 0
0.713498 0.223201 0
0.725931 0.236766 0
0.712106 0.264212 0
0.736491 0.286882 0
0.742462 0.300605 0
0.748909 0.325859 0
0.744798 0.34847 0
0.752679 0.382607 0
0.752902 0.408868 0
0.76845 0.425953 0
0.77911 0.446717 0
0.792723 0.462588 0
0.799862 0.470711 0
0.812758 0.486557 0
0.808808 0.495488 0
0.80887 0.507254 0
0.820622 0.514764 0
0.835421 0.51737 0
0.83296 0.52136 0
0.834295 0.525589 0
0.836182 0.522204 0
0.839725 0.530224 0
0.835691 0.537738 0
0.827534 0.542824 0
0.817505 0.547202 0
0.806946 0.544513 0
0.813493 0.556224 0
0.805229 0.566262 0
0.80153 0.582192 0
0.784955 0.593352 0
0.777842 0.623268 0
0.751366 0.614673 0
0.733997 0.62448 0
0.717348 0.638186 0
0.697987 0.63793 0
0.687767 0.649188 0
0.680047 0.677731 0
0.668105 0.682337 1
0.659762 0.682771 0
0.640066 0.700672 0
0.609024 0.733449 0
0.587532 0.753852 0
0.570571 0.753632 0
0.55464 0.745897 0
0.544573 0.754478 0
0.526821 0.772718 0
0.505433 0.785814 0
0.485753 0.782733 0
0.474878 0.791957 0
0.44636 0.792598 0
0.426425 0.791949 0
0.408033 0.78876 0
0.402552 0.787443 0
0.381464 0.794105 0
0.367668 0.787436 0
0.36417 0.78008 0
0.354774 0.769877 0
0.359839 0.778645 0
0.345065 0.768126 0
0.334725 0.75884 0
0.31752 0.748815 0
0.319352 0.743005 0
0.303072 0.734439 0
0.290284 0.727997 0
0.275868 0.714108 0
0.261356 0.702057 0
0.254557 0.701266 0
0.243941 0.702436 0
0.233914 0.684215 0
0.22029 0.662427 0
0.190331 0.64412 0
0.182976 0.645224 0
0.165787 0.645144 0
0.157649 0.632938 0
0.14738 0.620647 0
0.133646 0.610558 0
0.127217 0.595978 0
0.111881 0.583791 0
0.0991346 0.566961 0
0.0944476 0.54851 0
0.0856396 0.529882 0
0.0740488 0.511821 1
0.0594756 0.490957 0
0.051789 0.465111 0
0.0436862 0.448553 0
0.0418637 0.411611 0
0.0295539 0.392726 0
0.0236409 0.368908 0
0.018404 0.348339 0
0.0263702 0.328853 0
0.00777503 0.334707 0
0 0.323072 1
0.0148839 0.335995 0
0.0221734 0.31766 0
0.0253905 0.315103 0
0.0241061 0.312966 0
0.0277103 0.310099 0
0.0316093 0.309939 0
0.0339178 0.30887 0
0.0336808 0.303355 0
0.0384293 0.299378 0
0.0395393 0.29855 0
0.0463882 0.296198 0
0.0549013 0.283924 0
0.0962407 0.257519 0
0.129819 0.240904 0
0.151837 0.226015 0
0.165905 0.20832 0
0.168803 0.193329 0
0.170839 0.187546 0
0.180163 0.165841 0
0.207668 0.129273 0
0.231319 0.106078 0
0.22941 0.0949803 0
0.25553 0.0650027 0
0.278348 0.0546559 0
0.309218 0.0444934 0
0.34069 0.0368292 0
0.365873 0.0231913 0
0.395073 0.0290478 0
0.416096 0.0227978 0
0.447658 0.0168324 0
0.479597 0.00597574 0
0.499007 0.0137845 0
0.515779 0.0327348 0
0.537716 0.0308223 0
0.557933 0.0468453 0
0.579138 0.0486061 0
0.59613 0.0535466 0
0.615681 0.0575323 1
0.63439 0.0817893 0
0.649798 0.0845608 0
0.6707 0.0967789 0
0.678164 0.107105 0
0.691855 0.119457 0
0.70385 0.12635 0
0.709679 0.135857 0
0.716258 0.143194 0
0.722213 0.146188 0
0.729368 0.148048 0
0.745384 0.153811 0
0.76784 0.15925 0
0.758408 0.163126 0
0.769773 0.168258 0
0.790687 0.178319 0
0.808375 0.187562 0
0.798973 0.201662 0
0.80524 0.21488 0
0.801937 0.223693 0
0.800129 0.236097 0
0.80885 0.252279 0
0.820991 0.276357 0
0.818044 0.299031 0
0.810883 0.330905 0
0.807485 0.371853 0
0.811846 0.40675 1
0.811066 0.426101 0
0.814585 0.433352 0
0.823758 0.446326 0
0.836658 0.45516 0
0.825086 0.468083 0
0.834819 0.466654 0
0.819738 0.467802 0
0.818025 0.472954 0
0.821159 0.469682 0
0.835689 0.47292 0
0.806264 0.46982 0
0.813145 0.461045 0
0.817756 0.472193 0
0.814492 0.473091 0
0.829289 0.479279 0
0.800835 0.485638 0
0.786883 0.497432 0
0.778168 0.516454 0
0.759636 0.53198 0
0.742304 0.556181 0
0.723915 0.586414 0
0.714006 0.611864 0
0.699425 0.634471 0
0.685275 0.651782 0
0.669374 0.6652 0
0.647148 0.676061 0
0.616858 0.688653 0
0.614511 0.688167 0
0.57493 0.70694 0
0.550831 0.724255 0
0.531472 0.732886 0
0.518957 0.732209 0
0.492554 0.742706 0
0.471689 0.74985 0
0.460389 0.750767 0
0.451148 0.750007 0
0.432856 0.754075 0
0.426418 0.75072 0
0.411039 0.747858 0
0.403447 0.740604 0
0.396926 0.729187 0
0.378124 0.726354 0
0.361831 0.721106 0
0.359306 0.705249 0
0.348806 0.701722 0
0.341062 0.694583 0
0.326876 0.686299 0
0.312939 0.680268 0
0.305897 0.669793 0
0.297541 0.664559 0
0.275615 0.673803 0
0.258411 0.677091 1
0.246469 0.664771 0
0.234102 0.650373 0
0.225113 0.636109 0
0.213424 0.625832 0
0.19732 0.617462 0
0.181094 0.609728 0
0.163073 0.608009 0
0.148534 0.606797 0
0.139817 0.603471 0
0.130657 0.588314 0
0.123913 0.571766 0
0.113152 0.561291 0
0.10469 0.549077 0
0.0996013 0.5345 0
0.0893501 0.520703 0
0.0782185 0.510554 0
0.0727102 0.50273 0
0.0683148 0.486075 0
0.0654312 0.456433 0
0.0577165 0.439239 0
0.0498457 0.415754 0
0.0410602 0.39073 0
0.0360671 0.366201 0
0.0330811 0.345141 0
0.0283063 0.341773 0
0.0287933 0.332093 0
0.0304463 0.323336 0
0.0350324 0.312791 0
0.036362 0.311952 0
0.035612 0.308736 0
0.0392466 0.301912 0
0.0448216 0.294196 0
0.0510291 0.289408 0
0.0520938 0.29427 0
0.0487796 0.289935 0
0.0535786 0.284145 0
0.0597194 0.279379 0
0.0663227 0.272613 0
0.0773519 0.256413 0
0.0962117 0.23347 0
0.11286 0.204633 0
0.130461 0.174689 1
0.146675 0.1523 0
0.165538 0.126645 0
0.181491 0.10647 0
0.216151 0.0874061 0
0.20358 0.0989 0
0.229489 0.0913511 0
0.263538 0.069872 0
0.282505 0.0449484 0
0.305973 0.0235627 0
0.326507 0.00995687 0
0.344433 0.0143711 0
0.360465 0.0211651 0
0.401598 0.00988019 0
0.420431 0.00798474 0
0.445082 0.00327197 0
0.479151 0 1
0.484291 0.0226574 0
0.497628 0.0384425 0
0.513259 0.0567203 0
0.527292 0.0751181 0
0.537933 0.0914257 0
0.561104 0.102377 0
0.587801 0.112108 0
0.5974 0.124981 0
0.619383 0.133281 0
0.638518 0.146415 0
0.656195 0.156511 0
0.676713 0.161693 0
0.695906 0.165385 0
0.679313 0.177119 0
0.71279 0.174808 0
0.715213 0.183207 0
0.73464 0.18598 0
0.757705 0.187524 0
0.769721 0.187001 0
0.771522 0.184578 0
0.771504 0.192463 0
0.803393 0.190682 0
0.785346 0.201716 0
0.778232 0.209226 0
0.785793 0.208807 0
0.786043 0.208725 1
0.791231 0.230341 0
0.789268 0.24978 0
0.769446 0.26674 0
0.770742 0.290831 0
0.768261 0.322574 0
0.786006 0.353158 0
0.810173 0.384617 0
0.815886 0.413402 0
0.815995 0.438418 0
0.825317 0.446403 0
0.843172 0.46303 0
0.829691 0.487505 0
0.847729 0.502065 0
0.861086 0.508657 0
0.879464 0.519943 0
0.892521 0.530272 0
0.906517 0.537429 0
0.92982 0.546883 0
0.910653 0.550931 0
0.919108 0.556421 0
0.924185 0.562658 0
0.923067 0.569516 0
0.924094 0.57532 0
0.920916 0.586527 0
0.898801 0.601855 0
0.903838 0.61217 0
0.88191 0.626181 0
0.866923 0.636404 0
0.851693 0.640805 0
0.834576 0.653116 0
0.827754 0.662886 0
0.812726 0.650651 0
0.791399 0.644057 0
0.768421 0.642809 0
0.735782 0.652773 0
0.732178 0.656845 0
0.724827 0.662228 0
0.705042 0.679605 0
0.690252 0.697975 0
0.682873 0.708223 0
0.645048 0.731756 0
0.638411 0.737262 0
0.614466 0.746701 0
0.582945 0.755983 0
0.549997 0.764941 0
0.522821 0.768455 0
0.509622 0.762506 0
0.467767 0.766082 1
0.43815 0.762399 0
0.442802 0.743585 0
0.419631 0.742218 0
0.413146 0.735813 0
0.407336 0.720483 0
0.39827 0.713017 0
0.392743 0.702369 0
0.385165 0.687041 0
0.368383 0.679124 0
0.353881 0.673608 0
0.338824 0.677129 0
0.316678 0.678427 0
0.308071 0.667187 0
0.302078 0.657741 0
0.290171 0.64977 0
0.282185 0.643846 0
0.272322 0.630761 0
0.252537 0.638236 0
0.245013 0.631274 0
0.232223 0.62619 0
0.218162 0.624113 0
0.207062 0.617696 0
0.197573 0.613853 0
0.183667 0.618634 0
0.168796 0.6173 0
0.158621 0.601505 0
0.15163 0.590061 0
0.140316 0.583249 0
0.126997 0.578855 0
0.116259 0.562011 0
0.106012 0.545553 0
0.0935834 0.537065 1
0.0907337 0.517489 0
0.088477 0.497417 0
0.082352 0.477967 0
0.0757205 0.441741 0
0.0682089 0.4193 0
0.0604356 0.391669 0
0.0561083 0.363808 0
0.0630837 0.343758 0
0.0639017 0.332639 0
0.0605254 0.340842 0
0.0575334 0.345119 0
0.0575791 0.337913 0
0.0558069 0.334369 0
0.0502843 0.332197 0
0.0498515 0.343644 0
0.050969 0.344609 0
0.0512339 0.331356 0
0.0541514 0.332714 0
0.058786 0.336826 0
0.0629297 0.314642 0
0.0704048 0.301453 0
0.0837798 0.280448 0
0.0983249 0.266225 0
0.112698 0.249232 0
0.131673 0.221153 0
0.177145 0.156172 0
0.19813 0.13623 0
0.189259 0.139606 0
0.213996 0.107113 0
0.211573 0.105446 0
0.218884 0.0950475 0
0.278321 0.0381881 1
0.300707 0.0307107 0
0.335595 0.0224039 0
0.360435 0.0167986 0
0.374535 0.0234958 0
0.419949 0.0199274 0
0.45811 0.0232607 0
0.489586 0.0220364 0
0.511008 0.0309327 0
0.558539 0.0165327 0
0.541098 0.0377513 0
0.564976 0.0454435 0
0.57437 0.0511787 0
0.591941 0.060306 0
0.601676 0.0682845 0
0.612118 0.0729392 0
0.613527 0.0890692 0
0.620506 0.10493 0
0.642832 0.108507 0
0.661315 0.115908 0
0.686167 0.117716 0
0.697518 0.120899 0
0.722512 0.118216 0
0.701518 0.131307 0
0.720825 0.138182 0
0.741099 0.139486 0
0.762808 0.137342 0
0.734228 0.146449 0
0.802206 0.146452 0
0.762584 0.154777 0
0.758448 0.162162 0
0.741496 0.172217 0
0.706034 0.193482 0
0.725201 0.196838 0
0.746911 0.190433 0
0.772527 0.19153 0
0.76783 0.208035 0
0.770613 0.218133 0
0.776063 0.241966 0
0.781932 0.264058 0
0.790395 0.297484 0
0.799823 0.320564 0
0.812799 0.345667 0
0.831153 0.374964 0
0.849724 0.394632 0
0.841878 0.403352 0
0.841624 0.406881 0
0.815253 0.41563 0
0.842859 0.415826 0
0.867187 0.418928 0
0.879951 0.419907 0
0.877881 0.419149 0
0.873457 0.411504 1
0.993198 0.492186 0
1 0.525841 0
0.982423 0.522719 0
0.90879 0.468411 0
0.903026 0.456604 0
0.905072 0.455691 0
0.893363 0.455862 0
0.847134 0.483583 0
0.911189 0.478926 0
0.859631 0.473754 0
0.838477 0.487575 0
0.771594 0.508892 0
0.784879 0.501971 0
0.75769 0.513522 0
0.753575 0.515702 0
0.750174 0.529311 0
0.711507 0.548188 0
0.759929 0.502883 0
0.658026 0.566982 0
0.696031 0.550636 0
0.689582 0.564535 0
0.67317 0.591559 0
0.652849 0.621218 0
0.658797 0.638036 0
0.685187 0.648904 0
0.626466 0.687659 1
0.643172 0.688655 0
0.569885 0.729939 0
0.563894 0.72333 0
0.542521 0.74095 0
0.534763 0.729968 0
0.518048 0.739047 0
0.516264 0.738126 0
0.538714 0.711006 0
0.504744 0.746247 0
0.453674 0.75665 0
0.485712 0.739711 0
