0.556857 0.104265 0
0.495454 0.0869965 0
0.509377 0.0784191 0
0.515948 0.0826977 0
0.541602 0.0820412 0
0.558997 0.11152 0
0.575847 0.152819 0
0.591588 0.176103 0
0.608265 0.201558 0
0.618989 0.229546 0
0.629928 0.2013 0
0.642874 0.203701 0
0.663428 0.230888 0
0.673265 0.218571 0
0.690034 0.231457 0
0.698023 0.251422 0
0.711318 0.26461 0
0.722757 0.265359 0
0.734204 0.26656 0
0.742358 0.264285 0
0.763776 0.297517 0
0.77862 0.323878 0
0.78604 0.326352 0
0.794195 0.319898 0
0.809356 0.320856 0
0.820652 0.321277 0
0.827811 0.324892 0
0.829314 0.320978 0
0.843385 0.331301 0
0.847975 0.325402 0
0.851907 0.330129 0
0.851668 0.33617 0
0.845078 0.347894 0
0.844499 0.369196 0
0.807887 0.366679 0
0.813285 0.394952 0
0.778035 0.3954 0
0.816627 0.446324 0
0.826436 0.470066 0
0.828189 0.49166 0
0.841087 0.525413 0
0.835099 0.538822 0
0.831569 0.565714 0
0.808595 0.587237 0
0.817137 0.632246 0
0.787292 0.652186 0
0.759283 0.673592 0
0.748161 0.696718 0
0.736598 0.719417 0
0.71944 0.738823 0
0.718414 0.758295 0
0.702494 0.769337 0
0.692842 0.784722 0
0.690157 0.797004 0
0.679988 0.803163 0
0.658919 0.804753 0
0.643967 0.812141 0
0.636905 0.823519 0
0.620377 0.819241 0
0.60428 0.818766 0
0.595519 0.837775 0
0.567365 0.828641 0
0.555061 0.82588 0
0.540425 0.834841 0
0.52245 0.824989 0
0.507406 0.820263 0
0.490061 0.811269 0
0.470671 0.806368 0
0.455812 0.801311 0
0.438158 0.810627 0
0.421962 0.813179 0
0.403172 0.826129 0
0.385329 0.835898 0
0.37834 0.828491 0
0.347307 0.837843 0
0.327784 0.837331 0
0.310824 0.830613 0
0.293042 0.818797 0
0.270032 0.80478 0
0.257933 0.776524 0
0.241289 0.751011 0
0.218108 0.749723 0
0.200977 0.720011 0
0.189897 0.695542 0
0.152179 0.693974 0
0.126185 0.650714 0
0.11226 0.667295 0
0.104102 0.659673 0
0.100618 0.658077 0
0.0952476 0.652416 0
0.0835408 0.653239 0
0.0737598 0.646584 0
0.0667494 0.645036 0
0.0631865 0.641645 0
0.0605183 0.652076 0
0.0568254 0.651904 0
0.0497092 0.646046 0
0.0432121 0.63383 0
0.0407268 0.618138 0
0.0306431 0.623142 0
0.0240904 0.615467 0
0.0246154 0.593878 0
0.00544457 0.590859 0
0.00340483 0.575961 0
0.00903676 0.550842 0
0.0123875 0.493656 0
0.0210901 0.463944 0
0.0318572 0.449179 0
0.0786395 0.42808 0
0.092033 0.397812 0
0.110516 0.38697 0
0.11026 0.36942 0
0.093104 0.333893 0
0.0959666 0.303879 0
0.132077 0.293804 0
0.157291 0.270254 0
0.174993 0.257418 0
0.212493 0.23985 0
0.217019 0.207896 0
0.239678 0.194113 0
0.256779 0.178436 0
0.266749 0.166844 0
0.275173 0.16091 0
0.288917 0.150767 0
0.297389 0.146581 0
0.30504 0.143868 0
0.314724 0.13404 0
0.32481 0.136129 0
0.334377 0.129271 0
0.348379 0.122672 0
0.351925 0.116975 0
0.365064 0.102344 0
0.369783 0.0972848 1
0.382232 0.101955 0
0.392934 0.104237 0
0.399651 0.101029 0
0.417424 0.113368 0
0.437642 0.115186 0
0.445976 0.102352 0
0.46414 0.100052 0
0.475378 0.10156 0
0.491756 0.110933 0
0.517359 0.111472 0
0.537954 0.126752 0
0.556026 0.136156 0
0.586955 0.145658 0
0.600892 0.175454 0
0.615858 0.192986 0
0.623015 0.229017 0
0.630826 0.248535 0
0.652341 0.259661 0
0.668128 0.256305 0
0.685676 0.253965 0
0.698189 0.25806 0
0.711394 0.251206 0
0.73368 0.265738 0
0.747859 0.265993 0
0.762855 0.264009 0
0.792502 0.297013 0
0.807587 0.296714 0
0.828251 0.307754 0
0.850067 0.314555 0
0.857704 0.320777 0
0.862265 0.326132 0
0.870596 0.325375 0
0.876001 0.324998 0
0.885455 0.330533 0
0.888587 0.345199 0
0.908614 0.36517 0
0.928661 0.363696 0
0.951163 0.385571 0
0.977855 0.398843 0
0.996559 0.4363 0
1 0.477363 0
0.974599 0.510669 0
0.960418 0.526061 0
0.958561 0.532177 0
0.960801 0.545368 0
0.947098 0.545647 0
0.93763 0.555282 0
0.911655 0.584349 0
0.899124 0.609084 0
0.886493 0.626267 0
0.88556 0.667429 0
0.881844 0.704724 0
0.85395 0.722922 0
0.851554 0.758206 0
0.847491 0.790298 0
0.831347 0.813104 0
0.808596 0.828084 0
0.792579 0.852706 0
0.771913 0.864592 0
0.740557 0.858713 0
0.727113 0.870574 0
0.707387 0.871421 0
0.691882 0.888318 0
0.677292 0.881003 0
0.651541 0.846929 0
0.63633 0.87711 0
0.624979 0.873487 0
0.606302 0.853815 0
0.581355 0.840227 0
0.561286 0.843668 0
0.5374 0.846692 0
0.514352 0.841145 0
0.49653 0.839888 0
0.474082 0.824802 0
0.45119 0.81925 0
0.436167 0.842581 0
0.411881 0.863923 0
0.381429 0.899738 0
0.357764 0.903277 0
0.332866 0.874917 0
0.32411 0.866825 0
0.309436 0.864158 0
0.289775 0.862705 0
0.278989 0.858139 0
0.265207 0.838211 0
0.244597 0.822327 0
0.229644 0.794638 0
0.203437 0.787262 0
0.191883 0.781348 0
0.164997 0.760126 0
0.138774 0.74059 0
0.09823 0.711459 0
0.102456 0.698257 0
0.0941824 0.684333 0
0.0892892 0.688321 0
0.084008 0.687896 0
0.077905 0.686198 0
0.072077 0.685082 0
0.0570775 0.690675 0
0.0487864 0.68733 0
0.0476769 0.674937 0
0.0354868 0.669963 0
0.0211697 0.651793 0
0.0150128 0.634159 0
0.0190764 0.61881 0
0.0096416 0.616417 0
0.00932518 0.579505 0
0.00642493 0.539264 0
0.0170654 0.511132 0
0.0110029 0.507104 0
0.0239516 0.486426 0
0.00925709 0.474874 0
0 0.454714 0
0.0588993 0.418826 0
0.0666156 0.382961 0
0.0771998 0.368546 0
0.0932731 0.334328 0
0.109958 0.315521 0
0.126389 0.290099 0
0.107562 0.249704 0
0.129342 0.22809 0
0.140615 0.200972 0
0.145684 0.184394 0
0.168392 0.172363 1
0.188097 0.156157 0
0.195384 0.139589 0
0.216592 0.127421 0
0.226835 0.0998729 0
0.244066 0.108451 0
0.25943 0.102116 0
0.27303 0.0852274 0
0.286212 0.0796719 0
0.303927 0.0839737 0
0.313683 0.0805908 0
0.331455 0.0761851 0
0.34162 0.0735531 0
0.358125 0.0720237 0
0.389988 0.0406253 0
0.406694 0.0392801 0
0.419617 0.0435015 0
0.448206 0.0436028 0
0.459702 0.0413513 0
0.492833 0.0783427 0
0.499078 0.077955 0
0.520317 0.0787657 0
0.527321 0.0851849 0
0.535789 0.100182 0
0.565771 0.0910699 0
0.584058 0.087574 0
0.589348 0.1092 1
0.597923 0.12887 0
0.608979 0.139694 0
0.621547 0.157231 0
0.636616 0.172486 0
0.651822 0.175758 0
0.667731 0.17627 0
0.694627 0.189012 0
0.702898 0.205189 0
0.725409 0.222365 0
0.750181 0.243636 0
0.761805 0.242458 0
0.78316 0.27782 0
0.806458 0.289994 0
0.827445 0.307593 0
0.846982 0.306736 0
0.862617 0.31529 0
0.866823 0.313758 0
0.8741 0.319722 0
0.880105 0.3212 0
0.881776 0.322657 0
0.881689 0.322921 0
0.881893 0.323012 1
0.894362 0.327704 0
0.902679 0.352162 0
0.917071 0.381859 0
0.925017 0.380535 0
0.930524 0.390139 0
0.929505 0.421821 0
0.935712 0.451185 0
0.928157 0.466167 0
0.926168 0.490763 0
0.917548 0.496436 0
0.915131 0.502208 0
0.917124 0.522639 0
0.905385 0.542717 0
0.897957 0.564941 0
0.878255 0.588441 0
0.858273 0.613797 1
0.850845 0.64462 0
0.832134 0.683146 0
0.833505 0.708873 0
0.814333 0.735738 0
0.802767 0.769239 0
0.785323 0.784367 0
0.772758 0.806007 0
0.755844 0.819072 0
0.730286 0.827086 0
0.716217 0.830081 0
0.691879 0.812406 0
0.69493 0.850729 0
0.678836 0.848094 0
0.654942 0.832979 1
0.639422 0.849545 0
0.618959 0.857843 0
0.60303 0.870174 0
0.584032 0.874369 0
0.563176 0.864682 0
0.547658 0.848197 0
0.524138 0.852718 0
0.503612 0.846138 0
0.484232 0.833446 0
0.471226 0.867478 1
0.447521 0.839568 0
0.432124 0.832378 0
0.416139 0.833717 0
0.400089 0.82584 0
0.382213 0.81983 0
0.362901 0.844279 0
0.335005 0.861423 0
0.327177 0.829768 0
0.30836 0.824799 0
0.280431 0.822746 1
0.274608 0.778311 0
0.254298 0.777837 0
0.233004 0.771197 0
0.209357 0.769193 0
0.194736 0.742079 0
0.16864 0.721265 0
0.131688 0.693501 0
0.11394 0.682384 1
0.106044 0.684582 0
0.099377 0.681444 0
0.0939985 0.679561 0
0.0903016 0.669339 0
0.077395 0.669399 0
0.0670309 0.66849 0
0.0553857 0.671191 0
0.0519285 0.658323 0
0.0437973 0.650835 0
0.0567806 0.601315 0
0.0426436 0.602185 0
0.0385878 0.589554 0
0.0407859 0.556234 0
0.0392061 0.535521 0
0.0298259 0.511322 0
0.0237845 0.49035 0
0.0334549 0.444533 0
0.0276618 0.438257 1
0.0154623 0.443403 0
0.0165431 0.413031 0
0.0187507 0.385846 0
0.011926 0.37277 0
0.0366371 0.346561 0
0.0381154 0.329267 1
0.0440204 0.311525 0
0.0592224 0.273273 0
0.0699982 0.247827 0
0.0784528 0.220714 0
0.0910754 0.199633 0
0.0949021 0.165769 0
0.0923163 0.122264 0
0.116299 0.0981376 0
0.137206 0.0506692 0
0.159834 0.0448052 0
0.183041 0.0374827 0
0.209373 0.0309435 0
0.227813 0.0153632 0
0.24397 0.00872094 0
0.253137 0.0145632 0
0.263485 0.0247894 0
0.286375 0.0343461 0
0.315547 0.039011 0
0.329271 0.0435433 0
0.348547 0.0489034 1
0.355479 0.0349417 0
0.381394 0.00407128 0
0.399651 0.00890269 0
0.415382 0.00498799 0
0.424176 0.0286592 0
0.461725 0 0
0.463461 0.0217382 0
0.483 0.0269418 0
0.49627 0.0161079 0
0.523834 0.0923685 0
