0.633371 0.0164972 0
0.650504 0.0204025 0
0.657405 0.0448779 0
0.666816 0.0678018 0
0.677006 0.0868077 0
0.685932 0.107315 0
0.695819 0.123486 0
0.702297 0.149268 0
0.714763 0.172271 0
0.736817 0.171068 0
0.755239 0.176252 1
0.763238 0.206982 0
0.768687 0.226469 0
0.773602 0.249171 0
0.784319 0.277889 0
0.803665 0.293186 0
0.80378 0.283782 0
0.828033 0.295667 0
0.843733 0.307266 0
0.84546 0.317617 0
0.850857 0.327503 0
0.866643 0.338317 0
0.885993 0.347271 0
0.903274 0.361757 0
0.923402 0.385733 0
0.934383 0.40333 0
0.941615 0.420625 0
0.948273 0.439334 0
0.934492 0.425259 0
0.943086 0.454687 0
0.944485 0.47503 0
0.949821 0.486449 0
0.959573 0.503868 0
0.961893 0.511622 0
0.959284 0.52142 0
0.959237 0.529247 0
0.961189 0.544391 0
0.951809 0.549329 0
0.945199 0.559245 0
0.938201 0.579982 0
0.908171 0.565884 0
0.881752 0.566874 0
0.849805 0.586721 0
0.821 0.610283 0
0.79207 0.631558 0
0.757533 0.659011 0
0.731938 0.696094 1
0.716392 0.706491 0
0.702403 0.714417 0
0.68663 0.721172 0
0.671451 0.724942 0
0.661358 0.742069 0
0.651701 0.751978 0
0.640527 0.741693 0
0.629074 0.739863 0
0.616083 0.746951 0
0.602702 0.746734 0
0.589897 0.731862 0
0.574516 0.720415 0
0.557965 0.707547 0
0.543243 0.698947 0
0.528544 0.698043 0
0.510235 0.69614 0
0.494759 0.676873 0
0.478223 0.663831 0
0.454744 0.671376 0
0.437241 0.678437 0
0.424271 0.675973 0
0.407538 0.677621 0
0.388479 0.696474 0
0.369193 0.716869 0
0.351718 0.712317 0
0.332767 0.71143 0
0.31529 0.719855 0
0.299881 0.740027 0
0.282864 0.77126 0
0.265521 0.769419 0
0.249561 0.744628 0
0.23611 0.732776 0
0.224781 0.72671 0
0.211875 0.715003 0
0.201832 0.703373 0
0.191127 0.688947 0
0.179158 0.679591 0
0.167818 0.671797 0
0.158804 0.67227 0
0.147812 0.675336 1
0.13547 0.654002 0
0.123489 0.630144 0
0.103526 0.602252 0
0.0919163 0.59488 0
0.085978 0.595949 0
0.0854694 0.593665 0
0.0862336 0.591016 0
0.087102 0.587294 0
0.0885796 0.586276 0
0.0883576 0.585556 0
0.0831625 0.576768 0
0.0746129 0.561475 0
0.0657413 0.557226 0
0.0561838 0.550544 0
0.047896 0.532212 0
0.0409028 0.519411 0
0.0368267 0.516331 0
0.0362849 0.513531 0
0.0376569 0.50554 0
0.0406072 0.505524 0
0.0439288 0.516903 0
0.0484567 0.520061 0
0.0538877 0.514081 0
0.0606129 0.504127 0
0.0699801 0.500509 0
0.0816058 0.500456 0
0.0896039 0.502914 0
0.0963543 0.488048 0
0.107044 0.451186 0
0.118561 0.409491 0
0.130425 0.35194 0
0.147369 0.285921 0
0.162567 0.243972 0
0.182963 0.192814 0
0.209889 0.146878 0
0.228688 0.129849 0
0.239107 0.11492 0
0.249801 0.108979 0
0.261781 0.102121 0
0.276107 0.0851559 0
0.29134 0.0682316 0
0.302987 0.0589758 0
0.31324 0.0671598 0
0.322115 0.102308 0
0.330417 0.113402 0
0.349113 0.106866 0
0.375198 0.089348 0
0.393431 0.0827727 0
0.407823 0.0532905 0
0.423084 0.0220517 1
0.439236 0.0311834 0
0.457353 0.0387978 0
0.475311 0.0258118 0
0.48254 0.0172725 0
0.493806 0.0235864 0
0.512285 0.0163185 0
0.533934 0.00738183 0
0.555051 0.00429587 0
0.572609 0 0
0.582378 0.00551591 0
0.58956 0.0318219 0
0.602219 0.0557789 0
0.62049 0.0577145 0
0.638105 0.0615251 0
0.647512 0.0823051 0
0.658567 0.108535 0
0.671221 0.134421 0
0.688763 0.146727 0
0.710121 0.148486 0
0.720919 0.160901 0
0.728935 0.186876 0
0.746106 0.20513 0
0.764086 0.204681 0
0.778684 0.213371 0
0.797892 0.22496 0
0.816564 0.233276 0
0.837592 0.241989 0
0.855892 0.246633 0
0.877232 0.263955 0
0.892964 0.272082 0
0.912887 0.293221 0
0.92994 0.318426 0
0.939005 0.340107 0
0.941664 0.341675 0
0.950227 0.347867 0
0.954841 0.356632 0
0.953385 0.371829 0
0.952801 0.392513 0
0.951926 0.41415 0
0.957681 0.431419 0
0.968774 0.443012 0
0.975841 0.456081 0
0.986408 0.458623 0
0.996688 0.472056 0
1 0.481696 0
0.999706 0.48677 0
0.994299 0.497376 0
0.988269 0.515276 0
0.987286 0.528044 0
0.984237 0.535796 0
0.957575 0.533225 0
0.937045 0.551462 0
0.912754 0.569807 0
0.884358 0.592259 0
0.850712 0.617583 0
0.821197 0.651614 0
0.797177 0.697181 0
0.778999 0.74181 0
0.764201 0.779199 0
0.753085 0.789061 0
0.743148 0.807868 0
0.731853 0.823788 0
0.721912 0.834451 0
0.712125 0.831866 0
0.700631 0.818236 0
0.690828 0.789137 0
0.679061 0.764423 0
0.663887 0.750588 0
0.647244 0.739649 0
0.627715 0.734417 0
0.610966 0.726744 0
0.59322 0.716062 0
0.573761 0.697759 0
0.551469 0.687862 0
0.530944 0.679743 0
0.511308 0.676059 0
0.488299 0.678056 0
0.467011 0.683976 0
0.445586 0.680968 0
0.427139 0.683838 0
0.409508 0.69493 0
0.390029 0.710448 0
0.368711 0.729328 0
0.346545 0.745954 0
0.327235 0.77049 0
0.306413 0.807341 1
0.299308 0.710171 0
0.27517 0.713392 0
0.257064 0.714132 0
0.241551 0.697335 0
0.228442 0.667812 0
0.2149 0.653778 0
0.198899 0.648226 0
0.182911 0.623907 0
0.165822 0.609477 0
0.153141 0.594982 0
0.143467 0.587675 0
0.131358 0.584599 0
0.119098 0.577001 0
0.107371 0.582209 0
0.0952481 0.578757 0
0.0777504 0.566075 0
0.0587426 0.553829 0
0.0554092 0.544741 0
0.0528391 0.547074 0
0.0514956 0.54963 0
0.0528989 0.535768 0
0.0542417 0.53485 0
0.0557093 0.545601 0
0.0569786 0.547012 0
0.0553703 0.545187 0
0.0492367 0.529912 0
0.0408705 0.508416 0
0.035395 0.486762 0
0.0275549 0.470873 0
0.0175003 0.46453 0
0.00972052 0.461731 0
0 0.455217 1
0.00232175 0.460201 0
0.00574982 0.468285 0
0.0100358 0.47471 0
0.0169504 0.484783 0
0.0217364 0.49495 0
0.019687 0.479602 0
0.0197164 0.467669 0
0.0257389 0.476603 0
0.0338042 0.470181 0
0.0433698 0.457025 0
0.0510823 0.443649 0
0.0587529 0.432447 0
0.0675172 0.417325 0
0.0749582 0.394902 0
0.0819151 0.36498 0
0.0929978 0.314062 0
0.110506 0.246841 0
0.129064 0.183325 1
0.147306 0.167292 0
0.159202 0.155981 0
0.171798 0.146573 0
0.18614 0.135616 0
0.203612 0.132408 0
0.21959 0.11638 0
0.236933 0.107594 0
0.252308 0.107673 0
0.267201 0.0991186 0
0.285023 0.0986629 0
0.292792 0.111034 0
0.311848 0.120043 0
0.327203 0.131313 0
0.345283 0.123299 0
0.358089 0.121237 0
0.373175 0.13059 0
0.377618 0.141834 0
0.400717 0.132565 0
0.42278 0.139393 0
0.437667 0.141283 0
0.448075 0.126064 0
0.479214 0.101436 0
0.511185 0.0761688 0
0.533249 0.0623121 0
0.555575 0.0553754 0
0.565139 0.0549164 0
0.577072 0.0628845 0
0.584897 0.0485523 1
0.603043 0.0572574 0
0.619233 0.0679289 0
0.626212 0.0904605 0
0.638924 0.109549 0
0.651986 0.116741 0
0.677754 0.13477 0
0.686917 0.138672 0
0.707217 0.156143 0
0.714418 0.172163 0
0.730846 0.196208 0
0.738696 0.21576 0
0.752466 0.233251 0
0.763233 0.234995 0
0.775634 0.249289 0
0.785329 0.265897 0
0.799364 0.274293 0
0.818299 0.285262 0
0.837111 0.29943 0
0.853556 0.320212 0
0.865897 0.334819 0
0.890109 0.350421 0
0.92063 0.340956 1
0.93616 0.404519 0
0.929383 0.437778 0
0.958781 0.428406 0
0.965501 0.443582 0
0.967849 0.47304 0
0.97354 0.494073 0
0.98248 0.476273 0
0.988808 0.477084 0
0.986097 0.477158 0
0.99035 0.47233 0
0.992854 0.481134 0
0.9897 0.500042 0
0.98415 0.499495 0
0.96912 0.520755 0
0.966664 0.531888 0
0.963126 0.550714 0
0.940073 0.537924 0
0.911327 0.531364 0
0.888881 0.535397 0
0.872346 0.541934 0
0.84116 0.574338 0
0.805489 0.600981 0
0.774743 0.633292 0
0.752864 0.675123 0
0.74261 0.703758 0
0.716916 0.723356 0
0.708228 0.736373 0
0.703085 0.746858 0
0.697032 0.769289 0
0.693857 0.762202 0
0.702391 0.699237 0
0.693358 0.726627 0
0.690605 0.709805 0
0.678064 0.732252 0
0.666912 0.74084 0
0.659417 0.72284 0
0.631352 0.857008 0
0.622246 0.854918 0
0.61434 0.851851 1
