0.524987 0.142551 0
0.530999 0.068916 0
0.517123 0.0588573 0
0.492851 0.057796 0
0.473819 0.0615782 0
0.454444 0.0648507 0
0.428071 0.0653628 0
0.401476 0.0659786 0
0.384012 0.0825184 0
0.356426 0.0720692 0
0.322429 0.0651792 0
0.292388 0.0693228 0
0.266798 0.0263757 0
0.242713 0.022899 0
0.208233 0.0126888 0
0.155065 0.0297754 0
0.0665896 0.254245 0
0.0743928 0.268233 0
0.0634833 0.260089 0
0.0552146 0.225749 0
0.0421646 0.214145 0
0.0350474 0.206477 0
0.0294036 0.204368 1
0.0181287 0.201054 0
0.0146678 0.216592 0
0.0126732 0.231039 0
0.00513243 0.251386 0
0.0152725 0.275682 0
0.00742876 0.296098 0
0.00376467 0.309459 0
0.00410009 0.324565 0
0 0.354366 0
0.0128309 0.383416 0
0.022141 0.413505 0
0.0292788 0.449542 0
0.039634 0.461506 0
0.0825511 0.474891 0
0.102593 0.49768 0
0.10494 0.546577 0
0.132803 0.567504 0
0.161168 0.606496 0
0.182224 0.629044 0
0.199974 0.653619 0
0.247024 0.640469 0
0.272535 0.65351 0
0.285797 0.679555 0
0.309649 0.673892 0
0.340092 0.667472 0
0.364952 0.64974 0
0.386036 0.64445 0
0.410104 0.656114 0
0.422562 0.662158 0
0.458018 0.649489 0
0.485115 0.619386 0
0.511723 0.596763 0
0.546379 0.600801 0
0.573646 0.618402 0
0.595186 0.633781 0
0.611296 0.62088 0
0.631362 0.612392 0
0.649483 0.599944 0
0.667244 0.593737 0
0.684239 0.570893 0
0.707516 0.545596 0
0.733421 0.513866 0
0.756867 0.500067 0
0.783321 0.479816 0
0.810691 0.46552 0
0.822958 0.442599 0
0.841196 0.438861 0
0.865778 0.438592 0
0.892013 0.438447 0
0.899491 0.423539 0
0.910456 0.412133 0
0.918649 0.396949 0
0.924141 0.387733 0
0.947852 0.37855 0
0.971686 0.366915 0
0.979657 0.346321 0
0.980278 0.325318 0
0.985192 0.298699 0
1 0.288975 0
0.994139 0.266994 0
0.971989 0.244789 0
0.963055 0.200174 0
0.976901 0.163349 0
0.954513 0.139678 0
0.946007 0.105233 0
0.929654 0.0850436 0
0.920424 0.0734687 0
0.90536 0.058417 0
0.877868 0.0540953 0
0.854702 0.0410093 0
0.834873 0.029534 0
0.815782 0.0267906 0
0.806161 0.0106828 0
0.771401 0.0378756 0
0.750265 0.049975 0
0.734601 0.059845 0
0.70224 0.0666403 0
0.671111 0.102086 0
0.642802 0.114553 0
0.615058 0.108156 0
0.580816 0.120026 0
0.551445 0.119671 0
0.531252 0.135614 0
0.492445 0.128198 0
0.471168 0.142826 0
0.443913 0.150435 0
0.430499 0.142166 0
0.40591 0.157106 0
0.386641 0.157576 0
0.372509 0.15032 0
0.346188 0.138291 0
0.32978 0.143166 0
0.320036 0.146246 0
0.29856 0.14787 0
0.285954 0.150864 0
0.278625 0.15652 0
0.26842 0.163088 0
0.25659 0.164611 0
0.23164 0.168182 0
0.213803 0.164403 0
0.200561 0.174708 0
0.182187 0.16926 1
0.171081 0.170077 0
0.16458 0.172007 0
0.157932 0.170346 0
0.15285 0.171812 0
0.1522 0.172921 0
0.15525 0.179229 0
0.151749 0.184543 0
0.146866 0.184563 0
0.143056 0.185329 0
0.141141 0.197094 0
0.139107 0.211155 0
0.144416 0.233085 0
0.145286 0.240496 0
0.146702 0.25672 0
0.134833 0.296677 0
0.102074 0.363178 0
0.110248 0.405854 0
0.113654 0.433002 0
0.131777 0.454954 0
0.155023 0.492659 0
0.123193 0.606779 0
0.165041 0.614936 0
0.204075 0.584818 0
0.202744 0.635136 0
0.229037 0.640296 0
0.239789 0.66831 0
0.279745 0.667062 0
0.312371 0.667455 0
0.322266 0.678468 0
0.354745 0.674269 0
0.376965 0.669718 0
0.393868 0.662169 1
0.408597 0.652869 0
0.429437 0.63163 0
0.445163 0.625114 0
0.462329 0.604247 0
0.479706 0.60323 0
0.499234 0.58966 0
0.524077 0.587178 0
0.54086 0.575396 0
0.548549 0.550592 0
0.569637 0.545406 0
0.596951 0.538085 0
0.610268 0.521714 0
0.622966 0.498921 0
0.643325 0.49281 0
0.670928 0.493677 0
0.692298 0.484444 0
0.712002 0.479836 0
0.725037 0.456557 0
0.73863 0.437121 0
0.763119 0.421364 1
0.789848 0.415634 0
0.808319 0.40676 0
0.84072 0.409648 0
0.851446 0.389436 0
0.868044 0.381286 0
0.879883 0.361767 0
0.909258 0.350325 0
0.929229 0.354822 0
0.94134 0.346195 0
0.951891 0.335423 0
0.958619 0.32126 0
0.982366 0.31263 0
0.984869 0.294984 0
0.977658 0.277587 0
0.992682 0.293895 0
0.970124 0.254055 0
0.963301 0.243651 0
0.962398 0.208677 0
0.975087 0.199619 0
0.945712 0.153301 0
0.937024 0.109989 0
0.928944 0.103549 0
0.925363 0.108692 0
0.916535 0.096116 0
0.884665 0.0706925 0
0.871001 0.0591166 1
0.847523 0.0527827 0
0.824318 0.0371441 0
0.804827 0.0301038 0
0.779688 0.04274 0
0.76616 0.026303 0
0.733317 0.0491724 1
0.70912 0.0408977 0
0.707082 0.0516012 0
0.685469 0.0570128 0
0.660524 0.0662268 0
0.630607 0.0561897 0
0.623004 0.0635356 0
0.598129 0.0482486 0
0.585423 0.0304036 0
0.565292 0.0306091 0
0.540883 0.0284601 0
0.515316 0.019082 0
0.502397 0.00682781 0
0.474813 0.00378572 0
0.451487 0 0
0.434618 0.00815772 0
0.420322 0.0226808 0
0.405112 0.0231452 0
0.379577 0.017769 0
0.353845 0.0224568 0
0.333978 0.0249225 1
0.320108 0.0313179 0
0.305517 0.0305807 0
0.299824 0.0438912 0
0.284983 0.0400643 0
0.282223 0.0541217 0
0.141388 0.317362 0
0.131939 0.314401 0
0.108779 0.302712 0
0.109172 0.288536 0
0.106143 0.268508 0
0.0998734 0.260437 0
0.090098 0.269304 0
0.0860818 0.280441 0
0.0802189 0.276728 0
0.0694948 0.273675 0
0.062201 0.289333 0
0.0669957 0.293085 0
0.0716369 0.294033 0
0.0578699 0.318244 0
0.0559707 0.344752 0
0.0626796 0.374376 0
0.0695346 0.390358 0
0.0731598 0.430519 0
0.0827328 0.43731 0
0.077721 0.468507 0
0.0908636 0.48478 0
0.100205 0.520208 0
0.111786 0.53005 1
0.125865 0.548533 0
0.145555 0.591698 0
0.162811 0.588247 0
0.176842 0.607611 0
0.187105 0.631011 0
0.212236 0.652145 0
0.229945 0.673224 0
0.256195 0.683007 0
0.273469 0.675793 0
0.302653 0.680876 0
0.320807 0.689542 0
0.355712 0.664646 0
0.386171 0.664058 0
0.405131 0.630992 0
0.416634 0.615218 0
0.441774 0.600091 0
0.45238 0.56368 0
0.477427 0.572034 0
0.496941 0.565162 0
0.506094 0.542309 0
0.527395 0.552272 0
0.542019 0.525874 0
0.567787 0.52292 0
0.562923 0.462522 0
0.616377 0.532198 0
0.629111 0.5458 0
0.643489 0.530128 0
0.665415 0.507565 0
0.6551 0.424873 0
0.658953 0.348204 0
0.667835 0.333755 0
0.659911 0.32158 0
0.685762 0.310123 0
0.708921 0.320306 0
0.738833 0.326818 0
0.816308 0.348158 0
