0.869389 0.322506 0
0.854699 0.272624 0
0.83899 0.239127 0
0.828878 0.218063 0
0.819838 0.209963 0
0.807987 0.195646 0
0.787398 0.155202 0
0.765702 0.118488 0
0.742176 0.0922896 1
0.720546 0.0872582 0
0.70296 0.0849604 0
0.68395 0.0813087 0
0.660091 0.0906617 0
0.63317 0.10131 0
0.605524 0.0933158 0
0.579521 0.0935879 0
0.552659 0.0910345 0
0.523756 0.0811175 0
0.495448 0.07888 0
0.469537 0.0814955 0
0.446666 0.0815211 0
0.424447 0.0876463 0
0.399284 0.0946954 0
0.370314 0.0982887 0
0.341317 0.0933325 0
0.319667 0.0913192 0
0.288109 0.102192 0
0.262492 0.117134 0
0.239251 0.128191 0
0.217364 0.135872 0
0.19465 0.147859 0
0.170328 0.163343 0
0.152018 0.189575 1
0.132898 0.239031 0
0.114217 0.276795 0
0.0998003 0.299918 0
0.0867004 0.316961 0
0.0763367 0.345994 0
0.0662062 0.357449 0
0.0544279 0.364624 0
0.0443084 0.374831 0
0.0401104 0.383535 0
0.03941 0.397579 0
0.0383055 0.419914 0
0.0369373 0.42939 0
0.0328742 0.428596 0
0.0328688 0.438183 0
0.0323833 0.448164 0
0.0346203 0.469886 0
0.03868 0.490675 0
0.0419818 0.496369 0
0.0418138 0.49111 0
0.0472419 0.515716 0
0.0550856 0.549345 0
0.0658503 0.582266 0
0.0829243 0.598429 0
0.0917899 0.598128 0
0.0998088 0.595634 0
0.111607 0.609107 0
0.135959 0.657415 0
0.15595 0.695173 0
0.175416 0.720962 0
0.19284 0.74637 0
0.211079 0.777692 0
0.233009 0.813583 0
0.255041 0.844387 0
0.2745 0.865028 0
0.290366 0.875245 0
0.305021 0.877003 0
0.324029 0.897212 0
0.335698 0.896612 0
0.354268 0.910866 0
0.377215 0.934469 0
0.395478 0.944796 0
0.406263 0.938772 0
0.420902 0.92944 0
0.442987 0.930939 1
0.469256 0.926401 0
0.496846 0.9175 0
0.527877 0.917435 0
0.556324 0.916438 0
0.578872 0.898147 0
0.601138 0.87416 0
0.630398 0.872934 0
0.660807 0.879585 0
0.687381 0.879365 0
0.712826 0.872071 0
0.740284 0.861017 0
0.76768 0.849134 0
0.790367 0.8271 0
0.806391 0.778152 0
0.818001 0.733988 0
0.82768 0.69366 0
0.845569 0.666721 0
0.864788 0.6416 0
0.892421 0.6289 0
0.929699 0.630289 0
0.945754 0.621935 0
0.954865 0.61325 0
0.95947 0.605063 0
0.965419 0.610033 0
0.97396 0.624503 0
0.982659 0.634174 0
0.98826 0.628539 0
0.985817 0.610308 0
0.976419 0.592923 0
0.971351 0.579747 0
0.974867 0.574797 0
0.976145 0.57576 0
0.948818 0.548932 0
0.929745 0.510847 0
0.919413 0.487327 0
0.908157 0.456951 0
0.902925 0.438541 0
0.896023 0.414959 0
0.886354 0.355655 0
0.869776 0.295418 0
0.859792 0.257706 0
0.841139 0.215856 0
0.815778 0.177199 0
0.794952 0.159171 0
0.775634 0.153039 0
0.752575 0.140746 0
0.727758 0.118118 0
0.699974 0.0917498 0
0.679505 0.0960097 0
0.662462 0.107626 0
0.632438 0.0895665 0
0.601187 0.080316 0
0.57386 0.0799557 0
0.546687 0.071794 0
0.523151 0.0723331 0
0.50252 0.0762702 0
0.481158 0.0820732 0
0.449093 0.0839779 0
0.416459 0.090527 0
0.389638 0.101345 0
0.364126 0.105926 0
0.336804 0.115695 0
0.313164 0.134578 0
0.285692 0.150005 0
0.25205 0.163316 0
0.223013 0.184713 0
0.196703 0.207678 0
0.170676 0.231319 0
0.148186 0.258691 0
0.129082 0.282785 0
0.113539 0.308691 0
0.0963021 0.332424 0
0.0850705 0.365551 0
0.0706972 0.367395 0
0.0527321 0.35029 0
0.04371 0.348275 0
0.0411884 0.358602 0
0.0379318 0.372282 0
0.0327201 0.394786 0
0.036438 0.398569 0
0.03399 0.410951 0
0.0337024 0.423678 0
0.0317428 0.435894 0
0.0296953 0.455926 0
0.0302207 0.481474 0
0.031806 0.498925 0
0.0358877 0.508727 0
0.035199 0.494839 0
0.0319299 0.495159 0
0.0302092 0.507823 0
0.0347936 0.53417 0
0.0425073 0.569508 0
0.046531 0.587581 0
0.0519328 0.605482 1
0.0703875 0.617308 0
0.0946701 0.655659 0
0.122548 0.714491 0
0.138605 0.728001 0
0.158105 0.736939 0
0.174298 0.758609 0
0.189342 0.783812 0
0.205773 0.803066 0
0.233724 0.846156 0
0.249547 0.861591 0
0.265726 0.876858 0
0.277566 0.879722 0
0.286541 0.872466 0
0.300664 0.874013 0
0.314993 0.876478 0
0.329486 0.885356 0
0.342059 0.884059 0
0.363112 0.898976 0
0.367365 0.878908 0
0.379823 0.867236 0
0.40847 0.881994 0
0.44025 0.89887 0
0.467245 0.902104 0
0.499392 0.905933 0
0.50826 0.845623 0
0.533823 0.829809 0
0.569417 0.841096 0
0.607965 0.861083 0
0.638724 0.867573 0
0.66448 0.86065 0
0.68936 0.851075 0
0.710373 0.835362 0
0.737652 0.828866 0
0.772605 0.828835 1
0.796233 0.766462 0
0.816159 0.726527 0
0.833354 0.693442 0
0.857893 0.671529 0
0.882687 0.646311 0
0.902293 0.614792 0
0.93009 0.605132 0
0.947593 0.600559 0
0.957788 0.593328 0
0.96805 0.589118 0
0.981077 0.59808 0
0.990858 0.605696 0
0.994169 0.605981 0
0.996442 0.607027 0
1 0.611123 0
0.993279 0.601159 0
0.980238 0.569501 0
0.973427 0.541119 0
0.968915 0.550719 0
0.968479 0.568294 0
0.949592 0.55621 0
0.924815 0.5157 0
0.91277 0.481884 0
0.900533 0.439866 0
0.887071 0.405575 0
0.882173 0.377578 0
0.880787 0.325267 0
0.868486 0.253987 1
0.856036 0.21358 0
0.844211 0.179211 0
0.834958 0.155643 0
0.818601 0.142895 0
0.798616 0.123893 0
0.777933 0.0994072 0
0.757489 0.0887669 0
0.735952 0.0729505 0
0.712263 0.0515713 0
0.687718 0.0524117 0
0.662297 0.0500693 0
0.637433 0.0371064 0
0.615098 0.0334134 0
0.593152 0.0224932 0
0.56655 0.00504748 0
0.541876 0 1
0.5215 0.0135908 0
0.499358 0.0252592 0
0.47639 0.0373555 0
0.450192 0.0438989 0
0.423865 0.0302158 0
0.395777 0.0383523 0
0.37823 0.056315 0
0.343394 0.064951 0
0.316926 0.0703894 0
0.301138 0.0847806 0
0.261668 0.100949 0
0.227434 0.115722 0
0.195781 0.133874 0
0.170767 0.169422 0
0.145185 0.212489 0
0.134806 0.252688 0
0.123287 0.270104 0
0.105712 0.311188 0
0.0947728 0.344365 0
0.0641215 0.346524 0
0.0512539 0.351073 0
0.0421053 0.349907 0
0.0281083 0.363948 0
0.0428704 0.356708 0
0.014605 0.336405 0
0 0.343564 1
