0.762249 0.152999 0
0.7275 0.12262 0
0.686693 0.0869916 0
0.648927 0.0628643 0
0.589553 0.0428449 0
0.533116 0.0380916 0
0.473213 0.0372268 0
0.415065 0.0420243 0
0.371873 0.0606697 0
0.314112 0.0630348 0
0.282279 0.0800291 0
0.267291 0.0999082 0
0.232175 0.092261 0
0.201311 0.114683 0
0.168109 0.143451 0
0.130374 0.162354 0
0.107354 0.18795 0
0.0956983 0.20996 0
0.0902174 0.247312 0
0.121221 0.317687 0
0.0717351 0.297803 0
0.0640338 0.332203 0
0.0580134 0.35893 0
0.0546411 0.381721 0
0.0531549 0.407815 0
0.0535974 0.436611 0
0.0575207 0.467363 0
0.0647566 0.497657 0
0.0635919 0.516771 0
0.0657933 0.537727 0
0.0698596 0.557439 0
0.073372 0.579845 0
0.0760961 0.603283 0
0.0811501 0.634559 0
0.109649 0.675813 0
0.155681 0.724687 0
0.179951 0.74146 0
0.207063 0.758693 0
0.233094 0.77247 0
0.256425 0.781162 0
0.277225 0.804242 0
0.297431 0.826814 0
0.328334 0.853694 0
0.344265 0.879754 0
0.353201 0.88117 0
0.334191 0.852575 0
0.335617 0.831377 0
0.341948 0.831489 0
0.346852 0.832956 0
0.351867 0.832381 0
0.366473 0.833146 0
0.391678 0.839471 0
0.41758 0.838862 0
0.450113 0.839109 0
0.500497 0.851587 0
0.539869 0.870089 0
0.568915 0.878569 1
0.582555 0.859671 0
0.59506 0.84355 0
0.606611 0.820767 0
0.627377 0.796127 0
0.660653 0.765853 0
0.69692 0.735021 0
0.728025 0.712553 0
0.742964 0.691053 0
0.748894 0.664328 0
0.759604 0.632855 0
0.778648 0.608173 0
0.809057 0.596339 0
0.850386 0.599413 0
0.885748 0.59987 0
0.903007 0.586216 0
0.921829 0.569694 0
0.938438 0.559615 0
0.951103 0.54253 0
0.962677 0.529301 0
0.97552 0.519791 0
0.989865 0.509947 0
0.998613 0.496954 0
1 0.473992 0
0.998128 0.451164 0
0.994503 0.4304 0
0.992922 0.410609 0
0.996832 0.396875 0
0.995459 0.377315 0
0.982277 0.3586 0
0.949711 0.328911 0
0.909424 0.291646 0
0.878287 0.256611 0
0.847285 0.221568 0
0.825666 0.198549 0
0.802027 0.17457 0
0.775472 0.145247 0
0.746784 0.117692 0
0.706553 0.080222 0
0.660269 0.0390115 0
0.615314 0.00379048 1
0.563809 0 0
0.517064 0.00244335 0
0.461569 0.0101646 0
0.417572 0.0190699 0
0.372492 0.0237173 0
0.335615 0.0244238 0
0.324622 0.0422761 0
0.298182 0.0513442 0
0.261033 0.056205 0
0.214876 0.0716561 0
0.162375 0.0921583 0
0.104407 0.116252 0
0.0685484 0.140077 0
0.0414279 0.15287 1
0.052057 0.197051 0
0.0607074 0.239985 0
0.0550022 0.273365 0
0.0334659 0.289804 0
0.0265184 0.316912 0
0.0176207 0.348634 0
0.00689299 0.38157 0
0.00486159 0.406727 0
0.00531661 0.437487 0
0 0.460317 0
0.000863466 0.484766 0
0.00318527 0.507872 0
0.00575198 0.530968 0
0.0143338 0.558051 0
0.020837 0.591508 0
0.0248391 0.629451 1
0.0830392 0.68157 0
0.12434 0.721785 0
0.15644 0.748548 0
0.19256 0.769604 0
0.231307 0.787732 0
0.272739 0.810132 0
0.305975 0.844573 0
0.334646 0.868992 0
0.348675 0.872875 0
0.345304 0.865728 0
0.368394 0.870416 0
0.373305 0.858269 0
0.375898 0.857077 0
0.375288 0.854551 0
0.370888 0.851103 0
0.402938 0.856844 0
0.429897 0.871893 0
0.466095 0.874831 0
0.548015 0.883941 0
0.543316 0.875225 0
0.571782 0.886921 0
0.618921 0.903464 0
0.609592 0.877411 0
0.620274 0.861752 0
0.619612 0.841474 0
0.648427 0.846808 0
0.692232 0.820614 0
0.754062 0.806806 0
0.780027 0.780709 0
0.779358 0.748446 0
0.790051 0.722797 0
0.840251 0.733265 0
0.808088 0.672017 0
0.799093 0.653627 0
0.801731 0.625112 0
0.863664 0.64857 0
0.843379 0.603062 0
0.870093 0.595129 0
