0.219853 0.0806633 1
0.251742 0.0734169 0
0.25943 0.0688026 0
0.277027 0.0530885 0
0.274717 0.0597704 0
0.245326 0.0602043 0
0.260896 0.0636697 0
0.258854 0.0658736 0
0.260886 0.0672246 0
0.26697 0.0635508 0
0.27137 0.0609265 0
0.285673 0.0548655 0
0.29497 0.0573992 0
0.311758 0.0502992 0
0.342586 0.0478885 0
0.370936 0.0400204 0
0.396625 0.0379222 0
0.49187 0.034219 0
0.654907 0.0736154 0
0.671659 0.0806002 0
0.641973 0.0652339 0
0.61698 0.0534338 0
0.622342 0.048461 0
0.624815 0.0412262 0
0.543513 0.00474668 0
0.545895 0.00459573 0
0.547962 0.00211847 0
0.591113 0.0159832 0
0.548016 0.00174687 0
0.556063 0.00280673 0
0.554061 0 1
0.600233 0.0153902 0
0.612118 0.0195695 0
0.596841 0.0126883 0
0.61914 0.0210167 0
0.651355 0.0391836 0
0.64217 0.0307694 0
0.611338 0.0145567 0
0.638259 0.024478 0
0.639837 0.0237246 0
0.59869 0.00126649 0
0.648667 0.0261231 0
0.627315 0.0160894 0
0.662777 0.0353352 0
0.687107 0.0553616 0
0.688647 0.0577809 0
0.694053 0.0668893 0
0.703431 0.0872017 0
0.683422 0.0764579 0
0.671189 0.0760014 0
0.674197 0.0825647 0
0.670669 0.0897349 0
0.661039 0.0892826 0
0.659796 0.0898178 1
0.653002 0.0914107 0
0.652894 0.0892784 1
0.657592 0.0907195 0
0.659439 0.0914145 0
0.665003 0.100949 1
0.664521 0.102059 0
0.676603 0.107368 1
0.68337 0.118018 1
0.641799 0.0987255 1
0.674747 0.123358 0
0.751405 0.195063 1
0.792628 0.248167 0
0.859486 0.43118 0
0.86494 0.432322 1
0.880397 0.502654 0
0.858947 0.703531 0
0.885987 0.656995 0
0.894544 0.642672 0
0.819249 0.815053 0
0.769021 0.882508 0
0.79075 0.862303 0
0.819663 0.830412 0
0.832626 0.819325 0
0.821069 0.839166 0
0.815587 0.847721 0
0.813833 0.854314 0
0.828732 0.838521 0
0.830616 0.838753 0
0.814162 0.862165 0
0.780362 0.900888 0
0.799496 0.881718 0
0.80663 0.87544 0
0.790691 0.88971 0
0.769245 0.906909 0
0.754853 0.915952 0
0.731287 0.933381 0
0.697203 0.955836 0
0.664939 0.969004 1
0.615874 0.986594 0
0.554512 0.998949 0
0.500345 1 0
0.412561 0.995101 0
0.300405 0.978922 0
0.220277 0.94817 0
0.148838 0.913111 0
0.115539 0.894384 1
0.0890356 0.872567 0
0.0672915 0.848218 0
0.0740895 0.857607 0
0.0617852 0.849031 0
0.0571346 0.84388 0
0.04897 0.828754 0
0.0405477 0.824483 0
0.0363067 0.814789 0
0.0338816 0.813708 1
0.0302256 0.805129 0
0.0375687 0.803737 0
0.0386419 0.802314 0
0.0380235 0.792031 0
0.0485611 0.801508 0
0.0510677 0.792203 0
0.0491817 0.778388 0
0.0491891 0.768572 0
0.0453574 0.751848 0
0.0513618 0.749015 0
0.047118 0.720261 0
0.0396477 0.691835 0
0.0151182 0.591372 0
0.0351334 0.54751 0
0.0497439 0.497658 0
0.107586 0.332591 0
0.155926 0.277184 0
0.232163 0.213888 0
0.31858 0.166005 1
0.379054 0.137791 0
0.409618 0.125358 0
0.393726 0.119666 0
0.392809 0.110683 0
0.360524 0.110507 0
0.343956 0.110065 0
0.323114 0.105062 0
0.369525 0.0976022 0
0.350805 0.0972759 0
0.349217 0.0941896 0
0.339776 0.0925747 0
0.33318 0.0924598 0
0.338948 0.0908147 0
0.342674 0.0863115 0
0.329703 0.088089 0
0.333008 0.0814443 0
0.320594 0.0823524 0
0.321818 0.0796917 0
0.322465 0.0767731 0
0.327783 0.0733226 0
0.322949 0.0710988 0
0.359262 0.0583683 0
0.344135 0.06452 0
0.353921 0.0598455 0
0.361898 0.0566969 0
0.376431 0.0522953 0
0.390797 0.0477869 0
0.4057 0.0449119 0
0.414386 0.0445084 0
0.413391 0.0442734 0
0.43972 0.042871 0
0.454564 0.0420514 0
0.466096 0.0437543 0
0.489687 0.045515 0
0.510537 0.0485026 0
0.53747 0.0540091 0
0.5618 0.0624631 0
0.587536 0.0703686 0
0.61129 0.076779 0
0.640558 0.0872092 0
0.659473 0.0958881 0
0.671601 0.10115 0
0.682551 0.103808 0
0.692108 0.105848 0
0.699845 0.107893 0
0.702021 0.107043 0
0.699254 0.102879 0
0.689705 0.0945498 0
0.678988 0.0861207 0
0.669654 0.0794453 0
0.661634 0.0737143 0
0.658507 0.0709434 1
0.660175 0.0715008 0
0.664673 0.0747503 0
0.666955 0.0771193 0
0.670167 0.0780872 0
0.673673 0.0770779 0
0.674544 0.0737925 0
0.673978 0.0702653 0
0.674427 0.0701605 0
0.680013 0.0759107 0
0.69294 0.0861596 0
0.704362 0.0983237 0
0.716618 0.11113 0
0.729859 0.12459 0
0.739022 0.137576 0
0.74221 0.145385 0
0.738418 0.148996 0
0.740972 0.152951 0
0.748482 0.157644 0
0.752422 0.162153 0
0.747773 0.159029 0
0.762456 0.172309 0
0.766907 0.175097 0
0.77062 0.177791 0
0.772962 0.18078 0
0.776039 0.184976 0
0.785418 0.195589 0
0.803 0.21462 0
0.813374 0.229885 0
0.826714 0.251292 0
0.84108 0.27609 0
0.863556 0.315084 0
0.879077 0.350812 0
0.88955 0.382005 0
0.895538 0.401859 0
0.903608 0.429313 0
0.91326 0.46772 0
0.916026 0.501315 0
0.919364 0.543411 0
0.92185 0.572417 0
0.921397 0.575704 0
0.917387 0.624695 0
0.913667 0.652797 0
0.912687 0.662698 0
0.904262 0.692823 0
0.896107 0.718758 0
0.896276 0.722646 0
0.899916 0.714535 0
0.894858 0.730114 0
0.886365 0.750314 0
0.872105 0.775497 0
0.857133 0.793842 0
0.838742 0.815864 0
0.82455 0.829428 0
0.811427 0.835529 0
0.781067 0.861877 0
0.743173 0.89086 0
0.695164 0.919742 0
0.63537 0.945104 0
0.558946 0.965509 0
0.47302 0.975711 0
0.387386 0.974353 0
0.314309 0.962011 0
0.259713 0.944283 0
0.212321 0.923856 0
0.176839 0.906367 0
0.146435 0.881464 0
0.114023 0.860433 0
0.0801944 0.826617 0
0.055901 0.798701 0
0.0410912 0.779074 0
0.0247735 0.751671 0
0.0266492 0.748926 0
0.0304638 0.750892 0
0.0512355 0.775847 0
0.0577207 0.779174 0
0.062886 0.778074 0
0.069101 0.778256 0
0.0729699 0.775182 0
0.0708786 0.765265 0
0.0697353 0.753898 0
0.0733209 0.748964 0
0.0734133 0.735025 0
0.0667549 0.702467 0
0.0562626 0.64793 0
0.0488826 0.535663 0
0.067149 0.425661 0
0.113468 0.33065 0
0.163005 0.263919 0
0.204847 0.219249 0
0.225816 0.189282 0
0.248923 0.17114 0
0.266386 0.157969 0
0.274049 0.146875 0
0.269752 0.154015 0
0.289058 0.142793 0
0.254112 0.159256 0
0.252694 0.153858 0
0.27717 0.136007 0
0.275368 0.140474 0
0.301506 0.123262 1
0.31977 0.115109 0
0.335456 0.108894 0
0.357808 0.099197 0
0.379443 0.0917621 0
0.398282 0.0867152 0
0.416392 0.0822614 0
0.429181 0.0762706 0
0.441956 0.0728987 0
0.459505 0.0709292 0
0.475662 0.0696398 0
0.485922 0.0668782 0
0.495321 0.0632002 0
0.504624 0.0630825 0
0.508562 0.0635426 0
0.507294 0.0611135 0
0.51909 0.0635445 0
0.525079 0.0645698 0
0.528976 0.0630799 0
0.528635 0.0633643 0
0.528373 0.0641393 0
0.530563 0.0646348 0
0.535959 0.0656534 0
0.54169 0.0688746 0
0.560848 0.0759166 0
0.572261 0.0808813 0
0.586317 0.0862064 0
0.590915 0.0909995 0
0.591205 0.0919544 0
0.588476 0.0917882 0
0.612145 0.0986841 0
0.648432 0.114031 1
0.724809 0.154191 0
0.74477 0.165418 0
0.749142 0.166274 0
0.754083 0.166643 0
0.752404 0.160541 1
0.747234 0.143809 0
0.742509 0.134631 0
0.745888 0.132903 0
0.747758 0.133705 0
0.751837 0.13491 0
0.756344 0.136668 0
0.759899 0.137024 0
0.770324 0.144354 0
0.779151 0.148341 0
0.782902 0.153601 0
0.788448 0.157421 0
0.792316 0.165187 0
0.789734 0.160134 0
0.792239 0.163288 0
0.795286 0.167099 0
0.797899 0.178132 0
0.795928 0.178682 0
0.794836 0.184573 0
0.792912 0.186779 0
0.782345 0.173826 0
0.772711 0.171537 0
0.758057 0.16113 0
0.745696 0.150933 0
0.73669 0.146514 0
0.731004 0.1451 0
0.730764 0.148768 0
0.722682 0.145457 0
0.714112 0.14088 1
0.716645 0.143436 0
0.705743 0.13644 1
0.727605 0.154734 0
0.751288 0.177445 0
0.788655 0.21953 0
0.806304 0.240683 0
0.826826 0.269082 0
0.860985 0.328256 0
0.888392 0.392364 0
0.904953 0.456362 0
0.912551 0.507472 0
0.914418 0.518799 0
0.914455 0.57396 0
0.905259 0.653955 0
0.90376 0.679685 0
0.904366 0.67915 0
0.902749 0.695277 0
0.892202 0.729946 0
0.881683 0.754863 0
0.880178 0.760121 0
0.876444 0.767329 0
0.86011 0.796092 0
0.851993 0.811707 0
0.841432 0.827913 0
0.839468 0.832357 0
0.835838 0.832103 0
0.833445 0.832463 0
0.838569 0.823952 0
0.846231 0.810531 0
0.850901 0.796511 0
0.825588 0.827187 0
0.797126 0.855244 0
0.8261 0.794048 0
0.826681 0.779449 0
0.809815 0.788491 0
0.796151 0.783838 0
0.765289 0.797037 0
0.68357 0.854626 0
0.63468 0.875407 0
0.564257 0.898965 0
0.486736 0.915524 0
0.405336 0.926202 0
0.303528 0.900958 1
0.167215 0.709383 0
0.159158 0.449578 0
0.122208 0.375225 0
0.0766079 0.33405 1
0.235472 0.173833 0
0.305744 0.138165 1
0.376943 0.116036 0
0.355075 0.117539 0
0.398016 0.110639 0
0.380197 0.11925 0
0.522422 0.127912 1
0.708936 0.210233 0
0.628546 0.171971 0
0.670758 0.203806 0
0.643791 0.19709 0
0.549809 0.176678 0
0.565565 0.184551 0
0.646567 0.164226 0
0.705831 0.192668 1
0.659745 0.180073 0
0.675915 0.20044 0
0.688382 0.213003 0
0.699175 0.221708 0
0.698013 0.217454 0
0.706256 0.217502 0
0.710858 0.210245 0
0.708116 0.196203 0
0.700406 0.178652 0
0.716164 0.171142 0
0.711306 0.159475 0
0.712307 0.155945 0
0.713876 0.155286 0
0.714772 0.152658 0
0.714443 0.147108 1
0.71096 0.140487 0
0.707706 0.136252 1
0.701505 0.131962 0
0.6928 0.125288 1
0.680449 0.114504 0
0.677185 0.110163 1
0.675034 0.106477 1
0.664641 0.0975847 1
0.653945 0.0892155 1
0.65324 0.0876664 0
0.643028 0.0801708 1
0.638548 0.0758146 0
0.637845 0.0730319 0
0.626822 0.0662058 0
0.532882 0.0393033 1
0.473038 0.0312319 0
0.63985 0.0664195 0
0.617821 0.0559585 0
0.595331 0.0471843 0
0.605599 0.0520736 0
0.602315 0.0520152 0
0.562678 0.0410472 0
0.545943 0.0379123 0
0.436104 0.0309756 0
0.295188 0.0553355 0
0 0.30113 1
0.0774725 0.893159 1
0.67231 0.996888 1
0.931173 0.422529 0
0.89524 0.327109 0
0.888888 0.316838 0
0.881515 0.308109 0
0.874186 0.302662 0
0.876623 0.30226 0
0.873831 0.292933 0
0.874061 0.289961 0
0.878135 0.295121 0
0.887245 0.300838 0
0.88561 0.290972 0
0.878706 0.269702 0
0.877291 0.256398 0
0.882553 0.258936 0
0.88764 0.262816 0
0.891278 0.264924 0
0.895033 0.265746 0
0.896444 0.262966 0
0.897412 0.261411 0
0.90143 0.263789 1
0.907441 0.276698 0
0.914843 0.289883 0
0.919567 0.300705 0
0.925351 0.310033 0
0.930782 0.320775 0
0.933096 0.329842 0
0.937 0.338273 0
0.93766 0.345151 0
0.938622 0.3508 0
0.941005 0.372512 0
0.942573 0.394064 0
0.945583 0.413346 0
0.94459 0.429445 0
0.944031 0.445223 0
0.94696 0.455868 0
0.946707 0.478042 0
0.94799 0.488753 0
0.950013 0.504467 0
0.951002 0.525345 0
0.951809 0.544842 0
0.955978 0.565526 0
0.960655 0.591817 0
0.956577 0.611118 0
0.961242 0.622039 0
0.96294 0.624127 0
0.958315 0.640013 0
0.956751 0.646571 0
0.96221 0.648053 0
0.958653 0.666485 0
1 0.59338 1
0.947663 0.687214 0
0.946606 0.690753 0
0.939566 0.700793 0
0.93486 0.71422 0
0.928107 0.723307 0
0.917559 0.743161 0
0.912343 0.75252 0
0.89913 0.773305 0
0.898763 0.774158 0
0.88856 0.79168 0
0.870616 0.812234 0
0.872604 0.817549 0
0.863228 0.828678 0
0.837333 0.850951 0
0.820035 0.869803 0
0.816064 0.874976 0
0.812917 0.875511 0
0.798203 0.883057 0
0.789844 0.889338 0
0.789826 0.888192 0
0.751346 0.916207 0
0.765293 0.912983 0
0.719697 0.936532 0
0.703978 0.940704 0
0.694403 0.941489 0
0.676368 0.949629 0
0.654947 0.955266 0
0.636612 0.964818 0
0.60961 0.971896 0
0.586896 0.972617 0
0.558797 0.976602 0
0.522743 0.979164 0
0.486541 0.97899 0
0.46568 0.977615 0
0.428792 0.969914 0
0.403091 0.966713 0
0.377445 0.964723 0
0.356494 0.957166 0
0.34482 0.965274 0
0.300782 0.947895 0
0.0809958 0.775214 0
0.302235 0.947375 0
0.199926 0.87766 0
0.201728 0.883236 0
0.214183 0.891454 0
0.200912 0.879005 0
0.225306 0.89197 0
0.234902 0.894013 0
0.239781 0.895166 1
0.205893 0.858008 0
0.142392 0.782991 0
0.189676 0.826879 0
0.169407 0.79553 0
0.167942 0.775138 0
0.161651 0.763547 0
0.1533 0.737876 0
0.148963 0.700868 0
0.143087 0.65638 0
0.145026 0.614635 0
0.148731 0.590093 0
0.155277 0.541115 0
0.167249 0.51936 0
0.188666 0.503445 0
0.198957 0.425897 0
0.181528 0.532565 0
0.215509 0.43166 0
0.225012 0.452252 0
0.26399 0.414554 0
0.278749 0.403703 0
0.350068 0.389091 0
0.530356 0.368028 0
0.485414 0.718817 0
0.597783 0.645643 0
0.567232 0.63733 0
0.5492 0.445873 0
0.45115 0.413106 0
0.488889 0.433552 0
0.500345 0.447278 0
0.536945 0.511082 0
0.508183 0.48546 0
0.497883 0.506099 0
0.475311 0.515111 0
0.463026 0.530824 0
0.456553 0.536738 0
0.452732 0.535206 0
0.44837 0.545899 0
0.44833 0.545937 0
0.448325 0.545949 0
0.448324 0.54595 0
0.448324 0.54595 0
0.448324 0.54595 0
0.448324 0.54595 0
0.448324 0.54595 0
0.448324 0.54595 0
0.448324 0.54595 0
0.448324 0.54595 0
0.448324 0.54595 0
0.448324 0.54595 0
0.448324 0.54595 1
