0.0617679 0.700064 1
0.0576644 0.695601 0
0.0534302 0.691525 0
0.0505182 0.689753 0
0.047749 0.687125 0
0.045486 0.686104 0
0.0443477 0.687284 0
0.0433557 0.687297 0
0.0423985 0.688045 0
0.040569 0.688526 0
0.0390966 0.69164 0
0.039133 0.692512 0
0.039393 0.693834 0
0.0393965 0.691436 0
0.0405932 0.695679 0
0.0404691 0.697721 0
0.0395025 0.698769 0
0.0396258 0.699617 0
0.0415565 0.700787 0
0.0433305 0.702688 0
0.0454626 0.703698 0
0.0472066 0.706489 0
0.0493074 0.709492 0
0.0516704 0.7128 0
0.0548063 0.716486 0
0.0574172 0.719509 0
0.0587625 0.722698 0
0.0619949 0.726222 0
0.0657325 0.731715 0
0.0680395 0.735758 0
0.0659687 0.736305 0
0.0621429 0.734745 0
0.0611622 0.736248 0
0.0593954 0.737954 0
0.0579859 0.740489 0
0.0562982 0.741434 0
0.0575054 0.745457 0
0.0568616 0.746705 0
0.0547539 0.744288 0
0.0579057 0.748358 0
0.059855 0.751824 0
0.0610068 0.752286 0
0.0620145 0.748903 0
0.0615283 0.741528 0
0.0608149 0.739074 0
0.0612059 0.739581 0
0.0618941 0.739911 0
0.0625244 0.739437 0
0.0610111 0.738708 0
0.0601069 0.737493 0
0.0577237 0.736907 0
0.0577192 0.736596 0
0.0564121 0.736465 0
0.055494 0.736915 0
0.0567503 0.74565 0
0.0549963 0.734798 0
0.0529592 0.729362 0
0.0527455 0.728217 0
0.0522684 0.726965 0
0.0520009 0.725681 0
0.0521657 0.728344 0
0.053607 0.731473 0
0.0542806 0.732606 0
0.0529488 0.751365 0
0.0541973 0.754362 0
0.0555595 0.754806 0
0.0569883 0.757043 0
0.0586143 0.758909 0
0.0615403 0.762731 0
0.0615097 0.760585 0
0.0588066 0.759715 0
0.0567983 0.76139 0
0.0575874 0.765436 0
0.0582506 0.77103 0
0.0592487 0.778062 0
0.0596237 0.779166 0
0.0629426 0.769873 0
0.0652402 0.775461 0
0.0670491 0.777212 0
0.0670723 0.776397 0
0.0672501 0.776517 0
0.0682899 0.778241 0
0.0699326 0.779505 0
0.0710823 0.779303 0
0.0707418 0.781005 0
0.0714137 0.775403 0
0.073218 0.771841 0
0.0769738 0.773066 0
0.0828326 0.777713 0
0.0839725 0.77266 0
0.0884299 0.771662 0
0.0952809 0.774719 0
0.279935 0.91479 0
0.100421 0.787406 0
0.103057 0.798442 0
0.182168 0.870006 0
0.129697 0.835134 0
0.127014 0.837412 0
0.141157 0.851236 0
0.249165 0.916278 0
0.13918 0.85426 0
0.149194 0.863783 0
0.158371 0.87057 0
0.167255 0.877435 0
0.182436 0.889251 0
0.20002 0.900036 0
0.232958 0.915241 0
0.247812 0.920575 0
0.268498 0.92798 0
0.287004 0.93318 0
0.31207 0.939013 0
0.352376 0.947311 1
0.397769 0.953241 1
0.468173 0.955497 1
0.53707 0.947632 1
0.57078 0.937925 1
0.627644 0.918561 1
0.641796 0.909457 0
0.671338 0.892908 0
0.713171 0.865981 0
0.756002 0.83104 1
0.792798 0.793209 0
0.821572 0.754393 1
0.849123 0.70735 1
0.873158 0.649044 0
0.886892 0.581895 1
0.878359 0.427752 1
0.0195469 0.376767 1
0 0.463531 0
0.00043807 0.480139 0
0.0023052 0.492314 0
0.00517193 0.502067 0
0.00743085 0.50881 0
0.0101571 0.514163 0
0.0138976 0.519572 0
0.0166473 0.523484 0
0.019399 0.527681 0
0.0209724 0.530676 0
0.0234301 0.533541 0
0.0260779 0.536784 0
0.0285229 0.540215 0
0.0355207 0.577386 0
0.0851678 0.700095 0
0.0463182 0.609401 0
0.0463158 0.608772 0
0.0468354 0.608172 0
0.0462887 0.600204 0
0.0470902 0.599475 0
0.0481886 0.602228 0
0.0501737 0.605755 0
0.812031 0.674399 0
0.039842 0.479717 0
0.0401155 0.479331 0
0.0480952 0.387495 0
0.0372989 0.423978 0
0.0414679 0.476988 0
0.0416843 0.475568 0
0.0408883 0.472839 0
0.0410028 0.471666 0
0.0336036 0.444509 0
0.0333856 0.453398 0
0.0344669 0.456356 0
0.0364917 0.459564 0
0.048823 0.464007 0
0.0487114 0.460058 0
0.0481532 0.455219 0
0.0469789 0.450773 0
0.0447771 0.445373 0
0.0430425 0.440339 0
0.042826 0.436951 0
0.0442676 0.433596 0
0.0443071 0.433033 0
0.0440548 0.430454 0
0.044669 0.429374 0
0.0449873 0.42923 0
0.0434627 0.427784 0
0.0443224 0.427448 0
0.0459119 0.426948 0
0.0452521 0.426697 0
0.0443144 0.424052 0
0.0447686 0.420907 0
0.0440452 0.419381 0
0.045086 0.416018 0
0.0453026 0.412012 0
0.0448217 0.409378 0
0.0458034 0.407328 0
0.046859 0.404969 0
0.0474474 0.402716 0
0.0478704 0.400487 0
0.0481023 0.397949 0
0.0485632 0.396023 0
0.0485389 0.391995 0
0.0481928 0.383345 0
0.0467242 0.376242 0
0.0469055 0.372072 0
0.0472617 0.378757 0
0.040756 0.355735 0
0.0313057 0.350496 0
0.034102 0.347405 0
0.0351534 0.342703 0
0.034959 0.33205 0
0.0296466 0.313076 0
0.035741 0.320194 0
0.0359208 0.311337 0
0.050456 0.302078 0
0.0513038 0.299742 0
0.0515172 0.290924 0
0.0523276 0.278553 0
0.052791 0.274219 0
0.0537236 0.26748 0
0.0555129 0.258879 0
0.057527 0.253471 0
0.0589682 0.24814 0
0.0624967 0.239571 0
0.0655773 0.234454 0
0.066416 0.232125 0
0.0675311 0.228679 0
0.069019 0.22571 0
0.0689498 0.217497 0
0.0718949 0.208419 0
0.0735333 0.206622 0
0.0756258 0.199346 0
0.0786823 0.19154 0
0.0825652 0.187357 0
0.0874241 0.180682 0
0.0920286 0.174695 0
0.0961337 0.166807 0
0.0978117 0.16096 0
0.100241 0.159149 0
0.102413 0.156229 0
0.105981 0.150865 0
0.110127 0.145459 0
0.113146 0.143136 0
0.117287 0.136745 0
0.124843 0.127775 0
0.130091 0.122414 0
0.134722 0.116312 0
0.144829 0.105704 0
0.149065 0.0979993 0
0.160469 0.0901269 0
0.169134 0.0825294 0
0.176552 0.0756209 0
0.184741 0.0692038 0
0.191575 0.0643249 0
0.204927 0.0556696 0
0.220052 0.0466137 0
0.212298 0.0511071 0
0.221944 0.0456937 0
0.225685 0.0435367 0
0.238404 0.0373335 0
0.264961 0.0261315 0
0.262417 0.02652 0
0.320254 0.00943868 1
0.314329 0.0132344 0
0.375093 0.00343615 0
0.467838 0 0
0.502604 0.00404335 0
0.645246 0.0359677 0
0.868684 0.182375 0
0.962476 0.327516 0
0.980302 0.381884 0
0.98293 0.388528 1
0.971674 0.362876 0
0.916283 0.268014 0
0.433741 0.00303734 0
0.559803 0.0246847 0
0.873588 0.219207 0
0.833516 0.179554 0
0.80409 0.156518 0
0.788841 0.14509 0
0.744169 0.115214 0
0.671831 0.0808544 0
0.60534 0.0586632 0
0.545585 0.0449913 0
0.479802 0.037714 0
0.41994 0.0359235 0
0.319611 0.0454997 0
0.248291 0.0604399 0
0.194613 0.0776608 0
0.202218 0.068602 0
0.270842 0.0392951 0
0.227561 0.0498766 0
0.168342 0.0711817 0
0.148308 0.0825739 0
0.113034 0.105573 1
0.619692 1 1
0.656724 0.98539 0
0.689896 0.96966 0
0.68841 0.970221 0
0.698589 0.964316 0
0.703873 0.961274 0
0.69271 0.967213 0
0.722828 0.947957 0
0.736247 0.939343 0
0.694154 0.96514 0
0.730187 0.946251 0
0.73769 0.943036 0
0.741999 0.942639 0
0.74395 0.944179 0
0.78946 0.912939 0
0.808981 0.897017 0
0.827494 0.88242 0
0.830687 0.880831 0
0.845399 0.864876 0
0.841846 0.869623 0
0.850507 0.861071 0
0.864399 0.846899 0
0.886583 0.820501 0
0.928159 0.757283 0
0.915555 0.78017 0
0.892873 0.816511 0
0.893038 0.819468 0
0.908889 0.799285 0
0.982991 0.632238 0
0.988399 0.611585 0
0.945605 0.741664 0
0.993495 0.598398 0
1 0.54148 0
0.999709 0.555084 0
0.989518 0.62715 0
0.938219 0.761316 0
0.966897 0.699595 0
0.998084 0.541626 0
0.998977 0.511734 0
0.998734 0.501877 0
0.998632 0.510477 0
0.998222 0.512653 0
0.999103 0.515296 0
0.998601 0.505372 0
0.996745 0.495988 0
0.996711 0.521826 0
0.988073 0.605642 0
0.984305 0.620923 0
0.98627 0.597788 0
0.983467 0.445298 0
0.972143 0.402093 0
0.961015 0.37367 0
0.954844 0.363785 0
0.948239 0.355176 0
0.940027 0.345389 0
0.930421 0.334446 0
0.91952 0.322341 0
0.912872 0.317307 0
0.912757 0.324548 0
0.913189 0.331128 0
0.918789 0.353792 0
0.906273 0.343228 0
0.895541 0.332095 0
0.901766 0.347957 0
0.890084 0.339333 1
0.858229 0.286335 0
0.904929 0.396854 0
0.901684 0.360276 0
0.904526 0.631992 1
0.908119 0.44732 0
0.90378 0.444231 0
0.90309 0.452555 0
0.901652 0.456054 0
0.89859 0.453763 0
0.891945 0.444557 0
0.889457 0.447873 0
0.886004 0.447744 0
0.88284 0.447984 1
0.879689 0.452255 0
0.882126 0.462834 0
0.8769 0.467868 0
0.877118 0.477563 0
0.884116 0.489765 0
0.897522 0.49674 0
0.900979 0.499907 0
0.893899 0.512583 0
0.886515 0.528822 0
0.878132 0.545461 0
0.870763 0.562719 0
0.862105 0.571324 1
0.855388 0.608421 0
0.851494 0.625883 0
0.845446 0.637624 0
0.842563 0.657565 0
0.837941 0.671809 0
0.834695 0.685513 0
0.826033 0.723522 1
0.845032 0.752206 0
0.820869 0.769207 1
0.845185 0.776478 0
0.824252 0.794522 0
0.817083 0.809488 0
0.799358 0.828726 0
0.78657 0.83589 0
0.783541 0.837206 0
0.780916 0.839259 0
0.776816 0.838929 0
0.760382 0.861769 0
0.767153 0.853235 0
0.761305 0.863445 0
0.751751 0.870453 0
0.76029 0.858248 0
0.746726 0.874371 0
0.734647 0.888417 1
0.73493 0.883915 0
0.724278 0.890192 0
0.718253 0.891573 0
0.71812 0.886029 0
0.727998 0.867726 0
0.700773 0.900343 0
0.696835 0.902031 0
0.687228 0.905631 0
0.675625 0.909012 0
0.669594 0.905374 0
0.681225 0.896892 0
0.649766 0.925496 0
0.643989 0.928764 0
0.633089 0.931712 0
0.622655 0.928049 1
0.627044 0.941771 0
0.608449 0.943161 0
0.590659 0.940484 0
0.581204 0.940065 0
0.568705 0.941051 1
0.55867 0.951765 0
0.543067 0.953547 0
0.520431 0.953749 0
0.50103 0.952586 0
0.484909 0.951275 1
0.466725 0.951482 1
0.449436 0.952935 0
0.436069 0.954854 1
0.409396 0.944779 0
0.399857 0.950168 1
0.383777 0.946553 1
0.360546 0.938296 0
0.340175 0.929011 0
0.319541 0.91902 1
0.300907 0.908301 0
0.288174 0.902018 0
0.263496 0.883872 0
0.243161 0.866565 0
0.221156 0.842283 0
0.202943 0.826483 0
0.18998 0.813731 0
0.173168 0.791913 0
0.158304 0.772342 0
0.132205 0.717273 0
0.126986 0.693362 0
0.12384 0.661275 0
0.109398 0.623259 0
0.106386 0.603588 0
0.109849 0.586512 0
0.118739 0.549718 0
0.143386 0.446331 0
0.212511 0.341331 0
0.185124 0.520472 0
0.2016 0.496188 0
0.223974 0.506682 0
0.305311 0.34366 0
0.300171 0.365629 0
0.401539 0.329981 0
0.385615 0.365793 0
0.46925 0.35711 0
0.455827 0.384975 0
0.451928 0.409865 0
0.458528 0.423728 0
0.460952 0.449157 0
0.461221 0.473963 0
0.463324 0.4944 0
0.464083 0.49903 0
0.46154 0.517494 0
0.46143 0.517507 0
0.461434 0.517703 0
0.461435 0.517708 0
0.461435 0.517709 0
0.461434 0.517709 0
0.461434 0.517709 0
0.461434 0.517709 0
0.461434 0.517709 0
0.461434 0.517709 0
0.461434 0.517709 0
0.461434 0.517709 0
0.461434 0.517709 1
