0.344515 0.805316 1
0.318674 0.786985 0
0.312017 0.769528 0
0.288944 0.753161 0
0.269778 0.729829 0
0.237395 0.676828 0
0.234607 0.665849 0
0.201586 0.626186 0
0.177062 0.574233 0
0.168072 0.540994 0
0.153954 0.507706 0
0.137717 0.472376 0
0.129502 0.440713 0
0.13712 0.41163 0
0.149361 0.387248 0
0.154347 0.372258 0
0.143818 0.355126 0
0.141724 0.327883 0
0.131623 0.308912 0
0.139762 0.290957 0
0.136887 0.2621 0
0.140589 0.240587 0
0.123092 0.197485 0
0.0955916 0.158591 0
0.0835518 0.0936937 0
0.0739004 0.0793894 0
0.0761402 0.0738408 0
0.0996226 0.0725215 0
0.102304 0.0715373 0
0.0834333 0.0730289 0
0.0788585 0 0
0.547193 0.405596 0
0.511969 0.448434 0
0.506385 0.481306 0
0.509781 0.475605 1
0.516421 0.456661 0
0.512688 0.458351 0
0.513056 0.458422 1
0.513133 0.458255 0
0.513124 0.457819 0
0.513666 0.456961 0
0.513633 0.456379 0
0.511279 0.457284 0
0.485707 0.391079 0
0.414564 0.323582 0
0.482987 0.384024 0
0.497446 0.413455 0
0.491505 0.397161 0
0.482322 0.383441 0
0.477613 0.382578 0
0.465572 0.373673 0
0.459565 0.376731 0
0.44585 0.366372 0
0.416088 0.354528 0
0.427798 0.371269 0
0.417926 0.371567 0
0.408833 0.37558 0
0.409372 0.383577 0
0.409753 0.392932 0
0.407272 0.400269 0
0.392502 0.403898 0
0.40119 0.415195 0
0.406738 0.422309 0
0.393322 0.435017 0
0.410743 0.442473 0
0.410664 0.453973 0
0.410113 0.466792 0
0.425458 0.475551 0
0.423056 0.486971 0
0.454582 0.599386 0
0.46272 0.609645 0
0.473796 0.62599 0
0.494616 0.641063 0
0.504635 0.656473 0
0.50273 0.702953 0
0.516375 0.710934 0
0.529311 0.715375 0
0.53241 0.737164 0
0.488702 0.831381 1
0.564586 0.75306 0
0.574464 0.763862 0
0.58024 0.781103 0
0.596814 0.786413 0
0.61952 0.786769 0
0.639136 0.797783 0
0.648403 0.801324 0
0.665112 0.800528 1
0.688537 0.787839 1
0.651538 0.809058 0
0.660796 0.804358 0
0.66101 0.808402 0
0.72954 0.830428 0
0.673859 0.885258 1
0.738558 0.812577 1
0.749934 0.814529 0
0.75682 0.816813 0
0.767372 0.815861 0
0.78015 0.809417 0
0.792187 0.807982 0
0.798874 0.80531 0
0.82079 0.786269 0
0.840482 0.7702 0
0.855169 0.759385 0
0.847354 0.798979 0
0.832481 0.844587 0
0.815863 0.878805 0
0.800425 0.87995 0
0.782025 0.885255 0
0.764307 0.892099 0
0.758592 0.898089 0
0.73457 0.894512 0
0.723159 0.897708 0
0.712636 0.897979 0
0.69701 0.895557 0
0.673165 0.91108 1
0.690246 0.892716 0
0.683184 0.889593 0
0.680889 0.887794 1
0.662332 0.892038 0
0.666768 0.88682 1
0.665293 0.887064 0
0.664494 0.886952 0
0.662085 0.886821 0
0.6598 0.885702 0
0.659037 0.884648 0
0.655 0.883086 0
0.650269 0.884705 0
0.604739 0.904611 0
0.411027 1 0
0.400507 0.988561 0
0.377974 0.974138 0
0.366451 0.968107 0
0.358846 0.947209 0
0.347275 0.931492 0
0.344179 0.897936 0
0.345025 0.865626 0
0.343217 0.843959 0
0.350938 0.812295 0
0.342941 0.791309 0
0.325793 0.780064 0
0.300041 0.772408 0
0.252225 0.743053 0
0.238371 0.685595 0
0.220064 0.641988 0
0.186629 0.597262 0
0.181906 0.526679 0
0.156376 0.489759 0
0.146956 0.453127 0
0.157799 0.419138 0
0.143829 0.397867 0
0.148506 0.364497 0
0.135377 0.341872 0
0.134812 0.314557 0
0.119757 0.30433 0
0.1144 0.270843 0
0.11176 0.252965 0
0.0909728 0.218109 0
0.0852688 0.155315 0
0.0895523 0.128585 0
0.0953887 0.111972 0
0.0987281 0.0896636 0
0.0946832 0.0744533 0
0.0945551 0.0740207 0
0.079808 0.0670242 0
0.035994 0.0662221 0
0.02205 0.0583096 0
0.0190858 0.0573899 0
0.0199516 0.0523326 0
0 0.0213309 0
0.122864 0.0500272 0
0.143047 0.0756065 0
0.209583 0.0927788 0
0.485371 0.27313 0
0.534741 0.422475 0
0.531423 0.413468 0
0.532957 0.413522 0
0.534058 0.412597 0
0.535426 0.412641 1
0.536257 0.405432 0
0.534542 0.400695 0
0.53581 0.402529 0
0.529941 0.395419 0
0.518028 0.39069 0
0.517825 0.367666 0
0.455053 0.301626 0
0.472299 0.341878 0
0.47423 0.357397 0
0.467928 0.359844 0
0.461771 0.364049 0
0.446684 0.357196 0
0.450661 0.368799 0
0.444743 0.372116 0
0.429748 0.371095 0
0.427295 0.377015 0
0.433153 0.383701 0
0.420108 0.384546 0
0.424393 0.400003 0
0.436641 0.41042 0
0.436193 0.414534 0
0.428361 0.418169 0
0.445489 0.429326 0
0.440008 0.430373 0
0.439469 0.435347 0
0.440897 0.439401 0
0.438479 0.449501 0
0.451715 0.449363 0
0.45352 0.456017 0
0.46216 0.455737 1
0.460705 0.461173 0
0.503746 0.465055 1
0.520682 0.470464 1
0.566405 0.496002 0
0.578966 0.483307 0
0.586957 0.479499 1
0.601725 0.494007 0
0.612348 0.515938 0
0.625833 0.521195 0
0.642725 0.531825 0
0.654373 0.550821 0
0.673765 0.545333 0
0.68337 0.56262 0
0.703876 0.555967 0
0.720989 0.574447 0
0.74833 0.568489 0
0.756701 0.556788 0
0.768546 0.563633 0
0.78257 0.56234 0
0.797146 0.558122 0
0.805997 0.569081 0
0.830022 0.554718 0
0.845403 0.554921 0
0.847046 0.564785 0
0.86319 0.558627 0
0.869966 0.563435 1
0.876658 0.574392 0
0.877259 0.573102 0
0.876611 0.584333 0
0.868795 0.623161 0
0.860001 0.647776 0
0.854729 0.67437 0
0.847459 0.698757 0
0.856834 0.702576 0
0.845012 0.722139 0
0.840753 0.718439 0
0.82994 0.718691 0
0.80957 0.711338 0
0.780455 0.732669 0
0.706405 0.776423 0
0.712528 0.784572 0
0.709213 0.785949 0
0.708089 0.784894 0
0.70686 0.785351 0
0.702987 0.784984 0
0.700496 0.785425 0
0.700236 0.785655 0
0.700448 0.785712 0
0.698644 0.785896 0
0.697238 0.785886 0
0.695978 0.78581 1
0.677841 0.794853 1
0.681299 0.799941 0
0.653547 0.87989 0
0.632437 0.884716 0
0.6334 0.880208 0
0.617097 0.884829 0
0.599665 0.889005 0
0.368659 0.945389 0
0.353753 0.930263 0
0.356832 0.904893 0
0.341086 0.882903 0
0.339974 0.85908 0
0.341202 0.836671 0
0.330841 0.84014 0
0.316715 0.782069 0
0.292707 0.747409 0
0.281712 0.739159 0
0.273531 0.710334 0
0.253771 0.677673 0
0.224239 0.642929 0
0.199087 0.609058 0
0.176623 0.582935 0
0.152073 0.507336 0
0.162109 0.483368 0
0.161243 0.449347 0
0.148365 0.425297 0
0.158719 0.402663 0
0.151295 0.378433 0
0.132341 0.348292 0
0.153577 0.304201 0
0.138331 0.280939 0
0.106215 0.25847 0
0.091922 0.22203 0
0.100159 0.165934 0
0.0877106 0.156982 0
0.0748374 0.164307 0
0.0646695 0.140955 0
0.0557349 0.0848167 0
0.0435718 0.0678078 1
