0.375594 0.872198 1
0.345034 0.864532 0
0.323206 0.853306 0
0.293376 0.837301 0
0.269488 0.82191 0
0.250544 0.802136 0
0.225158 0.780268 0
0.197505 0.757921 0
0.174518 0.730081 0
0.160213 0.700779 0
0.145459 0.675038 0
0.126359 0.648712 0
0.114704 0.620671 0
0.110758 0.58946 0
0.110894 0.560308 0
0.108387 0.530881 0
0.107575 0.499649 0
0.111932 0.465982 0
0.11681 0.436129 0
0.125176 0.411404 0
0.13851 0.387835 0
0.152948 0.363988 0
0.171349 0.337697 0
0.205309 0.30571 0
0.255459 0.28052 0
0.279547 0.274004 0
0.300916 0.27201 0
0.347752 0.275398 0
0.358913 0.274631 0
0.379592 0.280296 0
0.448001 0.31113 0
0.5227 0.381041 0
0.55252 0.434167 0
0.567026 0.480191 0
0.571043 0.482272 1
0.559666 0.434677 0
0.57448 0.476691 0
0.574916 0.461951 1
0.57253 0.44216 0
0.570225 0.428321 0
0.569605 0.417685 0
0.567464 0.40686 0
0.51342 0.353204 0
0.474307 0.328013 0
0.449261 0.315998 0
0.446892 0.316561 0
0.478803 0.329922 0
0.508476 0.342982 0
0.506831 0.342872 0
0.493649 0.337691 0
0.490036 0.335814 0
0.486227 0.334657 0
0.473717 0.330884 0
0.445168 0.32477 0
0.402907 0.322055 0
0.372541 0.325353 0
0.337776 0.335035 0
0.306727 0.349786 0
0.285877 0.367381 0
0.264299 0.394075 0
0.253125 0.420878 0
0.254348 0.439876 0
0.256302 0.467659 0
0.260886 0.508138 0
0.275206 0.507139 0
0.291554 0.553563 0
0.310607 0.590035 0
0.331393 0.617156 0
0.35553 0.641192 0
0.380587 0.665904 0
0.406861 0.690189 0
0.4328 0.709194 0
0.460193 0.731192 0
0.489666 0.756965 0
0.511968 0.773804 0
0.533758 0.790044 0
0.555229 0.806049 0
0.571461 0.816754 0
0.546114 0.903023 1
0.608873 0.840337 0
0.623851 0.852396 0
0.637132 0.84506 0
0.648897 0.897534 0
0.727021 0.838698 0
0.712061 0.877642 0
0.712479 0.894851 0
0.754741 0.866536 1
0.782444 0.851529 1
0.786531 0.862097 0
0.758522 0.919098 0
0.77071 0.924212 0
0.802507 0.901896 0
0.765086 0.96674 1
0.841601 0.880785 1
0.851002 0.883093 0
0.856052 0.887228 0
0.864629 0.884669 0
0.868932 0.889331 0
0.869127 0.896053 0
0.87321 0.901778 0
0.891363 0.875432 0
0.896437 0.874223 0
0.897688 0.877644 0
0.899148 0.891574 0
0.90272 0.886864 0
0.900113 0.894575 0
0.900078 0.893943 0
0.897277 0.899223 0
0.888801 0.902707 0
0.87857 0.908394 0
0.868826 0.913899 0
0.845397 0.928454 0
0.830786 0.937583 0
0.827962 0.939933 0
0.764265 0.997277 1
0.797557 0.960036 0
0.786687 0.96545 0
0.773399 0.969739 1
0.760816 0.972363 0
0.7567 0.968587 1
0.738577 0.973752 0
0.72297 0.972842 0
0.71052 0.972878 0
0.70072 0.97504 0
0.689259 0.977266 0
0.674426 0.978127 0
0.655924 0.979459 0
0.632671 0.979977 0
0.60682 0.978602 0
0.581843 0.97674 0
0.557279 0.974967 0
0.5332 0.973114 0
0.505884 0.96998 0
0.47732 0.964272 0
0.450393 0.957642 0
0.428853 0.950195 0
0.402787 0.941399 0
0.371111 0.930592 0
0.343366 0.918204 0
0.318687 0.902837 0
0.291434 0.885002 0
0.263915 0.864679 0
0.242067 0.842371 0
0.218584 0.816777 0
0.188874 0.78315 0
0.177616 0.753952 0
0.144753 0.710577 0
0.133682 0.673721 0
0.123291 0.636106 0
0.114198 0.59884 0
0.109065 0.565211 0
0.105728 0.534456 0
0.104111 0.501905 0
0.10486 0.466546 0
0.107816 0.430097 0
0.114477 0.395211 0
0.126181 0.360606 0
0.146563 0.322403 0
0.181329 0.283226 0
0.202267 0.268006 0
0.227288 0.25479 0
0.259954 0.246514 0
0.293739 0.243222 0
0.332649 0.242852 0
0.380677 0.251 0
0.473863 0.302501 0
0.451802 0.277893 0
0.442742 0.264051 0
0.363669 0.208859 0
0.404544 0.230081 0
0.432132 0.243101 0
0.450494 0.250613 0
0.492417 0.284045 0
0.538465 0.331467 0
0.569617 0.378919 0
0.585401 0.407945 0
0.595071 0.415876 0
0.601371 0.407809 1
0.560034 0.345661 0
0.540185 0.3287 0
0.518068 0.31364 0
0.496081 0.296301 0
0.510364 0.31317 0
0.489408 0.302353 0
0.471971 0.29487 0
0.454564 0.289261 0
0.430764 0.286295 0
0.407756 0.28678 0
0.391113 0.28787 0
0.381273 0.288423 0
0.356759 0.29609 0
0.32153 0.311413 0
0.309457 0.321055 0
0.295169 0.334269 0
0.292425 0.342662 0
0.308954 0.343147 0
0.293114 0.374828 0
0.304209 0.384887 0
0.315256 0.397565 0
0.326861 0.413204 0
0.347415 0.4194 0
0.368 0.420625 0
0.383971 0.430142 0
0.404904 0.44023 0
0.432777 0.444831 0
0.461533 0.449363 0
0.489784 0.453661 0
0.514724 0.458776 1
0.538413 0.465205 0
0.563905 0.469796 1
0.583934 0.476193 1
0.601653 0.485368 0
0.631341 0.486516 0
0.662313 0.486877 1
0.679778 0.495481 0
0.694294 0.498071 0
0.710071 0.498904 0
0.728266 0.503704 0
0.752159 0.502506 0
0.774236 0.500201 0
0.792636 0.502923 0
0.808407 0.506628 0
0.832235 0.508943 0
0.863779 0.513947 0
0.880257 0.518362 0
0.900005 0.52559 0
0.916801 0.532235 0
0.92776 0.539947 0
0.93938 0.552029 0
0.95533 0.561385 0
0.967959 0.569865 0
0.975605 0.575706 0
0.988994 0.573262 0
0.997007 0.586143 1
0.997786 0.596884 0
0.997734 0.6005 0
1 0.604207 0
0.99082 0.616363 0
0.98793 0.624858 0
0.985699 0.634414 0
0.98279 0.645222 0
0.988563 0.655187 0
0.979216 0.669691 0
0.97863 0.676432 0
0.969347 0.68636 0
0.955497 0.697602 0
0.940769 0.713505 0
0.928624 0.724517 0
0.917321 0.735317 0
0.91266 0.742799 0
0.908094 0.749808 0
0.90163 0.760991 0
0.886781 0.776422 0
0.871417 0.791536 0
0.857582 0.803765 0
0.843585 0.814363 0
0.826169 0.826108 0
0.812982 0.833528 0
0.791244 0.849129 1
0.769795 0.859824 1
0.746306 0.870272 0
0.723189 0.878972 0
0.696292 0.889975 0
0.678473 0.897519 0
0.655574 0.905441 0
0.626647 0.915081 0
0.590176 0.928284 0
0.554227 0.94029 0
0.51285 0.950369 0
0.455011 0.967203 0
0.360142 0.999994 0
0.334904 0.989977 0
0.236509 1 0
0.222252 0.97844 0
0.0980959 0.982387 0
0.0264712 0.986018 0
0.00428234 0.952564 0
0.0248433 0.930275 0
0.0195128 0.899427 0
0.0182299 0.872928 0
0.0304008 0.851568 0
0.0231418 0.814911 0
0.0244592 0.784948 0
0.0263688 0.763041 0
0.022859 0.725399 0
0.0187817 0.694798 0
0.0218072 0.651217 0
0.0208759 0.610999 0
0.0190878 0.578307 0
0.00806819 0.531261 0
0.0173433 0.482225 0
0 0.393109 0
0.0171417 0.429898 0
0.0178904 0.376717 0
0.0189889 0.182462 0
0.0188482 0.188023 0
0.0196102 0.23332 0
0.0196904 0 1
