0.823797 0.672863 1
0.82626 0.67512 0
0.828633 0.686001 0
0.83073 0.692284 0
0.839188 0.709862 0
0.834098 0.734617 0
0.838371 0.754043 0
0.838088 0.767194 0
0.838039 0.780883 0
0.846303 0.803862 0
0.845041 0.82731 0
0.814899 0.869854 0
0.75093 0.894478 0
0.702341 0.894829 0
0.259874 0.883146 0
0.16861 0.782939 0
0.153894 0.781343 0
0.137477 0.755156 0
0.116728 0.746503 0
0.117228 0.728493 0
0.12406 0.717512 0
0.12795 0.696517 0
0.150939 0.726141 0
0.159407 0.723289 0
0.167951 0.710868 0
0.181102 0.716971 0
0.198173 0.722778 0
0.21931 0.729841 0
0.231115 0.725647 0
0.251753 0.726869 0
0.259714 0.712726 0
0.297445 0.721045 0
0.292332 0.698967 0
0.271793 0.66859 0
0.276942 0.650387 1
0.32501 0.624651 0
0.323516 0.585069 0
0.208855 0.499054 0
0.15136 0.455375 0
0.101866 0.409471 0
0.0684487 0.371039 0
0.0725361 0.335512 0
0.0778065 0.310911 0
0.0759044 0.296369 1
0.0766966 0.285402 0
0.0761654 0.271171 0
0.0728565 0.257267 0
0.0841836 0.249716 0
0.0869674 0.235529 0
0.0835901 0.220759 0
0.0860894 0.203055 0
0.0759429 0.185553 0
0.0730908 0.167601 0
0.0656841 0.142456 0
0.0859537 0.13531 0
0.0820507 0.114467 0
0.110154 0.103152 0
0.133434 0.0916884 0
0.165461 0.0831396 0
0.174764 0.0536933 0
0.230614 0.0525582 0
0.256403 0.0240535 0
0.261286 0.000845289 0
0.284786 0.00326845 0
0.297648 0 1
0.30017 0.0023042 0
0.305779 0.00978089 0
0.304466 0.013911 0
0.302007 0.0165592 0
0.304263 0.0299042 0
0.317743 0.0408635 0
0.316909 0.0539314 0
0.38272 0.0743916 0
0.633535 0.098739 0
0.711026 0.118969 0
0.73812 0.146074 0
0.762221 0.171656 0
0.771183 0.203684 0
0.80328 0.216988 0
0.798117 0.244468 0
0.834015 0.258378 0
0.820594 0.274324 0
0.813069 0.307741 0
0.825053 0.329642 0
0.829514 0.343618 0
0.819465 0.392897 0
0.833968 0.420917 1
0.870272 0.444346 0
0.848183 0.661064 0
0.827247 0.665793 0
0.829194 0.669112 0
0.830488 0.672749 0
0.835739 0.678886 0
0.836362 0.696126 0
0.843066 0.709954 0
0.848244 0.720913 0
0.84962 0.735656 0
0.848997 0.753524 0
0.853932 0.768777 0
0.855464 0.782916 0
0.845044 0.801142 0
0.846744 0.818339 0
0.845976 0.851758 0
0.776307 0.882116 0
0.688114 0.881485 0
0.141923 0.682223 0
0.020333 0.68918 0
0 0.702909 0
0.00550661 0.69976 0
0.0894074 0.725963 0
0.0430386 0.710384 0
0.0582405 0.706026 0
0.0832209 0.702935 0
0.102346 0.700208 1
0.120215 0.705531 0
0.136219 0.710902 0
0.161288 0.696969 0
0.13479 0.662661 0
0.157592 0.664881 0
0.182786 0.667034 0
0.183309 0.650215 0
0.299952 0.754452 0
0.41465 0.748893 0
1 0.593291 1
0.693471 0.595639 0
0.723122 0.586632 0
0.698345 0.59647 0
0.724934 0.583274 1
