0.292658 0.168875 1
0.292969 0.143629 0
0.310032 0.129 0
0.329803 0.11219 0
0.337919 0.0938911 0
0.354564 0.0729263 0
0.380009 0.0503228 0
0.389826 0.0642078 0
0.415276 0.0534781 0
0.433346 0.0557563 0
0.455233 0.0480752 0
0.476278 0.0622474 0
0.519741 0.0302588 0
0.559047 0 0
0.591219 0.0159829 0
0.637933 0.0108263 0
0.648523 0.0575997 0
0.679578 0.107518 0
0.681555 0.151716 0
0.719396 0.167979 0
0.746085 0.190269 0
0.755688 0.212745 0
0.800709 0.227834 0
0.793114 0.265427 0
0.828959 0.291069 0
0.830701 0.319436 0
0.842328 0.352282 0
0.848464 0.383441 0
0.846126 0.41348 0
0.834935 0.446856 0
0.837523 0.510441 0
0.828464 0.542392 0
0.794207 0.551736 0
0.788123 0.592664 0
0.774893 0.637165 0
0.742259 0.647713 0
0.653417 0.909415 0
0.539317 0.958013 0
0.520515 0.939006 0
0.631879 0.779374 0
0.559751 0.860063 0
0.562676 0.812733 0
0.521586 0.832561 0
0.507013 0.803488 0
0.458046 0.851182 0
0.413737 0.876834 0
0.392646 0.874031 0
0.369561 0.863582 0
0.35903 0.859967 1
0.350912 0.838893 0
0.342215 0.803748 0
0.330086 0.778223 0
0.313058 0.758026 0
0.300232 0.742611 0
0.282745 0.736245 0
0.252631 0.760061 0
0.235358 0.770187 0
0.222818 0.75925 0
0.216333 0.732498 0
0.20012 0.739431 0
0.188204 0.739283 0
0.174056 0.751727 0
0.155908 0.764919 0
0.12902 0.76211 0
0.100653 0.769859 0
0.0494251 0.829942 0
0.00729413 0.895478 0
0.0121285 0.833839 0
0.0250624 0.763296 0
0.0179357 0.745294 0
0.013848 0.713447 0
0.0126745 0.684377 0
0.00148871 0.691298 0
0.00887141 0.66263 0
0 0.655654 1
0.000972242 0.630213 0
0.00449743 0.576223 0
0.01485 0.552624 0
0.0250083 0.541745 0
0.0275973 0.518755 0
0.0501113 0.509592 0
0.0515753 0.487525 0
0.0665449 0.472904 0
0.0771103 0.457437 0
0.111845 0.44742 0
0.123682 0.427869 0
0.122555 0.405509 0
0.131896 0.386567 0
0.14359 0.363648 1
0.170296 0.325098 0
0.193692 0.296421 0
0.209844 0.256475 0
0.256552 0.221899 0
0.283342 0.20723 0
0.293651 0.194185 1
0.314781 0.212414 0
0.382788 0.200421 0
0.393234 0.179739 0
0.401443 0.161297 0
0.41124 0.16023 1
0.442747 0.150004 0
0.472869 0.148906 0
0.518692 0.13104 0
0.547211 0.123816 0
0.580926 0.117024 0
0.603433 0.1309 0
0.624806 0.144609 0
0.655058 0.169056 0
0.68744 0.162733 0
0.72605 0.178248 0
0.736814 0.218284 0
0.758468 0.213377 0
0.786219 0.270552 0
0.785924 0.307923 0
0.796017 0.344215 0
0.80899 0.371148 0
0.815604 0.388823 0
0.81577 0.411852 0
0.817569 0.434341 0
0.813567 0.440876 1
0.817797 0.479946 0
0.800806 0.519349 0
0.785044 0.545074 0
0.786053 0.576777 0
0.780544 0.62593 0
0.763062 0.628427 0
0.712916 0.763064 0
0.689938 0.783816 0
0.511951 0.99175 1
0.51969 1 0
0.620668 0.79764 0
0.582448 0.816231 0
0.521242 0.893163 0
0.525502 0.851019 0
0.485824 0.854281 0
0.469862 0.849884 0
0.445829 0.835794 0
0.40568 0.846526 0
0.406718 0.79469 0
0.397276 0.728699 0
0.395884 0.663518 0
0.373702 0.630562 0
0.372017 0.60213 1
0.371071 0.598593 0
0.36626 0.597497 0
0.364973 0.593882 0
0.365347 0.590851 0
0.367891 0.585972 0
0.366982 0.583668 0
0.368643 0.579746 0
0.368995 0.575936 0
0.372764 0.572563 1
