0.91028 0.0589451 1
0.910127 0.0586731 0
0.909597 0.0581358 0
0.887197 0.0566375 0
0.976567 0 0
0.968131 0.0115327 0
0.970173 0.0126952 0
0.96987 0.0129156 0
0.969121 0.0120067 0
0.969205 0.0125667 0
0.969958 0.0129726 0
0.969866 0.0130732 1
0.975576 0.0147247 0
0.981645 0.0200327 0
0.987505 0.0303518 0
0.995052 0.0508958 0
1 0.0701246 0
0.999782 0.0979067 0
0.973338 0.148854 0
0.95474 0.15788 0
0.91269 0.204663 0
0.884446 0.210531 0
0.875839 0.225466 0
0.871815 0.231093 1
0.870683 0.232517 0
0.869661 0.234511 0
0.885741 0.233718 0
0.814062 0.3298 0
0.792461 0.363591 0
0.796875 0.387345 0
0.779794 0.420969 0
0.7422 0.43793 0
0.630165 0.501879 0
0.626884 0.514024 0
0.62718 0.518348 0
0.627172 0.524045 1
0.593157 0.540277 0
0.57695 0.534808 0
0.558435 0.531521 0
0.542764 0.531084 0
0.518257 0.537934 0
0.502453 0.535719 0
0.47596 0.544137 0
0.43114 0.546924 0
0.394321 0.534694 0
0.294811 0.470959 0
0.301618 0.45489 0
0.29862 0.454458 1
0.275471 0.449027 0
0.26086 0.429883 0
0.240371 0.426676 0
0.212275 0.422202 0
0.190437 0.396952 0
0.165298 0.371802 0
0.141006 0.342446 0
0.121506 0.292822 0
0.102927 0.26049 0
0.0899382 0.188584 0
0.098098 0.183794 0
0.0985376 0.178638 1
0.0865605 0.182824 0
0.0559929 0.10601 0
0.0487448 0.0973796 0
0.0472448 0.0817728 0
0.0429605 0.0689974 0
0.0414692 0.0521747 0
0.0404023 0.0488213 0
0.0381055 0.0428862 0
0.0371954 0.0413555 0
0.0364482 0.0397997 0
0.0363928 0.0393428 0
0.036393 0.0393438 1
0.0347327 0.0404481 0
0.0328197 0.0414415 0
0.0291437 0.0451657 0
0.0246739 0.045764 0
0.0151649 0.0534438 0
0 0.0681481 0
0.047402 0.137474 0
0.0705391 0.135787 0
0.0780476 0.144355 0
0.0817419 0.14406 0
0.0834246 0.144205 0
0.0855529 0.143542 1
0.0846502 0.14383 0
0.108405 0.157165 0
0.118713 0.168219 0
0.134844 0.181764 0
0.156251 0.208101 0
0.208957 0.265185 0
0.229981 0.271758 0
0.242525 0.275844 0
0.25405 0.278493 0
0.266335 0.288899 0
0.273458 0.287945 0
0.28424 0.289716 1
0.301407 0.297999 0
0.321104 0.3008 0
0.378922 0.293863 0
0.402106 0.287238 0
0.459074 0.289923 0
0.501281 0.311975 0
0.525177 0.305095 0
0.542757 0.312606 0
0.566484 0.302504 0
0.583654 0.299522 0
0.586083 0.293011 1
0.588273 0.295366 0
0.592748 0.296176 0
0.596571 0.299846 0
0.601872 0.300954 0
0.615734 0.288445 0
0.718547 0.213255 0
0.748483 0.183207 0
0.766415 0.167149 0
0.784061 0.159957 0
0.799858 0.140164 0
0.815212 0.133198 0
0.821182 0.133893 1
0.825344 0.131428 0
0.831959 0.128543 0
0.835755 0.124513 0
0.845194 0.117399 0
0.850479 0.109385 0
0.912339 0.0155702 0
0.921015 0.0208428 0
0.923751 0.0221062 0
0.933144 0.0131962 0
0.937017 0.0125921 0
0.938187 0.0132744 0
0.940741 0.0154104 1
0.940089 0.0208474 0
0.940575 0.0256049 0
0.943332 0.0394049 0
0.949471 0.0521064 0
0.941558 0.0718165 0
0.944992 0.0967162 0
0.927167 0.132338 0
0.906211 0.162168 0
0.899483 0.175907 0
0.869206 0.255591 0
0.865046 0.255962 0
0.864122 0.257069 1
0.851578 0.274878 0
0.849816 0.29142 0
0.809637 0.337654 0
0.797345 0.38715 0
0.781908 0.414253 0
0.764125 0.427415 0
0.747617 0.454192 0
0.7291 0.474473 0
0.709293 0.475956 0
0.672365 0.490167 0
0.636061 0.571994 0
0.65103 0.548273 1
0.646902 0.553998 0
0.618651 0.577649 0
0.559677 0.594771 0
0.536113 0.576137 0
0.508674 0.573903 0
0.487951 0.569036 0
0.474585 0.560191 0
0.447894 0.549248 0
0.422265 0.536148 0
0.347758 0.488381 0
0.326583 0.475037 0
0.326676 0.469903 1
0.327245 0.469382 0
0.325853 0.466751 0
0.320951 0.468018 0
0.323026 0.462639 0
0.235571 0.47796 0
0.21639 0.512571 0
0.127047 0.255915 0
0.115355 0.202588 0
0.105683 0.181197 0
0.101601 0.174757 0
0.101415 0.169053 0
0.0887362 0.139292 1
0.090005 0.136924 0
0.0890375 0.134511 0
0.0876696 0.129089 0
0.0811079 0.120657 0
0.0610159 0.0989096 0
0.0398201 0.0239178 0
0.0419695 0.0273616 0
0.0375969 0.0294877 0
0.0362653 0.0293129 0
0.0352372 0.0309441 0
0.0340871 0.0305705 0
0.0325165 0.0308267 1
0.0313626 0.029015 0
0.0318212 0.0296452 0
0.0308835 0.0289836 0
0.0230726 0.0044912 0
0.053437 0.123078 0
0.081183 0.139029 0
0.118583 0.144729 0
0.117227 0.149651 0
0.120525 0.150642 0
0.123375 0.151212 0
0.125312 0.152287 1
0.125406 0.152337 0
0.125341 0.152589 0
0.124076 0.153115 0
0.145046 0.16235 0
0.192269 0.170837 0
0.213483 0.178686 0
0.241036 0.184999 0
0.257778 0.197633 0
0.266911 0.211197 0
0.280342 0.219839 0
0.288536 0.239381 0
0.291876 0.245436 1
0.308506 0.239526 0
0.332902 0.227039 0
0.36667 0.236803 0
0.387451 0.235785 0
0.410292 0.237954 0
0.443625 0.235119 0
0.4777 0.22876 0
0.499557 0.240186 0
0.527056 0.24279 0
0.557561 0.248416 0
0.577193 0.268051 0
0.587948 0.28187 1
0.608122 0.250241 0
0.635232 0.235947 0
0.65332 0.209761 0
0.672787 0.208543 0
0.689121 0.207372 0
0.70858 0.185613 0
0.734096 0.165932 0
0.748765 0.154223 0
0.757093 0.144092 0
0.820639 0.0904988 0
0.835568 0.107957 0
0.837937 0.102518 1
0.839403 0.10091 0
0.840502 0.100518 0
0.842251 0.0990335 0
0.850882 0.102857 0
0.910077 0.0201282 0
0.918924 0.0329148 0
0.927235 0.0419111 0
0.927456 0.0449852 0
0.927432 0.0472011 0
0.927502 0.0493838 0
0.923707 0.0551778 0
0.923418 0.0569828 1
0.923615 0.0570316 0
0.92406 0.0573966 0
0.926393 0.0591251 0
0.924215 0.0643334 0
0.924372 0.142099 0
0.897248 0.154343 0
0.883245 0.175767 0
0.887547 0.281737 0
0.877219 0.291813 0
0.87483 0.298501 0
0.857843 0.341108 0
0.849521 0.347763 1
0.836231 0.374285 0
0.823714 0.404565 0
0.819767 0.440892 0
0.800785 0.469021 0
0.783614 0.490053 0
0.765594 0.506845 0
0.744382 0.520145 0
0.730936 0.528482 0
0.707961 0.541662 0
0.686294 0.53473 0
0.675033 0.543776 0
0.657255 0.542652 1
0.65708 0.542083 0
0.675915 0.549261 0
0.555873 0.599717 0
0.512017 0.540256 0
0.477454 0.509977 0
0.459851 0.489572 0
0.446344 0.482134 0
0.434933 0.485105 0
0.420182 0.475083 0
0.401308 0.462074 0
0.39436 0.458508 0
0.384139 0.454738 1
0.383511 0.454947 0
0.380229 0.453039 0
0.375801 0.448164 0
0.369554 0.44411 0
0.363484 0.465185 0
0.185122 0.268157 0
0.144987 0.229738 0
0.129003 0.19805 0
0.138836 0.204619 0
0.142554 0.0980151 0
0.123364 0.11301 0
0.122471 0.112025 1
