0.951467 0.0809808 1
0.955091 0.0805354 0
0.955214 0.078133 0
0.961308 0.0794047 0
0.969457 0.0750947 0
0.977142 0.0694976 0
0.990391 0.0591545 0
0.999802 0.0527122 0
0.997271 0.0434413 0
1 0.0345496 0
0.996631 0.0277851 0
0.992594 0.0177001 1
0.992929 0.0152049 0
0.993803 0.0131326 0
0.993735 0.0109024 0
0.99344 0.00880093 0
0.991758 0.00762677 0
0.99071 0.00541098 0
0.987404 0.00634907 0
0.987106 0.00350985 0
0.984536 0.00438065 0
0.98313 0.000207301 0
0.981516 0 1
0.978447 0.00236912 0
0.974158 0.0104991 0
0.971714 0.0108542 0
0.969618 0.0133855 0
0.967216 0.0145464 0
0.964972 0.0132802 0
0.963516 0.0157251 0
0.960761 0.0168846 0
0.958858 0.0209243 0
0.956592 0.0226756 0
0.95336 0.0214264 0
0.95305 0.0288571 1
0.941769 0.0263602 0
0.930461 0.02477 0
0.924387 0.0226881 0
0.913755 0.0327061 0
0.909375 0.034231 0
0.896638 0.0604969 0
0.896242 0.0645951 0
0.898764 0.0792806 0
0.900201 0.0876237 0
0.902136 0.0962682 0
0.90474 0.101758 1
0.896 0.109337 0
0.889167 0.115295 0
0.885396 0.115454 0
0.874151 0.124814 0
0.86509 0.140435 0
0.863433 0.134059 0
0.856913 0.149945 0
0.851636 0.176668 0
0.838962 0.227816 0
0.829997 0.268707 0
0.839743 0.304298 1
0.832364 0.336406 0
0.831626 0.392538 0
0.836421 0.406596 0
0.836052 0.421436 0
0.827532 0.426981 0
0.827236 0.442861 0
0.817293 0.448973 0
0.812258 0.463069 0
0.81007 0.471877 0
0.810781 0.481202 0
0.805254 0.490481 0
0.803677 0.501929 1
0.803924 0.514965 0
0.808715 0.522329 0
0.806026 0.539621 0
0.799765 0.552707 0
0.801918 0.560152 0
0.803274 0.567728 0
0.80296 0.575873 0
0.804029 0.582989 0
0.806086 0.591336 0
0.805875 0.596416 0
0.807251 0.603296 1
0.807897 0.605977 0
0.809457 0.608808 0
0.812374 0.612053 0
0.813124 0.615318 0
0.815987 0.618814 0
0.816908 0.62245 0
0.823204 0.628906 0
0.817373 0.630259 0
0.816694 0.634319 0
0.814507 0.635551 0
0.821587 0.641829 0
0.821081 0.646295 1
0.829845 0.655104 0
0.833529 0.65866 0
0.827471 0.663976 0
0.820354 0.665716 0
0.81798 0.670236 0
0.818149 0.678549 0
0.82001 0.681185 0
0.820101 0.686303 0
0.81335 0.687518 0
0.814371 0.695579 0
0.812824 0.699693 1
0.813084 0.702048 0
0.815808 0.709208 0
0.816994 0.713379 0
0.816992 0.717981 0
0.823322 0.73188 0
0.821446 0.734933 0
0.823903 0.74517 0
0.829013 0.763459 0
0.835405 0.777986 0
0.829746 0.788821 0
0.830255 0.80141 1
0.829071 0.803343 0
0.829058 0.806557 0
0.829994 0.809691 0
0.828954 0.81197 0
0.83128 0.815038 0
0.833148 0.817875 0
0.843231 0.814709 0
0.785151 0.925932 0
0.806577 0.917085 0
0.811873 0.92103 0
0.811265 0.921562 0
0.811373 0.921525 1
0.810034 0.922608 0
0.806651 0.922512 0
0.807291 0.925021 0
0.804668 0.927604 0
0.794306 0.932125 0
0.788438 0.941476 0
0.790955 0.944522 0
0.792591 0.949515 0
0.795162 0.95283 0
0.801322 0.956624 0
0.809093 0.957525 1
0.812398 0.961643 0
0.813194 0.95775 0
0.815873 0.958146 0
0.81351 0.95036 0
0.818932 0.950358 0
0.815041 0.943166 0
0.818213 0.942058 0
0.820167 0.943042 0
0.819525 0.941124 0
0.818511 0.938076 0
0.819049 0.935803 0
0.817254 0.933821 1
0.817265 0.933828 0
0.817308 0.933846 0
0.817532 0.933977 0
0.819462 0.933103 0
0.836083 0.926486 0
0.832402 0.899676 0
0.82556 0.898812 0
0.824295 0.89651 0
0.824474 0.896937 0
0.82309 0.896963 0
0.821422 0.896701 1
0.821544 0.896373 0
0.819894 0.894894 0
0.818453 0.89067 0
0.816829 0.888984 0
0.812385 0.884593 0
0.810278 0.875046 0
0.79475 0.86661 0
0.785739 0.854572 0
0.7791 0.836015 0
0.779069 0.830036 0
0.778735 0.819795 1
0.768503 0.815402 0
0.755824 0.808724 0
0.743701 0.808271 0
0.723478 0.79308 0
0.72078 0.785158 0
0.704561 0.76748 0
0.684209 0.750713 0
0.675879 0.689967 0
0.667118 0.668835 0
0.667746 0.660763 0
0.669153 0.647831 0
0.669197 0.637928 1
0.65549 0.630851 0
0.647479 0.61992 0
0.636032 0.614865 0
0.619928 0.59182 0
0.613038 0.582338 0
0.600015 0.566473 0
0.59312 0.559925 0
0.576584 0.534571 0
0.572591 0.512528 0
0.559809 0.495981 0
0.556309 0.483855 1
0.541022 0.471501 0
0.524563 0.457951 0
0.509919 0.456355 0
0.496016 0.450727 0
0.479911 0.437602 0
0.471985 0.42946 0
0.457943 0.416355 0
0.434346 0.411932 0
0.421189 0.396807 0
0.407132 0.391186 0
0.395438 0.385341 0
0.383601 0.380513 1
0.370676 0.37387 0
0.358482 0.367901 0
0.346848 0.357087 0
0.334561 0.352751 0
0.321977 0.348263 0
0.310257 0.342333 0
0.299646 0.340261 0
0.288673 0.34409 0
0.275036 0.338963 0
0.261712 0.336657 0
0.251576 0.336128 1
0.239595 0.331868 0
0.233327 0.327671 0
0.21923 0.322288 0
0.210031 0.321286 0
0.199885 0.315544 0
0.193167 0.315295 0
0.183671 0.314377 0
0.17407 0.314998 0
0.166821 0.313987 0
0.160789 0.313964 0
0.154182 0.315168 1
0.148387 0.316683 0
0.142211 0.318426 0
0.137251 0.3207 0
0.1315 0.320852 0
0.124473 0.322496 0
0.120242 0.323926 0
0.115411 0.324703 0
0.11259 0.327674 0
0.10359 0.326484 0
0.0995029 0.328914 0
0.0880669 0.324317 0
0.083735 0.324672 1
0.0836976 0.324773 0
0.0837254 0.32485 0
0.0837617 0.324717 0
0.0836796 0.324742 0
0.0840724 0.325433 0
0.0844056 0.32721 0
0.094401 0.340296 0
0.0606476 0.378014 0
0.0548188 0.373977 0
0.0536492 0.374873 0
0.0532936 0.375065 1
0.0534228 0.374841 0
0.0546721 0.375382 0
0.107178 0.408236 0
0.111156 0.411704 0
0.108626 0.442859 0
0.0455457 0.47895 0
0.039794 0.487149 0
0.0378892 0.487103 0
0.0367281 0.487945 0
0.0368098 0.488481 0
0.0368799 0.488625 0
0.0369381 0.488842 1
0.0379834 0.48815 0
0.0441126 0.487066 0
0.0773518 0.496283 0
0.0817102 0.499747 0
0.0931566 0.512149 0
0.0682775 0.565161 0
0.0436713 0.58289 0
0.0458844 0.585387 0
0.0463635 0.586308 0
0.0463347 0.586733 0
0.0463691 0.586893 1
0.0472451 0.58698 0
0.0475283 0.587521 0
0.0483304 0.587441 0
0.0486593 0.587976 0
0.0492938 0.588036 0
0.0528684 0.588924 0
0.0445189 0.608117 0
0.0447579 0.60718 0
0.0448749 0.607196 0
0.0448856 0.6072 0
0.0449312 0.607199 1
0.0454842 0.607455 0
0.045959 0.607404 0
0.0465189 0.607593 0
0.0470038 0.607301 0
0.0477108 0.606923 0
0.0488939 0.606722 0
0.0490297 0.605295 0
0.0557024 0.598972 0
0.0551809 0.599286 0
0.0543144 0.60094 0
0.05254 0.601572 0
0.0514824 0.601833 1
0.0559662 0.605136 0
0.0560975 0.627182 0
0.0578223 0.634427 0
0.0573198 0.63854 0
0.0549306 0.641405 0
0.0543394 0.642756 0
0.0571941 0.649625 0
0.0568004 0.653741 0
0.0555318 0.657369 0
0.0531373 0.656286 0
0.050387 0.649889 1
0.0507305 0.658006 0
0.0458907 0.6589 0
0.045142 0.663333 0
0.0423317 0.66481 0
0.0392037 0.649338 0
0.0344131 0.658132 0
0.0345598 0.64556 0
0.0352083 0.641616 0
0.0331724 0.640167 0
0.031042 0.638295 0
0.0287195 0.637681 0
0.0323431 0.628578 1
0.030452 0.628295 0
0.0287369 0.626171 0
0.0247707 0.623603 0
0.0254702 0.621189 0
0.0228036 0.619086 0
0.0233058 0.616786 0
0.0226272 0.616769 0
0.0264234 0.609418 0
0.029806 0.602394 0
0.0399186 0.599733 0
0.0408514 0.599143 1
0.0401139 0.598835 0
0.0395476 0.598119 0
0.0262653 0.596013 0
0.0233023 0.590684 0
0.0215366 0.589127 0
0.0222918 0.582226 0
0.0249712 0.574286 0
0.0236698 0.574037 0
0.0238872 0.570277 0
0.0292129 0.565106 0
0.0296055 0.563604 1
0.0293729 0.561357 0
0.0272612 0.555601 0
0.0269989 0.5489 0
0.0283622 0.545039 0
0.0270059 0.541438 0
0.0289815 0.536056 0
0.0307605 0.52976 0
0.0305272 0.527294 0
0.0307005 0.522913 0
0.0306493 0.51123 0
0.029923 0.511416 0
0.030242 0.510968 1
0.0305962 0.511184 0
0.0320674 0.512387 0
0.0320579 0.511523 0
0.0323405 0.511426 0
0.0327173 0.511053 0
0.0331935 0.511016 0
0.0333421 0.510588 0
0.0329479 0.509805 0
0.0331807 0.509362 0
0.0333936 0.509057 0
0.0333445 0.508544 1
0.0335393 0.508192 0
0.0319549 0.507528 0
0.0135496 0.507819 0
0.0118476 0.507319 0
0.00927925 0.505881 0
0.0070323 0.505014 0
0.00564003 0.503267 0
0.00510812 0.50192 0
0.00341353 0.499453 0
0.00172708 0.497891 0
0.000540878 0.496018 0
0.000189637 0.494134 1
0.00023231 0.492727 0
9.79596e-05 0.490187 0
0 0.488556 0
0.0001064 0.486772 0
0.000584758 0.48502 0
0.00121594 0.482939 0
0.00274845 0.481358 0
0.00319548 0.479214 0
0.00378077 0.477313 0
0.00353755 0.476777 0
0.00491048 0.474441 1
0.00527501 0.4711 0
0.00473973 0.467626 0
0.00400303 0.463173 0
0.00612299 0.4591 0
0.00572784 0.455149 0
0.00738228 0.450948 0
0.0101466 0.446677 0
0.0139609 0.442732 0
0.0168092 0.439002 0
0.0209431 0.436432 0
0.0249184 0.434214 1
0.0258044 0.428909 0
0.0249064 0.423583 0
0.0256506 0.417986 0
0.0300823 0.412199 0
0.0330972 0.408691 0
0.0338802 0.404124 0
0.0370286 0.400079 0
0.0379555 0.396915 0
0.040982 0.393241 0
0.043982 0.389664 0
0.0451174 0.387045 0
0.0478045 0.382519 1
0.0478178 0.382487 0
0.0478267 0.382704 0
0.0450207 0.382505 0
0.0324538 0.368105 0
0.0325918 0.36346 0
0.0308588 0.357352 0
0.0375868 0.350505 0
0.0548763 0.352684 0
0.056781 0.353329 0
0.0572143 0.353835 0
0.0572117 0.353885 1
0.056663 0.352838 0
0.0569283 0.35216 0
0.053448 0.349238 0
0.0535125 0.347861 0
0.0504983 0.342565 0
0.0470628 0.334736 0
0.0468085 0.32683 0
0.0486988 0.317022 0
0.050782 0.313036 0
0.0566596 0.303142 0
0.0621966 0.299402 0
0.0685645 0.298108 1
