0.882241 0.504779 1
0.885475 0.503477 0
0.891917 0.494263 0
0.891369 0.488152 0
0.898137 0.475228 0
0.902721 0.449823 0
0.899151 0.443393 0
0.897616 0.443457 0
0.903035 0.432531 0
0.903246 0.421272 0
0.897109 0.41352 0
0.894984 0.401589 1
0.905887 0.391796 0
0.908027 0.386306 0
0.916929 0.371281 0
0.924628 0.331363 0
0.921466 0.318644 0
0.919054 0.306821 0
0.908813 0.294856 0
0.910409 0.286105 0
0.901768 0.274615 0
0.885822 0.263337 0
0.884333 0.260077 1
0.891432 0.253229 0
0.877459 0.194532 0
0.85747 0.153148 0
0.794901 0.125393 0
0.774074 0.122145 0
0.767294 0.116302 0
0.744393 0.116811 0
0.719845 0.120674 0
0.719697 0.114044 0
0.704271 0.109563 0
0.681853 0.115447 0
0.681246 0.114559 1
0.668755 0.103975 0
0.647622 0.0842573 0
0.62711 0.0785736 0
0.607848 0.0665467 0
0.561565 0.056549 0
0.549966 0.0530055 0
0.516713 0.0525869 0
0.498355 0.0424325 0
0.47214 0.0288956 0
0.431583 0.0402865 0
0.407108 0.0355031 1
0.390727 0.032167 0
0.373877 0.0206508 0
0.348874 0.0201489 0
0.32244 0.00549892 0
0.303861 0 0
0.287486 0.00323916 0
0.269037 0.00421313 0
0.25508 0.00465277 0
0.243174 0.00513218 0
0.218655 0.0156651 0
0.198047 0.0216948 0
0.187249 0.031567 1
0.175204 0.033618 0
0.161397 0.0383368 0
0.145391 0.0466348 0
0.129301 0.04982 0
0.123495 0.0526538 0
0.111109 0.0606925 0
0.103152 0.0721749 0
0.0942238 0.0850225 0
0.0854569 0.100386 0
0.0814983 0.109648 0
0.0742366 0.123623 1
0.0656353 0.132845 0
0.0579248 0.146132 0
0.0413334 0.163363 0
0.0406685 0.180807 0
0.0255232 0.198906 0
0.0115355 0.222837 0
0.00394323 0.248883 0
0.0154839 0.277739 0
0.0167813 0.310512 0
0.0177539 0.336191 0
0.0299675 0.360066 0
0.0416911 0.375816 1
0.0425178 0.376211 0
0.042926 0.376668 0
0.0431284 0.377929 0
0.0417386 0.382723 0
0.00521323 0.407207 0
0.0916016 0.498477 0
0.10401 0.506698 0
0.104051 0.506317 0
0.105245 0.507466 0
0.10648 0.508401 0
0.106411 0.509178 1
0.106411 0.509178 0
0.106411 0.509178 0
0.106411 0.509178 0
0.10641 0.509175 0
0.106433 0.509224 0
0.106228 0.509645 0
0.107545 0.512288 0
0.129221 0.507364 0
0.314528 0.662615 0
0.316589 0.631594 0
0.315488 0.631372 0
0.315471 0.631438 1
0.315392 0.632596 0
0.315444 0.633499 0
0.318593 0.632457 0
0.318697 0.633784 0
0.311708 0.634952 0
0.337835 0.661393 0
0.568865 0.75225 0
0.566261 0.735738 0
0.568651 0.73582 0
0.571038 0.736222 0
0.571816 0.736312 1
0.577678 0.738987 0
0.587162 0.745481 0
0.589607 0.747445 0
0.604466 0.755973 0
0.643476 0.767073 0
0.679068 0.767382 0
0.691971 0.761339 0
0.706442 0.762841 0
0.711669 0.754538 0
0.723989 0.752891 0
0.731895 0.748917 0
0.733624 0.746595 1
0.734197 0.743728 0
0.733065 0.740424 0
0.735306 0.731906 0
0.737848 0.728801 0
0.728248 0.727113 0
0.723153 0.712754 0
0.713039 0.711028 0
0.710952 0.705076 0
0.700947 0.696248 0
0.693933 0.690682 0
0.688159 0.688086 1
0.681612 0.682846 0
0.675611 0.674283 0
0.662185 0.66228 0
0.642664 0.649704 0
0.615251 0.643042 0
0.579625 0.619918 0
0.570574 0.610533 0
0.562546 0.594078 0
0.556641 0.592777 0
0.544736 0.594359 0
0.53949 0.585727 1
0.539495 0.58572 0
0.539352 0.585712 0
0.539489 0.584899 0
0.534417 0.590969 0
0.515591 0.63951 0
0.338035 0.436997 0
0.336147 0.419297 0
0.334641 0.41736 0
0.332646 0.417978 0
0.331384 0.413612 0
0.330571 0.413259 0
0.330018 0.413001 1
0.327443 0.401173 0
0.310728 0.389986 0
0.302601 0.379697 0
0.29232 0.371997 0
0.286339 0.360717 0
0.264944 0.352687 0
0.23983 0.341391 0
0.232179 0.339916 0
0.208087 0.337803 0
0.186287 0.335806 0
0.167547 0.344744 1
0.16632 0.34968 0
0.161215 0.35617 0
0.158398 0.366601 0
0.149221 0.376393 0
0.137227 0.385821 0
0.133906 0.394535 0
0.124221 0.398605 0
0.124005 0.412537 0
0.115355 0.4186 0
0.107076 0.421678 0
0.105468 0.429132 0
0.102372 0.431685 1
0.102067 0.431859 0
0.102969 0.431379 0
0.0996193 0.415634 0
0.0462515 0.598904 0
0.0693067 0.590506 0
0.078873 0.590113 0
0.0821846 0.596794 0
0.0888368 0.597709 0
0.0913839 0.604635 0
0.0937872 0.605817 0
0.0958838 0.607136 1
0.0980625 0.608924 0
0.100173 0.611791 0
0.103172 0.614449 0
0.108916 0.615274 0
0.115209 0.616947 0
0.119712 0.62496 0
0.268123 0.591057 0
0.282524 0.59048 0
0.286512 0.593898 0
0.287476 0.594465 0
0.28791 0.594722 0
0.288118 0.594883 1
0.28848 0.59392 0
0.289959 0.592731 0
0.290505 0.590444 0
0.289943 0.586867 0
0.261751 0.566627 0
0.487387 0.506474 0
0.49357 0.50178 0
0.494778 0.502268 0
0.496108 0.501986 0
0.499796 0.500343 0
0.499935 0.500119 1
0.500649 0.49905 0
0.501359 0.498757 0
0.504086 0.495263 0
0.507757 0.493146 0
0.51066 0.481202 0
0.522909 0.475295 0
0.711344 0.374759 0
0.722514 0.357392 0
0.72692 0.357407 0
0.728084 0.356753 0
0.727937 0.356805 0
0.728982 0.356632 1
0.731648 0.350067 0
0.731237 0.341725 0
0.73623 0.339839 0
0.736694 0.328318 0
0.745814 0.326578 0
0.751727 0.311117 0
0.762159 0.305946 0
0.795543 0.275126 0
0.803176 0.274922 0
0.821327 0.275422 0
0.825835 0.277436 1
0.824 0.281686 0
0.82034 0.288729 0
0.821688 0.298247 0
0.822215 0.306596 0
0.822088 0.315582 0
0.823044 0.324696 0
0.825382 0.333913 0
0.825588 0.33856 0
0.826402 0.347376 0
0.827483 0.350167 0
0.827542 0.353267 0
0.826683 0.356 1
0.826686 0.356002 0
0.826658 0.356015 0
0.826725 0.356111 0
0.824425 0.357768 0
0.810942 0.363226 0
0.700025 0.474288 0
0.699411 0.497643 0
0.697722 0.494618 0
0.696666 0.495172 0
0.695927 0.496114 0
0.695536 0.496876 1
0.693114 0.499825 0
0.688379 0.505363 0
0.688748 0.51443 0
0.680339 0.520456 0
0.675629 0.532027 0
0.666754 0.54482 0
0.633303 0.553862 0
0.490834 0.656375 0
0.480344 0.674539 0
0.478635 0.675085 0
0.478551 0.675293 1
0.473667 0.675221 0
0.46856 0.672297 0
0.46516 0.676355 0
0.461878 0.675496 0
0.445873 0.692254 0
0.266785 0.746726 0
0.273879 0.758786 0
0.270215 0.759647 0
0.268632 0.760767 0
0.267688 0.763896 0
0.263611 0.765124 0
0.260939 0.765128 1
0.256785 0.764209 0
0.255354 0.765615 0
0.245717 0.766333 0
0.240841 0.768234 0
0.205514 0.756761 0
0.0785466 0.762455 0
0.0612828 0.768688 0
0.0605385 0.766343 0
0.0587742 0.76625 0
0.0580555 0.766115 0
0.0575079 0.76609 1
0.0535761 0.762546 0
0.0518997 0.760957 0
0.0495792 0.761176 0
0.0444074 0.759291 0
0.0386636 0.761553 0
0.0320202 0.75991 0
0.0243902 0.759321 0
0.0133344 0.760607 0
0.00920957 0.763955 0
0.00584488 0.767255 0
0.00396891 0.770585 0
0.0022066 0.774784 1
0 0.782739 0
0.0030129 0.790198 0
0.00651093 0.800365 0
0.0165978 0.805302 0
0.0247159 0.810422 0
0.0381996 0.811095 0
0.0432409 0.815103 0
0.0478128 0.816378 0
0.0494234 0.817834 0
0.0550779 0.817198 0
0.0554255 0.817542 1
0.0601022 0.822513 0
0.0653078 0.832574 0
0.0776898 0.838389 0
0.0890055 0.854584 0
0.109413 0.84849 0
0.122702 0.857085 0
0.14071 0.856744 0
0.155656 0.854565 0
0.165599 0.858345 0
0.177086 0.857129 0
0.187357 0.856237 0
0.198048 0.854266 1
0.205598 0.865304 0
0.227447 0.88141 0
0.233207 0.883001 0
0.24907 0.891214 0
0.259306 0.882514 0
0.27366 0.891114 0
0.305549 0.898699 0
0.331505 0.889358 0
0.357216 0.882673 0
0.364606 0.883003 0
0.381242 0.874637 1
0.389754 0.879868 0
0.403851 0.886086 0
0.42825 0.904152 0
0.437303 0.911645 0
0.457072 0.919047 0
0.480494 0.927179 0
0.501562 0.935785 0
0.530235 0.940777 0
0.551604 0.944807 0
0.571889 0.943577 0
0.598812 0.937284 0
0.612416 0.937957 1
0.617597 0.942002 0
0.624633 0.949967 0
0.63386 0.960465 0
0.638784 0.964358 0
0.649372 0.969738 0
0.661222 0.967772 0
0.671 0.979246 0
0.680138 0.992174 0
0.694926 0.99492 0
0.702573 1 0
0.718684 0.999566 1
0.735041 0.99948 0
0.75532 0.994255 0
0.784003 0.985584 0
0.802152 0.973227 0
0.814897 0.954967 0
0.831062 0.935897 0
0.846957 0.91524 0
0.852793 0.902378 0
0.863735 0.886639 0
0.862989 0.869462 0
0.871019 0.857363 0
0.869392 0.842093 1
0.881807 0.831284 0
0.897911 0.820668 0
0.902479 0.810579 0
0.902279 0.794363 0
0.908792 0.786656 0
0.912687 0.770266 0
0.913271 0.750927 0
0.910234 0.735885 0
0.908023 0.732171 0
0.912322 0.721816 0
0.908368 0.710689 1
0.905468 0.696905 0
0.902394 0.682539 0
0.896463 0.668348 0
0.887619 0.652884 0
0.866381 0.602206 0
0.858718 0.581117 0
0.851274 0.560832 0
0.850758 0.549045 0
0.853432 0.533037 0
0.851856 0.533982 0
0.854227 0.523694 0
0.857251 0.518195 1
