0.692702 0.245421 1
0.693449 0.253909 0
0.700064 0.257371 0
0.705696 0.271261 0
0.716053 0.285754 0
0.727418 0.302646 0
0.736753 0.314892 0
0.748415 0.330196 0
0.766052 0.349793 0
0.781047 0.353216 0
0.807774 0.378628 0
0.819239 0.375249 1
0.819681 0.377649 0
0.816981 0.38885 0
0.819535 0.441566 0
0.828806 0.446637 0
0.836398 0.465409 0
0.843952 0.484606 0
0.852365 0.492289 0
0.857369 0.512953 0
0.86547 0.518318 0
0.87771 0.522708 0
0.881751 0.529946 0
0.884645 0.533662 1
0.895344 0.538675 0
0.901601 0.535637 0
0.904084 0.531808 0
0.91051 0.53068 0
0.913918 0.526051 0
0.919529 0.519252 0
0.918146 0.509593 0
0.922632 0.509282 0
0.925549 0.502641 0
0.926484 0.497562 0
0.930445 0.491466 1
0.924566 0.481947 0
0.918331 0.475695 0
0.91623 0.469353 0
0.915589 0.462725 0
0.910388 0.449164 0
0.910245 0.446275 0
0.875275 0.328229 0
0.830082 0.293869 0
0.790949 0.258721 0
0.768885 0.178223 0
0.764984 0.173691 0
0.767014 0.170509 1
0.760931 0.159372 0
0.740306 0.117462 0
0.735361 0.0968559 0
0.715206 0.074538 0
0.696498 0.0676131 0
0.676235 0.0571513 0
0.661097 0.0552296 0
0.645555 0.0516894 0
0.61363 0.0333111 0
0.610317 0.0266939 0
0.609762 0.0247151 1
0.606787 0.0251441 0
0.60551 0.0390972 0
0.5409 0.0263809 0
0.521222 0.0164265 0
0.50296 0.0276556 0
0.479791 0.0263944 0
0.468623 0.0284745 0
0.456403 0.0301635 0
0.444363 0.0373764 0
0.415836 0.0538946 0
0.405152 0.0599636 0
0.397207 0.0606314 1
0.397172 0.0606601 0
0.396938 0.0608986 0
0.396641 0.0612915 0
0.396739 0.0638282 0
0.369396 0.0825707 0
0.314428 0.0845538 0
0.257229 0.106707 0
0.204312 0.124822 0
0.153573 0.294778 0
0.153729 0.292654 0
0.189889 0.289262 1
0.17063 0.318456 0
0.161059 0.326131 0
0.154287 0.337117 0
0.129958 0.372504 0
0.125265 0.464255 0
0.0896548 0.493671 0
0.0692423 0.509856 0
0.0696475 0.513262 0
0.0706583 0.51714 0
0.06584 0.520907 0
0.0665228 0.521305 0
0.0665867 0.521275 1
0.0657552 0.518261 0
0.0627973 0.515347 0
0.0613471 0.513186 0
0.0589738 0.510301 0
0.0582625 0.506653 0
0.0548304 0.504569 0
0.0513138 0.503009 0
0.0478521 0.500582 0
0.0437404 0.496481 0
0.0403191 0.494342 0
0.0364744 0.491467 0
0.0346732 0.488731 1
0.0332379 0.48661 0
0.0330903 0.482425 0
0.0426006 0.478069 0
0.0596685 0.411337 0
0.0774277 0.410792 0
0.0838391 0.410387 0
0.0867682 0.402359 0
0.0769723 0.392109 0
0.201675 0.341014 0
0.179104 0.301979 0
0.182014 0.294283 1
0.204924 0.289223 0
0.21439 0.279506 0
0.278755 0.217745 0
0.307868 0.200179 0
0.334314 0.18619 0
0.369646 0.163245 0
0.37751 0.158896 0
0.401847 0.150932 0
0.403434 0.156613 0
0.405108 0.157774 0
0.407466 0.160111 0
0.408813 0.161533 1
0.411225 0.16034 0
0.411328 0.159967 0
0.468971 0.172383 0
0.48761 0.174693 0
0.525849 0.187604 0
0.540819 0.183596 0
0.561113 0.183563 0
0.579161 0.185055 0
0.604359 0.188572 0
0.612105 0.186867 0
0.627689 0.189566 1
0.637118 0.194013 0
0.691753 0.218755 0
0.690952 0.222326 0
0.692146 0.226927 0
0.724876 0.279368 0
0.734373 0.294558 0
0.744814 0.302942 0
0.761076 0.319223 0
0.779469 0.330645 0
0.802832 0.341018 0
0.817711 0.347699 0
0.822872 0.353916 1
0.829601 0.350799 0
0.843427 0.401543 0
0.846285 0.41917 0
0.852209 0.436603 0
0.858905 0.444806 0
0.869349 0.464802 0
0.87912 0.476673 0
0.918724 0.5311 0
0.931554 0.545517 0
0.932201 0.545547 0
0.93232 0.546255 1
0.933917 0.545921 0
0.936263 0.54526 0
0.938709 0.543738 0
0.94151 0.543382 0
0.94513 0.542082 0
0.952012 0.540838 0
0.95631 0.540958 0
0.964792 0.538873 0
0.974827 0.541807 0
0.98295 0.535383 0
0.987514 0.523402 0
0.984476 0.508413 1
1 0.469489 0
0.993843 0.4274 0
0.994547 0.397012 0
0.989842 0.380484 0
0.978665 0.360042 0
0.965607 0.336118 0
0.953816 0.306396 0
0.914632 0.27829 0
0.886756 0.238837 0
0.855502 0.222591 0
0.827434 0.207151 1
0.823663 0.199558 0
0.825068 0.116671 0
0.796093 0.0807399 0
0.777738 0.0586382 0
0.755931 0.0346301 0
0.738301 0.0303726 0
0.718263 0.037063 0
0.696293 0.0326326 0
0.682449 0.0202664 0
0.659945 0.00960749 0
0.640245 0.00744625 0
0.625523 0.0112464 1
0.620076 0.012021 0
0.612818 0.00140303 0
0.561821 0 0
0.536305 0.00831393 0
0.515418 0.0114108 0
0.503623 0.0127076 0
0.482794 0.00686146 0
0.470303 0.0184736 0
0.453489 0.0247996 0
0.383378 0.0353683 0
0.371201 0.0476082 0
0.371628 0.0492586 1
0.358525 0.0485189 0
0.334846 0.0321395 0
0.301406 0.0391691 0
0.259136 0.0614049 0
0.25403 0.0788736 0
0.189544 0.11803 0
0.144536 0.289527 0
0.159648 0.298108 0
0.163682 0.30211 0
0.163874 0.301224 0
0.162946 0.301338 1
0.155364 0.297221 0
0.151034 0.304002 0
0.139607 0.307118 0
0.118065 0.313569 0
0.0750866 0.567976 0
0.0652663 0.538938 0
0.0604407 0.530786 0
0.0538725 0.528325 0
0.0581332 0.531551 0
0.0578763 0.533594 0
0.058232 0.535419 0
0.0563158 0.534306 1
0.0517237 0.534334 0
0.0482521 0.532061 0
0.0427335 0.535554 0
0.0395542 0.5312 0
0.0347539 0.531087 0
0.0338464 0.527965 0
0.030842 0.525967 0
0.0269352 0.521613 0
0.0235238 0.519523 0
0.0222984 0.513239 0
0.0210849 0.511734 1
0.0172762 0.507574 0
0.00717813 0.500209 0
0 0.49598 0
0.00566496 0.487342 0
0.00334194 0.466967 0
0.0405183 0.440636 0
0.0509603 0.428674 0
0.0254561 0.442143 0
0.197056 0.280293 0
0.201843 0.287732 0
0.202222 0.291028 0
0.201429 0.292583 1
0.207332 0.29375 0
0.2855 0.232952 0
0.312974 0.236024 0
0.328501 0.236322 0
0.343875 0.227676 0
0.357703 0.219055 0
0.367863 0.211011 0
0.376835 0.20306 0
0.39131 0.199915 0
0.399133 0.190437 0
0.405289 0.184418 1
0.407162 0.185247 0
0.412379 0.190641 0
0.426774 0.194203 0
0.450932 0.210861 0
0.464588 0.208222 0
0.490447 0.212897 0
0.506955 0.217547 0
0.539869 0.217385 0
0.648295 0.220113 0
0.66468 0.21415 0
0.664515 0.212257 0
0.665826 0.212294 1
0.669587 0.212434 0
0.671533 0.209304 0
0.676955 0.219711 0
0.727373 0.308691 0
0.730517 0.303655 0
0.741528 0.317284 0
0.753274 0.330288 0
0.780994 0.325905 0
0.842817 0.373031 0
0.834135 0.374043 0
0.835078 0.37494 1
0.841608 0.377913 0
0.84888 0.381708 0
0.850952 0.384441 0
0.857502 0.385511 0
0.85344 0.479544 0
0.864857 0.498777 0
0.904165 0.555125 0
0.916511 0.556084 0
0.924174 0.558891 0
0.925713 0.559706 0
0.927624 0.559751 0
0.930092 0.557684 1
0.935323 0.565376 0
0.940325 0.562407 0
0.942087 0.564814 0
0.949694 0.57092 0
0.957544 0.568289 0
0.962254 0.545334 0
0.963351 0.538198 0
0.968661 0.533287 0
0.973545 0.530826 0
0.963804 0.513582 0
0.961212 0.507912 0
0.96025 0.506062 1
0.960687 0.505652 0
0.963632 0.497157 0
0.973242 0.398482 0
0.968111 0.371209 0
0.957674 0.330982 0
0.940786 0.309362 0
0.92668 0.287083 0
0.885253 0.254082 0
0.816452 0.227795 0
0.801952 0.186755 0
0.785533 0.175961 1
0.79812 0.161102 0
0.773488 0.0893748 0
0.759924 0.0810556 0
0.737391 0.054543 0
0.720837 0.0540499 0
0.702128 0.0439787 0
0.685986 0.0377164 0
0.651731 0.0270225 0
0.651556 0.019729 0
0.624923 0.0226257 0
0.589057 0.0204279 0
0.589642 0.0212328 1
0.577867 0.0189108 0
0.549179 0.00776302 0
0.535844 0.00764977 0
0.512504 0.00984018 0
0.498869 0.0121997 0
0.476208 0.0120931 0
0.455305 0.0192402 0
0.450092 0.0205493 0
0.398382 0.0350015 0
0.385968 0.0493151 0
0.387096 0.0538887 1
0.385546 0.0554287 0
0.385697 0.0567593 0
0.382935 0.0502178 0
0.333595 0.0607218 0
0.29718 0.0517036 0
0.309514 0.0796676 0
0.269237 0.108626 0
0.182568 0.320733 0
0.18386 0.266037 0
0.160319 0.315445 0
0.190737 0.287671 0
0.172964 0.318706 1
0.164791 0.32941 0
0.148753 0.349432 0
0.135676 0.364768 0
0.135202 0.361343 0
0.117073 0.514279 0
0.095012 0.521891 0
0.0861289 0.529954 0
0.0725798 0.527023 0
0.0707004 0.524691 0
0.072254 0.52677 0
0.0669462 0.522668 1
0.0672032 0.523299 0
0.0694911 0.523674 0
0.0886361 0.503472 0
0.0835657 0.485943 0
0.07376 0.485754 0
0.0717293 0.477733 0
0.06694 0.472412 0
0.0677691 0.465818 0
0.0597179 0.463954 0
0.0546213 0.464642 0
0.0522982 0.460424 0
0.0476805 0.460722 1
0.0476781 0.460722 0
0.0476776 0.460702 0
0.0477299 0.460607 0
0.0474373 0.46013 0
0.0523892 0.455588 0
0.045296 0.411426 0
0.222227 0.267594 0
0.221288 0.292238 0
0.219573 0.285571 0
0.2205 0.289781 0
0.220462 0.290488 1
0.236636 0.290376 0
0.252674 0.286511 0
0.268915 0.281285 0
0.285802 0.286326 0
0.306676 0.275862 0
0.335996 0.253234 0
0.347604 0.252924 0
0.358174 0.258966 0
0.361018 0.220858 0
0.352538 0.210935 0
0.362891 0.193796 0
0.405806 0.17434 1
0.428535 0.186781 0
0.470245 0.201117 0
0.4784 0.217016 0
0.508008 0.232346 0
0.545259 0.231135 0
0.568226 0.23667 0
0.61205 0.209435 0
0.656617 0.240604 0
0.67432 0.231137 0
0.6724 0.233965 0
0.673504 0.234783 0
0.676337 0.232768 1
