0.765889 0.157311 0
0.763455 0.155655 0
0.765874 0.153292 1
0.772954 0.150554 0
0.775139 0.149366 0
0.770085 0.149738 0
0.775597 0.148732 0
0.776997 0.147954 0
0.76949 0.14755 0
0.770168 0.147156 0
0.780097 0.146195 0
0.781986 0.145893 0
0.782687 0.145408 0
0.783567 0.143786 0
0.784443 0.142692 0
0.784889 0.141825 0
0.785347 0.140572 0
0.786565 0.139961 0
0.787952 0.139559 0
0.788853 0.139202 0
0.78915 0.139402 0
0.790187 0.138948 0
0.792412 0.137592 0
0.794888 0.137545 0
0.795948 0.137656 1
0.796588 0.13689 0
0.798525 0.135967 0
0.800681 0.134015 0
0.801438 0.133999 0
0.803413 0.133396 0
0.804622 0.133926 0
0.805581 0.133898 0
0.806442 0.13404 0
0.806939 0.134632 0
0.807436 0.135623 0
0.807365 0.136262 0
0.80799 0.135699 0
0.808934 0.134181 0
0.80996 0.134478 0
0.810852 0.136082 0
0.81094 0.137644 0
0.811591 0.139709 0
0.811844 0.142505 0
0.810781 0.146157 0
0.810422 0.148371 0
0.807394 0.149412 0
0.808747 0.151055 0
0.808614 0.153784 0
0.808315 0.157616 0
0.808327 0.161483 0
0.80577 0.165517 0
0.807791 0.170083 0
0.81087 0.174575 0
0.813341 0.180027 0
0.813831 0.187263 1
0.813753 0.194935 0
0.815306 0.205991 0
0.819498 0.216869 0
0.821483 0.227521 0
0.821107 0.236015 0
0.821473 0.243946 0
0.822361 0.251956 0
0.821934 0.261009 0
0.820156 0.272446 0
0.817808 0.282188 0
0.815288 0.292042 0
0.811911 0.30212 0
0.807954 0.314681 0
0.804113 0.327091 1
0.798744 0.338096 0
0.792103 0.349379 0
0.786862 0.362304 0
0.782605 0.374394 0
0.777503 0.384425 0
0.771625 0.392141 0
0.764091 0.400931 0
0.757447 0.408954 0
0.75093 0.416427 0
0.744843 0.422384 0
0.74012 0.426952 0
0.734583 0.429632 0
0.726833 0.433599 0
0.718557 0.438689 0
0.710091 0.443614 0
0.703135 0.446399 0
0.696238 0.447884 0
0.688524 0.450315 1
0.680667 0.452458 0
0.673312 0.454262 0
0.665864 0.455638 0
0.657558 0.45711 0
0.644402 0.458182 0
0.635104 0.45814 0
0.626992 0.457674 0
0.618412 0.455632 0
0.609903 0.454596 0
0.600253 0.449018 1
0.590036 0.448166 0
0.579468 0.443729 0
0.567673 0.436125 0
0.553133 0.428584 0
0.537951 0.424177 0
0.521343 0.420182 0
0.50579 0.416424 0
0.491687 0.412037 1
0.476186 0.406545 0
0.461876 0.401639 0
0.446915 0.397201 0
0.431147 0.392501 0
0.416987 0.386807 0
0.403169 0.38155 0
0.38978 0.375912 0
0.377168 0.374494 0
0.364289 0.371816 0
0.350896 0.36861 1
0.337102 0.366441 0
0.322465 0.363291 0
0.308823 0.359704 0
0.295686 0.355596 0
0.282142 0.352451 0
0.269808 0.350071 0
0.258154 0.348407 0
0.247058 0.345986 0
0.237074 0.343569 0
0.226427 0.3416 0
0.214694 0.338779 0
0.204268 0.33786 1
0.194124 0.335934 0
0.187959 0.33468 0
0.17745 0.338871 0
0.169255 0.337664 0
0.160734 0.332686 0
0.153142 0.327105 0
0.145643 0.323423 0
0.137248 0.322755 0
0.128751 0.323378 0
0.121412 0.324076 1
0.114796 0.32371 0
0.108316 0.322392 0
0.100811 0.320736 0
0.0927852 0.318206 0
0.0876963 0.31944 0
0.0782025 0.313037 0
0.0701729 0.309683 0
0.0635004 0.306973 0
0.0579984 0.304122 0
0.0507568 0.301535 1
0.0440468 0.299291 0
0.0391774 0.296832 0
0.0348283 0.293806 0
0.0291002 0.289778 0
0.0224825 0.283694 0
0.0185396 0.278272 0
0.0156748 0.273948 0
0.0115861 0.269318 0
0.00702274 0.26472 0
0.00497757 0.262074 0
0.00337024 0.258869 0
0.00273222 0.256409 1
0.0025865 0.253673 0
0.00131575 0.250087 0
0.000788595 0.248533 0
0 0.246332 0
0.00215702 0.244063 0
0.00481261 0.242219 0
0.00415929 0.240688 0
0.00527353 0.238721 0
0.0074265 0.237353 0
0.00857666 0.237454 1
0.0117099 0.23771 0
0.0143138 0.237768 0
0.0163657 0.237462 0
0.0177353 0.235804 0
0.0201566 0.238615 0
0.0207329 0.237669 0
0.0218576 0.236886 0
0.0219356 0.235341 0
0.0228092 0.234002 0
0.0225425 0.232907 0
0.0222715 0.232437 0
0.0221615 0.231368 0
0.0219166 0.230427 0
0.0216769 0.229559 0
0.0215298 0.228036 0
0.0212647 0.226088 0
0.0203011 0.224524 0
0.0184472 0.223451 1
0.0170863 0.222701 0
0.01582 0.221592 0
0.0152775 0.22006 0
0.0143668 0.218423 0
0.0131832 0.217439 0
0.0126807 0.216143 0
0.011227 0.215071 0
0.0116218 0.213623 0
0.0132503 0.212137 0
0.0136497 0.211589 0
0.0132985 0.20883 0
0.01341 0.206851 1
0.0138428 0.206126 0
0.0154051 0.207054 0
0.0174388 0.207682 0
0.0202352 0.207401 0
0.0229271 0.20391 0
0.0284916 0.203649 1
0.0332871 0.203009 0
0.0357341 0.204848 0
0.0390191 0.205241 0
0.0489668 0.203846 0
0.0588769 0.200061 0
0.0687287 0.197308 0
0.0790195 0.194185 0
0.0850252 0.192557 0
0.0916448 0.191542 0
0.0970517 0.191009 0
0.103586 0.189151 0
0.111481 0.188885 1
0.118918 0.188656 0
0.12614 0.188405 0
0.133092 0.18759 0
0.139544 0.187906 0
0.142964 0.187572 0
0.151307 0.187999 0
0.158595 0.188912 0
0.167641 0.191463 0
0.176302 0.192101 0
0.182458 0.191047 0
0.194269 0.195329 0
0.205924 0.200059 1
0.215796 0.204015 0
0.224171 0.207924 0
0.235733 0.213167 0
0.247235 0.217707 0
0.257495 0.223145 0
0.268643 0.229606 0
0.278279 0.23519 0
0.288082 0.241388 0
0.298039 0.247798 0
0.309184 0.254917 1
0.320171 0.26409 0
0.329147 0.276282 0
0.33614 0.287655 0
0.339401 0.302899 0
0.334127 0.31598 0
0.306605 0.324434 1
0.300243 0.331467 0
0.297006 0.334762 0
0.299764 0.339722 0
0.307064 0.343771 0
0.315299 0.347949 0
0.312696 0.350892 0
0.31989 0.357289 0
0.324208 0.363923 1
0.356295 0.37217 0
0.364548 0.378184 0
0.374418 0.384016 0
0.385705 0.390943 0
0.393339 0.396766 0
0.400599 0.3996 1
0.409732 0.404636 0
0.419464 0.410728 0
0.429658 0.417797 0
0.439104 0.422558 0
0.448959 0.42853 0
0.457796 0.433542 0
0.468789 0.439023 0
0.482565 0.446434 0
0.488073 0.449212 0
0.499786 0.450912 1
0.511732 0.457744 0
0.518897 0.462672 0
0.526777 0.466492 0
0.536394 0.470076 0
0.545898 0.473488 0
0.55629 0.47668 0
0.56602 0.479932 0
0.574749 0.48315 1
0.585635 0.486402 0
0.59849 0.489771 0
0.610044 0.492467 0
0.61861 0.494269 0
0.628463 0.495621 0
0.638726 0.496493 0
0.647146 0.497035 0
0.660464 0.495007 0
0.669513 0.494935 0
0.676412 0.496055 0
0.685237 0.496818 0
0.693904 0.500687 0
0.699786 0.503039 0
0.705491 0.502828 1
0.712751 0.502434 0
0.720229 0.503556 0
0.727414 0.505346 0
0.734493 0.505009 0
0.740485 0.503638 0
0.746576 0.504877 0
0.752874 0.505647 0
0.757792 0.506852 0
0.762732 0.505842 0
0.7687 0.504286 0
0.773458 0.502279 0
0.777131 0.49983 0
0.780947 0.49927 0
0.784844 0.499758 0
0.788917 0.497509 0
0.791608 0.501303 1
0.792572 0.509749 0
0.793792 0.507975 0
0.795823 0.505779 0
0.799002 0.503338 0
0.800768 0.499627 0
0.801713 0.498187 0
0.801298 0.496366 0
0.80248 0.490933 0
0.804636 0.48703 0
0.809097 0.483676 0
0.812226 0.482684 0
0.812692 0.481688 0
0.812151 0.477803 0
0.813483 0.474513 0
0.815502 0.472365 0
0.81713 0.468161 0
0.817871 0.465381 0
0.81817 0.464435 0
0.81712 0.464298 0
0.816213 0.463821 0
0.816141 0.462835 0
0.815133 0.460164 0
0.812929 0.45975 0
0.8115 0.459036 0
0.811294 0.457741 0
0.811077 0.458378 1
0.809253 0.463039 0
0.808394 0.461768 0
0.809187 0.462948 0
0.809901 0.465623 0
0.810383 0.46919 0
0.811333 0.470981 0
0.812912 0.470122 0
0.815109 0.46933 0
0.820878 0.475381 0
0.824438 0.478806 0
0.83041 0.483974 0
0.83565 0.483934 0
0.84094 0.490454 0
0.845727 0.498113 0
0.851052 0.508245 0
0.855979 0.51337 0
0.860423 0.517544 0
0.864878 0.525984 0
0.868721 0.534015 0
0.871646 0.542733 0
0.873707 0.553387 0
0.876819 0.563805 1
0.880281 0.572191 0
0.882601 0.58116 0
0.885265 0.592709 0
0.887947 0.603823 0
0.890026 0.618083 0
0.893437 0.62544 0
0.895918 0.637632 0
0.899576 0.638481 0
0.899848 0.652954 0
0.899925 0.671205 0
0.903798 0.669836 0
0.904326 0.682793 0
0.904273 0.696778 0
0.904718 0.708663 1
0.905125 0.718967 0
0.906407 0.727765 0
0.906814 0.740308 0
0.906608 0.754541 0
0.906711 0.766136 0
0.906063 0.776402 0
0.904751 0.787803 0
0.904069 0.796342 0
0.902679 0.805003 0
0.9021 0.811219 0
0.902382 0.815306 0
0.901723 0.822681 1
0.901146 0.826414 0
0.900501 0.828939 0
0.899734 0.830751 0
0.899951 0.831996 0
0.867804 0.837692 0
0.88401 0.843524 0
0.88914 0.842317 0
0.889146 0.841306 0
0.888936 0.843177 0
0.889974 0.84267 0
0.890135 0.840775 0
0.887965 0.841143 1
0.887691 0.839929 0
0.88953 0.836371 0
0.889984 0.834904 0
0.889551 0.833744 0
0.889893 0.831623 0
0.889957 0.828971 0
0.888989 0.826533 0
0.889232 0.824404 0
0.890725 0.82179 0
0.891994 0.819035 0
0.892587 0.816254 0
0.893014 0.815028 0
0.89387 0.81384 0
0.89452 0.814328 0
0.894854 0.811772 0
0.895165 0.808043 0
0.893103 0.808902 0
0.888866 0.810876 1
0.890881 0.810576 0
0.898491 0.805532 0
0.902453 0.800042 0
0.903187 0.797774 0
0.903941 0.794023 0
0.906213 0.786172 0
0.906168 0.786546 0
0.90462 0.787101 0
0.904212 0.791786 0
0.904143 0.793257 0
0.905493 0.789895 0
0.906327 0.788029 0
0.906214 0.789388 0
0.905881 0.788856 0
0.906993 0.784075 0
0.907884 0.77977 0
0.907412 0.781141 0
0.908325 0.778099 0
0.909438 0.773924 0
0.908192 0.779236 1
0.909505 0.772966 0
0.899617 0.79044 0
0.903373 0.785318 0
0.906303 0.777707 0
0.908057 0.773147 0
0.912088 0.765883 0
0.915331 0.756001 0
0.918029 0.747213 0
0.921261 0.735595 0
0.924009 0.724008 0
0.925432 0.716478 0
0.925811 0.709744 0
0.926532 0.702067 0
0.926989 0.69316 0
0.926241 0.686505 0
0.925541 0.680046 1
0.926544 0.670085 0
0.927529 0.659785 0
0.927254 0.649569 0
0.926265 0.641164 0
0.926831 0.63352 0
0.928509 0.619027 0
0.930727 0.598575 0
0.933238 0.576238 0
0.933375 0.557834 0
0.931975 0.541818 1
0.930887 0.525006 0
0.929936 0.508412 0
0.928418 0.488559 0
0.92815 0.471285 0
0.927152 0.463566 0
0.926259 0.462951 0
0.925415 0.448824 0
0.924053 0.444412 0
0.923924 0.440746 0
0.924256 0.435769 0
0.924482 0.428252 0
0.925682 0.417707 1
0.926484 0.409615 0
0.925688 0.407398 0
0.926213 0.396499 0
0.925901 0.385965 0
0.924355 0.378065 0
0.922384 0.373494 0
0.920146 0.364288 0
0.918424 0.36098 0
0.917575 0.348617 0
0.915393 0.34025 0
0.912182 0.334431 0
0.909394 0.327088 0
0.907934 0.316578 0
0.905846 0.306618 1
0.902911 0.29785 0
0.899561 0.290496 0
0.896309 0.285391 0
0.89318 0.272608 0
0.896269 0.272116 0
0.892068 0.265463 0
0.890073 0.260345 0
0.888513 0.256247 0
0.887511 0.250967 0
0.887301 0.245291 0
0.890293 0.240302 0
0.890995 0.235815 0
0.890065 0.231519 0
0.889574 0.224899 1
0.889381 0.217746 0
0.889179 0.214057 0
0.889119 0.209178 0
0.889538 0.203903 0
0.888079 0.200126 0
0.883419 0.199608 0
0.887292 0.188507 0
0.889699 0.182286 0
0.887339 0.166764 0
0.886424 0.158544 0
0.885651 0.151279 0
0.885477 0.145332 0
0.88495 0.139195 0
0.885161 0.134436 1
0.885796 0.130032 0
0.884209 0.123357 0
0.886781 0.126652 0
0.889012 0.122651 0
0.890338 0.123459 0
0.891732 0.120928 0
0.893152 0.117837 0
0.894316 0.114846 0
0.894621 0.108991 0
0.893637 0.10185 0
0.89209 0.0946587 0
0.891712 0.089534 0
0.891554 0.0814071 0
0.890682 0.0726051 1
0.889419 0.0652481 0
0.888418 0.0596158 0
0.889693 0.0570251 0
0.890506 0.0510997 0
0.890596 0.0472074 0
0.890285 0.0455441 0
0.891389 0.0431983 0
0.892984 0.0388244 0
0.892289 0.0374777 0
0.898786 0.0326073 0
0.892684 0.023836 0
0.894069 0.0242595 0
0.893666 0.0246397 0
0.899004 0.0184484 1
0.900785 0.0168716 0
0.895174 0.0169817 0
0.897059 0.00998649 0
0.898409 0.00740348 0
0.899804 0.00679186 0
0.90014 0.00451654 0
0.89685 0.00107932 0
0.89453 0 0
0.893836 6.94486e-06 0
0.894213 0.00175729 0
0.893805 0.00298775 0
0.893248 0.0037734 0
0.896111 0.00173292 0
0.894104 0.00159136 1
0.891702 0.00272423 0
0.890299 0.00458195 0
0.890305 0.00575811 0
0.890884 0.00699558 0
0.891715 0.00933113 0
0.891477 0.0116233 0
0.893274 0.0120457 0
0.893789 0.0150627 0
0.894377 0.0182008 0
0.895087 0.0201005 1
0.896533 0.0223877 0
0.898098 0.0254883 0
0.89886 0.027823 0
0.89987 0.0307614 0
0.900921 0.0340208 0
0.902338 0.0372993 0
0.902778 0.0391748 0
0.903131 0.0431341 0
0.904037 0.0475177 0
0.905809 0.052061 1
0.906979 0.0554534 0
0.906788 0.0583864 0
0.906576 0.0622126 0
0.907287 0.0666439 0
0.907484 0.070604 0
0.907274 0.0746272 0
0.907414 0.0796117 0
0.90692 0.0847248 0
0.906046 0.0901817 0
0.905939 0.0949014 0
0.905423 0.0995542 0
0.904192 0.103679 0
0.903674 0.107748 0
0.902768 0.1119 0
0.900726 0.115428 0
0.898703 0.117211 0
0.897652 0.119097 0
0.897802 0.120868 0
0.897477 0.124234 0
0.896395 0.129193 0
0.895096 0.129758 0
0.893686 0.128369 0
0.892775 0.127875 0
0.89201 0.129039 0
0.891483 0.128573 0
0.891033 0.128944 0
0.891254 0.129837 0
0.890867 0.131362 0
0.89038 0.133596 0
0.889829 0.136132 0
0.889928 0.133101 0
0.890236 0.132365 0
0.889681 0.133846 0
0.889366 0.135527 0
0.888932 0.138416 0
0.88803 0.140995 0
0.888557 0.138627 0
0.888846 0.137149 0
0.888825 0.137416 0
0.888504 0.140254 1
0.888289 0.142244 0
0.887721 0.142994 0
0.888123 0.142697 0
0.888203 0.142308 0
0.887874 0.143234 0
0.887186 0.144156 0
0.886777 0.144635 0
0.887225 0.144814 0
0.887707 0.144558 0
0.888323 0.145362 0
0.889227 0.147468 0
0.888989 0.151576 0
0.88796 0.15462 0
0.88769 0.154516 0
0.887089 0.155192 0
0.885103 0.156291 0
0.883326 0.155871 0
0.88305 0.152865 0
0.883459 0.147154 0
0.882739 0.145552 0
0.883586 0.143679 0
0.881502 0.149304 0
0.881964 0.147714 0
0.882278 0.138962 0
0.882329 0.133394 0
0.883769 0.129777 0
0.885392 0.123024 0
0.885792 0.115233 0
0.886883 0.110041 0
0.888615 0.105553 1
0.890778 0.101891 0
0.893412 0.0986515 0
0.896893 0.0971528 0
0.899464 0.0957885 0
0.902429 0.0938897 0
0.904301 0.0915126 0
0.906128 0.0896428 0
0.90819 0.0884466 0
0.910708 0.08752 0
0.912061 0.0855965 0
0.914338 0.0832123 0
0.916272 0.0807851 1
0.917572 0.0796263 0
0.920585 0.0789782 0
0.922227 0.0767512 0
0.924359 0.0764367 0
0.925978 0.074797 0
0.928092 0.0734559 0
0.929908 0.0725037 0
0.932025 0.0725756 0
0.933233 0.0730337 0
0.935311 0.0709764 0
0.937955 0.0707912 0
0.941101 0.0718499 1
0.943456 0.0721461 0
0.946283 0.0716288 0
0.94877 0.0719248 0
0.948493 0.073654 0
0.952983 0.0711574 0
0.954887 0.0704023 0
0.957433 0.0715004 0
0.957179 0.0720779 0
0.961026 0.0771089 0
0.962779 0.0808012 0
0.96456 0.0784538 0
0.966394 0.0791606 1
0.966895 0.0801568 0
0.967642 0.0805871 0
0.969475 0.0825267 0
0.971279 0.0848756 0
0.973066 0.0851308 0
0.973208 0.100073 0
0.973984 0.104913 0
0.972359 0.105028 0
0.976252 0.102795 0
0.978806 0.0993791 0
0.978545 0.0957682 0
0.978654 0.0949944 1
0.979023 0.102824 0
0.979798 0.10758 0
0.980696 0.108801 0
0.980388 0.109062 0
0.980811 0.112889 0
0.982261 0.118363 0
0.982311 0.120642 0
0.985092 0.12686 0
0.984742 0.131447 0
0.983516 0.135855 0
0.988546 0.146991 0
0.984532 0.143725 0
0.98728 0.150454 0
0.989087 0.156029 0
0.989531 0.162044 0
0.989662 0.163528 1
0.987724 0.163436 0
0.989904 0.168142 0
0.992246 0.172026 0
0.992409 0.168346 0
0.99347 0.166671 0
0.994523 0.165221 0
0.995146 0.165437 0
0.995983 0.166362 0
0.995117 0.162031 0
0.997175 0.163497 0
0.99744 0.164732 0
0.99843 0.166995 0
0.998404 0.16638 0
0.999864 0.166963 0
1 0.168753 0
0.999128 0.169392 1
0.998341 0.168831 0
0.998244 0.170152 0
0.997646 0.172755 0
0.997333 0.17128 0
0.997374 0.16995 0
0.997502 0.168218 0
0.997627 0.167414 0
0.997719 0.167051 0
0.996808 0.16687 0
0.995787 0.166343 0
0.995208 0.166388 0
0.994536 0.16537 0
0.992339 0.16053 0
0.990907 0.160574 0
0.988682 0.159932 0
0.9858 0.156392 0
0.983038 0.153976 0
0.980015 0.152253 1
0.976694 0.151293 0
0.972438 0.150153 0
0.968289 0.147858 0
0.965142 0.146446 0
0.963606 0.147915 0
0.962406 0.150629 0
0.960331 0.153378 0
0.957286 0.151262 0
0.952335 0.1477 0
0.947942 0.147172 0
0.947608 0.150775 0
0.946189 0.155145 1
0.944567 0.156933 0
0.944259 0.164537 0
0.941095 0.162391 0
0.938781 0.162438 0
0.937097 0.164169 0
0.935344 0.166265 0
0.933288 0.166871 0
0.932106 0.168622 0
0.930302 0.170789 0
0.927656 0.17293 0
0.926346 0.175178 0
0.924491 0.175091 0
0.924825 0.177995 0
0.92122 0.180133 1
0.918205 0.178993 0
0.917373 0.176166 0
0.916226 0.174034 0
0.916138 0.173736 0
0.917754 0.174293 0
0.916333 0.173512 0
0.915486 0.172586 0
0.91416 0.168213 0
0.91329 0.165229 0
0.911783 0.161895 0
0.910881 0.159635 0
0.909258 0.158845 0
0.907959 0.155894 0
0.906889 0.152838 0
0.905312 0.152279 0
0.904421 0.15059 1
0.903107 0.149398 0
0.901808 0.146712 0
0.900936 0.145237 0
0.89972 0.143925 0
0.897608 0.141839 0
0.895796 0.13995 0
0.895228 0.138563 0
0.895403 0.138189 0
0.894995 0.1374 0
0.893338 0.136006 0
0.891012 0.135514 0
0.888602 0.133088 0
0.887035 0.130742 0
0.885261 0.128255 0
0.884705 0.128286 0
0.881078 0.137736 0
0.881395 0.128613 0
0.879676 0.125371 0
0.878216 0.12505 0
0.877396 0.124498 0
0.876303 0.124243 0
0.874028 0.123017 0
0.871476 0.122129 0
0.869262 0.12091 0
0.866553 0.120528 0
0.864112 0.121987 0
0.862678 0.1245 0
0.861343 0.126366 1
0.857086 0.125996 0
0.852662 0.126519 0
0.851142 0.128991 0
0.847664 0.130453 0
0.843542 0.135364 0
0.840553 0.138736 0
