0.873379 0.306869 0
0.883473 0.349137 0
0.882626 0.348717 1
0.874922 0.35681 0
0.880348 0.359691 0
0.882041 0.353354 0
0.880299 0.362177 0
0.877462 0.361725 0
0.887554 0.395092 0
0.88143 0.39448 0
0.888696 0.412647 0
0.905377 0.425465 0
0.911257 0.68045 0
0.935083 0.714917 0
0.939638 0.711903 0
0.938807 0.710814 0
0.938648 0.712485 0
0.938888 0.712111 0
0.939124 0.712433 0
0.938836 0.712569 0
0.938789 0.712486 0
0.938462 0.71296 0
0.938541 0.712951 0
0.93855 0.712963 0
0.938402 0.713082 1
0.936654 0.714262 0
0.934476 0.7157 0
0.933656 0.716739 0
0.930579 0.717882 0
0.928801 0.714178 0
0.909163 0.706129 0
0.888396 0.70529 0
0.852833 0.697826 0
0.834167 0.693433 0
0.817196 0.689765 0
0.804048 0.68439 0
0.795794 0.673461 1
0.790945 0.678377 0
0.79014 0.676743 0
0.780716 0.681763 0
0.74527 0.704994 0
0.724281 0.715458 0
0.673721 0.716244 0
0.654063 0.715114 0
0.635574 0.712296 0
0.59596 0.70753 0
0.549387 0.702976 0
0.525639 0.703761 0
0.501629 0.671612 0
0.455844 0.673255 0
0.437083 0.672735 0
0.398875 0.68368 0
0.378372 0.681997 0
0.351094 0.692551 0
0.315765 0.678183 0
0.289446 0.653252 0
0.262681 0.65324 0
0.248998 0.634217 0
0.232027 0.638961 0
0.21731 0.6215 0
0.215443 0.61252 1
0.205427 0.610973 0
0.199188 0.622315 0
0.179149 0.619022 0
0.161544 0.624832 0
0.144638 0.618376 0
0.121199 0.619448 0
0.109168 0.627631 0
0.097083 0.617846 0
0.0770657 0.611523 0
0.0723258 0.605665 0
0.0628049 0.571424 0
0.0587529 0.566474 1
0.0478503 0.575227 0
0.0420815 0.574499 0
0.0384641 0.57253 0
0.0307521 0.574853 0
0.0257578 0.572024 0
0.0212017 0.568906 0
0.0157215 0.56569 0
0.0133144 0.56015 1
0.0124086 0.556077 0
0.010889 0.549879 0
0.00949278 0.545149 0
0.0074292 0.537791 0
0 0.529514 0
0.0102346 0.519012 0
0.00828327 0.513987 0
0.00776502 0.502903 0
0.0101427 0.492745 0
0.0279344 0.469695 1
0.0248079 0.482812 0
0.0331752 0.479714 1
0.0356535 0.478747 0
0.0383313 0.478254 0
0.0395047 0.476224 0
0.0393868 0.478141 0
0.0409448 0.477706 0
0.0422312 0.473299 0
0.0426832 0.469952 0
0.0293229 0.488024 0
0.0446569 0.478053 0
0.0411634 0.480245 0
0.0750955 0.448127 0
0.0786652 0.43753 0
0.0877713 0.427765 0
0.103353 0.421074 1
0.112398 0.409518 0
0.11805 0.39006 0
0.137346 0.36072 0
0.152666 0.344158 0
0.156544 0.326194 0
0.163341 0.306451 0
0.1864 0.299141 0
0.214649 0.27572 0
0.276255 0.214819 0
0.291648 0.202489 1
0.305085 0.195786 0
0.313002 0.188235 0
0.393149 0.122216 0
0.429552 0.107055 0
0.455391 0.10587 0
0.494493 0.0467185 0
0.5148 0.047943 0
0.607926 0.0211153 0
0.617642 0.0365272 0
0.618611 0.0370211 1
0.626083 0.0396816 0
0.622396 0.0354419 0
0.737753 0 0
0.765326 0.0275816 0
0.778649 0.0365374 0
0.791699 0.0549618 0
0.800598 0.0666059 0
0.800418 0.0763766 1
0.806024 0.0781183 0
0.811864 0.0769742 0
0.820715 0.0844115 0
0.826613 0.0911039 0
0.840343 0.0994007 0
0.849191 0.107777 0
0.864598 0.14554 0
0.892285 0.177732 0
0.892708 0.176727 0
0.89376 0.177204 1
0.89428 0.177395 0
0.895887 0.177964 0
0.894958 0.178009 0
0.895685 0.180879 0
0.87775 0.324493 0
0.924286 0.395284 0
0.930817 0.403318 0
0.93411 0.410998 0
0.942468 0.427559 0
0.933571 0.45959 0
0.923507 0.484684 0
0.913191 0.511099 0
0.912721 0.544604 0
0.919684 0.599847 0
0.957825 0.624258 0
0.958337 0.632098 0
0.957677 0.634514 0
0.959395 0.636816 0
0.955234 0.637815 0
0.951398 0.640094 0
0.950505 0.637512 0
0.953028 0.636784 0
0.939587 0.633026 0
0.947927 0.628244 1
0.94622 0.627448 0
0.944511 0.628749 0
0.948518 0.632321 0
0.935454 0.631959 0
0.915765 0.637068 0
0.905583 0.64377 0
0.901811 0.648953 0
0.873091 0.645823 0
0.792597 0.638401 0
0.790871 0.643447 0
0.785588 0.651675 0
0.780692 0.656842 1
0.754432 0.65432 0
0.728647 0.650924 0
0.705928 0.633021 0
0.685128 0.636158 0
0.651961 0.6383 0
0.614988 0.639568 0
0.585988 0.636282 0
0.566217 0.628691 1
0.564823 0.630051 0
0.563922 0.630737 0
0.556391 0.632331 0
0.452067 0.571612 0
0.420505 0.573253 0
0.40388 0.585096 0
0.379377 0.583079 0
0.350693 0.583919 0
0.334727 0.579348 0
0.310258 0.575024 0
0.280804 0.574319 0
0.277589 0.567719 0
0.244078 0.570814 0
0.242158 0.569044 0
0.230638 0.573591 0
0.226013 0.57268 1
0.224553 0.566862 0
0.219552 0.564535 0
0.206194 0.564657 0
0.200114 0.561767 0
0.189766 0.561232 0
0.182825 0.560244 0
0.178977 0.558132 0
0.171764 0.561359 0
0.156825 0.563339 0
0.148222 0.562004 0
0.13011 0.566951 0
0.0756448 0.562261 0
0.0741893 0.56075 0
0.07218 0.557714 0
0.0734431 0.557485 0
0.0585485 0.548534 0
0.0564514 0.547626 0
0.0516146 0.544351 0
0.0513975 0.542916 0
0.0500326 0.539922 0
0.0445 0.536524 0
0.0435913 0.535046 0
0.0408645 0.531453 0
0.0389501 0.526556 0
0.0402287 0.523167 0
0.0410761 0.519952 0
0.0414177 0.515101 0
0.0430722 0.512875 1
0.042941 0.508188 0
0.044559 0.503984 0
0.0454018 0.503168 0
0.0454972 0.501891 0
0.0464388 0.501001 0
0.0449315 0.501695 0
0.0457376 0.504915 0
0.0451028 0.506731 0
0.0462622 0.507274 0
0.0450993 0.507705 0
0.0435102 0.506801 0
0.0447174 0.505367 0
0.0931119 0.475011 0
0.100144 0.477047 0
0.106553 0.467467 0
0.108108 0.458768 0
0.139467 0.354468 0
0.152072 0.338087 0
0.154889 0.310867 0
0.164282 0.302534 0
0.181079 0.285462 0
0.200815 0.27544 0
0.209466 0.254167 0
0.22003 0.236813 1
0.237912 0.237139 0
0.326799 0.132612 0
0.329159 0.131988 0
0.337214 0.129917 1
0.340065 0.12796 0
0.351947 0.128875 0
0.390836 0.127461 0
0.447401 0.147418 0
0.548439 0.0719972 0
0.559807 0.0649766 0
0.560173 0.0516147 0
0.570072 0.0506384 0
0.582392 0.047006 0
0.593429 0.0468875 1
0.587137 0.0592997 0
0.628661 0.1098 0
0.682023 0.127624 0
0.715359 0.115541 0
0.749355 0.103895 0
0.758308 0.0956289 0
0.769212 0.0960932 0
0.777023 0.0945504 1
0.777081 0.0985611 0
0.774742 0.104805 0
0.784266 0.130164 0
0.803229 0.173949 0
0.865249 0.201893 0
0.88101 0.206324 0
0.883931 0.203342 0
0.884018 0.203349 1
0.877239 0.219598 0
0.899571 0.240085 0
0.906183 0.257274 0
0.906096 0.276122 0
0.928388 0.298945 0
0.922337 0.322852 1
0.925348 0.32476 0
0.92734 0.326712 0
0.925414 0.328922 0
0.933284 0.333685 0
0.961532 0.357029 0
0.972636 0.366002 0
0.990682 0.361616 0
0.974973 0.677155 0
0.955238 0.691425 0
0.954049 0.694576 0
0.959575 0.697149 0
0.949713 0.701927 1
0.954242 0.702103 0
0.957089 0.699094 0
0.967264 0.704202 0
0.973801 0.705954 0
0.985307 0.713323 0
1 0.7186 0
0.986324 0.724601 0
0.996562 0.730707 0
0.996933 0.733375 0
0.993299 0.738463 1
0.995463 0.742038 0
0.9958 0.756851 0
0.968004 0.768398 0
0.966446 0.773629 0
0.944913 0.773753 0
0.930646 0.771264 0
0.913361 0.75506 0
0.90533 0.743179 1
0.895501 0.747233 0
0.892656 0.744904 0
0.877697 0.747986 0
0.858763 0.744992 0
0.815234 0.749028 0
0.803624 0.662344 0
0.795809 0.659378 0
0.800013 0.65662 0
0.748119 0.671083 0
0.719531 0.675782 0
0.692296 0.668101 0
0.677231 0.668636 0
0.64696 0.661481 0
0.621715 0.682522 0
0.543039 0.617921 0
0.538782 0.613749 0
0.532093 0.609878 0
0.52588 0.615065 1
0.488463 0.605552 0
0.478912 0.60235 0
0.453279 0.600696 0
0.421688 0.603234 0
0.410426 0.594461 0
0.390224 0.598199 0
0.372367 0.594718 0
0.367125 0.585738 0
0.326568 0.587877 0
0.304462 0.596497 0
0.275675 0.589512 0
0.267118 0.587399 0
0.261728 0.583367 0
0.208575 0.581124 0
0.199422 0.58082 0
0.187453 0.577405 0
0.177743 0.574902 0
0.147527 0.578984 0
0.130465 0.572772 0
0.124202 0.5752 0
0.10964 0.569837 0
0.101864 0.565247 0
0.0944417 0.562773 0
0.0891722 0.558306 0
0.0839181 0.556006 0
0.082863 0.554885 0
0.0803291 0.553026 0
0.0793922 0.551264 0
0.0776906 0.549746 0
0.0768497 0.548377 1
0.0769857 0.546141 0
0.0761464 0.543277 0
0.0766293 0.541234 0
0.0736894 0.538455 0
0.0721258 0.535359 0
0.070771 0.532213 0
0.0700112 0.526817 0
0.0671639 0.52295 0
0.0643096 0.520519 0
0.0645313 0.514545 0
0.0634802 0.513029 0
0.0628551 0.513203 0
0.0622956 0.512052 0
0.0608778 0.51093 0
0.0607088 0.510769 0
0.0606923 0.510945 1
0.0615444 0.51193 0
0.0611863 0.513529 0
0.0616273 0.514809 0
0.0645975 0.514102 0
0.0728174 0.509907 0
0.0758089 0.499952 0
0.0767149 0.495011 0
0.09198 0.484656 0
0.0984094 0.474915 0
0.112854 0.462752 0
0.140715 0.449268 0
0.172045 0.35666 0
0.184676 0.339295 0
0.183761 0.323085 0
0.207293 0.305993 0
0.206205 0.311937 0
0.213433 0.285968 0
0.258163 0.219726 0
0.291481 0.187141 0
0.319936 0.179612 0
0.416739 0.104133 0
0.423961 0.0913032 0
0.458727 0.0854662 0
0.482496 0.0799141 1
0.491603 0.0740972 0
0.488902 0.0612599 0
0.640637 0.000729163 0
0.503533 0.0106158 0
0.66068 0.00891214 0
0.679005 0.037485 0
0.687275 0.0381604 0
0.692384 0.0379722 0
0.692926 0.0413135 0
0.699675 0.0477478 1
0.70354 0.0497033 0
0.713516 0.0461348 0
0.721421 0.0441766 0
0.742713 0.0424027 0
0.746302 0.0412757 0
0.860117 0.0921564 0
0.834572 0.0962067 0
0.872054 0.115157 0
0.889372 0.122857 0
0.897488 0.135578 0
0.902844 0.15019 0
0.910303 0.160963 1
0.908912 0.162542 0
0.907114 0.166055 0
0.900019 0.164577 0
0.900758 0.162515 0
0.834991 0.279138 0
0.855321 0.297723 0
0.962767 0.183623 0
0.950718 0.404533 0
0.92479 0.423402 0
0.941647 0.439091 0
0.939397 0.463275 0
0.936055 0.47598 0
0.931694 0.491915 0
0.945241 0.513868 0
0.954459 0.526262 0
0.95914 0.555433 0
0.954417 0.573803 0
0.953144 0.588132 1
0.953135 0.588146 0
0.953118 0.588247 0
0.953491 0.588097 0
0.953371 0.588174 0
0.95312 0.588122 0
0.953192 0.588085 0
0.953424 0.587999 0
0.954203 0.585821 0
0.954245 0.578975 0
0.955006 0.573695 0
0.957452 0.571123 0
0.965999 0.572798 0
0.953193 0.573752 0
0.94626 0.583996 0
0.963941 0.578208 0
0.938188 0.584506 0
0.94596 0.59883 0
0.88804 0.598528 0
0.907279 0.594408 0
0.880695 0.612476 0
0.882283 0.605514 0
0.859097 0.596778 0
0.818916 0.615748 0
0.875447 0.576435 0
0.824785 0.6721 0
0.811253 0.585912 0
0.81016 0.587217 0
0.774665 0.579779 0
0.737297 0.569136 0
0.716681 0.568189 0
0.725774 0.570979 0
0.681402 0.56755 0
0.65281 0.571511 0
0.597128 0.581217 0
0.59004 0.587109 0
0.573911 0.600764 0
0.560309 0.603492 0
0.561176 0.602754 0
0.468672 0.540792 0
0.482018 0.566461 0
0.411113 0.545683 0
0.380648 0.55551 0
0.419727 0.532917 0
