0.294772 0.367919 1
0.218489 0.45057 0
0.230711 0.431943 0
0.22201 0.424668 0
0.400267 0.365482 0
0.400396 0.360323 0
0.221235 0.449495 0
0.283118 0.361383 0
0.290799 0.364041 0
0.112309 0.700672 0
0.281071 0.353133 0
0.286212 0.361264 0
0.291031 0.363062 0
0.282693 0.357873 0
0.287923 0.360895 0
0.287683 0.360859 0
0.283158 0.357415 0
0.260704 0.351346 0
0.233058 0.434579 0
0.242146 0.413561 0
0.21925 0.425113 0
0.284482 0.358517 0
0.281346 0.356893 0
0.285237 0.358758 0
0.289866 0.363997 0
0.233041 0.408834 0
0.273384 0.350555 0
0.278707 0.352563 0
0.294772 0.367919 1
0.28239 0.358759 0
0.274255 0.357019 0
0.229257 0.437095 0
0.215062 0.456238 0
0.221059 0.437927 0
0.24947 0.400377 0
0.214496 0.444941 0
0.286133 0.360227 0
0.288658 0.362526 0
0.28623 0.359131 0
0.290414 0.363112 0
0.287446 0.361458 0
0.288342 0.361895 0
0.286413 0.360427 0
0.281461 0.358258 0
0.281368 0.357744 0
0.275137 0.357683 0
0.233451 0.415018 0
0.240207 0.424114 0
0.294772 0.367919 1
0.238128 0.413161 0
0.244686 0.419962 0
0.244271 0.419214 0
0.245394 0.419108 0
0.24158 0.424666 0
0.243508 0.421314 0
0.243948 0.422114 0
0.239866 0.424981 0
0.232839 0.430352 0
0.240833 0.422417 0
0.235501 0.430302 0
0.238775 0.426331 0
0.232969 0.432897 0
0.233331 0.431937 0
0.236897 0.429713 0
0.241809 0.424242 0
0.234534 0.431538 0
0.238828 0.42733 0
0.233623 0.432293 0
0.236193 0.42808 0
0.237094 0.429429 0
0.240853 0.424717 0
0.242405 0.423412 0
0.242076 0.422445 0
0.235429 0.416688 0
0.242858 0.422919 0
0.238818 0.427434 0
0.242928 0.422372 0
0.241481 0.424291 0
0.243328 0.421738 0
0.242474 0.423339 0
0.243785 0.421412 0
0.243501 0.422208 0
0.242928 0.42319 0
0.229442 0.414416 0
0.294772 0.367889 1
0.240319 0.419816 0
0.242347 0.423581 0
0.240716 0.425546 0
0.248602 0.414249 0
0.249554 0.41598 0
0.247962 0.417498 0
0.241045 0.407427 0
0.294772 0.367874 1
0.242853 0.416281 0
0.250606 0.414732 0
0.252665 0.412344 0
0.244766 0.420445 0
0.245465 0.420333 0
0.254619 0.406668 0
0.240866 0.423285 0
0.229247 0.430988 0
0.247897 0.414322 0
0.248145 0.413743 0
0.255971 0.429845 0
0.255072 0.428953 0
0.257548 0.430069 0
0.239058 0.41885 0
0.230089 0.43696 0
0.294772 0.36783 1
0.231183 0.416582 0
0.238844 0.427384 0
0.253575 0.425153 0
0.252532 0.43124 0
0.226052 0.44342 0
0.232861 0.424148 0
0.160856 0.687649 0
0.600052 0.686689 0
0.366405 0.763986 0
0.363174 0.764017 0
0.355292 0.765464 0
0.389559 0.751264 0
0.183921 0.452708 0
0.235141 0.427215 0
0.244725 0.420055 0
0.240188 0.413549 0
0.206713 0.454946 0
0.439271 0.747225 0
0.207176 0.407423 0
0.238126 0.417017 0
0.25014 0.411498 0
0.294772 0.367772 1
0.245225 0.409455 0
0.249544 0.41036 0
0.249786 0.415721 0
0.294772 0.367752 1
0.749866 0.606013 0
0.88699 0.565187 0
0.237833 0.391273 0
0.294772 0.367726 1
0.256801 0.405917 0
0.153818 0.677272 0
0.877442 0.507346 0
0.863871 0.536999 0
0.874533 0.527831 0
0.851424 0.543928 0
0.838927 0.493468 0
0.238424 0.331657 0
0.232661 0.373547 0
0.294772 0.367678 1
0.278146 0.360043 0
0.272534 0.356655 0
0.283 0.360482 0
0.281188 0.359326 0
0.281417 0.35899 0
0.281226 0.358772 0
0.281831 0.358841 0
0.282466 0.358976 0
0.282012 0.358193 0
0.268734 0.350157 0
0.28683 0.363815 0
0.294772 0.367646 1
0.202888 0.362866 0
0.976018 0.349675 0
0.250871 0.331126 0
0.271635 0.353285 0
0.25434 0.348051 0
0.121592 0.378962 0
0.653188 0.167846 0
0.716 0.155143 0
0.700611 0.146617 0
0.235538 0.290693 0
0.157525 0.371647 0
0.277595 0.336724 0
0.280027 0.350456 0
0.283516 0.353229 0
0.280136 0.350126 0
0.294772 0.367621 1
0.279165 0.34811 0
0.284063 0.350721 0
0.285284 0.351498 0
0.283987 0.34918 0
0.273566 0.334767 0
0.28382 0.348407 0
0.287699 0.354055 0
0.28905 0.355705 0
0.287696 0.353155 0
0.285132 0.349407 0
0.277687 0.331457 0
0.294772 0.367612 1
0.286531 0.347147 0
0.290512 0.358386 0
0.291723 0.359847 0
0.291299 0.358158 0
0.292517 0.361073 0
0.291873 0.359177 0
0.290179 0.354734 0
0.28681 0.345629 0
0.293575 0.36064 0
0.294772 0.367612 1
0.290912 0.351691 0
0.29226 0.357961 0
0.293736 0.362675 0
0.294104 0.364392 0
0.292454 0.358103 0
0.290686 0.349364 0
0.292784 0.359297 0
0.293225 0.360149 0
0.291066 0.353598 0
0.287375 0.337293 0
0.29274 0.356217 0
0.293252 0.36166 0
0.287868 0.336544 0
0.294772 0.367623 1
0.289963 0.346492 0
0.291531 0.353412 0
0.292407 0.358247 0
0.290048 0.345704 0
0.293197 0.361407 0
0.29394 0.362386 0
0.292459 0.357276 0
0.290707 0.346451 0
0.29341 0.361832 0
0.290777 0.347919 0
0.293557 0.359666 0
0.290189 0.349396 0
0.285143 0.332671 0
0.292954 0.360457 0
0.291595 0.354915 0
0.294772 0.367654 1
0.290683 0.350713 0
0.292761 0.358435 0
0.293228 0.361385 0
0.293068 0.3613 0
0.290834 0.353628 0
0.292175 0.358059 0
0.29249 0.359768 0
0.292104 0.357809 0
0.288865 0.347223 0
0.291817 0.357533 0
0.284513 0.335994 0
0.287925 0.348172 0
0.288558 0.351604 0
0.28638 0.345054 0
0.278815 0.334249 0
0.294772 0.367699 1
0.279526 0.329822 0
0.28368 0.34271 0
0.286112 0.34638 0
0.283544 0.340601 0
0.279686 0.312546 0
0.0589543 0.599275 0
0.278285 0.312377 0
0.294772 0.367737 1
0.289602 0.358784 0
0.278491 0.330111 0
0.282429 0.338089 0
0.273799 0.330195 0
0.786564 0.149136 0
0.803134 0.446268 0
0.267253 0.306417 0
0.294772 0.367771 1
0.281422 0.341163 0
0.284822 0.344945 0
0.283577 0.343296 0
0.28316 0.343002 0
0.282205 0.34317 0
0.280772 0.342268 0
0.279773 0.342107 0
0.277963 0.341623 0
0.275393 0.342471 0
0.269882 0.340868 0
0.273771 0.347535 0
0.286495 0.360991 0
0.267713 0.34032 0
0.294772 0.367814 1
0 0.461444 0
0.18643 0.333737 0
0.0291161 0.545089 0
0.0239542 0.560958 0
0.17122 0.366828 0
0.186617 0.359262 0
0.0230855 0.563236 0
0.0639359 0.5584 0
0.0758527 0.578438 0
0.187172 0.388522 0
0.277172 0.36345 0
0.294772 0.367856 1
0.284455 0.366458 0
0.281779 0.367551 0
0.281932 0.368448 0
0.280562 0.370654 0
0.280688 0.37105 0
0.280784 0.372101 0
0.280849 0.372328 0
0.280737 0.372199 0
0.280638 0.372243 0
0.281134 0.372698 0
0.281781 0.374724 0
0.294772 0.367896 1
0.28314 0.376207 0
0.282539 0.373604 0
0.27152 0.365038 0
0.151466 0.42403 0
0.243857 0.392403 0
0.165885 0.415468 0
0.286816 0.382762 0
0.294772 0.367921 1
0.284437 0.379059 0
0.283533 0.377797 0
0.283184 0.376939 0
0.282513 0.37675 0
0.282135 0.376272 0
0.28243 0.375834 0
0.283095 0.375119 0
0.286889 0.373566 0
0.282676 0.380483 0
0.227666 0.392831 0
0.865688 0.0879593 0
0.76741 0.0817475 0
0.195783 0.468207 0
0.294772 0.367953 1
0.235309 0.414014 0
0.090029 0.549268 0
0.0735885 0.571139 0
0.116898 0.505004 0
0.273401 0.384535 0
0.294772 0.367947 1
0.25282 0.377183 0
0.904736 0 0
0.814364 0.114271 0
0.840884 0.125528 0
0.886067 0.060034 0
0.158479 0.556343 0
0.283567 0.389023 0
0.294772 0.367992 1
0.222697 0.464235 0
0.139199 0.503293 0
0.814013 0.134399 0
0.808919 0.133423 0
0.784418 0.375193 0
0.819729 0.363918 0
0.81967 0.363203 0
0.819725 0.363368 0
0.819594 0.363427 0
0.819315 0.363164 0
0.819084 0.362316 0
0.810435 0.355272 0
0.83369 0.411572 0
0.205756 0.521993 0
0.262217 0.399699 0
0.294772 0.368221 1
0.241119 0.412288 0
0.231489 0.410584 0
0.192402 0.491964 0
0.171651 0.541517 0
0.17477 0.589939 0
0.294772 0.36871 1
0.294792 0.368743 0
0.294791 0.368656 0
0.292876 0.369298 0
0.273742 0.388955 0
0.21804 0.479097 0
0.261923 0.402752 0
0.266606 0.372865 0
0.216909 0.592043 0
0.169026 0.555645 0
0.173604 0.564141 0
0.191402 0.502059 0
0.239046 0.459374 0
0.197735 0.503553 0
0.250972 0.417003 0
0.285748 0.37839 0
0.294772 0.370656 1
0.278493 0.395127 0
0.227972 0.430959 0
0.20808 0.459062 0
0.184807 0.502704 0
0.175877 0.520816 0
0.167224 0.53971 0
0.144362 0.607224 0
0.285695 0.398069 0
0.290531 0.376725 0
0.294772 0.379055 1
0.809397 0.400892 0
0.81283 0.393307 0
0.819726 0.379583 0
0.820497 0.375753 0
0.801669 0.38344 0
0.744933 0.337593 0
0.102557 0.648748 0
0.29477 0.383707 1
0.803446 0.505531 0
0.70389 0.380667 0
0.697762 0.369349 0
0.701259 0.375757 0
0.648874 0.426793 0
0.29477 0.3866 1
0.250969 0.431042 0
0.274304 0.403078 0
0.291203 0.387723 0
0.29442 0.387839 0
0.294578 0.387986 0
0.294695 0.388271 0
0.294866 0.388593 0
0.29477 0.388881 1
0.294653 0.389005 0
0.294483 0.389402 0
0.294712 0.390141 0
0.285854 0.393988 0
0.262689 0.440573 0
0.267486 0.474837 0
0.752407 0.59134 0
0.267134 0.402766 0
0.28836 0.391782 0
0.29477 0.390578 1
0.29485 0.390496 0
0.294892 0.390454 0
0.294788 0.390465 0
0.293463 0.390522 0
0.295377 0.389588 0
0.292191 0.391264 0
0.295744 0.390224 0
0.293195 0.391138 0
0.292934 0.391331 0
0.29477 0.391406 1
0.292878 0.391984 0
0.293301 0.392044 0
0.293483 0.39225 0
0.293516 0.39253 0
0.293317 0.393021 0
0.293702 0.393013 0
0.294281 0.392666 0
0.29477 0.391651 1
0.294776 0.395492 0
0.295835 0.398254 0
0.293853 0.405171 0
0.29628 0.413274 0
0.296243 0.422528 0
0.295821 0.426944 0
0.29524 0.434995 0
0.296258 0.438285 0
0.293648 0.447535 0
0.294263 0.449759 0
0.294685 0.454591 0
0.294902 0.45911 0
0.295064 0.459644 0
0.294767 0.461816 1
0.296227 0.459821 0
0.303692 0.448472 0
0.273703 0.433081 0
0.622602 0.494377 0
0.649465 0.492515 0
0.302223 0.491209 0
0.293938 0.442052 0
0.294765 0.492529 1
0.295363 0.492621 0
0.293049 0.495333 0
0.253135 0.567108 0
0.2494 0.574495 0
0.253794 0.575688 0
0.25723 0.575553 0
0.26223 0.576645 0
0.271356 0.575282 0
0.284154 0.576534 0
0.286805 0.575005 0
0.288108 0.57586 0
0.289166 0.576573 0
0.289766 0.576739 0
0.290671 0.5772 0
0.291176 0.578007 0
0.292155 0.578291 0
0.293889 0.581562 0
0.294597 0.583019 0
0.294666 0.583475 0
0.29476 0.583665 1
0.295293 0.586101 0
0.295418 0.588512 0
0.294662 0.590911 0
0.296829 0.593647 0
0.295486 0.601516 0
0.293451 0.606649 0
0.292413 0.612623 0
0.292988 0.6163 0
0.294016 0.619593 0
0.294281 0.623333 0
0.294226 0.627193 0
0.294758 0.630042 1
0.294758 0.630042 0
0.294758 0.630042 0
0.294758 0.630042 0
0.294758 0.630042 0
0.294758 0.630042 0
0.294759 0.630041 0
0.29476 0.630035 0
0.294763 0.630002 0
0.295065 0.630066 0
0.294755 0.675684 1
0.294276 0.628075 0
0.294776 0.628224 0
0.296031 0.622232 0
0.297729 0.618157 0
0.298467 0.612799 0
0.29798 0.612244 0
0.313858 0.605394 0
0.294755 0.701867 1
0.294906 0.701722 0
0.296868 0.700676 0
0.277605 0.695853 0
0.329648 0.604612 0
0.283537 0.707866 0
0.322204 0.69254 0
0.296903 0.702657 0
0.294753 0.724453 1
0.296358 0.703123 0
0.300463 0.700546 0
0.620488 0.831425 0
0.559844 0.836063 0
0.289394 0.744073 0
0.301371 0.703353 0
0.290359 0.743626 0
0.294753 0.744721 1
0.294762 0.744718 0
0.294898 0.74486 0
0.294063 0.74419 0
0.28193 0.69697 0
0.2917 0.747335 0
0.294751 0.759161 1
0.292595 0.609287 0
0.29683 0.582331 0
0.297533 0.585869 0
0.295535 0.584208 0
0.296166 0.584005 0
0.303217 0.593585 0
0.318488 0.572106 0
0.294751 0.773458 1
0.321265 0.5694 0
0.362844 0.555094 0
0.555644 0.785398 0
0.538061 0.832018 0
0.275155 0.566621 0
0.357903 0.55797 0
0.585605 0.828052 0
0.560878 0.784471 0
0.556682 0.785247 0
0.554541 0.791373 0
0.523103 0.805289 0
0.294751 0.786737 1
0.532439 0.836145 0
0.534794 0.804088 0
0.528354 0.834459 0
0.294751 0.79098 1
0.483246 0.837094 0
0.307395 0.801919 0
0.292919 0.791959 0
0.29364 0.791462 0
0.295053 0.796205 0
0.294751 0.796026 1
0.3101 0.808313 0
0.293352 0.797596 0
0.28904 0.795063 0
0.302984 0.802375 0
0.293986 0.797315 0
0.304293 0.807965 0
0.299212 0.803501 0
0.294753 0.797129 1
0.285707 0.815596 0
0.303209 0.804296 0
0.207311 0.825127 0
0.203411 0.804643 0
0.228706 0.794321 0
0.294753 0.794804 1
0.208375 0.792182 0
0.20636 0.783822 0
0.224176 0.782374 0
0.205827 0.777473 0
0.301183 0.785439 0
0.294753 0.789483 1
0.216166 0.771627 0
0.251051 0.773556 0
0.270717 0.775601 0
0.294753 0.784684 1
0.331523 0.773057 0
0.311115 0.776603 0
0.227898 0.753752 0
0.294755 0.779546 1
0.356668 0.764821 0
0.334917 0.768291 0
0.339605 0.765666 0
0.306748 0.772858 0
0.296071 0.779138 0
0.294755 0.771499 1
0.283389 0.772531 0
0.292978 0.766237 0
0.307446 0.772252 0
0.294755 0.763568 1
0.294613 0.754547 0
0.244767 0.753516 0
0.242971 0.75472 0
0.294756 0.754777 1
0.294473 0.751069 0
0.265341 0.759979 0
0.254333 0.755636 0
0.251334 0.752785 0
0.262064 0.758162 0
0.294756 0.739637 1
0.294035 0.736575 0
0.29576 0.733694 0
0.294749 0.729806 0
0.294758 0.727348 1
0.257805 0.752958 0
0.287975 0.740208 0
0.293599 0.711969 0
0.294758 0.713795 1
0.294597 0.714884 0
0.297115 0.730291 0
0.297777 0.729905 0
0.299725 0.731813 0
0.302568 0.7353 0
0.290141 0.649573 0
0.297861 0.657035 0
0.29476 0.68939 1
0.297854 0.66318 0
0.29423 0.665372 0
0.294904 0.666468 0
0.294744 0.666596 0
0.294755 0.66663 0
0.29476 0.666638 1
0.29557 0.662087 0
0.292934 0.657086 0
0.294644 0.649888 0
0.294761 0.644165 1
0.294959 0.644126 0
0.293188 0.643738 0
0.301883 0.653992 0
0.333107 0.676172 0
0.586592 0.530911 0
0.536983 0.560106 0
0.528013 0.561219 0
0.4916 0.602715 0
0.413423 0.649842 0
0.509174 0.577339 0
0.493259 0.589094 0
0.469623 0.61871 0
0.468058 0.617816 0
0.474826 0.605363 0
0.476561 0.597638 0
0.476692 0.591236 0
0.481467 0.585181 0
0.487526 0.579441 0
0.48508 0.575102 0
0.485188 0.543259 0
0.292836 0.536214 0
0.294767 0.531028 1
0.293863 0.530895 0
0.293431 0.530716 0
0.293873 0.532512 0
0.293829 0.532389 0
0.292129 0.531801 0
0.291737 0.531608 0
0.290345 0.531667 0
0.29157 0.528348 0
0.295142 0.538633 0
0.294768 0.469317 1
0.294863 0.469958 0
0.293615 0.470406 0
0.30349 0.47934 0
0.285717 0.538145 0
0.285414 0.529279 0
0.289393 0.524953 0
0.312431 0.531399 0
0.289927 0.546603 0
0.308322 0.52615 0
0.309821 0.528156 0
0.312869 0.528806 0
0.309006 0.525913 0
0.316464 0.533806 0
0.317383 0.527834 0
0.311786 0.521344 0
0.309313 0.478998 0
0.332861 0.521841 0
0.294773 0.391017 1
0.350591 0.507234 0
0.295028 0.476828 0
0.342132 0.484427 0
0.334424 0.483313 0
0.334423 0.485982 0
0.317169 0.558147 0
0.31107 0.475793 0
0.294087 0.47304 0
0.247808 0.583426 0
0.342609 0.485579 0
0.343615 0.480234 0
0.344082 0.47954 0
0.34655 0.478856 0
0.347553 0.478089 0
0.349377 0.477075 0
0.342793 0.49288 0
0.363365 0.397016 0
0.345543 0.477464 0
0.339447 0.381303 0
0.31984 0.37681 0
0.316423 0.374046 0
0.315464 0.374063 0
0.314122 0.373868 0
0.314522 0.374268 0
0.316722 0.374793 0
0.31214 0.3718 0
0.296666 0.372019 0
0.294777 0.371438 1
0.34398 0.398886 0
0.303646 0.372699 0
0.312145 0.372073 0
0.29749 0.371313 0
0.312256 0.374527 0
0.312048 0.37313 0
0.296043 0.373452 0
0.312129 0.373345 0
0.311539 0.372533 0
0.314342 0.373742 0
0.304263 0.371013 0
0.324833 0.378476 0
0.313899 0.373309 0
0.309291 0.371475 0
0.308708 0.371148 0
0.299261 0.368448 0
0.298013 0.370795 0
0.310628 0.371744 0
0.305435 0.369531 0
0.305761 0.369539 0
0.307199 0.370045 0
0.297843 0.368407 0
0.298449 0.368746 0
0.299289 0.369306 0
0.303597 0.367603 0
0.322569 0.375497 0
0.29826 0.369692 0
0.298562 0.368334 0
0.306562 0.370355 0
0.305899 0.369402 0
0.299151 0.368864 0
0.305497 0.369261 0
0.306458 0.369674 0
0.305343 0.369734 0
0.305928 0.370076 0
0.300587 0.36934 0
0.306444 0.369879 0
0.306134 0.369721 0
0.310819 0.372158 0
0.294959 0.367976 1
0.296528 0.368323 0
0.298209 0.36863 0
0.298401 0.368783 0
0.298339 0.368746 0
0.298386 0.368757 0
0.298457 0.368745 0
0.298675 0.36885 0
0.299179 0.368669 0
0.298958 0.36873 0
0.298959 0.368657 0
0.299395 0.368747 0
0.299137 0.368743 0
0.299141 0.36884 0
0.299217 0.368836 0
0.299333 0.368795 0
0.299591 0.368765 0
0.299961 0.368755 0
0.300113 0.368704 0
0.300134 0.368601 0
0.300213 0.368275 0
0.300473 0.368246 0
0.300157 0.368645 0
0.300584 0.368451 0
0.300645 0.368151 0
0.30083 0.368267 0
0.301086 0.368031 0
0.301076 0.368001 0
0.301141 0.367934 1
0.302372 0.368078 0
0.301297 0.367834 0
0.303332 0.368288 0
0.305345 0.369004 0
0.307543 0.369286 0
0.307307 0.369224 0
0.309035 0.369064 0
0.310082 0.369015 0
0.312202 0.369943 0
0.312957 0.369919 0
0.314517 0.369685 0
0.325486 0.369237 0
0.325914 0.369439 0
0.327367 0.368091 0
0.332586 0.368464 0
0.333422 0.368055 0
0.338656 0.367057 0
0.344626 0.366707 0
0.348408 0.368146 0
0.349954 0.36793 1
0.35013 0.365535 0
0.354469 0.365893 0
0.359226 0.367664 0
0.3609 0.366839 0
0.366499 0.365938 0
0.369084 0.365882 0
0.373217 0.366244 0
0.376283 0.365783 0
0.380852 0.367978 0
0.384556 0.368341 0
0.385855 0.367432 0
0.389194 0.367568 0
0.389439 0.367306 0
0.391985 0.367153 0
0.397448 0.367839 0
0.39893 0.367929 1
0.404657 0.367107 0
0.40742 0.36796 0
0.412741 0.366329 0
0.414296 0.365394 0
0.424346 0.364596 0
0.426119 0.36546 0
0.434762 0.365748 0
0.439296 0.364435 0
0.448857 0.364146 0
0.458235 0.367491 0
0.463895 0.367747 0
0.47203 0.367993 0
0.481928 0.368077 0
0.491223 0.369511 0
0.498133 0.369106 0
0.50661 0.367933 1
0.513975 0.367212 0
0.517096 0.366568 0
0.529243 0.372422 0
0.53301 0.371061 0
0.541507 0.374722 0
0.547354 0.372019 0
0.555002 0.374419 0
0.561795 0.375134 0
0.56676 0.375354 0
0.573567 0.372935 0
0.582546 0.373835 0
0.589579 0.373771 0
0.59441 0.371997 0
0.599729 0.36809 0
0.605899 0.367874 0
0.60988 0.369105 0
0.617416 0.367836 0
0.622302 0.367937 1
0.626642 0.367044 0
0.633153 0.36689 0
0.638266 0.367577 0
0.643463 0.366852 0
0.649717 0.368084 0
0.654081 0.367348 0
0.661175 0.36464 0
0.663628 0.366775 0
0.664263 0.364307 0
0.672645 0.369075 0
0.677202 0.366469 0
0.68053 0.365567 0
0.687117 0.36814 0
0.692283 0.3656 0
0.696688 0.367564 0
0.701414 0.367939 1
0.703354 0.367888 0
0.718842 0.369018 0
0.741222 0.371707 0
0.754532 0.367941 1
0.771334 0.369152 0
0.786299 0.364288 0
0.805105 0.36801 0
0.806956 0.367943 1
0.808218 0.368571 0
0.808659 0.371232 0
0.823567 0.398293 0
1 0.129109 0
0.862849 0.329461 0
0.852039 0.367945 1
0.858472 0.370054 0
0.86365 0.37026 0
0.870695 0.371469 0
0.873763 0.377918 0
0.882408 0.373261 0
0.891288 0.373454 0
0.900081 0.369119 0
0.905153 0.367264 0
0.913198 0.365737 0
0.919106 0.367947 1
0.922505 0.368019 0
0.924521 0.367584 0
0.928136 0.36828 0
0.931149 0.370448 0
0.935873 0.369287 0
0.938376 0.369003 0
0.941189 0.369375 0
0.944386 0.367706 0
0.946137 0.369725 0
0.950003 0.367948 1
0.949745 0.371191 0
0.952986 0.368932 0
0.955097 0.368377 0
0.956668 0.368649 0
0.956127 0.371537 0
0.960391 0.366874 0
0.958645 0.373903 0
0.963192 0.367948 1
0.9633 0.369753 0
0.963648 0.371237 0
0.964488 0.371737 0
0.963791 0.375042 0
0.976659 0.35096 0
0.967669 0.367949 1
0.971377 0.357495 0
0.979807 0.353091 0
0.976784 0.360746 0
0.968174 0.367949 1
