0.540371 0 0
0.548477 0.00773209 0
0.547154 0.00789394 0
0.546959 0.00796642 0
0.5475 0.00776534 0
0.54796 0.00765083 0
0.546474 0.00810343 1
0.546969 0.00790885 0
0.546346 0.0081011 0
0.546136 0.00814047 0
0.546062 0.0080474 0
0.545843 0.00807279 0
0.545744 0.00807905 0
0.545532 0.00809639 0
0.545489 0.00800067 0
0.545025 0.00811857 0
0.544905 0.00805226 0
0.544662 0.00802764 0
0.544651 0.0079619 0
0.544098 0.00806495 0
0.543915 0.00805121 0
0.543678 0.00805969 0
0.543447 0.00807803 0
0.543234 0.0080282 0
0.542567 0.00823686 0
0.54228 0.00823339 0
0.541851 0.00829297 0
0.541786 0.00824864 0
0.541909 0.0081123 0
0.541003 0.00829984 0
0.541424 0.00808134 0
0.540171 0.00838266 0
0.540026 0.00838237 1
0.539473 0.00818968 0
0.539225 0.00812075 0
0.538969 0.00805578 0
0.537988 0.00783605 0
0.537569 0.00752227 0
0.536017 0.00790823 0
0.53339 0.00825414 0
0.532809 0.00846149 0
0.532272 0.00860517 0
0.530446 0.00736376 0
0.530088 0.00631858 0
0.53142 0.00879302 1
0.523237 0.00703642 0
0.52179 0.00918056 0
0.522199 0.00875301 0
0.522031 0.00887838 0
0.521583 0.0095139 0
0.521857 0.0090016 0
0.52188 0.00886878 0
0.521793 0.00901217 0
0.521743 0.00902154 0
0.521604 0.00930145 1
0.520502 0.00927852 0
0.519413 0.00908351 0
0.518197 0.00929295 0
0.517433 0.00958278 0
0.515976 0.00944772 0
0.514911 0.00918758 0
0.513436 0.00983158 0
0.512175 0.00984361 1
0.512013 0.00989966 0
0.511752 0.00987895 0
0.511811 0.0098311 0
0.509843 0.00922626 0
0.532431 0.00560824 0
0.532015 0.00571924 0
0.532296 0.00608972 0
0.532369 0.00561901 0
0.533628 0.00724626 0
0.512144 0.00795306 0
0.509027 0.00955721 0
0.496567 0.00574776 0
0.494836 0.00662934 0
0.494707 0.00731968 0
0.494578 0.0080152 0
0.49458 0.00868422 0
0.495522 0.0105145 0
0.495311 0.01081 0
0.495351 0.0110084 0
0.495311 0.0110988 1
0.495223 0.0111685 0
0.495024 0.0111055 0
0.494961 0.0111954 0
0.494833 0.0112205 0
0.494712 0.0112175 0
0.494342 0.0109017 0
0.494394 0.0112435 0
0.494381 0.0114166 0
0.49432 0.0114517 0
0.494151 0.0113825 0
0.494029 0.0114058 0
0.494015 0.0115683 1
0.493913 0.0116579 0
0.493896 0.0119621 0
0.493756 0.0120249 0
0.49364 0.0121485 0
0.494232 0.0129256 0
0.495529 0.0137035 0
0.496629 0.0126609 0
0.496681 0.0128166 0
0.497445 0.011865 0
0.497316 0.0120356 1
0.497785 0.0121771 0
0.498187 0.0123127 0
0.498883 0.0123553 0
0.49924 0.012619 0
0.499964 0.012717 0
0.500448 0.0128761 0
0.501136 0.0131162 0
0.501617 0.0129057 0
0.502169 0.0128592 0
0.503111 0.0127434 0
0.503804 0.0127007 0
0.504302 0.0125853 0
0.505098 0.0137007 0
0.484274 0.00738562 0
0.485749 0.0114517 0
0.507061 0.0128566 1
0.507206 0.0130586 0
0.507402 0.0133211 0
0.508082 0.0137761 0
0.508165 0.013907 0
0.508294 0.01406 0
0.508537 0.0142245 1
0.506188 0.0183516 0
0.482585 0.0175115 0
0.481837 0.0157166 0
0.481679 0.0167055 0
0.472448 0.0270767 0
0.472778 0.0286518 0
0.482982 0.0186625 0
0.484453 0.0195286 0
0.48397 0.0202102 0
0.48407 0.0208366 0
0.483747 0.0209806 0
0.483507 0.0212514 1
0.482758 0.0217915 0
0.480316 0.0227076 0
0.478705 0.023001 0
0.477165 0.0230424 0
0.476758 0.0229566 0
0.47584 0.0229628 0
0.47435 0.0233683 0
0.474141 0.0242602 0
0.472775 0.0248648 0
0.469646 0.0250056 0
0.466583 0.0260314 0
0.464953 0.027247 0
0.464366 0.0270161 0
0.456671 0.0331531 0
0.437382 0.0374096 0
0.4603 0.030672 1
0.451545 0.0360695 0
0.410198 0.0480539 0
0.453914 0.0350296 0
0.411249 0.04905 0
0.373607 0.0617436 0
0.339279 0.0705891 0
0.338518 0.0735009 0
0.336391 0.0728125 0
0.336916 0.0744864 0
0.317679 0.0838523 0
0.300753 0.088474 0
0.284178 0.0953182 0
0.275102 0.0998059 0
0.25808 0.105776 0
0.25013 0.108218 0
0.240575 0.112478 1
0.231855 0.116036 0
0.2196 0.123888 0
0.197525 0.131584 0
0.186769 0.136754 0
0.167067 0.147912 0
0.156772 0.148354 0
0.146278 0.154915 0
0.13162 0.160496 1
0.12334 0.166053 0
0.118492 0.168036 0
0.10419 0.178453 0
0.101805 0.182847 0
0.0907813 0.189835 0
0.0846227 0.195301 0
0.0777811 0.197849 0
0.0587106 0.208277 0
0.0521523 0.212675 0
0.0457591 0.219253 0
0.0399269 0.223242 0
0.0354735 0.22468 0
0.0320629 0.229483 0
0.0300097 0.2316 1
0.0236341 0.239191 0
0.0116665 0.250735 0
0.00634258 0.254065 0
0.00704157 0.256647 0
0.0108046 0.264373 0
0.0103759 0.26669 1
0.0126039 0.268951 0
0.00927801 0.27669 0
0.00844698 0.282385 0
0.0040223 0.287452 0
0.00150849 0.293658 0
0.00393163 0.296624 0
0 0.304226 0
0.00474806 0.309106 0
0.0219486 0.306789 0
0.0119851 0.319355 0
0.0284203 0.315226 0
0.0375563 0.316541 1
0.021519 0.337689 0
0.0266388 0.351311 0
0.0376105 0.34426 0
0.0451042 0.342938 0
0.0554974 0.346632 0
0.062357 0.344923 1
0.0696847 0.344415 0
0.074939 0.349022 0
0.0810474 0.351864 0
0.0875103 0.35595 0
0.0944903 0.358516 0
0.100385 0.365404 1
0.102799 0.371828 0
0.114743 0.376702 0
0.15046 0.376387 0
0.150666 0.379698 0
0.14791 0.390316 0
0.162436 0.389527 0
0.173033 0.396953 0
0.189139 0.401863 1
0.197267 0.405113 0
0.208574 0.410899 0
0.223491 0.411917 0
0.235148 0.416511 0
0.24856 0.420149 0
0.261539 0.421079 0
0.274979 0.425537 0
0.287816 0.431095 0
0.298273 0.431262 0
0.308296 0.435096 1
0.314415 0.434137 0
0.327449 0.430719 0
0.337452 0.4293 0
0.344769 0.433575 0
0.353922 0.432584 0
0.358518 0.433644 0
0.369761 0.439907 0
0.377969 0.443374 0
0.389465 0.444389 0
0.395892 0.449783 1
0.402026 0.450827 0
0.415781 0.452219 0
0.428731 0.451981 0
0.447491 0.449209 0
0.465956 0.4541 0
0.482541 0.457912 1
0.496178 0.463099 0
0.529684 0.461793 0
0.547516 0.462751 0
0.559493 0.464198 1
0.567918 0.463666 0
0.581257 0.463718 0
0.58971 0.465793 0
0.604373 0.466326 0
0.617613 0.470201 0
0.628519 0.468038 0
0.637462 0.47432 0
0.658297 0.4686 1
0.663598 0.471625 0
0.668886 0.471547 0
0.681784 0.475969 0
0.691993 0.476262 0
0.700214 0.474255 0
0.711737 0.476484 0
0.727411 0.474924 0
0.736155 0.474042 0
0.75565 0.4661 0
0.765615 0.466689 1
0.768884 0.467872 0
0.774795 0.47194 0
0.775984 0.472717 0
0.861605 0.455207 0
0.868819 0.456932 0
0.873923 0.457734 1
0.928583 0.463175 0
0.957366 0.46085 1
0.960839 0.461676 0
0.965137 0.464562 0
0.967352 0.462439 0
0.972385 0.463292 0
0.973984 0.462674 0
0.97944 0.464237 0
0.983619 0.465631 0
0.988861 0.463379 0
0.991108 0.461435 0
0.994716 0.459112 1
0.996477 0.459916 0
0.997199 0.45849 0
0.99776 0.458041 0
1 0.458539 0
0.99868 0.457109 0
0.998138 0.45597 0
0.996865 0.454736 0
0.996685 0.453887 0
0.995727 0.452854 0
0.995307 0.452623 1
0.994634 0.450851 0
0.999121 0.445569 0
0.994153 0.446441 0
0.991122 0.446527 0
0.982769 0.436434 0
0.975982 0.420817 0
0.886447 0.382079 0
0.857671 0.367494 0
0.850693 0.362096 0
0.842094 0.359909 0
0.83637 0.348254 0
0.828664 0.342597 0
0.820496 0.332867 0
0.813131 0.326737 0
0.809781 0.315632 0
0.805749 0.307844 1
0.796066 0.294302 0
0.792181 0.271959 0
0.766693 0.256446 0
0.731263 0.242338 0
0.718992 0.221389 0
0.711981 0.206328 1
0.698019 0.195542 0
0.677806 0.183758 0
0.660947 0.159958 0
0.650389 0.141145 0
0.632574 0.128307 0
0.620091 0.108811 1
0.606642 0.102498 0
0.596624 0.088689 0
0.585195 0.0778144 0
0.570223 0.0595717 0
0.567253 0.0528736 0
0.564777 0.0500352 1
0.562889 0.0486588 0
0.561219 0.047006 0
0.560924 0.0493689 0
0.549178 0.0297245 0
0.547782 0.0325845 0
0.549356 0.0337902 1
0.554825 0.0449525 0
0.551511 0.0359057 1
0.551831 0.0365295 0
0.549476 0.0389822 0
0.541049 0.0254122 0
0.543467 0.0292135 0
0.539299 0.0235407 0
0.538542 0.022769 0
0.539451 0.0248029 0
0.537647 0.0213635 1
0.537604 0.0214263 0
0.537897 0.0225079 0
0.537286 0.0214674 0
0.537283 0.0214902 0
0.53716 0.0215276 0
0.537066 0.0214791 0
0.537081 0.021437 0
0.536941 0.0213125 0
0.53683 0.0213284 0
0.536633 0.021204 0
0.536531 0.0210236 0
0.536364 0.0209519 0
0.536269 0.0209009 0
0.536118 0.0206143 0
0.535208 0.0210338 0
0.535556 0.0198812 0
0.535385 0.0199129 0
0.535222 0.0201595 0
0.535522 0.0183256 0
0.535218 0.0178959 0
0.535032 0.0177308 0
0.535003 0.0173853 1
0.535175 0.0172953 0
0.531789 0.0206815 0
0.534236 0.0168849 0
0.534399 0.0166903 1
0.534274 0.0165532 0
0.53413 0.0164173 0
0.533926 0.0162519 0
0.533744 0.0161009 0
0.533602 0.0159016 0
0.533438 0.0157336 1
0.533291 0.0155995 0
0.533064 0.0154219 0
0.532768 0.0154311 0
0.532755 0.0151447 1
0.535636 0.0174384 0
0.491291 0.015067 0
0.494888 0.0127599 0
0.494022 0.0115586 0
0.494031 0.0115866 0
0.494111 0.0116247 0
0.494528 0.0125826 0
0.493978 0.0118448 0
0.494524 0.0123767 0
0.496299 0.0113748 0
0.52838 0.0202808 0
0.52866 0.0139658 0
0.529426 0.0130096 0
0.52953 0.0127027 1
0.523943 0.0164567 0
0.495775 0.0122632 0
0.494244 0.0115075 0
0.49425 0.0121997 0
0.530111 0.0187964 0
0.505058 0.00095417 0
0.530194 0.0150958 0
0.528511 0.0119987 0
0.528588 0.0121187 0
0.528259 0.0118507 0
0.527862 0.0122817 0
0.528079 0.0119577 0
0.528098 0.0118026 0
0.528084 0.0117698 0
0.527996 0.0117118 0
0.527924 0.0116406 0
0.527808 0.0115907 0
0.527765 0.0115129 0
0.527651 0.0114284 0
0.527572 0.0113722 0
0.527496 0.0113189 0
0.527416 0.0112269 0
0.527416 0.0111944 0
0.527398 0.0111686 0
0.527387 0.011152 0
0.527384 0.0111278 0
0.527345 0.0110967 0
0.527367 0.0110817 0
0.527363 0.0110702 0
0.527366 0.011063 0
0.527361 0.011047 0
0.527357 0.0110419 1
0.527366 0.0110421 0
0.527404 0.0110512 0
0.527399 0.0110399 0
0.527398 0.0110347 0
0.527408 0.0110308 0
0.527437 0.0110367 0
0.527409 0.0110127 0
0.527382 0.0109947 0
0.527454 0.0110887 0
0.527326 0.0109931 0
0.527396 0.0112065 0
0.527371 0.0111812 0
0.52761 0.0112089 0
0.527316 0.0111615 0
0.527253 0.0110051 0
0.527323 0.0112272 0
0.527272 0.0110361 0
0.527306 0.0113028 0
0.52727 0.0109322 0
0.527267 0.0113154 0
0.527227 0.0109947 0
0.527204 0.011052 0
0.527167 0.0112359 0
0.527185 0.0111093 0
0.527184 0.0110949 0
0.527217 0.0115488 0
0.527009 0.0110662 0
0.527065 0.0109858 0
0.527056 0.0109793 0
0.527035 0.0109704 1
0.527165 0.0107099 0
0.527005 0.0115205 0
0.524009 0.0154104 0
0.494016 0.0141833 0
0.493851 0.0120553 0
0.49395 0.0116643 0
0.494048 0.0117574 0
0.493658 0.0132858 0
0.526773 0.0203653 0
0.526649 0.0123843 0
0.529827 0.0122458 0
0.526298 0.012346 0
0.526582 0.011011 0
0.526625 0.0108481 0
0.526571 0.0108113 0
0.526549 0.0107917 1
0.525793 0.0128192 0
0.532875 0.0520456 0
0.529188 0.0115961 0
0.533447 0.046726 0
0.556688 0.041092 0
0.528471 0.041013 0
0.554972 0.0432538 0
0.54916 0.0394612 0
0.541471 0.0249926 0
0.538459 0.0164557 0
0.525734 0.0146494 0
0.519739 0.0307169 0
0.556822 0.0448837 0
0.523129 0.014365 0
0.525546 0.012579 0
0.524695 0.0138369 0
0.534013 0.0138992 0
0.526483 0.0107653 1
0.525072 0.0125013 0
0.525363 0.011911 0
0.524388 0.0140361 0
0.52336 0.0146873 0
0.519579 0.0175465 0
0.48951 0.0109483 0
0.495634 0.0150318 0
0.523048 0.0185948 0
0.523812 0.0141614 0
0.52387 0.0137954 0
0.522342 0.0152862 0
0.526463 0.0107578 1
0.525011 0.0107887 0
0.518677 0.0216417 0
0.522354 0.0153286 0
0.518636 0.023008 0
0.49761 0.0110787 0
0.496258 0.0121381 0
0.521747 0.0193912 0
0.522063 0.0151728 0
0.521677 0.0161544 0
0.526428 0.0107476 1
0.526125 0.0108198 0
0.526239 0.0107812 0
0.525675 0.0111177 0
0.525922 0.014664 0
0.550996 0.0216898 0
0.548624 0.0199868 0
0.550034 0.0201999 0
0.54033 0.0145448 0
0.547624 0.019648 0
0.546363 0.0184557 0
0.548076 0.0193375 0
0.541623 0.0152307 0
0.540332 0.0146532 0
0.53983 0.0143146 0
0.540476 0.0146065 0
0.542694 0.0155619 0
0.544845 0.0145975 0
0.521338 0.0125492 0
0.523686 0.011919 0
0.526432 0.0107478 1
