0.123677 0.890134 0
0.132312 0.9032 0
0.162558 0.892521 0
0.18685 0.885399 0
0.20463 0.880514 0
0.224754 0.872339 0
0.235278 0.87198 0
0.258227 0.863222 0
0.281409 0.856989 0
0.284942 0.863848 0
0.295551 0.852911 0
0.316207 0.837121 0
0.331842 0.840539 0
0.346098 0.850544 0
0.343152 0.876342 1
0.359267 0.893776 0
0.369615 0.882267 0
0.373903 0.894748 0
0.383346 0.899373 0
0.395045 0.888526 0
0.416257 0.880979 0
0.4301 0.887484 0
0.44048 0.897188 0
0.457718 0.895126 0
0.486506 0.884161 0
0.506562 0.88069 0
0.526187 0.876164 0
0.548633 0.869278 0
0.555681 0.849469 0
0.58653 0.846371 0
0.61796 0.837763 0
0.636138 0.838849 0
0.656792 0.842181 0
0.672375 0.839847 0
0.68852 0.824639 0
0.717024 0.802646 0
0.735824 0.78959 0
0.753256 0.771874 0
0.779165 0.753806 0
0.807059 0.735103 0
0.803607 0.72039 0
0.806443 0.702018 0
0.821366 0.683519 0
0.834459 0.670811 0
0.855976 0.650678 1
0.875437 0.614251 0
0.897686 0.581574 0
0.903782 0.56382 0
0.911619 0.547472 0
0.922339 0.529665 0
0.920662 0.520932 1
0.935781 0.500735 0
0.949891 0.478871 0
0.94579 0.457723 0
0.941574 0.439437 0
0.938248 0.42416 0
0.934567 0.407866 0
0.925211 0.39355 0
0.914043 0.380961 0
0.906424 0.367598 0
0.897734 0.353745 0
0.892075 0.339917 0
0.888325 0.319722 0
0.879118 0.303198 0
0.878063 0.282563 1
0.861842 0.271608 0
0.845214 0.262904 0
0.82608 0.257124 0
0.814102 0.243893 0
0.81455 0.224515 0
0.81392 0.207841 1
0.786919 0.208451 0
0.77299 0.193734 0
0.760121 0.180947 0
0.753297 0.166623 0
0.753578 0.144415 0
0.737142 0.127005 0
0.709282 0.120766 0
0.677777 0.120554 1
0.659416 0.110417 0
0.637271 0.0996707 0
0.609489 0.0959204 0
0.584865 0.0933396 0
0.565338 0.0827956 0
0.551214 0.0666787 1
0.528768 0.0670903 0
0.505523 0.0635668 0
0.473005 0.0613263 0
0.434684 0.062064 0
0.391134 0.0571746 0
0.384217 0.0420817 0
0.374003 0.0333141 0
0.361256 0.0314692 0
0.350773 0.0258391 0
0.341769 0.0207058 0
0.332289 0.0204985 0
0.323262 0.0209159 0
0.31261 0.0185857 0
0.300628 0.0195733 0
0.302723 0.0182517 0
0.300375 0.0197331 0
0.284892 0.0333105 0
0.270917 0.0428864 0
0.265972 0.0463522 0
0.263749 0.0467527 1
0.25298 0.0535533 0
0.242867 0.0603132 0
0.241788 0.0645601 0
0.237487 0.074175 0
0.223839 0.0910797 0
0.208739 0.108586 0
0.196772 0.12548 0
0.190313 0.142952 0
0.178409 0.163813 0
0.155018 0.1868 0
0.137405 0.213554 0
0.102421 0.249019 1
0.0968325 0.279014 0
0.0869898 0.322706 0
0.0814928 0.340888 0
0.0755301 0.357529 0
0.0552448 0.395512 0
0.0342143 0.447084 1
0.0252945 0.471007 0
0.0222327 0.493103 0
0.0145174 0.518023 0
0.00333525 0.545358 0
0 0.568944 0
0.00258909 0.586319 0
0.00564806 0.603229 0
0.0332537 0.599547 0
0.0521754 0.598894 0
0.054161 0.618626 0
0.0300818 0.674575 0
0.0342514 0.693779 0
0.0321765 0.707341 0
0.0364571 0.714219 0
0.0509113 0.714147 0
0.06702 0.717672 1
0.0604723 0.744041 0
0.0561415 0.75208 0
0.0805636 0.757277 0
0.0908505 0.77088 0
0.0986218 0.786384 0
0.113174 0.793837 0
0.123566 0.802945 0
0.142223 0.806185 0
0.174081 0.794781 0
0.205365 0.786163 0
0.201544 0.811713 0
0.194015 0.835023 1
0.214441 0.826363 0
0.243702 0.815281 0
0.270621 0.811012 0
0.285559 0.809055 0
0.282735 0.82813 0
0.298821 0.833386 0
0.32725 0.833588 0
0.335949 0.857275 0
0.342418 0.87782 0
0.365366 0.874684 1
0.37173 0.881069 0
0.375941 0.888351 0
0.390569 0.892689 0
0.392435 0.899983 0
0.407885 0.905029 0
0.42595 0.905144 0
0.449397 0.900878 0
0.472269 0.896548 0
0.497368 0.893013 0
0.50964 0.887795 0
0.514775 0.891923 0
0.519401 0.889987 0
0.537343 0.875435 0
0.563664 0.864374 0
0.594539 0.853336 0
0.616827 0.852466 0
0.628203 0.863634 0
0.64729 0.86953 0
0.649766 0.887733 0
0.656967 0.891098 0
0.672275 0.880451 0
0.690323 0.861961 0
0.712156 0.835129 0
0.736084 0.813318 0
0.759249 0.797291 0
0.783278 0.773013 0
0.798584 0.739643 0
0.815889 0.707147 1
0.81574 0.708408 0
0.82598 0.701042 0
0.847773 0.674924 0
0.883018 0.633536 0
0.915252 0.592703 0
0.945791 0.567933 0
0.964952 0.557265 0
0.970409 0.549254 0
0.991378 0.529265 0
0.998635 0.514005 0
1 0.498866 0
0.996497 0.484202 0
0.97921 0.474332 0
0.960841 0.466373 0
0.94149 0.454278 0
0.930844 0.42946 0
0.921342 0.400299 0
0.91679 0.368263 1
0.905662 0.365255 0
0.89366 0.360787 0
0.881606 0.353602 0
0.871149 0.338637 0
0.866115 0.318382 0
0.863937 0.297488 0
0.864399 0.275739 0
0.862395 0.260621 1
0.854622 0.246813 0
0.836699 0.242671 0
0.815525 0.241163 0
0.798969 0.233133 0
0.795066 0.211772 0
0.790948 0.191594 1
0.779014 0.17798 0
0.774197 0.160788 0
0.712066 0.187423 0
0.730097 0.150977 1
0.713406 0.139657 0
0.693043 0.131017 0
0.670243 0.126001 0
0.657488 0.111622 1
0.62169 0.107281 0
0.58475 0.104801 0
0.552928 0.0950218 0
0.537192 0.0804891 0
0.523556 0.0708057 0
0.511529 0.0616141 0
0.487799 0.0570041 0
0.475258 0.0467709 1
0.449253 0.038845 0
0.422943 0.0248342 0
0.388228 0.0127433 0
0.371476 0.0136819 0
0.361625 0.00989224 0
0.348736 0.00769887 0
0.324986 0.0125738 0
0.311326 0.00835864 0
0.306152 0 0
0.296697 0.00351053 0
0.287416 0.00459773 0
0.275164 0.0023355 1
0.254989 0.0231246 0
0.230365 0.0486233 0
0.214402 0.0620287 0
0.212792 0.0616613 0
0.215433 0.0618364 0
0.215682 0.0669576 0
0.219317 0.0665874 0
0.216604 0.0699019 0
0.210034 0.0740289 0
0.209669 0.0746134 0
0.216579 0.0735311 0
0.200213 0.0841871 0
0.188322 0.0916384 0
0.188836 0.0936888 0
0.180487 0.106675 0
0.166854 0.127997 0
0.155031 0.14393 0
0.146094 0.158524 0
0.133203 0.179766 0
0.119489 0.20138 1
0.118208 0.218032 0
0.0983895 0.248438 0
0.0820801 0.293893 0
0.0644889 0.338429 1
0.075897 0.335497 0
0.091053 0.325089 0
0.0827585 0.344853 0
0.0661304 0.389359 0
0.067784 0.407642 0
0.0548628 0.441503 0
0.0514501 0.467565 0
0.0466262 0.495488 0
0.032876 0.528196 0
0.0244714 0.560342 1
0.0386704 0.55805 0
0.0468318 0.580252 0
0.0553359 0.592796 0
0.0446955 0.626094 0
0.0376634 0.642232 0
0.0463728 0.654197 1
0.0746381 0.647774 0
0.0806951 0.666334 0
0.0761096 0.688084 0
0.0693338 0.708241 1
0.10066 0.693234 0
0.108903 0.714102 0
0.103944 0.743137 0
0.109101 0.759724 0
0.115632 0.781082 0
0.124186 0.782322 1
0.149274 0.781567 0
0.195047 0.758293 0
0.204055 0.770317 0
0.201824 0.78896 0
0.231572 0.78533 0
0.240716 0.799318 0
0.261375 0.794693 0
0.24547 0.835372 0
0.272144 0.821127 0
0.258827 0.855434 1
0.306359 0.818903 0
0.306749 0.841328 0
0.337896 0.838858 0
0.350084 0.85585 0
0.36467 0.856311 0
0.379264 0.855633 0
0.408529 0.846435 0
0.427107 0.846691 0
0.437135 0.851137 0
0.454422 0.856823 0
0.476362 0.864243 0
0.504006 0.870959 1
0.510648 0.874602 0
0.513869 0.886154 0
0.543577 0.864019 0
0.58936 0.837271 0
0.566091 0.868303 0
0.580786 0.865966 0
0.5783 0.865453 0
0.602039 0.851727 1
0.572928 0.898211 0
0.573228 0.913102 0
0.605087 0.914201 0
0.62806 0.920095 0
0.641554 0.922833 0
0.665711 0.909376 0
0.677396 0.891368 0
0.712987 0.857172 0
0.740869 0.839933 0
0.769501 0.817007 0
0.776679 0.786753 0
0.78254 0.759192 0
0.784984 0.725933 0
0.777764 0.75094 0
0.800802 0.728765 0
0.834457 0.686202 0
0.871973 0.641107 0
0.911409 0.61108 1
0.9202 0.611538 0
0.893911 0.633927 0
0.901444 0.628203 0
0.910735 0.619768 0
0.932222 0.601958 0
0.931855 0.593361 0
0.874421 0.632736 0
0.90365 0.601344 0
0.881258 0.612262 0
0.898396 0.58847 0
0.907771 0.571637 0
0.882991 0.58326 0
0.974495 0.508664 0
0.971883 0.512641 0
0.962702 0.520384 1
