0.251543 0.716488 1
0.270019 0.738123 0
0.298532 0.753281 1
0.324254 0.774677 0
0.338241 0.795592 0
0.365192 0.806507 0
0.395717 0.825773 0
0.416728 0.82943 0
0.43719 0.835585 1
0.448066 0.844305 0
0.447032 0.840654 0
0.471322 0.833825 0
0.485015 0.838917 0
0.481753 0.848493 0
0.485636 0.851293 0
0.503798 0.843742 0
0.528627 0.839175 0
0.552749 0.844817 0
0.558833 0.843687 0
0.56774 0.849993 0
0.58868 0.846315 0
0.627386 0.820994 0
0.63597 0.802911 0
0.655447 0.788675 0
0.686499 0.764934 0
0.694234 0.762426 0
0.693772 0.757233 0
0.712392 0.746399 0
0.734012 0.729141 0
0.787276 0.707958 0
0.840284 0.677084 0
0.87937 0.652954 0
0.908291 0.623494 0
0.937663 0.593049 0
0.96158 0.569886 0
0.97114 0.547508 0
0.969119 0.523413 0
0.98125 0.498181 0
0.974478 0.476866 0
0.963749 0.457986 0
0.963288 0.441512 0
0.964032 0.424838 0
0.954404 0.407122 0
0.961274 0.385964 0
0.964319 0.363031 0
0.957136 0.341659 0
0.959034 0.323156 0
0.958793 0.305338 0
0.94594 0.287735 0
0.929529 0.269895 0
0.925547 0.250318 0
0.919387 0.227229 0
0.899596 0.205082 0
0.876957 0.186999 0
0.859056 0.170498 1
0.833258 0.159156 0
0.805138 0.145559 0
0.778749 0.129095 0
0.752568 0.110149 0
0.729663 0.0904207 0
0.710199 0.0716722 1
0.66101 0.0573126 0
0.619666 0.0460414 0
0.600516 0.0372924 0
0.579206 0.025899 0
0.549677 0.0192645 0
0.535382 0.0160277 0
0.526205 0.00817626 0
0.529024 0 1
0.50292 0.00629795 0
0.483099 0.00877851 0
0.458641 0.00703769 0
0.425278 0.0102354 0
0.387581 0.0160203 0
0.384689 0.0147843 0
0.392575 0.0127843 0
0.38408 0.0148322 0
0.358829 0.0218109 0
0.332538 0.0339599 0
0.299444 0.0508004 0
0.26686 0.0642069 1
0.258908 0.0756079 0
0.243408 0.0873438 0
0.209873 0.105787 0
0.160633 0.125415 0
0.132999 0.139304 0
0.0896047 0.162145 0
0.00224413 0.211972 0
0.017413 0.210026 0
0.00932927 0.227092 0
0.00220615 0.250374 0
0.00439976 0.265529 0
0.0105524 0.277858 0
0.0246822 0.294005 0
0.0309629 0.307756 0
0.0245666 0.323607 0
0.0178013 0.344122 1
0.0289604 0.372775 0
0.0336787 0.404049 0
0.0424151 0.421741 0
0.0525068 0.444099 0
0.05584 0.469564 0
0.067301 0.492223 0
0.079394 0.516442 0
0.0875705 0.54139 1
0.100296 0.562345 0
0.12606 0.58309 0
0.151101 0.605453 0
0.171608 0.627654 0
0.193585 0.649313 0
0.213779 0.671041 0
0.23013 0.689415 0
0.240753 0.710667 0
0.253015 0.733025 0
0.277842 0.755341 0
0.309266 0.77771 0
0.33925 0.800299 0
0.370631 0.805881 0
0.3992 0.813773 1
0.427436 0.822405 0
0.440113 0.830592 0
0.449031 0.836302 0
0.478685 0.836914 0
0.499732 0.84905 0
0.49187 0.853754 0
0.496337 0.859538 0
0.504264 0.869036 0
0.51154 0.865568 0
0.535246 0.858163 0
0.58441 0.843451 0
0.630848 0.813158 0
0.660154 0.790275 0
0.696333 0.779254 0
0.708453 0.771455 0
0.712328 0.765111 1
0.723489 0.753938 0
0.742354 0.744301 0
0.757704 0.731858 0
0.783202 0.708415 0
0.82375 0.675118 0
0.855695 0.643539 1
0.868403 0.617136 0
0.887649 0.584551 0
0.914038 0.55098 0
0.921958 0.528413 0
0.93145 0.511437 0
0.93671 0.491624 0
0.943631 0.468304 0
0.957915 0.445001 0
0.959252 0.422552 0
0.964167 0.402917 1
0.936575 0.383915 0
0.950802 0.35143 0
0.929659 0.326174 0
0.920992 0.302239 0
0.915193 0.280995 0
0.918124 0.259676 1
0.909864 0.236291 0
0.897211 0.214211 0
0.88096 0.192262 0
0.86181 0.172533 0
0.845811 0.155157 0
0.83071 0.139789 0
0.822238 0.131669 0
0.802141 0.123267 1
0.764205 0.1059 0
0.733784 0.0877977 0
0.713603 0.0712286 0
0.673856 0.0636642 0
0.685519 0.0418354 0
0.662327 0.0309361 0
0.630896 0.0233467 0
0.62247 0.0201217 0
0.598635 0.0162656 0
0.564229 0.0132193 0
0.545761 0.0125346 0
0.533063 0.0121143 0
0.528711 0.0125344 0
0.520107 0.0113944 0
0.513807 0.0114077 0
0.505443 0.0128236 0
0.493109 0.0128627 0
0.445808 0.0101369 1
0.4179 0.0126316 0
0.42227 0.0122403 0
0.426145 0.0104654 0
0.403593 0.0178834 0
0.353385 0.0370709 0
0.317543 0.0529061 0
0.291636 0.0694666 0
0.255591 0.0846875 0
0.219749 0.101413 0
0.165761 0.122778 1
0.0908744 0.159356 0
0.0675381 0.170802 0
0.0543063 0.182959 0
0.0462222 0.194941 0
0.0247198 0.217827 0
0 0.238804 0
0.014912 0.243571 0
0.0389345 0.247462 1
0.0350218 0.268972 0
0.0344 0.285024 0
0.0418518 0.29778 0
0.0243697 0.329256 0
0.0140885 0.361333 0
0.0236303 0.394586 0
0.0406827 0.416593 0
0.0537112 0.427431 0
0.0582605 0.453995 0
0.0614083 0.484662 0
0.085455 0.504247 0
0.110181 0.520892 0
0.128909 0.540324 0
0.14199 0.563532 0
0.142607 0.600557 0
0.160245 0.629311 1
0.181106 0.646806 0
0.191493 0.669741 0
0.213757 0.695911 0
0.249663 0.706678 0
0.286229 0.71566 0
0.292818 0.743498 1
0.311692 0.762532 0
0.323348 0.784654 0
0.34993 0.803226 0
0.382304 0.811088 0
0.412793 0.816744 0
0.431272 0.827952 0
0.451882 0.839516 0
0.461893 0.856493 0
0.470881 0.866804 0
0.478325 0.868264 0
0.481329 0.871267 0
0.495918 0.873342 0
0.522613 0.877255 0
0.529264 0.871433 0
0.533766 0.860725 0
0.537463 0.856551 0
0.580897 0.822931 0
0.650123 0.789684 1
0.691988 0.774389 0
0.723065 0.757221 0
0.746415 0.746478 0
0.773501 0.746999 0
0.791111 0.744895 0
0.817162 0.731906 0
0.86052 0.709027 0
0.903498 0.692491 0
0.925715 0.679603 0
0.93566 0.65984 0
0.970288 0.631537 0
1 0.602285 0
0.998851 0.578815 0
0.981554 0.5572 0
0.974041 0.540275 0
0.97042 0.520704 0
0.961816 0.498569 0
0.962334 0.472147 1
0.963344 0.455655 0
0.973988 0.434974 0
0.983817 0.411564 0
0.983197 0.389522 0
0.988851 0.363035 0
0.979297 0.344834 0
0.964695 0.316032 0
0.934576 0.302026 1
0.922027 0.277598 0
0.921571 0.248355 0
0.914608 0.224672 0
0.899386 0.201478 0
0.880523 0.182889 0
0.890442 0.163213 0
0.880704 0.13609 0
0.824753 0.134136 0
0.797432 0.110237 0
0.776756 0.0991887 0
0.766142 0.0798066 0
0.734776 0.0632794 0
0.699734 0.0551644 0
0.673826 0.0416056 0
0.638089 0.0414851 0
0.6109 0.0318638 1
0.600119 0.0325713 0
0.593501 0.0244106 0
0.568654 0.0239297 0
0.536712 0.00973481 1
0.526509 0.0150719 0
0.517125 0.0201539 0
0.53091 0.0446983 0
0.488153 0.0225405 0
0.459415 0.0246169 0
0.464457 0.0188066 0
0.471595 0.0164997 0
0.454756 0.0171536 0
0.417168 0.0256143 1
