0.0644332 0.348765 0
0.0663468 0.344791 0
0.0724911 0.316926 0
0.104836 0.309217 0
0.151718 0.249561 0
0.142187 0.201608 0
0.135802 0.185945 0
0.133924 0.184645 0
0.134362 0.181478 1
0.136196 0.178209 0
0.142274 0.182908 0
0.214088 0.156782 0
0.244898 0.12364 0
0.242629 0.110035 0
0.256476 0.0971994 0
0.265172 0.090785 0
0.26884 0.0783254 1
0.29308 0.0880779 0
0.336717 0.0804777 0
0.339 0.0708338 0
0.344804 0.0624952 0
0.355286 0.0526288 0
0.383428 0.0457727 0
0.376825 0.0510695 0
0.422068 0.0402434 0
0.447071 0.0418732 0
0.458401 0.0408345 0
0.462077 0.0416714 0
0.469445 0.0428692 1
0.471874 0.0443888 0
0.472146 0.0470947 0
0.477036 0.040738 0
0.557575 0 0
0.659716 0.00310058 0
0.679733 0.021376 0
0.685238 0.040274 0
0.707298 0.0518054 0
0.724512 0.0760196 0
0.724806 0.0974302 0
0.725326 0.112357 0
0.733795 0.118628 1
0.740565 0.129435 0
0.752737 0.145006 0
0.761234 0.155255 0
0.776938 0.178608 0
0.793193 0.211823 0
0.852408 0.210779 0
0.859872 0.218606 0
0.867757 0.228484 0
0.883437 0.235055 0
0.88711 0.252752 1
0.898375 0.271669 0
0.912435 0.289103 0
0.919194 0.305427 0
0.921507 0.331196 1
0.920196 0.347123 0
0.921467 0.360193 0
0.907983 0.373308 0
0.99038 0.398858 0
0.992547 0.415391 0
0.922249 0.451546 0
0.917857 0.463291 0
0.913033 0.489281 0
0.905022 0.500492 0
0.899589 0.519004 1
0.9125 0.528642 0
0.835679 0.551689 0
0.837217 0.581692 0
0.821706 0.601093 0
0.813397 0.617894 0
0.819536 0.638084 0
0.737373 0.656699 0
0.737789 0.691312 0
0.738047 0.708231 0
0.734653 0.719896 1
0.733413 0.7268 0
0.732416 0.736846 0
0.736184 0.74278 0
0.746111 0.77444 0
0.739271 0.808724 0
0.583398 0.821889 0
0.584905 0.819968 0
0.576981 0.827373 0
0.570646 0.82955 0
0.56554 0.835373 0
0.556736 0.835237 0
0.551226 0.839657 1
0.548901 0.842231 0
0.538213 0.850623 0
0.516184 0.85001 0
0.497125 0.857427 0
0.431322 0.894694 0
0.387971 0.889832 0
0.371413 0.869775 0
0.364998 0.859897 0
0.354991 0.853821 0
0.347182 0.842203 1
0.33589 0.843008 0
0.308111 0.849757 0
0.288371 0.843855 0
0.204747 0.845721 0
0.212503 0.810282 0
0.217227 0.799113 1
0.204896 0.795357 0
0.156932 0.795756 0
0.118475 0.757286 0
0.134214 0.73744 1
0.104881 0.728376 0
0.0894063 0.71151 0
0.0648848 0.694798 0
0.0453566 0.684124 0
0.04183 0.654513 0
0.0181174 0.639067 0
0 0.612928 0
0.0222699 0.577492 0
0.0192175 0.553089 0
0.0293181 0.525277 0
0.0324126 0.504034 0
0.0283513 0.475538 0
0.0253161 0.449596 0
0.0321884 0.422437 1
0.0378688 0.392664 0
0.0369621 0.378894 0
0.0340996 0.34918 0
0.0339027 0.306074 0
0.0508429 0.28311 0
0.0543362 0.260326 0
0.0813183 0.248113 0
0.114892 0.221809 0
0.110109 0.197449 0
0.153806 0.155643 0
0.15544 0.144344 0
0.181691 0.134828 0
0.189631 0.127252 0
0.195249 0.116624 0
0.208472 0.100005 0
0.220424 0.0898118 1
0.217468 0.0741386 0
0.221932 0.052279 0
0.242654 0.0373187 0
0.285625 0.0329898 0
0.30309 0.0384971 0
0.305447 0.036507 1
0.311557 0.0302188 0
0.31023 0.0238903 0
0.317082 0.02505 0
0.329608 0.0256276 0
0.345369 0.0223373 0
0.355058 0.0267428 0
0.360374 0.026343 0
0.396707 0.0133076 0
0.481179 0.00732988 0
0.505395 0.0411344 0
0.505733 0.0467087 0
0.506511 0.0469123 1
0.508988 0.0482971 0
0.510581 0.0524961 0
0.510875 0.0600204 0
0.515078 0.0567958 0
0.63442 0.0470985 0
0.667684 0.0295286 0
0.691423 0.0569538 0
0.698335 0.0863354 0
0.708866 0.0921131 0
0.700936 0.108521 0
0.79168 0.132033 0
0.810363 0.140401 0
0.805635 0.157298 0
0.811684 0.168076 1
0.826306 0.179587 0
0.843401 0.191416 0
0.841561 0.206276 0
0.870723 0.210221 0
0.955396 0.227659 0
0.968956 0.246105 0
0.879972 0.29448 0
0.932091 0.302579 0
0.954864 0.32154 0
0.952989 0.344743 0
0.945086 0.362701 0
0.931188 0.379302 0
0.93353 0.391954 0
0.929715 0.408048 1
0.936531 0.4221 0
0.938693 0.441202 0
0.94097 0.456847 0
0.932248 0.476563 0
0.912731 0.479137 0
0.865965 0.531163 0
0.872536 0.548578 0
0.878368 0.556413 1
0.859727 0.574392 0
0.854002 0.598643 0
0.835562 0.620904 0
0.817819 0.636342 1
0.82017 0.645368 0
0.838532 0.665417 0
0.735815 0.680663 0
0.712952 0.696446 0
0.701157 0.721752 0
0.709103 0.758513 0
0.629399 0.776566 0
0.641405 0.79205 0
0.642933 0.798813 0
0.646487 0.80874 0
0.648913 0.817639 0
0.641621 0.824362 0
0.613252 0.822007 0
0.608211 0.831402 0
0.587899 0.825006 0
0.519315 0.838041 0
0.511538 0.841312 0
0.494618 0.851202 0
0.4932 0.858232 0
0.456008 0.866136 0
0.409624 0.874013 0
0.394695 0.851331 0
0.384447 0.847805 0
0.37481 0.836371 0
0.36208 0.832377 0
0.337895 0.83386 0
0.316854 0.828179 0
0.232124 0.861149 0
0.216973 0.844387 0
0.220104 0.809895 0
0.220702 0.799724 0
0.205379 0.798988 0
0.194274 0.792567 0
0.16866 0.78561 0
0.123731 0.750133 0
0.118915 0.721317 0
0.103262 0.702272 0
0.082563 0.680552 0
0.0734381 0.660804 0
0.0642594 0.642736 0
0.0526683 0.62724 0
0.0472198 0.612775 1
0.0408058 0.590855 0
0.0209457 0.566366 0
0.0178749 0.541517 0
0.0306261 0.517253 0
0.0341536 0.490865 0
0.0436729 0.475304 0
0.0546212 0.451828 0
0.0381246 0.406479 0
0.0281932 0.376488 0
0.0397762 0.347857 0
0.0427632 0.320052 0
0.0623425 0.29461 1
0.0739533 0.274033 0
0.0809496 0.251037 0
0.088768 0.224567 0
0.106609 0.203846 1
0.0932824 0.193455 0
0.150662 0.134468 0
0.158253 0.141684 0
0.15739 0.140098 1
0.168895 0.127333 0
0.182784 0.120088 0
0.190029 0.10318 0
0.229899 0.0883836 0
0.323404 0.066947 0
0.332906 0.0704579 0
0.327705 0.0637577 0
0.318571 0.0581603 0
0.31789 0.054372 0
0.314381 0.0504664 0
0.317754 0.0495162 0
0.329174 0.051651 0
0.342364 0.0544346 0
0.35072 0.0645197 0
0.357316 0.0591588 0
0.370893 0.0583093 0
0.377761 0.058731 0
0.51565 0.077468 0
0.520034 0.0560587 0
0.526349 0.0530599 0
0.53183 0.0534321 0
0.535924 0.0547887 1
0.562201 0.0624375 0
0.585402 0.0681119 0
0.621165 0.075803 0
0.644015 0.0822875 1
0.649214 0.0871825 0
0.655971 0.10187 0
0.677406 0.100588 0
0.787881 0.0791044 0
0.794903 0.115403 0
0.798068 0.140816 0
0.7945 0.169272 0
0.832925 0.162523 0
0.83372 0.174031 0
0.841547 0.185504 0
0.866944 0.186301 0
0.887623 0.189373 0
0.89891 0.201327 0
0.968496 0.222188 0
0.985506 0.241983 0
0.996819 0.265749 0
0.999712 0.282392 0
1 0.323729 0
0.991579 0.347653 0
0.984615 0.367458 0
0.968653 0.3794 0
0.951434 0.389994 0
0.926541 0.404387 0
0.931249 0.421466 0
0.926293 0.445117 0
0.94883 0.468872 0
0.932388 0.484366 0
0.932994 0.501679 0
0.86647 0.53244 0
0.889474 0.560795 0
0.883838 0.582877 0
0.846294 0.597069 0
0.781046 0.614847 0
0.778335 0.632417 0
0.782403 0.65517 0
0.783758 0.672476 1
0.781672 0.681356 0
0.765696 0.688265 0
0.698677 0.745464 0
0.68165 0.749064 0
0.675547 0.750832 0
0.67676 0.766632 1
0.674162 0.770865 0
0.671965 0.774151 0
0.672969 0.776334 0
0.666427 0.783548 0
0.663748 0.797625 0
0.652581 0.804403 0
0.648595 0.807653 0
0.644318 0.802779 0
0.618497 0.806608 0
0.458566 0.827042 0
0.46348 0.835325 0
0.454285 0.832515 0
0.445385 0.83601 0
0.436956 0.832752 1
0.426018 0.823461 0
0.417476 0.824585 0
0.401228 0.817784 0
0.393418 0.789857 0
0.346347 0.783011 0
0.325963 0.777101 0
0.306205 0.77819 0
0.282167 0.776587 0
0.263233 0.780995 0
0.253867 0.79035 1
0.231524 0.758778 0
0.20008 0.747083 0
0.179854 0.74423 0
0.169069 0.734445 1
