0.467479 0.0208051 0
0.498521 0.0210374 0
0.53586 0.0262046 0
0.55259 0.0323127 0
0.5548 0.0326554 1
0.586371 0.037885 0
0.605062 0.0428914 0
0.60596 0.0462385 0
0.624827 0.0560248 0
0.640071 0.062938 0
0.68575 0.0767287 0
0.719118 0.09317 0
0.726957 0.110722 0
0.719502 0.104923 0
0.706813 0.105682 0
0.710126 0.115612 0
0.734592 0.131563 0
0.773238 0.150272 0
0.799626 0.166819 0
0.823927 0.1808 0
0.836991 0.19142 0
0.837499 0.197743 0
0.862521 0.215166 1
0.913771 0.256447 0
0.957707 0.293668 0
0.980904 0.325924 0
0.994432 0.352658 0
0.986841 0.35873 0
0.956705 0.352305 0
0.938659 0.359546 0
0.92764 0.378004 1
0.904373 0.396786 0
0.891928 0.422962 0
0.889162 0.442168 0
0.889043 0.474177 0
0.88546 0.499666 0
0.898518 0.521949 1
0.89105 0.55383 0
0.878511 0.581222 0
0.857112 0.600563 0
0.848037 0.624324 0
0.838659 0.651746 0
0.821731 0.669702 1
0.793797 0.693971 0
0.774092 0.717508 0
0.751533 0.737157 0
0.735997 0.756838 1
0.698927 0.770503 0
0.669601 0.784316 0
0.646739 0.802464 0
0.642288 0.829193 0
0.64689 0.854432 0
0.644109 0.874583 0
0.613785 0.88101 0
0.579687 0.883553 0
0.57477 0.88791 0
0.561976 0.876259 0
0.563793 0.8858 0
0.561644 0.897544 0
0.561213 0.89961 0
0.553184 0.896881 0
0.523029 0.893567 0
0.521038 0.900076 0
0.51537 0.900889 0
0.502293 0.889698 0
0.477908 0.871411 0
0.434984 0.836214 0
0.39315 0.808068 0
0.344257 0.789371 1
0.33233 0.773802 0
0.316491 0.758561 0
0.285284 0.747616 0
0.257547 0.730673 0
0.220599 0.707962 0
0.180287 0.686244 1
0.144951 0.664818 0
0.108027 0.653529 0
0.0745682 0.623873 0
0.0465903 0.597124 0
0.0301471 0.574429 0
0.0292821 0.549875 0
0.0240426 0.529023 0
0.0155629 0.509356 0
0.000743697 0.483705 0
0 0.458538 0
0.0121475 0.441012 0
0.000557857 0.415847 1
0.00117102 0.396437 0
0.0168098 0.381515 0
0.019876 0.361751 0
0.0141404 0.341411 0
0.0248 0.330684 0
0.0164276 0.310446 1
0.017524 0.292324 0
0.0358286 0.269239 0
0.0574019 0.243819 0
0.0881908 0.223814 0
0.116752 0.200899 0
0.136914 0.175075 0
0.141427 0.165722 0
0.152779 0.153369 0
0.171576 0.13774 0
0.181337 0.120793 1
0.211018 0.103876 0
0.245707 0.089315 0
0.271242 0.0783024 0
0.281677 0.0650823 1
0.312971 0.0540795 0
0.351821 0.0458875 0
0.386728 0.0388493 0
0.420785 0.034793 0
0.439005 0.0264559 0
0.449988 0.0205704 0
0.4683 0.0193902 0
0.493135 0.0210788 0
0.51559 0.0255783 0
0.532563 0.0277728 0
0.529746 0.0288689 0
0.534588 0.0305071 0
0.552105 0.0333879 0
0.598028 0.0410786 1
0.631263 0.0558381 0
0.655252 0.0690175 0
0.681199 0.0804158 0
0.7128 0.0902991 1
0.724197 0.108036 0
0.718904 0.119395 0
0.740295 0.13325 0
0.7772 0.14831 0
0.819463 0.171034 0
0.867829 0.207098 0
0.909298 0.239033 0
0.928849 0.253596 0
0.948481 0.275023 0
0.953415 0.299705 0
0.957274 0.31853 0
0.96012 0.333069 0
0.959509 0.346397 0
0.959824 0.365804 0
0.956829 0.387127 0
0.937146 0.404301 0
0.925733 0.423351 0
0.917508 0.446115 0
0.912969 0.46868 0
0.903958 0.486745 0
0.893211 0.508132 0
0.901382 0.539489 0
0.873119 0.556333 0
0.8655 0.581522 0
0.856011 0.60653 0
0.843541 0.62916 0
0.824463 0.649591 0
0.804484 0.673735 0
0.783012 0.701107 0
0.76428 0.721731 0
0.754877 0.737027 0
0.722742 0.750571 0
0.691402 0.766185 0
0.685421 0.788895 1
0.665288 0.807526 0
0.646422 0.827412 0
0.630954 0.847991 0
0.605934 0.855358 0
0.548622 0.841293 0
0.510953 0.840355 0
0.522618 0.859494 0
0.532034 0.874843 0
0.515621 0.874358 0
0.49771 0.86882 1
0.490051 0.869003 0
0.483919 0.869947 0
0.468713 0.863832 0
0.438142 0.85455 0
0.445916 0.858598 0
0.45514 0.863434 0
0.441008 0.837722 0
0.384607 0.80234 0
0.332979 0.778174 0
0.320419 0.765111 0
0.302831 0.756741 0
0.258893 0.748105 1
0.231912 0.72943 0
0.198247 0.703976 0
0.159562 0.678877 0
0.144295 0.658195 0
0.117134 0.630556 0
0.0866128 0.599217 0
0.0679082 0.576051 0
0.0617679 0.55671 0
0.0426628 0.532066 0
0.0339665 0.508041 1
0.0476044 0.48702 0
0.0510612 0.465668 0
0.037384 0.441975 0
0.0284702 0.416443 0
0.0231204 0.393891 0
0.030729 0.380139 0
0.0332545 0.362348 0
0.0145227 0.335597 0
0.00908448 0.311942 0
0.0270864 0.294209 0
0.0564588 0.278144 0
0.0506239 0.252544 1
0.0650495 0.230683 0
0.0877474 0.204588 0
0.105879 0.183257 0
0.132738 0.160684 0
0.151844 0.145278 0
0.171071 0.128382 1
0.191404 0.1118 0
0.228141 0.0967861 0
0.25716 0.0831798 0
0.279747 0.0692192 0
0.301614 0.0559482 0
0.32071 0.038459 0
0.353813 0.0365926 0
0.377578 0.0300598 0
0.397084 0.0226372 0
0.415737 0.0128576 0
0.431977 0.00554731 0
0.449423 0 1
0.475947 0.0048333 0
0.501172 0.00964411 0
0.516766 0.0162986 0
0.530891 0.0132399 0
0.54779 0.0167946 0
0.551847 0.0208482 0
0.560965 0.0237277 0
0.579316 0.0312262 0
0.615303 0.0481139 0
0.666788 0.0699693 0
0.694221 0.0856906 0
0.717506 0.0981048 0
0.73173 0.109037 0
0.766254 0.123951 1
0.80151 0.136585 0
0.837615 0.150315 0
0.845276 0.160814 0
0.866671 0.177838 0
0.908246 0.198965 0
0.962097 0.231104 0
0.98296 0.253005 0
0.980975 0.263952 0
0.970998 0.275928 0
0.971682 0.290654 0
0.998553 0.31522 0
1 0.335524 0
0.988001 0.344746 0
0.97473 0.356428 0
0.953423 0.376546 0
0.940917 0.404113 0
0.927318 0.431357 0
0.910457 0.456199 1
0.911732 0.481036 0
0.905092 0.501851 0
0.894002 0.523066 0
0.884136 0.54877 0
0.871228 0.572895 0
0.863274 0.596889 0
0.84988 0.619804 0
0.817381 0.64016 1
0.811238 0.657768 0
0.814215 0.681731 0
0.801851 0.703326 0
0.773938 0.722262 0
0.737969 0.734558 0
0.69784 0.746665 0
0.667199 0.762386 0
0.640018 0.779746 1
0.601454 0.789538 0
0.582647 0.807721 0
0.57234 0.825317 0
0.555933 0.829085 0
0.544078 0.832044 0
0.53226 0.841053 0
0.526922 0.85019 0
0.509964 0.85654 0
0.503855 0.864874 0
0.486553 0.864613 0
0.484005 0.864953 0
0.481547 0.864698 0
0.461047 0.857763 0
0.439083 0.857274 0
