0.144711 0.494788 1
0.149266 0.498547 0
0.159006 0.503735 0
0.170301 0.508075 0
0.170043 0.519857 0
0.182858 0.527969 0
0.181056 0.541554 0
0.16607 0.586618 0
0.19657 0.573517 0
0.147891 0.601015 0
0.146394 0.626793 0
0.165439 0.639646 0
0.178146 0.641503 1
0.177844 0.64337 0
0.173141 0.654251 0
0.230375 0.650361 0
0.253742 0.670414 0
0.232568 0.716499 0
0.236222 0.722098 0
0.236741 0.727446 0
0.242658 0.731109 1
0.244769 0.731324 0
0.248799 0.730307 0
0.264527 0.722049 0
0.303792 0.727561 0
0.306272 0.73693 0
0.308942 0.741774 0
0.317457 0.74778 0
0.316479 0.77154 0
0.326464 0.777988 0
0.329739 0.781768 0
0.330741 0.782911 0
0.331146 0.783402 1
0.331866 0.784382 0
0.331962 0.784921 0
0.332034 0.78486 0
0.331686 0.78453 0
0.334462 0.788739 0
0.348074 0.773075 0
0.349811 0.774813 0
0.356625 0.768118 0
0.437646 0.780941 0
0.450834 0.781087 0
0.467787 0.786854 0
0.477559 0.787407 0
0.495723 0.782325 0
0.512647 0.772214 0
0.522814 0.759514 0
0.550604 0.755923 0
0.564881 0.755044 0
0.56833 0.744135 1
0.573277 0.740946 0
0.590213 0.745232 0
0.60867 0.728078 0
0.63239 0.714001 1
0.642281 0.703357 0
0.640742 0.693793 0
0.648297 0.678214 0
0.647906 0.661189 0
0.721234 0.669761 0
0.741978 0.659761 0
0.758736 0.650764 0
0.768344 0.633781 0
0.789651 0.624627 0
0.809674 0.622875 0
0.820312 0.606833 0
0.895673 0.560303 0
0.760976 0.564378 0
0.849937 0.521261 0
0.863014 0.518111 0
0.861971 0.517203 1
0.8643 0.505558 0
0.863536 0.49884 0
0.867024 0.49845 0
0.869163 0.486921 0
0.870726 0.477546 0
0.872287 0.472287 0
0.868283 0.460794 0
1 0.404878 0
0.815596 0.384018 0
0.896727 0.376783 1
0.903741 0.364811 0
0.901049 0.363503 0
0.913094 0.354218 0
0.938927 0.314211 0
0.85922 0.265596 0
0.855165 0.263472 0
0.848721 0.257824 0
0.845487 0.255059 1
0.844598 0.248036 0
0.844652 0.239034 0
0.84691 0.225346 0
0.842125 0.217931 0
0.838581 0.204782 0
0.723337 0.171034 0
0.731594 0.160607 0
0.730501 0.156468 1
0.730098 0.152602 0
0.730651 0.145082 0
0.731399 0.138794 0
0.729025 0.128556 0
0.734916 0.0993549 0
0.728465 0.0853733 0
0.729672 0.0532688 0
0.567439 0.0619456 0
0.531387 0.0626061 0
0.531491 0.0458434 0
0.499584 0.0351624 0
0.413962 0.0501236 0
0.413574 0.038103 0
0.406714 0.0307727 0
0.398959 0.0292159 0
0.395741 0.0305449 0
0.393414 0.0264211 0
0.38781 0.0251156 1
0.384026 0.0233729 0
0.382474 0.0225717 0
0.381491 0.0236159 0
0.380391 0.0233114 0
0.378997 0.022614 0
0.375823 0.0218309 0
0.374584 0.0214856 0
0.370951 0.0207091 0
0.365478 0.0199091 0
0.366144 0.0308942 0
0.370333 0.03836 0
0.196457 0.0564063 0
0.192015 0.0964805 0
0.237552 0.105065 0
0.189383 0.113231 0
0.193907 0.113009 0
0.193587 0.115834 0
0.194748 0.120391 1
0.194962 0.125098 0
0.180751 0.134623 0
0.119572 0.158175 0
0.100542 0.173007 0
0.100344 0.190376 0
0.103193 0.20578 0
0.0353549 0.217007 0
0 0.244655 0
0.01419 0.257382 0
0.0163553 0.273463 0
0.0284446 0.287487 0
0.042848 0.299964 0
0.0587151 0.310383 0
0.0714895 0.322402 0
0.0909057 0.337254 0
0.100198 0.347967 0
0.10687 0.354679 0
0.126325 0.360026 1
0.129167 0.372405 0
0.119546 0.384658 0
0.12034 0.406821 0
0.134171 0.417327 1
0.136633 0.421294 0
0.14663 0.424911 0
0.154578 0.433965 0
0.0851753 0.475101 0
0.0935139 0.479169 0
0.160465 0.461819 0
0.0985798 0.49912 0
0.140839 0.502791 0
0.15076 0.50754 0
0.161805 0.513729 0
0.176966 0.536949 0
0.182317 0.552409 0
0.157223 0.600966 0
0.159239 0.602446 0
0.164226 0.608816 0
0.165557 0.610916 1
0.166998 0.619086 0
0.16445 0.625481 0
0.151243 0.630202 0
0.17112 0.677894 0
0.1624 0.701701 0
0.207454 0.709491 0
0.217236 0.714562 0
0.207782 0.737379 0
0.226072 0.749307 0
0.27008 0.746335 0
0.267953 0.751454 0
0.274171 0.755944 1
0.277379 0.762193 0
0.278517 0.766462 0
0.272937 0.776917 0
0.275085 0.78941 0
0.282014 0.801217 0
0.29364 0.810498 0
0.337444 0.795649 0
0.341312 0.791195 0
0.344485 0.786577 0
0.352194 0.778839 0
0.336171 0.80401 0
0.349211 0.78508 0
0.335506 0.81787 0
0.331359 0.836549 0
0.333622 0.834786 0
0.340997 0.838337 0
0.352431 0.847609 0
0.384297 0.847218 0
0.424181 0.838085 0
0.445446 0.847006 0
0.472291 0.817881 0
0.497643 0.802241 0
0.494025 0.784986 0
0.501402 0.764362 0
0.50723 0.747438 0
0.527187 0.720586 0
0.561478 0.696987 0
0.711201 0.726348 0
0.688784 0.710374 0
0.687846 0.700871 0
0.690541 0.695436 0
0.691448 0.68452 1
0.691901 0.672605 0
0.707977 0.660336 0
0.752777 0.656382 0
0.753664 0.635808 0
0.760713 0.626116 0
0.797814 0.616024 0
0.819171 0.614495 0
0.822351 0.594285 0
0.806649 0.558291 0
0.845158 0.523047 0
0.84904 0.527287 0
0.847933 0.523115 0
0.843087 0.49868 0
0.879153 0.485236 0
0.887667 0.474338 0
0.892563 0.460652 1
0.893087 0.458933 0
0.89288 0.456596 0
0.942933 0.433145 0
0.954975 0.411469 0
0.882896 0.364264 0
0.888599 0.359718 0
0.890123 0.357662 0
0.890366 0.349725 0
0.882754 0.345041 0
0.848989 0.315708 0
0.856033 0.305084 0
0.866448 0.293934 0
0.850635 0.287968 0
0.816546 0.28395 0
0.793235 0.257422 0
0.791344 0.238501 0
0.793737 0.217304 0
0.800447 0.208235 1
0.80845 0.195857 0
0.799785 0.181239 0
0.758214 0.172216 0
0.74264 0.173532 0
0.696496 0.148876 0
0.6992 0.136384 1
0.690814 0.120689 0
0.689868 0.109043 0
0.669709 0.0984514 0
0.670158 0.0850443 0
0.67856 0.0807221 0
0.577067 0.074301 0
0.551173 0.059642 0
0.520696 0.0476872 0
0.492974 0.0408938 0
0.467227 0.0315645 1
0.464721 0.0266332 0
0.456758 0.0207824 0
0.458943 0.0132472 0
0.457934 0.00673709 0
0.463048 0 0
0.454694 0.00178908 0
0.440888 0.00531485 0
0.436508 0.00237632 0
0.429887 0.00982967 0
0.373323 0.0356789 0
0.356776 0.0230292 0
0.356977 0.0200954 0
0.353762 0.0188316 0
0.346433 0.0182474 0
0.349125 0.0138318 0
0.327583 0.0344895 0
0.313583 0.0401387 0
0.296497 0.0376231 0
0.304465 0.0536224 0
0.226986 0.0624652 0
0.215386 0.0727576 0
0.23334 0.0975441 0
0.216863 0.0981793 0
0.211981 0.10558 1
0.20208 0.0935503 0
0.164975 0.139961 0
0.177863 0.146912 0
0.177444 0.148619 1
0.171585 0.158567 0
0.167126 0.174715 0
0.164052 0.1862 0
0.145617 0.21198 1
0.140281 0.202568 0
0.180234 0.209929 0
0.19397 0.217336 0
0.209848 0.229345 0
0.204575 0.262421 0
0.0428634 0.281937 0
0.0709523 0.299844 0
0.122067 0.323054 0
0.128963 0.328994 0
0.131511 0.333443 1
0.1323 0.337196 0
0.149878 0.347329 0
0.158739 0.353067 0
0.163533 0.356769 0
0.184339 0.38031 0
0.188909 0.396777 0
0.170938 0.419762 0
0.14639 0.440219 0
0.139842 0.450102 0
0.140161 0.451933 1
0.138286 0.457996 0
0.131656 0.471951 0
0.115458 0.495282 0
0.119369 0.509799 0
0.133718 0.51394 0
0.136277 0.515927 1
0.136752 0.530964 0
0.143396 0.541814 0
0.150684 0.557747 0
0.147193 0.574411 1
0.148339 0.578428 0
0.147962 0.584799 0
0.119351 0.628727 0
0.108321 0.651764 0
0.221364 0.645902 0
0.195149 0.668722 0
0.194241 0.675827 0
0.196482 0.682605 1
0.200407 0.692241 0
0.20675 0.698538 0
0.200323 0.72299 0
0.265106 0.703295 0
0.267133 0.735571 0
0.206723 0.783779 0
0.209319 0.783617 0
0.276464 0.746072 0
0.281904 0.747138 0
0.251776 0.810494 0
0.253312 0.823191 0
0.253052 0.846269 0
0.347986 0.794088 0
0.348723 0.792263 1
0.352327 0.795617 0
0.354949 0.802142 0
0.357427 0.802807 0
0.3633 0.807351 0
0.373337 0.816984 0
0.384498 0.824147 0
0.389041 0.826462 0
0.395573 0.830576 0
0.406456 0.828666 0
0.413595 0.821524 0
0.441117 0.809584 0
0.450918 0.807774 0
0.466943 0.79488 0
0.490151 0.786336 0
0.519945 0.763227 0
0.528345 0.745834 0
0.533402 0.737005 0
0.540644 0.729175 0
0.552339 0.719956 0
0.571142 0.713064 0
0.700686 0.719636 0
0.661871 0.683559 0
0.667818 0.667625 0
0.756967 0.691469 0
0.767098 0.677152 0
0.765891 0.659489 0
0.783234 0.643377 0
0.799544 0.631572 0
0.804457 0.619224 0
0.807206 0.609415 0
0.809728 0.594954 0
0.820957 0.58069 0
0.830289 0.564515 0
0.839849 0.554738 1
0.83993 0.55061 0
0.845454 0.556701 0
0.941779 0.493383 0
0.913744 0.460374 0
0.89083 0.443372 0
0.89304 0.448 0
0.892038 0.445766 0
0.893721 0.443567 1
0.897008 0.436794 0
0.896333 0.41757 0
0.829773 0.40611 0
0.892731 0.385482 1
0.861406 0.372131 0
0.875203 0.335311 0
0.878303 0.325935 0
0.87742 0.320153 1
0.872504 0.31134 0
0.859956 0.310735 0
0.844197 0.303302 0
0.808132 0.293519 0
0.778396 0.260354 0
0.769681 0.244064 0
0.772902 0.220966 0
0.773581 0.198486 0
0.770935 0.190774 0
0.77027 0.18376 1
0.770075 0.176859 0
0.782034 0.166369 0
0.642863 0.144877 0
0.652124 0.137782 0
0.641009 0.119277 0
0.624947 0.116624 0
0.619177 0.105111 0
0.610778 0.0902502 1
0.59597 0.0825569 0
0.587506 0.0711703 0
0.579768 0.0566591 0
0.561253 0.0518502 0
0.528666 0.0490722 0
0.489415 0.0386018 0
0.481487 0.0114774 0
0.484076 0.00502253 0
0.484816 0.00173118 0
0.475758 0.00693319 0
0.471064 0.0069728 0
0.442613 0.0133677 0
0.346966 0.0251053 0
0.343915 0.0153451 0
0.340011 0.0130883 0
0.334577 0.0122667 0
0.335584 0.0100925 0
0.334415 0.00959952 0
0.330175 0.0127313 0
0.326874 0.0137416 1
0.31773 0.0188936 0
0.310263 0.0184865 0
0.299827 0.0254819 0
0.287198 0.0259035 0
0.275161 0.0371014 0
0.271848 0.044386 0
0.258985 0.0561371 0
0.252366 0.0678183 1
0.251458 0.0795737 0
0.238003 0.0833428 0
0.244236 0.0934324 0
0.247234 0.0966914 0
0.174512 0.152186 0
0.238555 0.150537 0
0.212528 0.161056 0
0.201302 0.179314 0
0.187682 0.197823 0
0.143853 0.225042 0
0.146983 0.217519 0
0.146318 0.21604 1
0.143489 0.229265 0
0.136181 0.239392 0
0.133351 0.256957 0
0.129927 0.268861 0
0.133247 0.278784 0
0.133055 0.293897 1
0.138159 0.299304 0
0.166664 0.309945 0
0.178853 0.328276 0
0.21393 0.32857 0
0.230101 0.342438 0
0.244302 0.355973 0
0.218956 0.381128 0
0.237932 0.383008 0
0.233338 0.39447 0
0.237642 0.404878 0
0.224833 0.425306 0
0.291435 0.423636 1
0.238469 0.43191 0
0.230188 0.443791 0
0.281621 0.441209 0
0.221586 0.463792 1
0.225562 0.470819 0
0.223171 0.480252 0
0.219091 0.493981 0
0.236034 0.492795 0
0.240112 0.497302 1
