0.19292 0.192245 1
0.192918 0.192245 0
0.192896 0.192239 0
0.193527 0.192747 0
0.460855 0 0
0.441518 0.0192791 0
0.423659 0.0402864 0
0.387316 0.0428334 0
0.348673 0.0598279 0
0.310242 0.0586602 0
0.292026 0.0730975 0
0.26138 0.0831284 0
0.245962 0.0984718 0
0.230226 0.129726 0
0.215042 0.141259 1
0.207526 0.133411 0
0.178166 0.0377518 0
0.0351152 0.299712 0
0.0908195 0.336855 0
0.0963314 0.335057 0
0.096625 0.336273 0
0.0864126 0.332715 0
0.07929 0.36385 0
0.0661694 0.406546 0
0.0700931 0.443365 0
0.0874205 0.508311 0
0.0792605 0.542339 1
0.0865678 0.562782 0
0.0980785 0.578983 0
0.111357 0.601767 0
0.109999 0.625126 0
0.128791 0.638376 0
0.13325 0.663434 0
0.121368 0.681987 0
0.16547 0.689418 0
0.20073 0.726879 0
0.22245 0.762158 0
0.231459 0.785293 0
0.261816 0.80729 0
0.287256 0.825511 0
0.313066 0.838555 0
0.345634 0.846293 0
0.386024 0.85721 0
0.422202 0.881335 0
0.453756 0.867391 0
0.491274 0.875466 0
0.526339 0.882397 1
0.566503 0.897623 0
0.598659 0.900094 0
0.635584 0.910739 0
0.660517 0.910739 0
0.695778 0.903917 0
0.725312 0.90321 0
0.753546 0.900388 0
0.771179 0.890162 0
0.791614 0.873892 0
0.790246 0.861249 0
0.800621 0.849368 0
0.808132 0.8238 0
0.820418 0.803879 0
0.82586 0.779893 1
0.862834 0.740844 0
0.8705 0.707794 0
0.901903 0.690205 0
0.923964 0.651209 0
0.954237 0.630415 0
0.946699 0.580471 0
0.947501 0.544971 0
0.97351 0.512229 0
0.9647 0.485483 0
0.976979 0.44649 0
0.953783 0.390212 0
0.971729 0.34286 1
1 0.306076 0
0.984258 0.289839 0
0.95667 0.278839 0
0.941191 0.256741 0
0.934392 0.236218 0
0.939006 0.203387 0
0.913134 0.193349 0
0.909645 0.171241 1
0.891929 0.152633 0
0.869046 0.136969 0
0.843015 0.108592 0
0.817812 0.0959078 0
0.788157 0.0823945 0
0.751491 0.0867501 0
0.715494 0.0717749 0
0.679505 0.058931 1
0.643326 0.0565395 0
0.621694 0.0379342 0
0.591806 0.0298561 0
0.569392 0.0185942 0
0.54181 0.0209603 0
0.515145 0.0259231 0
0.48911 0.0267158 0
0.456567 0.0343329 0
0.430047 0.0324239 0
0.406476 0.0419518 1
0.369556 0.0440856 0
0.340459 0.0531637 0
0.317874 0.068123 0
0.301686 0.0790758 0
0.270302 0.0930628 0
0.260694 0.109674 0
0.25715 0.117907 0
0.228834 0.138218 0
0.25628 0.123205 0
0 0.199085 0
0.0792486 0.319396 0
0.0969548 0.332392 0
0.097619 0.333995 0
0.0983818 0.336738 1
0.0786854 0.373451 0
0.0796255 0.408692 0
0.078197 0.443054 0
0.0973905 0.497701 0
0.0974413 0.570438 0
0.0856622 0.615429 0
0.0738227 0.633234 0
0.100034 0.671059 0
0.105852 0.684013 0
0.129153 0.704059 0
0.145138 0.721265 0
0.155679 0.730833 1
0.153246 0.754704 0
0.174167 0.778499 0
0.19427 0.797745 0
0.205668 0.819761 0
0.248409 0.84 0
0.277831 0.853635 0
0.33509 0.874071 0
