0.348415 0.765156 1
0.350448 0.761747 0
0.350684 0.758371 0
0.352866 0.754732 0
0.352981 0.751988 0
0.35438 0.747938 0
0.356059 0.743571 0
0.357033 0.741729 0
0.355266 0.738505 0
0.353606 0.734993 0
0.353233 0.731442 0
0.353888 0.728243 1
0.355844 0.724756 0
0.357555 0.721672 0
0.359007 0.719765 0
0.361251 0.713131 0
0.361427 0.710162 0
0.363143 0.707426 0
0.3625 0.702031 0
0.362313 0.697057 0
0.366887 0.68998 0
0.369721 0.68872 0
0.36961 0.68733 1
0.369682 0.686731 0
0.374482 0.686623 0
0.376629 0.685231 0
0.378599 0.683566 0
0.382567 0.684455 0
0.387381 0.68433 0
0.38913 0.683292 0
0.390885 0.682589 0
0.394792 0.68235 0
0.399858 0.683031 0
0.40316 0.682711 1
0.404319 0.682076 0
0.405225 0.680455 0
0.413647 0.687428 0
0.419257 0.695059 0
0.421003 0.694984 0
0.417775 0.694055 0
0.418742 0.691674 0
0.420281 0.691498 0
0.425871 0.696549 0
0.428753 0.703795 0
0.431328 0.709952 1
0.431435 0.710616 0
0.430544 0.710975 0
0.433626 0.714487 0
0.440642 0.729259 0
0.436962 0.714171 0
0.444105 0.705374 0
0.447014 0.710617 0
0.448347 0.752635 0
0.443862 0.754709 0
0.44074 0.755666 0
0.440383 0.760523 0
0.440571 0.766186 1
0.439258 0.771419 0
0.432102 0.779531 0
0.439741 0.775488 0
0.435408 0.784835 0
0.421031 0.792004 0
0.439076 0.784012 0
0.437358 0.792422 0
0.429096 0.799848 0
0.424878 0.802848 0
0.422799 0.807711 0
0.411684 0.809849 1
0.42042 0.811865 0
0.41233 0.815032 0
0.41339 0.814802 0
0.413995 0.817227 0
0.413971 0.81921 0
0.41532 0.822413 0
0.422295 0.824186 0
0.418326 0.824142 0
0.427034 0.826768 0
0.429521 0.830715 0
0.432272 0.838194 1
0.440234 0.843323 0
0.441838 0.84725 0
0.439743 0.851607 0
0.442957 0.85572 0
0.444158 0.864261 0
0.444702 0.86942 0
0.444836 0.871603 0
0.445091 0.873045 0
0.446456 0.8756 0
0.449877 0.877315 0
0.450519 0.880468 1
0.452929 0.883055 0
0.459851 0.883471 0
0.464384 0.882589 0
0.467429 0.882998 0
0.469894 0.884762 0
0.476056 0.882054 0
0.479061 0.883928 0
0.48338 0.883894 0
0.48887 0.882841 0
0.490774 0.885122 0
0.49133 0.886069 1
0.493778 0.885801 0
0.498815 0.884537 0
0.498927 0.88491 0
0.497394 0.885026 0
0.501812 0.885499 0
0.50579 0.884439 0
0.510309 0.885359 0
0.516554 0.885937 0
0.533882 0.88294 0
0.532151 0.88956 0
0.538439 0.890704 0
0.5437 0.889529 1
0.541029 0.890947 0
0.540815 0.892111 0
0.549866 0.887423 0
0.54891 0.89136 0
0.557968 0.887847 0
0.575518 0.867757 0
0.561015 0.883189 0
0.563152 0.881219 0
0.570063 0.877637 0
0.571692 0.879469 0
0.576563 0.876223 1
0.577519 0.875445 0
0.577163 0.876355 0
0.579285 0.868767 0
0.577987 0.868622 0
0.57175 0.849126 0
0.574691 0.853797 0
0.574542 0.845562 0
0.579382 0.860078 0
0.582002 0.832626 0
0.583671 0.830076 0
0.583163 0.831506 1
0.581287 0.835024 0
0.584147 0.832244 0
0.579754 0.8419 0
0.575176 0.827133 0
0.572592 0.838551 0
0.58142 0.822532 0
0.562986 0.831872 0
0.567898 0.832568 0
0.558007 0.832805 0
0.554373 0.8326 0
0.551153 0.831748 1
0.562123 0.820113 0
0.549804 0.826202 0
0.551326 0.820224 0
0.548242 0.818154 0
0.550717 0.812063 0
0.546481 0.811478 0
0.54189 0.806121 0
0.55688 0.749571 0
0.537904 0.795405 0
0.532834 0.78517 0
0.529644 0.781164 0
0.533064 0.76957 1
0.53515 0.749512 0
0.518353 0.770105 0
0.526053 0.747958 0
0.522679 0.762221 0
0.511506 0.751523 0
0.51717 0.74243 0
0.513281 0.739684 0
0.525802 0.731076 0
0.512443 0.729008 0
0.522898 0.722806 0
0.50905 0.727967 1
0.504758 0.728525 0
0.502595 0.725319 0
0.50753 0.719578 0
0.499001 0.715341 0
0.510473 0.700024 0
0.498361 0.722359 0
0.498961 0.71444 0
0.501836 0.708945 0
0.500552 0.693916 0
0.504211 0.686392 0
0.517318 0.678136 1
0.506597 0.676527 0
0.515053 0.672735 0
0.513189 0.668096 0
0.515256 0.663751 0
0.514673 0.658956 0
0.520291 0.656559 0
0.518614 0.646096 0
0.521755 0.643078 0
0.520024 0.641704 0
0.527289 0.637784 0
0.519033 0.636727 1
0.523296 0.632674 0
0.5225 0.635014 0
0.526053 0.627848 0
0.527305 0.628215 0
0.53491 0.615401 0
0.542802 0.609362 0
0.551311 0.602824 0
0.547435 0.604697 0
0.550669 0.603784 0
0.550025 0.602783 0
0.554354 0.598634 1
0.557357 0.593558 0
0.557057 0.592467 0
0.559702 0.589908 0
0.561769 0.586757 0
0.565026 0.578255 0
0.567264 0.574063 0
0.56874 0.57092 0
0.570645 0.567406 0
0.563207 0.579256 0
0.568101 0.566904 0
0.57061 0.560848 0
0.57063 0.560888 1
0.571993 0.563563 0
0.57352 0.564325 0
0.569749 0.571375 0
0.573803 0.575033 0
0.57596 0.575572 0
0.582414 0.576314 0
0.582754 0.579318 0
0.581571 0.577876 0
0.582143 0.584019 0
0.584135 0.587613 0
0.58556 0.590218 1
0.585933 0.591651 0
0.588687 0.594259 0
0.588073 0.599108 0
0.58949 0.606894 0
0.584323 0.617548 0
0.586099 0.632558 0
0.584899 0.631634 0
0.583543 0.636904 0
0.583591 0.63951 0
0.583787 0.640364 0
0.584698 0.642382 1
0.584121 0.647998 0
0.584843 0.655203 0
0.585522 0.655434 0
0.590169 0.657618 0
0.593034 0.664254 0
0.594736 0.66792 0
0.597957 0.670865 0
0.599273 0.674391 0
0.598896 0.680215 0
0.599716 0.684311 0
0.59887 0.689126 1
0.59636 0.692428 0
0.596 0.698085 0
0.596894 0.700548 0
0.592681 0.70892 0
0.595452 0.71088 0
0.594899 0.715245 0
0.597819 0.714777 0
0.596627 0.719361 0
0.619135 0.736343 0
0.601069 0.731461 0
0.623291 0.762142 0
0.597228 0.726101 1
0.624033 0.766754 0
0.59384 0.729363 0
0.624699 0.75252 0
0.590599 0.732544 0
0.608851 0.768101 0
0.60488 0.735727 0
0.629664 0.769113 0
0.600771 0.732456 0
0.630007 0.770566 0
0.602009 0.734391 0
0.622586 0.769789 1
0.605108 0.734418 0
0.627296 0.776499 0
0.610212 0.739407 0
0.635937 0.777144 0
0.636849 0.771926 0
0.630978 0.771693 0
0.596545 0.739638 0
0.644054 0.762671 0
0.646103 0.768505 0
0.650283 0.765547 0
0.650554 0.766396 1
0.652993 0.765414 0
0.656989 0.764138 0
0.654178 0.764105 0
0.65201 0.762387 0
0.656173 0.759685 0
0.662732 0.754676 0
0.663567 0.750845 0
0.665309 0.748274 0
0.668382 0.746184 0
0.668094 0.742763 0
0.670187 0.739353 1
0.671501 0.73564 0
0.672039 0.731085 0
0.670026 0.727745 0
0.672541 0.72459 0
0.670803 0.720312 0
0.671572 0.715355 0
0.672259 0.706804 0
0.673785 0.698411 0
0.670848 0.681108 0
0.675177 0.675953 0
0.673519 0.666758 1
0.671706 0.662228 0
0.677985 0.652714 0
0.678394 0.651141 0
0.674576 0.644763 0
0.676155 0.634798 0
0.681203 0.627629 0
0.671241 0.619168 0
0.663742 0.612576 0
0.667031 0.607106 0
0.664863 0.6051 0
0.667568 0.604872 0
0.665928 0.602765 1
0.666262 0.602652 0
0.667641 0.602151 0
0.657954 0.596161 0
0.668607 0.602697 0
0.670669 0.602081 0
0.675185 0.603918 0
0.679795 0.604893 0
0.686558 0.609228 0
0.697459 0.61108 0
0.703428 0.610371 0
0.707494 0.612858 1
0.708277 0.614532 0
0.708786 0.612186 0
0.710309 0.612507 0
0.709232 0.610752 0
0.716381 0.60578 0
0.697195 0.80821 0
0.685175 0.822364 0
0.68937 0.831326 0
0.689499 0.835519 0
0.690378 0.837295 0
0.690497 0.83777 1
0.692123 0.841943 0
0.692091 0.847292 0
0.687777 0.854623 0
0.687247 0.860117 0
0.686891 0.864899 0
0.68665 0.872311 0
0.686533 0.881505 0
0.68676 0.885602 0
0.684528 0.891641 0
0.685562 0.896545 0
0.688715 0.900959 1
0.690133 0.90522 0
0.691482 0.909432 0
0.693062 0.912822 0
0.695989 0.918574 0
0.698372 0.926414 0
0.701815 0.93234 0
0.705102 0.935906 0
0.710318 0.937506 0
0.711573 0.941878 0
0.71566 0.946027 0
0.718374 0.947383 0
0.723761 0.948953 1
0.729804 0.950372 0
0.736746 0.952099 0
0.743546 0.954463 0
0.747662 0.956596 0
0.747797 0.961768 0
0.752504 0.965002 0
0.759214 0.964393 0
0.766189 0.96065 0
0.770485 0.962326 0
0.773945 0.960926 0
0.779212 0.96068 1
0.784467 0.961395 0
0.788343 0.966093 0
0.793644 0.965207 0
0.798807 0.964011 0
0.803338 0.964426 0
0.807468 0.963088 0
0.811412 0.960784 0
0.815436 0.966468 0
0.817327 0.97043 0
0.822309 0.971854 0
0.827169 0.969334 1
0.831134 0.969811 0
0.835193 0.96753 0
0.838183 0.968278 0
0.842826 0.968802 0
0.846079 0.966524 0
0.848961 0.964072 0
0.853485 0.95899 0
0.858543 0.957777 0
0.861783 0.955577 0
0.866123 0.957554 0
0.868201 0.952229 1
0.872276 0.95238 0
0.877438 0.952399 0
0.881504 0.954774 0
0.88597 0.954681 0
0.887833 0.953085 0
0.896733 0.951778 0
0.900052 0.951432 0
0.903077 0.950519 0
0.906886 0.949598 0
0.911887 0.948529 0
0.915457 0.946933 1
0.918678 0.944787 0
0.923729 0.944385 0
0.927003 0.943727 0
0.929048 0.939566 0
0.933297 0.937895 0
0.936929 0.938461 0
0.938835 0.936076 0
0.941713 0.933824 0
0.946383 0.933477 0
0.951032 0.935957 0
0.953157 0.931648 0
0.952435 0.924759 1
0.955193 0.925015 0
0.960818 0.927165 0
0.963206 0.926993 0
0.97885 0.933303 0
0.968186 0.922007 0
0.980222 0.931811 0
0.983544 0.924997 0
0.987126 0.92271 0
0.988012 0.915494 0
0.989956 0.919013 0
0.991655 0.917614 1
0.99599 0.914026 0
0.9989 0.910155 0
0.999871 0.905439 0
0.997882 0.900203 0
0.996395 0.896547 0
0.995645 0.89904 0
0.993492 0.889931 0
0.992498 0.88649 0
0.98799 0.883347 0
0.985534 0.88342 0
0.983052 0.877897 1
0.97991 0.878134 0
0.97645 0.876672 0
0.973155 0.873805 0
0.968861 0.872129 0
0.963846 0.868182 0
0.960483 0.86439 0
0.954797 0.861297 0
0.949842 0.861605 0
0.944128 0.864793 0
0.937404 0.861529 0
0.933006 0.860774 1
0.928693 0.857196 0
0.924084 0.854216 0
0.920074 0.851283 0
0.916505 0.844778 0
0.911818 0.843997 0
0.906296 0.839628 0
0.901276 0.837453 0
0.897121 0.833992 0
0.893009 0.830971 0
0.888989 0.829114 0
0.885761 0.825127 0
0.883481 0.820639 1
0.879225 0.820079 0
0.870445 0.816059 0
0.867786 0.810019 0
0.866883 0.803556 0
0.858588 0.801964 0
0.865741 0.790727 0
0.864252 0.787327 0
0.862508 0.780613 0
0.857354 0.775397 0
0.857383 0.772963 0
0.858929 0.766756 1
0.857094 0.762926 0
0.854602 0.756425 0
0.853821 0.752613 0
0.853802 0.748443 0
0.85569 0.741651 0
0.857185 0.736076 0
0.860671 0.733165 0
0.85711 0.724568 0
0.859179 0.721338 0
0.86645 0.715948 0
0.872461 0.710423 1
0.874327 0.706516 0
0.873076 0.700713 0
0.878857 0.696544 0
0.881942 0.692853 0
0.884192 0.689534 0
0.887512 0.684757 0
0.892777 0.681167 0
0.895043 0.677494 0
0.897027 0.67215 0
0.90088 0.667969 0
0.903712 0.664921 1
0.907953 0.660563 0
0.911944 0.656591 0
0.915188 0.653431 0
0.918636 0.650148 0
0.925641 0.646347 0
0.926623 0.640855 0
0.93208 0.638387 0
0.936559 0.637042 0
0.93677 0.632759 0
0.939114 0.629054 0
0.943338 0.627894 1
0.944906 0.625288 0
0.950846 0.625177 0
0.955486 0.624722 0
0.959507 0.623192 0
0.961604 0.621492 0
0.964475 0.618225 0
0.965058 0.616086 0
0.967562 0.613752 0
0.971659 0.613378 0
0.972378 0.610332 0
0.975134 0.608994 0
0.980304 0.608129 1
0.984276 0.606452 0
0.9847 0.602485 0
0.984624 0.598392 0
0.984143 0.593472 0
0.984736 0.590067 0
0.988396 0.588499 0
0.989481 0.584376 0
0.991847 0.582415 0
0.992985 0.57838 0
0.993026 0.573666 0
0.994199 0.570401 1
0.995031 0.565464 0
0.996861 0.560151 0
0.996317 0.556659 0
0.998249 0.551942 0
1 0.548519 0
0.999056 0.544142 0
0.998598 0.540413 0
0.997933 0.536062 0
0.997131 0.530735 0
0.994316 0.524468 0
0.990353 0.519521 1
0.988555 0.515361 0
0.987156 0.510572 0
0.984757 0.502088 0
0.982878 0.498426 0
0.97912 0.495757 0
0.979762 0.490719 0
0.975615 0.485742 0
0.97338 0.48147 0
0.970529 0.475925 0
0.967563 0.471219 0
0.963627 0.465977 1
0.960335 0.462794 0
0.956391 0.458133 0
0.953538 0.454905 0
0.950401 0.4523 0
0.948107 0.448625 0
0.944905 0.446065 0
0.939509 0.445584 0
0.938377 0.442433 0
0.937368 0.438467 0
0.933036 0.43403 0
0.928079 0.433615 0
0.926559 0.434026 1
0.924564 0.435347 0
0.919452 0.439814 0
0.915838 0.446211 0
0.913834 0.452531 0
0.904919 0.456151 0
0.90156 0.456946 0
0.9006 0.459736 0
0.89641 0.461897 0
0.890199 0.463057 0
0.879248 0.46469 0
0.870294 0.467116 1
0.864167 0.472143 0
0.856556 0.475748 0
0.853483 0.475987 0
0.849902 0.473479 0
0.844284 0.476268 0
0.841347 0.472362 0
0.83597 0.471758 0
0.831817 0.470944 0
0.822624 0.470281 0
0.817798 0.465411 0
0.811951 0.462677 1
0.806868 0.459923 0
0.801572 0.456578 0
0.796013 0.452535 0
0.789247 0.449127 0
0.78626 0.442981 0
0.780663 0.440534 0
0.779267 0.435315 0
0.776615 0.431539 0
0.772874 0.427927 0
0.772838 0.422956 0
0.771305 0.418977 1
0.769595 0.413656 0
0.768465 0.408862 0
0.767738 0.404208 0
0.764432 0.398355 0
0.764309 0.393343 0
0.764174 0.388239 0
0.766843 0.383079 0
0.767177 0.376655 0
0.767666 0.371015 0
0.768166 0.366445 0
0.76897 0.360679 1
0.769796 0.355409 0
0.77081 0.349756 0
0.768253 0.341834 0
0.77007 0.335776 0
0.771867 0.330216 0
0.775652 0.326817 0
0.773481 0.318728 0
0.775401 0.313519 0
0.777123 0.308308 0
0.780932 0.302916 0
0.784591 0.29964 0
0.782908 0.294636 1
0.783953 0.289597 0
0.784946 0.284694 0
0.785987 0.279609 0
0.786203 0.273999 0
0.788555 0.270291 0
0.785933 0.265699 0
0.783375 0.261344 0
0.78625 0.256302 0
0.789619 0.251582 0
0.787572 0.248126 0
0.789107 0.243213 1
0.791552 0.239325 0
0.791364 0.234254 0
0.790724 0.230891 0
0.789313 0.227524 0
0.785537 0.22435 0
0.785549 0.218918 0
0.784909 0.214684 0
0.784042 0.210105 0
0.779823 0.205744 0
0.776983 0.19839 0
0.773122 0.199079 1
0.768041 0.194609 0
0.764943 0.192641 0
0.768492 0.186017 0
0.767729 0.181867 0
0.766206 0.179749 0
0.758132 0.179133 0
0.753564 0.176483 0
0.755289 0.169773 0
0.753208 0.165603 0
0.748798 0.163186 0
0.74269 0.166561 1
0.738284 0.16616 0
0.734796 0.16376 0
0.732881 0.161176 0
0.731615 0.153371 0
0.727646 0.15289 0
0.722898 0.151875 0
0.718888 0.15009 0
0.715606 0.151326 0
0.707716 0.159618 0
0.707612 0.14927 0
0.703877 0.144958 1
0.699241 0.145747 0
0.695284 0.145698 0
0.69143 0.14193 0
0.687633 0.141259 0
0.682092 0.147588 0
0.680475 0.140363 0
0.677034 0.135612 0
0.672136 0.138716 0
0.667973 0.137464 0
0.66274 0.141285 0
0.658257 0.147045 0
0.653877 0.150062 1
0.650048 0.150336 0
0.641217 0.144286 0
0.63812 0.143689 0
0.63527 0.146972 0
0.63457 0.155623 0
0.629886 0.153965 0
0.626677 0.154749 0
0.620077 0.153086 0
0.615869 0.154223 0
0.611365 0.15435 0
0.607 0.155979 1
0.603009 0.158281 0
0.601276 0.162444 0
0.60111 0.168446 0
0.598789 0.173547 0
0.595224 0.174561 0
0.589403 0.17103 0
0.58676 0.174965 0
0.579245 0.174229 0
0.578597 0.17912 0
0.581619 0.188099 0
0.579985 0.191784 1
0.57695 0.195056 0
0.572787 0.196924 0
0.570774 0.200931 0
0.560483 0.197162 0
0.563194 0.204544 0
0.560969 0.208348 0
0.559875 0.212914 0
0.555975 0.21533 0
0.557811 0.22078 0
0.556361 0.22486 0
0.552754 0.228148 1
0.546437 0.229314 0
0.543858 0.233127 0
0.543789 0.236714 0
0.547819 0.244413 0
0.542237 0.246371 0
0.540606 0.249082 0
0.536481 0.251849 0
0.54254 0.258027 0
0.539892 0.263627 0
0.537445 0.266811 0
0.531955 0.268229 0
0.532199 0.272029 1
0.531476 0.276543 0
0.528311 0.280374 0
0.539294 0.288415 0
0.528277 0.289728 0
0.527635 0.293756 0
0.525308 0.298546 0
0.527632 0.303469 0
0.525419 0.307062 0
0.521337 0.309832 0
0.523837 0.315288 0
0.523888 0.319946 1
0.52291 0.324856 0
0.520571 0.32702 0
0.523352 0.333429 0
0.51728 0.337029 0
0.517848 0.342412 0
0.512716 0.345361 0
0.51477 0.35179 0
0.515395 0.356023 0
0.513248 0.359383 0
0.511175 0.362541 0
0.511678 0.367052 1
0.511936 0.371116 0
0.510645 0.377229 0
0.512139 0.382541 0
0.511416 0.385349 0
0.50959 0.389241 0
0.506671 0.395537 0
0.503367 0.397639 0
0.501726 0.402496 0
0.499463 0.405813 0
0.494842 0.409596 0
0.490145 0.411827 1
0.487416 0.41514 0
0.484028 0.422285 0
0.483001 0.425008 0
0.480505 0.428702 0
0.477584 0.432309 0
0.473871 0.433775 0
0.469433 0.437951 0
0.465154 0.441145 0
0.456961 0.444649 0
0.447341 0.44804 0
0.442473 0.450302 1
0.436845 0.452447 0
0.430331 0.45439 0
0.420962 0.45096 0
0.414918 0.452017 0
0.408456 0.451735 0
0.403381 0.450072 0
0.39838 0.452192 0
0.393284 0.450792 0
0.387812 0.452025 0
0.38421 0.44923 0
0.380277 0.447681 0
0.376104 0.447473 1
0.371751 0.444357 0
0.367985 0.438888 0
0.364727 0.43563 0
0.35934 0.432147 0
0.356198 0.428079 0
0.353147 0.423811 0
0.350109 0.419435 0
0.347077 0.414711 0
0.344305 0.410158 0
0.342746 0.406023 0
0.340241 0.403666 1
0.337706 0.401228 0
0.335156 0.396894 0
0.332842 0.392142 0
0.330763 0.387525 0
0.326954 0.384281 0
0.324331 0.379766 0
0.324683 0.372546 0
0.322949 0.364356 0
0.321376 0.359978 0
0.3198 0.35547 0
0.318343 0.351133 1
0.316754 0.346263 0
0.31219 0.34399 0
0.309247 0.339236 0
0.307392 0.332829 0
0.309437 0.328545 0
0.306716 0.322188 0
0.304469 0.316705 0
0.302399 0.309856 0
0.301709 0.304044 0
0.303233 0.300401 0
0.301692 0.296443 1
0.295708 0.293377 0
0.298054 0.288829 0
0.29272 0.285499 0
0.290685 0.280974 0
0.288234 0.276237 0
0.284685 0.272869 0
0.285675 0.268386 0
0.286034 0.262762 0
0.287011 0.258693 0
0.286923 0.254686 0
0.28414 0.2513 0
0.284558 0.24783 1
0.283682 0.244876 0
0.281922 0.239014 0
0.278634 0.235749 0
0.277075 0.231729 0
0.275565 0.228082 0
0.274369 0.223422 0
0.270812 0.2203 0
0.270365 0.214843 0
0.270191 0.211844 0
0.271043 0.20711 0
0.268993 0.201921 1
0.266361 0.197932 0
0.266405 0.192842 0
0.264028 0.187997 0
0.263421 0.185578 0
0.26008 0.179273 0
0.263267 0.176148 0
0.261167 0.167913 0
0.259736 0.166136 0
0.258663 0.16317 0
0.256272 0.158605 0
0.255147 0.154647 1
0.253849 0.149373 0
0.251063 0.146561 0
0.247003 0.144051 0
0.247594 0.139185 0
0.244745 0.137474 0
0.242817 0.133431 0
0.241743 0.128198 0
0.238626 0.124887 0
0.231045 0.125271 0
0.230816 0.120242 0
0.226136 0.116845 1
0.225994 0.111272 0
0.221867 0.108973 0
0.224853 0.102969 0
0.222304 0.0988017 0
0.222061 0.094001 0
0.218913 0.0929358 0
0.21577 0.0920992 0
0.215086 0.088343 0
0.213847 0.0836984 0
0.214173 0.0774392 0
0.21773 0.0695558 1
0.214262 0.0645582 0
0.210819 0.0647339 0
0.211753 0.0610081 0
0.212644 0.0599374 0
0.209396 0.0601568 0
0.209791 0.0550907 0
0.206295 0.0551986 0
0.207562 0.0518885 0
0.204773 0.0501994 0
0.193565 0.0557296 0
0.190023 0.0561869 0
0.187853 0.0566993 1
0.187581 0.0536546 0
0.189764 0.0476804 0
0.182029 0.0429618 0
0.18667 0.0357789 0
0.19024 0.0289513 0
0.18994 0.0270887 0
0.18786 0.0297296 0
0.189026 0.0269407 0
0.191021 0.0213794 0
0.188696 0.0178351 0
0.187959 0.016872 1
0.183943 0.0205801 0
0.180495 0.0213041 0
0.181467 0.0189867 0
0.175344 0.0195989 0
0.171731 0.0175297 0
0.173671 0.0131527 0
0.173516 0.012448 0
0.174034 0.0120684 0
0.181753 0.00470904 0
0.179406 0.00427957 0
0.178139 0.00421652 1
0.17819 0.00387993 0
0.175524 0 0
0.173202 0.00129398 0
0.167131 0.00519191 0
0.16169 0.010661 0
0.154231 0.0160736 0
0.152837 0.01826 0
0.151093 0.02352 0
0.146621 0.0288859 0
0.144415 0.0309247 0
0.142581 0.0321213 1
0.141582 0.032319 0
0.140222 0.033563 0
0.139515 0.0348246 0
0.13793 0.0361591 0
0.135735 0.0404678 0
0.135472 0.0429537 0
0.134457 0.0480325 0
0.132724 0.052465 0
0.130818 0.055034 0
0.128785 0.0596502 0
0.12766 0.0644385 0
0.128984 0.0699252 1
0.126615 0.0756404 0
0.126612 0.0823861 0
0.123678 0.0888615 0
0.121066 0.0897861 0
0.116514 0.0958232 0
0.11145 0.0995718 0
0.111948 0.108785 0
0.110758 0.114545 0
0.111814 0.120697 0
0.108327 0.123543 0
0.106054 0.12856 1
0.104739 0.132353 0
0.104579 0.1374 0
0.105196 0.142593 0
0.103428 0.145552 0
0.100934 0.149401 0
0.100101 0.153832 0
0.097727 0.156022 0
0.0966096 0.159255 0
0.0961155 0.163465 0
0.0920857 0.167953 0
0.0922678 0.171975 1
0.0905545 0.176394 0
0.0917758 0.180474 0
0.0885359 0.183903 0
0.084698 0.186676 0
0.0832067 0.189771 0
0.0826837 0.194411 0
0.0827176 0.19918 0
0.0798427 0.20165 0
0.0756332 0.203537 0
0.0709926 0.206067 0
0.0650699 0.206975 1
0.0613876 0.210049 0
0.061555 0.216387 0
0.0628524 0.221069 0
0.0604091 0.223464 0
0.0561206 0.225706 0
0.061674 0.234575 0
0.0618862 0.237809 0
0.0594002 0.239872 0
0.0568917 0.243452 0
0.0584179 0.249169 0
0.0602634 0.254707 1
0.050016 0.255212 0
0.0441273 0.253639 0
0.0438938 0.257427 0
0.0456236 0.261175 0
0.0456427 0.265419 0
0.0435275 0.266448 0
0.038803 0.268749 0
0.0392178 0.27266 0
0.0392641 0.274969 0
0.0362295 0.278946 0
0.0344128 0.280579 0
0.033125 0.283984 1
0.0313589 0.290619 0
0.0304695 0.295125 0
0.0266894 0.297935 0
0.0273254 0.301336 0
0.0322782 0.306347 0
0.0329031 0.31103 0
0.0317877 0.315321 0
0.027493 0.318681 0
0.027156 0.3219 0
0.025119 0.325792 0
0.0255318 0.329804 1
0.0246314 0.33354 0
0.0214217 0.336693 0
0.0195683 0.341676 0
0.0194276 0.346605 0
0.0162432 0.350748 0
0.0104959 0.35626 0
0.0101017 0.359102 0
0.00733376 0.365315 0
0.00511328 0.368284 0
0.00356147 0.371682 0
0 0.373783 1
0.000804392 0.37635 0
0.000430648 0.380721 0
0.00158158 0.383166 0
0.00258584 0.385882 0
0.00432137 0.387128 0
0.00483231 0.389403 0
0.00545573 0.39212 0
0.007217 0.392465 0
0.00949596 0.393812 0
0.010575 0.395622 0
0.011727 0.396786 1
0.0149821 0.399756 0
0.0202581 0.402665 0
0.0258418 0.402226 0
0.0282013 0.404228 0
0.0315861 0.404021 0
0.0389799 0.401679 0
0.0401449 0.402619 0
0.0432164 0.402398 0
0.0464685 0.402119 0
0.0521468 0.403716 0
0.055594 0.406037 0
0.0568828 0.405578 1
0.0577757 0.410702 0
0.0631924 0.414646 0
0.0707515 0.414454 0
0.0768996 0.417388 0
0.0797549 0.419855 0
0.0819192 0.421438 0
0.0839891 0.42395 0
0.0855491 0.428021 0
0.0906887 0.428141 0
0.0957625 0.430266 0
0.0992148 0.433773 1
0.101421 0.439523 0
0.103549 0.444283 0
0.105138 0.446935 0
0.110227 0.450134 0
0.111579 0.454017 0
0.114378 0.455657 0
0.117796 0.458877 0
0.121312 0.463237 0
0.12657 0.466413 0
0.129511 0.468848 0
0.133536 0.472301 1
0.136338 0.475458 0
0.139629 0.482226 0
0.142701 0.486358 0
0.144976 0.490635 0
0.148676 0.496528 0
0.152827 0.500331 0
0.15448 0.504734 0
0.15787 0.508684 0
0.167499 0.513242 0
0.175608 0.517656 0
0.178189 0.52197 1
0.18034 0.525652 0
0.181031 0.527984 0
0.185206 0.533597 0
0.187505 0.535804 0
0.189378 0.539658 0
0.190165 0.542489 0
0.191608 0.545908 0
0.195321 0.548156 0
0.197986 0.55171 0
0.201119 0.55586 0
0.202214 0.558644 1
0.20332 0.561278 0
0.206076 0.565086 0
0.206578 0.569053 0
0.209066 0.573299 0
0.208927 0.577612 0
0.211218 0.582364 0
0.211069 0.585368 0
0.210404 0.587389 0
0.21008 0.593875 0
0.209729 0.59878 0
0.207759 0.600714 0
0.207324 0.604822 1
0.203612 0.609272 0
0.203513 0.612861 0
0.199432 0.616427 0
0.19736 0.620187 0
0.196884 0.628091 0
0.19232 0.633843 0
0.188442 0.636588 0
0.187237 0.643245 0
0.182835 0.646231 0
0.181003 0.650905 0
0.180761 0.656608 1
0.178224 0.660892 0
0.176771 0.660838 0
0.175271 0.666247 0
0.170154 0.667302 0
0.16947 0.670789 0
0.167633 0.671944 0
0.167117 0.674515 0
0.16006 0.678923 0
0.158128 0.683869 0
0.155415 0.688453 0
0.153679 0.692785 1
0.154454 0.69913 0
0.15221 0.703688 0
0.149904 0.70647 0
0.147473 0.710151 0
0.147963 0.714922 0
0.142376 0.718071 0
0.140432 0.720887 0
0.139687 0.72472 0
0.140253 0.729261 0
0.142486 0.732113 0
0.143371 0.73441 1
0.143855 0.736114 0
0.142731 0.738688 0
0.145045 0.740376 0
0.151614 0.741022 0
0.153047 0.742716 0
0.161919 0.748348 0
0.163945 0.750606 0
0.164131 0.753464 0
0.165698 0.755862 0
0.166958 0.758369 0
0.16748 0.760916 0
0.162616 0.761872 1
