0.708562 1 1
0.71176 0.997624 0
0.714367 0.996661 0
0.71583 0.999217 0
0.714028 0.988228 0
0.710884 0.992533 0
0.714448 0.990766 0
0.713651 0.981743 0
0.714038 0.968089 0
0.71362 0.948787 0
0.711702 0.937314 0
0.711322 0.93411 1
0.713196 0.933264 0
0.718466 0.948738 0
0.720832 0.952457 0
0.715902 0.931228 0
0.72341 0.937015 0
0.728655 0.95187 0
0.729816 0.955809 0
0.740834 0.963649 0
0.74883 0.970076 0
0.751135 0.977469 0
0.753692 0.979898 1
0.753908 0.980511 0
0.758994 0.982883 0
0.763377 0.985521 0
0.76214 0.980785 0
0.748409 0.960321 0
0.778871 0.973993 0
0.769826 0.962646 0
0.772219 0.962617 0
0.775972 0.966214 0
0.779156 0.974362 0
0.79145 0.971098 0
0.797937 0.976539 1
0.792591 0.965973 0
0.793522 0.958467 0
0.779575 0.94705 0
0.785441 0.938321 0
0.784663 0.937222 0
0.78322 0.931097 0
0.786119 0.925131 0
0.777704 0.915865 0
0.782385 0.913626 0
0.781198 0.908953 0
0.779289 0.901292 1
0.779219 0.901294 0
0.776262 0.898085 0
0.778967 0.900827 0
0.771581 0.893291 0
0.767508 0.893072 0
0.763751 0.88969 0
0.756844 0.888377 0
0.7532 0.887544 0
0.751852 0.882927 0
0.746874 0.881052 0
0.742569 0.881268 0
0.739009 0.87751 1
0.737712 0.876471 0
0.733161 0.873909 0
0.728561 0.873834 0
0.727842 0.87132 0
0.723002 0.868114 0
0.713513 0.869964 0
0.709222 0.870424 0
0.706555 0.865268 0
0.700609 0.865557 0
0.697156 0.863153 0
0.693493 0.860716 1
0.692717 0.859368 0
0.68965 0.861432 0
0.687422 0.861569 0
0.680664 0.863213 0
0.67087 0.868212 0
0.659656 0.871563 0
0.648734 0.879453 0
0.641192 0.880848 0
0.631567 0.882504 0
0.62361 0.880271 0
0.619422 0.880674 0
0.611871 0.878751 1
0.60612 0.877712 0
0.598018 0.880488 0
0.595875 0.879602 0
0.59106 0.879942 0
0.58783 0.877603 0
0.584501 0.874905 0
0.573617 0.876955 0
0.571872 0.872246 0
0.575172 0.867079 0
0.573065 0.86315 0
0.570278 0.860021 1
0.567165 0.857401 0
0.560761 0.857445 0
0.558045 0.851685 0
0.556646 0.846411 0
0.54834 0.844279 0
0.54622 0.839669 0
0.546786 0.836033 0
0.540038 0.833232 0
0.540044 0.82411 0
0.537549 0.817591 0
0.534069 0.809283 0
0.534862 0.803145 1
0.534081 0.796779 0
0.534399 0.790529 0
0.539178 0.783356 0
0.542286 0.780134 0
0.547875 0.77519 0
0.549893 0.766746 0
0.556183 0.759529 0
0.558 0.750921 0
0.563076 0.748796 0
0.57081 0.741352 0
0.572658 0.733352 1
0.575689 0.727438 0
0.580332 0.718516 0
0.582221 0.710779 0
0.585465 0.702383 0
0.586903 0.691132 0
0.587998 0.684566 0
0.586439 0.676274 0
0.584241 0.671439 0
0.581842 0.66281 0
0.579418 0.661477 0
0.575631 0.65456 1
0.57545 0.649818 0
0.5743 0.642088 0
0.575811 0.634696 0
0.571603 0.627662 0
0.571639 0.615629 0
0.570809 0.607816 0
0.570866 0.601982 0
0.574149 0.59234 0
0.570904 0.584439 0
0.568048 0.578004 0
0.566891 0.572179 0
0.565946 0.567322 1
0.564065 0.56245 0
0.560939 0.558193 0
0.560985 0.554037 0
0.557228 0.550188 0
0.558329 0.546267 0
0.555744 0.538448 0
0.552131 0.532837 0
0.552475 0.522862 0
0.553805 0.514479 0
0.552505 0.507642 0
0.551846 0.500746 1
0.54759 0.4943 0
0.54389 0.48973 0
0.541653 0.482463 0
0.537187 0.476341 0
0.529736 0.469353 0
0.529027 0.461033 0
0.524272 0.45442 0
0.517809 0.449706 0
0.511265 0.443929 0
0.5012 0.435276 0
0.497246 0.431046 0
0.487672 0.425762 1
0.483463 0.423041 0
0.478558 0.423408 0
0.47 0.421048 0
0.460442 0.42504 0
0.455476 0.42623 0
0.446038 0.427485 0
0.437191 0.428767 0
0.424692 0.433165 0
0.416552 0.441238 0
0.401821 0.449663 0
0.387052 0.458932 1
0.385029 0.46052 0
0.384026 0.465284 0
0.380129 0.473768 0
0.375381 0.482828 0
0.374036 0.491179 0
0.366012 0.501849 0
0.362236 0.511126 0
0.358984 0.521402 0
0.356371 0.531449 0
0.35472 0.542531 0
0.349347 0.545998 0
0.346637 0.548612 1
0.342491 0.551225 0
0.338864 0.552495 0
0.332858 0.554274 0
0.325942 0.551938 0
0.321623 0.553126 0
0.313911 0.550527 0
0.311621 0.552332 0
0.298535 0.547357 0
0.300288 0.550266 0
0.295882 0.550094 0
0.291582 0.552093 1
0.288579 0.554411 0
0.282938 0.552422 0
0.275477 0.550241 0
0.272204 0.553429 0
0.270903 0.55627 0
0.270449 0.558731 0
0.26661 0.55955 0
0.263141 0.5633 0
0.263003 0.570002 0
0.260675 0.574901 0
0.258156 0.576568 0
0.256985 0.580864 1
0.254621 0.588617 0
0.255072 0.59828 0
0.256007 0.609585 0
0.254022 0.615605 0
0.252043 0.624256 0
0.247166 0.629774 0
0.24129 0.632735 0
0.238619 0.638764 0
0.233324 0.642899 0
0.228342 0.646474 0
0.221087 0.647254 1
0.212421 0.653741 0
0.204827 0.657393 0
0.197705 0.662078 0
0.190619 0.665598 0
0.180758 0.665064 0
0.170481 0.65985 0
0.161503 0.655934 0
0.152815 0.649616 0
0.144473 0.64654 0
0.137967 0.639401 0
0.133616 0.636604 1
0.131479 0.632544 0
0.131281 0.627808 0
0.12881 0.619267 0
0.12843 0.612654 0
0.130034 0.59821 0
0.132097 0.580583 0
0.12782 0.581805 0
0.122627 0.576271 0
0.120927 0.570857 0
0.119798 0.566541 0
0.115599 0.565061 0
0.114163 0.55612 1
0.108204 0.554176 0
0.102409 0.551769 0
0.0936925 0.549376 0
0.0863993 0.546863 0
0.0828024 0.539307 0
0.0792093 0.535382 0
0.0710494 0.530164 0
0.0703508 0.518852 0
0.0649023 0.506194 0
0.0606179 0.503962 0
0.0571115 0.4982 1
0.0527517 0.490528 0
0.0443624 0.489121 0
0.039288 0.47971 0
0.0307872 0.471564 0
0.0298179 0.463664 0
0.0252613 0.455504 0
0.0203786 0.449292 0
0.017186 0.441385 0
0.0128078 0.432614 0
0.0166935 0.420264 0
0.010465 0.415872 0
0.0136011 0.406264 1
0.0120158 0.398561 0
0.0114443 0.389369 0
0.00912453 0.38423 0
0.00862691 0.375281 0
0.00777492 0.366903 0
0.00745357 0.356377 0
0.00175907 0.347338 0
0 0.336711 0
5.93105e-05 0.324055 0
0.00533248 0.309409 0
0.0122903 0.297755 1
0.00901992 0.282526 0
0.0163789 0.274928 0
0.0130554 0.262226 0
0.0210089 0.254152 0
0.0190224 0.243329 0
0.0214387 0.230998 0
0.0271703 0.227354 0
0.0327309 0.217589 0
0.0414743 0.21032 0
0.043377 0.204711 0
0.0512849 0.198297 0
0.0560434 0.19043 1
0.0604286 0.183274 0
0.0651988 0.170775 0
0.0644653 0.157982 0
0.0704448 0.150372 0
0.0783237 0.137855 0
0.0792203 0.12996 0
0.0883998 0.118043 0
0.0958282 0.106916 0
0.103903 0.102802 0
0.11061 0.0902094 0
0.122832 0.0862352 1
0.127517 0.0802947 0
0.132657 0.0700897 0
0.134116 0.0589745 0
0.142253 0.0546804 0
0.141161 0.045213 0
0.143477 0.0397558 0
0.14671 0.0354198 0
0.154785 0.0238169 0
0.170688 0.0147886 0
0.190285 0.0192511 0
0.210553 0.0230262 0
0.216308 0.0206588 1
0.224264 0.0175087 0
0.231533 0.0109728 0
0.238569 0.00824217 0
0.245172 0.00463315 0
0.252163 0.0052027 0
0.259643 0.00568551 0
0.269865 0.00743958 0
0.277052 0.00457479 0
0.281292 0 0
0.287722 0.00253528 0
0.295321 0.00194482 1
0.30344 0.00088281 0
0.311324 0.00476589 0
0.318262 0.00387713 0
0.323985 0.00270266 0
0.331461 0.0048906 0
0.339368 0.013139 0
0.339551 0.0295254 0
0.64417 0.392667 0
0.352699 0.0370099 0
0.362811 0.0251676 0
0.368797 0.0291224 1
0.375814 0.0281544 0
0.380973 0.0281328 0
0.387119 0.0236513 0
0.393171 0.0225934 0
0.399126 0.0220715 0
0.404396 0.027143 0
0.408085 0.0268636 0
0.413737 0.0279862 0
0.420357 0.0320598 0
0.42438 0.0383793 0
0.430782 0.0418559 0
0.433977 0.0498161 1
0.439533 0.0571153 0
0.444852 0.0603738 0
0.447751 0.067683 0
0.452771 0.0754442 0
0.45673 0.0832452 0
0.456588 0.0912816 0
0.458975 0.097416 0
0.462683 0.105307 0
0.465709 0.11503 0
0.46547 0.123788 0
0.468141 0.128562 1
0.471692 0.133298 0
0.476687 0.135555 0
0.478071 0.140016 0
0.481997 0.146599 0
0.486468 0.153492 0
0.496389 0.164487 0
0.498795 0.174632 0
0.505346 0.189682 0
0.507376 0.195105 0
0.510698 0.198626 0
0.509981 0.206256 0
0.511406 0.212815 1
0.513757 0.218407 0
0.513065 0.228089 0
0.519079 0.231747 0
0.522376 0.242256 0
0.524465 0.250775 0
0.526107 0.259962 0
0.526955 0.269067 0
0.526684 0.277616 0
0.525451 0.2847 0
0.522526 0.292236 0
0.518302 0.29939 1
0.508767 0.305639 0
0.504066 0.310651 0
0.494066 0.310294 0
0.484354 0.315961 0
0.471523 0.319787 0
0.459249 0.324729 0
0.441316 0.329692 0
0.433606 0.333933 0
0.426893 0.335061 0
0.426317 0.334175 0
0.42278 0.33667 0
0.420112 0.336109 1
0.412064 0.338611 0
0.405216 0.340299 0
0.397451 0.347153 0
0.387467 0.346397 0
0.378617 0.348755 0
0.372774 0.351471 0
0.365325 0.35896 0
0.359065 0.361802 0
0.351399 0.365503 0
0.343219 0.364328 0
0.336556 0.366792 1
0.327734 0.36994 0
0.318663 0.368984 0
0.312968 0.370634 0
0.307397 0.368118 0
0.297162 0.370384 0
0.288376 0.371255 0
0.281917 0.372935 0
0.276226 0.371464 0
0.270778 0.36915 0
0.264578 0.368397 0
0.260803 0.366299 0
0.254083 0.364906 1
0.252016 0.357043 0
0.243793 0.361602 0
0.239258 0.362538 0
0.229099 0.361379 0
0.224893 0.358455 0
0.222389 0.359096 0
0.212386 0.35922 0
0.207505 0.357603 0
0.205783 0.353839 0
0.192724 0.358671 0
0.188696 0.357518 1
0.187117 0.354582 0
0.181647 0.349972 0
0.179648 0.346277 0
0.179435 0.345016 0
0.177079 0.337701 0
0.17167 0.334318 0
0.170543 0.322186 0
0.169353 0.318191 0
0.169144 0.315341 0
0.164532 0.310741 0
0.162812 0.307604 1
0.160961 0.298038 0
0.619665 0.534637 0
0.150222 0.291906 0
0.156172 0.291182 0
0.155006 0.286651 0
0.152633 0.282289 0
0.152729 0.277703 0
0.154296 0.273044 0
0.153351 0.265072 0
0.155342 0.252739 0
0.158327 0.254018 0
0.159234 0.248629 1
0.164753 0.242178 0
0.168749 0.232974 0
0.175546 0.230273 0
0.177436 0.221523 0
0.175976 0.208334 0
0.179019 0.20133 0
0.188122 0.196474 0
0.191438 0.188787 0
0.191662 0.186378 0
0.195788 0.181042 0
0.200502 0.174817 1
0.202284 0.174163 0
0.207488 0.176687 0
0.221471 0.182951 0
0.244167 0.191458 0
0.248973 0.190457 0
0.251083 0.19308 0
0.251286 0.19373 0
0.25933 0.197525 0
0.264209 0.197386 0
0.272121 0.198443 0
0.279374 0.19815 0
0.285026 0.200214 1
0.29015 0.199897 0
0.302408 0.204653 0
0.30707 0.210848 0
0.313787 0.209607 0
0.326637 0.213038 0
0.334324 0.207358 0
0.345295 0.213841 0
0.344768 0.217325 0
0.359271 0.218121 0
0.368263 0.217777 0
0.383173 0.216979 1
0.39108 0.211728 0
0.658125 0.111945 0
0.656585 0.11236 0
0.661049 0.106374 0
0.663575 0.108141 0
0.667042 0.105741 0
0.671895 0.0992276 0
0.673455 0.0973131 0
0.676365 0.096517 0
0.677761 0.0954924 0
0.678974 0.095011 0
0.680353 0.0941704 1
0.689598 0.0907722 0
0.696926 0.0879935 0
0.703034 0.0762606 0
0.709792 0.0719178 0
0.718503 0.0686726 0
0.727999 0.0704839 0
0.741252 0.0656108 0
0.748043 0.067189 0
0.754982 0.0634012 0
0.762994 0.0601953 0
0.771466 0.0610334 1
0.783441 0.0505114 0
0.791426 0.0373596 0
0.795171 0.0346053 0
0.795426 0.0290272 0
0.80968 0.024601 0
0.806891 0.0230804 0
0.813014 0.0124897 0
0.816527 0.017266 0
0.830446 0.030506 0
0.836462 0.019382 0
0.84969 0.020843 0
0.845177 0.0097947 1
0.859022 0.0136948 0
0.866322 0.0144482 0
0.877325 0.0202804 0
0.87698 0.0178618 0
0.883748 0.0124799 0
0.890984 0.0177436 0
0.898698 0.0186566 0
0.906135 0.0197196 0
0.913562 0.0219581 0
0.915415 0.0226387 0
0.91347 0.0267336 1
0.915201 0.0347665 0
0.914348 0.0380812 0
0.915447 0.0432481 0
0.910533 0.0510702 0
0.897835 0.0545603 0
0.887095 0.0578781 0
0.886381 0.0646546 0
0.873318 0.0648906 0
0.864544 0.0666028 0
0.859526 0.0703711 0
0.856573 0.0744197 1
0.854974 0.0815825 0
0.848442 0.0900784 0
0.853577 0.0953436 0
0.838652 0.0987476 0
0.833052 0.110032 0
0.827343 0.120773 0
0.827565 0.124308 0
0.808936 0.13778 0
0.814056 0.144643 0
0.803014 0.148911 0
0.793844 0.154667 0
0.789405 0.158167 1
0.784075 0.162985 0
0.785808 0.171062 0
0.777472 0.177115 0
0.779769 0.185382 0
0.766034 0.193539 0
0.76928 0.19865 0
0.750219 0.204928 0
0.758086 0.211035 0
0.759541 0.220447 0
0.747216 0.227078 0
0.742763 0.235935 1
0.742281 0.24631 0
0.742841 0.251635 0
0.736998 0.26009 0
0.732893 0.270673 0
0.731581 0.278871 0
0.72288 0.294585 0
0.725846 0.29907 0
0.726266 0.305891 0
0.7268 0.315083 0
0.724631 0.322273 0
0.725823 0.327743 0
0.726012 0.329824 1
0.726539 0.334724 0
0.729111 0.338657 0
0.729713 0.34541 0
0.733894 0.354085 0
0.736185 0.365179 0
0.735045 0.362306 0
0.74063 0.375327 0
0.746257 0.38398 0
0.743894 0.389787 0
0.749603 0.397668 0
0.751753 0.403084 1
0.754017 0.408448 0
0.75739 0.416209 0
0.764337 0.427793 0
0.767587 0.432764 0
0.770664 0.437849 0
0.775884 0.444049 0
0.784782 0.440942 0
0.78828 0.451295 0
0.793178 0.454806 0
0.801461 0.461142 0
0.808312 0.461789 0
0.812397 0.466501 1
0.821738 0.467481 0
0.826543 0.471101 0
0.834239 0.471025 0
0.835726 0.47592 0
0.849481 0.469252 0
0.854704 0.468122 0
0.863986 0.460553 0
0.862061 0.468918 0
0.880161 0.456294 0
0.880472 0.458774 0
0.890582 0.456242 1
0.897445 0.461409 0
0.900592 0.472855 0
0.901366 0.507892 0
0.908639 0.510851 0
0.916813 0.512859 0
0.916285 0.494872 0
0.918338 0.491758 0
0.926325 0.49913 0
0.930668 0.504777 0
0.935703 0.490815 0
0.938355 0.502634 0
0.942306 0.490248 1
0.943925 0.501842 0
0.945104 0.5076 0
0.947369 0.515383 0
0.950043 0.515321 0
0.953539 0.523266 0
0.957071 0.513535 0
0.953795 0.502222 0
0.96263 0.525174 0
0.96769 0.52329 0
0.96823 0.523073 0
0.968751 0.52248 1
0.977074 0.499565 0
0.973267 0.513525 0
0.977134 0.50798 0
0.979321 0.500573 0
0.980151 0.503855 0
0.985604 0.51637 0
0.986146 0.521982 0
0.989317 0.503604 0
0.990662 0.49879 0
0.990783 0.514042 0
0.989957 0.500651 0
0.990751 0.484513 1
