0.0351373 0.151007 1
0.0320737 0.158739 0
0.0323573 0.168483 0
0.0302446 0.175703 0
0.0314715 0.181144 0
0.0336705 0.189859 0
0.0392832 0.190554 0
0.0450819 0.190358 0
0 0.198406 0
0.0400499 0.225458 0
0.0371767 0.236125 0
0.0421748 0.24297 1
0.0480356 0.244198 0
0.0548403 0.246747 0
0.0563334 0.253453 0
0.0610573 0.263247 0
0.0645799 0.270112 0
0.0671467 0.268054 0
0.075991 0.270654 0
0.0833944 0.276013 0
0.0964948 0.275241 0
0.0989613 0.283761 0
0.112134 0.287484 0
0.11614 0.291163 1
0.12163 0.298171 0
0.128174 0.302888 0
0.137897 0.310598 0
0.143259 0.316533 0
0.153806 0.327469 0
0.169672 0.342687 0
0.184823 0.34904 0
0.188772 0.352089 0
0.195645 0.356006 0
0.200462 0.364412 0
0.217122 0.374094 1
0.219261 0.378016 0
0.221049 0.382157 0
0.225846 0.38622 0
0.229337 0.389222 0
0.244752 0.390619 0
0.416847 0.443273 0
0.435276 0.478072 0
0.437275 0.478943 0
0.444159 0.486408 0
0.438081 0.497141 0
0.443819 0.501261 0
0.440745 0.505375 1
0.442613 0.508801 0
0.44466 0.511424 0
0.442945 0.521151 0
0.443736 0.524517 0
0.452984 0.53406 0
0.454399 0.534476 0
0.454029 0.535513 0
0.450763 0.541093 0
0.441445 0.568051 0
0.444788 0.724582 0
0.446096 0.729675 0
0.450591 0.731344 1
0.453564 0.744098 0
0.458098 0.758087 0
0.465907 0.765041 0
0.472495 0.775096 0
0.480282 0.780122 0
0.486866 0.792672 0
0.497241 0.802814 0
0.5122 0.813354 0
0.522304 0.824537 0
0.545398 0.837009 0
0.555254 0.841109 1
0.562287 0.853163 0
0.562064 0.863545 0
0.578952 0.871131 0
0.587698 0.883976 0
0.59445 0.895962 0
0.612781 0.903151 0
0.631071 0.916533 0
0.66975 0.901023 0
0.686773 0.911308 0
0.711011 0.905727 0
0.729575 0.898596 0
0.739729 0.890081 1
0.744127 0.890376 0
0.758535 0.906559 0
0.761421 0.905091 0
0.772216 0.907795 0
0.776611 0.903995 0
0.785041 0.903667 0
0.795167 0.901326 0
0.793441 0.888374 0
0.795714 0.876772 0
0.805235 0.868647 0
0.812864 0.862 1
0.812845 0.861935 0
0.813548 0.860784 0
0.813413 0.860968 0
0.814133 0.858845 0
0.811469 0.856282 0
0.836035 0.828706 0
0.74371 0.622547 0
0.753028 0.602407 0
0.75067 0.596328 0
0.753984 0.591526 0
0.748333 0.586756 0
0.747337 0.577583 1
0.740818 0.561233 0
0.741525 0.546653 0
0.735481 0.535079 0
0.719683 0.521499 0
0.710064 0.500942 0
0.699924 0.485771 0
0.689853 0.47165 0
0.679742 0.459412 0
0.668715 0.453747 0
0.660307 0.448127 0
0.658501 0.443643 0
0.652748 0.440967 1
0.645705 0.429816 0
0.648937 0.422828 0
0.636553 0.418652 0
0.616876 0.388945 0
0.605528 0.383879 0
0.591738 0.371556 0
0.582833 0.369119 0
0.574046 0.359451 0
0.564715 0.35401 0
0.558027 0.343529 0
0.550737 0.341599 1
0.543243 0.335781 0
0.53501 0.325487 0
0.527401 0.319495 0
0.516125 0.318213 0
0.502078 0.309538 0
0.49452 0.292438 0
0.476688 0.2831 0
0.464704 0.278505 0
0.454334 0.273727 0
0.442049 0.271507 0
0.429728 0.265576 0
0.418071 0.262366 1
0.41138 0.26041 0
0.404728 0.252927 0
0.398565 0.246516 0
0.386615 0.239614 0
0.373324 0.230802 0
0.353193 0.223629 0
0.295023 0.209818 0
0.27537 0.194435 0
0.276331 0.183478 0
0.273381 0.179584 0
0.274315 0.176329 0
0.274286 0.176372 1
0.265906 0.181392 0
0.285505 0.186949 0
0.284458 0.203625 0
0.286815 0.219014 0
0.286887 0.234037 0
0.285667 0.247853 0
0.294561 0.273637 0
0.296487 0.2861 0
0.295817 0.295565 0
0.3001 0.309613 0
0.303801 0.320551 1
0.305183 0.323902 0
0.311904 0.330813 0
0.319111 0.34047 0
0.321558 0.371917 0
0.283052 0.447371 0
0.300843 0.457186 0
0.302984 0.480826 0
0.309848 0.488964 0
0.326562 0.499728 0
0.330465 0.517273 0
0.335942 0.527063 0
0.341968 0.534569 1
0.341549 0.540644 0
0.349859 0.560179 0
0.356565 0.570881 0
0.363341 0.583211 0
0.372468 0.605065 0
0.463178 0.624216 0
0.469507 0.636137 0
0.437293 0.640785 0
0.484838 0.655159 0
0.496519 0.664493 0
0.497683 0.667405 1
0.502497 0.669326 0
0.5036 0.676944 0
0.514305 0.685248 0
0.517758 0.69515 0
0.553514 0.721593 0
0.567069 0.728788 0
0.600706 0.743498 0
0.617995 0.755172 0
0.624013 0.75977 0
0.631408 0.759651 0
0.639047 0.763445 0
0.647697 0.768235 1
0.65873 0.769866 0
0.671174 0.763622 0
0.688886 0.759664 0
0.703501 0.756233 0
0.719748 0.752184 0
0.737009 0.746643 0
0.747261 0.741196 0
0.765035 0.741659 0
0.7779 0.7341 0
0.802374 0.73633 0
0.802989 0.729851 0
0.808889 0.72336 1
0.812717 0.719544 0
0.815438 0.716986 0
0.817439 0.711739 0
0.827532 0.695061 0
0.832291 0.685984 0
0.834676 0.6597 0
0.842806 0.641525 0
0.852879 0.622719 0
0.852302 0.622137 0
0.852222 0.620569 0
0.851931 0.61997 1
0.852657 0.604439 0
0.847605 0.5978 0
0.84111 0.581851 0
0.833837 0.564798 0
0.828015 0.544979 0
0.826981 0.528635 0
0.818983 0.513657 0
0.808409 0.496141 0
0.795825 0.481935 0
0.785678 0.466942 0
0.77789 0.462352 0
0.76888 0.449355 1
0.758851 0.435674 0
0.748672 0.422019 0
0.737293 0.406274 0
0.729056 0.396085 0
0.719904 0.382012 0
0.71152 0.362806 0
0.690001 0.348401 0
0.693818 0.34821 0
0.667596 0.314287 0
0.655873 0.300974 0
0.645256 0.297471 1
0.635071 0.287902 0
0.629684 0.283902 0
0.617479 0.270817 0
0.605878 0.262106 0
0.598885 0.254598 0
0.589945 0.24681 0
0.573372 0.233598 0
0.552306 0.22562 0
0.537717 0.216423 0
0.52535 0.207007 0
0.519793 0.201535 0
0.508009 0.195537 1
0.503795 0.190959 0
0.492842 0.187689 0
0.486215 0.181719 0
0.479114 0.171097 0
0.469741 0.165215 0
0.455802 0.164129 0
0.434599 0.15675 0
0.395144 0.145439 0
0.387109 0.136841 0
0.361436 0.131015 0
0.345754 0.125023 0
0.344043 0.120995 1
0.336227 0.112857 0
0.321593 0.10488 0
0.309365 0.100504 0
0.298654 0.0971358 0
0.287519 0.0931643 0
0.28202 0.0737909 0
0.26742 0.0696486 0
0.256312 0.0680346 0
0.24946 0.0621037 0
0.239221 0.0598683 0
0.229504 0.0658656 1
0.228889 0.0641564 0
0.229264 0.0655439 0
0.22945 0.0658539 0
0.229489 0.0658501 0
0.2294 0.0658942 0
0.228862 0.0660201 0
0.227994 0.0671326 0
0.226149 0.0685796 0
0.224782 0.0717273 0
0.22069 0.0816406 0
0.16151 0.0917499 0
0.198626 0.538061 1
0.194989 0.554389 0
0.200219 0.567281 0
0.207281 0.582755 0
0.216859 0.60659 0
0.233464 0.609133 0
0.235962 0.627413 0
0.249025 0.635001 0
0.25399 0.644158 0
0.273753 0.653451 0
0.281508 0.660536 0
0.282648 0.666276 0
0.301705 0.669208 1
0.302603 0.668618 0
0.312435 0.676535 0
0.317104 0.678213 0
0.320721 0.678573 0
0.326769 0.680854 0
0.331617 0.68665 0
0.310494 0.694757 0
0.566367 0.631625 0
0.593003 0.631609 0
0.598354 0.636373 0
0.603771 0.63676 1
0.608456 0.633834 0
0.613264 0.643205 0
0.619168 0.648611 0
0.626003 0.65261 0
0.632794 0.661146 0
0.640657 0.67079 0
0.654155 0.674839 0
0.665714 0.674395 0
0.672031 0.68282 0
0.911507 0.701363 0
0.937341 0.687481 0
0.936419 0.686429 1
0.945923 0.675823 0
0.959811 0.676847 0
0.978474 0.675682 0
0.972994 0.653391 0
0.983719 0.64364 0
0.987305 0.617965 0
0.995715 0.617905 0
0.992099 0.597834 0
0.98968 0.575314 0
0.990239 0.558232 0
0.984695 0.548299 1
0.985803 0.541015 0
0.987373 0.536376 0
0.991662 0.519387 0
1 0.509011 0
0.99996 0.495293 0
0.998538 0.486162 0
0.99285 0.469462 0
0.989401 0.457451 0
0.976196 0.444323 0
0.959611 0.425932 0
0.950134 0.410847 0
0.933287 0.396713 1
0.924096 0.382059 0
0.92409 0.362209 0
0.91272 0.352531 0
0.908984 0.333694 0
0.901896 0.323108 0
0.893403 0.331816 0
0.876159 0.296599 0
0.916647 0.306356 0
0.852648 0.287476 0
0.846779 0.272217 0
0.832262 0.263424 0
0.817765 0.254166 1
0.811246 0.243789 0
0.802758 0.225362 0
0.791405 0.210487 0
0.769221 0.19603 0
0.771698 0.186554 0
0.763502 0.178325 0
0.755646 0.172682 0
0.750834 0.164042 0
0.736676 0.158075 0
0.730283 0.154404 0
0.719971 0.146683 1
0.711039 0.138971 0
0.699113 0.125945 0
0.692224 0.119617 0
0.678147 0.109639 0
0.67327 0.105448 0
0.662622 0.098722 0
0.652487 0.0975258 0
0.643699 0.085936 0
0.627926 0.0814304 0
0.618782 0.0747958 0
0.605023 0.0770318 0
0.588957 0.0716238 1
0.578571 0.0676764 0
0.571281 0.0483385 0
0.555524 0.0402562 0
0.542862 0.0340017 0
0.527823 0.0288176 0
0.522063 0.0282118 0
0.521944 0.0302726 0
0.488552 0.0169484 0
0.474819 0.0026385 0
0.460793 0.00680829 0
0.449241 0 0
0.440169 0.000348643 1
