0.352605 0.641361 1
0.354553 0.641286 0
0.358024 0.641156 0
0.360431 0.640157 0
0.36312 0.639906 0
0.367147 0.637665 0
0.370503 0.636431 0
0.374544 0.634665 0
0.378886 0.63422 0
0.3824 0.631111 0
0.385823 0.630064 0
0.388991 0.629307 1
0.391938 0.628654 0
0.39365 0.628575 0
0.397004 0.626802 0
0.400803 0.62677 0
0.404625 0.624421 0
0.40887 0.620555 0
0.413583 0.618764 0
0.418017 0.61704 0
0.421295 0.614122 0
0.42485 0.61242 0
0.427766 0.611064 1
0.430363 0.609157 0
0.434234 0.608958 0
0.438911 0.609472 0
0.442991 0.611621 0
0.446149 0.608427 0
0.451166 0.609 0
0.457983 0.609874 0
0.462621 0.608315 0
0.468774 0.610166 0
0.473714 0.60761 0
0.478318 0.604769 1
0.481026 0.601891 0
0.484743 0.60083 0
0.488415 0.597415 0
0.492283 0.593309 0
0.495666 0.588729 0
0.499036 0.584452 0
0.506141 0.577432 0
0.506683 0.57348 0
0.503612 0.569612 0
0.501592 0.565204 0
0.499231 0.562171 1
0.497957 0.560843 0
0.495919 0.560258 0
0.49192 0.558828 0
0.487322 0.559468 0
0.481498 0.55578 0
0.470764 0.553616 0
0.461732 0.546879 0
0.455361 0.547165 0
0.450898 0.546734 0
0.448417 0.545879 0
0.447024 0.54388 0
0.443293 0.543508 1
0.439035 0.54164 0
0.322591 0.471019 0
0.324107 0.469291 0
0.325621 0.469833 0
0.325801 0.470527 0
0.324574 0.469553 0
0.324334 0.469767 0
0.324181 0.469961 0
0.323916 0.470268 0
0.323555 0.470448 0
0.323321 0.470769 1
0.322332 0.471167 0
0.32145 0.470632 0
0.320615 0.471081 0
0.320351 0.471693 0
0.319794 0.472606 0
0.318676 0.473056 0
0.316981 0.473226 0
0.315502 0.47408 0
0.319892 0.471148 0
0.19349 0.570984 0
0.193265 0.571382 1
0.190506 0.578178 0
0.186609 0.585897 0
0.182266 0.589733 0
0.179319 0.59492 0
0.179346 0.600677 0
0.174913 0.602841 0
0.173055 0.607196 0
0.172384 0.610275 0
0.169158 0.613345 0
0.167435 0.617425 0
0.16576 0.6194 1
0.16402 0.623802 0
0.164562 0.628195 0
0.162606 0.635338 0
0.160058 0.637718 0
0.155854 0.644585 0
0.151921 0.651901 0
0.148042 0.656138 0
0.142438 0.658926 0
0.137724 0.660128 0
0.132725 0.66091 0
0.130098 0.664337 0
0.12958 0.6657 1
0.12917 0.66838 0
0.130078 0.671053 0
0.13118 0.673942 0
0.134114 0.676615 0
0.135879 0.679769 0
0.139004 0.68291 0
0.140854 0.684474 0
0.143726 0.68918 0
0.146782 0.691763 0
0.147376 0.69513 0
0.150934 0.697165 1
0.152269 0.698208 0
0.136319 0.702805 0
0.245867 0.772675 0
0.259008 0.763014 0
0.256859 0.763132 0
0.259126 0.763955 0
0.266969 0.766267 0
0.27011 0.765314 0
0.275614 0.765397 0
0.278455 0.766587 0
0.280089 0.766731 1
0.287157 0.76766 0
0.293762 0.771653 0
0.300051 0.771799 0
0.307198 0.773493 0
0.312659 0.770036 0
0.318057 0.76945 0
0.322694 0.769252 0
0.327559 0.768882 0
0.331664 0.768357 0
0.335013 0.767073 0
0.33948 0.765613 1
0.343349 0.764143 0
0.345961 0.763942 0
0.349293 0.760614 0
0.355071 0.757729 0
0.36223 0.755447 0
0.365916 0.753302 0
0.369674 0.750914 0
0.373971 0.747926 0
0.377785 0.745148 0
0.380915 0.742794 0
0.385463 0.739339 1
0.389622 0.738385 0
0.393334 0.735728 0
0.397362 0.73259 0
0.40108 0.729851 0
0.405411 0.72702 0
0.410315 0.720694 0
0.414439 0.717867 0
0.418965 0.714807 0
0.425324 0.708926 0
0.429382 0.706942 0
0.433254 0.704139 0
0.434969 0.703957 1
0.436204 0.704835 0
0.438476 0.705586 0
0.440841 0.705744 0
0.44599 0.706982 0
0.45085 0.709237 0
0.453784 0.710741 0
0.457954 0.714709 0
0.46394 0.716649 0
0.467707 0.71741 0
0.469468 0.719206 0
0.471541 0.721753 1
0.473422 0.723799 0
0.474186 0.728997 0
0.472939 0.734409 0
0.471684 0.738962 0
0.469084 0.744908 0
0.467579 0.749815 0
0.465203 0.754833 0
0.459025 0.75859 0
0.459275 0.762395 0
0.456657 0.767572 0
0.454042 0.772659 1
0.454116 0.777222 0
0.451664 0.779764 0
0.450943 0.784383 0
0.451993 0.789267 0
0.450797 0.796551 0
0.447395 0.801852 0
0.445703 0.808053 0
0.442858 0.814215 0
0.440339 0.817288 0
0.440056 0.82251 0
0.437742 0.827471 1
0.438291 0.831817 0
0.439483 0.837155 0
0.440946 0.842019 0
0.442717 0.846531 0
0.442521 0.851482 0
0.447396 0.855499 0
0.450099 0.859392 0
0.453449 0.863722 0
0.456693 0.867491 0
0.459968 0.87095 0
0.463759 0.874615 0
0.467237 0.877705 1
0.471456 0.881164 0
0.470607 0.886875 0
0.475111 0.889737 0
0.478745 0.89219 0
0.482151 0.89763 0
0.486022 0.90314 0
0.49714 0.898487 0
0.501654 0.901086 0
0.50574 0.903375 0
0.510052 0.905693 0
0.515272 0.9084 1
0.519424 0.910616 0
0.521687 0.916318 0
0.525742 0.917226 0
0.531748 0.917357 0
0.534885 0.920916 0
0.538085 0.923817 0
0.542849 0.92536 0
0.548521 0.923555 0
0.552396 0.92546 0
0.555379 0.926022 0
0.560181 0.926092 1
0.5636 0.930345 0
0.567139 0.930453 0
0.569551 0.936703 0
0.574105 0.935135 0
0.579538 0.932924 0
0.582527 0.935301 0
0.58704 0.934588 0
0.589376 0.934938 0
0.593073 0.933062 0
0.598334 0.934402 0
0.602808 0.934847 1
0.606375 0.935308 0
0.608543 0.936239 0
0.614324 0.937248 0
0.614834 0.939179 0
0.619872 0.939188 0
0.625358 0.941233 0
0.62885 0.942523 0
0.632226 0.945655 0
0.636731 0.951127 0
0.639681 0.95385 0
0.641792 0.954538 1
0.643042 0.954212 0
0.646056 0.953927 0
0.648074 0.953123 0
0.652436 0.951144 0
0.659938 0.939949 0
0.660805 0.943837 0
0.663035 0.946591 0
0.667951 0.943776 0
0.670722 0.942599 0
0.673165 0.94354 0
0.677838 0.942399 0
0.68168 0.940679 1
0.685736 0.93882 0
0.691228 0.936587 0
0.692525 0.940796 0
0.692163 0.948858 0
0.696065 0.954491 0
0.698087 0.954556 0
0.701592 0.956058 0
0.707297 0.951389 0
0.709371 0.954273 0
0.711183 0.955978 0
0.715316 0.952739 1
0.718452 0.950067 0
0.722658 0.951359 0
0.724159 0.951456 0
0.728418 0.951695 0
0.73018 0.949799 0
0.733031 0.949266 0
0.736512 0.952435 0
0.740345 0.947225 0
0.744911 0.94528 0
0.74596 0.950261 0
0.747874 0.952842 1
0.756533 0.937857 0
0.756592 0.943521 0
0.758691 0.941959 0
0.761162 0.943719 0
0.765097 0.942685 0
0.767021 0.938813 0
0.769922 0.937516 0
0.770931 0.93348 0
0.772087 0.93061 0
0.774282 0.929788 0
0.775056 0.927594 1
0.780377 0.928943 0
0.782423 0.925589 0
0.783874 0.923239 0
0.786986 0.921195 0
0.789088 0.920479 0
0.791533 0.917858 0
0.792173 0.915661 0
0.792949 0.913376 0
0.794724 0.911468 0
0.79574 0.909547 0
0.798927 0.908224 0
0.797483 0.903035 1
0.798948 0.901219 0
0.801599 0.897106 0
0.80088 0.895269 0
0.801936 0.891088 0
0.800761 0.887529 0
0.800492 0.883362 0
0.800032 0.880127 0
0.79841 0.877435 0
0.798297 0.872337 0
0.795512 0.870281 0
0.795318 0.866404 1
0.792377 0.863085 0
0.792934 0.858973 0
0.791343 0.854639 0
0.787826 0.848139 0
0.783647 0.845013 0
0.781203 0.840792 0
0.779008 0.835863 0
0.779106 0.831837 0
0.776625 0.828979 0
0.774985 0.825079 0
0.775033 0.823687 1
0.775352 0.821503 0
0.778168 0.817393 0
0.781172 0.818482 0
0.784661 0.81979 0
0.786442 0.817146 0
0.789832 0.818332 0
0.792242 0.820144 0
0.798154 0.822686 0
0.800712 0.821543 0
0.804224 0.82112 0
0.809197 0.824278 1
0.813728 0.822064 0
0.814944 0.825758 0
0.818791 0.82478 0
0.821879 0.822766 0
0.827371 0.819945 0
0.829821 0.820203 0
0.832405 0.822696 0
0.835703 0.822894 0
0.843148 0.823077 0
0.84555 0.813316 0
0.850652 0.812081 1
0.853809 0.811264 0
0.85608 0.810745 0
0.859652 0.808807 0
0.862781 0.806133 0
0.863201 0.804046 0
0.865673 0.800526 0
0.866578 0.797978 0
0.86875 0.794743 0
0.869808 0.79352 0
0.870249 0.790744 0
0.870488 0.784398 0
0.872847 0.783708 1
0.876686 0.782355 0
0.879337 0.780009 0
0.876469 0.773421 0
0.881684 0.772452 0
0.879467 0.766874 0
0.88551 0.7658 0
0.885099 0.762088 0
0.888861 0.758767 0
0.883851 0.749821 0
0.88465 0.747527 0
0.884025 0.743581 1
0.890362 0.742074 0
0.886949 0.737588 0
0.889152 0.732915 0
0.89145 0.730764 0
0.890994 0.726416 0
0.896513 0.727408 0
0.89606 0.722401 0
0.895312 0.718252 0
0.891807 0.711729 0
0.894066 0.707994 0
0.895429 0.705006 1
0.899064 0.701919 0
0.899004 0.697971 0
0.898052 0.698663 0
0.901394 0.692765 0
0.902606 0.689184 0
0.90382 0.685034 0
0.916503 0.678371 0
0.904734 0.676727 0
0.900552 0.676532 0
0.900423 0.671968 0
0.901048 0.669352 1
0.901425 0.668401 0
0.901137 0.662712 0
0.904493 0.661001 0
0.902701 0.656331 0
0.907132 0.652987 0
0.908144 0.648834 0
0.907777 0.645557 0
0.909914 0.641397 0
0.91292 0.636413 0
0.913261 0.630623 0
0.910926 0.625615 0
0.91129 0.620933 1
0.911698 0.615567 0
0.914561 0.610544 0
0.912398 0.605625 0
0.915127 0.603054 0
0.921779 0.59736 0
0.923218 0.592313 0
0.925474 0.588332 0
0.928447 0.581746 0
0.927973 0.576558 0
0.927176 0.572108 0
0.924764 0.569122 1
0.923563 0.566626 0
0.921941 0.564177 0
0.918804 0.56206 0
0.916636 0.560213 0
0.913102 0.559395 0
0.909951 0.556382 0
0.90863 0.554437 0
0.904888 0.553775 0
0.901797 0.550267 0
0.899147 0.548084 0
0.897954 0.545318 1
0.896362 0.542821 0
0.895586 0.539124 0
0.89341 0.537177 0
0.894153 0.535087 0
0.892934 0.531258 0
0.892485 0.52727 0
0.891293 0.523196 0
0.893957 0.519501 0
0.895888 0.516057 0
0.898861 0.512608 0
0.896547 0.507585 1
0.895513 0.503462 0
0.890894 0.498775 0
0.894691 0.496467 0
0.895088 0.492103 0
0.889591 0.486159 0
0.890926 0.483624 0
0.891423 0.479371 0
0.889413 0.475123 0
0.892293 0.471693 0
0.887908 0.465582 0
0.889072 0.460337 0
0.89083 0.456447 1
0.891481 0.453509 0
0.894384 0.450612 0
0.895795 0.446419 0
0.897469 0.44371 0
0.899679 0.441595 0
0.902937 0.440687 0
0.906986 0.441982 0
0.90987 0.43936 0
0.912157 0.435919 0
0.914655 0.434845 0
0.917928 0.434483 1
0.922359 0.432442 0
0.923244 0.430995 0
0.927365 0.432006 0
0.9314 0.431134 0
0.934643 0.431702 0
0.938367 0.432736 0
0.942141 0.432924 0
0.947356 0.432361 0
0.95071 0.431743 0
0.955839 0.42953 0
0.959009 0.429178 1
0.961927 0.430044 0
0.965634 0.430985 0
0.967941 0.431922 0
0.970519 0.431414 0
0.974775 0.431762 0
0.9766 0.43117 0
0.979759 0.431107 0
0.983922 0.428955 0
0.986698 0.427832 0
0.988448 0.42721 0
0.990024 0.4255 1
0.994145 0.425227 0
0.993669 0.420273 0
0.994163 0.416679 0
0.995786 0.414013 0
0.997441 0.412352 0
1 0.410115 0
0.999058 0.406102 0
0.999181 0.401554 0
0.999074 0.398034 0
0.993264 0.39675 0
0.991812 0.393543 1
0.992173 0.389107 0
0.993593 0.382473 0
0.991926 0.377263 0
0.989789 0.371901 0
0.988237 0.369704 0
0.979163 0.369719 0
0.974302 0.367343 0
0.970119 0.365513 0
0.970482 0.360811 0
0.964855 0.360826 0
0.960051 0.36027 0
0.956838 0.358969 1
0.95275 0.356438 0
0.95059 0.352651 0
0.948392 0.349039 0
0.945644 0.345665 0
0.944011 0.342297 0
0.939226 0.34093 0
0.936953 0.341658 0
0.93473 0.34151 0
0.934171 0.342154 0
0.933355 0.342507 0
0.933127 0.342533 1
0.932059 0.345153 0
0.930928 0.346645 0
0.929318 0.349997 0
0.927873 0.35238 0
0.926891 0.355913 0
0.926898 0.358599 0
0.924882 0.360925 0
0.926306 0.370147 0
0.925536 0.373303 0
0.924378 0.37535 0
0.923128 0.376753 1
0.918666 0.377341 0
0.916053 0.376977 0
0.912657 0.375459 0
0.907893 0.374668 0
0.905716 0.375824 0
0.902902 0.375288 0
0.899602 0.373184 0
0.896176 0.371723 0
0.894464 0.371533 0
0.892059 0.37118 0
0.889239 0.369664 1
0.884982 0.367395 0
0.879215 0.367705 0
0.876911 0.368022 0
0.873508 0.366768 0
0.870797 0.365152 0
0.869718 0.359653 0
0.86374 0.359328 0
0.860573 0.356613 0
0.858974 0.352296 0
0.854091 0.353039 0
0.849681 0.350903 0
0.846595 0.346871 1
0.845055 0.343947 0
0.846818 0.339329 0
0.845681 0.336293 0
0.842193 0.333988 0
0.839903 0.331366 0
0.833861 0.332417 0
0.829359 0.332427 0
0.831293 0.326646 0
0.830956 0.321735 0
0.828945 0.318641 0
0.82725 0.314925 1
0.824329 0.313972 0
0.8208 0.309998 0
0.817567 0.310237 0
0.811536 0.308878 0
0.808017 0.306518 0
0.806041 0.301307 0
0.807777 0.294329 0
0.805287 0.290973 0
0.800151 0.290046 0
0.795094 0.289435 0
0.790592 0.287636 1
0.787102 0.284981 0
0.78591 0.281221 0
0.78322 0.279485 0
0.781847 0.273463 0
0.776714 0.272529 0
0.773013 0.27044 0
0.769029 0.268159 0
0.768653 0.262227 0
0.76523 0.259379 0
0.761396 0.256527 0
0.756857 0.252681 1
0.753712 0.249859 0
0.750454 0.244584 0
0.746824 0.241455 0
0.742775 0.240174 0
0.740028 0.237808 0
0.736281 0.234623 0
0.732778 0.233934 0
0.729349 0.228725 0
0.725601 0.225542 0
0.721669 0.222216 0
0.717336 0.21856 1
0.712869 0.214787 0
0.709713 0.212152 0
0.707237 0.209901 0
0.705488 0.205577 0
0.701897 0.202362 0
0.698922 0.199987 0
0.694899 0.195319 0
0.688359 0.194565 0
0.684667 0.191526 0
0.680992 0.188527 0
0.677301 0.185511 0
0.67384 0.182502 1
0.671123 0.179046 0
0.666124 0.17745 0
0.671503 0.167964 0
0.658484 0.16623 0
0.653184 0.16677 0
0.649956 0.164044 0
0.647823 0.159604 0
0.642866 0.158162 0
0.640915 0.153983 0
0.637017 0.150823 0
0.633139 0.150173 1
0.630289 0.147898 0
0.623803 0.143634 0
0.619301 0.140745 0
0.617015 0.139035 0
0.613809 0.135865 0
0.608382 0.134659 0
0.604288 0.133048 0
0.600933 0.130583 0
0.599492 0.1289 0
0.59744 0.126699 0
0.596156 0.12632 1
0.593232 0.124213 0
0.594673 0.118441 0
0.590329 0.119502 0
0.587568 0.119133 0
0.587123 0.111068 0
0.585122 0.106802 0
0.581827 0.103316 0
0.580044 0.098563 0
0.578128 0.0941532 0
0.576543 0.0891308 0
0.573341 0.0876308 1
0.570626 0.0854206 0
0.568621 0.0820983 0
0.564051 0.0810835 0
0.561349 0.078702 0
0.55969 0.0752125 0
0.555714 0.0741373 0
0.555814 0.0712357 0
0.550088 0.0708119 0
0.545626 0.0704941 0
0.545338 0.0678272 0
0.54063 0.0666796 0
0.538005 0.0657978 1
0.537185 0.0625924 0
0.537665 0.0578844 0
0.536647 0.0542316 0
0.535158 0.0512 0
0.535921 0.0477103 0
0.534935 0.0450538 0
0.532764 0.043142 0
0.532644 0.0405482 0
0.530957 0.0382176 0
0.531011 0.0357052 0
0.528696 0.0341205 1
0.527725 0.0305654 0
0.525523 0.0290386 0
0.524526 0.0228253 0
0.521171 0.0195181 0
0.515313 0.0156653 0
0.512161 0.0143985 0
0.508019 0.0119697 0
0.5049 0.00994785 0
0.501795 0.00681767 0
0.497345 0.00817979 0
0.492641 0.00784012 1
0.489458 0.00482738 0
0.483981 0 0
0.484509 0.00811653 0
0.47968 0.0100813 0
0.473921 0.0109023 0
0.472915 0.0197146 0
0.465644 0.0197254 0
0.460948 0.0240577 0
0.460527 0.0283989 0
0.461536 0.0307534 0
0.461343 0.0327594 1
0.461922 0.0353267 0
0.462753 0.0393981 0
0.462851 0.0444298 0
0.468955 0.0463958 0
0.470452 0.0501083 0
0.47472 0.0531228 0
0.473638 0.058265 0
0.479762 0.060788 0
0.480824 0.064408 0
0.483093 0.0675725 0
0.485876 0.0704334 1
0.486516 0.070945 0
0.48802 0.0728455 0
0.488688 0.0744481 0
0.493081 0.0758958 0
0.503456 0.0923572 0
0.51931 0.102252 0
0.520395 0.105163 0
0.52332 0.107116 0
0.526375 0.109202 0
0.52711 0.109638 0
0.526835 0.111593 0
0.527439 0.112337 1
0.526724 0.114761 0
0.52373 0.116697 0
0.51994 0.12078 0
0.519628 0.126394 0
0.520262 0.13026 0
0.513507 0.129528 0
0.507648 0.127998 0
0.505705 0.127656 0
0.501615 0.127625 0
0.499864 0.127983 0
0.497076 0.127346 1
0.494263 0.125067 0
0.49177 0.1247 0
0.488292 0.122829 0
0.485102 0.120807 0
0.482165 0.119065 0
0.480411 0.115162 0
0.476563 0.114072 0
0.472317 0.113536 0
0.468254 0.112649 0
0.46608 0.110261 0
0.462511 0.10952 1
0.458174 0.110622 0
0.453977 0.109405 0
0.451903 0.114287 0
0.447875 0.114722 0
0.441482 0.112635 0
0.43863 0.116739 0
0.434954 0.11996 0
0.429547 0.121368 0
0.425695 0.128702 0
0.420548 0.129749 0
0.418518 0.133463 1
0.413393 0.133286 0
0.412413 0.138522 0
0.4076 0.14021 0
0.403721 0.14504 0
0.399863 0.147755 0
0.394648 0.151488 0
0.391588 0.153719 0
0.382289 0.156181 0
0.382397 0.15972 0
0.378161 0.16306 0
0.375569 0.16766 0
0.369768 0.17021 1
0.365801 0.173685 0
0.365336 0.177613 0
0.360046 0.179667 0
0.354487 0.182416 0
0.351324 0.185002 0
0.348849 0.18898 0
0.343466 0.191385 0
0.344686 0.197008 0
0.3371 0.197327 0
0.334209 0.199946 0
0.330872 0.202405 1
0.326684 0.204592 0
0.324177 0.208419 0
0.321013 0.21158 0
0.317912 0.21647 0
0.314378 0.219917 0
0.313184 0.223731 0
0.30639 0.227396 0
0.302893 0.230113 0
0.299165 0.23254 0
0.295265 0.234835 0
0.29255 0.238649 1
0.290268 0.240775 0
0.28833 0.243303 0
0.286922 0.244715 0
0.283259 0.246917 0
0.27925 0.247166 0
0.277102 0.249316 0
0.273858 0.252205 0
0.273895 0.258399 0
0.272626 0.260628 0
0.270714 0.263283 0
0.266643 0.267668 1
0.263653 0.270824 0
0.257888 0.275449 0
0.255251 0.280544 0
0.251103 0.285214 0
0.248983 0.289588 0
0.246904 0.294076 0
0.242083 0.2982 0
0.24108 0.302816 0
0.237904 0.304812 0
0.236414 0.307114 0
0.23783 0.314103 0
0.238118 0.320208 1
0.234048 0.323949 0
0.231425 0.329311 0
0.227064 0.331899 0
0.226046 0.338336 0
0.224033 0.342384 0
0.223243 0.346717 0
0.222212 0.351624 0
0.220851 0.35606 0
0.222717 0.361355 0
0.221943 0.364647 0
0.223225 0.367323 1
0.220654 0.371275 0
0.219958 0.375785 0
0.218595 0.378377 0
0.215834 0.384012 0
0.215565 0.387471 0
0.215363 0.392031 0
0.216998 0.395928 0
0.219017 0.400515 0
0.221774 0.405239 0
0.222156 0.409451 0
0.222585 0.414633 1
0.222942 0.41901 0
0.223434 0.424269 0
0.221414 0.429581 0
0.222018 0.434605 0
0.225635 0.440278 0
0.22646 0.444811 0
0.227508 0.449917 0
0.228482 0.454177 0
0.229549 0.458325 0
0.231001 0.463463 0
0.232321 0.467691 1
0.234029 0.472493 0
0.23592 0.4773 0
0.240308 0.481804 0
0.241495 0.48822 0
0.246794 0.492394 0
0.251951 0.496859 0
0.254955 0.499648 0
0.255866 0.504014 0
0.256844 0.507488 0
0.256066 0.509462 0
0.257416 0.511194 1
0.259936 0.512593 0
0.261277 0.514877 0
0.263882 0.517702 0
0.266654 0.519994 0
0.268635 0.521481 0
0.272825 0.523512 0
0.274165 0.525739 0
0.276506 0.527325 0
0.278949 0.529076 0
0.281059 0.530835 0
0.281854 0.532001 0
0.284203 0.533048 1
0.287566 0.535137 0
0.288685 0.537598 0
0.292736 0.539781 0
0.295448 0.540919 0
0.298913 0.541251 0
0.304804 0.542938 0
0.311691 0.544589 0
0.317469 0.546502 0
0.32148 0.547341 0
0.322513 0.546836 0
0.32444 0.547962 1
0.32446 0.551745 0
0.326159 0.55544 0
0.327491 0.558032 0
0.329037 0.560287 0
0.328202 0.565167 0
0.332761 0.569969 0
0.334134 0.57443 0
0.334951 0.578582 0
0.337302 0.582716 0
0.338054 0.586528 0
0.338711 0.587873 1
0.338143 0.588285 0
0.337594 0.58848 0
0.335268 0.589719 0
0.323692 0.592991 0
0.31911 0.594013 0
0.313083 0.598646 0
0.308885 0.600607 0
0.305693 0.602545 0
0.303304 0.604896 0
0.299622 0.608001 0
0.297934 0.6103 1
0.296272 0.610326 0
0.29153 0.607674 0
0.286368 0.606348 0
0.281736 0.603782 0
0.2734 0.600872 0
0.263434 0.59196 0
0.254311 0.589427 0
0.254693 0.590411 0
0.250987 0.591048 0
0.250195 0.59107 0
0.249571 0.590931 0
0.249116 0.591084 1
0.249178 0.591447 0
0.249798 0.59311 0
0.250806 0.596252 0
0.25091 0.598997 0
0.251156 0.604261 0
0.25269 0.609364 0
0.251955 0.613071 0
0.25899 0.621607 0
0.257423 0.626301 0
0.255727 0.62945 0
0.255952 0.632127 1
0.25334 0.634274 0
0.25385 0.638706 0
0.24843 0.637005 0
0.24717 0.6416 0
0.244506 0.6448 0
0.244971 0.649075 0
0.242316 0.652359 0
0.237206 0.65612 0
0.233536 0.660231 0
0.230777 0.663892 0
0.228576 0.66718 1
0.227347 0.669368 0
0.227517 0.672341 0
0.224919 0.675942 0
0.221871 0.679489 0
0.220207 0.686084 0
0.218236 0.690582 0
0.215928 0.695252 0
0.213888 0.701134 0
0.21067 0.705345 0
0.208782 0.709263 0
0.205816 0.711631 1
0.204717 0.714301 0
0.204101 0.716439 0
0.202679 0.719243 0
0.200026 0.720683 0
0.196868 0.725046 0
0.19478 0.728508 0
0.189017 0.737925 0
0.18292 0.743931 0
0.179856 0.745037 0
0.177128 0.746824 0
0.175613 0.74655 1
0.174829 0.749113 0
0.171809 0.751313 0
0.167741 0.753885 0
0.165307 0.756023 0
0.159092 0.757959 0
0.155336 0.761379 0
0.15093 0.763106 0
0.148552 0.764917 0
0.143489 0.764743 0
0.138509 0.763187 0
0.129647 0.760191 0
0.125491 0.759824 1
0.121748 0.761592 0
0.11663 0.763725 0
0.111289 0.762756 0
0.106045 0.763212 0
0.102224 0.763333 0
0.0981117 0.761798 0
0.0919382 0.760086 0
0.0878128 0.755009 0
0.0832798 0.751249 0
0.0783996 0.749425 0
0.0738118 0.745017 1
0.0700249 0.745638 0
0.0670822 0.743354 0
0.0629663 0.744083 0
0.0580364 0.742408 0
0.0528815 0.743556 0
0.0442896 0.745351 0
0.041079 0.742835 0
0.0360366 0.741194 0
0.0323922 0.739134 0
0.0291398 0.736042 0
0.0264989 0.733178 1
0.0229947 0.730729 0
0.0206516 0.728978 0
0.0175561 0.727031 0
0.0146626 0.724636 0
0.0137497 0.718444 0
0.0121788 0.714236 0
0.0180076 0.705564 0
0.0175273 0.701514 0
0.016072 0.697312 0
0.0165199 0.693538 0
0.018239 0.688334 1
0.0132502 0.684912 0
0.00968367 0.67992 0
0.00656966 0.675797 0
0.00143128 0.670179 0
0 0.664174 0
0.00261799 0.659797 0
0.00133156 0.654416 0
0.00640926 0.647733 0
0.00299736 0.643062 0
0.00312518 0.636422 0
0.00414862 0.629401 0
0.00556505 0.624024 1
0.00556457 0.624023 0
0.00556235 0.624021 0
0.00553832 0.624016 0
0.00534112 0.62402 0
0.0037353 0.621114 0
0.00288585 0.594843 0
0.33394 0.409314 0
0.34796 0.407912 0
0.349536 0.40852 0
0.35079 0.408385 0
0.351837 0.408307 1
0.356463 0.408352 0
0.362811 0.40569 0
0.369732 0.404543 0
0.375416 0.404883 0
0.37776 0.407153 0
0.381149 0.40995 0
0.38428 0.410626 0
0.390606 0.410805 0
0.394706 0.413257 0
0.395858 0.414118 0
0.402026 0.415446 1
0.404936 0.414912 0
0.408055 0.41629 0
0.41198 0.418618 0
0.416859 0.416022 0
0.421443 0.416424 0
0.425073 0.421003 0
0.429388 0.424246 0
0.432008 0.426006 0
0.440469 0.424164 0
0.44709 0.425277 0
0.451643 0.428065 1
0.455402 0.431714 0
0.455911 0.435442 0
0.457707 0.438645 0
0.462005 0.441176 0
0.465657 0.445415 0
0.461951 0.451115 0
0.471356 0.454025 0
0.476649 0.459123 0
0.477289 0.462657 0
0.477345 0.468678 0
0.475498 0.470654 1
0.474053 0.473127 0
0.470368 0.472909 0
0.466154 0.475282 0
0.458887 0.478869 0
0.4613 0.478037 0
0.45429 0.480218 0
0.445731 0.483415 0
0.441751 0.487058 0
0.444124 0.485178 0
0.440303 0.487641 0
0.431324 0.491851 0
0.428113 0.495865 1
0.426883 0.496578 0
0.421552 0.496554 0
0.416494 0.498419 0
0.410199 0.49886 0
0.409613 0.500165 0
0.404514 0.502243 0
0.400018 0.503941 0
0.395423 0.511995 0
0.388046 0.516224 0
0.381036 0.521019 0
0.379183 0.525121 1
0.375496 0.526041 0
0.206142 0.52159 0
0.18477 0.516267 0
0.176099 0.513387 0
0.175562 0.513071 0
0.172201 0.514202 0
0.171972 0.514861 0
0.169474 0.514675 0
0.167835 0.514936 0
0.166904 0.514963 0
0.165601 0.51564 1
0.160389 0.516496 0
0.15722 0.516782 0
0.152344 0.518303 0
0.144895 0.519173 0
0.14283 0.519202 0
0.137894 0.520283 0
0.130629 0.52268 0
0.129208 0.525678 0
0.125256 0.525473 0
0.120412 0.528018 0
0.116638 0.5324 1
0.109319 0.531931 0
0.10607 0.534673 0
0.0980493 0.533631 0
0.0930353 0.537429 0
0.0888897 0.540811 0
0.0842113 0.544016 0
0.0803667 0.547654 0
0.0790993 0.55028 0
0.0714293 0.550622 0
0.0712212 0.556616 0
0.0540013 0.557104 0
0.0659096 0.564667 1
0.0623232 0.566066 0
0.0622593 0.568594 0
0.0615795 0.571011 0
0.0633752 0.575437 0
0.0607715 0.579206 0
0.0615585 0.583126 0
0.061553 0.582341 0
0.0614511 0.589901 0
0.0606297 0.592903 0
0.0634803 0.598467 0
0.0664446 0.596877 1
0.066741 0.601429 0
0.0719637 0.604757 0
0.0805465 0.607156 0
0.085137 0.603146 0
0.0915387 0.606862 0
0.0946692 0.612072 0
0.101336 0.612298 0
0.104751 0.613529 0
0.10632 0.611491 0
0.111146 0.612787 0
0.117372 0.615067 1
0.116446 0.619947 0
0.267927 0.696934 0
0.29199 0.696078 0
0.281564 0.700226 0
0.285835 0.696401 0
0.29038 0.700092 0
0.29663 0.69473 0
0.305691 0.685611 0
0.308908 0.688066 0
0.309976 0.688074 0
0.311414 0.688118 1
0.315245 0.688327 0
0.316809 0.693485 0
0.322974 0.685403 0
0.330272 0.684085 0
0.320288 0.692228 0
0.332668 0.68855 0
0.335736 0.689223 0
0.339329 0.689084 0
0.336649 0.690938 0
0.34788 0.686509 0
0.351465 0.683853 0
0.354092 0.684957 1
