0.0366809 0.392973 1
0.0322351 0.383526 0
0.0242772 0.3642 0
0.0130616 0.341917 0
0.00611794 0.318272 0
0.00387648 0.299305 0
0.00255846 0.281242 0
0.000761037 0.257459 0
0 0.243767 0
0.0130839 0.225034 0
0.0188763 0.209271 0
0.0257982 0.193562 1
0.0347794 0.17626 0
0.0414565 0.161438 0
0.0550976 0.134453 0
0.0755143 0.102521 0
0.0849958 0.0892917 0
0.101501 0.0698622 0
0.132763 0.043967 0
0.163302 0.0265933 0
0.184583 0.0177089 0
0.204929 0.0131188 0
0.283277 0.0639778 0
0.296253 0.0866133 1
0.322147 0.085003 0
0.339798 0.0952008 0
0.355261 0.0966805 0
0.376908 0.0969395 0
0.397309 0.0972471 0
0.415905 0.0942933 0
0.489834 0.045657 0
0.5113 0.0495124 0
0.527845 0.0603398 0
0.551145 0.0839858 0
0.569132 0.0936624 0
0.577423 0.110908 1
0.589758 0.128287 0
0.601012 0.144032 0
0.614561 0.161244 0
0.62787 0.17665 0
0.641139 0.192094 0
0.656987 0.218033 0
0.670877 0.243211 0
0.684072 0.272935 0
0.696557 0.293666 0
0.706267 0.315461 0
0.714359 0.339508 0
0.723622 0.362875 1
0.733589 0.383746 0
0.692631 0.464049 0
0.698024 0.485078 0
0.706295 0.506761 0
0.717376 0.528773 0
0.730325 0.551187 0
0.740811 0.577999 0
0.629907 0.793615 0
0.764111 0.626409 0
0.783815 0.637067 0
0.801312 0.65247 0
0.819317 0.666271 1
0.8342 0.674271 0
0.859344 0.685901 0
0.875144 0.692694 0
0.946413 0.69758 0
0.962051 0.714077 0
0.976213 0.741273 0
0.982261 0.75638 0
0.986586 0.773761 0
0.998946 0.788929 0
1 0.802683 0
0.987552 0.814738 0
0.995683 0.831489 1
0.985524 0.845029 0
0.965409 0.846207 0
0.95409 0.855326 0
0.95687 0.872165 0
0.940903 0.880127 0
0.922232 0.881405 0
0.902685 0.885261 0
0.881938 0.886053 0
0.84117 0.876327 0
0.818306 0.873092 0
0.79549 0.86808 1
0.776583 0.861681 0
0.757022 0.853178 0
0.737258 0.844029 0
0.723076 0.83379 0
0.711323 0.821238 0
0.695908 0.804545 0
0.682574 0.786546 0
0.669137 0.767478 0
0.661248 0.715774 0
0.643823 0.70191 0
0.627129 0.688848 0
0.609208 0.679821 1
0.590574 0.672201 0
0.577129 0.662566 0
0.558991 0.653574 0
0.541734 0.644329 0
0.524419 0.635407 0
0.504872 0.629982 0
0.459386 0.649933 0
0.437036 0.642618 0
0.418851 0.633833 0
0.40077 0.626135 0
0.383583 0.619451 0
0.364481 0.610549 1
0.342595 0.59869 0
0.32326 0.587413 0
0.305687 0.576558 0
0.287806 0.565153 0
0.266511 0.551939 0
0.24576 0.537453 0
0.229516 0.520047 0
0.220571 0.49433 0
0.209727 0.471472 0
0.197793 0.454016 0
0.184188 0.436835 0
0.173366 0.420628 1
0.16416 0.409711 0
0.151708 0.396392 0
0.140804 0.38113 0
0.130969 0.364461 0
0.124698 0.345952 0
0.116742 0.327917 0
0.115104 0.31005 0
0.116087 0.292738 0
0.125232 0.272584 0
0.139511 0.271325 0
0.154352 0.272248 0
0.166808 0.264045 1
0.168039 0.2462 0
0.157292 0.234831 0
0.140531 0.230384 0
0.136305 0.214985 0
0.144695 0.196216 0
0.156805 0.18421 0
0.167934 0.173954 0
0.171944 0.155928 0
0.172643 0.140953 0
0.183072 0.130029 0
0.197928 0.115486 0
0.212281 0.100134 1
0.227939 0.0846209 0
0.245227 0.0672284 0
0.272955 0.0156738 0
0.284124 0.00870381 0
0.307164 0.00356371 0
0.336825 0.00322269 0
0.3565 0 0
0.375798 0.00149577 0
0.403733 0.00916369 0
0.422688 0.0179196 0
0.443273 0.0322941 0
0.456512 0.1121 1
0.465754 0.127518 0
0.47812 0.141626 0
0.49458 0.155252 0
0.510235 0.17243 0
0.522591 0.184995 0
0.540739 0.195915 0
0.556184 0.209764 0
0.571976 0.226257 0
0.586496 0.243983 0
0.599363 0.264566 0
0.610907 0.285096 1
0.626176 0.305381 0
0.640835 0.326525 0
0.654435 0.347451 0
0.673393 0.365891 0
0.694726 0.387799 0
0.714208 0.404683 0
0.740369 0.419386 0
0.75707 0.433559 0
0.770586 0.450705 0
0.782967 0.467451 0
0.79432 0.486003 0
0.806198 0.505231 1
0.817578 0.52046 0
0.830808 0.536634 0
0.844427 0.554599 0
0.857843 0.572849 0
0.872873 0.59301 0
0.885641 0.613269 0
0.895386 0.630371 0
0.903997 0.645813 0
0.911297 0.664001 0
0.912637 0.700807 0
0.914173 0.726935 0
0.910613 0.740851 1
0.899304 0.757891 0
0.907888 0.768036 0
0.926224 0.765141 0
0.935685 0.773481 0
0.924308 0.787171 0
0.94186 0.802488 0
0.927754 0.808752 0
0.91127 0.813626 0
0.913449 0.828832 0
0.896251 0.832558 0
0.880592 0.834253 0
0.863179 0.820064 1
0.8456 0.816948 0
0.850065 0.830409 0
0.812207 0.815711 0
0.802957 0.804611 0
0.778312 0.793213 0
0.764539 0.789753 0
0.754274 0.783348 0
0.73724 0.776417 0
0.721181 0.766607 0
0.700894 0.749815 0
0.686718 0.739976 0
0.670585 0.739331 1
0.651166 0.742004 0
0.626941 0.727675 0
0.608371 0.718819 0
0.592457 0.712334 0
0.574637 0.704621 0
0.553378 0.694651 0
0.537079 0.686431 0
0.522848 0.680795 0
0.507043 0.671248 0
0.490596 0.65805 0
0.478091 0.631175 0
0.466656 0.615628 1
0.455616 0.607276 0
0.431255 0.594476 0
0.414527 0.586352 0
0.399043 0.57966 0
0.383587 0.571909 0
0.367361 0.563105 0
0.351401 0.553055 0
0.333349 0.541982 0
0.315944 0.531835 0
0.300214 0.521904 0
0.283571 0.510578 1
0.265873 0.500599 0
0.249788 0.493083 0
0.195635 0.503715 0
0.180245 0.490786 0
0.164125 0.478198 0
0.150495 0.464177 0
0.134694 0.447933 0
0.120691 0.432636 0
0.104212 0.409473 0
0.0902493 0.384058 0
0.0796175 0.359236 0
0.071247 0.333937 1
0.0665673 0.309832 0
0.0651211 0.290606 0
0.0664407 0.278617 0
0.0713705 0.264229 0
0.0714929 0.248206 0
0.077473 0.238161 0
0.0824497 0.223849 0
0.0833509 0.208756 0
0.0870809 0.188282 0
0.0930574 0.163561 0
0.0999806 0.148401 0
0.107588 0.138194 1
0.11527 0.12472 0
0.126371 0.107937 0
0.136378 0.0949185 0
0.148709 0.0821993 0
0.16714 0.0686293 0
0.190185 0.0569479 0
0.218028 0.042634 0
0.239392 0.0360061 0
0.261846 0.0374379 0
0.311222 0.0491724 0
0.33437 0.0447382 0
0.354623 0.0487333 1
0.376337 0.0494545 0
0.397349 0.0519578 0
0.417302 0.0568576 0
0.440389 0.0643722 0
0.461551 0.0756693 0
0.483271 0.08889 0
0.496893 0.0983754 0
0.513466 0.112307 0
0.523856 0.130936 0
0.534576 0.142487 0
0.552108 0.153555 0
0.568153 0.167847 1
0.581965 0.183633 0
0.59777 0.202606 0
0.612827 0.221324 0
0.626229 0.241898 0
0.638861 0.265685 0
0.648218 0.281353 0
0.664219 0.314389 0
0.671716 0.333754 0
0.464658 0.732419 0
0.653757 0.404882 0
0.684962 0.417335 0
0.695723 0.429576 1
0.720996 0.442033 0
0.732253 0.460576 0
0.744207 0.488353 0
0.751377 0.505165 0
0.581819 0.777746 0
0.776673 0.554572 0
0.787067 0.573039 0
0.797274 0.587324 0
0.808038 0.602811 0
0.826759 0.617491 0
0.835786 0.626592 0
0.846716 0.638129 1
