0.172812 0.0967412 1
0.153669 0.106378 0
0.147723 0.111174 0
0.142713 0.119457 0
0.126035 0.130533 0
0.103044 0.160673 0
0.0971967 0.181277 0
0.0981143 0.200778 0
0.0754324 0.230382 0
0.0903734 0.248636 0
0.0848992 0.275544 0
0.10153 0.297409 0
0.119726 0.322334 1
0.120164 0.353595 0
0.134458 0.398069 0
0.134546 0.426942 0
0.155376 0.46478 0
0.15705 0.497729 0
0.18477 0.516388 0
0.213548 0.553646 0
0.241246 0.569583 0
0.256226 0.62248 0
0.293982 0.688411 0
0.320358 0.712848 0
0.331791 0.73327 1
0.34374 0.749448 0
0.370769 0.76999 0
0.395297 0.787366 0
0.422109 0.802642 0
0.444921 0.808643 0
0.470722 0.820294 0
0.500561 0.847 0
0.536086 0.854118 0
0.568827 0.857257 0
0.597511 0.85496 0
0.62902 0.840891 0
0.658209 0.841354 0
0.685145 0.838609 1
0.710257 0.841653 0
0.723755 0.821013 0
0.753366 0.816504 0
0.781557 0.806109 0
0.805979 0.796674 0
0.855554 0.8036 0
0.879476 0.777795 0
0.906112 0.761166 0
0.918025 0.739386 0
0.933111 0.711643 0
0.940631 0.691036 0
0.945284 0.661563 1
0.975449 0.635812 0
0.988213 0.610178 0
0.997948 0.570989 0
1 0.545684 0
0.976135 0.503811 0
0.943026 0.486501 0
0.921785 0.475973 0
0.903105 0.470447 0
0.816986 0.475505 0
0.802035 0.464512 0
0.756929 0.466939 0
0.730957 0.455398 0
0.708168 0.44287 1
0.68475 0.427334 0
0.671615 0.389547 0
0.650382 0.388063 0
0.633465 0.356926 0
0.612689 0.327586 0
0.581525 0.310447 0
0.562762 0.274545 0
0.536899 0.276764 0
0.511685 0.272943 0
0.494209 0.255964 0
0.473618 0.256796 0
0.457122 0.236962 1
0.450603 0.219064 0
0.438387 0.202999 0
0.436119 0.182454 0
0.426172 0.148205 0
0.419575 0.153172 0
0.399611 0.123955 0
0.395856 0.0765477 0
0.368218 0.0422987 0
0.328731 0.0337731 0
0.301185 0.00637813 0
0.246156 0 0
0.230237 0.0205702 0
0.196476 0.0263824 1
0.173679 0.0233732 0
0.121955 0.0217605 0
0.0904498 0.0441127 0
0.0602482 0.0637915 0
0.0450026 0.0891694 0
0.0257481 0.120504 0
0.00972581 0.138577 0
0.0155259 0.170603 0
0.00948066 0.195813 0
0.00290085 0.215965 0
0 0.234663 0
0.00488419 0.249288 1
0.0107874 0.27613 0
0.0133111 0.300195 0
0.0110903 0.324166 0
0.033366 0.368617 0
0.0791254 0.397813 0
0.0959252 0.431644 0
0.12878 0.449627 0
0.149619 0.485529 0
0.194377 0.505422 0
0.224167 0.526407 0
0.252618 0.545321 0
0.272638 0.580972 0
0.298773 0.618974 1
0.323978 0.643466 0
0.334671 0.67351 0
0.37261 0.676721 0
0.400708 0.684293 0
0.424047 0.681621 0
0.452592 0.689665 0
0.479269 0.692175 0
0.505285 0.705483 0
0.512541 0.718344 0
0.521684 0.730538 0
0.550664 0.730432 0
0.573103 0.720886 1
0.594723 0.721091 0
0.613063 0.720754 0
0.631905 0.727691 0
0.651796 0.720816 0
0.68517 0.721277 0
0.696621 0.714337 0
0.727688 0.689747 0
0.743129 0.695557 0
0.761702 0.680889 0
0.786335 0.665344 0
0.807648 0.668342 0
0.842336 0.650697 0
0.854672 0.646082 1
