0.229614 0.422415 1
0.242025 0.446951 0
0.23656 0.46479 0
0.26061 0.487841 0
0.292416 0.491731 0
0.311264 0.521247 0
0.293168 0.489406 0
0.352795 0.506033 0
0.360416 0.504916 0
0.390929 0.514295 0
0.409549 0.509344 0
0.439092 0.496711 0
0.469818 0.504503 1
0.497022 0.498309 0
0.455243 0.489982 0
0.571379 0.459485 0
0.561329 0.455422 0
0.591944 0.452766 0
0.6072 0.431663 0
0.622111 0.407465 0
0.633725 0.385438 0
0.6617 0.377167 0
0.674898 0.359241 0
0.668559 0.335777 0
0.680297 0.311159 0
0.675286 0.284035 1
0.67518 0.259652 0
0.64523 0.232806 0
0.644019 0.205618 0
0.616454 0.198889 0
0.599844 0.184236 0
0.578637 0.187854 0
0.51506 0.263102 0
0.503385 0.207985 0
0.500433 0.223113 0
0.444917 0.182831 0
0.426475 0.212042 0
0.413575 0.194267 0
0.38884 0.178319 1
1 0.0172174 0
0.360867 0.218024 0
0.35097 0.23356 0
0.325896 0.228512 0
0.166037 0.296994 0
0.148149 0.278079 0
0.124856 0.273165 0
0.105738 0.284495 0
0.0921212 0.287713 0
0.0661574 0.303861 0
0.0547782 0.283517 0
0.036476 0.269718 1
0.0591948 0.253529 0
0.0830993 0.239627 0
0.0657479 0.225153 0
0.0252857 0.223917 0
0.043812 0.204309 0
0 0.189677 0
0.00188148 0.186111 0
0.0333985 0.155759 0
0.0670104 0.164581 0
0.0829234 0.133173 0
0.0693102 0.128504 0
0.0397122 0.106694 0
0.0365885 0.0821809 1
0.0577705 0.0601965 0
0.0669783 0.0620304 0
0.0812971 0.0454786 0
0.109267 0.0207564 0
0.131324 0.0292049 0
0.116451 0 0
0.131958 0.00941357 0
0.191055 0.00367365 0
0.198112 0.0263818 0
0.152025 0.060903 0
0.171869 0.0846399 0
0.185851 0.0661185 0
0.181493 0.0756962 1
0.228866 0.0927442 0
0.241823 0.117629 0
0.196468 0.121776 0
0.193521 0.15344 0
0.192709 0.182377 0
0.218034 0.200516 0
0.228964 0.218444 0
0.245307 0.242533 0
0.240104 0.267469 0
0.238452 0.300124 0
0.265192 0.283725 0
0.274526 0.341088 1
0.249519 0.369697 0
0.265984 0.396347 0
0.272615 0.408443 0
0.289766 0.418827 0
0.314616 0.417936 0
0.311726 0.457208 0
0.329558 0.455895 0
0.352309 0.45631 0
0.368726 0.434868 0
0.389693 0.439399 0
0.397552 0.468291 0
0.421268 0.462455 0
0.440396 0.450177 1
0.464864 0.446307 0
0.448778 0.405902 0
0.466267 0.397104 0
0.491942 0.399201 0
0.52832 0.399242 0
0.553335 0.391509 0
0.566192 0.380729 0
0.578897 0.37673 0
0.600931 0.358196 0
0.591316 0.334532 0
0.622467 0.334621 0
0.611991 0.315097 0
0.636715 0.302621 1
0.625276 0.279079 0
0.567462 0.263768 0
0.602953 0.23907 0
0.591728 0.137492 0
0.566499 0.236663 0
0.564506 0.221755 0
0.537233 0.248854 0
0.534553 0.200531 0
0.520916 0.186025 0
0.517847 0.148713 0
0.50487 0.142817 0
0.458335 0.148248 0
0.462512 0.114575 1
