0.701662 0.369329 0
0.692268 0.37433 0
0.691851 0.373687 0
0.691876 0.373608 0
0.691883 0.373616 0
0.691911 0.373665 0
0.691928 0.373681 0
0.691928 0.37368 0
0.691929 0.373678 0
0.691918 0.373667 0
0.691933 0.373692 0
0.691931 0.373686 0
0.691942 0.373692 0
0.691905 0.373662 0
0.691921 0.373674 0
0.691915 0.37367 0
0.691932 0.373693 0
0.691919 0.373674 0
0.691962 0.373716 0
0.691993 0.373753 0
0.692021 0.373796 0
0.692015 0.373788 0
0.691999 0.373766 0
0.691994 0.373755 0
0.692024 0.37379 0
0.692013 0.373788 0
0.691989 0.373751 0
0.691941 0.373683 0
0.691931 0.373686 0
0.691926 0.373675 0
0.69192 0.373665 0
0.691893 0.373645 0
0.691875 0.373623 0
0.691937 0.373676 0
0.691888 0.37364 0
0.691895 0.373644 0
0.691917 0.373671 0
0.691903 0.373649 0
0.691907 0.373662 0
0.691926 0.373673 0
0.691945 0.373704 0
0.691971 0.373737 0
0.691992 0.373756 0
0.691984 0.37375 0
0.691975 0.37374 0
0.691986 0.373752 0
0.691989 0.373755 0
0.691996 0.373764 0
0.69199 0.37376 0
0.691961 0.373723 0
0.691931 0.373693 0
0.691998 0.373779 0
0.692004 0.373774 0
0.691986 0.373753 0
0.692036 0.373801 0
0.692036 0.373808 0
0.692036 0.373809 0
0.692036 0.373809 0
0.692036 0.373809 0
0.692036 0.373809 0
0.692036 0.373809 1
0.692035 0.373814 0
0.692041 0.373827 0
0.692043 0.373827 0
0.69204 0.373822 0
0.692041 0.373824 0
0.692045 0.373825 0
0.692046 0.373829 0
0.692046 0.373832 0
0.692049 0.373834 0
0.692041 0.373849 0
0.692089 0.373822 0
0.692163 0.374076 0
0.68942 0.37113 0
0.73591 0.420552 0
0.731566 0.416899 0
0.732297 0.416749 0
0.733222 0.416681 0
0.734276 0.416043 0
0.735505 0.415624 0
0.736749 0.414984 0
0.738006 0.414512 0
0.739347 0.414651 0
0.740352 0.413978 0
0.742062 0.413857 0
0.743604 0.413562 0
0.744815 0.414327 0
0.745908 0.414342 0
0.747211 0.413815 0
0.748389 0.41345 0
0.749721 0.413146 0
0.751246 0.41209 0
0.752332 0.412361 0
0.752535 0.412147 0
0.754219 0.413421 0
0.755412 0.413107 0
0.7561 0.412295 0
0.756219 0.411603 0
0.756348 0.410688 0
0.756134 0.409397 0
0.756391 0.409036 0
0.756514 0.408936 0
0.757775 0.409759 0
0.761625 0.409477 0
0.761337 0.408706 0
0.76341 0.407888 0
0.763437 0.407786 0
0.764059 0.40707 0
0.764982 0.407087 0
0.762382 0.405893 0
0.761529 0.405062 0
0.761024 0.405462 0
0.759315 0.405444 0
0.75801 0.406119 0
0.758237 0.406505 1
0.758818 0.406721 0
0.759795 0.407187 0
0.761299 0.407765 0
0.76163 0.408035 0
0.763638 0.408624 0
0.764594 0.408505 0
0.76358 0.408792 0
0.76063 0.407981 0
0.758891 0.407607 0
0.758893 0.407746 0
0.7592 0.408077 0
0.7634 0.408882 0
0.76395 0.409097 0
0.762502 0.409524 0
0.761045 0.408955 0
0.762558 0.40984 0
0.763299 0.41067 0
0.75856 0.41004 0
0.757795 0.409916 0
0.758867 0.410834 0
0.757532 0.409885 0
0.757636 0.409779 0
0.756896 0.409802 0
0.756469 0.410019 0
0.756496 0.410695 0
0.756006 0.410447 0
0.755058 0.410371 0
0.75515 0.411011 0
0.755253 0.411444 0
0.754558 0.411849 0
0.753761 0.412036 0
0.753749 0.4129 0
0.752655 0.413382 0
0.754745 0.411085 0
0.778733 0.425664 0
0.683073 0.374434 0
0.691356 0.372729 0
0.692274 0.373726 0
0.692041 0.373957 0
0.692058 0.373971 0
0.692098 0.373946 0
0.692077 0.373979 0
0.692078 0.373987 0
0.692073 0.373978 0
0.692073 0.373975 0
0.692081 0.37399 0
0.692075 0.374003 0
0.692072 0.37401 0
0.692087 0.374013 0
0.692087 0.374039 0
0.692078 0.374023 0
0.692078 0.374013 0
0.692075 0.374034 0
0.692071 0.374042 0
0.692081 0.374075 0
0.692122 0.374078 0
0.692111 0.37408 0
0.692105 0.374091 0
0.692101 0.37409 0
0.692089 0.374069 0
0.692017 0.374122 0
0.692397 0.373876 0
0.689106 0.375745 0
0.674642 0.384625 0
0.734963 0.420511 0
0.732951 0.416323 0
0.727686 0.42398 0
0.679487 0.377487 0
0.682713 0.381255 0
0.726415 0.418595 0
0.727926 0.41682 0
0.727093 0.417335 0
0.725487 0.417328 0
0.725029 0.417479 0
0.723187 0.423039 0
0.66865 0.390902 0
0.689597 0.378035 0
0.729442 0.419442 0
0.722636 0.417728 0
0.721498 0.416739 0
0.721902 0.417028 0
0.721613 0.416888 0
0.721307 0.416574 0
0.721704 0.416656 0
0.721912 0.416783 0
0.721603 0.416644 0
0.721375 0.416544 0
0.721514 0.416437 0
0.721715 0.416383 0
0.721747 0.41654 0
0.721184 0.416335 0
0.721114 0.416289 0
0.721386 0.415964 0
0.722124 0.415954 0
0.722049 0.416302 0
0.722105 0.415463 0
0.722154 0.415973 0
0.722324 0.415824 0
0.722562 0.416145 0
0.722221 0.416139 0
0.721986 0.416394 0
0.721374 0.416401 0
0.721325 0.416306 0
0.721614 0.416672 0
0.721436 0.416558 0
0.720965 0.416289 0
0.721433 0.416826 0
0.720654 0.416068 0
0.720515 0.415909 0
0.720567 0.415852 0
0.719847 0.415912 0
0.719751 0.415875 1
0.719637 0.415894 0
0.719384 0.416073 0
0.719234 0.416368 0
0.718798 0.416628 0
0.718991 0.416281 0
0.718996 0.41632 0
0.718889 0.416343 0
0.718778 0.416402 0
0.718708 0.416428 0
0.71907 0.41612 0
0.719402 0.416006 0
0.719178 0.416075 0
0.71885 0.416104 0
0.718768 0.41615 0
0.718683 0.416223 0
0.718779 0.416049 0
0.719068 0.415943 0
0.719014 0.415952 0
0.718936 0.415941 0
0.718992 0.416073 0
0.718131 0.415278 0
0.725424 0.416319 0
0.691193 0.374798 0
0.688666 0.375734 0
0.687963 0.375008 0
0.687692 0.375091 0
0.687415 0.375064 0
0.687197 0.375096 0
0.68653 0.374487 0
0.686457 0.374577 0
0.686394 0.374581 0
0.685753 0.373681 0
0.685707 0.373651 0
0.685409 0.373425 0
0.685394 0.373077 0
0.685168 0.373063 0
0.684763 0.373027 0
0.684784 0.372705 0
0.68467 0.372563 0
0.68403 0.372196 0
0.684126 0.371669 0
0.684009 0.371494 0
0.683934 0.371265 0
0.685033 0.370229 0
0.684305 0.370444 0
0.684521 0.369995 0
0.686585 0.368929 0
0.683474 0.369637 0
0.694055 0.369706 0
0.611605 0.346551 0
0.603211 0.341886 0
0.593296 0.330127 0
0.582158 0.324675 0
0.571232 0.321119 0
0.568423 0.320405 0
0.562516 0.320514 0
0.556367 0.318608 0
0.553102 0.321119 0
0.549664 0.318661 0
0.546605 0.317201 0
0.540614 0.315631 0
0.542373 0.320643 0
0.54136 0.317243 0
0.537844 0.317438 0
0.53522 0.316019 0
0.534041 0.318185 0
0.533141 0.318809 0
0.532929 0.319573 0
0.531712 0.320389 0
0.527669 0.318302 0
0.527491 0.316291 0
0.527695 0.314827 0
0.529866 0.314324 0
0.531581 0.310505 0
0.529792 0.313257 0
0.527875 0.312546 0
0.529845 0.311098 0
0.5265 0.308809 0
0.523602 0.309512 0
0.523015 0.308829 0
0.524222 0.306962 0
0.525292 0.306683 0
0.524096 0.310229 0
0.522615 0.309093 0
0.522614 0.307536 0
0.519548 0.305555 0
0.52116 0.304586 0
0.520255 0.300844 1
0.519781 0.301051 0
0.51563 0.299066 0
0.515873 0.299387 0
0.519337 0.300924 0
0.51341 0.298161 0
0.508646 0.296084 0
0.508118 0.296148 0
0.506697 0.295521 0
0.506266 0.295454 0
0.504642 0.293157 0
0.507486 0.29388 0
0.506365 0.294032 0
0.507003 0.294791 0
0.507782 0.294398 0
0.507976 0.293594 0
0.501516 0.290226 0
0.488426 0.278226 0
0.679234 0.361046 0
0.689163 0.357696 0
0.689602 0.357077 0
0.689675 0.356909 0
0.689659 0.356903 0
0.689662 0.356897 0
0.689662 0.356897 0
0.689662 0.356897 0
0.689662 0.356897 0
0.689662 0.356897 0
0.689662 0.356897 0
0.689662 0.356897 0
0.689662 0.356897 1
0.517352 0.298749 0
0.508135 0.275752 0
0.517566 0.269797 0
0.535163 0.263998 0
0.558859 0.275063 0
0.557275 0.249746 0
0.556705 0.232833 0
0.70337 0.362498 0
0.697291 0.353937 0
0.702749 0.360358 0
0.703298 0.361048 0
0.704491 0.363939 0
0.695939 0.378808 0
0.695382 0.377341 0
0.695107 0.377295 0
0.695183 0.377335 0
0.694999 0.377275 0
0.695087 0.377281 0
0.69512 0.377295 0
0.694986 0.377279 1
0.695296 0.377453 0
0.695803 0.378294 0
0.696808 0.379378 0
0.699765 0.383955 0
0.650523 0.428519 0
0.636663 0.418512 0
0.634765 0.419909 0
0.632464 0.418518 0
0.63203 0.417211 0
0.629463 0.416544 0
0.626144 0.417142 0
0.626757 0.417268 0
0.625766 0.416768 0
0.625376 0.416701 0
0.624585 0.416779 0
0.624749 0.419616 0
0.623041 0.421313 0
0.623709 0.421306 0
0.624234 0.421831 0
0.624732 0.423035 0
0.626611 0.422789 0
0.629551 0.423762 0
0.625896 0.416839 0
0.522259 0.359007 0
0.527742 0.35602 0
0.516016 0.359696 0
0.5109 0.362508 0
0.507585 0.367424 0
0.496234 0.37786 0
0.500458 0.377535 0
0.496966 0.379683 0
0.49332 0.387067 0
0.492727 0.388705 0
0.490667 0.39187 0
0.491167 0.392093 0
0.491477 0.387892 0
0.493592 0.385416 0
0.493244 0.411068 0
0.693064 0.408986 0
0.264815 0.465004 0
0.270161 0.435575 0
0.272446 0.435791 0
0.272788 0.43302 0
0.330812 0.42581 0
0.330771 0.429244 0
0.28231 0.426574 0
0.285496 0.409404 0
0.280494 0.416726 0
0.282628 0.423359 0
0.277726 0.429467 0
0.277912 0.428054 0
0.278328 0.427837 0
0.278203 0.427678 0
0.27914 0.426904 0
0.2795 0.426401 0
0.27967 0.425726 0
0.279599 0.425404 0
0.280306 0.424464 0
0.281029 0.423754 0
0.281677 0.423104 0
0.282345 0.422476 0
0.28284 0.422021 1
0.28284 0.422021 0
0.28284 0.422021 0
0.28284 0.422021 0
0.282838 0.422022 0
0.282833 0.422016 0
0.282753 0.422044 0
0.282708 0.421819 0
0.285571 0.405839 0
0.563748 0.411043 0
0.602272 0.400809 0
0.516133 0.431613 0
0.512031 0.427657 0
0.561533 0.419066 0
0.554134 0.435644 0
0.540139 0.440681 0
0.550696 0.435711 0
0.550795 0.433766 0
0.549105 0.433724 0
0.54852 0.433342 0
0.542142 0.434643 0
0.545712 0.43238 0
0.546441 0.430389 0
0.547487 0.428105 0
0.547137 0.42691 0
0.545372 0.427461 0
0.544893 0.426392 0
0.545763 0.424399 0
0.545513 0.423334 0
0.544482 0.423633 0
0.544221 0.42324 0
0.543162 0.422615 0
0.542175 0.422708 1
0.541738 0.422435 0
0.54127 0.420996 0
0.541026 0.420498 0
0.54209 0.422694 0
0.542168 0.422703 0
0.542175 0.422706 0
0.542178 0.422699 0
0.542102 0.422646 0
0.541644 0.422315 0
0.541235 0.42163 0
0.540726 0.421254 0
0.540479 0.421321 0
0.540882 0.421736 0
0.53842 0.418681 0
0.538231 0.413727 0
0.536903 0.410923 0
0.53722 0.412051 0
0.537246 0.411221 0
0.537187 0.409876 0
0.534047 0.412885 0
0.593881 0.386979 0
0.245562 0.183509 0
0.27037 0.21472 0
0.274296 0.212809 0
0.273509 0.212359 0
0.270612 0.209024 0
0.27073 0.207115 0
0.270741 0.208213 0
0.270611 0.20956 0
0.269952 0.207473 0
0.270157 0.206814 0
0.269907 0.206723 0
0.270416 0.206003 0
0.270458 0.205984 0
0.270465 0.205988 0
0.270466 0.205988 0
0.270466 0.205988 0
0.270466 0.205988 0
0.270466 0.205988 0
0.270466 0.205988 0
0.270466 0.205988 0
0.270466 0.205988 0
0.270466 0.205988 0
0.270466 0.205988 0
0.270466 0.205988 0
0.270466 0.205988 0
0.270466 0.205988 0
0.270466 0.205988 0
0.270466 0.205988 0
0.270466 0.205988 0
0.270466 0.205988 0
0.270466 0.205988 0
0.270466 0.205988 0
0.270466 0.205988 0
0.270466 0.205988 0
0.270466 0.205988 0
0.270466 0.205988 0
0.270466 0.205988 0
0.270466 0.205988 0
0.270466 0.205988 0
0.270466 0.205988 0
0.270466 0.205988 0
0.270466 0.205988 0
0.270466 0.205988 0
0.270466 0.205988 0
0.270466 0.205988 0
0.270466 0.205988 0
0.270466 0.205988 0
0.270466 0.205988 0
0.270466 0.205988 1
0.267823 0.207734 0
0.263673 0.20815 0
0.263805 0.2119 0
0.256253 0.210595 0
0.257901 0.215636 0
0.256827 0.220255 0
0.251084 0.221143 0
0.252276 0.225525 0
0.256694 0.230586 0
0.255904 0.234333 0
0.252469 0.237018 0
0.247275 0.239127 0
0.244095 0.243067 0
0.240001 0.244923 0
0.238901 0.24809 0
0.234664 0.251119 0
0.231674 0.253758 0
0.224115 0.257202 0
0.223896 0.258962 0
0.218023 0.263428 0
0.210378 0.267319 0
0.198124 0.270578 0
0.191828 0.274825 0
0.187709 0.277291 0
0.183497 0.278923 0
0.182144 0.280136 1
0.185651 0.284154 0
0.185714 0.290492 0
0.190533 0.295072 0
0.190724 0.301566 0
0.189933 0.306742 0
0.190371 0.310293 0
0.18944 0.31474 0
0.189574 0.318337 0
0.191709 0.321825 0
0.18621 0.328163 0
0.190053 0.330875 0
0.168629 0.339731 0
0.163721 0.343293 0
0.163487 0.344605 0
0.165729 0.350415 0
0.161035 0.350292 0
0.164139 0.351996 0
0.169554 0.35613 0
0.167879 0.358129 0
0.169535 0.361668 0
0.169286 0.364772 0
0.170855 0.369019 0
0.169679 0.372035 0
0.168977 0.375468 0
0.169307 0.37973 0
0.166902 0.38263 0
0.16272 0.385126 0
0.16348 0.391461 0
0.165712 0.397608 0
0.162015 0.402432 0
0.161254 0.408984 0
0.159096 0.41501 0
0.156384 0.418909 0
0.153196 0.426237 1
0.14296 0.432106 0
0.134923 0.441763 0
0.129932 0.444899 0
0.122167 0.449974 0
0.115686 0.455794 0
0.113849 0.464811 0
0.111941 0.470342 0
0.0997596 0.466377 0
0.0991556 0.476456 0
0.0857834 0.47491 0
0.0782894 0.477752 0
0.0838166 0.490835 0
0.0688683 0.48973 0
0.0630371 0.494691 0
0.0546341 0.499095 0
0.0538145 0.506189 0
0.0425154 0.511342 0
0.0452839 0.522661 1
0.0388883 0.527259 0
0.0337547 0.537396 0
0.0242344 0.540663 0
0.0261967 0.54887 0
0.0183534 0.552156 0
0.0185994 0.55786 0
0.0144404 0.561599 0
0.0157048 0.567332 0
0.0104712 0.570003 0
0.00977136 0.574952 0
0.0073251 0.578424 0
0.0068988 0.581943 0
0.0107484 0.586897 0
0.0131806 0.591001 0
0.0091334 0.593919 0
0.00523598 0.596145 0
0.00613891 0.599512 0
0.0115588 0.604036 0
0.00562737 0.606104 0
0.0149533 0.6105 0
0.0234138 0.614348 0
0.0167003 0.614885 0
0.0161128 0.61692 0
0.0148447 0.618325 0
0.0233757 0.623218 0
0.0272535 0.62724 0
0.0203872 0.627649 0
0.0189754 0.630342 0
0.0240472 0.63404 0
0.0189432 0.635457 0
0.0202435 0.638775 0
0.0282564 0.643804 0
0.021156 0.643857 0
0.0127541 0.648282 0
0.019243 0.653135 0
0.0231766 0.660074 0
0.0175422 0.662758 0
0.0178651 0.669062 0
0.0179595 0.674322 0
0.0183404 0.681606 0
0.0160949 0.68851 0
0.0142307 0.698895 0
0.0123616 0.706486 0
0.0104647 0.717503 1
0.00730463 0.716957 0
0.0112742 0.721231 0
0.00858624 0.721588 0
0.003244 0.721705 0
0.00238252 0.723223 0
0 0.725004 0
0.00142633 0.727455 0
0.00191644 0.728855 1
0.000463754 0.730228 0
0.00247376 0.731245 0
0.00355923 0.731989 0
0.00449142 0.733057 1
0.125495 0.279554 0
0.127846 0.275798 1
0.128871 0.267927 0
0.13333 0.267413 1
0.137415 0.264661 0
0.140608 0.262059 0
0.143556 0.260289 0
0.147704 0.25791 0
0.153174 0.25541 0
0.157232 0.254898 0
0.159599 0.257843 0
0.165702 0.256367 1
0.16656 0.256478 0
0.166945 0.256562 0
0.167888 0.256613 0
0.168905 0.256733 0
0.169342 0.25764 0
0.170278 0.258572 0
0.171392 0.259697 0
0.1778 0.261119 0
0.180786 0.263584 0
0.222637 0.278539 0
0.235192 0.280074 0
0.231757 0.287612 0
0.257859 0.282429 0
0.252218 0.289668 0
0.243848 0.29837 0
0.243795 0.301333 0
0.242721 0.304541 0
0.249133 0.304309 0
0.253986 0.304476 0
0.256897 0.305462 0
0.26009 0.308798 0
0.306868 0.29669 0
0.325421 0.305947 0
0.336416 0.321569 0
0.331996 0.325208 0
0.331475 0.33135 0
0.325085 0.332745 0
0.317578 0.336278 0
0.314535 0.340475 0
0.309203 0.347029 0
0.308138 0.351833 0
0.302079 0.360138 1
0.303682 0.357384 0
0.307941 0.381593 0
0.566025 0.571828 0
0.602558 0.542547 0
0.582126 0.535582 0
0.58898 0.541836 0
0.585679 0.544402 0
0.584319 0.547159 0
0.577487 0.548625 0
0.577011 0.551786 1
0.569977 0.562816 0
0.560653 0.580585 0
0.556709 0.588094 0
0.551279 0.59874 0
0.545737 0.607133 0
0.542009 0.613558 0
0.540226 0.620981 0
0.528418 0.623555 0
0.53219 0.645659 0
0.518548 0.641139 0
0.515049 0.650407 0
0.508915 0.657814 1
0.502097 0.66429 0
0.494026 0.667662 0
0.487903 0.68673 0
0.482615 0.699136 0
0.469948 0.703259 0
0.462837 0.719371 0
0.461143 0.73098 0
0.459792 0.73985 0
0.453162 0.749347 0
0.4488 0.761874 1
0.447448 0.763611 0
0.446651 0.765312 0
0.440493 0.772138 0
0.42301 0.778915 0
0.422237 0.781761 0
0.416655 0.784473 0
0.411584 0.785312 0
0.398736 0.774811 0
0.400459 0.782417 0
0.393964 0.778673 0
0.395433 0.786589 0
0.392964 0.787032 0
0.386258 0.782861 0
0.375465 0.773462 0
0.365935 0.757674 0
0.366141 0.767587 0
0.365114 0.771853 0
0.361934 0.770842 0
0.360838 0.774683 0
0.357185 0.772656 0
0.351889 0.764257 0
0.350731 0.766222 0
0.349308 0.764162 0
0.330588 0.722718 0
0.329259 0.736957 0
0.329816 0.731302 0
0.330394 0.727285 0
0.330571 0.725259 0
0.330293 0.725069 0
0.329776 0.727146 0
0.328438 0.731131 0
0.327565 0.729351 0
0.32586 0.730283 0
0.323928 0.730281 0
0.321999 0.728904 0
0.319977 0.727108 0
0.318343 0.724743 0
0.316436 0.724425 0
0.316003 0.717853 0
0.312836 0.717356 0
0.308503 0.719727 0
0.306963 0.714709 0
0.30346 0.715341 0
0.299196 0.714679 0
0.2969 0.711626 0
0.290586 0.70936 0
0.286609 0.709021 0
0.27779 0.705897 0
0.271032 0.70524 0
0.262432 0.701713 0
0.253895 0.698957 0
0.24608 0.694741 0
0.237059 0.693887 0
0.230493 0.691791 1
0.226242 0.691115 0
0.225084 0.689542 0
0.535963 1 0
0.225985 0.683842 0
0.225117 0.679312 0
0.611128 0.896595 0
0.582551 0.887686 0
0.609802 0.919147 0
0.211659 0.700022 0
0.606595 0.818922 1
0.608259 0.815386 0
0.612673 0.817253 0
0.615997 0.817884 0
0.618507 0.816084 1
0.618642 0.838991 0
0.286051 0.421049 1
0.289802 0.429821 0
0.286845 0.42784 1
0.2862 0.428459 0
0.28645 0.433482 0
0.285759 0.432644 0
0.284079 0.433735 0
0.283512 0.433548 0
0.281858 0.435265 0
0.278291 0.439545 0
0.274297 0.442621 0
0.269137 0.445528 0
0.265197 0.446914 0
0.262809 0.445917 0
0.256658 0.451201 0
0.255761 0.449132 0
0.252636 0.453207 0
0.252753 0.449688 0
0.250923 0.450941 0
0.249364 0.45306 0
0.255461 0.426938 0
0.627831 0.472663 0
0.607523 0.452228 0
0.615209 0.458234 0
0.610207 0.456375 0
0.611285 0.45825 0
0.609393 0.458934 0
0.611783 0.461286 0
0.611714 0.46244 0
0.60929 0.46255 0
0.607575 0.463019 0
0.60697 0.464569 0
0.606394 0.464458 0
0.606157 0.464307 0
0.606162 0.465021 0
0.606132 0.464277 0
0.606226 0.464302 0
0.60609 0.46487 0
0.606126 0.465048 0
0.606162 0.464687 0
0.606148 0.464261 1
0.607411 0.463676 0
0.608988 0.463851 0
0.611685 0.463639 0
0.602863 0.462202 0
0.601047 0.461744 0
0.598441 0.460996 0
0.598602 0.458942 0
0.598544 0.457469 0
0.597497 0.456332 0
0.594222 0.45663 0
0.593424 0.455517 0
0.592613 0.454687 0
0.591919 0.454247 0
0.590789 0.453944 0
0.605867 0.441992 0
0.649689 0.471569 0
0.412256 0.379109 0
0.423335 0.393125 0
0.428149 0.398307 0
0.432273 0.402152 0
0.435083 0.400826 0
0.435563 0.395524 0
0.482537 0.45126 0
0.581439 0.460063 0
0.44476 0.427407 0
0.663491 0.451457 0
0.39675 0.137752 0
0.32916 0.125085 0
0.316055 0.112305 0
0.31688 0.113012 0
0.318021 0.112629 0
0.317873 0.1124 0
0.317434 0.112498 0
0.31563 0.112735 0
0.308442 0.110368 0
0.306303 0.109976 0
0.301959 0.108795 0
0.300662 0.109118 0
0.297068 0.108483 0
0.29161 0.106677 0
0.288852 0.107771 0
0.284511 0.105372 0
0.281927 0.105845 0
0.279947 0.106025 0
0.269191 0.103092 0
0.267912 0.0985866 0
0.265956 0.0992922 0
0.264597 0.0984827 0
0.264258 0.0981708 0
0.26359 0.0982257 0
0.262634 0.0966321 0
0.262241 0.0962147 0
0.261095 0.0963606 0
0.260369 0.0959584 0
0.26015 0.0962747 0
0.259493 0.0947916 0
0.258426 0.0945475 0
0.256112 0.0938763 0
0.255764 0.0940779 0
0.252964 0.0926036 0
0.252711 0.092236 0
0.251185 0.0913653 0
0.254168 0.0906132 0
0.253727 0.0903451 0
0.25426 0.0893757 0
0.253676 0.0886303 0
0.252651 0.0894759 0
0.249701 0.0888715 0
0.248548 0.0864871 0
0.249069 0.0864875 0
0.250589 0.0864769 0
0.251315 0.0858528 0
0.252811 0.0848289 0
0.254417 0.0836628 0
0.25525 0.082743 0
0.255513 0.0823857 0
0.255641 0.082051 0
0.256137 0.0812675 0
0.257043 0.0810181 0
0.258396 0.0798018 0
0.258906 0.0794162 0
0.258378 0.0793342 0
0.258257 0.0792989 0
0.259364 0.0797938 0
0.259926 0.0782912 0
0.260596 0.0775981 0
0.260983 0.0774884 0
0.260681 0.0771814 0
0.260727 0.0775822 0
0.261018 0.0769684 0
0.258929 0.0750924 0
0.261811 0.0767287 0
0.262147 0.0772312 0
0.263103 0.0767615 0
0.263456 0.0765476 0
0.26369 0.0765403 0
0.263385 0.0750734 0
0.265071 0.0747158 0
0.265105 0.0747465 0
0.265113 0.0747492 1
0.265509 0.0741674 0
0.265264 0.0738586 0
0.265161 0.074113 0
0.2652 0.0746907 0
0.265115 0.0747404 0
0.265114 0.0747478 0
0.265115 0.0747459 0
0.265135 0.0747435 0
0.26529 0.0745468 0
0.265614 0.0719319 0
0.265296 0.0708704 0
0.265312 0.0709274 0
0.264764 0.0708756 0
0.264891 0.0710963 0
0.265272 0.070896 0
0.265626 0.0704914 0
0.265683 0.0702186 0
0.265626 0.0699241 0
0.265517 0.0699127 0
0.265697 0.070298 0
0.264869 0.0690157 0
0.264837 0.06872 0
0.264908 0.068354 0
0.265973 0.0681442 0
0.268241 0.0688756 0
0.267205 0.0684541 0
0.266334 0.0678148 0
0.26782 0.0682032 0
0.269018 0.0685995 0
0.261624 0.0656031 0
0.260365 0.0645126 0
0.259534 0.0642373 0
0.258742 0.0645214 0
0.258574 0.0633143 0
0.270409 0.068024 0
0.271644 0.0673311 0
0.271424 0.0651714 0
0.260016 0.0625139 0
0.258052 0.062413 0
0.261132 0.0694361 0
0.260799 0.0697648 0
0.258567 0.0693195 0
0.255998 0.0659636 0
0.255468 0.0649135 0
0.256448 0.0651275 0
0.253961 0.062037 0
0.253011 0.059564 0
0.255482 0.0651858 0
0.255113 0.066705 0
0.25128 0.0603459 0
0.248709 0.0549815 0
0.247511 0.0530813 0
0.27989 0.0602776 0
0.283517 0.0605799 0
0.282834 0.0597454 0
0.282673 0.0593863 0
0.282826 0.05907 0
0.282153 0.0590813 0
0.284942 0.0583219 0
0.288952 0.058347 0
0.290911 0.0562966 0
0.290882 0.0558478 0
0.291715 0.0550418 0
0.292058 0.0543099 0
0.292162 0.052553 0
0.292678 0.0514681 0
0.293421 0.0499074 0
0.29645 0.0488512 0
0.300584 0.048827 0
0.302953 0.0482882 1
0.309112 0.0460898 0
0.313912 0.0446547 0
0.314105 0.0434265 0
0.31932 0.0403581 0
0.323571 0.0373804 0
0.323896 0.0397603 0
0.323727 0.040812 0
0.330027 0.0374734 0
0.330738 0.0355019 0
0.347954 0.029627 0
0.358524 0.0264948 0
0.363951 0.0261653 0
0.370896 0.0252075 0
0.395684 0.0168525 0
0.426456 0.00634304 0
0.440768 0.00301494 0
0.453227 0 0
0.461791 0.000461135 0
0.47706 0.00235283 0
0.488625 0.0027943 0
0.494539 0.00716843 0
0.503469 0.0075326 0
0.508166 0.0108177 0
0.512649 0.0154208 0
0.523045 0.0195674 0
0.53003 0.0240582 0
0.535623 0.0269653 0
0.546785 0.0308509 0
0.556294 0.0378729 0
0.558848 0.0426333 0
0.568223 0.0506258 0
0.580162 0.0637583 0
0.591658 0.0679225 0
0.597667 0.0777449 0
0.60713 0.0807071 0
0.619957 0.0955494 0
0.630322 0.112202 0
0.641368 0.129813 0
0.64482 0.14955 0
0.646663 0.165392 0
0.649525 0.176517 0
0.653456 0.187382 0
0.656372 0.198243 0
0.657551 0.207155 0
0.658471 0.215818 0
0.661768 0.222434 0
0.663877 0.231698 0
0.666163 0.232842 0
0.667105 0.239018 0
0.667505 0.24555 0
0.66963 0.251595 0
0.671406 0.25523 1
0.675203 0.257729 0
0.677225 0.258983 0
0.679668 0.260008 0
0.682827 0.262592 0
0.684525 0.269356 0
0.686181 0.271433 0
0.685927 0.274861 0
0.685516 0.278794 0
0.687172 0.28285 0
0.688837 0.284388 0
0.690189 0.288905 0
0.688915 0.295172 0
0.685832 0.308321 0
0.686515 0.311343 0
0.686346 0.313726 0
0.686253 0.31224 0
0.687609 0.322917 0
0.686687 0.321344 0
0.688918 0.326047 0
0.686925 0.331093 0
0.686572 0.33655 0
0.687597 0.339503 0
0.686993 0.345571 0
0.688425 0.348772 1
