0.65257 0.20614 0
0.650166 0.200309 0
0.650144 0.199815 0
0.650334 0.199227 0
0.650637 0.198767 0
0.650607 0.198836 0
0.650693 0.198596 1
0.651476 0.196589 0
0.652528 0.195265 0
0.651547 0.191519 0
0.65388 0.188633 0
0.656625 0.181809 0
0.653729 0.181142 0
0.65778 0.176973 0
0.666112 0.165433 0
0.671297 0.156707 0
0.671634 0.153432 0
0.675072 0.148318 0
0.68321 0.138943 0
0.687833 0.13436 0
0.693878 0.127781 0
0.703791 0.119588 0
0.706997 0.114364 0
0.707618 0.109117 0
0.718748 0.101693 0
0.729863 0.0897045 0
0.753917 0.0761086 0
0.762175 0.0676967 0
0.764667 0.0617114 0
0.769937 0.0549793 0
0.778673 0.0514149 0
0.777311 0.0495153 0
0.787426 0.055391 0
0.808466 0.0520307 0
0.828455 0.0602726 0
0.828319 0.0591903 0
0.848674 0.059958 0
0.849357 0.0593454 0
0.84419 0.058184 0
0.852208 0.0592844 0
0.853918 0.0580289 0
0.855948 0.056664 0
0.854932 0.0559659 0
0.855649 0.0563943 0
0.856825 0.0555436 0
0.856803 0.0552929 0
0.856805 0.0546652 0
0.858713 0.0556899 0
0.85956 0.0571271 0
0.85921 0.0570487 0
0.859997 0.0578572 1
0.860377 0.0607927 0
0.862165 0.0623622 0
0.864084 0.0651257 0
0.867175 0.0663556 0
0.872826 0.0710183 0
0.874684 0.076298 0
0.878183 0.0767407 0
0.881306 0.0776847 0
0.884695 0.0782783 0
0.888177 0.0783302 0
0.889519 0.0761111 0
0.895816 0.0766885 0
0.931215 0.0778996 0
0.928805 0.0789413 0
0.929523 0.076759 0
0.93242 0.0746745 0
0.936778 0.0696334 0
0.940922 0.0650718 0
0.949281 0.063853 0
0.956789 0.0600167 0
0.962216 0.0522877 0
0.963874 0.0440393 1
0.967506 0.0395584 0
0.972885 0.03719 0
0.981089 0.0360967 0
0.982617 0.031434 0
0.983975 0.0274157 0
0.989706 0.0224209 0
0.990067 0.0199052 0
0.987586 0.019761 0
0.988614 0.0180445 0
0.985475 0.0176286 0
0.98238 0.0162657 0
0.981469 0.015926 0
0.979991 0.0176043 0
0.974556 0.0175094 0
0.963433 0.0186146 0
0.957366 0.0141031 0
0.949899 0.0182096 0
0.938268 0.0185458 0
0.917252 0.025051 0
0.942693 0 0
0.91864 0.0160268 0
0.904456 0.0222334 0
0.89064 0.0267048 0
0.886728 0.0292402 0
0.884187 0.0285013 0
0.882906 0.0328116 1
0.882764 0.0330028 0
0.881605 0.0331044 0
0.88204 0.0335666 0
0.881931 0.0340129 0
0.88196 0.0345295 0
0.881389 0.034657 0
0.881091 0.0351136 0
0.880725 0.0356006 0
0.880587 0.0356265 0
0.880257 0.0357338 0
0.879897 0.0360812 0
0.879217 0.0366473 0
0.87884 0.0373824 0
0.878073 0.0375515 0
0.877405 0.0370076 0
0.877275 0.0371848 0
0.876146 0.0379041 0
0.874866 0.0370495 0
0.873259 0.0351414 0
0.870098 0.0332257 0
0.869513 0.0336049 0
0.869929 0.0345076 0
0.86697 0.0339394 0
0.865241 0.034948 0
0.865508 0.0360276 0
0.865036 0.0364796 0
0.866549 0.0380037 0
0.867047 0.0406622 0
0.869451 0.0430767 0
0.878876 0.0485315 0
0.883266 0.0540881 0
0.885735 0.0517368 0
0.891031 0.0640157 0
0.892399 0.063293 0
0.894305 0.066968 0
0.895168 0.0701743 0
0.897441 0.0715275 0
0.900354 0.0753576 0
0.903126 0.0774883 0
0.904696 0.0755924 0
0.910225 0.08515 0
0.9086 0.0806073 0
0.907724 0.133406 0
0.906884 0.141807 0
0.903359 0.156225 0
0.747597 0.160685 0
0.744518 0.182011 0
0.744989 0.187645 0
0.742321 0.192193 0
0.742297 0.196445 0
0.739575 0.202202 0
0.7381 0.209093 0
0.737293 0.214638 0
0.738379 0.218137 0
0.740118 0.220118 0
0.739211 0.224086 0
0.739276 0.225928 0
0.739065 0.229859 0
0.741496 0.23109 0
0.743288 0.231999 0
0.747344 0.233032 0
0.751696 0.230672 0
0.752918 0.23292 0
0.755718 0.235102 0
0.757032 0.2398 0
0.763406 0.238054 0
0.768481 0.239874 0
0.770972 0.245014 0
0.775981 0.247896 0
0.780383 0.246789 0
0.783773 0.252602 0
0.788434 0.257902 0
0.791595 0.259502 0
0.797472 0.259215 0
0.80211 0.258767 0
0.812517 0.249659 0
0.825584 0.245108 0
0.832433 0.249971 0
0.839839 0.257791 0
0.835564 0.255359 0
0.832232 0.256555 0
0.836613 0.260061 0
0.831931 0.256824 0
0.829166 0.26062 0
0.82883 0.263363 0
0.82731 0.264897 1
0.827358 0.265037 0
0.827324 0.265941 0
0.825009 0.268248 0
0.822851 0.272014 0
0.822329 0.272717 0
0.820754 0.275175 0
0.820225 0.27775 0
0.821287 0.278624 0
0.823302 0.277306 0
0.826913 0.299936 0
0.571373 0.340778 0
0.543997 0.344859 0
0.541015 0.346735 0
0.540051 0.347852 0
0.53876 0.349824 0
0.533431 0.348991 0
0.53102 0.365592 0
0.528127 0.352374 0
0.526268 0.352439 0
0.52273 0.355542 0
0.521077 0.355814 0
0.51776 0.354358 0
0.513598 0.357228 0
0.510325 0.358039 0
0.507073 0.358045 0
0.504457 0.35972 1
0.495869 0.357993 0
0.487496 0.355103 0
0.479242 0.35914 0
0.472317 0.357323 0
0.469402 0.356847 0
0.46482 0.359506 0
0.460965 0.359093 0
0.440978 0.349373 0
0.434252 0.357938 0
0.439739 0.365207 0
0.431511 0.370172 0
0.41816 0.361622 0
0.421861 0.369762 0
0.41396 0.372625 0
0.403 0.371285 0
0.393041 0.372883 0
0.375405 0.367916 0
0.266098 0.375951 0
0.249262 0.372499 0
0.175692 0.355883 0
0.166279 0.349042 0
0.153947 0.346858 0
0.149839 0.343464 0
0.141109 0.339859 0
0.136091 0.338218 0
0.135893 0.33888 0
0.132565 0.337205 0
0.128238 0.336859 0
0.130498 0.337204 0
0.13186 0.338428 0
0.124129 0.335617 0
0.123232 0.336024 1
0.125216 0.3421 0
0.121418 0.337666 0
0.128796 0.342011 0
0.112737 0.354968 0
0.112156 0.349457 0
0.108249 0.348039 0
0.106263 0.345536 0
0.10858 0.339698 0
0.0977113 0.346642 0
0.109997 0.331658 0
0.0927957 0.345017 0
0.0942901 0.34063 0
0.100149 0.327191 0
0.0931942 0.327803 0
0.0926781 0.321515 0
0.0915328 0.322783 0
0.0879129 0.32269 0
0.0845322 0.321306 0
0.0902839 0.30978 0
0.0949904 0.300099 0
0.0875564 0.291126 0
0 0.331499 1
0.0177041 0.312176 0
0.101562 0.267001 0
0.0785986 0.268218 0
0.0854728 0.26235 0
0.091164 0.262277 0
0.10537 0.255705 0
0.106365 0.25316 0
0.0907925 0.247993 0
0.0847511 0.236736 0
0.0851735 0.23027 0
0.0837216 0.223683 0
0.0848704 0.218553 0
0.0854015 0.211779 0
0.0823601 0.206015 0
0.0834593 0.199085 0
0.0730318 0.200465 0
0.0853883 0.198488 0
0.0893887 0.198539 0
0.0846419 0.200193 0
0.0871681 0.199067 0
0.0865298 0.198828 0
0.0887539 0.199193 0
0.0860702 0.198849 0
0.089622 0.1989 0
0.0897124 0.200081 0
0.0918052 0.200101 0
0.092036 0.200301 0
0.0913715 0.201687 0
0.0907915 0.201646 0
0.0913307 0.20116 0
0.0901379 0.201515 0
0.0881797 0.200554 0
0.0889271 0.199848 0
0.0892713 0.199484 0
0.0873837 0.200263 0
0.0870324 0.198862 0
0.0879088 0.199047 0
0.088866 0.199018 0
0.0845499 0.197632 0
0.0894705 0.199007 0
0.0893309 0.198924 0
0.0894732 0.198889 1
0.0877785 0.197046 0
0.0802725 0.195599 0
0.0871661 0.19524 0
0.091663 0.197767 0
0.0915283 0.197026 0
0.0921963 0.197422 0
0.0844517 0.189583 0
0.0829291 0.183895 0
0.0908381 0.192468 0
0.0882972 0.186035 0
0.0841617 0.181337 0
0.0833778 0.182018 0
0.0903273 0.186495 0
0.0940589 0.191197 0
0.0930512 0.18833 0
0.0871464 0.17688 0
0.083275 0.173004 0
0.0883045 0.176035 0
0.0914381 0.177548 0
0.0905702 0.176295 0
0.0957571 0.181886 0
0.0962025 0.180224 0
0.0974797 0.180272 0
0.098475 0.177034 0
0.101625 0.182395 0
0.103803 0.183795 0
0.104949 0.18257 0
0.109804 0.1763 0
0.112538 0.178923 0
0.115483 0.179659 0
0.120111 0.182487 0
0.124417 0.184665 0
0.127557 0.18918 0
0.132929 0.187903 0
0.137486 0.19109 0
0.141699 0.19157 0
0.146455 0.192608 0
0.149685 0.19327 0
0.159818 0.18568 0
0.159007 0.197866 1
0.160872 0.198604 0
0.161982 0.198234 0
0.164655 0.199714 0
0.163728 0.199891 0
0.167061 0.20065 0
0.165633 0.200748 0
0.16573 0.200971 0
0.167649 0.20138 0
0.168583 0.20279 0
0.169647 0.203129 0
0.171489 0.203513 0
0.171575 0.204386 0
0.173003 0.205138 0
0.172996 0.205372 0
0.172351 0.205378 0
0.172459 0.2056 0
0.173818 0.206272 0
0.171913 0.205715 0
0.183853 0.190402 0
1 0.633277 0
0.530103 0.745118 0
0.560102 0.660348 0
0.569788 0.682812 0
0.59039 0.67087 0
0.60483 0.665908 0
0.567289 0.71591 0
0.899366 0.482272 0
0.893538 0.513985 0
0.89095 0.518872 0
0.891194 0.519329 0
0.890921 0.518788 0
0.890887 0.518571 0
0.891168 0.518987 0
0.891421 0.51961 1
0.896202 0.523144 0
0.894967 0.529253 0
0.89545 0.535677 0
0.896078 0.537518 0
0.898459 0.541639 0
0.89774 0.546325 0
0.896381 0.550217 0
0.894781 0.552536 1
0.895503 0.551138 0
0.894512 0.551402 0
0.894106 0.551319 0
0.893175 0.557762 0
0.894383 0.552772 0
0.894435 0.553333 0
0.891989 0.557436 0
0.890998 0.554012 0
0.891553 0.560522 0
0.889341 0.569945 0
0.890121 0.561832 0
0.885909 0.567254 0
0.883953 0.567935 0
0.879333 0.567595 0
0.883493 0.556302 0
0.882466 0.571374 0
0.882577 0.5707 0
0.882109 0.572434 0
0.876561 0.577937 0
0.872813 0.579052 0
0.876146 0.574073 0
0.873368 0.584357 0
0.870657 0.586751 0
0.863365 0.587043 0
0.859033 0.580596 0
0.85912 0.592893 0
0.854424 0.592591 0
0.843493 0.58143 0
0.840437 0.576699 0
0.836192 0.57357 0
0.832826 0.595911 0
0.823353 0.592101 0
0.822757 0.586148 0
0.821623 0.579892 0
0.820947 0.57679 0
0.818255 0.575976 0
0.816692 0.580067 0
0.818682 0.581971 0
0.815516 0.56613 0
0.815079 0.578731 0
0.813223 0.574388 0
0.811276 0.569569 0
0.810793 0.563263 0
0.807729 0.566141 0
0.809485 0.55913 0
0.802805 0.566591 0
0.802802 0.560596 0
0.80468 0.552207 0
0.806712 0.542866 0
0.802131 0.545499 0
0.798193 0.548851 0
0.795982 0.545678 0
0.794617 0.545933 0
0.793388 0.53648 0
0.795176 0.53078 0
0.793733 0.526268 0
0.79196 0.524357 0
0.78978 0.523681 1
0.783372 0.521841 0
0.776107 0.516307 0
0.770955 0.511345 0
0.760051 0.509387 0
0.758698 0.503526 0
0.763542 0.493227 0
0.759872 0.488275 0
0.754015 0.485704 0
0.747171 0.481348 0
0.746795 0.475935 0
0.744276 0.46749 0
0.74055 0.465396 0
0.735902 0.459625 0
0.736859 0.453046 1
0.735947 0.450699 0
0.735589 0.449167 0
0.734489 0.446989 0
0.733429 0.443969 0
0.732875 0.446147 0
0.730672 0.436263 0
0.73157 0.437118 0
0.731817 0.432285 0
0.732753 0.43777 0
0.731653 0.436408 0
0.73184 0.434162 0
0.731363 0.43175 0
0.730326 0.429137 0
0.731394 0.429193 0
0.731621 0.427077 0
0.730035 0.423535 0
0.735964 0.431519 0
0.735977 0.33227 0
