0.69853 0.233537 0
0.795648 0.251796 0
0.792024 0.246529 0
0.792682 0.251273 0
0.793606 0.256683 0
0.792093 0.260111 0
0.792989 0.263507 0
0.792376 0.270231 0
0.792633 0.275812 0
0.797364 0.281418 0
0.797593 0.286042 0
0.798881 0.289676 0
0.802062 0.296696 0
0.800931 0.302847 0
0.799196 0.310419 0
0.802876 0.321315 0
0.804577 0.32738 0
0.804883 0.343625 0
0.809631 0.351772 0
0.809368 0.358497 0
0.808513 0.364546 0
0.807735 0.370314 0
0.806683 0.376911 0
0.808231 0.380607 0
0.808713 0.379959 0
0.807976 0.38057 0
0.809294 0.384087 0
0.809818 0.385256 0
0.809918 0.386796 1
0.81524 0.386606 0
0.821205 0.385696 0
0.827014 0.387109 0
0.831231 0.384715 0
0.837459 0.382842 0
0.845321 0.379975 0
0.854584 0.377395 0
0.860253 0.373498 0
0.869177 0.370363 0
0.87433 0.369952 0
0.884098 0.363904 0
0.890795 0.358055 0
0.898273 0.349853 0
0.907627 0.340022 0
0.91793 0.338719 0
0.921864 0.321203 0
0.935978 0.304193 0
0.94439 0.302766 0
0.944601 0.304848 0
0.942729 0.307985 0
0.94165 0.30929 0
0.939618 0.309661 1
0.943028 0.311127 0
0.947139 0.312372 0
0.949558 0.312349 0
0.95145 0.314447 0
0.957933 0.316794 0
0.953465 0.315054 0
0.954005 0.314755 0
0.958264 0.317078 0
0.961484 0.320156 0
0.966944 0.323125 0
0.962311 0.319864 0
0.957142 0.317131 0
0.946756 0.313678 0
0.940365 0.310333 0
0.940798 0.309675 0
0.937746 0.313558 0
1 0.327481 0
0.679928 0.246819 0
0.671847 0.241326 0
0.671212 0.240155 0
0.669366 0.240797 0
0.669303 0.240845 1
0.663872 0.2414 0
0.651255 0.252657 0
0.604284 0.264147 0
0.575879 0.271181 0
0.539033 0.272102 0
0.513389 0.270868 0
0.483158 0.27323 0
0.444082 0.263492 0
0.410503 0.248383 0
0.379058 0.243007 0
0.34773 0.223667 0
0.339685 0.214698 0
0.334516 0.213615 0
0.323789 0.204801 1
0.320217 0.210634 0
0.312013 0.226448 0
0.30751 0.22696 0
0.301895 0.235881 0
0.296612 0.239544 0
0.287291 0.250189 0
0.280735 0.264361 0
0.266417 0.279128 0
0.264041 0.295402 0
0.25471 0.301196 0
0.257131 0.316495 0
0.254536 0.328689 0
0.242498 0.327877 0
0.228899 0.326258 0
0.236718 0.340022 0
0.236147 0.344796 0
0.236641 0.351412 0
0.239797 0.35833 0
0.238823 0.360118 0
0.240412 0.369045 0
0.230468 0.376776 0
0.220164 0.378603 0
0.203367 0.382622 0
0.188549 0.385566 0
0.17744 0.39069 0
0.16683 0.393108 0
0.159762 0.399904 0
0.149284 0.397953 0
0.141204 0.396854 0
0.135901 0.395039 0
0.12364 0.399542 0
0.121258 0.392359 0
0.117133 0.394001 0
0.108856 0.396097 0
0.0996837 0.395731 0
0.0929422 0.39298 1
0.0862215 0.393384 0
0.0774151 0.391382 0
0.0647904 0.388738 0
0.0578617 0.379012 0
0.0575928 0.358476 0
0.0554029 0.347674 0
0.0465578 0.349063 0
0.0349566 0.350308 0
0.0276944 0.3455 0
0.0250598 0.338438 0
0.0188111 0.339337 0
0.00896142 0.349544 0
0.0115404 0.339564 0
0.0169979 0.32258 0
0.014431 0.324377 0
0.0127223 0.320875 0
0.0131597 0.316608 0
0.01252 0.315398 1
0.000749932 0.317832 0
0.00502932 0.299709 0
0.00246348 0.296126 0
0.0012928 0.287717 0
0 0.277337 0
0.00254017 0.268737 0
0.00211397 0.259193 0
0.00680697 0.246733 0
0.00884033 0.241625 0
0.0162561 0.231848 0
0.0270839 0.213271 0
0.0354005 0.207102 0
0.0887574 0.147459 0
0.200403 0.139285 0
0.214791 0.141132 0
0.202004 0.135398 0
0.189998 0.131279 0
0.191898 0.12806 0
0.199221 0.13298 0
0.234895 0.103504 0
0.289139 0.043402 0
0.371018 0.00704425 0
0.425099 0 0
0.478785 0.00821389 0
0.503668 0.00849672 0
0.589021 0.0312523 0
0.641421 0.0316263 0
0.657349 0.0240961 0
0.667304 0.028607 0
0.670729 0.0314019 0
0.679264 0.0300567 0
0.697083 0.0300832 0
0.70326 0.0357193 0
0.694824 0.061695 0
0.809369 0.223628 0
0.79513 0.242945 0
0.793904 0.243573 0
0.793758 0.243727 0
0.793734 0.243722 0
0.793733 0.24372 0
0.793733 0.24372 0
0.793733 0.24372 1
0.793482 0.247271 0
0.793161 0.249216 0
0.793854 0.252329 0
0.792506 0.257522 0
0.790438 0.260462 0
0.7914 0.263953 0
0.793546 0.268527 0
0.797359 0.273094 0
0.792679 0.278006 0
0.790232 0.281039 0
0.791498 0.286607 0
0.791779 0.294427 0
0.793735 0.297974 0
0.796734 0.303884 0
0.795042 0.311595 0
0.794661 0.317258 0
0.796547 0.32337 0
0.799725 0.326787 0
0.803346 0.331438 0
0.801834 0.339101 0
0.80528 0.341893 0
0.804777 0.346103 0
0.802807 0.355504 0
0.804964 0.364782 0
0.807871 0.370394 0
0.816423 0.367042 0
0.822718 0.371053 0
0.832936 0.369062 0
0.839269 0.370688 0
0.845998 0.371144 0
0.850263 0.372337 0
0.858558 0.365754 0
0.865694 0.362532 0
0.87518 0.357069 0
0.879025 0.354611 0
0.87978 0.355406 0
0.893629 0.338151 0
0.896121 0.333049 0
0.904117 0.317982 0
0.910734 0.309862 0
0.908801 0.319701 0
0.91674 0.304063 0
0.926917 0.301075 0
0.941723 0.295062 0
0.953828 0.286678 0
0.949451 0.287707 0
0.937715 0.29604 0
0.928661 0.303003 0
0.933896 0.296012 0
0.946371 0.29395 0
0.935389 0.300979 0
0.962373 0.292554 0
0.974438 0.289414 0
0.973173 0.293747 0
0.945198 0.304803 0
0.962694 0.317772 0
0.707958 0.227703 0
0.710673 0.212814 0
0.712752 0.211009 0
0.713158 0.210587 0
0.71312 0.210619 0
0.71313 0.210611 1
0.709967 0.208269 0
0.705417 0.206124 0
0.701778 0.202083 0
0.705508 0.20554 0
0.607847 0.222431 0
0.559765 0.239989 0
0.541396 0.250502 0
0.493429 0.25299 0
0.460874 0.239636 0
0.450708 0.24091 0
0.428494 0.229253 0
0.408842 0.220885 0
0.40121 0.222452 0
0.398142 0.216714 0
0.400011 0.212791 0
0.395277 0.207594 0
0.392365 0.204637 0
0.404786 0.209492 0
0.320713 0.309921 0
0.29386 0.300687 0
0.286184 0.304695 0
0.27408 0.300708 0
0.273515 0.311728 0
0.270556 0.31986 0
0.267875 0.322871 0
0.267903 0.325984 0
0.262421 0.330547 0
0.263362 0.33859 0
0.259603 0.339544 0
0.2565 0.348824 0
0.261395 0.356359 0
0.239864 0.349297 0
0.250237 0.353662 0
0.252245 0.361789 0
0.247593 0.363822 0
0.243817 0.363942 0
0.238563 0.366039 0
0.237128 0.370205 1
0.236295 0.371145 0
0.22878 0.378231 0
0.22311 0.387358 0
0.214237 0.386949 0
0.184841 0.396289 0
0.169617 0.396619 0
0.169222 0.398226 0
0.157947 0.399488 0
0.148325 0.398261 0
0.13989 0.383351 0
0.126784 0.37789 0
0.11911 0.372217 0
0.105622 0.3608 0
0.0929858 0.35782 0
0.0848972 0.355738 0
0.0765703 0.352388 0
0.0621246 0.349557 0
0.0637564 0.324722 0
0.0567992 0.318655 0
0.0517377 0.316336 0
0.0470061 0.312068 0
0.050593 0.292636 0
0.0447986 0.306595 0
0.0419249 0.304072 0
0.0376057 0.307757 0
0.0375466 0.302283 0
0.041719 0.28723 0
0.0272424 0.309507 0
0.0308695 0.303803 0
0.0395471 0.274748 0
0.0394125 0.265202 0
0.0424689 0.254708 0
0.0432756 0.244652 0
0.0579347 0.215417 0
0.0596226 0.215352 0
0.0677126 0.195838 0
0.0807048 0.186884 0
0.0672807 0.192262 0
0.124957 0.159438 0
0.185388 0.150039 0
0.120506 0.161248 0
0.211212 0.155164 0
0.210863 0.147021 0
0.23234 0.160722 1
0.231505 0.158126 0
0.234476 0.150735 0
0.236563 0.14609 0
0.233604 0.144371 0
0.279695 0.0671937 0
0.303131 0.0596731 0
0.30979 0.0526213 0
0.3205 0.039802 0
0.380687 0.0273576 0
0.447209 0.00420398 0
0.474333 0.0147021 0
0.535614 0.0275375 0
0.554951 0.0252548 0
0.60442 0.0482297 1
0.61259 0.045956 0
0.617384 0.0503322 0
0.648225 0.0356256 0
0.666137 0.0288242 0
0.638247 0.0460078 0
0.635268 0.0503918 0
0.657678 0.0403856 0
0.649886 0.0510815 0
0.64523 0.0577524 0
0.667305 0.0478285 0
0.700197 0.0330723 0
0.793348 0.0788027 0
0.796889 0.231634 0
0.795472 0.242925 0
0.793834 0.244033 0
0.793387 0.243665 0
0.792297 0.246636 0
0.792876 0.251151 0
0.791869 0.254592 0
0.791674 0.25776 0
0.793067 0.263526 0
0.792016 0.266625 0
0.791073 0.27184 0
0.789951 0.275164 0
0.789013 0.281389 0
0.790383 0.28767 0
0.790935 0.293423 0
0.782511 0.311539 0
0.77559 0.337185 0
0.769552 0.348296 0
0.770089 0.352752 0
0.768204 0.356305 0
0.767033 0.358885 0
0.76601 0.363131 0
0.765423 0.365926 0
0.763774 0.367405 0
0.760351 0.371252 0
0.75875 0.372047 0
0.759919 0.373796 0
0.759998 0.375984 0
0.757623 0.376939 0
0.752211 0.379251 1
0.749854 0.381205 0
0.747025 0.382009 0
0.741409 0.384613 0
0.736236 0.389408 0
0.729517 0.390417 0
0.889997 0.314952 0
0.892115 0.336784 0
0.901173 0.328855 0
0.906507 0.323304 0
0.918382 0.310819 0
0.936047 0.309024 0
0.938172 0.306758 0
0.939541 0.308916 0
0.939635 0.309576 0
0.939616 0.309663 0
0.939619 0.309661 0
0.939617 0.309661 0
0.939641 0.309678 0
0.939706 0.309705 0
0.939422 0.309379 0
0.939596 0.309703 0
0.939632 0.309659 0
0.93965 0.309648 0
0.939794 0.309623 0
0.939827 0.31045 0
0.949438 0.307394 0
0.987935 0.345128 0
0.654805 0.209993 0
0.70499 0.207148 0
0.705901 0.213389 0
0.698522 0.216483 0
0.703156 0.214096 0
0.702356 0.214632 0
0.699573 0.215401 0
0.694747 0.220169 0
0.633985 0.239583 0
0.614161 0.253289 0
0.587258 0.265302 0
0.563028 0.280358 0
0.5236 0.276839 0
0.508353 0.278236 0
0.448134 0.277243 0
0.447825 0.281955 0
0.414846 0.271914 0
0.387409 0.259797 0
0.376029 0.25386 0
0.314306 0.25502 0
0.320705 0.252856 0
0.309453 0.255182 0
0.302702 0.259324 0
0.306008 0.256357 0
0.296978 0.271458 0
0.282498 0.271515 0
0.196437 0.268337 0
0.17834 0.258079 0
0.177116 0.256905 1
0.177998 0.261446 0
0.178076 0.263979 0
0.178859 0.275475 0
0.185691 0.278864 0
0.18365 0.285271 0
0.181626 0.289551 0
0.185523 0.296752 0
0.191183 0.306479 0
0.196105 0.313252 0
0.259105 0.34349 0
