0.595632 0.0800638 1
0.599035 0.0803773 0
0.607772 0.0811664 0
0.613889 0.084145 0
0.617934 0.0849698 0
0.627226 0.0873928 0
0.634281 0.0855885 0
0.641698 0.0876542 0
0.647514 0.0906382 0
0.655509 0.0919517 0
0.661975 0.0933028 0
0.670133 0.0956412 0
0.672558 0.0987587 0
0.697358 0.0985987 0
0.710989 0.104203 0
0.725033 0.105275 0
0.739911 0.107305 0
0.752848 0.106795 0
0.770924 0.114083 0
0.787239 0.115966 0
0.803987 0.119897 0
0.803545 0.118757 0
0.808932 0.121179 0
0.817124 0.123567 0
0.823549 0.120829 0
0.834316 0.128393 0
0.844994 0.127276 0
0.851376 0.123176 0
0.884566 0.116937 0
0.885923 0.120109 0
0.895006 0.122269 0
0.901525 0.12334 0
0.907921 0.125384 0
0.911695 0.124466 0
0.913546 0.128654 0
0.913665 0.130523 0
0.916682 0.13374 0
0.916488 0.138607 0
0.912915 0.147921 0
0.904657 0.158899 0
0.901767 0.166271 0
0.901689 0.181408 0
0.876773 0.191504 0
0.865087 0.198729 0
0.845092 0.212438 0
0.820711 0.221253 0
0.818727 0.215891 0
0.773175 0.231504 0
0.749696 0.240925 0
0.716634 0.244402 0
0.705655 0.243652 0
0.704836 0.229355 0
0.676481 0.227698 0
0.591407 0.253603 0
0.573029 0.280032 0
0.516278 0.237443 0
0.537969 0.264371 0
0.472794 0.220668 0
0.45631 0.198535 1
0.467373 0.207328 0
0.497329 0.300102 1
0.487389 0.304101 0
0.477741 0.298359 0
0.469772 0.299344 0
0.460969 0.300912 0
0.447354 0.290584 0
0.443444 0.306624 0
0.4358 0.320579 0
0.427842 0.318237 0
0.405144 0.287007 0
0.390238 0.295104 0
0.374688 0.295972 0
0.367205 0.288528 0
0.362032 0.307603 0
0.355943 0.288925 0
0.34338 0.294556 0
0.331105 0.295594 0
0.325149 0.296218 0
0.314469 0.294878 0
0.304523 0.292227 0
0.295403 0.290208 1
0.286229 0.288007 0
0.281155 0.280773 0
0.274205 0.274051 0
0.264165 0.27329 0
0.259235 0.26252 0
0.248505 0.259363 0
0.242485 0.253022 0
0.237081 0.243047 0
0.231272 0.239132 0
0.226921 0.234143 0
0.222135 0.228168 0
0.220931 0.219244 0
0.205988 0.219352 0
0.203599 0.214308 0
0.19684 0.210053 0
0.187181 0.207068 0
0.176734 0.20168 0
0.166975 0.19724 0
0.152415 0.194146 0
0.148699 0.188018 0
0.139423 0.188284 0
0.12833 0.198075 0
0.109029 0.207902 0
0.0696862 0.215245 0
0.0657496 0.211779 0
0.0515503 0.213314 0
0.0237307 0.211713 0
0.0148448 0.188098 0
0.0147404 0.179154 0
0.0138701 0.17372 0
0.0105987 0.170787 0
0.0132503 0.16339 0
0.0129796 0.157954 0
0.0103171 0.156272 0
0.00788505 0.155125 0
0.00627067 0.15309 0
0.00675456 0.152395 0
0.0104193 0.146925 0
0.0208859 0.132997 0
0.000558223 0.14666 0
0 0.144061 0
0.00255318 0.14212 0
0.00705895 0.15207 0
0.0551574 0.119074 0
0.0842742 0.105915 0
0.0864525 0.100382 0
0.168667 0.0608722 0
0.183108 0.0525162 0
0.193077 0.0433255 0
0.203808 0.0363124 0
0.210453 0.0345195 0
0.217217 0.029741 0
0.221921 0.0301089 0
0.23004 0.026701 1
0.236568 0.0268041 0
0.244615 0.0234021 0
0.259669 0.028166 0
0.270127 0.0293437 0
0.277895 0.0364054 0
0.286848 0.0461391 0
0.303296 0.0582524 0
0.360023 0.0219084 0
0.385422 0.0147184 0
0.394499 0.0160348 0
0.401949 0.021203 0
0.401969 0.0302362 0
0.412994 0.0319153 0
0.440325 0.0237184 0
0.427984 0.0418 0
0.47838 0.019872 0
0.485526 0.0294742 0
0.4973 0.0328092 0
0.514876 0.0350421 0
0.537331 0.0374227 0
0.539153 0.0453205 0
0.549747 0.0467871 0
0.56639 0.0560062 0
0.583444 0.0586978 0
0.58378 0.0665441 0
0.577556 0.0688495 0
0.60097 0.0669593 0
0.609807 0.0771035 0
0.615255 0.0806721 0
0.618393 0.0866104 0
0.626725 0.0843852 0
0.638914 0.0846916 0
0.642639 0.0866288 0
0.647877 0.0929127 0
0.659055 0.0913461 0
0.66595 0.0920286 0
0.672582 0.0969703 0
0.683412 0.0970398 1
0.702335 0.0956801 0
0.721666 0.104822 0
0.74414 0.0955562 0
0.756369 0.104786 0
0.774891 0.108249 0
0.794959 0.109406 0
0.810834 0.107515 0
0.826564 0.109563 0
0.838631 0.109175 0
0.861312 0.110762 0
0.870755 0.112181 0
0.885824 0.118856 0
0.919359 0.102153 0
0.909302 0.11932 1
0.911236 0.121825 0
0.911954 0.123468 0
0.917215 0.126302 0
0.923513 0.127957 0
0.924038 0.130881 0
0.928421 0.132878 0
0.935116 0.131545 0
0.931589 0.140644 0
0.933129 0.14624 0
0.93945 0.14813 0
0.940533 0.152656 0
0.941357 0.160583 0
0.949049 0.162906 0
0.941178 0.181893 0
0.936627 0.190368 0
0.933975 0.201666 0
0.891345 0.219575 0
0.832693 0.235874 0
0.810037 0.237671 0
0.775256 0.247141 0
0.759996 0.252815 0
0.752294 0.25401 0
0.726916 0.25058 0
0.695851 0.261832 0
0.695611 0.255943 0
0.696773 0.257565 0
0.59943 0.281556 0
0.581164 0.274891 0
0.553482 0.275796 0
0.532595 0.270368 0
0.47659 0.268747 0
0.467632 0.275098 0
0.460516 0.286656 0
0.455385 0.294756 0
0.446522 0.301833 0
0.438507 0.296303 0
0.429671 0.295173 0
0.424382 0.300577 0
0.419562 0.302278 0
0.412323 0.300426 1
0.403603 0.301209 0
0.393293 0.301253 0
0.375061 0.304878 0
0.366349 0.302776 0
0.355483 0.29942 0
0.346545 0.29329 0
0.333539 0.298701 0
0.331927 0.289538 0
0.321676 0.276518 0
0.307344 0.273389 0
0.29114 0.270294 0
0.282003 0.267997 0
0.279923 0.26071 0
0.277926 0.255153 0
0.270639 0.265297 0
0.259772 0.268672 0
0.252876 0.263179 0
0.242786 0.255109 0
0.237932 0.251449 0
0.232798 0.241309 0
0.215615 0.236178 0
0.208577 0.231738 0
0.199116 0.227057 0
0.193704 0.223505 0
0.190404 0.212922 0
0.17729 0.213296 0
0.167853 0.205031 0
0.159655 0.20334 0
0.142477 0.212181 0
0.135148 0.203285 0
0.129393 0.197078 0
0.121633 0.196583 0
0.114115 0.192093 0
0.108967 0.184191 0
0.0972876 0.17374 0
0.0954945 0.162423 0
0.087561 0.158085 0
0.0596051 0.163435 0
0.04948 0.165412 0
0.0396747 0.16376 0
0.0360353 0.162812 0
0.033921 0.157998 0
0.0352436 0.153151 0
0.0374796 0.148606 0
0.0336936 0.147921 0
0.0280242 0.14854 0
0.0276746 0.146238 0
0.0231104 0.146132 0
0.0173407 0.143967 0
0.0182342 0.138226 0
0.0239489 0.130986 0
0.0265619 0.128468 0
0.0330566 0.121216 0
0.0490377 0.106859 0
0.0609525 0.094677 0
0.0706101 0.0908845 0
0.0795258 0.0866539 0
0.0991698 0.0925715 0
0.155793 0.0628462 0
0.159208 0.0737876 0
0.166496 0.0739143 0
0.176268 0.0677029 0
0.184879 0.0612053 0
0.195485 0.057706 0
0.208872 0.0526322 0
0.215459 0.0547425 0
0.21722 0.0575111 0
0.239396 0.0541729 0
0.277106 0.0342567 0
0.289739 0.0327664 0
0.291223 0.039447 0
0.283872 0.0443509 0
0.291353 0.0535394 0
0.298525 0.0598283 0
0.305033 0.0669238 0
0.327635 0.0688581 0
0.363656 0.0577251 0
0.40327 0.0332791 0
0.41134 0.0362301 0
0.411771 0.0458133 0
0.448151 0.035871 0
0.467741 0.0290141 0
0.471744 0.0353401 0
0.471293 0.0434064 0
0.508502 0.0317458 0
0.534176 0.0434501 0
0.543411 0.0489557 0
0.551006 0.0553526 0
0.562484 0.0584403 0
0.570305 0.0624758 0
0.590786 0.078681 0
0.586407 0.0740354 0
0.593335 0.0805514 0
0.590879 0.0841315 0
0.591298 0.0914345 0
0.600334 0.093491 0
0.605047 0.0969282 0
0.614409 0.0967619 0
0.621426 0.0988619 0
0.629455 0.10115 0
0.634136 0.106181 0
0.641545 0.114359 0
0.650347 0.116283 0
0.656653 0.1247 0
0.669339 0.122776 0
0.686861 0.125049 0
0.699759 0.126598 0
0.724857 0.128092 0
0.736466 0.131791 0
0.749645 0.134343 0
0.768402 0.140603 0
0.785026 0.142164 0
0.806945 0.139212 0
0.819289 0.143777 0
0.83076 0.140284 0
0.834461 0.14557 0
0.869748 0.144815 0
0.943181 0.127459 0
0.937077 0.135523 0
0.949299 0.132094 0
0.936653 0.141735 0
0.952648 0.139071 0
0.967977 0.128601 0
0.985117 0.124651 0
0.979224 0.132586 0
0.969869 0.143084 0
0.975095 0.147457 0
0.985329 0.148517 1
1 0.148184 0
0.995556 0.151063 0
0.994074 0.155974 0
0.990054 0.159045 0
0.980515 0.173971 0
0.933563 0.207305 0
0.928171 0.216381 0
0.830131 0.235997 0
0.775859 0.243573 0
0.737029 0.260005 0
0.70978 0.260013 0
0.687058 0.256714 0
0.670725 0.263541 0
0.652945 0.266148 0
0.643771 0.268443 0
0.632994 0.268778 1
0.618408 0.272586 0
0.606794 0.269569 0
0.605056 0.266678 0
0.592056 0.266995 0
0.57166 0.262105 0
0.46263 0.266064 0
0.460701 0.290325 0
0.452478 0.29231 0
0.446299 0.30182 0
0.436692 0.296146 0
0.430979 0.302728 0
0.424451 0.303329 0
0.418916 0.301239 0
0.411077 0.304481 0
0.397917 0.305637 0
0.388715 0.309353 0
0.376367 0.30933 0
0.367096 0.309854 0
0.361068 0.303668 0
0.356553 0.294039 0
0.348738 0.29869 0
0.33502 0.29555 0
0.323035 0.287019 0
0.320501 0.273259 0
0.311283 0.26149 0
0.290698 0.260016 0
0.285456 0.2593 0
0.279371 0.247281 0
0.276472 0.240411 0
0.267658 0.238448 0
0.264712 0.231783 0
0.252726 0.230792 0
0.244028 0.234697 0
0.231422 0.233817 0
0.224252 0.226488 0
0.1986 0.229913 0
0.202434 0.217744 0
0.190979 0.213045 0
0.18277 0.218161 0
0.167206 0.217843 0
0.158518 0.214077 0
0.148058 0.208008 0
0.140091 0.202182 0
0.129313 0.203596 0
0.117997 0.201111 0
0.109855 0.194658 0
0.105042 0.190875 0
0.0968405 0.184126 1
0.0878109 0.18373 0
0.0835969 0.178604 0
0.0674445 0.176598 0
0.0577968 0.166331 0
0.0505103 0.16605 0
0.0425206 0.168879 0
0.0428934 0.161618 0
0.0443214 0.15863 0
0.038835 0.155945 0
0.0346762 0.154269 0
0.0266122 0.153736 0
0.0173654 0.156479 0
0.00514785 0.158029 0
0.00609664 0.153343 1
0.00737865 0.147378 0
0.00460533 0.145138 0
0.00276124 0.148292 0
0.00417395 0.149629 0
0.00426815 0.146291 0
0.00555187 0.130283 0
0.0545293 0.10164 0
0.086961 0.0803225 0
0.0986197 0.0783102 0
0.112477 0.0724676 0
0.119479 0.0741541 0
0.131638 0.0692084 0
0.137884 0.0729492 0
0.143888 0.0693395 1
0.149048 0.0695111 0
0.163315 0.0637862 0
0.182944 0.0569482 0
0.183569 0.0587342 0
0.180863 0.0509374 0
0.275355 0.00577212 0
0.297187 0 0
0.310073 0.00163861 0
0.313272 0.0135638 0
0.321837 0.0199342 0
0.327704 0.0272322 0
0.337924 0.0319537 1
0.347034 0.0338084 0
0.359333 0.0286011 0
0.375902 0.0249416 0
0.386561 0.0268346 0
0.385247 0.0287199 0
0.420104 0.0180369 0
0.421119 0.0271258 0
0.446922 0.0228408 0
0.483785 0.0139148 0
0.50407 0.0200952 0
0.518293 0.0191558 0
0.532897 0.0289585 0
0.535803 0.0356991 0
0.551813 0.0372009 0
0.558948 0.044289 0
0.582185 0.0530812 0
0.583528 0.0616323 0
0.58783 0.0683069 0
0.605911 0.0718342 0
0.604055 0.0788862 0
0.609446 0.0809707 0
0.616188 0.0823513 0
0.620136 0.0869509 0
0.614224 0.0931791 0
0.659516 0.129707 0
