0.632867 0.506888 1
0.63317 0.509683 0
0.632154 0.512114 0
0.633948 0.515857 0
0.634455 0.518452 0
0.63739 0.52041 0
0.638351 0.529985 0
0.641758 0.53411 0
0.652893 0.547848 0
0.658002 0.560895 0
0.668056 0.572651 0
0.674786 0.590201 0
0.668564 0.591284 0
0.681198 0.616046 0
0.681213 0.629187 0
0.676014 0.630639 0
0.667938 0.649529 0
0.659083 0.654954 0
0.659259 0.655274 1
0.666802 0.659387 0
0.656023 0.645109 0
0.654072 0.636604 0
0.646901 0.647982 0
0.660293 0.671593 0
0.657542 0.673117 0
0.663705 0.678639 0
0.659748 0.679226 0
0.657805 0.680781 0
0.662356 0.686541 0
0.652886 0.683948 0
0.640926 0.67004 0
0.651962 0.690135 0
0.663348 0.699519 0
0.636733 0.675284 0
0.620959 0.652487 0
0.639166 0.688861 0
0.612144 0.642187 0
0.609652 0.640595 0
0.606049 0.638889 0
0.603381 0.638511 0
0.600869 0.639518 1
0.598646 0.641064 0
0.597305 0.64202 0
0.59639 0.642437 0
0.592712 0.645224 0
0.587502 0.646681 0
0.584403 0.649781 0
0.582237 0.651419 0
0.580594 0.653553 0
0.578552 0.6569 0
0.575759 0.660109 0
0.571424 0.665967 0
0.572347 0.67521 0
0.570581 0.682479 0
0.571797 0.689841 0
0.573639 0.702001 0
0.579606 0.707971 1
0.577167 0.71254 0
0.569982 0.717831 0
0.566906 0.723434 0
0.564943 0.726598 0
0.563874 0.729718 0
0.561138 0.731485 0
0.55867 0.736859 0
0.554819 0.745055 0
0.554271 0.749056 0
0.551532 0.748508 0
0.552763 0.766377 0
0.552529 0.75941 0
0.553872 0.789386 0
0.55784 0.806178 0
0.593507 0.842332 0
0.602283 0.858954 0
0.591968 0.859116 0
0.592835 0.860997 0
0.598732 0.866092 0
0.596068 0.86779 0
0.592888 0.868858 0
0.59166 0.870659 0
0.589608 0.871143 0
0.588737 0.871508 0
0.578367 0.86892 0
0.568218 0.860109 0
0.5254 0.891291 0
0.384669 0.396678 0
0.308635 0.439806 0
0.326243 0.423941 0
0.323915 0.428383 0
0.320249 0.428422 0
0.318296 0.428343 0
0.323103 0.416993 0
0.320236 0.416002 0
0.323908 0.414561 0
0.324892 0.414313 0
0.314233 0.416008 0
0.311933 0.418979 0
0.30795 0.418897 0
0.30304 0.420728 0
0.301582 0.422046 0
0.298157 0.423087 0
0.292986 0.424793 0
0.288576 0.426169 0
0.28769 0.426549 0
0.287271 0.426832 0
0.28566 0.427661 1
0.284213 0.42274 0
0.281888 0.424856 0
0.278382 0.416355 0
0.277057 0.406396 0
0.274474 0.395335 0
0.270348 0.389041 0
0.279182 0.436014 0
0.286058 0.452362 0
0.247243 0.361333 0
0.253621 0.346649 0
0.243982 0.341384 0
0.237749 0.330514 0
0.231169 0.320329 0
0.225149 0.306706 0
0.226154 0.285683 0
0.210694 0.277694 0
0.202114 0.267872 0
0.189954 0.254879 0
0.180903 0.249466 0
0.175069 0.232902 0
0.158704 0.225938 0
0.12276 0.220305 0
0.110157 0.222354 0
0.0931617 0.234869 0
0.0711958 0.245645 0
0.0515444 0.251755 0
0.0464985 0.254774 0
0.0459535 0.255571 0
0.0458097 0.255547 0
0.0457857 0.255555 1
0.0509624 0.256668 0
0.0475007 0.259836 0
0.0480325 0.26155 0
0.051066 0.265334 0
0.0391212 0.231353 0
0.0350116 0.226852 0
0.0566554 0.27913 0
0.0379476 0.253442 1
0 0.177959 0
0.210071 0.700249 1
0.0178143 0.260461 0
0.0432564 0.274441 1
0.043641 0.286328 0
0.046368 0.296303 0
0.0450623 0.302025 0
0.0488565 0.30907 0
0.0580224 0.309997 0
0.0602602 0.320292 0
0.0656956 0.321913 0
0.0712959 0.330111 0
0.0801056 0.340015 0
0.086436 0.347143 1
0.0906179 0.350563 0
0.0913235 0.366121 0
0.0898702 0.370256 0
0.0910885 0.373534 0
0.0927541 0.384629 0
0.0985607 0.390464 0
0.103238 0.398103 0
0.108072 0.406432 0
0.112892 0.408502 0
0.116758 0.419446 0
0.124753 0.425694 0
0.127645 0.428752 0
0.137838 0.435351 0
0.13954 0.441257 0
0.150638 0.449841 0
0.164301 0.456432 0
0.172772 0.462526 0
0.177351 0.468608 0
0.182385 0.47362 0
0.190219 0.47694 1
0.19353 0.486008 0
0.200527 0.490405 0
0.203571 0.496455 0
0.20789 0.500079 1
0.214581 0.501977 0
0.218528 0.505074 1
0.201909 0.442734 0
0.945021 0.271457 1
0.944866 0.268299 0
0.939045 0.270694 0
0.940327 0.277484 0
0.939035 0.278503 1
0.933201 0.275356 0
0.940724 0.245702 0
0.929172 0.272331 0
0.926138 0.270909 0
0.924537 0.268516 0
0.920093 0.269094 0
0.918063 0.266524 0
0.915141 0.265238 1
0.911934 0.265341 0
0.907989 0.26257 0
0.904291 0.260703 0
0.900894 0.26042 0
0.897612 0.258903 0
0.893885 0.25487 0
0.889506 0.252623 0
0.886228 0.250747 0
0.883938 0.249014 0
0.879787 0.246641 0
0.877582 0.243973 0
0.872598 0.242447 0
0.871226 0.237666 0
0.866726 0.238536 0
0.862279 0.237083 0
0.858898 0.235457 0
0.855551 0.233777 0
0.852813 0.230743 0
0.848634 0.227864 0
0.845232 0.224218 0
0.840581 0.222386 0
0.838226 0.218137 0
0.833146 0.218423 0
0.828152 0.218298 0
0.825363 0.21652 0
0.822062 0.216822 0
0.820326 0.215513 0
0.816993 0.214755 0
0.814089 0.214203 0
0.811466 0.212912 0
0.810277 0.2123 0
0.808649 0.212103 0
0.806371 0.211344 0
0.803913 0.211053 0
0.802324 0.210147 0
0.799534 0.209778 0
0.797398 0.209068 0
0.796594 0.208719 1
0.7961 0.206898 0
0.794819 0.206206 0
0.79284 0.205248 0
0.791748 0.202123 0
0.79085 0.198522 0
0.790739 0.195719 0
0.788529 0.192983 0
0.787462 0.190357 0
0.786415 0.187976 0
0.785026 0.184222 0
0.78542 0.179323 0
0.782536 0.175227 0
0.780495 0.172558 0
0.77714 0.168752 0
0.77425 0.166831 0
0.772532 0.16387 0
0.768172 0.161658 0
0.764066 0.161772 0
0.761741 0.160807 0
0.758273 0.16166 1
0.757597 0.164921 0
0.75552 0.165496 0
0.755584 0.169965 0
0.752219 0.17011 0
0.750497 0.17252 0
0.751675 0.178426 0
0.74444 0.170876 0
0.739828 0.172519 0
0.74168 0.185423 0
0.741677 0.181272 1
0.741267 0.18146 0
0.741092 0.181576 0
0.738998 0.18224 0
0.738182 0.182562 0
0.736456 0.183456 0
0.736066 0.183607 0
0.732649 0.185854 0
0.725464 0.189554 0
0.719778 0.191079 0
0.717328 0.191958 0
0.716059 0.193418 0
0.707985 0.197878 0
0.703728 0.199749 0
0.69963 0.202777 0
0.698983 0.203372 0
0.702936 0.201387 0
0.700676 0.203524 0
0.699314 0.204606 0
0.698367 0.205133 0
0.700135 0.203927 0
0.700789 0.20331 0
0.698567 0.205087 0
0.697617 0.206801 0
0.693658 0.20908 0
0.690818 0.213436 0
0.689742 0.216269 0
0.690658 0.21572 0
0.691069 0.215336 0
0.688153 0.219254 0
0.762702 0.407119 0
0.784328 0.411796 0
0.788291 0.414687 0
0.788122 0.414878 0
0.788145 0.414877 0
0.788146 0.414877 0
0.788146 0.414877 0
0.788146 0.414878 0
0.788146 0.414878 0
0.788146 0.414877 0
0.788144 0.414875 0
0.788141 0.414864 0
0.787995 0.414839 0
0.787737 0.414117 0
0.78801 0.414812 0
0.787903 0.414317 0
0.787197 0.413264 0
0.787672 0.414028 0
0.788146 0.414878 1
0.789078 0.417924 0
0.790837 0.421951 0
0.790186 0.42319 0
0.792208 0.427374 0
0.794687 0.431019 0
0.796589 0.434253 0
0.802544 0.442698 0
0.839808 0.453968 0
0.985417 0.814904 0
0.984124 0.888412 0
0.985546 0.901297 0
0.984909 0.903334 0
0.985187 0.903741 0
0.98518 0.903743 0
0.98518 0.903745 0
0.985181 0.903746 0
0.985181 0.903746 0
0.985181 0.903746 0
0.985181 0.903746 0
0.985181 0.903746 0
0.98518 0.903746 0
0.98518 0.903744 0
0.985173 0.903734 0
0.985211 0.903677 0
0.985229 0.903447 0
0.984293 0.90026 0
0.985512 0.90316 0
0.985171 0.903688 0
0.985185 0.903729 0
0.985183 0.903741 0
0.985181 0.903745 0
0.985181 0.903746 1
0.980878 0.891742 0
0.983405 0.881143 0
0.976536 0.903569 0
0.985825 0.910309 1
0.991998 0.914746 0
1 0.921357 0
0.973823 0.911436 0
0.992118 0.919402 0
0.983713 0.915698 0
0.982664 0.916225 1
0.962984 0.793395 0
0.937231 0.640596 0
0.887616 0.514363 0
0.913701 0.500609 1
0.914046 0.501002 0
0.914698 0.501099 0
0.915593 0.501868 0
0.916422 0.501978 0
0.916418 0.503031 0
0.918215 0.502544 0
0.917582 0.509416 0
0.919838 0.504677 0
0.922188 0.500388 0
0.924049 0.501644 0
0.928569 0.508041 0
0.93643 0.525759 0
0.944425 0.529159 0
0.971797 0.551791 0
0.957356 0.524032 0
0.93419 0.497668 1
0.936675 0.497126 0
0.938207 0.499205 1
0.728705 0 0
0.753675 0.0450637 1
0.745727 0.0291738 0
0.742622 0.0369432 0
0.743461 0.042931 0
0.750885 0.0476533 1
0.750401 0.0544641 0
0.755355 0.0580212 0
0.755552 0.0622717 0
0.756838 0.0644624 0
0.760086 0.0679772 0
0.762587 0.0710111 1
0.762587 0.0710111 0
0.762587 0.0710111 0
0.762587 0.0710111 0
0.762587 0.0710111 0
0.762587 0.0710111 0
0.762587 0.0710111 0
0.762587 0.0710111 0
0.762587 0.0710111 0
0.762587 0.0710111 0
0.762587 0.0710111 0
0.762587 0.0710111 0
0.762587 0.0710111 0
0.762587 0.0710116 0
0.762591 0.071013 0
0.762587 0.0710341 0
0.762723 0.0711428 0
0.762566 0.0716628 0
0.76507 0.0769273 0
0.788025 0.0458078 0
0.913851 0.356261 0
0.905037 0.430023 0
0.839219 0.0413622 0
0.828395 0.326095 0
0.87583 0.375568 0
0.885668 0.382867 0
0.883984 0.380469 0
0.883644 0.379902 0
0.883172 0.379128 0
0.883226 0.378585 0
0.882591 0.377469 0
0.881958 0.376095 0
0.881904 0.376101 0
0.881815 0.375773 0
0.881591 0.375285 1
0.881534 0.375285 0
0.881451 0.375368 0
0.881226 0.375513 0
0.880889 0.374869 0
0.880833 0.374786 0
0.88058 0.3747 0
0.880367 0.374518 0
0.880574 0.374147 0
0.881777 0.373651 0
0.881442 0.3837 0
0.934123 0.319328 0
