0.408546 0.331108 1
0.408689 0.331248 0
0.409003 0.331316 0
0.409177 0.331493 0
0.409488 0.331519 0
0.409635 0.331553 0
0.409876 0.331588 1
0.403882 0.326722 0
0.503451 0.093976 0
0.517574 0.0999821 0
0.514876 0.10103 0
0.514448 0.100921 0
0.51438 0.100831 0
0.514365 0.100807 0
0.514357 0.100803 1
0.51447 0.100591 0
0.514169 0.10077 0
0.515383 0.0997946 0
0.515697 0.0994663 0
0.515411 0.0993681 0
0.515531 0.0990069 0
0.515811 0.0985208 0
0.515933 0.0979584 0
0.517753 0.0966835 0
0.515039 0.0980207 0
0.514738 0.0982278 0
0.514702 0.0978941 0
0.515443 0.097061 0
0.514986 0.0970746 0
0.514734 0.0970314 0
0.514756 0.0966695 0
0.51401 0.0974733 0
0.513699 0.097556 0
0.513483 0.0977092 0
0.513776 0.0970293 0
0.513887 0.0960117 0
0.512998 0.0976164 0
0.512875 0.0975859 0
0.512844 0.0973937 1
0.51254 0.0972651 0
0.512444 0.0968633 0
0.512117 0.0965778 0
0.511747 0.0967418 0
0.51128 0.0962276 0
0.511423 0.097204 0
0.510994 0.0971509 0
0.510725 0.0968663 0
0.510391 0.0970576 0
0.510257 0.0976297 0
0.50931 0.0968542 0
0.50946 0.0975432 0
0.510232 0.0984287 0
0.508076 0.0986697 1
0.50964 0.0992113 0
0.507941 0.0991074 0
0.506761 0.0999289 0
0.509352 0.0994374 0
0.509024 0.0991833 0
0.508977 0.0992407 1
0.508771 0.100258 0
0.508863 0.0999063 1
0.505939 0.108383 0
0.408852 0.323947 1
0.408765 0.323569 0
0.408694 0.323268 0
0.408171 0.322675 0
0.408254 0.322001 0
0.408108 0.321553 0
0.408418 0.320881 1
0.408449 0.320873 0
0.408664 0.32075 0
0.407088 0.322353 0
0.40234 0.335454 0
0.380135 0.23598 0
0.368576 0.245068 1
0.369207 0.24406 0
0.369295 0.243371 0
0.369175 0.242482 0
0.369549 0.241823 0
0.370551 0.240502 0
0.371448 0.239572 0
0.372116 0.238837 0
0.372806 0.23794 0
0.374159 0.237719 0
0.37451 0.236566 0
0.375933 0.234678 0
0.378591 0.23453 0
0.376245 0.230356 0
0.479558 0.193728 0
0.401601 0.223208 0
0.386157 0.230572 0
0.385697 0.229397 0
0.385802 0.22854 0
0.386563 0.227851 0
0.386987 0.227239 0
0.387301 0.226031 0
0.387603 0.225572 1
0.387747 0.225441 0
0.387682 0.225403 0
0.387688 0.225509 0
0.387271 0.225549 0
0.392089 0.223082 0
0.499248 0.216802 0
0.496159 0.228002 0
0.49848 0.232266 0
0.503019 0.235992 0
0.510776 0.247768 0
0.512544 0.254785 0
0.514757 0.262954 0
0.519547 0.268735 0
0.521048 0.272969 0
0.522364 0.276291 0
0.524544 0.278664 0
0.528233 0.280916 0
0.529789 0.283106 0
0.530724 0.283227 0
0.532181 0.284085 1
0.535887 0.286892 0
0.541024 0.286665 0
0.544291 0.289005 0
0.550522 0.287963 0
0.586733 0.280847 0
0.588877 0.288048 1
0.592793 0.289032 0
0.594592 0.292692 0
0.598031 0.292128 0
0.600967 0.293421 0
0.603364 0.29284 0
0.617639 0.303486 0
0.618343 0.308604 0
0.619755 0.309572 1
0.623291 0.313297 0
0.627638 0.316636 0
0.62951 0.32015 0
0.635006 0.323524 0
0.636998 0.329714 0
0.636575 0.333692 0
0.642226 0.339577 0
0.64531 0.344539 0
0.64952 0.346178 0
0.651139 0.358656 0
0.655508 0.363988 0
0.660893 0.3715 0
0.662806 0.376827 0
0.66991 0.381175 1
0.672105 0.38186 0
0.75511 0.457988 0
0.761836 0.460051 0
0.842046 0.307296 0
0.794187 0.439603 0
0.77675 0.411652 0
0.772434 0.411435 0
0.771548 0.41019 1
0.790276 0.431046 0
0.827077 0.318534 1
0.828359 0.31758 0
0.818438 0.328687 0
0.820668 0.32781 0
0.823782 0.327552 0
0.825491 0.327561 0
0.825609 0.329231 0
0.824886 0.331366 0
0.823696 0.33371 0
0.822458 0.339407 0
0.828747 0.335156 1
0.885028 0.390345 0
0.897697 0.387518 0
0.928962 0.389273 0
0.894692 0.302094 1
0.896612 0.304834 0
0.903776 0.305718 0
0.90087 0.312062 0
0.901674 0.320054 0
0.896418 0.320764 0
0.890686 0.31836 1
1 0.200038 0
0.911336 0.235096 0
0.909017 0.242096 0
0.880511 0.253422 0
0.872848 0.256491 0
0.861168 0.262467 1
0.858933 0.260934 0
0.857956 0.258257 0
0.855535 0.255238 0
0.852766 0.252737 0
0.850562 0.249937 0
0.844072 0.252926 0
0.839082 0.250513 0
0.834989 0.249639 1
0.831197 0.244086 0
0.824919 0.241586 1
0.78995 0.214891 0
0.755409 0.398795 1
0.175051 0.204335 0
0.192585 0.191108 1
0.183022 0.193859 0
0.197183 0.197729 1
0.201539 0.197397 0
0.204134 0.200995 0
0.202853 0.208955 0
0.21417 0.198229 0
0.2052 0.214946 0
0.206125 0.215566 1
0.208161 0.21701 0
0.209812 0.218459 0
0.215902 0.214903 0
0.221401 0.211705 0
0.220805 0.216696 0
0.220624 0.220744 0
0.221947 0.223147 0
0.220404 0.227404 0
0.223687 0.227922 0
0.225333 0.229975 1
0.226945 0.230121 0
0.230478 0.230933 0
0.233509 0.229986 0
0.23931 0.228842 0
0.2539 0.212052 0
0.26252 0.204319 0
0.270505 0.20357 0
0.27515 0.198686 0
0.277584 0.19416 0
0.283361 0.192991 0
0.289368 0.192349 0
0.292332 0.194186 0
0.297575 0.193922 0
0.303804 0.19615 0
0.308072 0.197209 0
0.312297 0.197498 1
0.315792 0.19191 0
0.317733 0.197002 0
0.320452 0.198247 0
0.324352 0.19715 0
0.327255 0.198175 0
0.330147 0.200439 0
0.332778 0.202123 0
0.335656 0.203732 0
0.340991 0.204325 0
0.343057 0.206764 1
0.351052 0.213314 0
0.228325 0.307623 0
0.238569 0.305131 0
0.307733 0.362935 0
0.310029 0.359285 0
0.227165 0.324153 0
0.233759 0.338769 0
0.240533 0.335418 0
0.439851 0.395323 0
0.314916 0.364016 0
0.334762 0.353817 0
0.347799 0.266925 1
0.339669 0.260251 0
0.357512 0.218699 0
0.341113 0.265225 0
0.349491 0.270057 0
0.347301 0.270214 0
0.344161 0.258552 0
0.38652 0.182175 0
0.389969 0.199201 0
0.397628 0.186039 0
0.403798 0.181478 0
0.425133 0.199392 0
0.211081 0.49993 0
0.125381 0.571433 0
0.39777 0.179758 0
0.27208 0.410161 0
0.30769 0.397573 0
0.309929 0.403056 0
0.312108 0.416439 0
0.352075 0.328059 0
0.330239 0.373248 0
0.364996 0.401247 0
0.419049 0.369113 0
0.402735 0.370791 0
0.36195 0.309976 0
0.361106 0.304969 0
0.411642 0.257172 0
0.358644 0.270885 0
0.36264 0.310923 0
0.39904 0.269678 0
0.421239 0.283112 0
0.363192 0.300027 0
0.372031 0.300404 1
0.371193 0.298829 0
0.372086 0.298111 0
0.372121 0.297162 0
0.374644 0.297247 0
0.377165 0.303313 0
0.361442 0.289764 0
0.374579 0.291731 0
0.349391 0.390201 0
0.357713 0.298443 0
0.380136 0.296643 0
0.367697 0.28183 0
0.370129 0.279429 1
0.361956 0.289017 0
0.479313 0.0438804 0
0.429605 0.0514667 0
0.429916 0.0410275 0
0.42163 0.0223861 0
0.380175 0.288928 0
0.388867 0.293819 0
0.388628 0.293948 1
0.42397 0.339662 0
0.427919 0.329169 0
0.42876 0.325799 0
0.430085 0.333196 0
0.669437 0.472074 0
0.455394 0.335113 0
0.432514 0.320208 0
0.435438 0.318769 1
0.463266 0.32893 0
0.277452 0.267651 0
0.310093 0.28317 0
0.314264 0.285497 0
0.287065 0.256286 0
0.36996 0.121535 0
0.358423 0.118427 0
0.361635 0.124706 0
0.360823 0.128599 0
0.362136 0.134998 0
0.360431 0.141299 0
0.362564 0.147923 0
0.366758 0.15576 0
0.349696 0.134139 0
0 0.421322 0
0.355329 0.137228 0
0.329375 0.237521 0
0.143823 0.403163 0
0.244776 0.328419 0
0.221212 0.336452 0
0.24127 0.32542 0
0.236057 0.329631 0
0.237154 0.333417 0
0.234282 0.337386 0
0.236735 0.343016 0
0.30888 0.36563 0
0.326538 0.34664 0
0.332501 0.348541 0
0.325229 0.349269 0
0.323075 0.307056 1
0.34386 0.242229 0
0.346546 0.239452 0
0.409151 0.270848 0
0.375784 0.201372 1
0.38088 0.194374 0
0.382709 0.196674 0
0.392472 0.177502 0
0.400173 0.15026 0
0.32852 0.35064 0
0.332443 0.34897 1
0.362726 0.18526 0
0.380913 0.206092 0
0.38803 0.196292 0
0.395545 0.189517 0
0.401041 0.183579 0
0.40587 0.177773 0
0.379218 0.182645 0
0.317616 0.350578 0
0.393184 0.385783 0
0.394622 0.385533 0
0.39522 0.383245 0
0.394444 0.382345 0
0.394731 0.38002 0
0.394348 0.378572 0
0.392951 0.378046 0
0.391949 0.376709 1
0.387744 0.379005 0
0.35271 0.411306 0
0.360256 0.413335 0
0.42743 0.426849 0
0.426714 0.421545 0
0.383313 0.37594 0
0.390743 0.372617 0
0.389535 0.371422 0
0.391396 0.369407 0
0.391373 0.368786 0
0.401966 0.359177 0
0.418988 0.271249 0
0.398536 0.264173 0
0.395707 0.25958 0
0.371703 0.348713 0
0.39963 0.361817 0
0.388439 0.351497 0
0.345886 0.389868 0
0.399536 0.353024 0
0.398332 0.356742 0
0.399498 0.355306 0
0.398076 0.35298 0
0.397319 0.349423 0
0.401607 0.352669 0
0.403272 0.353031 0
0.403729 0.350571 0
0.418787 0.297459 0
0.37731 0.277028 0
0.369362 0.292388 0
0.574186 0.411875 0
0.537778 0.357068 0
0.573533 0.433884 0
0.373137 0.35159 0
0.442808 0.054283 0
0.453169 0.333931 0
0.416405 0.339992 1
0.417006 0.34025 0
0.417811 0.340315 0
0.41692 0.342005 0
0.430254 0.333929 0
0.537468 0.35883 0
0.545373 0.360269 0
0.440538 0.329869 0
0.443852 0.336566 1
0.30454 0.276782 0
0.318613 0.273602 1
0.314477 0.270949 0
0.311593 0.268007 1
0.307411 0.268974 0
0.306993 0.268081 0
0.310949 0.265748 0
0.31035 0.265017 0
0.306672 0.262185 0
0.310373 0.262265 0
0.314403 0.263011 0
0.312456 0.262937 1
0.323751 0.291488 0
0.270422 0.311535 0
0.3702 0.40148 0
0.370278 0.387431 0
0.380038 0.392347 0
0.250879 0.353126 0
0.273296 0.327181 0
0.277078 0.324626 0
0.241483 0.369458 0
0.496134 0.359275 0
0.463783 0.369633 0
0.46178 0.378255 0
0.221218 0.375629 0
0.248007 0.346401 0
0.247024 0.354631 0
0.245654 0.35706 0
0.246009 0.359363 0
0.247735 0.36466 0
0.256578 0.363572 0
0.220699 0.398098 0
0.366888 0.398312 0
0.366252 0.385989 1
0.370838 0.38596 0
0.311894 0.355286 0
0.393754 0.404988 0
0.283553 0.369975 0
0.304443 0.358845 0
0.39183 0.40271 0
0.412666 0.260204 0
0.405717 0.27486 0
0.404919 0.25766 0
0.4005 0.177012 0
0.390378 0.19632 0
0.388653 0.198992 0
0.392943 0.193253 0
0.413839 0.140069 0
0.246781 0.495164 0
0.221054 0.48901 0
0.418568 0.39851 0
0.412256 0.396073 1
0.41263 0.396687 0
0.413618 0.397649 0
0.417757 0.398933 0
0.47809 0.395398 0
0.482103 0.397289 0
0.482617 0.398375 1
0.480842 0.402887 0
0.483103 0.411425 0
0.480405 0.425482 0
0.47549 0.435987 0
0.464886 0.431957 0
0.454625 0.446131 1
0.451528 0.446405 0
0.449833 0.443726 0
0.446389 0.444805 0
0.443055 0.445505 0
0.43968 0.443646 0
0.437649 0.441014 0
0.435873 0.440106 0
0.430603 0.440714 0
0.433694 0.432343 0
0.432656 0.428193 0
0.429014 0.430941 0
0.431276 0.423496 0
0.42808 0.42758 0
0.426597 0.424454 1
0.426578 0.424466 0
0.426491 0.424393 0
0.425889 0.425701 0
0.419501 0.425578 0
0.367679 0.45897 0
0.457505 0.147697 0
0.361725 0.498977 0
0.416334 0.437891 0
0.426055 0.436711 0
0.348955 0.411138 0
0.358239 0.459053 0
0.435535 0.156587 0
0.367776 0.361005 0
0.383059 0.323392 0
0.354943 0.289732 0
0.37197 0.254766 0
0.36615 0.258296 0
0.368671 0.253227 0
0.394786 0.322317 0
0.355208 0.286006 0
0.359973 0.271648 0
0.363751 0.2613 0
0.358614 0.276055 0
0.356916 0.281225 0
0.392392 0.317267 0
0.392939 0.313939 0
0.393291 0.313836 0
0.393342 0.313405 1
0.393016 0.312307 0
0.393556 0.311381 0
0.39282 0.31003 0
0.392973 0.308818 0
0.392951 0.308071 0
0.392823 0.308753 0
0.399441 0.318627 0
0.490413 0.298728 0
0.516752 0.344283 0
0.527874 0.351658 0
0.404343 0.298182 0
0.504636 0 0
0.306328 0.170438 0
0.413205 0.071002 0
0.302586 0.220501 0
0.263713 0.253698 0
0.398674 0.296572 0
0.430861 0.340864 0
0.425541 0.342597 0
0.390751 0.277645 0
0.335397 0.304671 0
0.386973 0.289794 0
0.434972 0.34812 0
0.42776 0.344422 1
0.428838 0.344784 0
0.430388 0.34481 0
0.432132 0.34601 0
0.432548 0.345889 0
0.434355 0.34702 0
0.436724 0.349066 0
0.444509 0.355854 0
0.457218 0.349983 0
0.343876 0.301741 0
0.336782 0.310769 1
0.31222 0.28468 0
0.318152 0.284023 0
0.317921 0.285425 0
0.313673 0.288907 0
0.289601 0.295956 0
0.337144 0.315823 0
0.292422 0.302496 0
0.2952 0.30203 0
0.295762 0.310348 0
0.297632 0.314611 0
0.318202 0.322675 0
0.318894 0.322056 0
0.318026 0.321936 0
0.319899 0.32366 0
0.330421 0.284302 0
0.316028 0.322877 1
0.315997 0.322937 0
0.31549 0.323358 0
0.314293 0.324021 0
0.317941 0.329632 0
0.283027 0.311962 0
0.425243 0.261405 0
0.399629 0.193878 0
0.404841 0.181313 0
0.405721 0.183658 0
0.408093 0.181444 0
0.410929 0.17672 0
0.41769 0.172264 0
0.420523 0.278302 0
0.417541 0.264885 0
0.333185 0.281051 0
0.331731 0.275081 0
0.332134 0.275943 0
0.332947 0.276088 0
0.333948 0.275891 0
0.334445 0.276443 1
0.341737 0.285945 0
0.361092 0.321532 0
0.353475 0.335825 0
0.40881 0.267596 0
0.404418 0.278611 0
0.402574 0.278576 0
0.40254 0.278435 0
0.40254 0.278431 0
0.40254 0.27843 0
0.40254 0.27843 0
0.40254 0.27843 0
0.40254 0.27843 0
0.40254 0.27843 0
0.40254 0.27843 0
0.40254 0.27843 0
0.40254 0.27843 0
0.40254 0.27843 0
0.40254 0.27843 1
0.402564 0.277438 0
0.402178 0.277425 0
0.403779 0.273908 0
0.410228 0.276508 0
0.347483 0.294674 0
0.355086 0.284656 0
0.351904 0.289234 0
0.339987 0.28384 0
0.352564 0.289393 0
0.356786 0.339276 0
0.409039 0.278022 0
0.406448 0.275749 0
0.334096 0.275768 0
0.33447 0.276643 0
0.333832 0.276234 0
0.338412 0.279196 0
0.354956 0.291317 0
0.362323 0.337138 0
0.367046 0.333793 0
0.367627 0.334637 0
0.36823 0.334789 0
0.368661 0.334615 0
0.369063 0.334876 0
0.369213 0.334706 0
0.369385 0.334976 0
0.369897 0.335128 1
0.37099 0.335717 0
0.371777 0.336193 0
0.372414 0.337173 0
0.37327 0.338145 0
0.373619 0.338999 0
0.373824 0.339857 0
0.374448 0.341361 0
0.374808 0.341987 0
0.375178 0.343124 0
0.374648 0.344411 0
0.376288 0.343787 0
0.368369 0.349586 0
0.356835 0.388011 0
0.361355 0.388606 0
0.361287 0.388482 0
0.36035 0.3889 0
0.372627 0.377552 0
0.373141 0.376276 0
0.372578 0.377026 0
0.372377 0.377882 0
0.372218 0.379465 0
0.362739 0.386531 0
0.361306 0.388319 0
0.360314 0.388693 0
0.359053 0.387291 0
0.37321 0.375878 0
0.371622 0.378852 0
0.373465 0.377793 0
0.360863 0.388289 0
0.371544 0.379891 1
0.37153 0.379696 0
0.371436 0.37967 0
0.371401 0.37963 0
0.371231 0.379263 0
0.371178 0.379124 0
0.36969 0.378601 0
0.358729 0.388528 0
0.361444 0.38789 0
0.362075 0.3874 0
0.362223 0.387326 0
0.360938 0.38783 0
0.361991 0.385897 0
0.362414 0.386364 0
0.362434 0.386481 0
0.362474 0.386561 0
0.362413 0.386478 0
0.362297 0.386389 0
0.362181 0.386307 0
0.362016 0.386206 0
0.362357 0.386426 0
0.361979 0.386244 0
0.362368 0.386501 0
0.362091 0.386368 0
0.36235 0.386566 0
0.362408 0.386593 0
0.36247 0.386674 0
0.362407 0.386639 0
0.362422 0.386663 0
0.362474 0.386751 0
0.362459 0.38674 0
0.362461 0.386744 0
0.362461 0.386744 0
0.362461 0.386744 0
0.362461 0.386744 0
0.362461 0.386744 0
0.362461 0.386744 0
0.362461 0.386744 0
0.362461 0.386744 1
0.362332 0.386696 0
0.361937 0.386879 0
0.361356 0.386726 0
0.361159 0.386602 0
0.361103 0.386534 0
0.361112 0.386569 0
0.361708 0.386197 0
0.361897 0.37473 0
0.362021 0.375074 0
0.357922 0.386672 0
0.35875 0.385453 0
0.358561 0.385023 0
0.358518 0.384345 0
0.358456 0.384038 0
0.357934 0.383777 0
0.357187 0.381833 0
0.356653 0.380889 0
0.359788 0.374387 0
0.36012 0.374431 0
0.360186 0.373945 0
0.360082 0.373761 0
0.360341 0.373209 1
0.360322 0.373174 0
0.360338 0.373207 0
0.36034 0.373207 0
0.360329 0.373192 0
0.360281 0.373039 0
0.360306 0.372965 0
0.360315 0.373108 0
0.360352 0.373189 0
0.360341 0.37321 0
0.360341 0.373209 0
0.360341 0.373209 0
0.360341 0.373209 0
0.360341 0.373209 0
0.360341 0.373209 0
0.360342 0.37321 0
0.360353 0.373213 0
0.36034 0.373115 0
0.360277 0.373009 0
0.360183 0.372954 0
0.360236 0.373012 0
0.360287 0.373099 0
0.360446 0.373121 0
0.36048 0.373129 0
0.360396 0.37318 0
0.360346 0.373195 0
0.360477 0.373168 0
0.360654 0.373227 0
0.361126 0.372816 0
0.361188 0.372776 0
0.361312 0.372772 0
0.361482 0.372579 0
0.361351 0.372445 0
0.360968 0.372298 0
0.360769 0.372444 0
0.360703 0.372411 0
0.359982 0.373384 0
0.383348 0.346467 0
0.352838 0.298471 0
0.355437 0.286284 0
0.357426 0.278936 0
0.357092 0.27853 0
0.370948 0.262006 0
0.358595 0.275319 0
0.360022 0.272166 0
0.371172 0.25894 0
0.371986 0.25957 0
0.373582 0.257772 0
0.372339 0.258983 0
0.372121 0.259648 0
0.376853 0.253649 0
0.377714 0.25419 0
0.377564 0.254345 0
0.377433 0.254398 0
0.377484 0.254422 0
0.377584 0.254394 0
0.37771 0.254426 0
0.377761 0.254391 0
0.377661 0.254116 0
0.377406 0.253878 0
0.377152 0.253953 0
0.377265 0.253922 0
0.377308 0.25419 0
0.378036 0.253816 0
0.377748 0.253637 0
0.377586 0.253427 0
0.377435 0.253461 0
0.377827 0.253631 0
0.377668 0.253584 0
0.377638 0.253599 0
0.377635 0.253603 0
0.377636 0.253604 0
0.377636 0.253604 0
0.377635 0.253599 0
0.377636 0.253603 1
0.37763 0.253696 0
0.377635 0.253622 0
0.377608 0.253631 0
0.37741 0.253787 0
0.377391 0.253968 0
0.377418 0.253874 0
0.377431 0.254014 0
0.37725 0.254234 0
0.377093 0.254245 0
0.376955 0.254935 0
0.376665 0.255067 0
0.37655 0.255204 0
0.376333 0.255084 0
0.37652 0.254488 0
0.376815 0.254132 0
0.376807 0.25431 0
0.376288 0.254741 0
0.376369 0.254978 0
0.376483 0.254936 0
0.376354 0.254884 0
0.376293 0.254807 0
0.376236 0.254836 0
0.376241 0.254632 0
0.37629 0.254338 0
0.376116 0.254457 0
0.376768 0.253378 0
0.382844 0.257408 0
0.366318 0.362444 0
0.384107 0.346336 0
0.377962 0.356604 0
0.381841 0.258823 0
0.372941 0.259817 0
0.375509 0.256058 0
0.374753 0.257438 0
0.374746 0.257678 0
0.374603 0.258076 0
0.374078 0.258699 0
0.37588 0.257345 0
0.372237 0.26099 0
0.373307 0.259725 0
0.372997 0.259346 0
0.372213 0.259477 0
0.372057 0.259768 0
0.372097 0.259955 0
0.372099 0.260091 0
0.372045 0.260055 0
0.372034 0.260161 0
0.372036 0.260296 0
0.372053 0.260351 0
0.372076 0.260538 0
0.372118 0.260709 0
0.372137 0.260717 0
0.372237 0.260371 0
0.372358 0.260139 0
0.372381 0.26008 0
0.372616 0.259752 0
0.372614 0.259645 0
0.372552 0.259726 0
0.372287 0.260197 0
0.372201 0.260333 0
0.372236 0.260243 0
0.372399 0.260089 0
0.374177 0.25758 0
0.37986 0.254507 0
0.380159 0.25455 0
0.380527 0.254547 0
0.380792 0.254366 0
0.380563 0.254295 0
0.380733 0.253774 0
0.380491 0.254335 0
0.372487 0.259897 0
0.372792 0.259164 0
0.372297 0.25927 0
0.372355 0.259571 0
0.372391 0.2595 0
0.372381 0.25952 0
0.37229 0.259529 0
0.372199 0.259611 0
0.372153 0.259709 0
0.372063 0.259821 0
0.372015 0.260035 0
0.371974 0.260288 0
0.371927 0.26029 0
0.37186 0.260309 0
0.37186 0.260346 0
0.371973 0.260497 0
0.372078 0.260712 0
0.372162 0.260632 0
0.372103 0.260645 0
0.372116 0.260735 1
