0.704583 0.512033 0
0.702731 0.509989 0
0.701425 0.509109 0
0.704574 0.512147 0
0.704206 0.511358 0
0.704945 0.511784 0
0.70795 0.51394 0
0.708077 0.512805 0
0.70896 0.512736 0
0.709252 0.51404 0
0.705942 0.512672 0
0.705447 0.512111 0
0.705273 0.51232 0
0.704037 0.509561 0
0.704938 0.510467 1
0.704498 0.509386 0
0.708749 0.513019 0
0.708278 0.513106 0
0.704111 0.509626 0
0.703596 0.509252 0
0.703708 0.508975 0
0.703999 0.509967 0
0.70002 0.506993 0
0.702335 0.509855 0
0.706767 0.515402 0
0.707725 0.515649 0
0.701425 0.512503 0
0.701483 0.51011 0
0.700344 0.509103 0
0.700675 0.509943 0
0.699384 0.509197 0
0.697375 0.508168 0
0.697857 0.508754 0
0.694188 0.50739 0
0.691531 0.505032 0
0.689454 0.50284 0
0.688771 0.50374 0
0.686483 0.501381 0
0.683941 0.499404 0
0.680744 0.496324 0
0.680452 0.49887 0
0.673199 0.495611 0
0.672914 0.495586 0
0.664185 0.488267 0
0.666006 0.48794 0
0.66409 0.487107 0
0.663864 0.48678 0
0.662208 0.484572 0
0.663028 0.485078 0
0.666258 0.487457 0
0.674185 0.493444 0
0.671286 0.488279 0
0.681412 0.495365 0
0.687979 0.500072 0
0.695224 0.504731 0
0.695791 0.504815 0
0.680276 0.492743 0
0.696963 0.505885 0
0.710167 0.517005 0
0.700612 0.510239 0
0.701129 0.510666 1
0.711795 0.519248 0
0.721443 0.526411 0
0.714595 0.519155 0
0.714496 0.51834 0
0.714634 0.517238 0
0.716314 0.519921 0
0.722914 0.52464 0
0.723225 0.525314 0
0.722821 0.524048 0
0.728348 0.530359 0
0.736018 0.535003 0
0.725497 0.527013 0
0.716577 0.515363 0
0.713765 0.517142 0
0.709181 0.513641 0
0.710479 0.51407 0
0.705176 0.509524 0
0.695629 0.50149 0
0.690101 0.497184 0
0.688339 0.495409 0
0.685769 0.492815 0
0.678424 0.485592 0
0.658095 0.46626 0
0.651919 0.461732 0
0.666184 0.476446 0
0.669942 0.481052 0
0.668263 0.476806 0
0.67749 0.483282 0
0.688194 0.491131 0
0.69573 0.496893 0
0.706788 0.506275 0
0.720543 0.51888 1
0.728831 0.522099 0
0.736301 0.525387 0
0.744646 0.530415 0
0.750906 0.536757 0
0.757385 0.543698 0
0.76643 0.551493 0
0.770952 0.555068 0
0.77471 0.558995 0
0.773737 0.556805 0
0.769743 0.552839 0
0.768764 0.55146 0
0.766527 0.548984 0
0.756086 0.542174 0
0.746992 0.536419 0
0.746451 0.536214 0
0.746131 0.53641 0
0.740485 0.535448 0
0.731713 0.532051 0
0.718025 0.521813 0
0.727478 0.528713 0
0.72225 0.524601 0
0.721694 0.520822 1
0.737119 0.53278 0
0.743886 0.537367 0
0.737017 0.533539 0
0.745484 0.538355 0
0.74744 0.545021 0
0.742184 0.53749 0
0.735984 0.530325 0
0.736236 0.528848 0
0.743337 0.533955 0
0.731139 0.528196 0
0.734052 0.533538 0
0.73255 0.535933 0
0.730977 0.536944 0
0.731205 0.5383 0
0.72981 0.542717 0
0.727243 0.542219 0
0.726883 0.54473 0
0.723539 0.539617 0
0.729324 0.541259 0
0.721782 0.536082 0
0.704933 0.528748 0
0.692778 0.522667 0
0.705656 0.533886 0
0.711599 0.538045 0
0.710272 0.537629 0
0.710632 0.53664 0
0.714825 0.538506 0
0.715998 0.54011 0
0.710369 0.539592 0
0.709738 0.539391 0
0.708621 0.533846 0
0.704925 0.531714 0
0.705833 0.529997 0
0.723693 0.541476 0
0.717706 0.540616 0
0.706342 0.530014 0
0.700028 0.525361 0
0.699558 0.52598 0
0.700911 0.527344 0
0.698949 0.521395 0
0.694538 0.516759 0
0.693834 0.514912 1
0.700017 0.520732 0
0.700068 0.52228 0
0.706306 0.527894 0
0.715951 0.534333 0
0.723149 0.541514 0
0.728596 0.546471 0
0.728056 0.546809 0
0.727775 0.546109 0
0.721827 0.540209 0
0.72189 0.539168 0
0.716455 0.534255 0
0.721192 0.538753 0
0.713338 0.532271 0
0.70564 0.524906 0
0.70035 0.519526 0
0.690646 0.511433 0
0.686034 0.507495 0
0.687137 0.508429 0
0.684197 0.505645 0
0.686594 0.507806 0
0.664803 0.50571 0
0.666011 0.506094 0
0.668212 0.508225 0
0.66423 0.506146 0
0.65947 0.504465 0
0.682058 0.510428 0
0.705812 0.524789 0
0.665013 0.50559 0
0.663754 0.505044 0
0.656922 0.499795 0
0.644045 0.489634 0
0.640822 0.48402 0
0.640706 0.480351 0
0.675481 0.499763 0
0.677442 0.499392 0
0.650431 0.481095 0
0.62584 0.467386 0
0.621193 0.466111 0
0.615066 0.460788 0
0.615742 0.460346 0
0.599265 0.446238 0
0.599822 0.44175 0
0.606183 0.442873 0
0.600949 0.441026 0
0.593617 0.43642 0
0.589766 0.432352 0
0.592715 0.433837 0
0.589847 0.430653 0
0.585875 0.428999 0
0.593233 0.435481 0
0.603053 0.442306 0
0.614232 0.448799 0
0.626545 0.457502 0
0.62561 0.459538 0
0.641566 0.468342 0
0.646166 0.472247 0
0.651218 0.476882 0
0.662282 0.484889 0
0.670154 0.489625 0
0.669458 0.493139 0
0.679374 0.499473 0
0.671593 0.498626 0
0.68554 0.507059 0
0.703814 0.516977 0
0.70857 0.520731 0
0.70888 0.519493 0
0.708967 0.519551 0
0.710345 0.522459 0
0.709566 0.521252 0
0.709739 0.523733 1
0.711349 0.526338 0
0.726114 0.536758 0
0.729473 0.543806 0
0.738385 0.549152 0
0.740694 0.551689 0
0.735228 0.547895 0
0.743086 0.553833 0
0.759804 0.565468 0
0.748402 0.555744 0
0.747034 0.552657 0
0.752822 0.555861 0
0.754793 0.557251 0
0.758636 0.560291 0
0.764646 0.564712 0
0.762593 0.564198 0
0.758762 0.563765 0
0.759015 0.56238 0
0.763798 0.565034 0
0.759776 0.559989 0
0.752122 0.553958 0
0.751498 0.554015 0
0.732148 0.539172 0
0.741144 0.550223 0
0.738618 0.543676 0
0.733119 0.535924 0
0.732788 0.532392 0
0.732373 0.528239 0
0.729062 0.526576 0
0.730681 0.524289 0
0.709397 0.50528 0
0.714512 0.50896 0
0.700749 0.492425 0
0.702762 0.493373 0
0.687731 0.480083 0
0.701472 0.490574 0
0.711456 0.499072 0
0.708572 0.494702 0
0.718637 0.505514 0
0.718965 0.508056 0
0.743973 0.53426 0
0.749121 0.539326 0
0.73854 0.530681 0
0.740355 0.532796 0
0.741356 0.534158 0
0.740273 0.534753 0
0.742167 0.542537 0
0.73857 0.543735 0
0.741695 0.54847 0
0.745321 0.554133 0
0.754511 0.566023 0
0.743916 0.560855 0
0.711444 0.534716 0
0.686978 0.514001 0
0.676931 0.508634 1
0.697589 0.537491 0
0.686929 0.534145 0
0.68755 0.539325 0
0.681664 0.540282 0
0.695482 0.555 0
0.688895 0.551253 0
0.684304 0.542819 0
0.660665 0.528906 0
0.648007 0.518088 0
0.62137 0.489831 0
0.62262 0.484943 0
0.629542 0.472197 0
0.639194 0.465892 0
0.643058 0.465227 0
0.629395 0.450397 0
0.63229 0.439167 0
0.645647 0.459601 0
0.666777 0.488389 0
0.664322 0.496294 0
0.658165 0.495932 0
0.645089 0.487526 0
0.654372 0.490865 1
0.643879 0.484651 0
0.635502 0.471812 0
0.61558 0.443578 0
0.608801 0.436393 0
0.602738 0.432844 0
0.586222 0.427066 0
0.558113 0.398493 0
0.574711 0.418134 0
0.586098 0.431201 0
0.619901 0.455628 0
0.637025 0.485098 0
0.647767 0.487999 1
0.65245 0.490052 0
0.655552 0.505383 0
0.640257 0.492117 0
0.634459 0.489498 0
0.626991 0.491417 0
0.623695 0.490841 0
0.613008 0.477871 0
0.592098 0.45062 0
0.609983 0.465721 0
0.635574 0.484678 0
0.648814 0.482747 0
0.655533 0.489566 1
0.671802 0.507431 0
0.681957 0.519462 0
0.678585 0.502505 0
0.690425 0.505013 0
0.690798 0.498721 0
0.681223 0.489564 0
0.680495 0.490188 0
0.691608 0.503107 1
0.720565 0.526258 0
0.735104 0.538751 0
0.746025 0.549995 0
0.759348 0.563125 0
0.777025 0.575839 0
0.781565 0.574765 0
0.744186 0.531012 0
0.734077 0.522349 0
0.727026 0.520837 0
0.700392 0.505412 1
0.698483 0.513684 0
0.668639 0.510936 0
0.621343 0.484792 0
0.602177 0.493344 0
0.602279 0.467947 0
0.594834 0.441829 0
0.637647 0.47429 0
0.646344 0.471407 0
0.6458 0.460616 0
0.696487 0.501272 1
0.683066 0.488894 0
0.676535 0.484961 0
0.66705 0.478556 0
0.682097 0.491523 0
0.70872 0.516809 0
0.7473 0.564482 0
0.731157 0.549388 0
0.695416 0.511238 0
0.685117 0.499008 0
0.702045 0.511743 1
0.738916 0.541485 0
0.764271 0.575643 0
0.768575 0.58602 0
0.781816 0.596882 0
0.759284 0.57898 0
0.693295 0.516328 1
0.70621 0.550326 0
0.73106 0.595126 0
0.77019 0.656707 0
0.743969 0.631541 0
0.70772 0.58728 0
0.692488 0.563724 0
0.68121 0.54663 0
0.664265 0.520717 1
0.668693 0.513006 0
0.678146 0.505517 0
0.690269 0.498859 0
0.699645 0.507683 0
0.704966 0.516236 0
0.698403 0.518104 0
0.675986 0.504091 0
0.685948 0.519563 0
0.699789 0.534444 0
0.71362 0.550406 0
0.737189 0.573126 0
0.735045 0.576744 0
0.724634 0.576037 0
0.719503 0.577972 0
0.721097 0.586584 0
0.706419 0.577457 0
0.713178 0.588088 0
0.714882 0.594284 0
0.703971 0.58388 0
0.69216 0.574941 0
0.675294 0.563212 0
0.668139 0.557167 0
0.647717 0.53979 0
0.606205 0.50353 0
0.59667 0.495283 0
0.577528 0.479653 0
0.618755 0.516627 0
0.601043 0.508695 1
0.566529 0.47543 0
0.560394 0.46823 0
0.55838 0.46646 0
0.563585 0.46981 0
0.567605 0.47076 0
0.567729 0.467325 0
0.566227 0.469535 0
0.562219 0.471358 0
0.530043 0.452413 0
0.508002 0.442102 0
0.534675 0.478624 0
0.576801 0.532478 1
0.574358 0.535085 0
0.589352 0.558044 0
0.622803 0.610383 0
0.610225 0.615891 0
0.596097 0.606792 0
0.570044 0.569183 0
0.556637 0.523497 0
0.574015 0.525642 1
0.608282 0.550323 0
0.611212 0.547281 0
0.606897 0.542408 0
0.615839 0.547892 0
0.62365 0.552547 0
0.610314 0.536276 0
0.598038 0.517098 0
0.607265 0.522402 0
0.610013 0.517099 0
0.599637 0.508477 1
0.607927 0.537499 0
0.572507 0.531799 0
0.522658 0.470886 0
0.575214 0.480787 0
0.603638 0.469319 0
0.615322 0.478652 0
0.621606 0.497424 0
0.638951 0.520809 1
0.675131 0.554931 0
0.68755 0.562563 0
0.69671 0.564756 0
0.701976 0.572363 0
0.710644 0.577755 0
0.710319 0.575808 0
0.712357 0.572575 0
0.744515 0.605945 0
0.754117 0.631474 0
0.730805 0.601361 0
0.707025 0.575619 0
0.681222 0.555102 0
0.661992 0.535931 0
0.654576 0.525856 1
0.608765 0.483069 0
0.530666 0.422644 0
0.466272 0.369509 0
0.425213 0.313088 0
0.372665 0.253929 0
0.311762 0.183707 0
0.311421 0.171293 0
0.337969 0.19656 0
0.308668 0.170032 0
0.299039 0.162324 0
0.289479 0.157504 0
0.260309 0.133874 0
0.21897 0.0994092 0
0.217055 0.10984 0
0.260384 0.22039 0
0.281748 0.305939 0
0.378794 0.386958 0
0.44346 0.41986 0
0.45371 0.400598 0
0.493198 0.415694 0
0.557081 0.462894 0
0.599114 0.498984 1
0.601999 0.503668 0
0.581102 0.480383 0
0.563627 0.462832 0
0.638484 0.531619 0
0.624962 0.516052 0
0.59576 0.499534 0
0.532078 0.449244 0
0.492646 0.408827 0
0.470663 0.397802 0
0.432012 0.366434 0
0.466649 0.392825 0
0.436372 0.366455 0
0.382452 0.311832 0
0.370289 0.305303 0
0.421682 0.349739 0
0.473414 0.387387 0
0.454553 0.371918 0
0.461425 0.37996 0
0.449069 0.366788 0
0.445462 0.360329 0
0.450871 0.365971 0
0.480103 0.387939 0
0.488894 0.39416 0
0.492209 0.394065 0
0.499962 0.401666 0
0.513449 0.418785 0
0.527794 0.430548 0
0.528627 0.429433 0
0.549251 0.446934 0
0.571346 0.467797 0
0.578453 0.474217 0
0.587601 0.482136 0
0.58906 0.483411 0
0.579436 0.472737 1
0.60304 0.49221 0
0.607859 0.496112 0
0.58186 0.46999 0
0.568234 0.454979 0
0.567317 0.453961 0
0.592265 0.473717 0
0.612082 0.487411 0
0.562792 0.440503 0
0.568685 0.44401 0
0.588322 0.461668 0
0.589581 0.465504 0
0.570792 0.45207 0
0.562003 0.447221 0
0.570171 0.458533 1
0.587612 0.478822 0
0.596237 0.491711 0
0.622767 0.519902 0
0.65984 0.558608 0
0.673508 0.575186 0
0.683697 0.589098 0
0.697663 0.611281 0
0.723818 0.634021 0
0.743822 0.648804 0
0.724942 0.628924 0
0.697285 0.604147 0
0.681096 0.590524 0
0.689484 0.59238 0
0.634879 0.543762 0
0.58892 0.490136 0
0.553991 0.462636 1
0.518614 0.430544 0
0.479495 0.394232 0
0.481454 0.396719 0
0.433691 0.351876 0
0.400314 0.321189 0
0.393017 0.311952 0
0.392717 0.311195 0
0.428651 0.344736 0
0.491252 0.41137 0
0.542734 0.481567 1
0.685364 0.622332 0
0.695468 0.639471 0
0.581713 0.557644 0
0.544787 0.537223 0
0.525031 0.526069 0
0.526444 0.5318 0
0.521182 0.531383 0
0.515646 0.533013 0
0.51802 0.537579 0
0.550024 0.564368 0
0.527498 0.548014 0
0.522279 0.54098 0
0.527443 0.540975 0
0.525436 0.537751 0
0.499274 0.525857 0
0.566206 0.579464 0
0.586159 0.597784 0
0.564067 0.573093 0
0.577 0.591303 0
0.52443 0.550342 0
0.44373 0.489509 0
0.503547 0.529153 0
0.589432 0.581386 0
0.635839 0.608748 0
0.618059 0.590031 0
0.585609 0.556473 0
0.549941 0.521008 0
0.54255 0.512036 1
0.431177 0.418351 0
0.355353 0.355437 0
0.286525 0.299677 0
0.294523 0.314196 0
0.422619 0.425701 0
0.533742 0.526952 1
0.718201 0.715316 0
0.840242 0.852988 0
0.795448 0.835631 0
0.554378 0.675092 0
0.36607 0.497697 0
0.352452 0.46993 0
0.558813 0.605374 0
0.75219 0.812412 0
0.893275 0.992275 0
0.906655 1 0
0.889354 0.89934 0
0.851347 0.788885 0
0.541428 0.569417 0
0.507711 0.55261 1
0.447951 0.513065 0
0.490205 0.54779 0
0.504797 0.555927 0
0.500219 0.556906 1
0.52265 0.595719 0
0.690678 0.749243 0
0.64679 0.724508 0
0.581581 0.687373 0
0.561039 0.676756 0
0.541806 0.655307 0
0.557456 0.655721 0
0.670559 0.714332 0
0.673628 0.72498 0
0.491359 0.583022 1
0.509857 0.602577 0
0.479904 0.580855 0
0.461 0.569373 0
0.437221 0.552269 0
0.409643 0.525245 0
0.41859 0.53673 0
0.413994 0.538779 0
0.357859 0.49672 0
0.369123 0.511155 0
0.304469 0.465646 0
0.293819 0.466085 0
0.315277 0.48791 0
0.373773 0.529416 0
0.4676 0.605903 0
0.482361 0.628287 0
0.391635 0.56453 0
0.368638 0.557513 0
0.428755 0.600845 0
0.490329 0.646632 0
0.555159 0.695166 0
0.567379 0.698846 0
0.473846 0.621057 0
0.306849 0.477784 0
0.482118 0.61526 0
0.465515 0.59274 0
0.557252 0.66407 0
0.543237 0.649619 0
0.495043 0.611305 1
0.497176 0.623048 0
0.566337 0.692795 0
0.672932 0.796857 0
0.659417 0.779009 0
0.538637 0.669973 0
0.489403 0.617432 1
0.58516 0.705864 0
0.718505 0.814363 0
0.68879 0.778545 0
0.628605 0.718771 0
0.659597 0.738427 0
0.590742 0.681587 0
0.510861 0.614024 0
0.486747 0.620959 1
0.491442 0.61858 0
0.487546 0.621944 1
0.488502 0.660401 0
0.487547 0.622264 1
0.490995 0.518792 0
0.525867 0.480219 1
0.527032 0.483686 0
0.52757 0.477614 1
0.493653 0.443981 0
0.463302 0.419284 0
0.504597 0.458832 0
0.522853 0.478464 0
0.544911 0.494774 0
0.577593 0.519663 0
0.579654 0.515572 0
0.537627 0.474183 1
0.504619 0.437748 0
0.463551 0.395556 0
0.452268 0.384027 0
0.45988 0.388908 0
0.445439 0.374641 0
0.46936 0.399917 0
0.560171 0.491163 0
0.672757 0.589008 0
0.695814 0.613569 0
0.741946 0.671873 0
0.742634 0.659749 0
0.614805 0.54397 0
0.641438 0.560343 0
0.555482 0.494397 0
0.494435 0.439597 0
0.44541 0.393431 0
0.426169 0.373933 0
0.444925 0.390568 0
0.508317 0.443216 0
0.578082 0.498658 1
0.58154 0.487159 0
0.655534 0.563342 0
0.687826 0.598938 0
0.663255 0.598834 0
0.602747 0.555656 0
0.630327 0.542618 0
0.625515 0.52759 0
0.598684 0.504098 1
0.498232 0.426384 0
0.437144 0.389974 0
0.470129 0.431997 0
0.579991 0.506419 1
0.594188 0.529176 0
0.581812 0.513083 1
0.639412 0.528104 0
0.675485 0.552387 1
0.713659 0.586329 0
0.673232 0.556474 1
0.633694 0.525572 0
0.622959 0.520892 0
0.61375 0.515383 0
0.665397 0.565953 1
0.734252 0.63129 0
0.733595 0.635205 0
0.73606 0.637258 0
0.766142 0.661886 0
0.745708 0.645155 0
0.728 0.630824 0
0.694187 0.592335 0
0.695491 0.593921 0
0.757924 0.652672 0
0.826086 0.720782 0
0.802271 0.723001 0
0.644244 0.59889 1
0.636468 0.618019 0
0.731598 0.707655 0
0.701247 0.706616 0
0.643034 0.652402 0
0.616033 0.614111 0
0.62971 0.627814 1
0.668764 0.658172 0
0.710193 0.751192 0
0.686704 0.721449 0
0.62557 0.631216 1
0.596843 0.625382 0
0.594557 0.621688 1
0.498408 0.460377 0
0.255244 0.249473 0
0.103911 0.100286 0
0.0658865 0.0602889 0
0.0592668 0.0513625 0
0 0 0
0.0807269 0.0712135 0
0.146583 0.140949 0
0.209087 0.200627 0
0.281543 0.275848 0
0.316941 0.323382 0
0.364334 0.373966 0
0.354879 0.378941 0
0.346034 0.401084 0
0.310429 0.386761 0
0.335006 0.4157 0
0.405354 0.4891 0
0.590818 0.636196 1
0.629288 0.682535 0
0.54866 0.633158 0
0.483252 0.574413 0
0.436914 0.528249 0
0.263231 0.380026 0
0.30541 0.40175 0
0.298991 0.391065 0
0.284924 0.374134 0
0.30542 0.380833 0
0.305803 0.375046 0
0.297748 0.36117 0
0.291423 0.363836 0
0.305155 0.384511 0
0.331661 0.409847 0
0.379475 0.451396 0
0.472445 0.526349 0
0.53757 0.580682 0
0.575542 0.62089 1
0.581695 0.621061 0
0.54101 0.60854 0
0.526866 0.611053 0
0.554735 0.632091 0
0.59775 0.670563 0
0.582039 0.661119 0
0.547661 0.636572 0
0.489443 0.581242 0
0.474267 0.56391 0
0.473006 0.549687 0
0.406057 0.499318 0
0.416932 0.494123 0
0.348297 0.425851 0
0.39781 0.459996 0
0.484726 0.539689 0
0.557753 0.609445 1
0.597907 0.647715 0
0.587097 0.6296 0
0.591358 0.628019 0
0.556353 0.606976 1
0.70943 0.716943 0
0.675996 0.641176 1
0.689649 0.659043 0
0.675584 0.647047 1
0.670866 0.646985 0
0.674588 0.648937 1
0.672504 0.628382 0
0.677483 0.646295 1
0.709655 0.730376 0
0.678288 0.648056 1
0.617901 0.504592 0
0.575012 0.52534 1
0.579026 0.527869 0
0.575259 0.52745 1
0.548426 0.493067 0
0.56229 0.503515 0
0.58968 0.52876 0
0.579425 0.528154 1
0.602969 0.555045 0
0.556615 0.520671 0
0.519819 0.473117 0
0.547347 0.487654 0
0.552641 0.500077 0
0.543224 0.494909 0
0.537975 0.494631 0
0.571226 0.521003 0
0.598409 0.537091 0
0.602252 0.534647 1
0.629196 0.553555 0
0.662028 0.57604 0
0.667749 0.579365 0
0.670693 0.579555 0
0.699436 0.602598 0
0.699597 0.59792 0
0.723335 0.61543 0
0.742113 0.626235 0
0.785674 0.66136 0
0.771087 0.646132 0
0.732791 0.614008 0
0.695544 0.581998 0
0.697033 0.577643 0
0.685739 0.564325 0
0.638213 0.523654 0
0.642704 0.522037 0
0.643476 0.518185 0
0.602934 0.481144 0
0.60515 0.476816 0
0.60137 0.473166 0
0.592915 0.472094 0
0.609134 0.491072 0
0.634362 0.512113 0
0.674449 0.538764 1
0.724456 0.574803 0
0.774476 0.615561 0
0.819843 0.653434 0
0.83521 0.662864 0
0.865154 0.673387 0
0.909335 0.692532 0
0.962212 0.722142 0
0.925685 0.667591 0
0.882941 0.631588 0
0.837656 0.590919 0
0.789684 0.541645 0
0.782907 0.538858 0
0.776046 0.540486 0
0.761498 0.534502 0
0.750453 0.530569 0
0.743205 0.532884 0
0.736082 0.539835 0
0.70571 0.528738 0
0.662993 0.508793 0
0.628261 0.494849 0
0.618478 0.495706 0
0.636335 0.509289 0
0.645108 0.510149 0
0.633692 0.500666 1
0.63761 0.503114 0
0.644313 0.508057 0
0.666845 0.525914 0
0.64999 0.51441 0
0.677567 0.529265 0
0.676582 0.524606 0
0.677185 0.525076 0
0.667721 0.516739 0
0.643154 0.49452 0
0.632162 0.483723 0
0.61009 0.462574 0
0.593824 0.448921 0
0.612766 0.470543 0
0.608401 0.46916 1
0.587802 0.450362 0
0.576008 0.441399 0
0.578375 0.444574 0
0.57873 0.445069 0
0.572571 0.4398 0
0.576874 0.443835 0
0.558525 0.428382 0
0.538787 0.408913 0
0.550354 0.419894 0
0.557983 0.426594 0
0.562744 0.427911 0
0.569066 0.431574 0
0.575878 0.435515 0
0.575209 0.433565 0
0.578456 0.440156 0
0.587478 0.450583 1
0.579351 0.444111 0
0.592125 0.456343 0
0.611306 0.471473 0
0.612429 0.470348 0
0.606692 0.462748 0
0.592917 0.446662 0
0.593941 0.445725 0
0.588752 0.440598 0
0.562365 0.422401 0
0.535193 0.399932 0
0.526661 0.393737 0
0.523052 0.388668 0
0.510452 0.381468 0
0.558654 0.415955 0
0.565221 0.424033 0
0.570395 0.426294 0
0.579468 0.432886 0
0.578159 0.430927 0
0.561939 0.415027 0
0.553172 0.408743 0
0.575605 0.424349 0
0.587932 0.432906 0
0.577971 0.424047 0
0.56351 0.410632 0
0.57642 0.420301 0
0.594108 0.435254 0
0.60878 0.449425 0
0.607584 0.446569 0
0.592232 0.431537 0
0.585248 0.424945 0
0.572797 0.416381 0
0.55803 0.405294 0
0.560855 0.406787 0
0.581157 0.423199 0
0.588906 0.429213 0
0.555216 0.40211 0
0.534918 0.386763 0
0.561233 0.407074 0
0.607587 0.445314 0
0.615474 0.452861 0
0.607096 0.447537 0
0.589601 0.433384 0
0.589778 0.435915 0
0.596019 0.442568 0
0.592132 0.439256 0
0.568508 0.417764 1
0.587688 0.43526 0
0.599573 0.446776 0
0.605864 0.451559 0
0.615101 0.458137 0
0.6255 0.467005 0
0.64302 0.481361 0
0.65624 0.491564 0
0.659255 0.49458 0
0.647106 0.485363 0
0.617528 0.462473 0
0.592369 0.443468 0
0.583896 0.437401 0
0.582858 0.436888 0
0.583683 0.436613 0
0.586098 0.435804 0
0.592117 0.438748 0
0.598211 0.443941 0
0.60227 0.44878 0
0.61136 0.456238 0
0.616759 0.460686 0
0.605245 0.451405 0
0.595553 0.442424 0
0.592552 0.438538 0
0.59568 0.439462 0
0.606104 0.447247 0
0.610093 0.450783 0
0.601473 0.444056 0
0.595083 0.437482 0
0.593608 0.43402 0
0.580047 0.422857 0
0.567973 0.414159 0
0.564923 0.411221 0
0.569898 0.414106 0
0.570799 0.413751 0
0.568685 0.410857 0
0.564952 0.407855 0
0.567841 0.409604 0
0.560479 0.403063 0
0.563985 0.403268 0
0.588429 0.420328 0
0.597898 0.427597 0
0.574793 0.407886 0
0.560974 0.395664 0
0.560464 0.394649 0
0.571225 0.403196 0
0.57336 0.406728 0
0.571003 0.405864 0
0.587634 0.417049 0
0.602431 0.427413 0
0.577866 0.409959 0
0.55927 0.397965 0
0.568974 0.409231 1
0.575527 0.4145 0
0.566379 0.406101 0
0.567542 0.405713 0
0.576327 0.412098 0
0.585953 0.419125 0
0.587212 0.418285 0
0.582236 0.413374 0
0.579684 0.41132 0
0.574538 0.407192 0
0.575466 0.405918 0
0.57702 0.404612 0
0.562233 0.391859 0
0.569199 0.395938 0
0.575904 0.400145 0
0.571068 0.396153 0
0.571063 0.398217 0
0.576629 0.405773 0
0.580263 0.409544 1
0.572546 0.402108 0
0.575633 0.404734 0
0.586202 0.413339 0
0.579463 0.40705 0
0.573724 0.401708 0
0.578275 0.404345 0
0.582753 0.408507 0
0.585699 0.413188 0
0.590162 0.416095 0
0.595118 0.418628 1
0.594682 0.416983 0
0.597311 0.418303 0
0.593855 0.414505 0
0.598639 0.415496 0
0.607496 0.423345 0
0.584553 0.399976 0
0.584843 0.400669 0
0.597504 0.412245 0
0.610676 0.42291 0
0.623605 0.432769 0
0.639888 0.44649 0
0.656074 0.460426 0
0.671605 0.474918 0
0.689783 0.493224 0
0.658923 0.462722 0
0.645602 0.449472 0
0.654489 0.458399 0
0.672283 0.474634 0
0.625929 0.427571 0
0.647749 0.448227 1
0.671507 0.470877 0
0.697055 0.495708 0
0.678754 0.477301 0
0.668593 0.465617 0
0.644905 0.441977 0
0.625052 0.423585 0
0.632032 0.430921 0
0.649044 0.446589 0
0.656027 0.451658 0
0.658548 0.45215 0
0.670781 0.46159 0
0.66355 0.451955 0
0.658769 0.445407 0
0.652643 0.43875 0
0.643268 0.429453 0
0.634243 0.421092 0
0.640823 0.425803 0
0.646836 0.42784 0
0.692029 0.468645 0
0.740423 0.514538 0
0.754911 0.529213 0
0.694721 0.47383 1
0.708955 0.485895 0
0.707348 0.484355 0
0.746486 0.519032 0
0.727153 0.500034 0
0.729858 0.506287 0
0.74425 0.52207 0
0.761973 0.539885 0
0.741697 0.518164 0
0.736169 0.512134 0
0.726718 0.503502 0
0.716226 0.495921 0
0.702643 0.487526 1
0.670343 0.46508 0
0.635958 0.437977 0
0.639996 0.442628 0
0.67552 0.472869 0
0.677714 0.47788 0
0.636319 0.438706 0
0.615842 0.420715 0
0.638277 0.443346 0
0.661144 0.464605 0
0.663626 0.46598 0
0.681608 0.485193 0
0.700007 0.502888 1
