0.684285 0.494485 0
0.715946 0.523849 0
0.723648 0.507348 0
0.735307 0.513987 0
0.739885 0.506358 0
0.749397 0.506243 0
0.752419 0.495262 1
0.764125 0.495696 0
0.781454 0.489761 0
0.80196 0.490447 0
0.815222 0.486531 0
0.834357 0.489646 0
0.848382 0.473793 0
0.867637 0.465033 0
0.885872 0.471343 1
0.890519 0.470945 0
0.897993 0.461633 0
0.896624 0.436173 0
0.917887 0.440462 0
0.921105 0.440352 0
0.921072 0.418295 0
0.934964 0.416889 0
0.934263 0.399357 0
0.921252 0.383188 0
0.904825 0.360312 0
0.899361 0.35562 0
0.9065 0.344141 0
0.908888 0.335234 0
0.895534 0.320828 0
0.890858 0.293173 0
0.878879 0.274596 0
0.85872 0.25996 0
0.845503 0.180913 0
0.738078 0.170787 0
0.69453 0.165087 0
0.660292 0.155842 0
0.599001 0.176438 0
0.575269 0.163687 0
0.561967 0.160012 1
0.627021 0.0541572 0
0.616434 0.0353655 1
0.609832 0.0374336 0
0.588899 0.0360245 0
0.571323 0.037482 0
0.457681 0.153798 0
0.457378 0.147519 0
0.44244 0.147616 0
0.428994 0.151189 0
0.417383 0.152986 0
0.398373 0.158982 0
0.385269 0.161513 1
0.378943 0.159406 0
0.372235 0.159908 0
0.361288 0.163393 0
0.353398 0.162371 0
0.345458 0.168161 0
0.339746 0.163538 0
0.322968 0.173089 0
0.309004 0.178221 0
0.293515 0.183139 0
0.269901 0.190489 0
0.261257 0.204728 0
0.228228 0.205843 0
0.216679 0.22824 0
0.200404 0.236392 0
0.182987 0.244142 0
0.159271 0.2572 1
0.146093 0.257691 0
0.13514 0.257447 0
0.12489 0.258301 0
0.111289 0.264993 0
0.0972149 0.267134 0
0.0872834 0.277928 0
0.077211 0.287704 0
0.0682793 0.302113 0
0.0593428 0.307777 0
0.0517344 0.310011 0
0.0437852 0.303147 0
0.0375473 0.301922 0
0.0261912 0.311413 0
0.0235744 0.313479 1
0.014024 0.317133 0
0.011047 0.32443 0
0.00526725 0.332617 0
0 0.3422 0
0.00405561 0.364144 0
0.0149961 0.375083 0
0.0166004 0.387374 0
0.0184164 0.391782 0
0.0217094 0.386187 0
0.12709 0.542585 0
0.149589 0.536756 0
0.153067 0.534972 0
0.158053 0.544865 0
0.169255 0.559593 0
0.182855 0.570639 0
0.191057 0.585323 0
0.206245 0.589645 0
0.218843 0.598464 0
0.229681 0.589303 0
0.242592 0.585084 0
0.244285 0.560349 0
0.27123 0.595165 0
0.288561 0.608642 0
0.300504 0.625098 0
0.311433 0.640876 0
0.323493 0.637353 1
0.323582 0.637015 0
0.326789 0.637919 0
0.321856 0.622437 0
0.483089 0.604525 0
0.497198 0.5928 0
0.50757 0.596536 0
0.515265 0.586947 0
0.529779 0.57704 0
0.538855 0.565707 0
0.540254 0.547511 0
0.579508 0.541612 0
0.601935 0.544891 0
0.631211 0.53754 0
0.645936 0.532025 0
0.664868 0.509173 0
0.692462 0.501553 0
0.695563 0.481526 0
0.700417 0.467694 0
0.707269 0.459148 0
0.71648 0.453732 0
0.720295 0.441027 0
0.73379 0.44048 0
0.746062 0.433464 0
0.755562 0.428272 0
0.76753 0.432592 0
0.781238 0.431871 1
0.796598 0.426898 0
0.814098 0.421428 0
0.833061 0.422515 0
0.851744 0.424362 0
0.940584 0.499488 0
0.940764 0.485779 0
0.954401 0.481786 0
0.962326 0.479412 1
0.971842 0.473908 0
0.981473 0.465369 0
0.993179 0.454526 0
1 0.442512 0
0.996739 0.433512 0
0.989597 0.414672 0
0.974865 0.381083 0
0.97026 0.367296 0
0.939382 0.341283 0
0.930078 0.306566 0
0.925332 0.296089 0
0.920781 0.287844 0
0.908874 0.277292 0
0.890685 0.254454 0
0.881609 0.240605 0
0.854668 0.218425 0
0.82805 0.188062 0
0.785495 0.199827 0
0.75806 0.182407 0
0.711328 0.166494 0
0.690073 0.16573 0
0.568859 0.146709 0
0.563297 0.123198 0
0.555337 0.10694 0
0.560606 0.0841541 0
0.499944 0 0
0.457334 0.0378431 0
0.441009 0.0516252 1
0.431691 0.0567959 0
0.427676 0.0734731 0
0.415272 0.0837252 0
0.407527 0.0959295 0
0.39201 0.0967256 0
0.385767 0.110698 0
0.373877 0.112657 0
0.366739 0.11832 0
0.360733 0.127728 0
0.348056 0.125456 0
0.341966 0.131879 0
0.331417 0.141451 0
0.316406 0.147147 0
0.297151 0.152657 0
0.280389 0.156483 0
0.26305 0.174055 0
0.25528 0.189373 0
0.242769 0.212547 0
0.227645 0.22798 0
0.211411 0.248892 0
0.189163 0.262413 0
0.173262 0.275385 0
0.165587 0.285353 0
0.148268 0.278591 0
0.131685 0.279541 0
0.121378 0.295774 0
0.109324 0.308572 0
0.0972016 0.31368 0
0.089778 0.327325 0
0.0743455 0.329973 0
0.0703252 0.336561 0
0.0637524 0.346356 0
0.0526336 0.352064 0
0.0476688 0.364236 0
0.0408911 0.358717 0
0.0344181 0.355714 0
0.0336015 0.36533 0
0.0286948 0.366641 0
0.0230344 0.370561 0
0.0160443 0.372229 0
0.0188531 0.382535 0
0.019179 0.392379 1
0.0185991 0.39229 0
0.0256981 0.396303 0
0.0612258 0.496113 0
0.073448 0.481423 0
0.145448 0.542208 0
0.152591 0.534056 1
0.16078 0.549559 0
0.170267 0.547617 0
0.186972 0.552251 0
0.203678 0.569381 0
0.219306 0.582985 0
0.233855 0.588034 0
0.243452 0.590682 0
0.253897 0.596716 0
0.267277 0.601885 0
0.280539 0.610672 0
0.295956 0.602014 0
0.30963 0.604709 0
0.319796 0.62142 0
0.330359 0.634293 0
0.323988 0.635505 0
0.380796 0.550489 0
0.463402 0.614646 0
0.492111 0.602329 0
0.507361 0.599648 0
0.516774 0.591252 0
0.524524 0.588638 0
0.541765 0.578946 1
0.558999 0.576806 0
0.573724 0.561729 0
0.593016 0.556638 0
0.610268 0.535854 0
0.629264 0.528579 0
0.643981 0.519783 0
0.67773 0.505434 0
0.69875 0.494488 1
0.695944 0.480552 0
0.695418 0.460129 0
0.704369 0.454749 0
0.709779 0.44382 0
0.725077 0.433832 0
0.736954 0.431521 0
0.75075 0.429791 0
0.760183 0.41756 0
0.777539 0.420402 0
0.79055 0.425855 0
0.800749 0.419978 0
0.821294 0.40478 0
0.834914 0.403345 0
0.858148 0.40272 0
0.875729 0.398482 0
0.909767 0.411144 0
0.93005 0.420533 0
0.93918 0.420407 0
0.944673 0.414793 0
0.949155 0.4147 0
0.944281 0.400327 0
0.930285 0.384641 0
0.924299 0.373988 0
0.914899 0.365589 1
0.908683 0.351503 0
0.907149 0.339992 0
0.894262 0.336537 0
0.894061 0.327968 0
0.887862 0.310923 0
0.871949 0.297004 0
0.847218 0.283624 0
0.82614 0.259095 0
0.819787 0.244701 0
0.803868 0.237419 1
0.787094 0.222395 0
0.743889 0.214717 0
0.713316 0.192016 0
0.685108 0.178257 0
0.541273 0.122359 0
0.537761 0.103507 0
0.533024 0.0932206 0
0.523427 0.087746 0
0.514348 0.0848622 0
0.507494 0.0807152 1
0.497226 0.0793663 0
0.476452 0.0898385 0
0.430421 0.0950067 0
0.416367 0.0760766 0
0.406588 0.0929543 0
0.398135 0.093412 0
0.382418 0.0892784 0
0.371445 0.0891175 0
0.361073 0.098557 0
0.355388 0.112497 0
0.344761 0.113918 0
0.338616 0.119752 0
0.333043 0.123856 0
0.32602 0.12991 1
0.309126 0.135873 0
0.292735 0.153242 0
0.27834 0.160717 0
0.245378 0.174991 0
0.245217 0.193764 0
0.227471 0.231373 0
0.212242 0.245404 0
0.179178 0.30296 0
0.15539 0.281991 0
0.147731 0.315233 0
0.143615 0.317106 0
0.131982 0.328022 1
0.121604 0.333513 0
0.112302 0.342901 0
0.096588 0.344183 0
0.0846164 0.351535 1
0.0819405 0.362085 0
0.0806148 0.369619 0
0.0738999 0.370428 0
0.0710361 0.384237 0
0.0644688 0.407776 0
0.0366131 0.429282 0
0.0461351 0.427753 0
0.0500736 0.4069 0
0.0423773 0.417198 0
0.0314743 0.417102 0
0.023688 0.416338 0
0.0224351 0.423738 1
0.0296133 0.442123 0
0.0402268 0.455049 0
0.0614171 0.473542 0
0.0682488 0.48258 0
0.0772933 0.49021 0
0.106513 0.512142 0
0.119144 0.510074 0
0.134581 0.519295 1
0.134801 0.51937 0
0.134277 0.519204 0
0.13628 0.517188 0
0.13482 0.503056 0
0.223733 0.587535 0
0.259497 0.583034 0
0.274065 0.579135 0
0.263367 0.574502 0
0.345163 0.598679 0
0.368846 0.635788 0
0.37459 0.640503 0
0.374035 0.63172 1
