0.139338 0.0645253 0
0.131134 0.0670775 0
0.12218 0.0737488 0
0.115138 0.0845848 0
0.108196 0.0956883 0
0.105402 0.104889 0
0.0999309 0.111534 0
0.0950708 0.118437 0
0.0933361 0.122562 0
0.0856823 0.125571 0
0.0875577 0.135398 0
0.092536 0.144974 0
0.0942218 0.154898 0
0.103732 0.162677 0
0.111666 0.172415 0
0.110673 0.180601 0
0.110845 0.190413 1
0.125215 0.19552 0
0.139332 0.201832 0
0.135701 0.199333 0
0.115419 0.187831 0
0.100115 0.177128 0
0.0448116 0.160416 0
0.0237492 0.147938 0
0 0.135427 1
0.0134653 0.134883 0
0.0128491 0.133059 0
0.00984279 0.129842 0
0.0344903 0.13417 0
0.0772042 0.138731 0
0.13263 0.145912 0
0.153623 0.156079 0
0.189296 0.166074 0
0.229702 0.178742 0
0.298537 0.197578 0
0.379265 0.223266 0
0.450652 0.246752 0
0.511044 0.263934 0
0.576371 0.280919 0
0.664734 0.299663 0
0.753473 0.317311 0
0.847764 0.337482 0
0.927172 0.354008 1
0.950092 0.344601 0
0.953616 0.327442 0
0.960938 0.309696 0
0.96323 0.296705 0
0.959115 0.283852 0
0.973421 0.272061 0
0.980537 0.257909 0
0.996449 0.245064 0
1 0.225004 0
0.994707 0.202876 0
0.979401 0.179746 0
0.959354 0.156418 0
0.940105 0.132529 0
0.909284 0.104697 0
0.883686 0.0781212 0
0.8738 0.0574171 0
0.875747 0.0402228 0
0.878154 0.0225742 1
0.915913 0.0206971 0
0.948312 0.0207427 0
0.95776 0.0173874 0
0.957766 0.012991 0
0.932966 0.00658403 0
0.91062 0.00245944 0
0.914449 0.00768983 0
0.931454 0.0173766 1
0.926502 0.023872 0
0.922198 0.0297788 0
0.916319 0.0358238 0
0.907446 0.0407472 0
0.891141 0.0429074 0
0.858341 0.0389627 0
0.824426 0.0336869 0
0.77621 0.0258653 0
0.72192 0.0175952 0
0.671443 0.00975864 1
0.623025 0.00877835 0
0.589152 0.00980607 0
0.557697 0.0156714 0
0.517278 0.0188254 0
0.470452 0.0210138 0
0.410708 0.0194806 0
0.336408 0.0145638 0
0.249662 0.00728716 0
0.167826 0.000765586 0
0.114521 0 1
0.113203 0.0138965 0
0.112346 0.0279167 0
0.112207 0.0417307 0
0.109581 0.0545912 0
0.102186 0.0666716 0
0.107493 0.0804154 0
0.124428 0.0944233 0
0.103858 0.100622 1
0.0783782 0.10295 0
0.073739 0.110738 0
0.0772503 0.118285 0
0.0832469 0.125242 0
0.0832864 0.131461 0
0.0973534 0.142358 0
0.111382 0.154724 0
0.126954 0.166336 0
0.131688 0.173336 0
0.151376 0.18475 0
0.177251 0.196811 0
0.18293 0.201288 0
0.123132 0.192204 0
0.164214 0.201534 0
0.174259 0.204194 0
0.159659 0.196571 0
0.137799 0.187973 0
0.0988854 0.171945 0
0.0799616 0.160414 0
0.0758669 0.151525 0
0.102551 0.151883 0
0.125478 0.151213 0
0.125386 0.150237 0
0.129751 0.150979 0
0.158226 0.155364 0
0.18751 0.162589 0
0.212114 0.165443 0
0.263426 0.178652 0
0.416102 0.21824 0
0.374755 0.211751 0
0.485685 0.24605 0
