0.451788 0.447903 0
0.502279 0.487146 0
0.521282 0.482389 0
0.531094 0.487672 0
0.528461 0.51035 0
0.527009 0.512329 0
0.52833 0.515512 0
0.531483 0.519451 0
0.534662 0.514888 0
0.542242 0.523308 0
0.54938 0.520711 0
0.555841 0.519005 0
0.562481 0.503106 0
0.566545 0.492633 0
0.576597 0.495685 0
0.577264 0.497742 0
0.578128 0.498118 0
0.582581 0.499609 0
0.582059 0.499544 0
0.577541 0.498527 0
0.57715 0.497055 0
0.581321 0.49767 0
0.640696 0.421789 0
0.585009 0.491671 0
0.569306 0.484285 0
0.651285 0.380134 0
0.798665 0.202659 0
0.97546 0 0
0.897969 0.124334 0
1 0.0103401 0
0.996778 0.0448038 0
0.893905 0.0863469 0
0.593342 0.454271 0
0.79941 0.266298 0
0.734409 0.313597 0
0.54863 0.459371 0
0.541647 0.442503 0
0.508865 0.461557 0
0.50806 0.438502 0
0.506627 0.399837 0
0.488328 0.400988 0
0.474563 0.39201 0
0.453013 0.40478 0
0.441782 0.394381 0
0.43877 0.359738 0
0.434697 0.342731 0
0.413012 0.331842 0
0.397431 0.315072 0
0.390834 0.313363 0
0.387925 0.309518 0
0.381373 0.305514 1
0.37932 0.30649 0
0.37784 0.30451 0
0.371328 0.305844 0
0.381706 0.298159 0
0.381092 0.295524 0
0.387203 0.290229 0
0.38002 0.291718 0
0.363759 0.281761 0
0.364673 0.284014 0
0.363845 0.284529 1
0.369317 0.286119 0
0.370168 0.289826 1
0.246962 0.429276 0
0.0985201 0.597219 1
0.100085 0.599668 0
0.0978092 0.604103 0
0.100902 0.605165 0
0.103928 0.604325 1
0.0816436 0.625814 0
0.058537 0.640323 0
0.0270077 0.662641 0
0.0207848 0.65424 0
0.0121214 0.63785 0
0 0.622789 0
0.0461131 0.576428 0
0.0695064 0.56944 1
0.0855495 0.553175 0
0.35084 0.271165 1
0.343915 0.269301 0
0.363704 0.284662 1
0.363475 0.285002 0
0.362225 0.283967 0
0.34636 0.26928 0
0.305213 0.274811 0
0.579465 0.0950292 0
0.532107 0.218883 0
0.328004 0.482838 0
0.308155 0.533146 0
0.308735 0.563648 0
0.332935 0.586209 0
0.491907 0.49199 0
0.537106 0.472511 0
0.546317 0.478164 0
0.557832 0.485676 0
0.558359 0.48614 0
0.55754 0.481691 0
0.559024 0.48286 0
0.564233 0.484012 0
0.562694 0.485347 0
0.569694 0.486652 0
0.571143 0.498248 0
0.576644 0.497874 1
0.577372 0.496266 0
0.578062 0.497817 0
0.577547 0.497577 0
0.578819 0.498208 0
0.610712 0.441559 0
0.635918 0.412042 0
0.591865 0.454474 0
0.618444 0.423517 0
0.589164 0.440993 0
0.623028 0.406354 0
0.633717 0.373461 0
0.674165 0.322825 0
0.91786 0.0105551 0
0.836506 0.153694 0
0.913533 0.0530146 0
0.913886 0.0325323 0
0.730881 0.255629 0
0.627996 0.384033 0
0.592945 0.446532 0
0.576273 0.475388 0
0.575023 0.493363 0
0.562582 0.483259 0
0.551762 0.45249 0
0.55442 0.438062 0
0.529493 0.453284 0
0.482691 0.478452 0
0.457127 0.522216 0
0.441485 0.474356 0
0.398705 0.503983 0
0.409248 0.480646 0
0.438393 0.430841 0
0.441662 0.382891 0
0.437291 0.377772 0
0.419727 0.371023 0
0.386293 0.324568 0
0.379526 0.344114 0
0.37752 0.339219 0
0.376795 0.333073 0
0.372684 0.333282 0
0.367372 0.333389 0
0.365062 0.320189 0
0.36134 0.317702 0
0.357795 0.313416 0
0.35948 0.309698 0
0.355239 0.300398 0
0.361188 0.286165 1
0.360669 0.287246 0
0.360385 0.28844 0
0.35487 0.285348 0
