0.995435 0.153817 1
0.99491 0.15368 0
0.994303 0.153412 0
0.994814 0.150545 0
0.995118 0.149032 0
0.994187 0.147992 0
0.987745 0.157437 0
0.989156 0.161599 0
0.989542 0.162254 1
0.991745 0.157743 0
0.994882 0.156031 0
0.994321 0.155503 0
0.994352 0.155277 0
0.995978 0.154876 0
0.998608 0.15436 0
0.997796 0.156134 0
0.998644 0.156694 0
0.999091 0.157753 0
1 0.15869 0
0.998632 0.160143 0
0.997836 0.161375 0
0.996122 0.162514 0
0.995962 0.163241 0
0.996547 0.16371 0
0.995659 0.164477 0
0.995196 0.165034 0
0.994355 0.165222 0
0.994171 0.165701 0
0.993191 0.165838 0
0.992581 0.165994 0
0.992835 0.166663 0
0.991292 0.166087 0
0.99009 0.165356 1
0.990648 0.166767 0
0.990924 0.169045 0
0.991459 0.170478 0
0.992215 0.172245 0
0.991958 0.173732 0
0.992548 0.17609 0
0.99266 0.177824 0
0.99323 0.179815 0
0.993529 0.181526 0
0.99441 0.182641 0
0.996169 0.186475 0
0.997061 0.188455 0
0.997921 0.190551 0
0.996787 0.195226 0
0.980535 0.187047 0
0.978822 0.188028 0
0.976416 0.191398 0
0.976071 0.191605 0
0.975978 0.191751 0
0.975909 0.191777 1
0.974204 0.193817 1
0.974484 0.194814 0
0.97489 0.195235 1
0.974032 0.195592 0
0.970348 0.201984 0
0.968856 0.20081 0
0.967708 0.200442 1
0.968706 0.201345 0
0.966736 0.207651 0
0.963937 0.210784 0
0.958987 0.213548 0
0.956849 0.214305 0
0.952129 0.216224 0
0.950102 0.216914 1
0.950276 0.223336 0
0.942896 0.226377 0
0.940891 0.226976 1
0.93795 0.228709 1
0.937188 0.23011 0
0.931221 0.235516 1
0.924065 0.24216 1
0.923042 0.245391 0
0.920154 0.247989 0
0.917324 0.248328 1
0.913953 0.250837 1
0.905258 0.25756 0
0.90541 0.256049 1
0.90465 0.256553 0
0.903907 0.258386 0
0.886154 0.266007 0
0.886113 0.266563 1
0.886033 0.266522 0
0.885879 0.266344 0
0.88575 0.266249 0
0.885347 0.266214 0
0.885073 0.26594 0
0.885138 0.265742 0
0.884431 0.265158 0
0.88377 0.265274 0
0.882906 0.26484 0
0.882867 0.264458 0
0.881742 0.263311 0
0.877435 0.26541 0
0.836425 0.286542 0
0.821648 0.28931 0
0.813931 0.292078 0
0.802819 0.29538 0
0.795386 0.299487 0
0.784747 0.313658 0
0.773446 0.340638 0
0.766308 0.350248 0
0.758786 0.355161 0
0.754835 0.359137 0
0.751493 0.360468 0
0.748567 0.36067 0
0.747433 0.361881 0
0.745307 0.362539 0
0.743864 0.363968 0
0.742846 0.3645 0
0.741289 0.365905 0
0.740618 0.365101 0
0.737846 0.366669 0
0.736515 0.366319 0
0.735549 0.36689 1
0.733338 0.365787 0
0.729595 0.363453 0
0.726259 0.363086 0
0.72242 0.36236 0
0.718125 0.362191 0
0.712042 0.360934 0
0.706375 0.362654 0
0.702088 0.363165 0
0.697541 0.364436 0
0.69435 0.36425 0
0.687485 0.367398 0
0.684816 0.369109 0
0.679119 0.369639 0
0.667622 0.386181 0
0.665455 0.394324 0
0.662821 0.399179 0
0.659692 0.405966 0
0.656262 0.411409 1
0.649258 0.410796 0
0.642068 0.41207 0
0.630608 0.409658 0
0.623559 0.409114 0
0.615774 0.407044 0
0.609148 0.404272 0
0.600988 0.404189 0
0.593422 0.402834 0
0.587797 0.401769 0
0.581578 0.401521 0
0.573587 0.400014 0
0.565395 0.399961 0
0.56131 0.39678 0
0.553383 0.400697 0
0.546685 0.401066 0
0.539687 0.403848 0
0.53119 0.404354 0
0.524842 0.408248 0
0.518862 0.407628 0
0.513726 0.410068 0
0.508873 0.410631 1
0.507784 0.409559 0
0.505998 0.407315 0
0.504819 0.404667 0
0.498047 0.397013 0
0.457697 0.385007 0
0.453011 0.385435 0
0.451827 0.384931 0
0.450332 0.385232 0
0.448708 0.386 0
0.44739 0.387026 1
0.442456 0.384395 1
0.437197 0.381705 1
0.434459 0.383819 0
0.427812 0.37582 1
0.42766 0.376009 0
0.427586 0.376058 0
0.427497 0.376238 0
0.426569 0.376846 0
0.425783 0.380099 0
0.424495 0.382082 0
0.424536 0.382973 0
0.422064 0.385242 0
0.391102 0.36422 0
0.39418 0.36255 0
0.393855 0.362273 0
0.393909 0.362213 0
0.393601 0.361459 0
0.393735 0.360782 0
0.39324 0.360509 0
0.392893 0.360398 0
0.393411 0.359935 0
0.393653 0.3595 0
0.393778 0.358243 0
0.393963 0.357477 0
0.39394 0.357081 0
0.394062 0.356736 0
0.393993 0.356594 1
0.393993 0.356594 0
0.393993 0.356594 0
0.393993 0.356594 0
0.393993 0.356594 0
0.393993 0.356594 0
0.393993 0.356594 0
0.393993 0.356594 0
0.393993 0.356594 0
0.393993 0.356594 0
0.393993 0.356594 0
0.393992 0.356595 0
0.393986 0.356601 0
0.39397 0.356619 0
0.393922 0.356677 0
0.39406 0.357194 0
0.394213 0.360876 0
0.417977 0.400718 0
0.424812 0.406709 0
0.424879 0.407037 0
0.424754 0.406845 0
0.424694 0.406909 0
0.424664 0.406902 0
0.424592 0.407131 0
0.424619 0.407688 0
0.424697 0.408117 1
0.424699 0.408386 0
0.425094 0.408554 0
0.425155 0.408549 0
0.425736 0.408564 0
0.424364 0.412762 0
0.455156 0.439638 0
0.457342 0.444314 0
0.457521 0.444926 0
0.457367 0.445588 0
0.45712 0.44603 1
0.457126 0.446128 0
0.457397 0.446348 0
0.457723 0.446785 0
0.464895 0.446507 0
0.476995 0.519969 0
0.489343 0.51408 0
0.487974 0.514742 0
0.488738 0.515615 0
0.489124 0.516437 0
0.488726 0.517245 0
0.489189 0.518618 0
0.489712 0.519485 1
0.489895 0.520072 0
0.489611 0.520235 0
0.489391 0.520756 0
0.489948 0.521381 0
0.489843 0.521718 0
0.489768 0.521721 0
0.489711 0.521524 0
0.491925 0.526606 0
0.499656 0.58221 0
0.502496 0.584292 0
0.502668 0.584099 1
0.503211 0.591232 1
0.504363 0.591399 0
0.508756 0.624002 0
0.505192 0.628062 0
0.505492 0.627331 0
0.504825 0.627789 0
0.504408 0.628097 1
0.504273 0.628662 0
0.510162 0.63358 0
0.510731 0.654636 0
0.503416 0.65955 0
0.503432 0.660231 1
0.50425 0.661235 0
0.504644 0.661983 0
0.50485 0.663644 0
0.505773 0.66559 0
0.505569 0.666165 0
0.506456 0.670013 0
0.50778 0.674205 0
0.507431 0.679461 0
0.509223 0.686271 0
0.510512 0.689656 0
0.511602 0.692332 0
0.512261 0.694896 0
0.513921 0.698894 0
0.515312 0.703112 0
0.516451 0.706005 0
0.516648 0.709285 0
0.516375 0.711962 0
0.517083 0.715464 0
0.51757 0.718145 0
0.519722 0.720113 0
0.520998 0.724331 0
0.523755 0.727639 0
0.525727 0.729722 0
0.528067 0.730576 0
0.530014 0.733233 0
0.531966 0.734194 0
0.531548 0.736861 0
0.532377 0.738817 0
0.533042 0.740347 0
0.53306 0.74225 0
0.535304 0.743358 0
0.53918 0.740988 0
0.541538 0.740466 0
0.541106 0.743658 0
0.542272 0.745506 0
0.544926 0.744893 0
0.546958 0.743984 0
0.549557 0.739966 0
0.555558 0.736292 0
0.555037 0.737726 0
0.554705 0.740926 0
0.55615 0.741549 0
0.557477 0.739615 0
0.559954 0.736501 0
0.56144 0.735703 0
0.56136 0.736607 0
0.563094 0.732712 0
0.563891 0.730308 1
0.565338 0.729526 0
0.566651 0.728273 0
0.566675 0.726677 0
0.567684 0.725852 0
0.566683 0.724576 0
0.567706 0.724042 0
0.567882 0.720788 0
0.554021 0.724578 0
0.56796 0.717769 0
0.570074 0.715966 0
0.569855 0.714711 0
0.569455 0.71381 0
0.573086 0.710738 0
0.573262 0.709678 0
0.573075 0.707728 0
0.571661 0.705173 0
0.573341 0.702333 0
0.568416 0.70154 0
0.566324 0.699221 0
0.566416 0.697383 0
0.5662 0.695426 0
0.567274 0.692215 0
0.566713 0.690298 0
0.566122 0.688459 0
0.565622 0.686555 0
0.563266 0.684166 0
0.561387 0.681604 0
0.559778 0.680345 0
0.562783 0.677024 0
0.561328 0.675359 0
0.561393 0.67181 0
0.560064 0.670102 0
0.557562 0.66757 0
0.555049 0.665412 0
0.552437 0.66397 0
0.550575 0.66067 0
0.548259 0.659254 0
0.547155 0.657008 1
0.547248 0.656819 0
0.547324 0.65666 0
0.547647 0.656257 0
0.549104 0.654278 0
0.553571 0.651827 0
0.564359 0.599137 0
0.550724 0.583877 0
0.542518 0.574562 0
0.542598 0.573004 0
0.541699 0.571187 0
0.540018 0.569339 0
0.540024 0.569605 0
0.540101 0.569696 0
0.540099 0.569562 0
0.539562 0.56896 1
0.538102 0.562455 1
0.53654 0.555493 1
0.536052 0.55514 0
0.535716 0.554691 0
0.535445 0.553628 0
0.540272 0.51197 0
0.528456 0.50149 0
0.528008 0.499879 0
0.526426 0.498169 0
0.52468 0.497397 0
0.522218 0.496356 0
0.521347 0.495185 1
0.520961 0.494657 0
0.521446 0.491998 0
0.520853 0.490664 0
0.52024 0.489301 0
0.519818 0.489061 0
0.519677 0.488076 0
0.520089 0.484385 0
0.517093 0.484813 0
0.479115 0.420601 0
0.476726 0.427006 0
0.476653 0.426227 0
0.476248 0.426319 0
0.47585 0.426398 1
0.475448 0.426113 0
0.475164 0.425052 0
0.475222 0.425009 0
0.472989 0.419716 0
0.438437 0.381733 0
0.443186 0.387779 1
0.437828 0.381727 1
0.432019 0.376374 1
0.426243 0.371826 1
0.422347 0.361977 0
0.413463 0.354243 0
0.400904 0.351142 1
0.401441 0.348962 0
0.401098 0.348553 0
0.396611 0.330195 0
0.396029 0.326322 0
0.388416 0.318723 0
0.386206 0.318172 0
0.384296 0.317843 0
0.380811 0.318583 0
0.378061 0.315286 0
0.373012 0.311875 0
0.37257 0.301995 0
0.36695 0.294914 0
0.35423 0.305058 0
0.262294 0.249057 0
0.264863 0.252859 0
0.262793 0.252893 0
0.260405 0.252885 0
0.259079 0.252575 0
0.258633 0.251647 0
0.257939 0.251684 0
0.256308 0.251813 0
0.254795 0.252086 0
0.254745 0.253535 0
0.25359 0.254043 1
0.254639 0.25232 0
0.244584 0.249671 1
0.239994 0.247201 1
0.238607 0.248012 0
0.236499 0.24929 0
0.234921 0.24945 0
0.228507 0.248898 0
0.221668 0.243906 0
0.21931 0.239463 0
0.219088 0.23909 1
0.218231 0.240546 0
0.217168 0.241787 0
0.215787 0.242259 0
0.215278 0.244138 0
0.215082 0.24591 0
0.215853 0.248054 0
0.21582 0.248184 0
0.215355 0.249837 0
0.214741 0.250039 0
0.214218 0.251137 0
0.21345 0.251419 0
0.212851 0.253009 0
0.213761 0.255466 0
0.213305 0.256388 0
0.21347 0.258389 0
0.214432 0.25989 0
0.215223 0.261616 0
0.216622 0.265387 0
0.216025 0.268834 0
0.218004 0.272156 0
0.219618 0.273447 0
0.221658 0.275855 0
0.223439 0.27942 0
0.23061 0.290909 0
0.233303 0.291996 0
0.234913 0.292802 0
0.236402 0.293037 0
0.236967 0.293753 0
0.237816 0.294057 0
0.2383 0.294407 1
0.23892 0.295878 0
0.239004 0.296421 0
0.239126 0.297043 0
0.23986 0.2981 0
0.241001 0.299397 0
0.240942 0.300538 0
0.241903 0.301461 0
0.2426 0.30393 0
0.244545 0.306916 0
0.243535 0.309469 0
0.244487 0.311188 0
0.244488 0.316123 0
0.248199 0.321633 0
0.249398 0.323606 0
0.252023 0.328771 0
0.250595 0.330576 0
0.252103 0.332495 0
0.251955 0.338624 0
0.259122 0.349611 0
0.28031 0.365448 0
0.282947 0.372382 0
0.284762 0.375796 0
0.286707 0.381706 0
0.290426 0.388116 0
0.304186 0.3949 0
0.348277 0.534548 0
0.344916 0.54623 0
0.345071 0.547793 0
0.343048 0.559188 0
0.341284 0.564426 0
0.342002 0.5615 0
0.336973 0.574705 0
0.337959 0.572945 0
0.338032 0.572663 0
0.337564 0.573192 0
0.337111 0.574197 0
0.336991 0.574935 0
0.337212 0.57501 0
0.337419 0.574985 0
0.337284 0.575398 0
0.336887 0.575846 0
0.335289 0.577853 1
0.334876 0.57694 0
0.337455 0.591516 1
0.338496 0.598354 1
0.338579 0.598571 0
0.338622 0.598696 0
0.338727 0.599078 0
0.33873 0.599765 0
0.339179 0.599666 0
0.339094 0.599824 0
0.339563 0.601146 0
0.345572 0.61412 0
0.366262 0.637954 0
0.370159 0.651617 0
0.372813 0.66138 0
0.37643 0.676508 0
0.377806 0.683454 0
0.379468 0.688312 0
0.381083 0.692524 0
0.381687 0.695762 0
0.383546 0.696979 0
0.384311 0.698215 0
0.388196 0.700514 0
0.38988 0.704736 0
0.39184 0.706688 0
0.393968 0.711331 0
0.394797 0.710944 0
0.396003 0.713523 0
0.397999 0.716683 0
0.399706 0.718512 0
0.401723 0.717888 0
0.40336 0.71905 0
0.40422 0.722328 0
0.406257 0.726264 0
0.406282 0.730401 0
0.406247 0.734455 0
0.407179 0.737193 0
0.408219 0.737972 0
0.410986 0.739758 0
0.412542 0.73964 0
0.415366 0.73681 0
0.416035 0.742477 0
0.41683 0.747315 0
0.418293 0.747269 0
0.421265 0.747286 0
0.423054 0.751005 0
0.426496 0.751582 0
0.427372 0.750811 0
0.429176 0.750352 0
0.432533 0.74884 0
0.433919 0.750652 0
0.433314 0.751952 0
0.434949 0.752208 0
0.436311 0.748801 0
0.437333 0.745326 0
0.438892 0.744196 0
0.442375 0.74318 0
0.441565 0.740496 0
0.441728 0.737021 0
0.440814 0.735599 0
0.44128 0.736422 0
0.445356 0.734368 0
0.443652 0.732553 0
0.441786 0.728703 0
0.441504 0.725633 0
0.445236 0.72118 0
0.447231 0.716905 0
0.447337 0.714433 0
0.445669 0.711204 0
0.447857 0.708269 0
0.448868 0.705534 0
0.446715 0.701372 0
0.450706 0.696232 0
0.454655 0.694627 0
0.455583 0.689153 0
0.452382 0.684796 0
0.452356 0.680988 0
0.453078 0.678272 0
0.456008 0.67231 0
0.456392 0.667928 0
0.460646 0.665341 0
0.46494 0.660547 0
0.467766 0.656925 0
0.469629 0.652939 0
0.470434 0.651731 0
0.473224 0.649056 0
0.477369 0.647238 0
0.477659 0.646624 0
0.479376 0.644663 0
0.480521 0.643996 0
0.481484 0.642688 0
0.482443 0.642368 0
0.483798 0.641379 0
0.485523 0.640084 1
0.485446 0.639999 0
0.485414 0.639944 0
0.484936 0.640158 0
0.483538 0.634463 0
0.480215 0.602111 0
0.479684 0.599151 0
0.479316 0.5986 1
0.478339 0.592521 1
0.478339 0.592521 0
0.478339 0.592521 0
0.478339 0.592521 0
0.478336 0.592516 0
0.478301 0.592517 0
0.478297 0.592242 0
0.469093 0.578551 0
0.427017 0.511985 0
0.428564 0.496915 0
0.436415 0.486946 0
0.433887 0.488411 0
0.435499 0.484196 0
0.435288 0.482132 0
0.434903 0.479734 0
0.435704 0.475963 0
0.435217 0.47431 0
0.435893 0.47247 1
0.427039 0.467967 0
0.416484 0.456374 0
0.408868 0.4428 0
0.409219 0.438703 0
0.408707 0.432316 1
0.405467 0.433264 0
0.392511 0.426357 0
0.379531 0.419786 0
0.371218 0.400491 0
0.369325 0.391971 0
0.368096 0.386808 1
0.362759 0.384202 0
0.340297 0.375016 0
0.330892 0.362659 0
0.320882 0.350042 0
0.313595 0.329629 0
0.307148 0.319376 0
0.304359 0.312165 0
0.297032 0.306242 0
0.288359 0.294992 0
0.283437 0.292646 1
0.28319 0.291685 0
0.282432 0.29154 0
0.283902 0.287609 0
0.249058 0.256058 1
0.241707 0.246876 1
0.227087 0.227378 0
0.225879 0.231422 1
0.225353 0.229316 0
0.227433 0.218894 0
0.219629 0.204675 0
0.208893 0.190056 0
0.204072 0.183055 0
0.196823 0.176539 0
0.186954 0.170478 0
0.17943 0.165633 0
0.170334 0.159142 0
0.167147 0.152294 0
0.159149 0.145056 0
0.151782 0.138251 0
0.145154 0.132567 0
0.139465 0.126192 0
0.13407 0.125321 0
0.123739 0.113191 0
0.119966 0.109121 0
0.11283 0.105975 0
0.0999 0.10108 0
0.0926534 0.0984566 1
0.0919908 0.0894756 0
0.0871283 0.0840802 0
0.0866332 0.073189 0
0.0830573 0.0678355 0
0.078383 0.0613717 0
0.075481 0.0585834 0
0.0732461 0.0550438 0
0.0685293 0.0524546 0
0.0631652 0.0480286 0
0.0593781 0.0445885 0
0.0537321 0.0425108 0
0.0485233 0.0415544 0
0.0455111 0.0393911 0
0.0439283 0.0397691 0
0.0421794 0.0398819 0
0.0392932 0.0396671 0
0.0347596 0.0394087 1
0.0342817 0.0374922 0
0.0336706 0.0365891 0
0.0339286 0.0333247 0
0.0337918 0.0170738 0
0.031513 0.0159519 0
0.0298418 0.00656131 0
0.0266241 0.00648836 0
0.0259901 0.00630093 0
0.0264658 0.0102475 0
0.0246656 0.00766378 0
0.0231594 0.0066821 0
0.022226 0.00923133 0
0.0179941 0.00201859 0
0.0147151 0 0
0.0137121 0.00304231 0
0.0115775 0.00260638 0
0.0103032 0.00430434 0
0.00843118 0.0050556 0
0.00833988 0.00889127 0
0.00849735 0.011074 0
0.00630868 0.0103819 0
0.00281737 0.00823512 0
0.00538779 0.0150766 0
0.00809988 0.0217361 0
0.00527697 0.0195158 0
0.00398294 0.0211365 0
0 0.019535 0
0.000454742 0.0206589 0
0.00280925 0.0245782 0
0.0041337 0.0274852 0
0.00636913 0.0323147 0
0.00850854 0.0353171 0
0.0109527 0.0384352 0
0.0134432 0.0413734 0
0.0148376 0.0433042 0
0.0137205 0.0438449 0
0.0147033 0.0452662 0
0.0178192 0.0473001 0
0.0196009 0.0486945 1
0.0183042 0.0528151 0
0.0185648 0.0563533 0
0.0155275 0.0627957 0
0.0163818 0.0680037 0
0.0160402 0.0746619 0
0.0176881 0.0790905 0
0.017969 0.086053 0
0.0188709 0.0905062 0
0.0169504 0.0945553 0
0.0219256 0.102073 0
0.0231818 0.105186 0
0.024344 0.108544 0
0.0287175 0.114383 0
0.0316575 0.117242 0
0.0336443 0.122859 0
0.0388183 0.125492 0
0.0422451 0.13044 1
0.0394826 0.141248 0
0.040525 0.147599 0
0.0375029 0.158489 0
0.0379262 0.169539 0
0.0354732 0.180553 0
0.0369864 0.188874 0
0.0311296 0.205813 0
0.0350225 0.212858 0
0.0366334 0.218645 0
0.0369001 0.229387 0
0.0371555 0.240646 0
0.0384665 0.245155 0
0.0425087 0.251038 0
0.0428822 0.26104 0
0.0477978 0.266042 0
0.0506088 0.272173 0
0.0500761 0.278894 0
0.0556023 0.285057 0
0.0609418 0.28759 0
0.060996 0.293059 0
0.0647417 0.298759 0
0.0653589 0.300787 0
0.0702402 0.311544 0
0.074292 0.317409 0
0.0805729 0.324648 0
0.0835763 0.331436 0
0.0860035 0.331241 0
0.0892595 0.336853 0
0.0938267 0.34109 0
0.0969887 0.345379 0
0.101709 0.348361 1
0.100888 0.354388 0
0.102672 0.3643 0
0.10379 0.3678 0
0.104342 0.37037 0
0.104486 0.375613 0
0.105122 0.382976 0
0.106518 0.386169 0
0.10833 0.385242 0
0.108531 0.399417 0
0.109785 0.399503 0
0.110435 0.405421 0
0.11178 0.412195 0
0.11441 0.420249 0
0.115774 0.423047 0
0.11772 0.42644 0
0.117808 0.430722 0
0.119256 0.439697 0
0.119965 0.446809 0
0.123276 0.448398 0
0.123986 0.454421 0
0.125114 0.459659 0
0.126431 0.465223 0
0.128013 0.468445 0
0.129459 0.473649 0
0.130922 0.477648 0
0.13214 0.479998 0
0.133488 0.485562 0
0.135743 0.490012 0
0.137378 0.494831 0
0.136624 0.505674 0
0.140431 0.504894 0
0.142152 0.509044 0
0.144533 0.51456 0
0.144227 0.521682 0
0.146063 0.523053 0
0.151066 0.530347 0
0.153929 0.533594 0
0.154862 0.532338 0
0.156957 0.530502 0
0.159015 0.534096 0
0.161149 0.536082 0
0.162654 0.53777 0
0.163875 0.539442 0
0.168358 0.539346 0
0.171303 0.538382 0
0.171328 0.539363 0
0.172551 0.539809 0
0.177347 0.538496 0
0.180606 0.539196 0
0.181509 0.539057 0
0.181876 0.53842 0
0.183024 0.536461 0
0.187977 0.538414 0
0.1919 0.537313 0
0.193626 0.535513 0
0.196524 0.53566 0
0.2002 0.534333 0
0.203489 0.534045 1
0.205689 0.533311 0
0.208488 0.53665 0
0.213629 0.536425 0
0.216347 0.537678 0
0.219005 0.540217 0
0.22083 0.542501 0
0.225125 0.547891 0
0.226723 0.551923 0
0.232482 0.552506 0
0.237858 0.557788 0
0.240619 0.557713 0
0.243363 0.55891 0
0.247446 0.559793 0
0.25091 0.563416 0
0.253704 0.566954 0
0.256776 0.565185 0
0.261275 0.567875 0
0.264482 0.568524 0
0.266617 0.571938 0
0.270621 0.570699 0
0.270895 0.565577 0
0.279531 0.575709 0
0.284653 0.578387 0
0.291127 0.583477 0
0.297243 0.585588 0
0.300964 0.588476 0
0.307235 0.58782 0
0.313515 0.589951 0
0.317846 0.590215 0
0.322966 0.589906 0
0.329591 0.584803 0
0.331916 0.583155 1
0.334921 0.594985 1
0.343082 0.593556 1
0.34321 0.593539 0
0.343261 0.593486 0
0.343242 0.59351 0
0.343419 0.593565 0
0.343805 0.593501 0
0.344029 0.594155 0
0.371872 0.60746 0
0.389123 0.610728 0
0.400452 0.615243 0
0.406585 0.616411 0
0.410389 0.617369 0
0.418212 0.618534 0
0.427055 0.616782 0
0.433844 0.614789 0
0.436232 0.612709 0
0.440545 0.608923 0
0.469534 0.600802 0
0.47421 0.59852 0
0.475123 0.598008 0
0.475086 0.597925 0
0.475274 0.597936 0
0.475293 0.597878 0
0.475463 0.597871 1
0.481591 0.595187 1
0.484578 0.593524 0
0.500415 0.587934 0
0.499008 0.58986 1
0.502227 0.58781 1
0.50608 0.58499 1
0.50715 0.583946 0
0.533659 0.569044 0
0.535918 0.566177 0
0.535704 0.566676 0
0.535779 0.566611 0
0.536 0.566455 1
0.540282 0.560762 1
0.540324 0.560746 0
0.540331 0.560782 0
0.540531 0.560577 0
0.540585 0.560351 0
0.539857 0.55793 0
0.614924 0.552584 0
0.625892 0.53719 0
0.632964 0.534903 0
0.636474 0.530616 0
0.642956 0.524746 0
0.648623 0.522358 0
0.650728 0.517606 0
0.654173 0.515609 0
0.660588 0.512439 0
0.665399 0.508422 0
0.67092 0.503386 0
0.674154 0.499044 0
0.685474 0.490161 0
0.702193 0.452488 0
0.706 0.439599 0
0.706458 0.435062 0
0.706612 0.430737 0
0.708529 0.42899 0
0.708248 0.426601 0
0.708594 0.42512 0
0.709985 0.424795 0
0.710445 0.423639 0
0.710483 0.425245 0
0.717287 0.427456 0
0.711426 0.418764 0
0.711645 0.417427 0
0.712211 0.416394 1
0.715947 0.417084 0
0.72031 0.419269 0
0.723682 0.419807 0
0.724155 0.419224 0
0.727618 0.421018 0
0.72882 0.418794 0
0.737087 0.41677 0
0.768653 0.414333 0
0.757333 0.415525 0
0.780463 0.407133 0
0.789721 0.40351 0
0.804743 0.358964 0
0.807423 0.343118 0
0.808999 0.352638 0
0.813818 0.340842 0
0.815862 0.33658 0
0.818975 0.33202 0
0.819717 0.328417 0
0.821869 0.32572 1
0.825396 0.323524 0
0.829142 0.323215 0
0.832105 0.319786 0
0.836497 0.315414 0
0.840772 0.315596 0
0.843743 0.312445 0
0.847558 0.307511 0
0.851077 0.307097 0
0.855467 0.305026 0
0.860558 0.302006 0
0.866382 0.297897 0
0.874513 0.293876 0
0.887795 0.27856 0
0.890023 0.272319 0
0.888892 0.270261 0
0.888846 0.270449 0
0.888691 0.269439 1
0.8889 0.269395 0
0.88877 0.269311 0
0.888845 0.269357 0
0.889393 0.269336 0
0.888715 0.269157 0
0.889638 0.269549 0
0.889943 0.271481 0
0.912355 0.25613 0
0.912654 0.253718 0
0.912659 0.25276 0
0.912707 0.25304 0
0.913102 0.253317 0
0.913153 0.253081 0
0.913164 0.252951 1
0.915558 0.249171 1
0.918748 0.242568 1
0.918817 0.242352 0
0.928238 0.237514 0
0.929739 0.23655 1
0.931002 0.234695 1
0.930766 0.233558 0
0.936709 0.225315 0
0.938719 0.227106 1
0.938144 0.223981 0
0.941349 0.219343 0
0.939981 0.221229 0
0.944916 0.217439 0
0.946754 0.217342 0
0.94749 0.21709 1
0.944981 0.213247 0
0.947453 0.209608 0
0.948168 0.20775 0
0.950985 0.203777 0
0.953383 0.202453 0
0.956634 0.201089 0
0.956121 0.201085 0
0.958546 0.200106 0
0.960701 0.199693 0
0.963073 0.199395 0
0.964944 0.199364 1
0.964452 0.197785 0
0.964899 0.196947 0
0.964819 0.196411 0
0.964908 0.19589 0
0.965721 0.194889 0
0.966168 0.194121 0
0.967076 0.193041 0
0.968776 0.192808 0
0.971218 0.193005 0
0.971994 0.19315 0
0.972779 0.19367 1
0.97188 0.192684 0
0.975059 0.192303 1
0.975168 0.192283 0
0.976709 0.194584 0
0.97683 0.194056 0
0.976289 0.195073 0
0.975964 0.195108 1
0.97677 0.194568 0
0.97725 0.193592 1
