0.947876 0.00817817 1
0.950562 0.0082745 0
0.957594 0.00797195 0
0.982265 0.00722357 0
0.988882 0.00792653 0
0.994255 0.0078201 0
1 0.00812424 0
0.958238 0.00914597 0
0.950509 0.00804095 0
0.947907 0.00880786 0
0.947363 0.00753596 0
0.947743 0.00765204 0
0.948125 0.0078815 0
0.947248 0.00714382 0
0.946265 0.00681231 0
0.945278 0.00776364 0
0.943946 0.00802943 0
0.943274 0.00958971 0
0.942153 0.00979482 0
0.941456 0.0101615 0
0.940644 0.00984746 0
0.939445 0.00729484 0
0.938235 0.0076975 0
0.937647 0.00712396 0
0.936691 0.00691328 0
0.935459 0.00828797 0
0.934587 0.00817925 0
0.933805 0.00793131 0
0.933091 0.00804981 0
0.93238 0.00819587 0
0.9314 0.00815367 0
0.9308 0.00916188 0
0.930138 0.00962513 0
0.928922 0.00952404 0
0.928042 0.0100035 0
0.927275 0.00966743 0
0.92592 0.00866296 0
0.925442 0.00972794 0
0.924269 0.00913113 0
0.923666 0.0102265 0
0.922251 0.00925862 0
0.921695 0.0120215 0
0.920684 0.0112034 0
0.919659 0.0103019 0
0.918897 0.0103602 0
0.917391 0.00911957 0
0.916521 0.00907239 0
0.915783 0.00868345 0
0.914625 0.00703185 0
0.913734 0.00876357 0
0.912721 0.00890024 0
0.911992 0.00913928 0
0.91087 0.00863173 0
0.909448 0.00546404 0
0.908972 0.00617007 0
0.907573 0.00663833 0
0.906803 0.00681735 0
0.905972 0.0067071 0
0.904628 0.00631591 0
0.90358 0.00694038 0
0.902671 0.00755879 0
0.901014 0.00564557 0
0.900159 0.00697385 0
0.899097 0.0071784 0
0.898166 0.00735458 0
0.897039 0.00699161 0
0.895551 0.00584363 0
0.894828 0.00648102 0
0.893285 0.0060804 0
0.892913 0.00534676 0
0.892174 0.00593262 0
0.89094 0.00691418 0
0.889618 0.00601301 0
0.88758 0.00540111 0
0.887474 0.00579952 0
0.886221 0.00563722 0
0.885534 0.00679866 0
0.884608 0.00686894 0
0.883743 0.00743369 0
0.882006 0.00745868 0
0.881435 0.00869309 0
0.879985 0.00851325 0
0.87928 0.00852612 0
0.878213 0.00876911 0
0.877007 0.00939044 0
0.875741 0.00953383 0
0.874873 0.00974115 1
0.873886 0.00946611 0
0.872982 0.00948597 0
0.871697 0.00982467 0
0.870988 0.0100643 0
0.869724 0.0107512 0
0.868685 0.0109615 0
0.867412 0.011577 0
0.866261 0.0112148 0
0.865004 0.0105807 0
0.864228 0.0112157 0
0.863378 0.0111011 0
0.862964 0.0113979 0
0.861353 0.011395 0
0.860338 0.0116562 0
0.859286 0.01148 0
0.857505 0.0113374 0
0.856652 0.0118494 0
0.855774 0.0114867 0
0.854169 0.0106299 0
0.853331 0.010935 0
0.852189 0.0113689 0
0.851125 0.0117175 0
0.85002 0.0115455 0
0.849059 0.0110797 0
0.848254 0.0104558 0
0.847282 0.00989104 0
0.846549 0.0109222 0
0.84554 0.0108867 0
0.844038 0.0104935 0
0.843106 0.00933535 0
0.842644 0.0100488 1
0.841692 0.0096237 0
0.840968 0.00966075 0
0.840007 0.00919811 0
0.83923 0.00849138 0
0.838327 0.00797257 0
0.837406 0.00849582 0
0.836783 0.00945745 0
0.836088 0.00937207 0
0.834965 0.00798677 0
0.834405 0.00807181 0
0.833818 0.00721956 0
0.833293 0.00863154 0
0.832519 0.00900965 0
0.831681 0.00940515 0
0.830468 0.0101641 0
0.829111 0.00977996 0
0.827932 0.00932071 0
0.826429 0.0078221 0
0.825093 0.00794362 0
0.823615 0.00838667 0
0.821951 0.00837493 0
0.820929 0.00819089 0
0.819719 0.00852613 0
0.818233 0.00842453 0
0.817349 0.00913951 0
0.816367 0.00905595 0
0.815626 0.0101158 0
0.814664 0.0112475 0
0.81333 0.0107933 0
0.812621 0.0121468 0
0.811704 0.0114688 0
0.810755 0.0115183 0
0.809749 0.0117617 0
0.809245 0.0130467 1
0.807813 0.0127736 0
0.806671 0.0128933 0
0.805396 0.0144892 0
0.803495 0.0166218 0
0.80248 0.0147938 0
0.80155 0.0135682 0
0.800534 0.0138297 0
0.799221 0.0137011 0
0.79743 0.0147403 0
0.795668 0.0148371 0
0.794667 0.0140472 0
0.793699 0.0137476 0
0.792501 0.0140391 0
0.791824 0.0143275 0
0.790831 0.013923 0
0.789588 0.0137445 0
0.788655 0.0139202 0
0.787363 0.0133651 0
0.786477 0.0128579 0
0.78603 0.0126854 0
0.78567 0.0133739 0
0.784619 0.0135449 0
0.783198 0.013272 0
0.781482 0.0120169 0
0.779775 0.0130436 0
0.779389 0.0114947 0
0.778996 0.0110589 0
0.778555 0.0116267 0
0.777447 0.0112931 0
0.776466 0.0107212 0
0.776199 0.0113127 0
0.77489 0.0109189 0
0.774828 0.012433 0
0.774754 0.012261 0
0.773691 0.0120779 0
0.772362 0.012445 0
0.771863 0.0111954 0
0.771756 0.0112113 0
0.771211 0.0110908 0
0.77084 0.010911 0
0.770562 0.0108904 0
0.769712 0.0109005 0
0.769102 0.0106764 1
0.769102 0.0106764 0
0.769102 0.0106765 0
0.769102 0.0106771 0
0.769104 0.0106745 0
0.769084 0.010683 0
0.76901 0.0107528 0
0.768886 0.0109811 0
0.768785 0.0113364 0
0.768274 0.0113339 0
0.768035 0.0110594 0
0.76772 0.0110594 0
0.767254 0.0112388 0
0.766206 0.0111346 0
0.765876 0.0113361 0
0.765416 0.0116438 0
0.764886 0.012374 0
0.764239 0.0129233 0
0.763976 0.0140532 0
0.762582 0.0138206 0
0.762092 0.0147324 0
0.76035 0.0135141 0
0.759091 0.0124475 0
0.758486 0.0133259 0
0.757761 0.0130674 0
0.756233 0.0115525 0
0.755465 0.0102791 0
0.755246 0.00685309 0
0.754057 0.00683144 0
0.753399 0.00441097 0
0.752096 0.00556177 0
0.753695 0.0242391 0
0.750347 0.0183576 0
0.747902 0.0160199 0
0.748252 0.0200621 0
0.746646 0.0172813 0
0.744712 0.0128238 0
0.743157 0.0116274 0
0.74145 0.0117759 0
0.740411 0.0137654 0
0.739965 0.0148417 0
0.739591 0.0150828 0
0.73893 0.0135201 0
0.736918 0.01347 0
0.735217 0.0131593 0
0.734553 0.0140028 0
0.733127 0.0138278 0
0.732481 0.013963 0
0.732554 0.0140327 0
0.730967 0.0134426 0
0.730195 0.0136453 0
0.729691 0.0136783 0
0.728289 0.0145957 0
0.727079 0.0143773 0
0.725971 0.0148973 1
0.725158 0.0148712 0
0.724017 0.0149673 0
0.723171 0.0150389 0
0.721722 0.0145845 0
0.721195 0.0152514 0
0.719996 0.0155079 0
0.718442 0.0153287 0
0.717105 0.0159655 0
0.715858 0.0163509 0
0.714598 0.0158368 0
0.713846 0.0153414 0
0.713138 0.0145033 0
0.712561 0.0148783 0
0.711354 0.0146839 0
0.710526 0.0136266 0
0.708999 0.0133561 0
0.707954 0.0123245 0
0.706885 0.0112644 0
0.70611 0.0124678 0
0.70503 0.0130317 0
0.704187 0.014156 0
0.703377 0.0150705 0
0.701957 0.0129004 0
0.701639 0.0147241 0
0.700137 0.0132596 0
0.69947 0.0133414 0
0.698664 0.0135617 0
0.69778 0.0132543 0
0.696847 0.0128226 0
0.695839 0.0130903 0
0.695043 0.0131423 0
0.694606 0.0141446 0
0.693981 0.0146124 0
0.692847 0.0146627 1
0.691216 0.016019 0
0.689112 0.0170988 0
0.688539 0.0177002 0
0.688015 0.0184833 0
0.68713 0.0194013 0
0.686382 0.0191906 0
0.686184 0.0194792 0
0.685648 0.0192297 0
0.685069 0.0185739 0
0.684964 0.020129 0
0.684198 0.0208882 0
0.682834 0.0211886 0
0.681621 0.0215824 0
0.681629 0.0230574 0
0.680166 0.0232034 0
0.679587 0.0244539 0
0.678707 0.0248931 0
0.67828 0.0252477 0
0.676858 0.0257098 0
0.67633 0.0266099 0
0.676507 0.0273965 0
0.67566 0.0278208 0
0.675166 0.0283516 0
0.674648 0.0285212 0
0.674292 0.0284368 0
0.67391 0.0282259 0
0.673856 0.0282685 0
0.673725 0.0282714 1
0.673209 0.0282222 0
0.672574 0.0285889 0
0.671992 0.0290571 0
0.671484 0.0295138 0
0.671696 0.0263977 0
0.670712 0.0268985 0
0.669701 0.0279404 0
0.668581 0.0290262 0
0.668152 0.0299196 0
0.667065 0.0292887 0
0.666474 0.0289399 0
0.665676 0.0291998 0
0.664595 0.0297153 0
0.663738 0.0295018 0
0.662514 0.0294237 0
0.661535 0.0297109 0
0.660746 0.0285455 0
0.659825 0.0284244 0
0.658535 0.0299627 0
0.657717 0.0294349 0
0.656755 0.0288419 0
0.655452 0.0300644 0
0.654896 0.0298526 0
0.653328 0.0322722 0
0.652142 0.0316177 0
0.651391 0.0299439 0
0.650747 0.0278646 0
0.648984 0.028813 0
0.648225 0.0289855 0
0.646525 0.0302625 0
0.645468 0.0292057 0
0.644424 0.0288376 0
0.643324 0.0273605 0
0.641974 0.0271806 0
0.640194 0.0275569 0
0.639074 0.0275937 0
0.637481 0.0272024 1
0.636021 0.0272021 0
0.634879 0.0264186 0
0.634955 0.0227182 0
0.633353 0.0228648 0
0.632656 0.0201785 0
0.631593 0.0195325 0
0.630376 0.0201166 0
0.629607 0.0193551 0
0.628874 0.0181736 0
0.627189 0.0163444 0
0.626529 0.0143089 0
0.622859 0.0176724 0
0.624434 0.0168777 0
0.62352 0.017147 0
0.623411 0.0145667 0
0.621113 0.0142022 0
0.6203 0.0142478 0
0.618874 0.0141637 0
0.618179 0.0149853 0
0.617307 0.0155903 0
0.615931 0.0157286 0
0.614894 0.0158414 0
0.613958 0.015681 0
0.613398 0.0154187 1
0.612801 0.0151351 0
0.612379 0.0151008 0
0.611601 0.0147529 0
0.610861 0.0146286 0
0.610566 0.0144492 0
0.610439 0.0150094 0
0.609584 0.0147156 0
0.609196 0.0148352 0
0.608199 0.014915 0
0.606969 0.0153237 0
0.606043 0.0163042 0
0.604269 0.0143902 0
0.603593 0.0148628 0
0.602741 0.0154457 0
0.602001 0.0149076 0
0.599897 0.0142486 0
0.599745 0.016052 0
0.599416 0.0188107 0
0.598086 0.0184043 0
0.596927 0.017731 0
0.596401 0.0204795 0
0.594662 0.0198105 0
0.593713 0.0222221 0
0.59185 0.0210348 0
0.590823 0.0220077 0
0.590299 0.0239674 0
0.589617 0.0271294 0
0.585908 0.0208318 0
0.586874 0.031463 0
0.585916 0.0322749 0
0.584868 0.0351259 0
0.583676 0.0357465 0
0.581739 0.0372187 0
0.58054 0.0381059 0
0.579741 0.0385627 1
0.578313 0.0380574 0
0.577693 0.0375438 0
0.577104 0.0358361 0
0.575609 0.0347743 0
0.573865 0.0332659 0
0.572974 0.0358866 0
0.57237 0.0319408 0
0.571088 0.0314804 0
0.570225 0.0302983 0
0.568766 0.0288074 0
0.567672 0.0272753 0
0.566327 0.0264885 0
0.565467 0.0240431 0
0.563929 0.0247698 0
0.563387 0.0221889 0
0.562238 0.0231289 0
0.561745 0.0218283 0
0.561154 0.020055 0
0.56002 0.0199787 0
0.559016 0.0192331 0
0.558213 0.0191059 0
0.557729 0.0186522 0
0.556812 0.0178408 0
0.556192 0.0182349 0
0.555225 0.0177994 1
0.555072 0.0178573 0
0.554781 0.0180541 0
0.554614 0.0181573 0
0.55497 0.0180217 0
0.55295 0.0191564 0
0.551765 0.0204252 0
0.552005 0.0198147 0
0.551362 0.0207233 0
0.551702 0.0205654 0
0.55138 0.0210183 0
0.550592 0.0213154 0
0.549236 0.0238925 0
0.548642 0.0252346 0
0.546847 0.0434883 0
0.549248 0.0229408 0
0.545665 0.0459575 0
0.543979 0.0492518 0
0.542947 0.049973 0
0.541799 0.0510859 0
0.541548 0.0515573 0
0.540895 0.0518112 0
0.540812 0.0518967 0
0.540669 0.0519336 1
0.540194 0.051798 0
0.539211 0.0516265 0
0.537481 0.0513025 0
0.536399 0.0511622 0
0.536064 0.0536233 0
0.535388 0.0540552 0
0.534128 0.0506729 0
0.532656 0.0485861 0
0.531812 0.0465283 0
0.531275 0.0452268 0
0.530229 0.0457992 0
0.5289 0.0461483 0
0.527379 0.0450173 0
0.526927 0.0410957 0
0.526409 0.0392519 0
0.525637 0.0390319 0
0.52548 0.037085 0
0.524613 0.0351759 0
0.523421 0.0349714 0
0.522557 0.0333423 0
0.521643 0.032088 0
0.520274 0.0327977 0
0.519425 0.0299287 0
0.518173 0.0312092 0
0.516798 0.0321637 0
0.515835 0.0313904 0
0.514335 0.0322755 0
0.513537 0.0307986 0
0.512819 0.02992 0
0.511642 0.0271413 0
0.510762 0.0277875 0
0.510136 0.0278709 0
0.508792 0.0278848 0
0.507927 0.0271925 0
0.506778 0.0259829 0
0.505979 0.0267575 0
0.504938 0.0271886 0
0.504961 0.0258273 0
0.503188 0.0262768 0
0.502431 0.0263326 1
0.501603 0.0259261 0
0.500697 0.024911 0
0.499589 0.0256959 0
0.498883 0.0244605 0
0.497343 0.025145 0
0.496433 0.0259237 0
0.496077 0.0242719 0
0.495275 0.024367 0
0.493614 0.0273763 0
0.494342 0.0237145 0
0.492655 0.0246302 0
0.491695 0.0248405 0
0.491059 0.0241058 0
0.491389 0.0234111 0
0.489656 0.0273509 0
0.488901 0.0233816 0
0.487937 0.0229052 0
0.487112 0.0201475 0
0.485571 0.0192279 0
0.48455 0.0258745 0
0.482241 0.0222472 0
0.480482 0.0322939 0
0.482001 0.0224281 0
0.48095 0.0334165 0
0.479203 0.0338594 0
0.478819 0.0229803 0
0.47627 0.0186978 0
0.475138 0.015629 0
0.474306 0.0138439 0
0.473499 0.0146575 0
0.471877 0.015201 0
0.470817 0.0131892 0
0.469616 0.0139798 0
0.468773 0.015189 0
0.468049 0.0164422 0
0.467286 0.0177742 0
0.467058 0.021359 0
0.46637 0.0236498 0
0.465746 0.0199732 0
0.463288 0.0177542 0
0.463197 0.0190124 0
0.463174 0.0237848 0
0.461141 0.0236387 0
0.460603 0.0244784 0
0.458163 0.019135 0
0.455592 0.016506 0
0.454583 0.0171047 0
0.453804 0.0165391 0
0.452425 0.0164657 0
0.451318 0.0177121 0
0.45048 0.0176459 0
0.449555 0.0177086 0
0.44857 0.0168772 0
0.451178 0.0360032 0
0.448029 0.0211341 0
0.447651 0.0186986 0
0.447582 0.0181797 0
0.447208 0.0183848 0
0.446841 0.0184824 0
0.446808 0.0184533 0
0.4468 0.0184402 0
0.446803 0.0184392 0
0.4468 0.0184408 0
0.4468 0.0184406 0
0.4468 0.0184407 1
0.446042 0.0253676 0
0.445869 0.0242147 0
0.445585 0.0217363 0
0.446257 0.0262859 0
0.4421 0.0374206 0
0.442043 0.0424913 1
0.441428 0.0336259 0
0.441555 0.0258853 0
0.440375 0.0316358 0
0.440464 0.0351974 0
0.4385 0.0424317 0
0.436554 0.0389359 0
0.435341 0.0396234 0
0.434763 0.0401059 0
0.433856 0.0393011 0
0.433343 0.0398902 0
0.432195 0.0381542 0
0.430917 0.038764 0
0.429775 0.0392245 0
0.428727 0.0346281 0
0.4282 0.0334476 0
0.427941 0.0382059 0
0.426808 0.0377854 0
0.425764 0.037159 0
0.42481 0.0381155 0
0.423876 0.0384057 0
0.422808 0.0376121 0
0.422303 0.0372812 0
0.421581 0.0376383 0
0.419833 0.0367548 0
0.419364 0.036961 0
0.418701 0.0371277 0
0.418189 0.0362596 0
0.417168 0.035628 0
0.416845 0.0357308 0
0.415368 0.0364074 0
0.414711 0.0343779 0
0.413885 0.0321069 0
0.413277 0.032482 0
0.411773 0.0331895 0
0.410509 0.033674 0
0.409632 0.0329475 0
0.409234 0.0323478 0
0.408503 0.0338387 0
0.406923 0.0345605 0
0.406558 0.0341472 0
0.405445 0.0315842 0
0.404522 0.0342403 0
0.402526 0.0368658 0
0.401537 0.0312147 0
0.401885 0.0351303 0
0.400613 0.033888 0
0.399434 0.0345779 0
0.397489 0.0363712 0
0.398253 0.0373001 0
0.395938 0.0368125 0
0.395716 0.0388684 0
0.394357 0.038053 0
0.39342 0.0387209 0
0.393306 0.0382546 0
0.39265 0.023223 0
0.39049 0.0406919 1
0.389091 0.0393107 0
0.388524 0.0374495 0
0.386984 0.0170513 1
0.385632 0.0174451 0
0.384761 0.0178343 0
0.38358 0.0176875 0
0.382593 0.0179094 0
0.381772 0.018242 0
0.381194 0.0192961 0
0.379756 0.019273 0
0.378771 0.0177413 0
0.37791 0.0170289 0
0.376694 0.0178334 0
0.376019 0.0173918 0
0.37479 0.0153975 0
0.373478 0.0147899 0
0.372372 0.0121678 0
0.37046 0.0123513 0
0.369512 0.0111883 0
0.368845 0.00883592 0
0.366455 0.00335602 0
0.366127 0.00429771 0
0.364163 0.00495483 0
0.362689 0.00376255 0
0.361235 0.00265819 0
0.359907 0.00191549 0
0.358334 0.001982 0
0.357091 0.00314225 0
0.356329 0.0033036 0
0.35478 0.00270124 0
0.353586 0.000807709 0
0.351081 0 0
0.350387 0.00374654 0
0.34978 0.00622691 0
0.347967 0.00355662 0
0.346773 0.00339259 0
0.345514 0.00476067 0
0.344128 0.00513375 0
0.342823 0.00484485 0
0.34143 0.0041481 0
0.340294 0.00552839 0
0.338957 0.00582112 0
0.337955 0.00653426 0
0.337109 0.00647402 0
0.335896 0.00660439 0
0.334246 0.00743834 0
0.334115 0.0103098 0
0.33362 0.0120862 0
0.332027 0.0116558 0
0.330361 0.0113076 0
0.330048 0.0128837 0
0.329788 0.0153328 0
0.328556 0.0138538 0
0.326862 0.0139073 0
0.32624 0.0148031 0
0.325231 0.0151993 1
0.324681 0.0163736 0
0.324042 0.0172125 0
0.323449 0.0186458 0
0.321627 0.0289901 0
0.320555 0.0340515 0
0.31817 0.0410862 0
0.316033 0.0422002 0
0.315004 0.0412879 1
0.317451 0.0278066 0
0.315512 0.0240924 0
0.314704 0.024637 0
0.313746 0.0265976 0
0.312557 0.0283251 0
0.311705 0.0296023 0
0.310066 0.0303834 0
0.308941 0.0303542 0
0.307433 0.0321067 0
0.306181 0.0321164 0
0.305308 0.0319999 0
0.305018 0.0315397 0
0.303947 0.0311772 0
0.303287 0.0307321 0
0.30259 0.0304865 0
0.301321 0.0300756 0
0.300389 0.0300409 0
0.299711 0.0294902 0
0.299111 0.0295248 0
0.298319 0.0291691 0
0.297755 0.0281907 0
0.297204 0.0280694 0
0.296578 0.028 0
0.296071 0.0274485 0
0.295425 0.0271606 0
0.295 0.0268133 1
0.293747 0.0263177 0
0.292753 0.0259041 0
0.291781 0.0250846 0
0.290825 0.025261 0
0.290103 0.0249838 0
0.289322 0.0243836 0
0.289289 0.0235038 0
0.288653 0.022787 0
0.287632 0.0221988 0
0.286404 0.0215129 0
0.285943 0.0205007 0
0.28573 0.0194918 0
0.285007 0.0186789 0
0.283554 0.0180517 0
0.28266 0.0173824 0
0.282021 0.0161822 0
0.281078 0.0154547 0
0.280311 0.0143922 0
0.279415 0.0137392 0
0.278615 0.0127524 1
0.277534 0.0126458 0
0.276796 0.0122872 0
0.276022 0.0119272 0
0.274912 0.011964 0
0.274059 0.0121578 0
0.272894 0.0115285 0
0.271517 0.0123087 0
0.271059 0.0103699 0
0.268422 0.0149524 0
0.268522 0.0125204 0
0.26791 0.0107434 0
0.266485 0.0106548 0
0.265513 0.0110455 0
0.263989 0.0113746 0
0.263294 0.01053 0
0.262809 0.00960461 0
0.261737 0.0106096 0
0.260179 0.010202 0
0.258555 0.0104044 0
0.257513 0.0106513 0
0.256148 0.0109727 0
0.254772 0.011478 0
0.253521 0.0116216 0
0.251826 0.0131305 0
0.250203 0.0159534 0
0.249834 0.0128943 0
0.248624 0.0133319 1
0.24672 0.0138427 0
0.245457 0.0130707 0
0.245096 0.0127465 0
0.242605 0.013146 0
0.241556 0.0132685 0
0.241689 0.00826251 0
0.240244 0.0088266 0
0.239673 0.0093064 0
0.238152 0.00890558 0
0.236592 0.0103632 0
0.235627 0.0109817 0
0.234152 0.0113379 0
0.232695 0.0105083 0
0.231729 0.00760839 0
0.231299 0.00934066 0
0.23015 0.0100356 0
0.227977 0.0111315 0
0.227753 0.0128763 0
0.226332 0.00307768 0
0.225195 0.00354615 0
0.224667 0.00328221 0
0.223143 0.00657235 0
0.222699 0.00848837 0
0.22203 0.00466026 0
0.220767 0.00515339 0
0.220157 0.00386276 0
0.219752 0.00452775 0
0.218963 0.00469095 0
0.217726 0.00589544 0
0.216357 0.00563356 0
0.215742 0.00823494 0
0.214989 0.00997484 0
0.212588 0.0197907 0
0.211598 0.0189473 0
0.212057 0.00836551 0
0.212234 0.00616605 0
0.211401 0.00760974 0
0.2109 0.00821985 0
0.209058 0.0109619 0
0.208498 0.0122451 0
0.207787 0.0124717 0
0.207015 0.0117173 0
0.206583 0.0103906 0
0.205881 0.0110914 0
0.204735 0.0117949 0
0.204008 0.0113011 0
0.203748 0.00931531 0
0.202608 0.00912965 0
0.202006 0.0093743 0
0.201374 0.00957244 0
0.200627 0.0091809 0
0.200131 0.00862613 0
0.199429 0.00840011 1
0.198813 0.00826364 0
0.198495 0.00821504 0
0.198413 0.00836319 0
0.198016 0.00830936 0
0.197649 0.00834581 0
0.197124 0.00852437 0
0.196437 0.0083614 0
0.19607 0.00884871 0
0.195662 0.00859804 0
0.195214 0.00841957 0
0.195098 0.0076383 0
0.194673 0.00756717 0
0.194277 0.00725624 0
0.193535 0.00828411 0
0.192957 0.00903001 0
0.192179 0.00945186 0
0.192284 0.0076412 0
0.191789 0.007781 0
0.190627 0.0101964 0
0.189726 0.0108158 0
0.189168 0.0106941 0
0.188172 0.0111345 0
0.186988 0.0134739 0
0.186293 0.0134056 0
0.185634 0.010132 0
0.183427 0.0116932 0
0.182676 0.0128694 0
0.180916 0.013608 0
0.18199 0.00797697 0
0.179754 0.013442 0
0.179258 0.0113626 0
0.177491 0.00967459 0
0.177242 0.00611679 0
0.176112 0.00843843 0
0.175632 0.00653214 0
0.174869 0.00435755 0
0.173346 0.00606642 0
0.17165 0.0108586 0
0.170506 0.0137776 0
0.169027 0.0164243 0
0.167573 0.0187394 0
0.165094 0.0241586 0
0.163935 0.0279229 1
0.16383 0.0268653 0
0.168464 0.00346049 0
0.166048 0.00435063 0
0.163272 0.00753413 0
0.160056 0.0125444 0
0.159169 0.0127223 0
0.157167 0.0141549 0
0.15865 0.00831016 0
0.157264 0.00706109 0
0.156592 0.00592866 0
0.155943 0.00400912 0
0.154798 0.0045937 0
0.153503 0.00649505 0
0.152657 0.00664231 0
0.149857 0.00930744 0
0.15064 0.00430602 0
0.149072 0.00560154 0
0.14821 0.00712298 0
0.146731 0.00905734 0
0.146591 0.00669773 0
0.145446 0.00608027 0
0.143988 0.00641819 0
0.143619 0.0057071 0
0.142174 0.00765723 0
0.141323 0.00700161 0
0.139875 0.00608557 0
0.139249 0.00501952 0
0.138407 0.00642078 0
0.137249 0.00492223 0
0.136547 0.00401852 0
0.135432 0.00473891 1
0.134581 0.00465679 0
0.134077 0.00523315 0
0.133382 0.00523071 0
0.132547 0.0048196 0
0.131455 0.00509183 0
0.130657 0.00530587 0
0.129714 0.00530242 0
0.128642 0.00547408 0
0.127411 0.00590291 0
0.126563 0.00527057 0
0.126007 0.00554667 0
0.124947 0.00665231 0
0.124177 0.00710639 0
0.122776 0.00802943 0
0.122503 0.00762151 0
0.120021 0.00992753 0
0.119054 0.0131451 0
0.118263 0.0137827 0
0.11676 0.0149712 0
0.115852 0.0153114 0
0.114542 0.0144497 0
0.113719 0.0113005 1
0.112423 0.0135355 0
0.110706 0.0157449 0
0.110322 0.0154731 0
0.109053 0.0155249 0
0.108026 0.015231 0
0.106975 0.015085 0
0.105227 0.0156425 0
0.104431 0.0152919 0
0.103272 0.0154021 0
0.102322 0.0148091 0
0.101638 0.0114854 0
0.099494 0.0105034 0
0.0986036 0.0108699 0
0.0974008 0.011368 0
0.0962071 0.0114119 0
0.0958159 0.011008 0
0.094804 0.0110323 0
0.0938219 0.0111932 0
0.0928485 0.0114496 0
0.0916014 0.0113912 0
0.0907268 0.0113821 0
0.0899237 0.0113145 0
0.0891066 0.0109656 0
0.0879522 0.0115526 0
0.0865005 0.0102502 0
0.0847195 0.0085191 0
0.0855085 0.0109527 0
0.083835 0.0118352 0
0.0829873 0.0115782 0
0.082257 0.0115359 1
0.0801993 0.0105979 0
0.0790581 0.0125481 0
0.0785288 0.0123202 0
0.0777577 0.0117815 0
0.0770656 0.012804 0
0.0751946 0.0141502 0
0.0725977 0.0151565 0
0.073146 0.0142719 0
0.0710878 0.0117258 0
0.0720614 0.0115465 0
0.0710836 0.0102575 0
0.0687743 0.0106476 0
0.069547 0.0124549 0
0.0680059 0.0123717 0
0.0671956 0.0106689 0
0.0655264 0.0101604 0
0.063784 0.0109269 0
0.062307 0.0116732 0
0.0617513 0.0100861 0
0.0610143 0.00791744 0
0.059931 0.00759828 0
0.0588051 0.00849364 0
0.0581018 0.00765783 0
0.0569585 0.00661771 0
0.0561964 0.00596475 0
0.0552773 0.00625882 0
0.0542085 0.00757149 0
0.0529999 0.00856229 0
0.0525646 0.00558378 0
0.0516251 0.00662427 0
0.0507162 0.00832668 0
0.0500172 0.00560335 0
0.0473275 0.00668916 0
0.046932 0.0066542 0
0.0453763 0.00551125 0
0.045646 0.00440846 0
0.0448823 0.00527983 0
0.0441988 0.00658345 0
0.0438861 0.00957355 0
0.0429485 0.0117782 0
0.0417476 0.0105559 0
0.040466 0.00806444 0
0.0381954 0.0093478 0
0.0387202 0.0120862 0
0.0383415 0.0104922 0
0.0377729 0.00855466 0
0.0372426 0.00604877 1
0.036105 0.00577746 0
0.0351015 0.00634104 0
0.0339452 0.00958366 0
0.0314378 0.00814763 0
0.0311062 0.00556174 0
0.0292068 0.00589088 0
0.0286588 0.005741 0
0.027819 0.00650462 0
0.0274279 0.00603698 0
0.0253377 0.00599577 0
0.0248485 0.00567604 0
0.023505 0.00512122 0
0.0221432 0.00551735 0
0.0230651 0.00672476 0
0.0200901 0.007256 0
0.0209037 0.00674482 0
0.0203218 0.00666843 0
0.0194288 0.00647567 0
0.0183886 0.00689369 0
0.0177997 0.00754259 0
0.0169005 0.00776456 0
0.0158228 0.0098308 0
0.0153716 0.0089496 0
0.0146225 0.0092125 0
0.0137261 0.00930118 0
0.0128899 0.00878437 0
0.0127881 0.00714785 0
0.0121722 0.00691707 0
0.010768 0.00873421 0
0.0103032 0.00822181 0
0.0092128 0.00911863 0
0.00846858 0.0093986 0
0.0077905 0.00941537 0
0.00719864 0.00819378 0
0.00642194 0.00758731 0
0.00596278 0.00741052 0
0.00550444 0.00676876 0
0.0047472 0.00691896 0
0.00398706 0.00693914 0
0.003438 0.00592398 0
0.00296162 0.00502791 0
0.0024192 0.00518698 0
0.00201861 0.00397896 0
0.00166767 0.00467324 0
0.00148049 0.0054787 0
0.00100032 0.00561442 0
0.000573231 0.00525906 0
0 0.00497511 1
