1 0.00217958 1
0.997442 0.00220491 0
0.992873 0 0
0.987868 0.00582083 0
0.981962 0.00242859 0
0.978207 0.00465334 0
0.973898 0.00655025 0
0.970103 0.0111315 0
0.965994 0.0114582 0
0.960779 0.0154297 0
0.958183 0.0209836 0
0.957183 0.0223041 0
0.954765 0.0231474 0
0.951422 0.0257109 0
0.949404 0.0273379 0
0.94621 0.0272158 0
0.943265 0.0288921 0
0.93962 0.031819 0
0.939758 0.0313881 0
0.938963 0.0339825 0
0.937239 0.0355385 0
0.935264 0.0356785 0
0.932827 0.0374308 0
0.931038 0.0370056 0
0.928687 0.0375418 0
0.927078 0.0410669 0
0.925156 0.0444147 0
0.924317 0.049061 0
0.92557 0.0573828 0
0.925238 0.0619064 0
0.924076 0.0660103 0
0.923888 0.0719714 0
0.923531 0.07939 0
0.920973 0.0807945 0
0.918755 0.0816582 0
0.918619 0.0872924 0
0.917034 0.0894721 0
0.916112 0.0907394 0
0.913344 0.0884209 0
0.917085 0.104626 0
0.9171 0.109167 0
0.915546 0.10847 0
0.91323 0.101177 0
0.914245 0.107818 0
0.914013 0.11006 0
0.912992 0.106766 0
0.853588 0.115376 0
0.847069 0.114074 0
0.8424 0.116315 0
0.838287 0.124197 0
0.83816 0.123572 0
0.839368 0.127999 0
0.839795 0.128013 0
0.834787 0.1323 0
0.829954 0.134029 0
0.824615 0.133697 0
0.818172 0.139481 0
0.811445 0.135951 0
0.808531 0.130363 0
0.807103 0.130561 0
0.807412 0.131279 0
0.807512 0.132335 0
0.802195 0.137443 0
0.799959 0.148415 0
0.803707 0.147769 0
0.804867 0.146786 0
0.806143 0.152022 0
0.807323 0.155498 0
0.80863 0.153976 0
0.809762 0.150214 0
0.811003 0.152013 0
0.811628 0.15041 0
0.812094 0.149689 0
0.812398 0.149391 0
0.812399 0.146035 0
0.814476 0.140947 0
0.81568 0.140008 0
0.815698 0.140462 0
0.814816 0.141847 0
0.813103 0.147894 0
0.81315 0.160632 0
0.812251 0.166062 0
0.812474 0.167888 0
0.813327 0.171224 0
0.813607 0.17229 0
0.813534 0.172312 0
0.812882 0.170878 0
0.812277 0.168346 0
0.812093 0.166812 0
0.812587 0.170164 0
0.81363 0.172109 0
0.813667 0.172463 0
0.813828 0.172871 0
0.813816 0.172876 0
0.813815 0.172878 0
0.813815 0.172878 0
0.813815 0.172878 0
0.813815 0.172878 0
0.813815 0.172878 0
0.813815 0.172878 0
0.813815 0.172878 0
0.813814 0.172877 0
0.813815 0.172872 0
0.8138 0.172897 0
0.81405 0.172433 0
0.813815 0.172878 1
0.813239 0.17364 0
0.812394 0.174406 0
0.811472 0.174274 0
0.809899 0.173761 0
0.807071 0.174647 0
0.805088 0.176187 0
0.800614 0.175684 0
0.795294 0.172404 0
0.794221 0.177116 0
0.79078 0.173091 0
0.78874 0.172914 0
0.78831 0.179684 0
0.777307 0.135955 0
0.780261 0.113757 0
0.779229 0.106673 0
0.782388 0.0850875 0
0.785308 0.0685074 0
0.803901 0.0493576 0
0.808152 0.0391225 0
0.805986 0.0356837 0
0.802215 0.0324239 0
0.791478 0.0206767 0
0.792245 0.0321295 0
0.74853 0.20942 0
0.745971 0.219171 0
0.735806 0.222906 0
0.731226 0.225203 0
0.727 0.231708 0
0.735017 0.257472 0
0.757727 0.291937 0
0.769806 0.283754 0
0.765244 0.288524 0
0.760672 0.293656 0
0.760795 0.29471 0
0.7592 0.299034 0
0.758796 0.30145 0
0.758621 0.303096 0
0.757856 0.307396 0
0.760449 0.308466 0
0.763167 0.311156 0
0.765516 0.314366 0
0.766449 0.316906 0
0.766592 0.318664 0
0.768068 0.319688 0
0.768582 0.319755 0
0.767846 0.322197 0
0.771251 0.323122 0
0.774011 0.32515 0
0.773737 0.329071 0
0.777049 0.330361 0
0.778612 0.330002 0
0.779559 0.32741 0
0.783501 0.326719 0
0.785609 0.324437 0
0.787557 0.324605 0
0.791895 0.323056 0
0.795514 0.328281 0
0.802976 0.331916 0
0.818306 0.335304 0
0.82587 0.34513 0
0.835691 0.349151 0
0.834006 0.366911 0
0.834579 0.382007 0
0.837124 0.391417 0
0.838866 0.399277 0
0.838846 0.4085 0
0.858541 0.468741 0
0.87021 0.471707 0
0.871374 0.479452 0
0.869918 0.483702 0
0.869831 0.485343 0
0.854435 0.486898 0
0.853226 0.489249 0
0.857429 0.494142 0
0.859798 0.497721 0
0.8574 0.501417 0
0.856575 0.509433 0
0.875296 0.535494 0
0.849283 0.532937 0
0.855418 0.564088 0
0.864556 0.587918 0
0.84149 0.590863 0
0.822182 0.591362 0
0.809746 0.593363 0
0.789365 0.572321 0
0.772379 0.546702 0
0.77154 0.533621 0
0.776536 0.510338 0
0.773362 0.493455 0
0.772882 0.490441 0
0.757811 0.486681 0
0.754749 0.48604 0
0.743985 0.481 0
0.740049 0.480071 0
0.743548 0.444755 0
0.7376 0.438495 0
0.76131 0.505442 0
0.758741 0.49666 0
0.759342 0.495819 0
0.76026 0.496105 0
0.751553 0.495656 0
0.753234 0.494248 0
0.749955 0.49431 0
0.748657 0.494395 0
0.747499 0.495633 0
0.746613 0.497939 0
0.749932 0.49929 0
0.755539 0.503608 0
0.7588 0.504721 0
0.755898 0.50302 0
0.755731 0.503216 0
0.759126 0.501967 0
0.759715 0.50093 1
0.721334 0.42011 0
0.740912 0.409945 1
0.740912 0.409944 0
0.740908 0.409942 0
0.740916 0.409921 0
0.74084 0.409829 0
0.740682 0.409103 0
0.74153 0.409631 0
0.741816 0.406559 0
0.742144 0.404745 0
0.741637 0.404042 0
0.741893 0.402629 0
0.741715 0.398974 0
0.73045 0.389019 0
0.713367 0.379371 0
0.702135 0.373825 0
0.697171 0.371168 0
0.687568 0.365782 0
0.686493 0.362934 0
0.683039 0.359426 0
0.682717 0.35791 0
0.681104 0.355639 0
0.67892 0.352038 0
0.679617 0.348566 0
0.68218 0.347079 0
0.682004 0.344419 0
0.683193 0.343059 0
0.684758 0.340756 0
0.689935 0.342812 0
0.693983 0.342351 0
0.695042 0.340535 0
0.701353 0.335587 0
0.70946 0.328329 0
0.739809 0.353115 0
0.73771 0.345184 0
0.767573 0.290395 0
0.798205 0.267814 0
0.798764 0.269608 0
0.797602 0.271471 0
0.793676 0.273688 0
0.792088 0.27559 0
0.781935 0.280204 0
0.778552 0.282753 0
0.770851 0.288434 0
0.760514 0.297883 0
0.758942 0.301032 0
0.761456 0.302084 0
0.76275 0.303294 0
0.76115 0.307717 0
0.755715 0.328919 0
0.765871 0.304204 0
0.764045 0.308587 0
0.763247 0.311613 0
0.76397 0.31099 0
0.760754 0.326441 0
0.763961 0.311308 0
0.764353 0.312936 0
0.766284 0.313653 0
0.765798 0.320953 0
0.767024 0.324266 0
0.769717 0.323418 0
0.772374 0.322379 0
0.774187 0.327897 0
0.777536 0.332701 0
0.780087 0.3342 0
0.780752 0.337132 1
0.785386 0.33699 0
0.789891 0.334915 0
0.799941 0.334052 0
0.803222 0.339093 0
0.811955 0.341739 0
0.820704 0.345172 0
0.829833 0.352882 0
0.84026 0.362021 0
0.854005 0.376951 0
0.851821 0.389418 0
0.852451 0.414462 0
0.840034 0.426425 0
0.831468 0.438998 1
0.836943 0.447467 0
0.837296 0.452084 0
0.836658 0.456569 0
0.840474 0.462211 0
0.8471 0.471359 0
0.850387 0.476601 0
0.863729 0.490769 0
0.886341 0.511911 0
0.900285 0.531028 0
0.877483 0.528418 0
0.862233 0.531419 0
0.839039 0.513901 0
0.830334 0.512951 0
0.834396 0.533714 0
0.835452 0.548307 0
0.826286 0.551034 0
0.809446 0.544663 0
0.795188 0.539273 0
0.784453 0.530355 0
0.778244 0.519027 1
0.777454 0.518082 0
0.781001 0.516633 0
0.775851 0.478111 0
0.763317 0.476495 0
0.76011 0.47679 1
0.755441 0.470984 0
0.75251 0.462804 0
0.749388 0.457866 0
0.748108 0.454065 0
0.747967 0.452702 0
0.741448 0.444764 0
0.767796 0.501025 0
0.761413 0.491723 0
0.743186 0.497162 0
0.75548 0.490813 0
0.753694 0.493094 0
0.748416 0.432755 0
0.747023 0.425558 0
0.747293 0.423806 0
0.7483 0.419854 0
0.737492 0.430648 0
0.749528 0.509673 0
0.756652 0.49508 0
0.762672 0.498198 0
0.741085 0.51729 0
0.741666 0.410547 0
0.741187 0.401143 0
0.745181 0.402875 0
0.74105 0.399733 0
0.735442 0.394992 0
0.729367 0.390766 0
0.71918 0.388138 0
0.701606 0.385912 0
0.693513 0.380755 0
0.703365 0.376865 0
0.700501 0.375623 0
0.693043 0.37163 0
0.690918 0.371035 0
0.689197 0.369012 0
0.699067 0.366872 0
0.70311 0.366 0
0.706617 0.364883 0
0.708087 0.362526 0
0.708874 0.361385 0
0.715259 0.361736 0
0.716752 0.360368 0
0.719328 0.359977 0
0.722765 0.360259 0
0.72312 0.358208 0
0.70698 0.352694 0
0.699556 0.348562 0
0.690503 0.346228 0
0.691622 0.343674 0
0.685578 0.341429 0
0.683742 0.33735 0
0.680537 0.334508 0
0.682641 0.330542 0
0.679122 0.32486 0
0.682058 0.322527 0
0.683638 0.320434 0
0.686915 0.318496 0
0.687492 0.31509 0
0.683293 0.310366 0
0.681987 0.308617 0
0.681939 0.296548 0
0.705272 0.215004 0
0.707261 0.215387 0
0.706059 0.220763 0
0.704811 0.224353 0
0.700912 0.219858 0
0.698336 0.228838 0
0.692793 0.224938 0
0.687094 0.22929 0
0.675535 0.22232 0
0.668974 0.21878 0
0.661894 0.217419 0
0.657089 0.228911 0
0.651571 0.229378 0
0.642989 0.227454 0
0.64156 0.239323 0
0.631265 0.237568 0
0.620723 0.244151 0
0.61015 0.250057 0
0.602903 0.251841 0
0.59038 0.257004 0
0.583983 0.261275 1
0.581751 0.259765 0
0.580309 0.261535 0
0.578716 0.259989 0
0.576859 0.257696 0
0.573359 0.254902 0
0.569703 0.253727 0
0.566342 0.252769 0
0.560349 0.251649 0
0.555161 0.24767 0
0.551579 0.247564 0
0.545947 0.243773 0
0.541553 0.245869 0
0.537478 0.244881 0
0.53342 0.237194 0
0.529706 0.223479 0
0.524167 0.200729 0
0.517092 0.186857 0
0.507921 0.172198 0
0.498388 0.163601 0
0.49278 0.166457 0
0.488929 0.17125 0
0.486841 0.1788 0
0.486555 0.189774 0
0.48387 0.199281 0
0.482839 0.209524 0
0.478747 0.216637 0
0.473442 0.224005 0
0.470456 0.227995 0
0.465223 0.233341 0
0.459212 0.237212 0
0.454235 0.239739 0
0.448255 0.242795 1
0.445705 0.243839 0
0.44255 0.244621 0
0.440978 0.245975 0
0.437715 0.246647 0
0.433102 0.248326 0
0.429932 0.249633 0
0.426037 0.251417 0
0.421352 0.256022 0
0.417365 0.257436 0
0.411527 0.260522 0
0.405686 0.264242 0
0.402302 0.273022 0
0.398275 0.280666 0
0.391559 0.281482 0
0.388609 0.279033 0
0.383724 0.283087 0
0.379207 0.277411 0
0.376008 0.274117 0
0.37163 0.270434 0
0.367352 0.266732 0
0.362941 0.261893 0
0.356385 0.263568 0
0.353982 0.252074 0
0.34827 0.247353 0
0.339707 0.244559 0
0.332566 0.237495 0
0.322852 0.231422 1
0.31767 0.230295 0
0.312766 0.22903 0
0.310044 0.228727 0
0.267085 0.225045 1
0.263425 0.225253 0
0.259891 0.22485 0
0.258045 0.221826 0
0.244299 0.198289 0
0.242157 0.207126 0
0.241346 0.214162 0
0.240121 0.215721 0
0.238386 0.217122 0
0.236227 0.218123 0
0.233527 0.219098 0
0.230372 0.218319 0
0.227064 0.219677 0
0.223686 0.219366 1
0.218011 0.21785 0
0.213673 0.218415 0
0.206415 0.220369 0
0.201917 0.217191 0
0.19602 0.218925 0
0.189994 0.220895 0
0.182022 0.224648 0
0.178161 0.218948 0
0.171784 0.214305 0
0.166177 0.228649 0
0.161009 0.237022 0
0.152546 0.247426 0
0.144091 0.249385 0
0.139293 0.253316 0
0.133789 0.252811 0
0.130378 0.252839 0
0.127668 0.257652 0
0.13228 0.241509 0
0.128131 0.237886 0
0.130913 0.192587 0
0.142096 0.19755 0
0.142947 0.210389 1
0.134284 0.191698 0
0.11381 0.221519 0
0.10665 0.197667 0
0.0960141 0.203923 0
0.091251 0.183987 0
0.0817626 0.181204 0
0.0703069 0.201492 0
0.0559415 0.209196 0
0.012051 0.177106 0
0.00773465 0.220345 0
0 0.212696 0
0.00389913 0.212502 0
0.00410033 0.181585 0
0.00400518 0.178902 0
0.00462646 0.182021 0
0.0125988 0.184154 0
0.0174315 0.185079 0
0.0223875 0.18865 0
0.021288 0.195656 0
0.0289451 0.198268 0
0.0327953 0.196895 0
0.0400251 0.198453 0
0.0411374 0.198291 1
