0.951007 0.142592 1
0.950682 0.145493 0
0.94874 0.143821 0
0.948235 0.143366 0
0.948428 0.143342 0
0.94925 0.143818 0
0.95004 0.144327 0
0.950372 0.144773 0
0.948628 0.144811 0
0.943054 0.144126 0
0.940951 0.144357 0
0.943328 0.145442 0
0.947064 0.145315 0
0.949951 0.14602 0
0.947605 0.146892 0
0.944993 0.146836 0
0.939281 0.146146 0
0.940742 0.146392 0
0.946386 0.147577 0
0.946968 0.1487 0
0.943194 0.148337 0
0.942513 0.148158 0
0.943837 0.147804 0
0.944928 0.150695 0
0.9499 0.149835 0
0.948612 0.150746 0
0.947211 0.1505 0
0.946587 0.153444 0
0.946106 0.15383 0
0.949244 0.155986 0
0.947907 0.157416 0
0.947248 0.158279 0
0.949884 0.157745 0
0.945779 0.15803 0
0.944295 0.158161 0
0.947545 0.159229 0
0.951843 0.158832 0
0.952861 0.158913 0
0.953284 0.158281 0
0.956471 0.157745 0
0.956211 0.157287 0
0.960084 0.157519 0
0.959256 0.158058 0
0.959361 0.158026 0
0.959417 0.158386 0
0.960989 0.15878 0
0.961848 0.158078 0
0.961474 0.158288 0
0.962313 0.158942 0
0.965633 0.160234 0
0.950434 0.161209 0
0.963591 0.160699 0
0.964336 0.160494 0
0.966072 0.161948 0
0.970417 0.167462 0
0.970021 0.162056 0
0.96902 0.166088 0
0.969278 0.164348 0
1 0.191125 0
0.981213 0.194475 0
0.960362 0.170427 0
0.971992 0.174721 0
0.979055 0.170682 0
0.974539 0.16984 0
0.97315 0.174925 0
0.974479 0.186225 0
0.973439 0.186087 0
0.976414 0.18648 0
0.971137 0.180124 0
0.964378 0.181407 0
0.936227 0.182146 0
0.930951 0.183538 0
0.962309 0.185027 0
0.948141 0.184748 0
0.937586 0.186682 0
0.921845 0.187251 0
0.913726 0.189419 0
0.906725 0.189107 0
0.900197 0.188346 0
0.894261 0.192945 0
0.881683 0.191577 0
0.886938 0.184407 0
0.845869 0.194602 0
0.842852 0.183853 0
0.839054 0.184002 0
0.83908 0.177987 0
0.838484 0.174214 0
0.834614 0.171786 0
0.833645 0.169191 0
0.833819 0.16906 0
0.83653 0.167433 0
0.834042 0.167587 0
0.832347 0.164424 0
0.830595 0.161602 0
0.830247 0.158831 0
0.829577 0.158732 0
0.828609 0.157653 0
0.832388 0.159281 0
0.828564 0.158174 0
0.827869 0.160314 0
0.82767 0.160861 0
0.823137 0.158309 0
0.821686 0.157232 0
0.818791 0.15841 0
0.824965 0.148726 1
0.825478 0.14876 0
0.821569 0.150066 0
0.820681 0.14891 0
0.819819 0.151369 0
0.821618 0.147498 0
0.821108 0.146687 0
0.813668 0.151225 0
0.816036 0.149006 0
0.810236 0.154009 0
0.807237 0.150132 0
0.80581 0.145634 0
0.805258 0.142003 0
0.803906 0.137695 0
0.803544 0.13578 0
0.802403 0.136267 0
0.801403 0.135689 0
0.800028 0.135793 0
0.798367 0.135446 0
0.795728 0.135874 0
0.793814 0.146519 0
0.790228 0.14868 0
0.786712 0.148201 0
0.787091 0.148244 0
0.786315 0.148952 0
0.781783 0.152481 0
0.779976 0.150363 0
0.776265 0.150811 0
0.774621 0.150827 0
0.771735 0.152563 0
0.769969 0.150812 0
0.767885 0.151526 0
0.767731 0.15139 0
0.765685 0.153269 0
0.761412 0.154024 0
0.759565 0.151308 0
0.755783 0.150968 0
0.756034 0.15063 0
0.75311 0.153825 0
0.751873 0.153537 0
0.749259 0.155111 0
0.746577 0.152978 0
0.745414 0.15202 0
0.743359 0.151688 0
0.739283 0.153156 0
0.739841 0.151766 0
0.738697 0.151612 0
0.738247 0.151668 0
0.737084 0.152945 0
0.737902 0.152558 0
0.73803 0.150488 0
0.735824 0.152405 0
0.73541 0.152846 0
0.735297 0.152887 1
0.73454 0.15262 0
0.734081 0.153848 0
0.733081 0.153466 0
0.732347 0.154507 0
0.730695 0.153592 0
0.730194 0.156418 0
0.728884 0.158537 0
0.727984 0.159535 0
0.726993 0.15942 0
0.725007 0.159671 0
0.723144 0.158296 0
0.721761 0.15883 0
0.719412 0.158771 0
0.717104 0.156838 0
0.716002 0.15763 0
0.714469 0.161867 0
0.71242 0.163857 0
0.710471 0.166058 0
0.709632 0.166431 0
0.705853 0.168212 0
0.702773 0.169427 0
0.700364 0.16999 0
0.697379 0.169047 0
0.694285 0.1677 0
0.692272 0.167274 0
0.689663 0.168123 0
0.688074 0.166019 0
0.686586 0.164001 0
0.684852 0.162923 0
0.683496 0.160205 0
0.68059 0.160469 0
0.67781 0.160649 0
0.675362 0.160399 0
0.67521 0.157909 0
0.671396 0.160988 0
0.670103 0.158676 0
0.66929 0.156182 1
0.667552 0.155697 0
0.665345 0.155 0
0.663239 0.154169 0
0.66096 0.154766 0
0.659352 0.153171 0
0.656886 0.153506 0
0.654955 0.150864 0
0.653396 0.15229 0
0.650504 0.152022 0
0.64956 0.150628 0
0.642407 0.150764 0
0.64142 0.151243 0
0.638633 0.151446 0
0.633915 0.151605 0
0.633166 0.152547 0
0.629871 0.152417 0
0.630698 0.152844 0
0.625369 0.153755 0
0.624144 0.155401 0
0.61935 0.1562 0
0.617765 0.15763 0
0.616721 0.157527 0
0.614819 0.158648 0
0.612927 0.159373 1
0.611235 0.159288 0
0.610391 0.1575 0
0.607849 0.153672 0
0.605016 0.154477 0
0.602742 0.154883 0
0.599884 0.155395 0
0.597743 0.158346 0
0.594505 0.158714 0
0.590447 0.157892 0
0.586343 0.15742 0
0.58039 0.1531 0
0.576301 0.155497 0
0.570562 0.151152 0
0.565786 0.154355 0
0.561002 0.156032 0
0.556964 0.154222 0
0.554158 0.156182 0
0.550539 0.155136 0
0.548198 0.159083 0
0.544717 0.158189 0
0.540364 0.158907 0
0.537087 0.160443 0
0.534015 0.161452 0
0.531069 0.16196 0
0.53018 0.16338 0
0.52652 0.163417 0
0.523951 0.163323 0
0.522655 0.163991 0
0.519092 0.164002 0
0.520334 0.164179 0
0.515873 0.164315 0
0.513755 0.164736 0
0.511941 0.164102 0
0.51092 0.164652 0
0.509874 0.163393 0
0.510285 0.164687 0
0.507638 0.164364 1
0.506817 0.162104 0
0.504148 0.161742 0
0.502387 0.160685 0
0.499273 0.162198 0
0.496925 0.165662 0
0.494817 0.164786 0
0.492937 0.162691 0
0.489829 0.162548 0
0.488139 0.16522 0
0.484932 0.165769 0
0.482215 0.169667 0
0.479334 0.170591 0
0.475951 0.170577 0
0.474099 0.172093 0
0.470533 0.172513 0
0.467162 0.173446 0
0.463173 0.172904 0
0.457849 0.172753 0
0.45363 0.172984 0
0.450532 0.171442 0
0.445585 0.17117 0
0.440557 0.167973 0
0.43555 0.168172 0
0.432662 0.168185 0
0.427027 0.166023 0
0.424296 0.166048 0
0.422321 0.166119 0
0.422149 0.166077 0
0.422152 0.166076 0
0.422151 0.166076 0
0.422151 0.166077 0
0.422154 0.166078 0
0.42217 0.166076 0
0.422478 0.166226 0
0.423024 0.166228 0
0.422275 0.166036 0
0.422151 0.166076 1
0.419501 0.166491 0
0.416631 0.169699 0
0.413232 0.170149 0
0.40956 0.171654 0
0.407146 0.172935 0
0.403675 0.171953 0
0.401293 0.173208 0
0.397851 0.171921 0
0.395616 0.169021 0
0.391626 0.168714 0
0.387538 0.169848 0
0.383922 0.169417 0
0.380562 0.169686 0
0.376992 0.168489 0
0.373244 0.168308 0
0.370436 0.167763 0
0.365567 0.171262 0
0.363578 0.169547 0
0.360999 0.170944 0
0.355664 0.171647 0
0.353051 0.171421 0
0.349456 0.17069 0
0.346842 0.171003 0
0.344481 0.171539 0
0.342259 0.172275 0
0.339026 0.172792 0
0.339202 0.172596 0
0.334366 0.173525 0
0.3312 0.17319 0
0.329761 0.172325 0
0.327275 0.17245 1
0.326042 0.172056 0
0.323321 0.171421 0
0.321368 0.170567 0
0.3182 0.171338 0
0.315475 0.171283 0
0.313679 0.16991 0
0.310619 0.170187 0
0.307216 0.169128 0
0.304944 0.167799 0
0.299975 0.169379 0
0.296755 0.166853 0
0.293953 0.164592 0
0.290187 0.163324 0
0.287159 0.162397 0
0.283201 0.164644 0
0.279013 0.167667 0
0.276895 0.167871 0
0.273439 0.169853 0
0.270415 0.171712 0
0.26841 0.17289 0
0.267022 0.175321 1
0.263366 0.175688 0
0.261269 0.178223 0
0.258585 0.18038 0
0.254772 0.181352 0
0.254595 0.186163 0
0.253833 0.189912 0
0.25297 0.193231 0
0.251482 0.196592 0
0.250735 0.200323 0
0.248972 0.204876 0
0.248655 0.210362 0
0.25019 0.21426 0
0.247525 0.21853 0
0.245992 0.222205 0
0.242303 0.226783 0
0.233354 0.229165 0
0.224749 0.231195 0
0.225978 0.235687 0
0.223545 0.238336 1
0.224027 0.241032 0
0.224602 0.243434 0
0.224054 0.245789 0
0.223785 0.248521 0
0.225835 0.251915 0
0.230491 0.259503 0
0.244255 0.296817 0
0.238501 0.314719 0
0.230985 0.320646 0
0.223226 0.321814 0
0.220826 0.327151 0
0.220423 0.330438 0
0.220271 0.336255 0
0.217113 0.339333 0
0.213692 0.344393 0
0.211291 0.345803 0
0.207745 0.347819 0
0.202029 0.347541 0
0.202002 0.353561 0
0.197402 0.35455 0
0.192938 0.353841 0
0.18874 0.357704 0
0.186259 0.357699 0
0.181147 0.355573 0
0.177086 0.35759 1
0.174304 0.359762 0
0.171688 0.36123 0
0.16847 0.359568 0
0.164652 0.357406 0
0.161019 0.355429 0
0.157222 0.350088 0
0.152506 0.344382 0
0.144451 0.336668 0
0.140857 0.33763 0
0.137812 0.336924 0
0.134912 0.336734 0
0.132534 0.337691 0
0.129062 0.339123 0
0.127988 0.339511 0
0.127154 0.339556 1
0.126408 0.338241 0
0.125393 0.337842 0
0.124241 0.336636 0
0.122975 0.33365 0
0.120404 0.331688 0
0.118456 0.329786 0
0.121141 0.324857 0
0.11842 0.324154 0
0.12433 0.31878 0
0.122984 0.314406 0
0.124678 0.311519 0
0.127427 0.306829 0
0.128515 0.301848 0
0.127442 0.298115 0
0.131031 0.291296 0
0.132743 0.263822 0
0.131472 0.258619 0
0.129479 0.251998 0
0.134046 0.248639 0
0.136321 0.249747 0
0.14425 0.24248 0
0.144566 0.238071 0
0.150892 0.235806 0
0.154796 0.232964 0
0.155841 0.229508 0
0.158981 0.226941 0
0.164679 0.226645 1
0.164301 0.222688 0
0.162129 0.216907 0
0.159787 0.212756 0
0.160968 0.206132 0
0.164225 0.203724 0
0.164699 0.19789 0
0.1676 0.192653 0
0.172292 0.190314 0
0.175844 0.184703 0
0.181047 0.183479 0
0.184219 0.18248 0
0.18624 0.182473 1
0.187265 0.182963 0
0.187215 0.181107 0
0.188482 0.182794 0
0.189493 0.181899 0
0.18898 0.178129 0
0.190621 0.179431 0
0.191396 0.177208 0
0.19096 0.171543 0
0.191916 0.169032 0
0.194997 0.18667 0
0.196891 0.182347 0
0.198448 0.182665 0
0.200715 0.179828 0
0.204097 0.176369 0
0.205863 0.178143 0
0.206357 0.180758 0
0.212421 0.176406 0
0.209758 0.181163 0
0.213296 0.18227 0
0.210534 0.186147 0
0.215242 0.186161 0
0.209901 0.192473 0
0.210405 0.192141 0
0.209406 0.193527 0
0.210864 0.194133 0
0.208784 0.196941 0
0.20845 0.197366 0
0.208178 0.197611 1
0.208155 0.19774 0
0.208256 0.197983 0
0.20831 0.19824 0
0.208759 0.199949 0
0.208174 0.202218 0
0.209818 0.203147 0
0.209563 0.205607 0
0.210957 0.210782 0
0.212921 0.216017 0
0.213147 0.217716 0
0.213601 0.22372 0
0.213792 0.228378 0
0.211419 0.224521 0
0.21218 0.266007 0
0.208078 0.272117 0
0.205675 0.273363 0
0.203745 0.274913 0
0.20334 0.276816 0
0.201256 0.278616 1
0.202695 0.28347 0
0.202661 0.287044 0
0.203969 0.292447 0
0.201542 0.295637 0
0.201619 0.300267 0
0.200244 0.303143 0
0.202453 0.309071 0
0.196926 0.309696 0
0.201071 0.31654 0
0.203472 0.323525 0
0.204196 0.331086 0
0.201166 0.333638 0
0.193364 0.330657 0
0.202474 0.341553 0
0.182703 0.335246 0
0.220563 0.388064 0
0.230574 0.393587 0
0.160987 0.381472 0
0.155648 0.379908 0
0.150715 0.374494 0
0.146714 0.373466 0
0.143617 0.369512 0
0.138387 0.366395 0
0.137746 0.364449 0
0.133655 0.36139 0
0.130904 0.358166 0
0.126257 0.353425 1
0.124051 0.351616 0
0.118959 0.351577 0
0.11391 0.350079 0
0.1061 0.33825 0
0.100728 0.338022 0
0.0966339 0.334471 0
0.0942113 0.330277 0
0.0925616 0.327621 0
0.0901369 0.32415 0
0.0861415 0.321691 0
0.0785977 0.320365 0
0.0965093 0.31163 0
0.0952068 0.308953 0
0.0982204 0.306282 0
0.0982305 0.304026 0
0.0956984 0.302227 0
0.0908737 0.29908 0
0.0932189 0.296077 0
0.0997384 0.296304 0
0.103585 0.292662 1
0.103276 0.287722 0
0.104625 0.284814 0
0.104406 0.277102 0
0.111693 0.268137 0
0.107599 0.269406 0
0.107828 0.265197 0
0.111912 0.261381 0
0.113001 0.25649 0
0.122102 0.249507 0
0.127431 0.245607 0
0.135745 0.237471 0
0.139601 0.234666 0
0.143725 0.231942 0
0.147145 0.229333 0
0.150955 0.225986 0
0.148354 0.221522 0
0.14851 0.215747 0
0.151669 0.212582 0
0.154497 0.208991 0
0.156001 0.203914 0
0.157004 0.200728 0
0.162659 0.196249 0
0.160666 0.193891 0
0.164922 0.19283 0
0.167183 0.189978 0
0.170576 0.188983 0
0.172728 0.188462 0
0.176844 0.186597 0
0.174573 0.182071 0
0.178453 0.182195 0
0.176797 0.178208 0
0.167015 0.172639 0
0.166323 0.169808 0
0.164654 0.167179 0
0.162895 0.16305 0
0.172314 0.159582 0
0.158903 0.156644 0
0.14503 0.151574 0
0.137218 0.14854 0
0.156952 0.144114 0
0.154241 0.143786 0
0.150396 0.141308 0
0.148738 0.131591 0
0.144616 0.136573 0
0.141308 0.131565 0
0.147088 0.125549 0
0.143972 0.12255 0
0.143555 0.118995 0
0.140557 0.118401 0
0.136916 0.116447 0
0.131946 0.115141 0
0.130421 0.115171 0
0.128768 0.113108 0
0.127998 0.111966 0
0.126745 0.111886 1
0.125111 0.110474 0
0.123983 0.108883 0
0.125682 0.105749 0
0.124226 0.104841 0
0.131373 0.0957726 0
0.124907 0.0963795 0
0.124982 0.0921784 0
0.123766 0.084445 0
0.112391 0.090769 0
0.104687 0.0927492 0
0.105279 0.0840612 0
0.111152 0.0709621 0
0.109877 0.0676304 0
0.104567 0.0669407 0
0.0981143 0.0678714 0
0.0956645 0.0654117 0
0.094024 0.0613335 0
0.0874417 0.0591573 0
0.0788781 0.0613911 0
0.0732552 0.0622377 0
0.0698653 0.0589353 0
0.0670735 0.0584411 0
0.0633067 0.0582945 0
0.0620816 0.0570679 0
0.0593449 0.0569886 1
0.056446 0.054651 0
0.0519781 0.0546659 0
0.049101 0.0511766 0
0.0496078 0.0506179 0
0.0482986 0.0492152 0
0.0411786 0.0466339 0
0.042272 0.0451937 0
0.0396162 0.0427465 0
0.0395058 0.0394154 0
0.0386928 0.039201 0
0.0395228 0.0334214 0
0.0287509 0.0369073 0
0.0228036 0.0326616 0
0.0230959 0.0319361 0
0.0155649 0.0291662 0
0.0133533 0.0277015 0
0.01048 0.0272443 0
0.0100021 0.0234492 0
0.00998665 0.018606 0
0.00874052 0.0157713 0
0.0043936 0.0178412 0
0.00411958 0 0
3.14534e-06 0.0118486 0
0 0.0118466 0
1.9792e-07 0.0118463 0
2.46098e-07 0.0118464 0
2.34657e-07 0.0118464 0
2.40909e-07 0.0118464 0
2.40008e-07 0.0118464 0
2.43169e-07 0.0118464 0
2.43169e-07 0.0118464 0
2.43169e-07 0.0118464 0
2.43078e-07 0.0118464 0
2.43677e-07 0.0118464 0
2.43894e-07 0.0118464 0
2.43894e-07 0.0118464 0
2.43893e-07 0.0118464 0
2.43901e-07 0.0118464 0
2.439e-07 0.0118464 0
2.43899e-07 0.0118464 0
2.439e-07 0.0118464 0
2.439e-07 0.0118464 0
2.439e-07 0.0118464 0
2.439e-07 0.0118464 0
2.439e-07 0.0118464 0
2.439e-07 0.0118464 0
2.439e-07 0.0118464 0
2.439e-07 0.0118464 0
2.439e-07 0.0118464 0
2.439e-07 0.0118464 0
2.439e-07 0.0118464 0
2.439e-07 0.0118464 0
2.439e-07 0.0118464 0
2.439e-07 0.0118464 0
2.439e-07 0.0118464 0
2.439e-07 0.0118464 0
2.439e-07 0.0118464 0
2.439e-07 0.0118464 0
2.439e-07 0.0118464 0
2.439e-07 0.0118464 0
2.439e-07 0.0118464 0
2.439e-07 0.0118464 0
2.439e-07 0.0118464 0
2.439e-07 0.0118464 0
2.439e-07 0.0118464 0
2.439e-07 0.0118464 0
2.439e-07 0.0118464 0
2.439e-07 0.0118464 0
2.439e-07 0.0118464 0
2.439e-07 0.0118464 0
2.439e-07 0.0118464 0
2.439e-07 0.0118464 0
2.439e-07 0.0118464 0
2.439e-07 0.0118464 0
2.439e-07 0.0118464 0
2.439e-07 0.0118464 0
2.439e-07 0.0118464 0
2.439e-07 0.0118464 0
2.439e-07 0.0118464 0
2.439e-07 0.0118464 0
2.439e-07 0.0118464 0
2.439e-07 0.0118464 0
2.439e-07 0.0118464 0
2.439e-07 0.0118464 0
2.439e-07 0.0118464 0
2.439e-07 0.0118464 0
2.439e-07 0.0118464 0
2.439e-07 0.0118464 0
2.439e-07 0.0118464 0
2.439e-07 0.0118464 0
2.439e-07 0.0118464 0
2.439e-07 0.0118464 0
2.439e-07 0.0118464 0
2.439e-07 0.0118464 0
2.439e-07 0.0118464 0
2.439e-07 0.0118464 0
2.439e-07 0.0118464 0
2.439e-07 0.0118464 0
2.439e-07 0.0118464 0
2.439e-07 0.0118464 0
2.439e-07 0.0118464 0
2.439e-07 0.0118464 0
2.439e-07 0.0118464 0
2.439e-07 0.0118464 1
