0.411081 0.0219544 1
0.393369 0.0238975 0
0.375817 0.0343666 0
0.357584 0.0363869 0
0.340249 0.0377486 0
0.322262 0.0389117 0
0.305088 0.0222755 0
0.286313 0.0222868 0
0.270234 0.0122503 0
0.25567 0.00720179 0
0.236535 0.0037182 0
0.221599 0.0140156 0
0.204821 0.00154955 0
0.191369 0 0
0.177635 0.0193148 0
0.168646 0.035373 0
0.152534 0.0604751 0
0.130941 0.0858227 0
0.135013 0.111442 0
0.134422 0.119496 0
0.0915042 0.296099 0
0.0923401 0.325284 0
0.0910811 0.350289 0
0.0950733 0.364207 0
0.0998454 0.395817 0
0.0888325 0.433122 0
0.0696447 0.464763 0
0.0733548 0.484057 0
0.0740281 0.507883 0
0.0619058 0.542354 0
0.0768991 0.578615 0
0.0929418 0.613275 0
0.109272 0.652205 0
0.104645 0.670058 0
0.124132 0.673452 0
0.145702 0.675054 0
0.163559 0.68704 0
0.172945 0.719271 0
0.186538 0.726206 0
0.205524 0.738083 0
0.218332 0.749506 0
0.220737 0.78624 0
0.246008 0.781121 0
0.259677 0.787103 0
0.272237 0.81019 0
0.286509 0.841756 0
0.313585 0.830575 0
0.329405 0.847274 0
0.350376 0.83757 0
0.365257 0.855431 0
0.412073 0.775113 0
0.440643 0.773186 0
0.447771 0.779296 0
0.472619 0.76802 0
0.489678 0.775827 0
0.514426 0.77551 0
0.533405 0.795168 0
0.549894 0.837337 0
0.56681 0.837909 0
0.588534 0.799914 0
0.622706 0.767588 0
0.647063 0.734302 0
0.669509 0.731452 0
0.689696 0.7322 0
0.731802 0.710542 0
0.757279 0.702988 0
0.767733 0.700384 0
0.782619 0.715682 0
0.797641 0.722214 0
0.804789 0.728396 0
0.819361 0.726419 0
0.83532 0.719262 0
0.838595 0.719866 1
0.842411 0.712522 0
0.843114 0.707727 0
0.854336 0.709539 0
0.855716 0.699133 0
0.861419 0.691993 0
0.861536 0.674031 0
0.874389 0.674769 0
0.875471 0.660579 0
0.881217 0.653426 0
0.891633 0.640047 0
0.891868 0.630311 0
0.873384 0.61264 0
0.873732 0.57458 0
0.887419 0.473839 0
0.90195 0.468618 0
0.898547 0.449382 0
0.90199 0.433272 1
0.898567 0.415089 0
0.881326 0.391165 0
0.874522 0.370605 0
0.86492 0.348792 0
0.845119 0.317563 0
0.837987 0.292874 0
0.815692 0.24625 0
0.827673 0.221948 0
0.825891 0.197662 0
0.821749 0.181273 0
0.820269 0.168521 0
0.81752 0.161399 0
0.810368 0.1539 1
0.794939 0.144675 0
0.775669 0.121539 0
0.762976 0.101044 0
0.752094 0.0916809 0
0.738805 0.0787297 0
0.716711 0.0757514 0
0.699775 0.0718244 0
0.678033 0.0755986 0
0.654616 0.0834211 0
0.629701 0.0879706 0
0.614202 0.0743985 0
0.596818 0.0663955 0
0.579487 0.0673366 0
0.549704 0.0462633 0
0.526012 0.0281703 0
0.528952 0.0343397 0
0.502768 0.0305245 0
0.484047 0.0257564 0
0.463199 0.0221103 0
0.434945 0.0503537 0
0.402999 0.0535566 0
0.375027 0.0446274 0
0.363467 0.0379406 0
0.353385 0.027669 0
0.337198 0.0305006 0
0.312317 0.024582 0
0.285471 0.0307238 0
0.273345 0.0296909 0
0.244769 0.0397421 0
0.217388 0.050955 0
0.18151 0.0222722 0
0.160377 0.047644 0
0.132086 0.0734323 0
0.121473 0.143807 0
0.108139 0.142 0
0.0910829 0.150049 0
0.0853247 0.152831 0
0.0733405 0.163598 0
0.0621527 0.179017 0
0.0570219 0.147225 0
0.0609888 0.131202 0
0.0814144 0.177103 0
0.011072 0.288174 0
0.0160594 0.319141 0
0.0100012 0.350511 0
0.0102954 0.375707 0
0.00899854 0.405467 0
0.0136467 0.444968 0
0.00668273 0.467015 0
0 0.507952 0
0.0144297 0.53388 0
0.0139519 0.570595 0
0.0259922 0.588286 0
0.0485005 0.621686 0
0.0609562 0.655432 0
0.0726413 0.676064 0
0.0806635 0.703821 0
0.10349 0.687524 0
0.113593 0.716619 0
0.123774 0.735226 0
0.138349 0.738163 0
0.160174 0.721794 0
0.183758 0.730942 0
0.195619 0.748136 0
0.226014 0.76155 0
0.239124 0.789087 0
0.266572 0.792753 0
0.265475 0.850543 0
0.295819 0.837896 0
0.321216 0.827528 0
0.379371 0.760137 0
0.420161 0.731333 0
0.455334 0.712768 0
0.466742 0.733751 0
0.47951 0.739827 0
0.50167 0.758192 0
0.50643 0.800936 0
0.517754 0.833726 0
0.535899 0.851924 0
0.553345 0.84884 0
0.572289 0.851326 0
0.607087 0.833475 0
0.615121 0.782988 0
0.627852 0.724185 0
0.680057 0.663066 0
0.716457 0.685336 0
0.72713 0.741836 0
0.752984 0.707072 0
0.761693 0.752343 0
0.780029 0.689459 0
0.795365 0.773486 0
0.802479 0.784099 0
0.819032 0.785815 0
0.865453 0.68901 0
0.871001 0.686077 0
0.888435 0.693348 0
0.886256 0.674786 0
0.894366 0.669637 0
0.89486 0.656209 0
0.900635 0.649269 0
0.907706 0.63764 0
0.91895 0.636774 0
0.924924 0.610638 0
0.929549 0.593523 0
0.931866 0.573199 0
0.928857 0.560434 0
0.935599 0.550818 0
0.935128 0.541243 1
0.946005 0.522508 0
0.954015 0.499383 0
1 0.434011 0
0.997875 0.405227 0
0.992394 0.357221 0
0.971452 0.328177 0
0.965215 0.303596 0
0.954814 0.27499 0
0.931446 0.268046 0
0.919412 0.256031 0
0.907178 0.246283 1
0.903487 0.242251 0
0.902869 0.227153 0
0.903778 0.210001 0
0.897584 0.198833 0
0.901568 0.173349 0
0.904377 0.136549 0
0.903936 0.109377 0
0.8958 0.0832722 0
0.865148 0.0581727 0
0.844408 0.0367009 0
0.823547 0.0518416 0
0.792227 0.0467326 0
0.776482 0.0146962 0
0.740086 0.0231593 0
0.712689 0.0143772 0
0.683332 0.0399804 0
0.664674 0.0305555 0
0.649455 0.0263377 0
0.61516 0.0467647 0
0.598805 0.0349681 0
0.567817 0.05104 0
0.53205 0.0478427 0
0.497871 0.0716242 0
0.484083 0.0447816 0
0.441948 0.0784256 0
0.423866 0.0778822 0
0.397513 0.0829451 0
0.380265 0.0934291 0
0.35435 0.0842566 0
0.334862 0.0519635 0
0.316305 0.0503348 0
0.298019 0.0578758 0
0.27869 0.0438098 0
0.255774 0.0401264 0
0.236035 0.0640075 0
0.193131 0.100798 0
0.150896 0.12509 0
0.140483 0.109954 0
0.12798 0.120384 0
0.11749 0.13735 0
0.100325 0.131286 0
0.0772994 0.152216 0
0.0615304 0.191103 0
0.0441186 0.231876 1
0.0314067 0.238337 0
0.0315544 0.285136 0
0.0216237 0.31892 0
0.00584103 0.355905 0
0.0115023 0.381578 0
0.0288682 0.385767 0
0.0292451 0.412466 0
0.0135709 0.446149 0
0.00521548 0.488985 0
0.00167353 0.52441 0
0.00585683 0.552634 0
0.0137574 0.581887 0
0.0221856 0.608438 0
0.0167343 0.653197 0
0.0295054 0.661204 1
0.0473744 0.671773 0
0.0527986 0.705942 0
0.0689501 0.720169 0
0.077388 0.719874 0
0.0812124 0.720569 0
0.0855137 0.73809 0
0.108881 0.749061 0
0.137714 0.754367 0
0.163539 0.787803 0
0.202187 0.81831 0
0.230287 0.824468 0
0.230434 0.908536 0
0.264932 0.901819 0
0.289837 0.919764 0
0.330948 0.897943 0
0.337513 0.951662 0
0.339791 0.996322 0
0.378175 0.943975 0
0.431214 0.940246 0
0.45835 0.910179 1
