0.731154 0.106879 1
0.752935 0.106632 0
0.773545 0.128202 0
0.796984 0.140998 0
0.799944 0.193945 0
0.807855 0.248868 0
0.821105 0.298745 0
0.83432 0.328426 0
0.836364 0.360771 0
0.848021 0.391279 0
0.883164 0.380459 0
0.904369 0.407023 0
0.902465 0.448552 0
0.920607 0.483116 0
0.943597 0.50301 0
0.954791 0.506782 0
0.959887 0.497566 0
0.981284 0.498386 0
0.984748 0.509215 0
0.981944 0.519827 0
0.983127 0.529714 0
0.984262 0.54113 1
0.991714 0.553412 0
0.992797 0.563592 0
0.993691 0.582099 0
0.996285 0.593943 0
0.991702 0.603418 0
0.973437 0.63773 0
0.963518 0.671989 0
0.954288 0.696271 0
0.937263 0.723784 0
0.92471 0.742271 0
0.91234 0.768422 0
0.896559 0.784862 0
0.885413 0.819331 0
0.875329 0.851174 0
0.853356 0.884416 0
0.837648 0.904713 0
0.820254 0.919278 0
0.79772 0.932886 0
0.775323 0.952097 0
0.75605 0.970277 0
0.735855 0.9736 0
0.711308 0.961254 0
0.689603 0.945576 0
0.674473 0.949327 0
0.654192 0.958312 0
0.633386 0.953589 0
0.616411 0.945109 0
0.58616 0.965071 0
0.572535 0.964159 0
0.551748 0.973726 0
0.524137 0.977053 0
0.504587 0.989814 0
0.482933 0.988844 0
0.462465 0.975781 0
0.437768 0.969414 1
0.413088 0.959628 0
0.39732 0.947915 0
0.375424 0.940852 0
0.351065 0.926641 0
0.324906 0.928992 0
0.288805 0.921095 0
0.266954 0.92225 0
0.256224 0.908454 0
0.23848 0.89152 0
0.20309 0.913507 0
0.192003 0.906251 0
0.140675 0.764911 0
0.121248 0.763005 0
0.110599 0.733884 0
0.0923307 0.734148 0
0.077122 0.707723 0
0.0696029 0.692855 1
0.0638188 0.68844 0
0.0563129 0.685033 0
0.0482653 0.678776 0
0.0458558 0.677472 0
0.0416431 0.678907 0
0.0398375 0.681951 0
0.0446488 0.683193 0
0.0682543 0.647078 0
0.030347 0.555567 0
0.0309199 0.538702 0
0.0340148 0.507718 0
0.0357731 0.479381 0
0.0394164 0.457223 0
0.0741815 0.389633 0
0.0740971 0.38107 0
0.0775723 0.369101 0
0.0883118 0.351539 0
0.102983 0.326688 0
0.109328 0.299662 0
0.125984 0.277249 0
0.138921 0.268966 0
0.146509 0.24623 0
0.159516 0.223221 0
0.172024 0.206806 0
0.194066 0.183508 1
0.212359 0.139991 0
0.218244 0.14032 0
0.244622 0.11468 0
0.265637 0.101536 0
0.291927 0.0790044 0
0.320319 0.0506005 0
0.346669 0.0344554 0
0.379271 0.0167424 0
0.399499 0.020948 0
0.423396 0.0194484 0
0.446085 0.0320239 0
0.4829 0.0373145 0
0.501966 0.0477486 0
0.532305 0.0457012 0
0.562102 0.0561405 0
0.603481 0.0488025 0
0.628292 0.057379 0
0.643909 0.064644 0
0.666517 0.0574365 0
0.691301 0.0472108 0
0.712009 0.0479957 0
0.735664 0.0586802 0
0.751581 0.117446 0
0.771834 0.147683 0
0.779023 0.172178 0
0.794584 0.180112 0
0.808253 0.200078 0
0.817774 0.227349 0
0.825843 0.254135 0
0.848099 0.271334 0
0.864482 0.307012 0
0.88322 0.326019 0
0.881358 0.406845 0
0.904382 0.406427 0
0.905031 0.523837 0
0.924334 0.534627 0
0.934899 0.530506 0
0.942201 0.533356 0
0.945668 0.538607 0
0.956325 0.546614 0
0.969302 0.542821 0
0.977079 0.550647 0
0.980139 0.569605 0
0.962209 0.56566 0
0.962283 0.590031 0
0.962158 0.620387 0
0.952732 0.626572 0
0.944945 0.641124 0
0.929738 0.67375 0
0.923196 0.695529 0
0.923195 0.718135 0
0.914592 0.731104 0
0.913394 0.753827 0
0.893867 0.770546 0
0.873479 0.789409 0
0.868564 0.809336 0
0.853993 0.829984 0
0.83718 0.837127 0
0.817718 0.85002 0
0.794655 0.871353 0
0.777311 0.887487 0
0.766014 0.926633 0
0.740243 0.93209 0
0.727823 0.931999 0
0.703157 0.9459 0
0.683476 0.954313 0
0.669255 0.957214 0
0.643831 0.943196 0
0.622237 0.945814 0
0.600953 0.956082 0
0.582792 0.983976 0
0.560953 0.98456 0
0.539013 0.983147 0
0.52381 0.995185 0
0.50043 1 0
0.480625 0.98876 0
0.463026 0.926749 0
0.432645 0.930074 0
0.396468 0.916909 0
0.359899 0.929708 0
0.332446 0.920774 0
0.307547 0.903884 0
0.292509 0.885677 0
0.261314 0.88651 0
0.239781 0.88488 0
0.218002 0.887058 0
0.205204 0.867664 0
0.175911 0.840517 0
0.169678 0.837142 1
0.149326 0.829778 0
0.138426 0.821452 0
0.108965 0.823785 0
0.095665 0.810324 0
0.0642595 0.805643 0
0.042445 0.776867 0
0.0380359 0.764016 0
0.045594 0.677907 0
0.050424 0.655674 0
0.00826822 0.648145 0
0.0105286 0.639674 0
0.00743613 0.635794 0
0.0103719 0.627723 1
0.00465119 0.61988 0
0.000575414 0.606464 0
0 0.585719 0
0.00692333 0.563043 0
0.0042899 0.548045 0
0.0232934 0.524344 0
0.027863 0.48748 0
0.026634 0.473476 0
0.0892201 0.411567 0
0.0682295 0.374299 0
0.0826659 0.381331 0
0.0971003 0.376172 0
0.113482 0.354751 0
0.118467 0.330923 0
0.131545 0.306036 0
0.134794 0.280683 0
0.160396 0.257549 0
0.175179 0.213777 0
0.197436 0.194813 0
0.213894 0.11741 0
0.237128 0.101622 0
0.255104 0.0775557 0
0.284996 0.0228536 0
0.325496 0 0
0.318352 0.0721274 0
0.338082 0.0762604 0
0.369764 0.0519816 0
0.395581 0.0522266 0
0.425786 0.0610017 0
0.448344 0.0817367 0
0.492939 0.0696502 0
0.519062 0.0838239 0
0.550693 0.0985929 0
0.566367 0.0967102 0
0.592575 0.0994336 0
0.612581 0.0890665 0
0.643824 0.0673607 0
0.662551 0.0801085 0
0.68059 0.0945018 0
0.696839 0.102501 0
0.726294 0.11053 0
0.739169 0.129057 0
0.752006 0.159922 0
0.762997 0.21527 0
0.773045 0.269113 0
0.792811 0.31236 0
0.805494 0.364175 0
0.799416 0.556217 0
0.807504 0.558498 0
0.825219 0.55742 0
0.844755 0.558827 0
0.859884 0.554356 0
0.888544 0.55063 0
0.901612 0.556599 0
0.89843 0.563121 0
0.92993 0.522691 0
0.932621 0.526334 0
0.942488 0.521885 0
0.953048 0.52047 0
0.962634 0.533858 0
0.96891 0.546852 0
0.97031 0.523708 0
0.96134 0.56807 0
0.987985 0.610426 0
0.978777 0.627487 0
0.958155 0.637045 0
0.933091 0.645954 0
0.942714 0.680531 0
0.922703 0.705301 0
0.92824 0.721543 0
0.92888 0.736242 0
0.914224 0.740064 0
0.88837 0.762852 0
0.886398 0.777801 0
0.871348 0.792887 0
0.860519 0.813608 1
