0.917018 0.309352 1
0.92395 0.315527 0
0.924595 0.337178 0
0.938427 0.339376 0
0.942997 0.346641 0
0.939486 0.35721 0
0.944485 0.372877 0
0.961398 0.378905 0
0.968768 0.392827 0
0.977863 0.402285 0
0.960692 0.417409 0
0.973209 0.41546 0
0.97251 0.430487 0
0.969597 0.452713 0
0.980382 0.463518 0
0.976879 0.490391 0
1 0.522063 0
0.914253 0.618701 0
0.904821 0.63958 0
0.909884 0.645451 0
0.911545 0.649688 0
0.915569 0.646053 0
0.923705 0.655996 0
0.927553 0.669762 0
0.928959 0.684336 0
0.926857 0.693135 0
0.921084 0.704099 0
0.924346 0.720093 0
0.919733 0.730709 0
0.921488 0.738691 0
0.928199 0.742943 0
0.927986 0.750659 0
0.919116 0.760564 0
0.901373 0.768504 0
0.889992 0.773179 0
0.883612 0.785269 1
0.878935 0.792378 0
0.874742 0.802921 0
0.868917 0.806901 0
0.861482 0.81515 0
0.854466 0.822001 0
0.842355 0.833114 0
0.835297 0.84514 0
0.822698 0.867743 0
0.812681 0.910921 0
0.778054 0.937959 0
0.745502 0.932478 0
0.728082 0.943988 0
0.715021 0.955606 0
0.710282 0.982206 0
0.694078 0.983265 0
0.675771 0.980503 0
0.663689 0.974496 0
0.654363 0.968817 0
0.637694 0.971771 0
0.62723 0.965506 1
0.613094 0.968325 0
0.589398 0.981992 0
0.576159 0.982512 0
0.552532 0.984984 0
0.536393 0.983511 0
0.521578 0.981527 0
0.508347 0.979436 0
0.482939 0.987388 0
0.462496 0.985825 0
0.446829 0.985372 0
0.432585 0.976773 0
0.416774 0.972284 0
0.406836 0.961605 0
0.394983 0.951184 0
0.375401 0.962589 0
0.364492 0.961306 0
0.349221 0.960004 0
0.328584 0.9544 0
0.312869 0.94566 0
0.302284 0.932254 0
0.299024 0.919958 0
0.28215 0.92858 0
0.304539 0.851629 0
0.301834 0.824469 0
0.25157 0.919507 0
0.241011 0.901612 0
0.191188 0.92876 0
0.18768 0.912438 0
0.188561 0.862071 0
0.175478 0.864375 0
0.17583 0.832272 0
0.194541 0.778848 0
0.197107 0.768229 0
0.189963 0.753674 0
0.176504 0.726516 0
0.17233 0.70387 0
0.181017 0.679327 0
0.157367 0.681133 0
0.14392 0.675341 0
0.109149 0.692236 0
0.127069 0.635065 0
0.117481 0.621072 0
0.114353 0.605376 0
0.0906435 0.615739 0
0.0906851 0.585638 0
0.0773334 0.567439 0
0.0495511 0.578086 0
0.0592079 0.543357 0
0.050302 0.525955 0
0.0425855 0.509176 0
0.0387159 0.491393 0
0.0300577 0.479694 0
0.0308531 0.460879 0
0.0303122 0.451675 0
0.0264645 0.44677 1
0.0252637 0.439949 0
0.0196132 0.434447 0
0.01537 0.424173 0
0.00987981 0.417436 0
0.00458916 0.403216 0
0.00243622 0.394234 0
0.00259282 0.38266 0
0.0159829 0.373015 0
0.0175259 0.348449 0
0.0280363 0.325434 0
0.0420971 0.306592 0
0.0459624 0.296216 0
0.054423 0.283434 0
0.059139 0.26476 0
0.0800859 0.255236 0
0.10215 0.246076 0
0.126974 0.236478 0
0.135533 0.228676 0
0.245992 0.109822 0
0.257686 0.0974714 0
0.259949 0.0759753 0
0.269008 0.0699175 0
0.275703 0.0452278 0
0.290419 0.0425897 0
0.302211 0.0198494 0
0.319063 0.0217538 0
0.333037 0.000368721 0
0.347086 0 0
0.363635 0.0113554 0
0.378792 0.0138841 0
0.397032 0.0138704 0
0.415678 0.017357 0
0.428328 0.0293969 0
0.439881 0.033309 0
0.452641 0.038531 0
0.467545 0.0419248 0
0.482702 0.0515151 1
0.493153 0.0553296 0
0.516006 0.0627774 0
0.522593 0.0746916 0
0.528532 0.0827178 0
0.539365 0.0838087 0
0.547508 0.101174 0
0.558135 0.113233 0
0.566076 0.124064 0
0.585464 0.138484 0
0.609154 0.157197 0
0.62364 0.156977 0
0.63762 0.173868 0
0.657283 0.180289 0
0.681058 0.18252 0
0.716056 0.176945 0
0.755188 0.149951 0
0.783638 0.124531 0
0.804105 0.135917 0
0.809376 0.145093 0
0.81561 0.151943 0
0.833961 0.154328 0
0.846891 0.171808 0
0.834823 0.209289 0
0.820693 0.262059 0
0.827148 0.284181 0
0.840506 0.294931 0
0.85756 0.305339 0
0.875648 0.307145 0
0.877161 0.315707 0
0.883533 0.322789 0
0.876096 0.353233 0
0.872844 0.363542 0
0.886273 0.378373 0
0.889733 0.391958 0
0.898912 0.404896 0
0.904645 0.417101 0
0.918223 0.423482 0
0.928183 0.433608 0
0.927431 0.445808 0
0.937974 0.461885 0
0.945076 0.473374 0
0.968832 0.484973 0
0.942009 0.515443 0
0.927037 0.53855 0
0.921637 0.576845 0
0.909551 0.59868 0
0.920812 0.605954 0
0.920855 0.610513 0
0.923789 0.617662 0
0.92699 0.621096 0
0.928936 0.626028 0
0.925856 0.6448 0
0.928371 0.648905 0
0.926263 0.652615 0
0.919278 0.665858 0
0.920329 0.671715 0
0.923199 0.68249 0
0.921818 0.695614 0
0.901783 0.701489 0
0.890975 0.719612 0
0.876524 0.728679 0
0.857927 0.736938 0
0.835318 0.756891 0
0.82793 0.786985 0
0.827066 0.802566 0
0.812186 0.812022 0
0.805873 0.818974 0
0.802484 0.830227 0
0.795868 0.833354 0
0.788785 0.83179 0
0.78321 0.836158 0
0.780666 0.838478 0
0.778159 0.840683 1
0.757286 0.84712 0
0.733671 0.864244 0
0.717517 0.875126 0
0.703127 0.869212 0
0.698613 0.875117 0
0.675676 0.882385 0
0.665252 0.877399 0
0.654906 0.881714 0
0.645467 0.858474 0
0.634276 0.861035 0
0.614385 0.879063 0
0.607424 0.893441 0
0.583765 0.881752 0
0.570095 0.869569 0
0.549021 0.87446 0
0.531785 0.891405 0
0.509865 0.907496 0
0.488408 0.91632 0
0.474032 0.931292 0
0.454561 0.931889 0
0.441725 0.932985 0
0.429031 0.926787 0
0.411309 0.925649 0
0.401195 0.90968 0
0.385708 0.911889 0
0.374155 0.922431 0
0.363321 0.898135 0
0.359842 0.905304 0
0.335686 0.90948 0
0.329968 0.903721 0
0.321356 0.903367 0
0.312699 0.897496 0
0.298595 0.891204 0
0.27828 0.889341 0
0.263356 0.886083 0
0.258912 0.884024 0
0.248736 0.877877 0
0.234871 0.87581 0
0.226353 0.864758 1
0.214391 0.858959 0
0.209301 0.83962 0
0.19225 0.837988 0
0.192597 0.819225 0
0.185532 0.812311 0
0.168162 0.809722 0
0.15881 0.787958 0
0.14686 0.78209 0
0.142618 0.755779 0
0.123943 0.748686 0
0.122261 0.728076 0
0.1132 0.709686 0
0.0961218 0.70529 0
0.0936974 0.688764 0
0.086342 0.671296 0
0.0809559 0.657692 0
0.0756123 0.625006 0
0.0614828 0.619764 0
0.0639495 0.585937 0
0.0543627 0.574831 0
0.042817 0.567884 0
0.03934 0.544016 0
0.0348909 0.519681 0
0.0273529 0.515722 0
0.0253306 0.486778 0
0.0211486 0.468995 0
0.0115538 0.460837 0
0.00518733 0.447829 0
0.0116817 0.42674 0
0.0203757 0.411573 0
0.0183234 0.392743 0
0.00978549 0.380391 0
0.00138753 0.365207 0
0 0.354126 0
0.00957558 0.340797 0
0.0100172 0.327513 0
0.00340717 0.318377 0
0.0203889 0.305987 0
0.0296725 0.29203 0
0.0403965 0.281146 0
0.0562787 0.266238 0
0.0679909 0.250448 0
0.108368 0.230892 0
0.120595 0.208994 0
0.142548 0.190367 0
0.144804 0.178107 0
0.160072 0.1686 0
0.176094 0.16116 1
0.197913 0.142332 0
0.216295 0.118311 0
0.23242 0.0986663 0
0.248825 0.0902729 0
0.264882 0.0785556 0
0.27773 0.0627886 0
0.298597 0.0577756 0
0.316537 0.050533 0
0.336248 0.0490444 0
0.354296 0.0487432 0
0.366464 0.064954 0
0.378181 0.0640919 0
0.399216 0.0772176 0
0.41033 0.0784414 0
0.42146 0.0787121 0
0.43784 0.0997898 0
0.5 0.0109622 0
0.5355 0.00791357 0
0.551977 0.00955086 0
0.561372 0.0228211 0
0.570454 0.0409206 0
0.597952 0.0372929 0
0.613327 0.0545737 0
0.632671 0.0499649 0
0.649392 0.0506883 0
0.659894 0.0614245 0
0.67718 0.0799243 0
0.693965 0.0684176 1
0.706609 0.0756716 0
0.714082 0.096902 0
0.731127 0.102595 0
0.742272 0.104954 0
0.754886 0.113385 0
0.762769 0.111482 0
0.781415 0.13294 0
0.788275 0.131333 0
0.804644 0.15155 0
0.806505 0.150582 0
0.818648 0.15959 0
0.82241 0.175675 0
0.836613 0.181778 0
0.84599 0.190018 0
0.855077 0.209619 0
0.859857 0.217926 0
0.863861 0.236068 0
0.863795 0.248698 0
0.880472 0.249171 0
0.888031 0.275159 0
0.903344 0.280315 1
0.902034 0.28486 0
0.864743 0.342879 0
0.835892 0.395351 0
0.845263 0.416458 0
0.859327 0.412904 0
0.865345 0.433287 0
0.864254 0.455721 0
0.876426 0.462557 0
0.885797 0.46661 0
0.894256 0.466817 0
0.89877 0.484293 0
0.917243 0.486353 0
0.92249 0.509393 0
0.934843 0.50654 0
0.946375 0.523741 0
0.945007 0.562164 0
0.937917 0.568394 0
0.947321 0.579288 1
