0.725345 0.0857677 1
0.754534 0.106199 0
0.786974 0.114241 0
0.799341 0.129548 0
0.797471 0.140334 0
0.804893 0.155206 0
0.828841 0.170121 0
0.849026 0.17643 0
0.889474 0.193145 0
0.90859 0.223566 0
0.937807 0.246143 0
0.959035 0.256597 0
0.964782 0.275027 0
0.965861 0.296766 0
1 0.308531 0
0.982231 0.338439 0
0.957273 0.36883 0
0.933364 0.384342 0
0.889354 0.43727 0
0.858653 0.468712 0
0.838438 0.507686 0
0.797309 0.561763 0
0.787338 0.630812 0
0.781048 0.64117 0
0.736049 0.665962 0
0.739414 0.684246 0
0.752924 0.67983 0
0.726788 0.697385 0
0.70377 0.716478 1
0.68953 0.702457 0
0.694841 0.694847 0
0.686606 0.68209 0
0.67062 0.676053 0
0.652094 0.666786 0
0.601873 0.67252 0
0.496771 0.693853 0
0.518802 0.667629 0
0.435332 0.674083 0
0.384475 0.651138 0
0.362928 0.636441 0
0.330451 0.634149 0
0.319905 0.615879 0
0.298651 0.598387 0
0.264754 0.596978 0
0.246872 0.594412 0
0.211741 0.579751 0
0.193453 0.570903 0
0.152987 0.519534 0
0.134543 0.528888 0
0.106251 0.496446 0
0.0784083 0.484777 0
0.0609947 0.483127 0
0.0616758 0.476548 0
0.0600162 0.474967 0
0.0295265 0.460498 0
0.0169085 0.44866 0
0.000616694 0.433394 0
0 0.402714 0
0.00284759 0.371055 0
0.0109499 0.342766 0
0.0203627 0.318429 0
0.038881 0.290437 0
0.0541752 0.254267 0
0.0810597 0.246569 0
0.0962579 0.20801 0
0.114718 0.181925 0
0.122766 0.133365 0
0.165536 0.0856223 0
0.203382 0.0577996 0
0.230611 0.0394048 0
0.24246 0.0302486 0
0.28018 0.0178132 0
0.295645 0.0208376 1
0.307301 0.0274528 0
0.314261 0.0325278 0
0.324107 0.0396262 0
0.357345 0.0177037 0
0.34928 0.0430025 0
0.373128 0.0502763 0
0.434758 0.0174478 0
0.478463 0 0
0.490274 0.0228346 0
0.509074 0.0282825 0
0.550363 0.0114462 0
0.563898 0.026264 0
0.596813 0.0143801 0
0.622604 0.0191951 0
0.640453 0.0383516 0
0.659078 0.0390667 0
0.694816 0.0689149 0
0.733216 0.0578964 0
0.728797 0.0874611 0
0.767763 0.119105 0
0.792816 0.135634 0
0.797875 0.150207 0
0.783317 0.176096 0
0.784885 0.190282 0
0.784646 0.213239 0
0.798246 0.230187 0
0.808605 0.254189 0
0.832429 0.27105 0
0.840376 0.293327 0
0.843563 0.314022 0
0.850258 0.338237 0
0.846386 0.36308 0
0.847815 0.380121 0
0.860584 0.402048 0
0.855909 0.42316 0
0.810304 0.471838 0
0.800431 0.500966 0
0.782973 0.532303 0
0.778332 0.560891 0
0.759084 0.615099 0
0.765683 0.665736 0
0.762517 0.685609 0
0.75104 0.698473 0
0.7596 0.694794 0
0.717507 0.733564 0
0.634475 0.727116 0
0.632139 0.714076 0
0.60934 0.710051 0
0.592136 0.696352 0
0.562133 0.696029 0
0.554253 0.677506 0
0.500741 0.674881 0
0.424998 0.707756 0
0.407101 0.690543 0
0.386379 0.684873 0
0.364328 0.687006 0
0.350363 0.653842 0
0.333149 0.652147 0
0.314552 0.638071 0
0.286004 0.627978 0
0.262607 0.611307 0
0.239804 0.594201 0
0.211684 0.579434 0
0.179038 0.565053 0
0.163634 0.559615 0
0.132669 0.536089 0
0.112244 0.520856 0
0.0910494 0.517725 0
0.0759423 0.483896 0
0.0643273 0.475362 1
