0.339323 0.0546907 1
0.350254 0.0512032 0
0.356588 0.0546434 1
0.379809 0.0616927 0
0.380419 0.0595953 0
0.383551 0.0587329 1
0.382648 0.0584803 0
0.381716 0.0583446 0
0.433678 0.0541005 0
0.429257 0.0650801 0
0.430608 0.065978 1
0.42889 0.0592851 0
0.454294 0.0715074 1
0.471335 0.0788777 1
0.471294 0.0810808 0
0.470822 0.0828906 0
0.471391 0.0804702 0
0.490602 0.12394 0
0.501684 0.158949 0
0.505776 0.16676 0
0.506911 0.18267 0
0.518849 0.20052 0
0.532581 0.207999 0
0.518189 0.253426 0
0.522762 0.294511 0
0.518613 0.294876 0
0.518695 0.300438 1
0.522949 0.303 0
0.525 0.301903 0
0.531867 0.298083 0
0.540396 0.297419 0
0.551524 0.298246 0
0.552211 0.300614 0
0.555172 0.301468 0
0.556365 0.300659 0
0.549913 0.310607 0
0.569528 0.306793 0
0.579803 0.311106 0
0.576546 0.31117 0
0.581464 0.315977 0
0.589212 0.322514 0
0.592027 0.327368 0
0.593189 0.335407 1
0.606015 0.334592 0
0.610338 0.340106 0
0.61038 0.34354 0
0.622204 0.332327 0
0.701912 0.386059 0
0.702113 0.383567 1
0.708765 0.406197 0
0.707664 0.410354 1
0.710427 0.414394 0
0.697752 0.461044 0
0.697209 0.465364 1
0.696188 0.473014 0
0.69958 0.482894 0
0.693879 0.490439 0
0.688084 0.498687 0
0.695336 0.513705 0
0.685343 0.528352 0
0.681475 0.538503 0
0.686821 0.558232 0
0.672162 0.589487 0
0.640955 0.626659 0
0.630466 0.62993 0
0.621146 0.636166 0
0.609172 0.6364 0
0.606466 0.6379 1
0.604881 0.637364 0
0.59914 0.644761 0
0.595576 0.644354 0
0.592594 0.644706 0
0.593082 0.65247 0
0.588749 0.655796 0
0.587572 0.666538 0
0.581942 0.670902 0
0.583449 0.683357 0
0.581388 0.691053 0
0.579061 0.701349 0
0.574648 0.708643 0
0.567096 0.716304 0
0.558769 0.722419 0
0.541954 0.727587 0
0.526938 0.73386 0
0.499271 0.760656 0
0.483825 0.778941 0
0.465845 0.787146 0
0.452192 0.776247 0
0.438211 0.777842 0
0.410631 0.789935 0
0.381746 0.804118 0
0.338483 0.825941 0
0.32185 0.812273 0
0.29333 0.802965 0
0.273036 0.77402 0
0.262576 0.738179 0
0.254377 0.719587 0
0.24549 0.713848 0
0.241815 0.711171 0
0.234072 0.703933 0
0.228534 0.699009 0
0.227058 0.683355 0
0.221545 0.67786 0
0.212235 0.67371 1
0.20013 0.672732 0
0.188423 0.668879 0
0.191765 0.665774 0
0.171225 0.665911 0
0.17027 0.668456 0
0.155158 0.667483 0
0.127014 0.668814 0
0.127414 0.64822 0
0.109747 0.657713 0
0.118325 0.643016 0
0.119105 0.602581 0
0.113297 0.578399 0
0.0971821 0.558576 0
0.0735223 0.546906 0
0.0482446 0.539134 0
0.0542746 0.517614 0
0.0261875 0.504603 0
0.0677354 0.483662 0
0.0610493 0.455674 0
0.045412 0.435781 0
0.078003 0.415331 0
0.0761617 0.391534 0
0.0880741 0.378684 0
0.090497 0.358037 0
0.100003 0.341316 0
0.0925045 0.319989 0
0.105114 0.302586 0
0.104985 0.281968 0
0.153925 0.27115 0
0.163244 0.256721 0
0.163338 0.241752 0
0.166827 0.227537 0
0.164956 0.215911 0
0.158923 0.206793 0
0.141794 0.168769 0
0.149751 0.146005 0
0.190073 0.0991004 0
0.185501 0.0985195 0
0.188462 0.0988834 0
0.185113 0.0951343 0
0.185902 0.0986545 0
0.184704 0.0943039 1
0.185169 0.0939458 0
0.187726 0.0942368 0
0.191459 0.0945929 0
0.195769 0.0896845 0
0.198603 0.0911303 0
0.210288 0.0887494 0
0.233576 0.0795118 0
0.312772 0.0546023 0
0.316542 0.0588108 0
0.317309 0.0589176 0
0.312393 0.0596376 0
0.373067 0.0673483 0
0.370192 0.0690452 0
0.393794 0.0616496 0
0.404138 0.0531673 0
0.404864 0.0531351 0
0.462598 0.0477373 0
0.469746 0.0560649 0
0.473811 0.0547811 0
0.493499 0.0901745 0
0.491141 0.111748 0
0.502548 0.116002 0
0.601099 0.0141892 0
0.635678 0 0
0.664381 0.0183657 0
0.751743 0.0255442 0
0.814512 0.0803005 0
0.834192 0.0885679 0
0.844318 0.0981562 0
0.854682 0.105443 0
0.858732 0.109295 0
0.865211 0.111713 0
0.871131 0.115277 1
0.874179 0.117167 0
0.879155 0.118193 0
0.880507 0.117893 0
0.88389 0.11596 0
0.888483 0.115721 0
0.905885 0.112223 0
0.928334 0.114489 0
0.966932 0.12685 0
1 0.150243 0
0.996937 0.23879 0
0.979134 0.273837 0
0.912949 0.296689 0
0.895831 0.315089 0
0.881362 0.325781 0
0.86097 0.334407 0
0.856912 0.343383 0
0.847766 0.353301 1
0.849574 0.374 0
0.853383 0.404774 0
0.859056 0.432351 0
0.861687 0.464021 0
0.868951 0.496616 0
0.856233 0.514043 0
0.841252 0.529427 0
0.824504 0.546361 0
0.799754 0.560111 0
0.778346 0.568065 1
0.780923 0.589235 0
0.779621 0.619917 0
0.779049 0.6417 0
0.77226 0.669734 0
0.767312 0.695771 0
0.752359 0.722374 0
0.729394 0.733431 0
0.722416 0.757099 0
0.709953 0.7661 0
0.693974 0.788802 0
0.669218 0.791229 0
0.646359 0.785782 0
0.613921 0.78307 0
0.597013 0.783446 0
0.587859 0.786752 0
0.572129 0.785346 0
0.567827 0.787056 0
0.557367 0.784233 1
0.549453 0.792959 0
0.529852 0.798303 0
0.511978 0.797944 0
0.494254 0.803987 0
0.472109 0.807359 0
0.455768 0.804251 0
0.445536 0.805149 0
0.431467 0.800678 0
0.414953 0.798651 0
0.395739 0.78248 0
0.381551 0.775224 0
0.358328 0.768817 0
0.335442 0.770257 0
0.321489 0.745929 0
0.31273 0.724967 0
0.30573 0.677713 0
0.30259 0.664969 0
0.288938 0.665125 0
0.278131 0.650627 0
0.272555 0.629817 0
0.267782 0.606448 0
0.136671 0.590384 0
0.110529 0.60161 0
0.108871 0.616315 0
0.0975044 0.622283 0
0.0907726 0.63024 0
0.0814818 0.627341 0
0.0812864 0.626704 0
0.0781799 0.624186 1
0.0753118 0.620702 0
0.0678874 0.610035 0
0.0589658 0.592348 0
0.049428 0.585487 0
0.0341206 0.56782 0
0.031003 0.552947 0
0.0277591 0.546092 0
0.0240771 0.523161 0
0.0162894 0.504057 0
0.0114855 0.48076 0
0.0167876 0.455738 0
0 0.410876 0
0.0215347 0.369486 0
0.0401847 0.354109 0
0.0543594 0.324457 0
0.0794622 0.312175 0
0.0811809 0.309771 1
0.0793692 0.308585 0
0.0795732 0.307661 0
0.0788246 0.305866 0
0.0776074 0.3059 0
0.0678794 0.286285 0
0.190483 0.222745 0
0.190538 0.204803 0
0.185956 0.194444 0
0.190266 0.184541 0
0.185286 0.172545 0
0.180671 0.167823 0
0.181348 0.163989 0
0.179915 0.158419 1
0.181016 0.156253 0
0.182314 0.15186 0
0.184627 0.149797 0
0.193358 0.148922 0
0.204294 0.143735 0
0.214326 0.142435 0
0.228506 0.141436 0
0.234507 0.136016 0
0.241464 0.127296 0
0.290965 0.108837 0
0.305719 0.0790727 0
0.308117 0.0754085 1
0.308797 0.0765537 0
0.312482 0.0818466 0
0.343758 0.0633682 0
0.343845 0.0581298 1
0.35863 0.054438 1
0.383006 0.0469959 0
0.384935 0.0527052 1
0.386473 0.0492967 0
0.377863 0.050247 0
0.506569 0.0350786 0
0.538725 0.0550099 0
0.554563 0.0744505 0
0.556342 0.0878547 0
0.562764 0.0949396 0
0.565018 0.101549 1
0.579742 0.104954 0
0.597216 0.108777 0
0.616146 0.111929 0
0.64472 0.112955 0
0.673998 0.131937 0
0.714233 0.194914 0
0.712436 0.235152 0
0.711676 0.24838 0
0.71176 0.248907 0
0.712246 0.24946 0
0.711061 0.251683 1
0.712423 0.25879 0
0.713758 0.262794 0
0.715602 0.271466 0
0.712765 0.285966 0
0.716473 0.289072 0
0.71096 0.297105 0
0.719916 0.304553 0
0.719914 0.31058 0
0.718072 0.322026 0
0.717719 0.337063 0
0.722686 0.347862 0
0.722248 0.356661 1
0.724438 0.359958 0
0.719343 0.385979 1
0.709149 0.433213 0
0.713287 0.430718 0
0.712752 0.430922 1
0.71345 0.434069 0
0.714939 0.438148 0
0.7194 0.444548 0
0.74581 0.455503 0
0.743279 0.501138 0
0.73313 0.512696 0
0.718579 0.524668 0
0.711038 0.534697 0
0.720484 0.554401 0
0.707249 0.561618 0
0.692691 0.572783 0
0.685478 0.580969 0
0.662287 0.602538 0
0.643788 0.610477 0
0.612149 0.604309 0
0.599462 0.609883 0
0.577808 0.616852 0
0.572699 0.615792 0
0.55993 0.620676 0
0.559551 0.619051 0
0.557742 0.612894 0
0.558939 0.616322 0
0.554902 0.623409 0
0.553069 0.635073 0
0.544838 0.636055 0
0.538834 0.688022 0
0.535508 0.701007 0
0.536119 0.714474 0
0.526749 0.726008 0
0.515694 0.741705 0
0.500368 0.750935 0
0.48673 0.751558 0
0.472421 0.7499 0
0.453539 0.753169 0
0.436791 0.751858 0
0.416332 0.743393 0
0.395772 0.730109 0
0.39271 0.724131 0
0.371137 0.715155 0
0.350863 0.68553 0
0.347472 0.684711 1
0.340233 0.680837 0
0.336967 0.675292 0
0.334544 0.671277 0
0.334968 0.664068 0
0.33334 0.655262 0
0.331185 0.644775 0
0.316927 0.616407 0
0.302474 0.583804 0
0.3392 0.47884 0
0.368709 0.464596 0
0.37944 0.460185 1
0.378707 0.460596 0
0.37581 0.459901 0
0.379765 0.460087 0
0.379418 0.460248 0
0.379405 0.460088 0
0.378488 0.459763 0
0.374377 0.457025 0
0.371851 0.456102 0
0.368187 0.45674 0
0.352228 0.455003 0
0.339724 0.4476 0
0.327667 0.443916 0
0.32189 0.439058 0
0.302768 0.45313 0
0.257071 0.467537 0
0.247745 0.465442 1
0.235792 0.439281 0
0.202501 0.422108 0
0.177759 0.4037 0
0.163431 0.384443 0
0.134281 0.362007 0
0.134511 0.347971 0
0.120588 0.329907 0
0.107001 0.317069 1
0.120511 0.309506 0
0.118645 0.278422 0
0.0894069 0.232976 0
0.0879255 0.222887 0
0.0911122 0.220727 0
0.0954424 0.213095 0
0.0961862 0.209512 0
0.0988941 0.206158 1
0.0976284 0.196886 0
0.0866534 0.176065 0
0.0832403 0.16044 0
0.0842927 0.137158 0
0.0901171 0.122556 0
0.092667 0.103582 0
0.104306 0.0977533 0
0.115548 0.0856163 0
0.131978 0.0847613 0
0.145781 0.0832234 0
0.160066 0.0855398 0
0.170265 0.0848147 0
0.180254 0.0904019 1
0.174076 0.0768948 0
0.18424 0.0671664 0
0.201069 0.047469 0
0.239501 0.0489887 0
0.269465 0.0545986 0
0.285292 0.0626386 0
0.291411 0.0692164 0
0.294955 0.0701359 1
0.287885 0.0674338 0
0.332179 0.0686211 1
0.337907 0.0708087 0
0.388588 0.0944897 0
0.397216 0.0710056 1
0.400644 0.0789064 0
0.449662 0.0746843 1
0.472267 0.0766669 1
0.472421 0.0765588 0
0.473729 0.0752125 0
0.476302 0.0702706 0
0.517908 0.108992 0
0.606726 0.0498791 0
0.627503 0.0833006 0
0.651348 0.0884632 0
0.673051 0.0844021 0
0.739436 0.0699444 0
0.825856 0.187022 0
0.822707 0.183142 0
0.833623 0.176065 0
0.845412 0.172389 0
0.854299 0.168819 0
0.861772 0.172005 0
0.867622 0.180796 0
0.869662 0.183517 0
0.878032 0.184802 0
0.877601 0.195405 0
0.87793 0.198182 0
0.879995 0.205929 0
0.882802 0.212405 0
0.884261 0.213642 1
0.887276 0.219774 0
0.887985 0.224406 0
0.890026 0.22738 0
0.888004 0.233649 0
0.88802 0.256589 0
0.88657 0.280057 0
0.874312 0.299002 0
0.835902 0.319569 0
0.753171 0.367336 0
0.728991 0.374967 0
0.72646 0.377284 0
0.726218 0.379025 0
0.731388 0.381466 0
0.727852 0.381948 0
0.726625 0.383262 0
0.723979 0.384743 1
0.68563 0.39421 1
0.679828 0.398847 0
0.630593 0.426747 0
0.612451 0.433374 0
0.610831 0.443447 0
0.605731 0.445007 0
0.578373 0.429164 0
0.546667 0.413731 1
0.564028 0.42936 1
0.566442 0.438266 0
0.583265 0.466547 0
0.58946 0.525231 0
0.581215 0.523447 0
0.584889 0.537809 0
0.572531 0.549119 0
0.564384 0.555062 0
0.558013 0.564358 0
0.549283 0.565398 0
0.541494 0.567598 0
0.538408 0.56979 1
0.542938 0.567303 0
0.538538 0.573505 0
0.534008 0.567926 0
0.531937 0.576976 0
0.53178 0.573417 0
0.528876 0.571008 0
0.527294 0.567983 0
0.522751 0.575769 0
0.519128 0.577676 0
0.510836 0.598322 0
0.501885 0.654061 0
0.495647 0.633251 0
0.48181 0.660973 0
0.458453 0.679293 0
0.462175 0.67807 0
0.450313 0.655321 0
0.458283 0.644022 0
0.461689 0.645455 0
0.453175 0.644899 0
0.445741 0.639446 0
0.452523 0.632365 0
0.451752 0.619745 0
0.447023 0.61466 0
0.45156 0.599565 0
0.443193 0.600281 0
0.435555 0.590455 0
0.43792 0.582722 0
0.433403 0.571977 0
0.432175 0.562688 0
0.428566 0.562496 0
0.426988 0.560427 0
0.440282 0.538587 0
0.442388 0.545508 0
0.443953 0.547364 0
0.444022 0.544051 0
0.450115 0.543343 0
0.454036 0.540302 0
0.460538 0.544026 1
0.45327 0.518121 0
0.454383 0.513555 0
0.451427 0.489941 0
0.454189 0.489799 0
0.455745 0.481352 0
0.4552 0.480107 1
0.456012 0.476435 0
0.452505 0.471818 0
0.451156 0.43117 0
0.449787 0.424195 0
0.448906 0.420354 0
0.447792 0.404035 1
0.446749 0.393942 1
0.446567 0.392823 0
0.444861 0.397026 0
0.44517 0.397787 0
0.446979 0.393876 0
0.44693 0.392978 0
0.446071 0.391709 0
0.4451 0.390438 0
0.443398 0.383248 0
0.445337 0.389103 0
0.44585 0.388024 0
0.446498 0.388075 0
0.447043 0.387977 0
0.448179 0.390359 0
0.448535 0.389853 1
0.44879 0.389695 0
0.449025 0.389546 0
0.449603 0.389535 0
0.449907 0.389282 0
0.450273 0.38997 0
0.450591 0.3908 0
0.45121 0.390074 0
0.451293 0.390473 0
0.450262 0.393648 0
0.450462 0.394819 0
0.450733 0.394535 0
0.450578 0.395285 0
0.450754 0.395481 0
0.450792 0.395677 0
0.451022 0.395747 0
0.450891 0.396181 0
0.451083 0.396498 0
0.451275 0.396649 0
0.451501 0.396905 0
0.451393 0.39665 0
0.451529 0.39674 0
0.451505 0.39704 0
0.451656 0.397196 1
