0.968221 0.286746 1
0.967647 0.287528 0
0.961537 0.297551 0
0.966673 0.296677 0
0.972022 0.291377 1
0.977579 0.297179 0
0.981437 0.30287 0
0.988581 0.310674 0
0.988894 0.315195 0
0.983669 0.322348 0
0.983449 0.321088 0
0.979688 0.309855 0
0.980874 0.316839 0
0.993917 0.284935 0
0.962367 0.342438 0
1 0.246878 0
0.931894 0.322801 0
0.922271 0.315167 0
0.903906 0.30154 0
0.941074 0.162713 0
0.917922 0.178939 0
0.904106 0.148992 0
0.873759 0.141627 0
0.866072 0.130145 0
0.85115 0.10976 0
0.816676 0.118529 0
0.791491 0.118055 0
0.751452 0.133726 0
0.730088 0.110711 0
0.704147 0.105873 0
0.67649 0.0942616 1
0.660288 0.0719853 0
0.633546 0.0660483 0
0.614752 0.054406 0
0.595893 0.0388724 0
0.572679 0.031924 0
0.551412 0.0175178 0
0.521037 0.0311241 0
0.49865 0.0342644 1
0.493714 0.0319353 0
0.48857 0.02665 0
0.48605 0.0245538 0
0.464316 0.00260198 0
0.445844 0.00159772 0
0.408396 0.0128341 0
0.394941 0 0
0.366597 0.00174598 0
0.324615 0.0305743 0
0.265338 0.117351 0
0.24696 0.127314 0
0.229595 0.138184 0
0.214279 0.157497 0
0.212127 0.156772 0
0.205456 0.158298 0
0.196901 0.161091 0
0.186752 0.162965 0
0.177356 0.161629 1
0.16174 0.164781 0
0.150392 0.168059 0
0.143609 0.176308 0
0.128906 0.175485 0
0.112745 0.182967 0
0.101479 0.180895 0
0.0847823 0.198886 0
0.0705854 0.206869 0
0.0597721 0.217903 0
0.0524225 0.235678 0
0.061198 0.352628 0
0.0582503 0.342784 0
0.0588381 0.343165 0
0.0587732 0.343062 1
0.0574047 0.350962 0
0.053801 0.357391 0
0.0510451 0.366798 0
0.0492279 0.377095 0
0.0499073 0.384236 0
0.0499496 0.397122 0
0.0542591 0.410577 0
0.0583874 0.418822 0
0.0672898 0.432672 0
0.0718059 0.452233 0
0.0857268 0.466344 0
0.0919384 0.482067 0
0.102392 0.496364 0
0.0974837 0.516783 0
0.107544 0.531994 0
0.106887 0.544672 1
0.122289 0.547486 0
0.13801 0.558023 0
0.160381 0.566406 0
0.192592 0.596171 0
0.208951 0.596478 0
0.222249 0.595995 0
0.243238 0.599976 0
0.265388 0.610995 0
0.28831 0.647138 0
0.305656 0.732576 0
0.31224 0.741293 0
0.3163 0.749207 0
0.32325 0.750002 0
0.327793 0.75338 1
0.344472 0.752726 0
0.364187 0.756369 0
0.372958 0.75091 0
0.391927 0.753352 0
0.41613 0.746312 0
0.450379 0.745705 0
0.510486 0.725877 0
0.560025 0.783716 0
0.560416 0.785761 0
0.566812 0.791573 0
0.572653 0.789508 0
0.575404 0.790876 1
0.590585 0.790099 0
0.607585 0.797926 0
0.629701 0.793189 0
0.651493 0.803423 0
0.689745 0.817724 0
0.719715 0.812815 0
0.760667 0.677116 0
0.757511 0.63131 0
0.769187 0.625565 0
0.784969 0.627385 0
0.804912 0.61957 0
0.823588 0.609576 1
0.836812 0.596303 0
0.854026 0.580646 0
0.866054 0.571259 0
0.88007 0.564148 0
0.88839 0.557794 0
0.887161 0.535918 0
0.886339 0.512309 0
0.885542 0.487586 0
0.87799 0.462418 0
0.873968 0.432353 0
0.859131 0.414331 0
0.842449 0.390993 0
0.834564 0.365931 0
0.82728 0.330144 0
0.812139 0.297519 0
0.80761 0.296266 1
0.79025 0.291321 0
0.771017 0.287947 0
0.7564 0.278451 0
0.729823 0.273053 0
0.701402 0.262614 0
0.691077 0.245141 0
0.673135 0.23 0
0.651154 0.191649 0
0.632132 0.17607 0
0.617048 0.159774 0
0.602644 0.133484 0
0.579572 0.114204 0
0.573479 0.122721 0
0.562939 0.103036 0
0.489511 0.0817451 0
0.475138 0.0774596 0
0.466031 0.0759176 0
0.464092 0.0700962 0
0.455473 0.0688001 0
0.446663 0.0684426 1
0.42626 0.0660446 0
0.400211 0.0770104 0
0.382573 0.0816538 0
0.362314 0.0819488 0
0.34903 0.0806613 0
0.32853 0.0970399 0
0.310635 0.104456 0
0.295223 0.11864 1
0.287187 0.114743 0
0.270914 0.103532 0
0.257838 0.0849053 0
0.241483 0.0817889 0
0.209782 0.0776574 0
0.180357 0.20942 0
0.153386 0.23056 0
0.136628 0.238758 0
0.121194 0.256317 0
0.11494 0.272506 0
0.0930066 0.279265 0
0.0840415 0.290511 0
0.0771988 0.295669 0
0.0711288 0.299675 0
0.0677423 0.306443 0
0.0636432 0.310789 0
0.0608252 0.318497 0
0.0632056 0.320261 1
0.0632805 0.318745 0
0.0506223 0.306997 0
0.0219281 0.400579 0
0.00660826 0.414952 0
0.00144134 0.428291 0
0.00285201 0.442036 0
0.00304663 0.460569 0
0 0.476695 0
0.00377841 0.485056 0
0.0177683 0.497962 0
0.0298293 0.515325 0
0.0427402 0.524734 1
0.0391681 0.546521 0
0.0383291 0.563867 0
0.0335218 0.609944 0
0.0555768 0.665566 0
0.0629803 0.676646 0
0.084068 0.675957 0
0.109888 0.690202 0
0.128988 0.711969 0
0.143426 0.744572 0
0.173337 0.744547 0
0.189725 0.75109 0
0.221066 0.737826 0
0.241756 0.737181 0
0.259851 0.740325 1
0.26651 0.743225 0
0.278171 0.738666 0
0.276083 0.76217 0
0.282204 0.785088 0
0.311827 0.851712 0
0.332628 0.867103 0
0.35911 0.885686 0
0.385708 0.869052 0
0.427636 0.835015 0
0.451424 0.825469 0
0.474688 0.838267 0
0.489612 0.818882 0
0.500542 0.790595 0
0.529194 0.796631 1
0.534163 0.806851 0
0.546593 0.842946 0
0.582484 0.708319 0
0.626621 0.7127 0
0.648238 0.730037 0
0.668381 0.728211 0
0.695924 0.732964 0
0.706375 0.724941 1
0.715501 0.71526 0
0.73512 0.71291 0
0.751922 0.708982 0
0.759053 0.704991 0
0.776155 0.692877 0
0.786369 0.678113 0
0.796417 0.687473 0
0.814258 0.681338 0
0.822406 0.681668 0
0.832269 0.676871 0
0.849395 0.665846 0
0.856435 0.601469 0
0.846296 0.555615 0
0.840475 0.532073 0
0.834673 0.505181 0
0.825556 0.48411 0
0.817201 0.4754 0
0.817988 0.449388 0
0.808801 0.415161 0
0.816862 0.366293 0
0.802183 0.343542 0
0.791026 0.323188 0
0.788422 0.297165 0
0.776161 0.282105 0
0.768362 0.26643 0
0.74329 0.23721 0
0.722381 0.220183 0
0.708344 0.233262 0
0.685834 0.200898 0
0.655494 0.177577 0
0.640658 0.170654 0
0.620223 0.163304 0
0.605236 0.159809 0
0.587719 0.150099 0
0.575233 0.143415 0
0.552972 0.131659 0
0.539763 0.136896 0
0.517839 0.116239 0
0.505764 0.112523 0
0.503093 0.106088 1
0.499546 0.113038 0
0.480031 0.128462 0
0.470597 0.134926 0
0.451584 0.167775 0
0.431699 0.182062 0
0.404549 0.198923 0
0.390459 0.197633 0
0.364859 0.208385 0
0.335012 0.196033 0
0.317898 0.195799 0
0.300306 0.177507 0
0.283642 0.168958 1
0.272281 0.177852 0
0.263482 0.18758 0
0.256515 0.202252 0
0.242245 0.244066 0
0.231122 0.269199 0
0.210706 0.28733 0
0.200756 0.294854 0
0.163572 0.335504 0
0.15236 0.330951 0
0.131342 0.324535 0
0.115448 0.387281 0
