0.98893 0.0293123 0
0.99402 0.0196293 0
0.996906 0.012062 0
0.99637 0.00898806 0
1 0 1
0.997199 0.00304642 0
0.991866 0.00596073 0
0.987366 0.0104346 0
0.983794 0.0156804 0
0.979883 0.0191596 0
0.976006 0.0236768 0
0.974909 0.0291162 0
0.973519 0.0331795 0
0.975443 0.0330183 0
0.97706 0.0311001 0
0.977941 0.0278898 0
0.977485 0.0242709 0
0.975656 0.0239855 0
0.975013 0.0254361 0
0.971267 0.0235561 0
0.970255 0.0270902 1
0.970574 0.0271018 0
0.968705 0.0271093 0
0.96619 0.027758 0
0.960363 0.031227 0
0.958954 0.0368962 0
0.950667 0.041497 0
0.949513 0.0441006 0
0.945416 0.0472741 0
0.941838 0.0507837 0
0.941227 0.0535229 0
0.938299 0.057373 0
0.936061 0.0603607 0
0.934761 0.0639795 0
0.933795 0.066026 0
0.932498 0.0686763 0
0.929894 0.0687108 0
0.926763 0.0691309 0
0.924444 0.0713427 0
0.924692 0.075788 0
0.923279 0.0803366 0
0.92251 0.0788332 0
0.921542 0.0773123 0
0.921887 0.0748938 0
0.922434 0.0707101 1
0.92054 0.0726562 0
0.918301 0.0765061 0
0.914356 0.0832176 0
0.910387 0.0894027 0
0.907107 0.0938052 0
0.905888 0.0982274 0
0.904422 0.0990171 0
0.905709 0.0973496 0
0.90535 0.0954315 0
0.90391 0.0944202 0
0.900871 0.095487 0
0.898224 0.0988258 0
0.890727 0.102878 0
0.887106 0.103422 1
0.876942 0.103631 0
0.87491 0.108411 0
0.869839 0.109175 0
0.865528 0.112732 0
0.863478 0.114016 0
0.862449 0.117107 0
0.863171 0.118998 0
0.862143 0.117452 0
0.860373 0.11833 0
0.862933 0.118947 0
0.865682 0.121773 0
0.86508 0.121738 1
0.865897 0.127408 0
0.866212 0.13213 0
0.866343 0.137702 0
0.868038 0.138939 0
0.866794 0.143322 0
0.86843 0.146269 0
0.859101 0.148618 0
0.862597 0.145823 0
0.860678 0.143811 0
0.857253 0.139927 0
0.852171 0.141243 0
0.845585 0.143509 0
0.839708 0.146275 0
0.837019 0.150232 0
0.839526 0.148607 0
0.8455 0.142986 1
0.84775 0.148915 0
0.851422 0.155089 0
0.849747 0.162636 0
0.849527 0.170546 0
0.850419 0.174992 0
0.850312 0.181283 0
0.849585 0.189541 0
0.846489 0.194443 0
0.847106 0.194854 0
0.848687 0.191456 0
0.849785 0.188319 0
0.850054 0.183765 0
0.850748 0.179185 0
0.852045 0.174664 0
0.852472 0.174086 0
0.852144 0.171311 0
0.852038 0.165538 0
0.851965 0.164482 0
0.853538 0.157962 0
0.853676 0.15375 0
0.854672 0.148594 0
0.850781 0.14626 0
0.848607 0.14308 0
0.844387 0.140843 0
0.837067 0.142733 0
0.824384 0.148853 0
0.815457 0.153995 0
0.810805 0.155799 0
0.804473 0.155616 0
0.795547 0.159504 0
0.788692 0.162422 0
0.785101 0.165634 0
0.783274 0.173586 0
0.77891 0.186322 0
0.772911 0.194985 0
0.768132 0.197743 0
0.765988 0.19762 0
0.7647 0.197714 0
0.761499 0.203619 0
0.753226 0.214081 0
0.746172 0.227191 0
0.741668 0.236208 1
0.737293 0.237614 0
0.736084 0.234723 0
0.738398 0.230284 0
0.744323 0.22212 0
0.733741 0.232398 0
0.728374 0.239115 0
0.722071 0.245196 0
0.711184 0.249714 0
0.705514 0.261978 0
0.690611 0.276002 0
0.688477 0.286744 0
0.681106 0.298832 0
0.676612 0.309967 0
0.676006 0.317307 0
0.677621 0.31849 0
0.682025 0.318189 0
0.690646 0.313038 0
0.700716 0.305963 0
0.711607 0.302924 0
0.720988 0.299784 0
0.73094 0.289767 0
0.744959 0.278855 0
0.751569 0.274442 0
0.757146 0.269258 0
0.761405 0.271119 0
0.764783 0.277459 0
0.768273 0.289334 0
0.772248 0.308561 0
0.77754 0.323468 0
0.77795 0.334963 0
0.772838 0.345819 0
0.773204 0.355048 0
0.775385 0.370566 0
0.779772 0.386644 0
0.789492 0.389913 0
0.801115 0.384358 1
0.797937 0.387532 0
0.796235 0.392217 0
0.804022 0.388844 0
0.813318 0.376572 0
0.823629 0.366777 0
0.829685 0.36447 0
0.834175 0.373182 0
0.835209 0.394308 0
0.842494 0.408461 0
0.847426 0.431287 0
0.848325 0.450627 0
0.85002 0.466626 0
0.850461 0.482821 0
0.848611 0.490669 1
0.841054 0.491556 0
0.832212 0.492874 0
0.83169 0.489706 0
0.830136 0.494302 0
0.828499 0.503062 0
0.821427 0.524015 1
0.813346 0.533219 0
0.802011 0.541332 0
0.799363 0.556818 0
0.786715 0.563811 0
0.781172 0.557992 0
0.775939 0.545146 1
0.767488 0.522792 0
0.758562 0.513052 0
0.752843 0.517944 0
0.747299 0.519812 0
0.754286 0.508844 0
0.756305 0.501679 1
0.742327 0.488929 0
0.737018 0.49038 0
0.725587 0.497206 0
0.713741 0.504007 0
0.707969 0.500186 0
0.746403 0.516303 0
0.7457 0.522875 0
0.742015 0.525887 0
0.730274 0.522216 0
0.718283 0.510101 0
0.710198 0.505982 0
0.707962 0.511745 0
0.705315 0.517796 0
0.707817 0.525981 0
0.712855 0.531688 0
0.717863 0.536637 0
0.724469 0.536842 0
0.740298 0.540683 0
0.74712 0.544852 0
0.753298 0.542846 0
0.74474 0.532618 0
0.746567 0.528274 1
0.701431 0.496069 0
0.705869 0.489706 0
0.707081 0.475405 0
0.707113 0.465369 0
0.706193 0.463173 0
0.708519 0.463651 0
0.718222 0.475609 0
0.72825 0.484187 0
0.727017 0.492349 0
0.720881 0.495629 0
0.713578 0.487492 0
0.709127 0.46874 0
0.705342 0.447205 0
0.703495 0.426594 0
0.701687 0.410784 0
0.704447 0.389175 0
0.703264 0.379958 0
0.704354 0.369445 0
0.70692 0.359418 0
0.710179 0.351136 0
0.707612 0.342101 0
0.689907 0.337323 1
0.680562 0.327455 0
0.669566 0.32712 0
0.657443 0.338929 0
0.649014 0.352713 0
0.644396 0.371023 0
0.645609 0.385409 0
0.648923 0.380257 0
0.645291 0.379347 0
0.648241 0.363709 0
0.643285 0.354766 0
0.656022 0.32535 0
0.661416 0.311236 0
0.663443 0.300983 0
0.663305 0.302742 0
0.66154 0.301387 0
0.659266 0.303888 0
0.667362 0.299173 0
0.668204 0.303162 0
0.672359 0.304338 0
0.679642 0.301651 0
0.687665 0.295135 0
0.69145 0.29675 0
0.69584 0.302793 0
0.700806 0.310498 0
0.707566 0.309034 0
0.721516 0.290953 0
0.728525 0.289783 0
0.730109 0.299684 1
0.739009 0.293916 0
0.743152 0.288438 0
0.745985 0.280137 0
0.749865 0.275561 0
0.750112 0.273694 0
0.750164 0.270123 0
0.748275 0.273108 0
0.747426 0.279206 0
0.743855 0.288636 0
0.736042 0.303066 0
0.72719 0.320545 0
0.718707 0.332093 0
0.718234 0.341204 0
0.720698 0.350526 0
0.721956 0.359967 0
0.727203 0.376318 0
0.733933 0.388472 0
0.743154 0.398259 0
0.748264 0.403773 0
0.763827 0.409793 0
0.776844 0.414342 0
0.784448 0.417992 0
0.802084 0.410099 0
0.822137 0.401091 0
0.835241 0.401985 0
0.836115 0.415199 0
0.827682 0.423552 0
0.820527 0.448211 1
0.816472 0.47405 0
0.823964 0.477903 0
0.829777 0.491448 0
0.83345 0.48511 0
0.836052 0.481136 0
0.835892 0.480263 0
0.835158 0.479019 0
0.833211 0.478927 0
0.832625 0.482598 0
0.833651 0.49199 0
0.837714 0.498398 0
0.839584 0.505332 0
0.841712 0.511202 0
0.833596 0.518013 0
0.817564 0.523152 0
0.805644 0.536558 1
0.796429 0.534842 0
0.791751 0.530907 0
0.783282 0.534798 0
0.775712 0.536616 0
0.771695 0.544317 0
0.765023 0.541944 1
0.756536 0.519995 0
0.767023 0.525451 0
0.767762 0.521802 0
0.76129 0.509375 0
0.751446 0.504885 0
0.744127 0.488981 1
0.732749 0.480834 0
0.725752 0.478495 0
0.711428 0.481544 0
0.703034 0.471183 0
0.753061 0.523745 0
0.735339 0.501106 1
0.725481 0.503679 0
0.711237 0.487402 0
0.707251 0.487684 0
0.660397 0.44358 0
0.660577 0.446355 0
0.661765 0.451994 0
0.711219 0.503941 0
0.720392 0.515569 0
0.72562 0.509587 0
0.737698 0.518311 0
0.744182 0.51496 0
0.750819 0.509676 0
0.686203 0.43644 0
0.688772 0.436707 0
0.702769 0.427698 0
0.703988 0.422193 1
0.706515 0.41356 0
0.705483 0.400445 0
0.706758 0.390841 0
0.714609 0.391226 0
0.724646 0.395583 0
0.729914 0.386767 0
0.725849 0.382978 0
0.72872 0.373186 0
0.722099 0.371673 0
0.719767 0.367794 0
0.712939 0.351291 0
0.708752 0.355952 0
0.706277 0.356716 0
0.691126 0.345844 0
0.683818 0.340575 0
0.675712 0.344036 1
0.670015 0.327242 0
0.665281 0.314745 0
0.664873 0.317812 0
0.651063 0.32497 0
0.656665 0.324057 0
0.665956 0.317947 1
0.663304 0.306668 0
0.674898 0.284191 0
0.664953 0.277531 0
0.66294 0.267609 0
0.658452 0.255158 0
0.660798 0.244249 0
0.655771 0.250916 0
0.657185 0.257877 0
0.645073 0.275505 0
0.641365 0.283852 1
0.648402 0.2867 0
0.652725 0.283074 0
0.655532 0.279459 0
0.652584 0.282576 0
0.651318 0.279806 0
0.646627 0.279283 0
0.643415 0.285911 0
0.640332 0.290516 0
0.629883 0.298385 0
0.628489 0.303617 0
0.622754 0.301055 0
0.623503 0.295352 0
0.620047 0.296143 0
0.612861 0.290404 0
0.608882 0.281997 0
0.613903 0.275537 0
0.619432 0.263505 0
0.616163 0.255556 0
0.609623 0.256964 0
0.605097 0.259375 0
0.600867 0.260705 0
0.595868 0.25973 0
0.573892 0.268593 0
0.561799 0.27388 1
0.545517 0.281902 0
0.536912 0.296103 0
0.526612 0.310156 0
0.522435 0.317178 0
0.520916 0.327641 0
0.513107 0.324804 0
0.512127 0.311964 0
0.506688 0.302143 0
0.501748 0.293652 0
0.496067 0.290403 0
0.49549 0.287875 0
0.49877 0.315693 0
0.49878 0.276447 0
0.501946 0.267 1
0.500069 0.267277 0
0.501691 0.262515 0
0.505363 0.256679 0
0.508159 0.246426 0
0.504747 0.236969 0
0.498124 0.233253 0
0.489234 0.225341 0
0.486389 0.225549 0
0.477796 0.236672 0
0.465681 0.240256 0
0.453181 0.246653 0
0.453846 0.258419 1
0.443722 0.253447 0
0.465945 0.25781 0
0.460328 0.253865 0
0.467471 0.25118 0
0.462227 0.246897 0
0.450283 0.241378 0
0.434709 0.242097 0
0.427952 0.240169 0
0.416396 0.242696 0
0.413658 0.250901 0
0.409133 0.259406 0
0.395813 0.254106 1
0.398838 0.256575 0
0.409835 0.249461 0
0.410246 0.250605 0
0.404287 0.252409 0
0.409552 0.247631 0
0.39919 0.248852 0
0.387503 0.229708 0
0.374902 0.224611 0
0.361664 0.22957 0
0.342987 0.245414 1
0.32825 0.270106 0
0.314281 0.284381 0
0.307465 0.296435 0
0.299665 0.312144 0
0.291213 0.324026 0
0.288468 0.329762 0
0.285382 0.327218 0
0.281372 0.304936 0
0.283878 0.287331 0
0.289549 0.243178 1
0.252059 0.242226 0
0.206154 0.25677 0
0.169708 0.270483 0
0.131436 0.286961 0
0.101035 0.300345 0
0.223086 0.235112 1
0.154392 0.0679306 0
0.17434 0.0829606 0
0.179333 0.0856867 0
0.1955 0.11733 0
0.194817 0.143225 0
0.192918 0.163579 0
0.193875 0.185754 0
0.191498 0.208249 0
0.18674 0.2221 0
0.184408 0.230155 1
0.189195 0.222748 0
0.196261 0.216909 0
0.203099 0.204111 0
0.203707 0.193857 0
0.202845 0.189298 0
0.199491 0.18479 0
0.195505 0.185589 0
0.192425 0.180592 0
0.180581 0.179456 0
0.170925 0.183274 0
0.166574 0.188537 0
0.160581 0.189786 0
0.148201 0.20251 0
0.139892 0.211418 0
0.131962 0.220735 0
0.123636 0.225691 0
0.115157 0.232716 0
0.111322 0.238587 0
0.102779 0.248514 0
0.100391 0.259849 0
0.102453 0.263388 0
0.0929923 0.258096 0
0.0880029 0.242531 0
0.0919465 0.219573 1
0.103618 0.213586 0
0.0896567 0.20295 0
0.0833444 0.210065 0
0.0812316 0.218008 1
0.0754443 0.233886 0
0.0603643 0.250508 0
0.0502105 0.241161 0
0.0377493 0.213016 1
0.0213593 0.240676 0
0.0146996 0.273165 0
0.00346063 0.277875 0
0 0.275145 0
0.00442631 0.262583 0
0.00455311 0.248893 0
0.00523808 0.237485 0
0.00959243 0.222944 0
0.00861387 0.213642 0
0.0051143 0.209235 1
0.0193053 0.199841 0
0.0240171 0.200621 0
0.0305971 0.196354 0
0.0314075 0.196498 0
0.0340797 0.189568 0
0.0362843 0.175073 0
