0.997937 0.0119343 1
0.999086 0.00840086 0
1 0.00169563 0
0.997318 0.00090772 0
0.995108 0.0104989 0
0.989783 0 0
0.988354 0.00248981 0
0.991438 0.011171 0
0.993355 0.0137074 0
0.992822 0.0140534 0
0.992452 0.0140739 1
0.990586 0.0145695 0
0.988452 0.0146102 0
0.985921 0.0143807 0
0.982919 0.0145002 0
0.976836 0.0154949 0
0.974401 0.017039 0
0.973421 0.0210773 0
0.971678 0.022866 0
0.970343 0.0228568 0
0.969361 0.0232466 0
0.968156 0.0240422 0
0.967037 0.0251788 0
0.96555 0.0261982 0
0.964084 0.0273677 0
0.961973 0.027494 0
0.961607 0.0274279 1
0.961188 0.0304792 0
0.95967 0.0339247 0
0.955053 0.035862 0
0.953561 0.0400824 0
0.95155 0.0398983 0
0.950569 0.0386408 0
0.94683 0.0365787 0
0.943999 0.0368759 0
0.941219 0.0369545 0
0.940388 0.0369424 0
0.938843 0.0366498 0
0.936967 0.0373899 0
0.935372 0.0374607 0
0.933822 0.0380179 1
0.933179 0.0404778 0
0.930387 0.0386931 0
0.927689 0.0363284 0
0.928004 0.040727 0
0.924398 0.0368918 0
0.924636 0.0419912 0
0.923789 0.0418865 0
0.923645 0.0410953 1
0.923639 0.0410948 0
0.923623 0.0411099 0
0.923532 0.0411323 0
0.922617 0.0415416 0
0.920214 0.0418175 0
0.919032 0.0523691 0
0.988309 0.0179883 0
0.981464 0.0124233 0
0.916999 0.05926 0
0.915621 0.0546133 0
0.91428 0.0562706 0
0.916011 0.0593789 0
0.911764 0.0621448 0
0.90698 0.0588787 0
0.904093 0.0585648 0
0.90135 0.0566553 0
0.89917 0.0537211 0
0.897785 0.052925 1
0.896488 0.0512566 0
0.895322 0.0503659 0
0.894756 0.0524801 0
0.893384 0.0526655 0
0.891153 0.0514386 0
0.890731 0.0529083 0
0.889745 0.0589103 0
0.886959 0.0570456 0
0.884932 0.058034 0
0.883997 0.060446 0
0.881759 0.0604071 0
0.87899 0.0592528 0
0.876565 0.060026 0
0.874956 0.0617346 0
0.87158 0.0635054 0
0.86971 0.0653204 0
0.867914 0.0671153 0
0.866675 0.0668726 0
0.863937 0.0669717 0
0.862035 0.0675549 0
0.860355 0.067562 0
0.858687 0.0685973 1
0.857432 0.0699588 0
0.853898 0.0672374 0
0.852398 0.067793 0
0.850825 0.0695088 0
0.848603 0.0699423 0
0.84708 0.0709323 0
0.845318 0.0709166 0
0.841645 0.0713 0
0.83973 0.0725243 0
0.836695 0.071894 0
0.835077 0.0737008 0
0.833001 0.0753281 0
0.830236 0.0746161 0
0.828044 0.0759914 0
0.824756 0.0769745 0
0.822431 0.076451 0
0.821271 0.079275 0
0.818075 0.0788237 1
0.815603 0.0792708 0
0.812917 0.080454 0
0.810849 0.0810407 0
0.809482 0.0836701 0
0.806957 0.0835503 0
0.805134 0.0850366 0
0.803415 0.0866419 0
0.80018 0.0855649 0
0.797782 0.0867914 0
0.796507 0.0896248 0
0.794192 0.0905694 0
0.793173 0.0938752 1
0.790571 0.0943939 0
0.787694 0.0952607 0
0.784554 0.0955483 0
0.782606 0.0954647 0
0.779827 0.0965519 0
0.778525 0.0973058 0
0.776233 0.0965797 0
0.773022 0.0966039 0
0.769976 0.0974755 0
0.769419 0.0977033 1
0.766761 0.0992201 0
0.762952 0.099396 0
0.761154 0.104851 0
0.757959 0.10592 0
0.755819 0.108472 0
0.753159 0.109635 0
0.750667 0.112184 0
0.748543 0.114508 0
0.747135 0.116709 0
0.742904 0.116689 0
0.742068 0.120169 0
0.739419 0.120923 0
0.737569 0.121715 0
0.735071 0.12152 0
0.732166 0.122053 0
0.7311 0.121965 0
0.728931 0.121748 0
0.726669 0.122147 1
0.72484 0.122585 0
0.722559 0.124516 0
0.719559 0.124509 0
0.716782 0.12505 0
0.714336 0.126777 0
0.712616 0.128098 0
0.710202 0.131139 0
0.707601 0.135287 0
0.703384 0.132733 0
0.69737 0.130856 1
0.693981 0.129029 0
0.69157 0.131747 0
0.68565 0.126754 0
0.683103 0.129201 0
0.684488 0.138438 0
0.68095 0.140537 1
0.676474 0.13939 0
0.673184 0.140463 0
0.67036 0.143126 0
0.66566 0.141159 0
0.661672 0.141498 0
0.657899 0.142794 0
0.652911 0.141955 0
0.65387 0.151184 1
0.651144 0.154266 0
0.645833 0.155731 0
0.63653 0.142723 0
0.6257 0.132682 0
0.642714 0.172174 0
0.636076 0.166351 0
0.624437 0.160646 0
0.617028 0.162178 1
0.613929 0.161006 0
0.61617 0.171199 0
0.633578 0.191062 0
0.630378 0.198278 0
0.628821 0.20155 0
0.631867 0.203613 0
0.61678 0.215852 0
0.622686 0.217063 0
0.62222 0.245423 0
0.619738 0.221295 0
0.623294 0.230889 0
0.622788 0.225501 1
0.634031 0.239649 0
0.637829 0.24453 0
0.639778 0.248078 0
0.637753 0.253472 0
0.643654 0.271944 0
0.511016 0.176203 0
0.487128 0.212051 0
0.477069 0.219441 0
0.476953 0.207887 0
0.343797 0.314993 0
0.673145 0.299914 0
0.632543 0.301556 1
0.631942 0.304956 0
0.645236 0.311202 0
0.682276 0.311264 0
0.678788 0.321827 0
0.697471 0.326221 0
0.710135 0.333944 0
0.728145 0.344045 0
0.641437 0.352308 1
0.637674 0.347501 0
0.645467 0.365099 0
0.662899 0.387542 0
0.644794 0.370944 1
0.639758 0.37185 0
0.629512 0.365298 0
0.624957 0.3556 0
0.622691 0.377413 1
0.621064 0.362554 0
0.609823 0.375428 0
0.615088 0.3549 0
0.613674 0.351524 1
0.591713 0.355548 0
0.567119 0.363436 0
0.562807 0.346246 0
0.565147 0.334866 0
0.567791 0.323725 0
0.566349 0.316841 0
0.589449 0.302443 0
0.600206 0.29259 0
0.600772 0.288902 0
0.591647 0.287421 0
0.594751 0.282373 0
0.601837 0.273869 1
0.598071 0.267348 0
0.594477 0.264757 0
0.589365 0.259284 0
0.574582 0.250962 0
0.594085 0.253383 0
0.582616 0.246811 0
0.579585 0.242995 0
0.572704 0.23587 0
0.584415 0.236362 0
0.590655 0.198691 1
0.588237 0.194849 0
0.585382 0.192171 0
0.582618 0.189697 0
0.579693 0.186718 0
0.578697 0.181211 0
0.579097 0.177868 0
0.577809 0.172469 0
0.575086 0.169051 1
0.571087 0.167808 0
0.567452 0.166333 0
0.564441 0.165676 0
0.559258 0.163773 0
0.550768 0.17321 0
0.552056 0.166408 0
0.549861 0.163822 0
0.546225 0.164221 0
0.544388 0.162203 0
0.542321 0.16174 1
0.539316 0.161432 0
0.53809 0.159909 0
0.53458 0.159823 0
0.531607 0.158648 0
0.529747 0.157622 0
0.526715 0.156488 0
0.523602 0.157274 0
0.521119 0.157544 0
0.518911 0.156861 0
0.516753 0.156646 0
0.513652 0.155904 0
0.51039 0.155156 1
0.506701 0.153459 0
0.500895 0.155012 0
0.497043 0.155073 0
0.487553 0.166215 0
0.494915 0.130269 0
0.486774 0.148114 0
0.479479 0.147981 0
0.470717 0.151692 1
0.468159 0.150958 0
0.465844 0.151201 0
0.463729 0.150934 0
0.460564 0.149826 0
0.458149 0.14869 0
0.454773 0.148516 0
0.451937 0.147677 0
0.450011 0.144696 0
0.447389 0.14154 0
0.443296 0.143436 0
0.439602 0.142019 0
0.436479 0.142469 1
0.433339 0.141644 0
0.431048 0.138998 0
0.4267 0.140358 0
0.424375 0.139191 0
0.421287 0.138524 0
0.415952 0.135028 0
0.413607 0.137596 0
0.410751 0.137836 1
0.407539 0.13868 0
0.403011 0.136248 0
0.401418 0.140755 0
0.396205 0.136324 0
0.394352 0.137291 0
0.391332 0.137007 0
0.388944 0.138371 0
0.388271 0.137184 0
0.384437 0.135006 0
0.382127 0.136937 0
0.3802 0.138388 0
0.378483 0.138795 1
0.375718 0.141034 0
0.374037 0.140678 0
0.372191 0.142156 0
0.369978 0.143679 0
0.366789 0.143834 0
0.364309 0.1445 0
0.362522 0.145415 0
0.360717 0.145993 0
0.357131 0.145141 0
0.354951 0.142221 0
0.351485 0.138014 0
0.349446 0.133786 0
0.346201 0.132036 0
0.343992 0.131327 1
0.339637 0.129769 0
0.335992 0.127934 0
0.331766 0.129742 0
0.328946 0.129202 0
0.327068 0.128454 0
0.32542 0.128444 1
0.323204 0.128865 0
0.32129 0.129453 0
0.320149 0.128987 0
0.317454 0.130021 0
0.315052 0.13001 0
0.312955 0.129293 0
0.311605 0.128821 0
0.309067 0.128381 0
0.307429 0.127718 0
0.306171 0.126018 0
0.30359 0.126051 0
0.302417 0.124402 1
0.300175 0.124007 0
0.298838 0.124059 0
0.297376 0.124732 0
0.294687 0.12506 0
0.293043 0.125568 0
0.288622 0.125589 0
0.285633 0.127064 0
0.284272 0.12643 0
0.28037 0.128417 0
0.277553 0.126086 0
0.275543 0.124465 0
0.273153 0.125049 0
0.271212 0.123377 0
0.268532 0.122938 0
0.265629 0.123221 0
0.264359 0.12136 0
0.262541 0.120341 0
0.26054 0.119437 0
0.258489 0.118692 0
0.257356 0.118486 1
0.256117 0.118064 0
0.254103 0.117477 0
0.251929 0.116179 0
0.249633 0.115469 0
0.247763 0.112303 0
0.245649 0.11053 0
0.242812 0.10849 0
0.241878 0.105495 0
0.239801 0.103633 0
0.237082 0.103275 0
0.235255 0.104626 0
0.231463 0.103146 0
0.228998 0.102839 0
0.226817 0.102067 0
0.224936 0.103318 0
0.223243 0.103807 0
0.223145 0.105654 0
0.222862 0.107899 0
0.22257 0.108979 0
0.222433 0.109041 1
0.221675 0.109065 0
0.221435 0.109689 0
0.221907 0.11068 0
0.222542 0.111376 0
0.223648 0.111528 0
0.223781 0.112324 0
0.226009 0.111419 0
0.226352 0.112522 0
0.228438 0.111465 0
0.228397 0.103118 0
0.229141 0.101104 0
0.228455 0.0977041 0
0.226397 0.0927643 0
0.224238 0.0898957 0
0.225654 0.0883331 0
0.222219 0.0850312 0
0.220922 0.0820146 0
0.204426 0.0806588 0
0.173649 0.130909 0
0.172419 0.122826 0
0.169839 0.12148 0
0.161931 0.120679 0
0.174407 0.103353 0
0.162784 0.111476 0
0.161737 0.110304 0
0.161711 0.10822 0
0.162358 0.10779 0
0.162421 0.105601 0
0.162431 0.104619 0
0.162226 0.102834 0
0.163393 0.103006 0
0.163726 0.102801 0
0.163636 0.102242 0
0.163498 0.102162 0
0.163487 0.102163 0
0.163501 0.102144 1
0.162922 0.101419 0
0.16311 0.101357 0
0.162515 0.101374 0
0.163117 0.101014 0
0.162405 0.101602 0
0.162308 0.103975 0
0.160458 0.103137 0
0.159311 0.103314 0
0.158481 0.101585 0
0.157685 0.10253 0
0.156966 0.102988 0
0.155974 0.102767 0
0.155305 0.102158 0
0.153339 0.102884 0
0.151968 0.103689 0
0.152109 0.100939 0
0.150602 0.100181 0
0.14943 0.102978 0
0.147653 0.102479 0
0.145348 0.102264 0
0.143759 0.101462 0
0.143456 0.103947 0
0.140937 0.109981 0
0.138533 0.111573 0
0.136895 0.112848 0
0.13457 0.113285 0
0.133618 0.111989 0
0.133044 0.11086 0
0.135386 0.109327 0
0.135389 0.108596 0
0.13393 0.109072 0
0.133348 0.106836 0
0.131289 0.106474 0
0.131994 0.101697 0
0.132305 0.0992422 0
0.132483 0.0969757 0
0.131481 0.0963141 0
0.130251 0.0963273 0
0.129021 0.0967864 0
0.128162 0.0959142 0
0.127307 0.0954019 0
0.127093 0.0950198 0
0.126064 0.0951607 0
0.125083 0.0945518 0
0.124935 0.0945009 0
0.124909 0.0944648 1
0.124909 0.0944648 0
0.12491 0.0944639 0
0.124903 0.0944693 0
0.124979 0.0944778 0
0.125414 0.0945443 0
0.123215 0.094196 0
0.121795 0.0941457 0
0.121278 0.0924223 0
0.120275 0.0914977 0
0.119278 0.0916521 0
0.119374 0.0909103 0
0.11908 0.0912975 0
0.11851 0.0927597 0
0.11716 0.0921267 0
0.11565 0.0913114 0
0.113258 0.0913266 0
0.112366 0.0906561 0
0.110756 0.0910094 0
0.110986 0.0908036 0
0.111047 0.0908004 0
0.109624 0.0907034 0
0.108312 0.0905754 0
0.107921 0.090851 0
0.107231 0.0915938 0
0.106213 0.091367 0
0.10515 0.0907669 0
0.104233 0.0905932 0
0.103566 0.0911159 0
0.1034 0.0906767 0
0.102693 0.0904729 0
0.102092 0.0890205 0
0.100385 0.0873482 0
0.0987326 0.0888942 0
0.0981982 0.088079 0
0.097435 0.0881001 0
0.096216 0.0880782 0
0.0959096 0.089364 0
0.0959392 0.0893731 0
0.0955632 0.0896609 0
0.0937417 0.089384 0
0.0921233 0.0898561 0
0.091117 0.0891904 1
0.0908695 0.0891714 0
0.0907045 0.0892004 0
0.0907591 0.089184 0
0.0906513 0.089516 0
0.0905504 0.08936 0
0.089765 0.0887433 0
0.0891687 0.0888286 0
0.0895109 0.0889149 0
0.0895135 0.0889801 0
0.088468 0.0887434 0
0.089156 0.0889878 0
0.0894765 0.0886841 0
0.0898258 0.0889135 0
0.0899031 0.0887899 0
0.0880154 0.0889285 0
0.0880051 0.0886882 0
0.0865919 0.0881707 0
0.0852382 0.0880476 0
0.0845339 0.0880495 0
0.0840608 0.0880601 0
0.0826024 0.0877595 0
0.0812963 0.0875844 0
0.0795221 0.0869852 0
0.0776981 0.0868894 0
0.0750249 0.0862309 0
0.0730555 0.0865885 0
0.0708016 0.0860372 0
0.0686938 0.0858865 0
0.0668939 0.0856658 0
0.0656748 0.0853972 0
0.0647203 0.084744 0
0.0629449 0.0834666 0
0.061544 0.0839127 0
0.059784 0.0844535 0
0.0570015 0.084003 0
0.0536397 0.0827827 0
0.051419 0.083576 0
0.0499747 0.0829754 1
0.0483223 0.0827733 0
0.0472271 0.0822265 0
0.0458222 0.0826182 0
0.0446318 0.0821222 0
0.0432808 0.0826399 0
0.0411691 0.0824444 0
0.0407401 0.0818911 0
0.0402148 0.0813245 0
0.0387241 0.0809511 0
0.0374577 0.081187 0
0.0361154 0.0794989 0
0.0349271 0.0796062 0
0.0331221 0.0802815 0
0.0320607 0.0799621 0
0.0307902 0.0802148 0
0.0297975 0.0797855 0
0.028815 0.0797361 0
0.0268249 0.079679 0
0.0260756 0.0790553 0
0.0247295 0.0792253 0
0.0233474 0.0793944 0
0.0219676 0.0787609 1
0.0214105 0.0785506 0
0.0207581 0.0783257 0
0.0193718 0.0784722 0
0.0177977 0.0783057 0
0.0174192 0.0778164 0
0.0159145 0.0780146 0
0.0145521 0.0777668 0
0.0132635 0.0775091 0
0.0126422 0.0776257 0
0.0108191 0.0781957 0
0.00967475 0.0777906 0
0.00851931 0.0781126 0
0.00749492 0.0779971 0
0.0063528 0.0779644 0
0.00520239 0.0783429 0
0.0041226 0.077012 0
0.0022849 0.0777432 0
0.00159024 0.0767763 0
0.000594125 0.0765983 0
0 0.0755381 1
