0.586864 0.145941 0
0.591206 0.121253 0
0.630447 0.0942977 1
0.661997 0.106423 0
0.631876 0.0939799 0
0.659746 0.160211 0
0.689079 0.127748 0
0.68575 0.0944699 0
0.688455 0.0946253 0
0.682765 0.0900983 0
0.681667 0.0761778 1
0.72112 0.0583053 0
0.781283 0.0658429 0
0.735761 0.0264203 0
0.793047 0.0434821 0
0.806439 0.0425523 0
0.819668 0.0439981 0
0.810512 0.0405686 0
0.8023 0.0101639 0
0.832124 0.00294074 0
0.811412 0 0
0.892357 0.0371848 0
0.877798 0.044177 1
0.890171 0.0431104 0
0.881583 0.0501975 0
0.886163 0.0654352 0
0.885999 0.0906206 0
0.898698 0.0936286 0
0.932186 0.106016 1
0.898159 0.145279 0
0.895744 0.186845 0
0.890985 0.228431 0
0.890897 0.267803 0
0.899126 0.301642 0
0.94054 0.350626 0
0.951627 0.393275 0
0.941893 0.423089 0
0.977494 0.467369 0
1 0.495057 1
0.965491 0.499064 0
0.984663 0.528113 0
0.990308 0.554329 0
0.958037 0.569255 0
0.9614 0.589164 0
0.94673 0.605143 1
0.922203 0.592084 0
0.87468 0.590528 0
0.8418 0.587895 0
0.837329 0.603148 0
0.801242 0.600449 0
0.815453 0.625653 0
0.813101 0.608371 0
0.791163 0.616038 0
0.786082 0.620253 0
0.791012 0.625992 1
0.779043 0.625792 0
0.77431 0.63431 0
0.761545 0.625296 0
0.755172 0.616796 0
0.748395 0.617142 0
0.765531 0.623363 0
0.770117 0.633365 0
0.727601 0.63147 0
0.71906 0.627844 0
0.722422 0.631157 0
0.715322 0.612655 0
0.707521 0.617319 0
0.70568 0.608641 0
0.719974 0.616963 0
0.728438 0.612646 0
0.730766 0.590564 0
0.70134 0.568228 0
0.703963 0.567199 0
0.721914 0.557924 0
0.711119 0.541414 0
0.680665 0.522166 0
0.678196 0.500833 0
0.692965 0.481921 0
0.691844 0.466846 0
0.690567 0.443324 0
0.686115 0.4141 0
0.674984 0.386562 0
0.667696 0.354076 0
0.654598 0.327672 0
0.648263 0.302785 0
0.604892 0.279378 0
0.580078 0.25273 0
0.555548 0.233222 0
0.536787 0.21666 0
0.518118 0.20155 0
0.502423 0.187502 0
0.48299 0.175967 0
0.454998 0.166777 1
0.44531 0.162302 0
0.438882 0.156599 0
0.411954 0.155361 0
0.420008 0.150042 0
0.383551 0.142203 0
0.35737 0.133457 0
0.318562 0.128399 0
0.272483 0.123278 0
0.245847 0.119933 0
0.225304 0.123453 0
0.207998 0.129299 0
0.202014 0.141806 0
0.201466 0.155444 0
0.183386 0.163256 0
0.174888 0.165542 0
0.165361 0.167177 0
0.17345 0.176237 0
0.183511 0.18831 0
0.170503 0.199462 0
0.148015 0.204615 1
0.150823 0.224756 0
0.150319 0.243761 0
0.181239 0.262719 0
0.138403 0.278667 0
0.137917 0.304077 0
0.158782 0.32231 0
0.154731 0.338913 0
0.143195 0.367633 0
0.137246 0.389035 0
0.133352 0.410881 1
0.153294 0.452692 0
0.171674 0.482281 0
0.192245 0.510835 0
0.19822 0.536949 0
0.187615 0.545601 0
0.188612 0.549407 0
0.198079 0.574202 0
0.18772 0.590782 1
0.213031 0.607359 0
0.231823 0.618696 0
0.241018 0.625924 0
0.267769 0.637374 0
0.278735 0.615888 0
0.270567 0.641606 0
0.276648 0.64383 0
0.28885 0.639147 0
0.297913 0.641825 0
0.310308 0.630834 0
0.363608 0.629666 0
0.37345 0.616304 0
0.362191 0.614266 0
0.372805 0.610145 0
0.391951 0.603421 0
0.405349 0.58811 0
0.431141 0.580368 0
0.41119 0.56907 0
0.418421 0.559639 0
0.437125 0.542932 0
0.45503 0.524165 0
0.473255 0.506526 0
0.484839 0.48955 0
0.499637 0.473342 0
0.487369 0.454853 0
0.496825 0.44127 0
0.499939 0.412157 0
0.497029 0.383008 0
0.495433 0.359779 0
0.49397 0.335174 0
0.481948 0.318379 0
0.454716 0.294679 0
0.4353 0.268721 0
0.436998 0.244457 0
0.413372 0.219264 0
0.400439 0.207956 0
0.397995 0.197235 0
0.406878 0.183476 1
0.384238 0.171112 0
0.366188 0.15955 0
0.355292 0.156497 0
0.36111 0.155416 0
0.317606 0.14868 0
0.310273 0.144482 0
0.290373 0.136453 0
0.278573 0.130439 0
0.272764 0.129492 0
0.299065 0.129389 0
0.292852 0.133039 0
0.263992 0.13864 0
0.231977 0.140179 0
0.21685 0.136557 0
0.207642 0.133273 0
0.17813 0.124527 1
0.152858 0.118987 0
0.135602 0.114219 0
0.11568 0.11592 0
0.105489 0.12347 0
0.0944027 0.133577 0
0.0829371 0.145681 0
0.0702609 0.15946 0
0.0596918 0.174385 0
0.0500423 0.190641 0
0.0382613 0.209699 1
0.0546403 0.223287 0
0.0399855 0.248268 0
0.0494512 0.269539 0
0.0517128 0.297624 0
0.0593368 0.315168 0
0.061163 0.336225 0
0.0482204 0.358439 0
0.0539297 0.385855 0
0.0684652 0.413055 0
0.072413 0.433396 1
0.0828741 0.467371 0
0.0829531 0.498834 0
0.101281 0.525357 0
0.12109 0.546648 0
0.145067 0.548035 0
0.156598 0.566219 0
0.156331 0.581935 0
0.155835 0.586328 0
0.162998 0.602877 0
0.174016 0.618879 1
0.19233 0.631627 0
0.200854 0.636115 0
0.197574 0.630358 0
0.202551 0.620851 0
0.214535 0.611306 0
0.239284 0.60945 0
0.271017 0.609735 0
0.287928 0.606504 0
0.300161 0.60215 0
0.317073 0.594983 0
0.336569 0.588956 0
0.355894 0.585477 1
0.369754 0.576794 0
0.386528 0.562396 0
0.400202 0.543978 0
0.400808 0.518422 0
0.406521 0.493597 0
0.404735 0.473798 0
0.403502 0.447559 0
0.407004 0.418003 0
0.414293 0.393481 0
0.429755 0.375652 0
0.443125 0.35873 0
0.451399 0.34539 0
0.459455 0.336795 0
0.459329 0.33449 0
0.463556 0.324252 0
0.464439 0.3063 0
0.469887 0.289448 0
0.44161 0.268644 0
0.402439 0.2448 0
0.367587 0.22918 0
0.333448 0.210667 0
0.317098 0.194379 0
0.304158 0.174121 0
0.288054 0.159766 0
0.278469 0.152158 0
0.287643 0.152732 0
0.28071 0.149727 0
0.262482 0.142514 0
0.232422 0.13359 0
0.20869 0.127269 0
0.191761 0.135633 0
0.163875 0.137254 0
0.144793 0.140482 0
0.134227 0.150023 0
0.122101 0.148648 0
0.0940914 0.143952 1
0.0806537 0.14315 0
0.0715644 0.144232 0
0.0660156 0.149815 0
0.0517127 0.158626 0
0.0345186 0.174452 0
0.0166752 0.192847 0
0 0.209944 0
0.024921 0.22121 0
0.0055076 0.249626 0
0.0218385 0.248487 1
0.053672 0.295193 0
0.0503236 0.297657 0
0.0439039 0.329087 0
0.0463711 0.342028 0
0.0515461 0.35927 0
0.04616 0.382246 0
0.0518712 0.400148 0
0.0635528 0.426144 0
0.05341 0.441694 0
0.0406466 0.465077 1
0.0428016 0.475271 0
0.0599273 0.496657 0
0.0791366 0.515624 0
0.0716268 0.532784 0
0.0751032 0.551366 0
0.0857105 0.568797 0
0.108949 0.589048 0
0.144199 0.613268 1
0.169219 0.612905 0
0.191139 0.615374 0
0.231502 0.621111 0
0.252551 0.631049 0
0.26562 0.629686 0
0.307071 0.642426 0
0.34348 0.652533 0
0.372272 0.663908 0
0.391784 0.668812 0
0.419284 0.671266 0
