0.908643 0.41779 1
0.907141 0.402459 0
0.917812 0.391739 0
0.88459 0.391449 0
0.825319 0.37638 0
0.846128 0.360282 0
0.810936 0.320722 0
0.881168 0.383682 0
0.895341 0.420099 1
0.869766 0.417579 0
0.855315 0.386409 0
0.813165 0.345093 0
0.835221 0.36488 0
0.800352 0.345779 0
0.844784 0.357314 0
0.853571 0.347611 0
0.842917 0.331528 0
0.804572 0.321191 0
0.786864 0.329346 0
0.805203 0.342567 0
0.808453 0.3493 0
0.811995 0.359239 0
0.831599 0.389403 0
0.823421 0.380339 0
0.792825 0.342799 0
0.787038 0.364299 0
0.797312 0.345731 0
0.811584 0.349025 0
0.82161 0.352271 0
0.820621 0.347565 0
0.845213 0.34587 1
0.841704 0.346836 0
0.845851 0.330807 0
0.83349 0.315015 0
0.833251 0.309079 0
0.81973 0.324785 0
0.829307 0.321543 0
0.825312 0.307956 0
0.829799 0.300632 0
0.793556 0.268546 0
0.808758 0.274942 0
0.813156 0.279651 0
0.808586 0.272124 0
0.801876 0.261114 0
0.796261 0.257828 0
0.790122 0.258803 0
0.784165 0.253669 0
0.783532 0.242064 0
0.777148 0.228358 0
0.777497 0.215601 0
0.792211 0.213907 0
0.796021 0.214994 0
0.794493 0.211058 1
0.786969 0.222001 0
0.778318 0.233904 0
0.778408 0.243469 0
0.77071 0.247341 0
0.75469 0.247375 0
0.757019 0.263198 0
0.765626 0.265763 0
0.778181 0.272893 0
0.790347 0.289238 0
0.765165 0.295149 0
0.747812 0.294999 0
0.745833 0.294024 0
0.742005 0.297309 0
0.725426 0.282608 0
0.701098 0.259831 0
0.692599 0.240115 0
0.675991 0.211314 0
0.679773 0.180954 0
0.690338 0.149785 0
0.696646 0.10428 1
0.687525 0.0965234 0
0.689819 0.103074 0
0.683874 0.0999486 0
0.677362 0.100865 0
0.676153 0.0973801 0
0.665211 0.0975175 0
0.641684 0.0993813 0
0.63629 0.0969743 0
0.622811 0.0781635 0
0.612736 0.0653361 0
0.59467 0.0511038 0
0.586505 0.0411781 0
0.594637 0.0427911 0
0.57922 0.021502 0
0.571657 0.0278007 0
0.567066 0.0379824 0
0.579756 0.041239 0
0.591746 0.0451128 1
0.556534 0.0677631 0
0.518221 0.0711449 0
0.513495 0.0891877 0
0.485487 0.105609 0
0.485721 0.108877 0
0.490829 0.110241 0
0.5005 0.0886922 0
0.515142 0.072255 0
0.522175 0.0508641 0
0.522954 0.0434802 0
0.53026 0.0358563 0
0.531341 0.0289697 0
0.516654 0.0326394 0
0.50989 0.0418519 0
0.508498 0.0410294 0
0.508415 0.0324485 0
0.508552 0.0290262 0
0.485561 0.0231216 1
0.470385 0.0165454 0
0.448052 0.00562572 0
0.43286 0 0
0.42251 0.0137518 0
0.40971 0.0306838 0
0.39979 0.0380067 0
0.398923 0.032824 0
0.389227 0.0430841 0
0.3846 0.0279759 0
0.38786 0.0224573 0
0.403085 0.0216074 0
0.394239 0.0302006 0
0.389515 0.0319962 0
0.386837 0.0237177 1
0.365127 0.0158963 0
0.359465 0.0206843 0
0.345386 0.0161037 0
0.323162 0.0299276 0
0.312159 0.0395472 0
0.30036 0.0473044 0
0.315009 0.0419759 0
0.352019 0.0223842 1
0.312341 0.073097 0
0.329353 0.0875891 0
0.347523 0.0843846 0
0.348975 0.0849586 0
0.34004 0.0777662 0
0.333311 0.0645566 0
0.31565 0.0594134 0
0.301773 0.0618223 0
0.282907 0.0809317 0
0.287366 0.0631627 0
0.286096 0.0478732 0
0.280234 0.0467395 1
0.258656 0.079348 0
0.264186 0.0689005 0
0.266103 0.0760603 0
0.27544 0.0839234 0
0.280512 0.0975467 0
0.279876 0.103728 0
0.282313 0.0994731 0
0.273751 0.0993872 0
0.254156 0.114654 0
0.277634 0.089318 0
0.244472 0.108204 0
0.234897 0.0949166 0
0.21037 0.0971448 0
0.199285 0.0913792 1
0.186903 0.119588 0
0.227736 0.130154 0
0.215977 0.146278 0
0.212134 0.139307 0
0.209659 0.142912 0
0.2045 0.15213 0
0.18488 0.162317 0
0.186955 0.132591 0
0.186878 0.140798 0
0.182236 0.146003 0
0.170873 0.148491 0
0.145532 0.142457 1
0.159123 0.140127 0
0.165057 0.153056 0
0.168543 0.157014 0
0.156754 0.170084 0
0.153955 0.16263 0
0.143398 0.185341 0
0.129765 0.186974 0
0.138363 0.183838 0
0.127397 0.190232 0
0.111373 0.198771 0
0.101748 0.214645 0
0.0980506 0.231844 0
0.0857224 0.227828 0
0.0794732 0.214064 1
0.0728236 0.223414 0
0.0654415 0.225965 0
0.0581526 0.250268 0
0.0427498 0.259566 0
0.0360376 0.243098 0
0.0274537 0.246706 0
0.0176208 0.251753 0
0.0151346 0.305141 0
0.0147557 0.310745 0
0.0371637 0.346763 0
0.0293494 0.383101 0
0.025107 0.38899 0
0.0302388 0.392082 0
0.0278303 0.377352 0
0.0287893 0.383159 0
0.0350878 0.382021 0
0.0192621 0.358076 0
0.0148338 0.354724 1
0.0209223 0.362898 0
0.0258765 0.374686 0
0.0501037 0.38891 0
0.0601223 0.408131 0
0.0581238 0.438007 0
0.0540634 0.46862 0
0.0510076 0.496603 0
0.0406282 0.514819 0
0.0342755 0.50985 0
0.0217929 0.507574 0
0.0198722 0.499416 0
0.0170918 0.496017 0
0.0171169 0.491498 0
0 0.455204 1
0.0139136 0.474318 0
0.0412849 0.546917 0
0.0512587 0.546139 0
0.0578006 0.549326 0
0.0594844 0.549493 0
0.0655034 0.552937 0
0.0626904 0.568219 0
0.0608788 0.590583 0
0.0588455 0.562069 0
0.0478707 0.543897 0
0.0451021 0.570048 0
0.0383535 0.555809 0
0.0320474 0.55858 0
0.0260103 0.547853 1
0.0419135 0.533218 0
0.0492768 0.557689 0
0.0458686 0.549168 0
0.0412761 0.557429 0
0.0431309 0.556578 0
0.0435194 0.555202 0
0.0339854 0.551924 0
0.044821 0.54883 0
0.060323 0.549449 0
0.0675179 0.561914 0
0.0757155 0.591331 0
0.0658934 0.620951 1
0.0728511 0.633554 0
0.0881531 0.638387 0
0.114291 0.643697 0
0.131143 0.660745 0
0.129201 0.66552 0
0.128153 0.674622 0
0.137772 0.68435 0
0.131507 0.676134 0
0.117244 0.668025 0
0.100554 0.676416 1
0.106641 0.686647 0
0.111207 0.68948 0
0.118056 0.704729 0
0.125479 0.707749 0
0.129896 0.68882 0
0.131979 0.676549 0
0.137735 0.710177 0
0.131252 0.711617 1
0.143532 0.745466 0
0.159338 0.761321 0
0.171566 0.751615 0
0.174572 0.742764 0
0.176143 0.71675 0
0.171382 0.713088 0
0.162262 0.714256 0
0.167559 0.716483 0
0.17727 0.721297 0
0.185589 0.733949 0
0.185932 0.713086 0
0.197667 0.768045 1
0.203175 0.738055 0
0.202882 0.71399 0
0.20842 0.708077 0
0.217942 0.72888 0
0.20834 0.72503 0
0.223495 0.749475 0
0.245334 0.766821 0
0.249031 0.79946 1
0.251762 0.809611 0
0.273394 0.792245 0
0.279602 0.780974 0
0.28187 0.762964 0
0.297841 0.755239 0
0.308196 0.771089 0
0.303996 0.798487 0
0.295266 0.822284 1
0.312459 0.782842 0
0.347563 0.745493 0
0.341155 0.756126 0
0.357186 0.77542 0
0.350269 0.809682 0
0.365477 0.828823 0
0.384586 0.798769 0
0.386459 0.803795 0
0.375042 0.824743 0
0.370697 0.846601 1
0.37577 0.849319 0
0.372463 0.832535 0
0.38077 0.832029 0
0.386817 0.839768 0
0.387387 0.844605 0
0.401537 0.852114 0
0.420661 0.860198 0
0.421366 0.861421 0
0.42725 0.860564 0
0.437828 0.865904 0
0.451819 0.873314 0
0.462409 0.875489 0
0.458618 0.858591 0
0.466396 0.845535 0
0.469791 0.853534 0
0.467866 0.854295 1
0.461224 0.848461 0
0.438999 0.844629 0
0.439284 0.861419 0
0.439059 0.886917 0
0.425801 0.88167 0
0.433413 0.87392 0
0.444353 0.874794 0
0.458711 0.88099 0
0.465763 0.86568 0
0.482387 0.867483 0
0.509752 0.844413 0
0.528356 0.840527 0
0.472681 0.799857 0
0.558832 0.837664 1
0.548046 0.796513 0
0.553421 0.771057 0
0.578955 0.797806 0
0.599875 0.769862 0
0.603209 0.784225 0
0.60467 0.811364 0
0.617886 0.824491 0
0.639175 0.837867 0
0.624115 0.814327 0
0.632362 0.813741 0
0.606087 0.784051 0
0.618021 0.802528 0
0.620226 0.792139 0
0.611165 0.798855 0
0.637246 0.793653 0
0.646422 0.795987 1
0.657958 0.781916 0
0.664691 0.788602 0
0.679295 0.791905 0
0.68234 0.799336 0
0.677694 0.805263 0
0.673778 0.795244 0
0.659949 0.779103 0
0.649747 0.766734 0
0.65223 0.746724 0
0.645222 0.744153 0
0.648336 0.727317 0
0.648956 0.71398 0
0.669458 0.745427 0
0.674337 0.711578 0
0.705118 0.734126 0
0.724817 0.703246 0
0.72846 0.675838 0
0.734183 0.725943 1
0.734074 0.716883 0
0.735959 0.723897 0
0.741242 0.761213 0
0.747663 0.722307 0
0.754167 0.719002 0
0.753975 0.720865 0
0.760192 0.740145 0
0.753478 0.753636 0
0.764532 0.768805 0
0.795964 0.805001 0
0.80974 0.771085 0
0.833157 0.78398 0
0.856998 0.795961 0
0.900338 0.81675 0
0.921127 0.812171 0
0.932546 0.819047 0
0.968633 0.844336 0
0.971719 0.854772 0
0.985858 0.841832 0
0.982799 0.832452 0
0.970827 0.815993 0
0.970619 0.810744 0
0.9781 0.790855 0
0.97061 0.753532 0
0.971876 0.710785 0
0.977547 0.690959 0
0.938033 0.673205 0
1 0.660802 0
0.955938 0.672258 0
0.940385 0.649955 0
0.905608 0.620925 0
0.889912 0.618834 0
0.860769 0.557191 0
0.844348 0.55223 0
0.852174 0.534657 0
0.813306 0.504246 0
0.815204 0.473029 0
0.849777 0.490535 0
0.84617 0.468378 0
0.837232 0.489515 0
0.842976 0.483341 1
