0.875283 0.311546 0
0.862336 0.247512 0
0.853666 0.248443 0
0.844963 0.240704 0
0.829401 0.235416 1
0.795047 0.219276 0
0.78174 0.20957 0
0.749588 0.214588 0
0.727436 0.200121 0
0.692719 0.206487 0
0.688312 0.0965506 0
0.663998 0.0990189 0
0.638052 0.110441 0
0.618153 0.0936671 0
0.593211 0.108921 0
0.578761 0.0941228 0
0.562892 0.0855558 0
0.54594 0.0605196 0
0.53134 0.0564978 0
0.512573 0.0472849 0
0.476978 0.0800083 0
0.452804 0.0801566 0
0.435554 0.0765353 0
0.406968 0.0664207 0
0.387582 0.0843585 0
0.360457 0.064352 0
0.335028 0.0589426 0
0.316862 0.0744877 0
0.295965 0.0872576 1
0.289199 0.0914004 0
0.263315 0.0722259 0
0.229237 0.0703155 0
0.193807 0.0980964 0
0.207204 0.138072 0
0.237061 0.21562 0
0.139532 0.220801 0
0.139466 0.230272 1
0.132344 0.238468 0
0.120807 0.246405 0
0.106435 0.252085 0
0.0996483 0.26011 0
0.0948291 0.280198 0
0.0681887 0.272174 0
0.0765442 0.353998 0
0.0671783 0.358833 1
0.061775 0.369203 0
0.0529924 0.376459 0
0.0378293 0.385454 0
0.042706 0.40588 0
0.0815824 0.499349 0
0.0660949 0.494515 0
0.0530948 0.508128 0
0.0545377 0.530662 0
0.0514149 0.553163 0
0.0504604 0.556366 0
0.0508065 0.565166 0
0.0471835 0.57255 0
0.0455454 0.57755 0
0.0469822 0.585978 0
0.0526042 0.597767 0
0.0573538 0.60864 0
0.0590223 0.616713 0
0.0705972 0.634683 0
0.0767744 0.653779 0
0.0883319 0.668923 0
0.0908259 0.697162 0
0.107385 0.718344 0
0.115188 0.724106 0
0.123727 0.734923 1
0.138109 0.738097 0
0.153468 0.741443 0
0.17452 0.742317 0
0.202106 0.765933 0
0.226702 0.79554 0
0.235618 0.82085 0
0.259306 0.84479 0
0.284211 0.850777 0
0.306612 0.871757 0
0.327025 0.88918 0
0.347509 0.911628 0
0.35852 0.914008 1
0.37256 0.92344 0
0.387222 0.921712 0
0.407716 0.928575 0
0.420687 0.920487 0
0.437829 0.904207 0
0.451446 0.895585 0
0.471643 0.878098 0
0.535061 0.912755 0
0.554829 0.920286 0
0.56528 0.919949 0
0.577575 0.919677 0
0.589819 0.911343 1
0.596237 0.909643 0
0.610993 0.916049 0
0.630386 0.82479 0
0.655597 0.812554 0
0.705617 0.824203 0
0.734694 0.827832 0
0.742894 0.811172 0
0.752491 0.804851 0
0.766634 0.799216 0
0.790619 0.787908 0
0.79937 0.77417 0
0.810165 0.762113 1
0.826483 0.757948 0
0.841641 0.738405 0
0.857509 0.726985 0
0.882011 0.71676 0
0.91036 0.706581 0
0.88049 0.605229 0
0.895582 0.591417 0
0.905889 0.583316 0
0.918039 0.576415 0
0.918284 0.564887 0
0.924295 0.562151 0
0.935348 0.561382 0
0.950098 0.557724 0
0.951489 0.545427 0
0.952622 0.531612 0
0.95738 0.526422 0
0.95891 0.495024 0
0.956343 0.47307 0
0.949285 0.44891 0
0.934019 0.432996 1
0.922104 0.414819 0
0.921529 0.402795 0
0.907268 0.385265 0
0.90906 0.374964 0
0.89786 0.355963 0
0.884453 0.333907 0
0.844951 0.261066 0
0.853899 0.249458 0
0.848693 0.254669 0
0.840573 0.251238 0
0.813994 0.238758 0
0.781777 0.199017 0
0.764441 0.184675 0
0.744092 0.159442 0
0.713185 0.134411 0
0.693134 0.13302 1
0.679904 0.11365 0
0.647953 0.104021 0
0.636806 0.087555 0
0.612129 0.0824297 0
0.597665 0.0713167 0
0.582839 0.0517419 0
0.539008 0.000139886 0
0.518587 0 0
0.487262 0.0186667 0
0.484039 0.0546726 1
0.464101 0.0486495 0
0.439413 0.0515619 0
0.433839 0.0399078 0
0.410446 0.0415805 0
0.386434 0.0593152 0
0.372157 0.0624022 0
0.363893 0.0685949 0
0.35057 0.0951128 0
0.306856 0.0441077 0
0.268901 0.0709793 0
0.264226 0.0719215 0
0.219647 0.0805211 0
0.219309 0.139115 0
0.209237 0.157625 0
0.205875 0.186728 0
0.185976 0.189138 0
0.169272 0.209589 0
0.155004 0.218532 1
0.16719 0.222136 0
0.163602 0.292434 0
0.114337 0.291734 0
0.108545 0.306573 0
0.100152 0.315029 0
0.0872868 0.326411 0
0.0783693 0.333691 0
0.0995982 0.437366 0
0.0256917 0.394896 0
0.0230821 0.415026 0
0.0171394 0.428171 0
0.0546762 0.505792 0
0.0425881 0.53143 0
0.043578 0.551866 0
0.0390394 0.55434 0
0.0315658 0.562968 0
0.0318446 0.577531 0
0.0359649 0.582231 0
0.0394217 0.588995 0
0.044187 0.59749 0
0.0460095 0.600089 0
0.0511874 0.604299 1
0.0500527 0.613693 0
0.0474354 0.621968 0
0.0498263 0.630434 0
0.0519246 0.651961 0
0.060203 0.664215 0
0.0706124 0.688314 0
0.0721464 0.715276 0
0.0886417 0.743126 0
0.109315 0.771523 0
0.123836 0.777378 0
0.14482 0.777126 0
0.167782 0.781874 1
0.193398 0.802932 0
0.22407 0.837739 0
0.242203 0.86545 0
0.262841 0.887687 0
0.27848 0.90594 0
0.291529 0.948191 0
0.322259 0.953651 0
0.343438 0.981351 0
0.373036 1 0
0.388923 0.984208 0
0.419891 0.973496 0
0.430872 0.971828 0
0.44684 0.959159 0
0.466221 0.95378 0
0.48026 0.944535 0
0.492462 0.935994 1
0.502649 0.935742 0
0.520095 0.93466 0
0.533304 0.927068 0
0.543661 0.909635 0
0.639003 0.910069 0
0.643944 0.888974 0
0.646648 0.88772 0
0.656596 0.885495 1
0.687983 0.877752 0
0.698106 0.865568 0
0.709276 0.85482 0
0.714211 0.826821 0
0.72875 0.806967 0
0.739194 0.783797 0
0.753008 0.754896 0
0.769061 0.724597 0
0.79097 0.704161 0
0.812731 0.703745 0
0.832455 0.687992 0
0.851296 0.676986 0
0.854702 0.656549 0
0.87833 0.65317 1
0.896699 0.641497 0
0.891201 0.618881 0
0.901531 0.606014 0
0.921722 0.598124 0
0.921757 0.563907 0
0.93737 0.557208 0
0.940188 0.536439 0
0.939308 0.523916 0
0.929118 0.494177 0
0.927092 0.479532 0
0.902827 0.439198 0
0.906887 0.417831 0
0.903646 0.399734 0
0.889188 0.382412 0
0.881128 0.370089 0
0.870541 0.354173 0
0.872764 0.33923 0
0.8692 0.32512 0
0.870093 0.311904 0
0.853882 0.298219 1
0.849507 0.295621 0
0.813564 0.271537 0
0.774609 0.204991 0
0.742393 0.195762 0
0.69997 0.184649 0
0.668122 0.183501 0
0.659088 0.102081 0
0.655283 0.0944858 0
0.637069 0.0879925 0
0.609298 0.0949373 0
0.592884 0.0879505 0
0.571046 0.0843293 0
0.550054 0.0878434 0
0.537899 0.0832526 0
0.523331 0.0826798 0
0.512969 0.08067 0
0.505344 0.0786069 0
0.500418 0.0751278 1
0.493202 0.0844185 0
0.485252 0.0932756 0
0.466017 0.114224 0
0.452986 0.120503 0
0.437758 0.134612 0
0.42404 0.140327 0
0.362037 0.147115 0
0.33096 0.135433 0
0.298247 0.134882 0
0.283438 0.118074 0
0.277087 0.117133 0
0.268808 0.117739 1
0.257715 0.129037 0
0.240721 0.140684 0
0.230856 0.159089 0
0.216516 0.185502 0
0.197821 0.202523 0
0.175905 0.21175 0
0.177818 0.210024 0
0.147627 0.307053 0
0.0988997 0.303305 0
0.0835511 0.298638 0
0.084387 0.315256 0
0.0763936 0.326831 1
0.102998 0.412188 0
0.0687302 0.426131 0
0.0419417 0.418119 0
0.0391421 0.437029 0
0.0286294 0.448845 0
0.0238056 0.452094 1
0.0177355 0.457804 0
0.00518448 0.467786 0
0 0.489387 0
0.000365917 0.519122 0
0.000176587 0.530225 0
0.000747937 0.52611 0
0.0674915 0.593023 0
