0.0495207 0.297864 0
0.0483115 0.300989 0
0.0482517 0.299254 0
0.0488661 0.29545 0
0.0479113 0.294432 0
0.0480019 0.293866 0
0.0484226 0.293026 1
0.0487491 0.289201 0
0.0504362 0.287365 0
0.0511526 0.282099 0
0.0526106 0.276961 0
0.0526076 0.267263 0
0.0595552 0.262706 0
0.0636763 0.248181 0
0.067378 0.235494 0
0.0562773 0.191819 0
0.0662174 0.527296 0
0.06269 0.452316 0
0.0967071 0.197596 0
0.104884 0.205857 0
0.115188 0.200442 1
0.119292 0.196065 0
0.124414 0.193531 0
0.131046 0.188087 0
0.139973 0.173216 0
0.158412 0.150405 0
0.167524 0.145176 0
0.166664 0.167334 0
0.212125 0.107427 0
0.238729 0.0890317 0
0.2573 0.0712802 0
0.286926 0.0427091 0
0.300129 0.0411298 0
0.312461 0.0635236 0
0.375526 0.031815 0
0.388101 0.0192084 0
0.372554 0.0953709 0
0.469848 0 0
0.488454 0.0313453 0
0.501195 0.0655504 0
0.528224 0.0683087 0
0.545273 0.0715488 0
0.56208 0.0856393 0
0.568039 0.0874487 0
0.585631 0.088128 0
0.598892 0.0864668 0
0.622539 0.0963791 0
0.631215 0.111575 0
0.656678 0.123376 0
0.693224 0.121806 0
0.78621 0.158388 0
0.900346 0.253926 0
0.902732 0.294965 0
0.903474 0.305933 0
0.90737 0.319062 0
0.905983 0.327375 0
0.908015 0.332929 1
0.921544 0.33752 0
0.924044 0.355952 0
0.909926 0.367592 0
0.921444 0.373374 0
0.917728 0.39752 0
0.915365 0.415355 0
0.927471 0.426835 0
0.945032 0.450974 0
0.946865 0.469701 0
0.953138 0.480649 0
0.967933 0.489393 0
0.979472 0.491391 0
0.968259 0.498991 0
0.954988 0.51288 0
0.957593 0.516669 0
0.960103 0.523165 0
0.950494 0.529857 0
0.948051 0.540383 0
0.957116 0.542826 0
0.949393 0.561885 0
0.935107 0.567869 0
0.913838 0.577687 1
0.90183 0.582643 0
0.890949 0.587442 0
0.868249 0.604039 0
0.865977 0.621511 0
0.849691 0.637759 0
0.845856 0.673247 0
0.83162 0.680721 0
0.836403 0.691291 0
0.83896 0.694142 0
0.839404 0.697799 0
0.818586 0.676027 0
0.51171 0.626447 0
0.530854 0.726503 0
0.522673 0.751091 0
0.499374 0.750742 0
0.494936 0.772293 0
0.473969 0.765953 0
0.438504 0.7537 0
0.432808 0.762979 0
0.409492 0.845636 0
0.395071 0.853737 0
0.375021 0.853121 0
0.362906 0.846064 0
0.344088 0.848102 0
0.332684 0.846951 0
0.31561 0.840453 1
0.296072 0.846185 0
0.268487 0.852332 0
0.196477 0.7777 0
0.218392 0.723074 0
0.193549 0.377499 0
0.153208 0.330804 0
0.152368 0.335768 0
0.148002 0.335212 0
0.138726 0.333734 0
0.131994 0.33428 1
0.143657 0.30424 0
0.136164 0.293885 1
0.131464 0.291468 0
0.123649 0.296874 0
0.118887 0.298921 0
0.109946 0.314019 0
0.106824 0.319961 0
0.101023 0.327255 0
0.0967327 0.321774 0
0.0940865 0.323545 0
0.0891295 0.329483 0
0.0863078 0.326683 1
0.0815197 0.32851 0
0.0773743 0.329734 0
0.0691033 0.335219 0
0.0637805 0.337619 0
0.0597599 0.334756 0
0.0543126 0.340676 0
0.0505019 0.338509 0
0.0474454 0.337559 0
0.0457816 0.34114 0
0.0426013 0.343849 0
0.039931 0.341672 0
0.0365198 0.343074 0
0.0356993 0.339432 0
0.0336873 0.338662 1
0.0302608 0.340153 0
0.0296714 0.33977 0
0.0332382 0.339061 0
0.0336579 0.338646 0
0.0336268 0.338723 0
0.0334224 0.33886 0
0.0357936 0.339635 0
0.0364281 0.359406 0
0.0756738 0.240465 0
0.0865878 0.2451 0
0.0984147 0.237883 0
0.107966 0.2386 0
0.117419 0.232631 0
0.128154 0.229947 0
0.136153 0.228669 0
0.143621 0.224947 0
0.155906 0.218528 0
0.17707 0.161842 0
0.190671 0.163367 0
0.219061 0.139261 0
0.234357 0.134855 0
0.257283 0.127045 0
0.285506 0.097561 0
0.312656 0.0828262 0
0.332482 0.0796978 0
0.353278 0.0802539 0
0.373513 0.0803335 0
0.39563 0.0779342 1
0.423321 0.0758502 0
0.439154 0.0866693 0
0.472827 0.0675851 0
0.47686 0.0935542 0
0.487058 0.104838 0
0.507478 0.104619 0
0.552798 0.0758956 0
0.570232 0.0933905 0
0.606034 0.0852199 0
0.60367 0.110577 0
0.616169 0.142283 0
0.637786 0.154029 0
0.682516 0.141213 0
0.724659 0.147036 0
0.798984 0.168988 0
0.844281 0.199023 0
0.850871 0.230598 0
0.838904 0.257156 0
0.803342 0.304074 0
0.813057 0.329174 0
0.821185 0.351733 0
0.813246 0.373439 0
0.865923 0.437031 0
0.843068 0.442151 0
0.881254 0.492305 0
0.982511 0.626963 0
0.934721 0.681134 0
0.922432 0.702942 0
0.926827 0.704642 0
0.907155 0.718033 0
0.913443 0.722995 0
0.921813 0.723775 0
0.923525 0.724215 0
0.905124 0.719477 0
0.905205 0.719627 0
0.905158 0.719566 1
0.915116 0.716949 0
0.91458 0.712385 0
0.91137 0.708022 0
0.913294 0.695976 0
0.901129 0.69632 0
0.8891 0.704765 0
0.887678 0.697275 0
0.88412 0.691057 0
0.871418 0.709248 0
0.866106 0.707269 0
0.860844 0.701159 0
0.85198 0.705311 0
0.847455 0.70008 0
0.84292 0.698216 1
0.842793 0.698144 0
0.842668 0.697647 0
0.837392 0.703839 0
0.606646 0.781618 0
0.581088 0.763773 0
0.555814 0.785914 0
0.546363 0.786606 0
0.517433 0.800397 0
0.506692 0.800919 0
0.478327 0.813492 0
0.462598 0.812475 0
0.455649 0.814646 1
0.43276 0.811137 0
0.413184 0.804566 0
0.396254 0.799089 0
0.372159 0.789997 0
0.339506 0.771935 0
0.27292 0.782748 0
0.241162 0.798233 0
0.22276 0.802138 1
0.202684 0.797694 0
0.186338 0.805823 0
0.17165 0.795229 0
0.16972 0.768905 0
0.158766 0.759006 0
0.145684 0.7498 0
0.134833 0.749507 0
0.126536 0.740537 0
0.110142 0.738067 0
0.095529 0.730145 1
0.0886478 0.728434 0
0.08425 0.718671 0
0.0809941 0.704501 0
0.0803145 0.695622 0
0.0800628 0.680042 0
0.0685339 0.676526 0
0.0672995 0.663883 0
0.058 0.663762 0
0.0567109 0.64679 0
0.0476544 0.646834 1
0.0405648 0.644728 0
0.0374424 0.637325 0
0.032922 0.634976 0
0.0264123 0.633614 0
0.021235 0.632944 0
0.0168183 0.631639 0
0.0137268 0.632764 0
0.0101749 0.632867 0
0.00850608 0.637942 0
0.0042392 0.638671 0
0.00238089 0.642374 0
0.00292452 0.649013 1
0 0.650613 0
0.00195104 0.649466 0
0.00104599 0.658991 0
0.00533001 0.568545 0
0.0122579 0.516622 0
0.019886 0.506908 0
0.0272782 0.51092 0
0.0330701 0.503275 0
0.0442522 0.495181 0
0.0520499 0.495022 0
0.0607425 0.485704 0
0.0643496 0.486253 0
0.0715953 0.503138 0
0.0777977 0.524931 0
0.069055 0.462891 0
0.0788502 0.38769 0
0.146471 0.219618 0
0.156231 0.220107 0
0.164819 0.210976 0
0.167825 0.210336 0
0.173524 0.212706 0
0.175735 0.215697 1
0.18365 0.209264 0
0.211642 0.18643 0
0.237033 0.186045 0
0.283353 0.125573 0
0.310436 0.125616 0
0.345916 0.107539 0
0.379677 0.103125 0
0.445404 0.0305635 0
0.465774 0.0343918 0
0.480189 0.0393603 0
0.4901 0.0640391 0
0.502271 0.0831987 0
0.528587 0.083035 0
0.550326 0.0816899 0
0.57734 0.0844394 0
0.58551 0.101908 0
0.622734 0.0830482 0
0.660959 0.0733583 1
0.682524 0.0930502 0
0.661955 0.12635 0
0.697863 0.132882 0
0.904217 0.154035 1
0.84538 0.170681 0
0.875804 0.186584 0
0.731286 0.203133 0
0.744804 0.225654 1
0.766042 0.26457 0
0.74505 0.290573 0
0.739561 0.312587 0
0.735076 0.335793 0
0.739238 0.361954 0
0.751418 0.381495 0
0.798868 0.407393 0
0.807625 0.45276 0
0.799675 0.530388 0
0.779312 0.532038 0
0.738272 0.542519 0
0.795318 0.52696 0
0.784702 0.994056 0
1 0.646906 0
0.75979 0.929821 0
0.758196 0.54288 1
0.757651 0.514531 0
0.75795 0.854435 1
0.758273 0.860347 0
0.757657 0.480114 1
0.757475 0.49508 0
0.794735 0.831053 0
0.774926 0.805242 0
0.757283 0.778757 0
