0.545331 1 0
0.542991 0.999602 0
0.541556 0.998515 0
0.541254 0.995159 0
0.51513 0.99669 0
0.510253 0.996009 0
0.509906 0.995444 0
0.51579 0.991209 0
0.515003 0.989897 1
0.515493 0.989988 0
0.513395 0.989352 0
0.51067 0.989573 0
0.508222 0.990936 0
0.500638 0.991181 0
0.494031 0.990967 0
0.485459 0.990864 0
0.479545 0.991582 0
0.475195 0.991571 0
0.469174 0.990867 0
0.460995 0.990178 0
0.459393 0.989858 0
0.451759 0.988313 0
0.455338 0.988987 1
0.462634 0.992285 0
0.460647 0.991718 0
0.418357 0.985955 0
0.439218 0.988541 0
0.423656 0.984231 0
0.428307 0.981349 0
0.43756 0.981032 0
0.439479 0.981088 0
0.441737 0.981414 0
0.444222 0.982713 0
0.445332 0.982935 0
0.446546 0.98231 0
0.449802 0.983939 0
0.451572 0.984526 0
0.454163 0.985076 0
0.45478 0.984524 0
0.455973 0.9842 0
0.460698 0.984957 0
0.467162 0.98649 0
0.472136 0.987597 0
0.477635 0.988725 0
0.480117 0.989091 0
0.482144 0.989956 0
0.461244 0.994017 1
0.484691 0.990549 0
0.752414 0.379525 1
0.739305 0.363301 0
0.751537 0.37814 1
0.451068 0.994572 0
0.383963 0.985615 1
0.482982 0.996885 0
0.668194 0.291763 1
0.183023 0.850793 0
0.179544 0.846155 1
0.268713 0.931914 0
0.388945 0.984277 0
0.392992 0.984499 0
0.388498 0.982565 0
0.39584 0.982544 0
0.401011 0.981892 0
0.400929 0.98007 0
0.396792 0.9782 0
0.388626 0.976029 0
0.367472 0.970229 1
0.327127 0.954375 0
0.195619 0.849838 0
0.36097 0.96457 0
0.342432 0.956813 0
0.161065 0.790761 0
0.334393 0.951163 0
0.159156 0.783507 0
0.344909 0.268023 0
0.52615 0.248543 0
0.298245 0.293223 1
0.153761 0.76858 0
0.170381 0.801269 0
0.165868 0.7943 0
0.210114 0.857692 1
0.257821 0.903517 0
0.269583 0.912439 0
0.273212 0.915488 0
0.275109 0.916361 0
0.364744 0.960387 0
0.333805 0.946032 0
0.359692 0.955076 0
0.360606 0.954982 0
0.365543 0.955198 0
0.376909 0.956323 0
0.380985 0.95624 0
0.381033 0.955593 0
0.382551 0.954285 0
0.382398 0.952799 0
0.383688 0.95128 0
0.382066 0.949457 1
0.376784 0.947396 0
0.372568 0.944505 0
0.37113 0.941755 0
0.371311 0.939729 0
0.370805 0.937768 0
0.364134 0.93448 0
0.352761 0.931116 0
0.336654 0.92379 0
0.304022 0.905127 0
0.268208 0.879887 0
0.228827 0.841113 0
0.195105 0.795664 0
0.168141 0.74532 0
0.148244 0.687528 0
0.137771 0.599872 0
0.142182 0.639652 0
0.141853 0.632 0
0.140287 0.578912 0
0.14039 0.566458 0
0.140384 0.560354 0
0.139209 0.555989 0
0.137348 0.553892 0
0.134876 0.557568 0
0.131892 0.564093 1
0.127717 0.576626 0
0.125652 0.586237 0
0.123378 0.593826 0
0.121118 0.60255 0
0.119899 0.609973 0
0.120875 0.616281 0
0.122097 0.615691 0
0.125652 0.627264 0
0.125534 0.624963 0
0.129587 0.641856 0
0.133873 0.652541 0
0.137016 0.661342 0
0.139439 0.668718 0
0.142159 0.675017 0
0.145383 0.681499 0
0.148086 0.688044 1
0.149438 0.692577 0
0.149052 0.698856 0
0.150297 0.706026 0
0.14965 0.713153 0
0.148647 0.72007 0
0.148759 0.72791 0
0.150165 0.735517 0
0.15091 0.742095 0
0.15183 0.749428 0
0.154236 0.75704 0
0.157554 0.766299 0
0.160999 0.77699 0
0.165544 0.790782 0
0.170658 0.803707 0
0.175563 0.814409 0
0.181425 0.828805 0
0.18541 0.836858 0
0.188135 0.844734 0
0.186307 0.84737 0
0.180793 0.846976 0
0.175948 0.849439 0
0.167599 0.846155 0
0.155673 0.839041 0
0.144078 0.830945 1
0.131061 0.82153 0
0.116606 0.813476 0
0.103413 0.802107 0
0.0877995 0.780677 0
0.0733315 0.763794 0
0.0584028 0.739911 0
0.0454929 0.711039 0
0.0326732 0.679782 0
0.024062 0.66322 0
0.0145445 0.631868 0
0.00634364 0.604504 0
0.00185868 0.562184 1
0 0.52117 0
0.00486709 0.464512 0
0.0168227 0.403888 0
0.0664217 0.290068 0
0.154959 0.179926 0
0.453261 0.0525883 0
0.53673 0.0500753 0
0.63075 0.0614881 0
0.769179 0.11898 0
0.764683 0.104696 1
0.777596 0.102295 0
0.805668 0.112387 0
0.816886 0.124402 0
0.83504 0.144767 0
0.847079 0.16048 0
0.862435 0.180387 0
0.890592 0.218372 0
0.910579 0.249211 0
0.930567 0.284668 0
0.949736 0.326104 0
0.965778 0.367967 0
0.982358 0.423326 0
0.998904 0.504058 0
1 0.673322 1
0.987089 0.723401 0
0.981711 0.723155 0
0.967815 0.760988 0
0.96641 0.743293 1
0.957178 0.7575 0
0.961216 0.72275 0
0.943653 0.775553 0
0.946225 0.748935 0
0.94098 0.744698 0
0.947767 0.683476 0
0.938873 0.706088 0
0.941618 0.614688 0
0.920377 0.482202 0
0.897483 0.42863 1
0.91865 0.52866 0
0.857568 0.361557 1
0.667719 0.183474 0
0.315688 0.168309 1
0.0889608 0.369646 0
0.286731 0.189236 0
0.0994106 0.363851 0
0.0751347 0.414392 1
0.0669717 0.433757 0
0.0616995 0.446945 0
0.0587087 0.44939 0
0.0558806 0.449102 0
0.0535152 0.440643 0
0.0514467 0.435376 0
0.0493361 0.429353 0
0.049393 0.416192 0
0.0492569 0.406088 0
0.0526194 0.390427 0
0.0567613 0.37311 0
0.061639 0.355199 0
0.0675897 0.33869 0
0.0776431 0.316115 0
0.085587 0.297145 0
0.0938361 0.278602 0
0.102517 0.261102 0
0.116237 0.238197 1
0.12788 0.220199 0
0.141827 0.201093 0
0.157469 0.180739 0
0.173652 0.161692 0
0.19622 0.139135 0
0.214873 0.121149 0
0.236254 0.103092 0
0.261605 0.0838626 0
0.285673 0.067836 0
0.310194 0.0535741 0
0.33042 0.0427326 0
0.366442 0.0276479 0
0.398028 0.0174823 0
0.430337 0.00902322 1
0.468274 0.00315711 0
0.510432 0 0
0.556879 0.000726216 0
0.609397 0.00684104 0
0.661198 0.0203538 0
0.680567 0.0331251 0
0.701486 0.0480412 0
0.719545 0.06162 0
0.737381 0.0759503 0
0.751201 0.0877864 0
0.764215 0.099704 0
0.770842 0.106825 0
0.782007 0.116699 0
0.789348 0.126568 0
0.795911 0.135653 0
0.802996 0.143405 0
0.813425 0.155396 0
0.822412 0.165224 0
0.829806 0.174538 0
0.838079 0.184783 0
0.84571 0.194708 0
0.855266 0.209117 0
0.865173 0.226624 0
0.876809 0.247525 1
0.891132 0.275474 0
0.906578 0.310461 0
0.920699 0.353737 0
0.930164 0.397336 0
0.930017 0.412974 0
0.91761 0.408305 0
0.912811 0.416165 0
0.915076 0.425302 0
0.949922 0.635642 0
0.918306 0.440316 0
0.920617 0.458571 0
0.921644 0.477448 0
0.922569 0.497727 0
0.922826 0.519327 1
0.920474 0.534795 0
0.918537 0.55054 0
0.916569 0.567639 0
0.914559 0.585815 0
0.912811 0.604009 0
0.90923 0.625551 0
0.903958 0.650248 0
0.897126 0.674325 0
0.889753 0.69696 0
0.879121 0.721049 0
0.86524 0.749524 0
0.851377 0.778553 0
0.839746 0.800412 0
0.827438 0.819738 0
0.811436 0.837314 0
0.793452 0.856496 0
0.774568 0.875277 0
0.754366 0.894867 1
0.738201 0.907619 0
0.721821 0.920712 0
0.705288 0.932335 0
0.69636 0.93713 0
0.660089 0.958879 0
0.661179 0.956915 0
0.649587 0.961836 0
0.639955 0.963179 0
0.62242 0.96926 0
0.604838 0.973999 0
0.585837 0.979548 0
0.572297 0.981544 1
0.55569 0.983862 0
0.537593 0.984349 0
0.521097 0.983459 0
0.503742 0.982193 0
0.485279 0.980055 0
0.468005 0.976248 0
0.447373 0.97035 0
0.425409 0.96181 0
0.403928 0.949717 0
0.386201 0.937536 0
0.367533 0.92606 0
0.349434 0.919646 0
0.331444 0.911997 0
0.311568 0.899565 0
0.288385 0.881505 0
0.261165 0.856191 0
0.227626 0.81463 0
0.186209 0.734023 0
0.180588 0.517615 0
0.239915 0.41014 0
0.247203 0.405172 0
0.239856 0.418272 0
0.227291 0.439821 0
0.215549 0.464225 1
0.206755 0.486296 0
0.200429 0.504835 0
0.19677 0.52108 0
0.194259 0.535601 0
0.19247 0.548639 0
0.191403 0.561353 0
0.191701 0.573094 0
0.191454 0.585395 0
0.190728 0.598086 0
0.192198 0.613369 1
0.193293 0.615697 0
0.193848 0.615836 0
0.194814 0.61753 0
0.195626 0.620666 0
0.198458 0.649888 0
0.199 0.635833 0
0.199339 0.633729 0
0.200888 0.630059 0
0.202747 0.627117 0
0.204429 0.624254 0
0.206052 0.620131 0
0.208463 0.613918 0
0.21208 0.609954 0
0.213451 0.608179 0
0.21607 0.605531 0
0.219355 0.601309 1
0.222856 0.598258 0
0.226967 0.595457 0
0.230566 0.601846 0
0.233103 0.627643 0
0.240636 0.671487 0
0.294273 0.785969 1
0.707965 0.697119 0
0.713063 0.550055 1
0.6888 0.4887 0
0.611224 0.40303 0
0.512934 0.36586 0
0.374188 0.393289 0
0.598795 0.396945 0
0.601043 0.397413 0
0.595063 0.392801 0
0.543693 0.369518 0
0.502153 0.359928 0
0.4716 0.359087 0
0.455459 0.361254 0
0.425024 0.367498 0
0.397416 0.375908 0
0.380424 0.382687 0
0.367303 0.388019 0
0.367328 0.388533 0
0.375466 0.386945 0
0.374865 0.389077 0
0.3779 0.392239 0
0.382652 0.394297 0
0.389016 0.394947 0
0.399269 0.394137 1
0.403566 0.395392 0
0.411579 0.396903 0
0.42174 0.396698 0
0.43034 0.399939 0
0.436445 0.401074 0
0.444 0.401695 0
0.448903 0.401722 0
0.461847 0.403245 0
0.475234 0.406289 0
0.48777 0.40716 0
0.500169 0.41059 0
0.426126 0.436734 0
0.68721 0.663588 0
0.693237 0.604575 0
0.553068 0.411839 0
0.55406 0.409551 0
0.560599 0.411209 0
0.565503 0.413576 0
0.565778 0.412632 0
0.566383 0.412578 0
0.568603 0.413466 0
0.57056 0.413598 1
0.575348 0.415717 0
0.578591 0.417497 0
0.583278 0.420862 0
0.58942 0.425811 0
0.593599 0.428898 0
0.586695 0.425763 0
0.591638 0.430759 0
0.600016 0.43854 0
0.609002 0.447398 0
0.618178 0.458058 0
0.616315 0.45961 0
0.611753 0.458045 0
0.604489 0.454304 0
0.601266 0.454122 0
0.610387 0.463817 0
0.622995 0.477396 0
0.640507 0.502303 0
0.674396 0.588663 0
0.635048 0.744206 0
0.605412 0.768783 0
0.616006 0.756061 0
0.629058 0.738659 0
0.637616 0.726695 0
0.641938 0.72154 0
0.643923 0.717805 0
0.645251 0.715572 0
0.647506 0.712377 0
0.649975 0.707746 1
0.652184 0.703523 0
0.654585 0.698921 0
0.653771 0.701819 0
0.65179 0.705713 0
0.654298 0.69863 0
0.6587 0.684692 0
0.66111 0.674125 0
0.662397 0.664793 0
0.662652 0.660263 0
0.661984 0.660413 0
0.664665 0.63827 0
0.643157 0.529623 0
0.634837 0.519604 0
0.629873 0.516436 0
0.626181 0.512747 0
0.624481 0.511268 0
0.621497 0.508812 0
0.618775 0.507122 0
0.618243 0.508206 0
0.617946 0.508709 0
0.617426 0.5085 0
0.61672 0.506971 0
0.615591 0.504326 0
0.616905 0.504211 0
0.619702 0.507292 0
0.621851 0.512114 1
0.622392 0.516005 0
0.62151 0.516031 0
0.623705 0.519803 0
0.626584 0.524052 0
0.627002 0.523351 0
0.627237 0.523069 0
0.628983 0.526029 0
0.630931 0.532103 0
0.632036 0.538676 0
0.633264 0.544725 0
0.634654 0.54901 0
0.636685 0.554307 0
0.638252 0.558992 0
0.638613 0.563244 0
0.638815 0.568063 0
0.639483 0.57008 0
0.63949 0.571142 0
0.638957 0.574568 0
0.638235 0.578123 0
0.638483 0.582748 0
0.639122 0.584567 0
0.638984 0.586369 0
0.638558 0.586472 0
0.638594 0.587787 0
0.639014 0.589624 0
0.639355 0.592192 0
0.639125 0.596071 0
0.638854 0.602636 0
0.63962 0.606976 0
0.640621 0.605785 0
0.641158 0.606635 0
0.640654 0.608936 0
0.639623 0.613309 0
0.638203 0.624877 0
0.636957 0.631389 0
0.63624 0.637553 0
0.634829 0.645062 0
0.63436 0.645836 0
0.6335 0.649915 0
0.630963 0.655625 0
0.626709 0.66927 0
0.621476 0.680678 0
0.611044 0.703231 0
0.580603 0.746139 0
0.583815 0.744029 0
0.587735 0.736263 0
0.598816 0.725272 0
0.608684 0.711401 0
0.625362 0.675482 0
0.628317 0.667815 0
0.616785 0.691755 0
0.621208 0.678645 0
0.614766 0.68723 0
0.611999 0.690428 1
0.608239 0.694802 0
0.60727 0.693758 0
0.603871 0.695796 0
0.600851 0.697415 0
0.593315 0.70347 0
0.582645 0.711109 0
0.569571 0.720072 0
0.556674 0.727648 0
0.543269 0.732038 0
0.525534 0.736555 0
0.510158 0.738917 0
0.497938 0.739079 0
0.488478 0.737956 0
0.474211 0.735913 0
0.463127 0.731775 0
0.446483 0.72475 0
0.417057 0.706123 0
0.394023 0.67777 0
0.384162 0.652133 0
0.382384 0.634091 1
0.384985 0.623767 0
0.389311 0.620536 0
0.393829 0.6233 0
0.400807 0.638053 0
0.404181 0.626275 0
0.40368 0.640673 0
0.412912 0.621339 0
0.414901 0.617638 0
0.419921 0.616422 0
0.423831 0.615088 0
0.431254 0.614296 0
0.434655 0.614503 0
0.442479 0.613677 0
0.446466 0.613034 0
0.45137 0.611937 0
0.456588 0.61161 0
0.459532 0.611083 0
0.467377 0.610967 0
0.468763 0.610596 0
0.469479 0.610526 1
0.4696 0.610503 0
0.469643 0.610499 0
0.469652 0.610498 0
0.469666 0.610496 0
0.46967 0.610495 0
0.469672 0.610495 0
0.469672 0.610495 0
0.469672 0.610495 0
0.469672 0.610495 0
0.469672 0.610495 0
0.469672 0.610495 0
0.469672 0.610495 0
0.469672 0.610495 0
0.469672 0.610495 0
0.469672 0.610495 0
0.469672 0.610495 0
0.469672 0.610495 0
0.469672 0.610495 0
0.469672 0.610495 0
0.469672 0.610495 0
0.469672 0.610495 0
0.469672 0.610495 0
