0.0648139 0.601964 0
0.0668569 0.421964 0
0.0632838 0.608303 0
0.0670443 0.613891 0
0.0679015 0.382216 0
0.0600154 0.408567 0
0.066221 0.390696 0
0.0675605 0.392233 0
0.0623617 0.416079 0
0.0643512 0.581299 0
0.069807 0.623815 0
0.072191 0.636423 0
0.108601 0.284045 0
0.0985027 0.301234 0
0.106333 0.291469 1
0.0984805 0.3056 0
0.0907361 0.327179 0
0.0875003 0.33816 0
0.0850159 0.344066 0
0.0744988 0.361858 0
0.0797309 0.353216 0
0.076239 0.368012 0
0.065366 0.398265 0
0.0616457 0.409663 0
0.0523942 0.474915 0
0.0551086 0.43724 0
0.0545761 0.450245 0
0.0523884 0.464181 0
0.0516189 0.471616 0
0.0485416 0.476074 0
0.0479422 0.491956 0
0.0447306 0.484405 0
0.0506305 0.584373 0
0.0458951 0.500272 0
0.04553 0.542538 0
0.0514525 0.575315 0
0.060494 0.641263 0
0.597497 0.977284 0
0.0549706 0.612495 0
0.970302 0.628991 0
0.823984 0.865789 1
0.0384442 0.517784 0
0.213251 0.878402 0
0.0539874 0.60791 0
0.046172 0.570772 0
0.0411013 0.523595 0
0.0440348 0.455651 0
0.0452661 0.435537 0
0.0489025 0.545719 0
0.0451681 0.435904 0
0.0404641 0.515591 0
0.0456958 0.539576 0
0.0448786 0.561603 0
0.0468057 0.531263 0
0.050728 0.510998 0
0.0455394 0.484082 0
0.0488998 0.515565 1
0.0465856 0.483669 0
0.0507615 0.456623 0
0.0493869 0.503976 0
0.0916011 0.329109 1
0.151781 0.224896 0
0.162883 0.210364 0
0.0769122 0.627988 0
0.943543 0.333576 0
0.949754 0.35454 0
0.96556 0.433947 1
0.97093 0.515268 0
0.967776 0.56997 0
0.955697 0.600803 0
0.943916 0.63239 0
0.941212 0.651124 0
0.919187 0.681237 0
0.903556 0.706453 0
0.902615 0.70491 0
0.892904 0.728053 0
0.877057 0.748716 0
0.866539 0.760062 0
0.86002 0.770017 1
0.860874 0.774677 0
0.848258 0.784333 0
0.841977 0.789995 0
0.836274 0.794701 0
0.853235 0.775595 0
0.862284 0.763437 0
0.869092 0.749147 0
0.853636 0.766701 0
0.855501 0.767787 0
0.852116 0.766681 0
0.847822 0.770221 0
0.863108 0.750425 0
0.892669 0.718961 0
0.852106 0.765246 0
0.862271 0.754703 0
0.860665 0.750516 0
0.875931 0.736995 0
0.862381 0.741484 0
0.875196 0.72905 0
0.872606 0.730075 0
0.875158 0.726752 0
0.875423 0.724696 0
0.884386 0.709674 0
0.885401 0.706944 0
0.887871 0.705475 0
0.902164 0.695246 0
0.897826 0.690238 0
0.901543 0.683919 0
0.901092 0.681732 0
0.90668 0.674905 0
0.911532 0.669084 0
0.916686 0.659741 1
0.919004 0.652462 0
0.91953 0.649178 0
0.917427 0.653096 0
0.914441 0.652164 0
0.934177 0.64155 0
0.928764 0.636487 0
0.93061 0.63193 0
0.935325 0.624941 0
0.937688 0.619421 0
0.940588 0.61066 0
0.93774 0.620152 0
0.940524 0.618645 0
0.943511 0.606701 0
0.947019 0.604501 0
0.94823 0.599809 0
0.951771 0.588441 0
0.954111 0.596336 0
0.955017 0.598206 0
0.95819 0.590193 0
0.956786 0.588777 0
0.962531 0.580649 0
0.969452 0.559856 0
0.971019 0.544709 0
0.972247 0.531072 1
0.976803 0.503362 0
0.989107 0.468008 0
0.931988 0.388492 0
0.931143 0.372759 0
0.886125 0.277815 0
0.87659 0.26248 0
0.885258 0.267068 0
0.865447 0.236109 0
0.858045 0.221308 0
0.827614 0.195175 0
0.833174 0.194686 0
0.850019 0.203653 0
0.83703 0.194521 0
0.831552 0.186422 0
0.818212 0.175494 0
0.847618 0.202578 1
0.856792 0.208827 0
0.859021 0.210305 0
0.871975 0.222767 0
0.871326 0.221168 0
0.864286 0.216213 0
0.86865 0.220194 0
0.964263 0.445572 0
0.896654 0.264537 0
0.912931 0.286386 0
0.961916 0.403203 0
0.956886 0.383196 0
0.952779 0.37113 0
0.577412 0.0429718 0
0.588335 0.0435587 0
0.570978 0.0381459 0
0.565515 0.0343624 0
0.553125 0.0291778 0
0.527259 0.0258171 0
0.517831 0.0223954 0
0.499421 0.0176097 0
0.480178 0.0151167 0
0.468579 0.015381 1
0.4392 0.0146592 0
0.400519 0.0207548 0
0.367042 0.027085 0
0.338958 0.0449514 0
0.299455 0.0631978 0
0.26649 0.0810378 1
0.218632 0.11427 0
0.142763 0.199046 0
0.132194 0.213485 0
0.0708193 0.341291 0
0.063212 0.639039 0
0.204699 0.866231 1
0.174456 0.838382 0
0.221558 0.883034 0
0.68 0.943782 0
0.733157 0.916635 1
0.698714 0.932425 0
0.719264 0.921632 0
0.757685 0.89972 0
0.75246 0.907852 0
0.871315 0.786723 0
0.847247 0.821153 0
0.909846 0.719242 0
0.8475 0.803637 0
0.747912 0.893869 0
0.643743 0.938238 1
0.564524 0.953283 0
0.492617 0.957147 0
0.436481 0.953841 0
0.381199 0.948709 1
0.304057 0.929897 0
0.241756 0.897347 0
0.193685 0.867417 0
0.171457 0.852458 0
0.152436 0.841546 0
0.151492 0.843671 0
0.144456 0.842694 0
0.137961 0.842879 0
0.14855 0.858681 0
0.133565 0.841722 0
0.182224 0.892756 0
0.205196 0.907325 0
0.247994 0.931465 0
0.285658 0.952288 0
0.321288 0.966299 0
0.371132 0.985559 0
0.422454 0.996824 0
0.460401 0.99871 0
0.495685 1 0
0.54416 0.995832 0
0.48407 0.0180904 0
0.130107 0.226902 0
0.0465839 0.476098 0
0.0811508 0.682052 0
0.160395 0.811835 0
0.234773 0.879999 0
0.271828 0.902616 0
0.291496 0.910279 1
0.511789 0.954987 0
0.504656 0.950262 0
0.492895 0.947737 0
0.492895 0.947737 0
0.516748 0.935234 0
0.51771 0.928703 0
0.50282 0.923781 0
0.495775 0.919582 0
0.495032 0.912704 0
0.456672 0.909018 0
0.441374 0.901777 0
0.410979 0.886206 0
0.367924 0.865992 0
0.296681 0.818649 1
0.224318 0.739911 0
0.147482 0.614554 0
0.15544 0.4797 0
0.191607 0.346035 0
0.243593 0.263744 0
0.286154 0.218002 0
0.282792 0.203461 0
0.355227 0.165216 0
0.396913 0.147807 0
0.402192 0.140704 1
0.425533 0.130811 0
0.427177 0.117809 0
0.44584 0.105983 0
0.46549 0.10099 0
0.496395 0.0997616 0
0.521309 0.101456 0
0.534997 0.0978393 0
0.549266 0.0943089 0
0.582731 0.089721 0
0.599902 0.0872705 0
0.617648 0.086017 0
0.634928 0.0858028 0
0.652659 0.0868548 0
0.67328 0.0859524 0
0.694639 0.0920509 0
0.710604 0.0967014 0
0.729928 0.0984565 0
0.747712 0.103877 0
0.766718 0.110657 0
0.781424 0.115743 0
0.796227 0.12101 0
0.812248 0.12763 0
0.830436 0.136575 0
0.850117 0.148249 0
0.866674 0.159122 0
0.884446 0.173555 0
0.89855 0.18848 0
0.911067 0.204838 0
0.921627 0.220522 0
0.937901 0.24423 1
0.949647 0.267696 0
0.961744 0.291806 0
0.977371 0.334442 0
1 0.435131 0
0.940854 0.746046 0
0.949007 0.719539 0
0.988992 0.502742 0
0.969762 0.412711 0
0.964903 0.418728 0
0.962327 0.431288 0
0.950451 0.422225 0
0.939689 0.422207 0
0.942032 0.451151 0
0.944055 0.492758 0
0.941398 0.516927 0
0.939799 0.492227 0
0.931466 0.435085 0
0.936948 0.468176 0
0.940802 0.513238 0
0.937169 0.551247 0
0.929443 0.579786 0
0.600548 0.926237 0
0.778389 0.840876 0
0.785872 0.830761 1
0.8084 0.807462 0
0.863027 0.739051 0
0.872531 0.721855 0
0.869818 0.721969 1
0.863712 0.72397 0
0.591328 0.92065 0
0.277236 0.848863 0
0.234186 0.813272 0
0.193985 0.765685 0
0.148194 0.691943 1
0.114224 0.602598 0
0.100963 0.528854 0
0.0967591 0.487358 0
0.105016 0.394778 0
0.252682 0.164166 0
0.296782 0.128007 0
0.264171 0.137787 0
0.246975 0.148073 0
0.227659 0.16097 0
0.207976 0.175188 1
0.179891 0.198664 0
0.140938 0.24534 0
0.093863 0.323833 0
0.0616285 0.428022 0
0.057073 0.524817 0
0.0568963 0.598578 0
0.0698429 0.638678 0
0.0762862 0.657397 0
0.0671173 0.635495 0
0.0642167 0.622379 1
0.0430078 0.575534 0
0.0333405 0.542295 0
0.0304435 0.443661 0
0.0285868 0.424063 0
0.0241242 0.411246 0
0.0217768 0.393749 0
0.0215785 0.376422 0
0.0240909 0.353304 0
0.033113 0.316321 0
0.0460444 0.278701 0
0.120118 0.157768 0
0.0760608 0.75852 0
0.0760851 0.747041 0
0.062601 0.732187 0
0.0461524 0.697224 0
0.0380395 0.679432 0
0.0299549 0.658768 0
0.0317526 0.660762 1
0.0416354 0.68431 0
0.051944 0.706411 0
0.0723539 0.740771 0
0.11224 0.790436 0
0.130195 0.807924 0
0.20796 0.868124 0
0.387287 0.934053 0
0.521849 0.933962 0
0.525884 0.935124 0
0.381825 0.938402 0
0.493277 0.942147 0
0.521997 0.940502 1
0.493221 0.941311 0
0.447406 0.936652 0
0.423189 0.929119 0
0.380515 0.913999 0
0.348595 0.897248 0
0.329706 0.879651 0
0.280575 0.843287 0
0.632267 0.871939 0
0.562016 0.890655 0
0.530584 0.89058 0
0.499187 0.883393 0
0.461224 0.875923 0
0.503055 0.867511 0
0.502579 0.861114 0
0.500536 0.85402 0
0.50291 0.848712 0
0.530237 0.851491 0
0.53555 0.850719 1
0.531361 0.847502 0
0.528818 0.844822 0
0.530515 0.844918 0
0.523203 0.840719 0
0.518734 0.837497 0
0.53046 0.837335 0
0.538259 0.840928 0
0.530823 0.833963 0
0.537859 0.835365 0
0.54408 0.833424 0
0.555797 0.836139 0
0.567383 0.840151 0
0.58554 0.845543 0
0.60353 0.847858 1
0.622187 0.850612 0
0.638949 0.852113 0
0.656699 0.852834 0
0.674676 0.852812 0
0.702831 0.866621 0
0.722998 0.85928 0
0.746458 0.851174 0
0.750959 0.854949 0
0.75458 0.832986 0
0.771623 0.827195 0
0.783737 0.820662 0
0.797996 0.811648 0
0.809558 0.802483 0
0.816265 0.798853 0
0.820936 0.79525 0
0.831132 0.787994 1
0.841805 0.774828 0
0.853323 0.763364 0
0.861087 0.75257 0
0.865857 0.74519 0
0.870349 0.738979 0
0.878357 0.727322 0
0.891818 0.709527 0
0.901389 0.695331 0
0.913043 0.677116 0
0.93022 0.649912 0
0.937698 0.632748 0
0.944367 0.610768 0
0.950854 0.583822 0
0.955761 0.567639 1
0.955198 0.56511 0
0.967619 0.508047 0
0.96756 0.504028 0
0.970318 0.484818 0
0.971114 0.464423 0
0.96989 0.443363 0
0.968267 0.42173 0
0.964324 0.399026 0
0.959671 0.371373 0
0.953202 0.344117 0
0.944027 0.321736 0
0.938556 0.31145 0
0.910459 0.24184 0
0.903973 0.238287 0
0.889797 0.21978 0
0.868552 0.190723 0
0.837415 0.15364 0
0.811812 0.127364 0
0.80198 0.123467 0
0.780016 0.107251 1
0.75267 0.0872686 0
0.717683 0.0636362 0
0.691201 0.050872 0
0.656729 0.0336819 0
0.629685 0.0255854 0
0.600572 0.01755 0
0.56988 0.0112654 0
0.537755 0.00768404 0
0.500223 0.00201785 0
0.465401 0 0
0.43274 0.00125163 0
0.400004 0.0015605 0
0.375078 0.00936683 0
0.354708 0.0242418 0
0.319508 0.0311011 0
0.291411 0.0424122 0
0.261933 0.0587113 0
0.229497 0.0781717 1
0.18739 0.106868 0
0 0.509876 0
0.177511 0.104033 0
0.168268 0.104689 0
0.177527 0.0844987 0
0.151453 0.1201 0
0.143322 0.116555 0
0.131987 0.13097 0
0.118685 0.143236 0
0.106641 0.159897 0
0.0937344 0.182819 0
0.0813663 0.20884 1
0.0701837 0.243746 0
0.0688382 0.234796 0
0.0597157 0.271381 0
0.0512775 0.307424 0
0.0463869 0.33352 0
0.044492 0.363236 0
0.0453143 0.399757 0
0.0502058 0.444806 0
0.0611194 0.497399 0
0.0792896 0.557239 0
0.0990513 0.604862 0
0.117799 0.642811 1
0.144575 0.683888 0
0.180766 0.723372 0
0.214377 0.755421 0
0.264417 0.789041 0
0.308881 0.809402 0
0.386296 0.826102 0
0.465752 0.841403 0
0.501226 0.827959 0
0.569477 0.810464 0
0.601292 0.796902 0
0.739636 0.682074 0
0.762706 0.374373 0
0.495441 0.283082 0
0.601185 0.301256 1
0.716454 0.595572 0
0.70417 0.573573 0
0.673055 0.403953 0
0.642261 0.394123 0
0.595837 0.386446 0
0.547565 0.396485 0
0.460493 0.479834 0
0.569616 0.451964 0
0.558019 0.487449 0
0.540001 0.503827 1
0.537154 0.512808 0
0.537338 0.51266 0
0.537351 0.512738 0
0.537344 0.512743 0
0.537344 0.512744 0
0.537343 0.512744 0
0.537343 0.512744 0
0.537343 0.512744 0
0.537343 0.512744 0
0.537343 0.512744 0
