0.954835 0.414357 0
0.943847 0.390368 0
0.930159 0.363494 0
0.932213 0.370819 0
0.94304 0.392606 1
0.942868 0.399442 0
0.945499 0.415958 0
0.944181 0.409487 0
0.946604 0.414927 0
0.94799 0.413208 0
0.950194 0.421384 0
0.949277 0.416696 0
0.949215 0.427676 0
0.950017 0.429837 0
0.948587 0.424949 0
0.955266 0.436078 0
0.951817 0.431708 0
0.954511 0.445852 0
0.953163 0.43963 0
0.95462 0.446215 0
0.953718 0.434957 0
0.96147 0.455486 0
0.960676 0.450975 0
0.958571 0.44664 0
0.958248 0.462172 0
0.958332 0.459477 0
0.959197 0.45748 0
0.960056 0.451544 0
0.962578 0.455139 0
0.965205 0.470833 0
0.963313 0.451673 1
0.965081 0.455193 0
0.968212 0.473172 0
0.965806 0.45851 0
0.961891 0.452251 0
0.964476 0.454355 0
0.966298 0.458582 0
0.964693 0.45126 0
0.96465 0.448323 0
0.966044 0.455169 0
0.963695 0.444945 0
0.969779 0.457293 0
0.966276 0.444383 0
0.969349 0.463783 0
0.965669 0.445608 0
0.968018 0.45075 0
0.970326 0.461956 0
0.965371 0.44958 0
0.967442 0.44302 0
0.965022 0.43434 0
0.950726 0.394331 0
0.966926 0.437274 0
0.961997 0.415004 1
0.962555 0.414049 0
0.962078 0.413223 0
0.963396 0.408117 0
0.959511 0.401062 0
0.954622 0.390882 0
0.638571 0.0831532 0
0.95595 0.390633 0
0.625403 0.0857866 1
0.925639 0.316524 0
0.937733 0.340943 0
0.750319 0.130189 0
0.939055 0.341605 0
0.936646 0.336909 0
0.328175 0.0959595 0
0.940118 0.345463 0
0.271409 0.126811 1
0.184035 0.184207 0
0.180429 0.187388 0
0.21745 0.161116 0
0.211945 0.163277 0
0.850968 0.215983 0
0.846451 0.21101 0
0.110676 0.269881 0
0.0620697 0.360464 0
0.0358059 0.48557 0
0.0437184 0.433779 0
0.0513217 0.401657 0
0.0386782 0.468343 1
0.0339397 0.553175 0
0.101744 0.303554 0
0.10009 0.313198 0
0.114893 0.28599 0
0.0993396 0.312866 0
0.047588 0.473103 0
0.0959563 0.323911 0
0.0803593 0.358132 0
0.101876 0.310733 0
0.101247 0.314517 0
0.126264 0.274809 0
0.136353 0.261746 1
0.139671 0.257083 0
0.397301 0.0921253 0
0.26936 0.142065 0
0.281936 0.134347 0
0.162352 0.230414 0
0.256278 0.14903 0
0.212399 0.180648 0
0.227978 0.170232 0
0.264103 0.14518 0
0.342335 0.106407 0
0.545456 0.0782386 0
0.890646 0.289597 0
0.903821 0.308999 0
0.842309 0.224479 0
0.895535 0.29064 0
0.822669 0.203125 0
0.882347 0.273398 0
0.904351 0.308208 1
0.261093 0.142464 0
0.916716 0.325147 0
0.356555 0.0947732 0
0.375744 0.0890196 0
0.392158 0.0847399 0
0.37325 0.0901732 0
0.378582 0.0886787 0
0.387188 0.0863286 0
0.391724 0.0863384 0
0.387597 0.0885702 0
0.394755 0.0852556 0
0.415842 0.0772398 1
0.430072 0.0749322 0
0.428029 0.0742666 0
0.440044 0.0690514 0
0.445601 0.0678074 0
0.441435 0.0698645 0
0.446444 0.0691846 0
0.453333 0.0664994 0
0.456866 0.065861 0
0.476176 0.0618661 0
0.5008 0.0582254 1
0.822563 0.179283 0
0.744482 0.124925 0
0.512188 0.058898 0
0.865027 0.223159 0
0.954292 0.373796 0
0.964219 0.392198 0
0.969097 0.402668 0
0.971471 0.402709 1
0.966881 0.391124 0
0.969768 0.394728 0
0.969057 0.393562 0
0.970766 0.396025 0
0.973645 0.397016 0
0.973406 0.394549 0
0.973779 0.387281 0
0.979833 0.398272 0
0.977782 0.384664 0
0.982197 0.396996 0
0.978341 0.382753 0
0.97785 0.383857 0
0.976997 0.379414 0
0.960488 0.333232 0
0.949531 0.310273 0
0.973781 0.366032 0
0.975102 0.368474 0
0.836698 0.164034 0
0.703091 0.079968 0
0.701922 0.0779721 0
0.692883 0.0768052 0
0.704745 0.0804469 0
0.704126 0.0793136 0
0.705806 0.0807544 0
0.685177 0.0714915 0
0.675506 0.0681703 0
0.686108 0.0729308 0
0.681504 0.0710105 0
0.692098 0.074149 0
0.693732 0.0748668 1
0.727928 0.0898222 0
0.707314 0.0807061 0
0.720007 0.0882173 0
0.709144 0.0840021 0
0.688721 0.0757878 0
0.668919 0.0701237 0
0.702834 0.0845055 0
0.769388 0.121614 0
0.917625 0.266769 0
0.910347 0.261693 1
0.901943 0.249144 0
0.827693 0.171761 0
0.805584 0.154643 0
0.874844 0.220077 0
0.851922 0.197196 0
0.863043 0.206724 0
0.606776 0.0637726 0
0.838239 0.185954 0
0.664718 0.0837167 0
0.582918 0.0614949 0
0.537728 0.0559936 0
0.546817 0.0581181 0
0.549519 0.0579114 0
0.543532 0.0564825 0
0.540372 0.0567375 0
0.553805 0.0574587 0
0.553335 0.0588769 0
0.570334 0.0611551 0
0.566818 0.0619746 0
0.596233 0.0663121 0
0.600429 0.0693878 0
0.613552 0.0732892 1
0.635398 0.0788512 0
0.654725 0.0859439 0
0.662979 0.0871403 0
0.691659 0.0972028 0
0.721187 0.111254 0
0.734059 0.116118 0
0.77172 0.138518 0
0.80556 0.162012 0
0.828018 0.174058 0
0.846652 0.185002 0
0.850549 0.180047 0
0.884724 0.211163 0
0.905498 0.233131 0
0.943422 0.285551 0
0.962978 0.321311 0
0.983203 0.367938 1
0.975092 0.346182 0
0.962354 0.317232 0
0.947974 0.289163 0
0.932856 0.26441 0
0.927494 0.261649 0
0.933329 0.273679 0
0.922207 0.260774 0
0.914528 0.252599 0
0.907092 0.246233 0
0.901457 0.243494 0
0.887632 0.233453 0
0.86687 0.21172 0
0.844374 0.189547 0
0.819167 0.168244 0
0.784995 0.145136 0
0.760304 0.130355 1
0.809784 0.165188 0
0.744264 0.119034 0
0.633915 0.0731464 0
0.548339 0.0568856 0
0.475751 0.0547149 0
0.393898 0.0674289 0
0.333983 0.0856219 0
0.298133 0.0981118 0
0.277524 0.108575 0
0.253179 0.12247 0
0.228367 0.140031 0
0.215054 0.149798 0
0.205278 0.156648 0
0.194517 0.167593 1
0.190985 0.169264 0
0.184992 0.173222 0
0.17463 0.183846 0
0.172274 0.184668 0
0.170767 0.18413 0
0.162597 0.192298 0
0.156334 0.198161 0
0.151051 0.206111 0
0.144687 0.214963 0
0.138969 0.223445 0
0.133582 0.232166 0
0.128758 0.241141 1
0.129265 0.241761 0
0.127968 0.248779 0
0.127001 0.254035 0
0.126854 0.261271 0
0.13294 0.257462 0
0.16961 0.22077 0
0.779296 0.173855 0
0.959378 0.556012 0
0.899945 0.75294 0
0.830275 0.846142 0
0.719061 0.928939 0
0.691078 0.942007 1
0.598868 0.974933 0
0.522077 0.988596 0
0.461095 0.98799 0
0.952167 0.681127 1
0.828264 0.876602 0
0.908045 0.786514 0
0.915382 0.784686 0
0.942675 0.737295 0
0.934754 0.758489 0
0.600437 1 0
0.138527 0.851875 0
0.157955 0.86894 0
0.180932 0.888136 0
0.208703 0.906649 1
0.25792 0.933161 0
0.307241 0.954131 0
0.385069 0.978796 0
0.540923 0.990527 1
0.62882 0.974846 0
0.751007 0.921152 0
0.878276 0.806085 0
0.927148 0.723966 0
0.950734 0.661167 0
0.958838 0.627707 0
0.947318 0.671105 0
0.955344 0.64401 0
0.957467 0.627945 0
0.958174 0.619148 1
0.958861 0.611132 0
0.961581 0.595155 0
0.964445 0.583092 0
0.962142 0.612296 0
0.966329 0.585863 0
0.966774 0.592311 0
0.969473 0.570741 0
0.970108 0.553608 0
0.970369 0.539034 0
0.968655 0.529985 0
0.96803 0.524378 0
0.967667 0.520404 0
0.967768 0.517929 0
0.966582 0.512978 0
0.966643 0.508722 0
0.96538 0.506152 0
0.967939 0.507182 0
0.968456 0.50793 0
0.959792 0.635618 0
0.965715 0.623164 0
0.971749 0.619875 0
0.976495 0.619953 0
0.981051 0.618147 0
0.983119 0.615886 0
0.986523 0.611995 0
0.990055 0.609287 0
0.992195 0.606301 0
0.993159 0.599361 0
0.989096 0.617853 0
0.995322 0.572115 0
0.995548 0.584021 0
0.995949 0.582796 0
0.99552 0.579785 0
0.995578 0.571388 0
0.995694 0.531512 0
0.987753 0.440357 1
0.67395 0.0745017 0
0.21471 0.919464 1
0.24082 0.937216 0
0.0101214 0.609119 0
0.0146325 0.414376 0
0 0.544729 1
0.0288255 0.35794 0
0.080451 0.255549 0
0.16748 0.15686 0
0.219325 0.119083 1
0.286932 0.0820983 0
0.334302 0.0629128 0
0.370977 0.0528699 0
0.407643 0.0467082 0
0.431529 0.043801 0
0.450619 0.0420082 0
0.466302 0.0415953 0
0.471734 0.0435047 0
0.46422 0.0453422 0
0.447511 0.0518944 0
0.418441 0.059632 0
0.391525 0.0695414 0
0.358939 0.0791599 0
0.314017 0.0945304 0
0.23929 0.134046 0
0.133819 0.229048 0
0.0479137 0.392474 0
0.0416238 0.435343 1
0.0484051 0.431449 0
0.0554528 0.436451 0
0.0579379 0.444243 0
0.0563232 0.486604 0
0.06428 0.493176 0
0.0645538 0.495955 0
0.0697782 0.499978 0
0.0748747 0.484846 0
0.0806782 0.485692 0
0.0853521 0.49245 0
0.0869342 0.497615 0
0.0928135 0.509561 0
0.09711 0.522891 0
0.101351 0.536868 0
0.104139 0.545804 0
0.107431 0.556515 0
0.108424 0.564592 0
0.115459 0.575837 1
0.118206 0.581035 0
0.121905 0.586648 0
0.128447 0.594173 0
0.133043 0.598381 0
0.136946 0.602116 0
0.140779 0.602742 0
0.14526 0.599762 0
0.150854 0.609535 0
0.154966 0.612961 0
0.161954 0.624506 0
0.159089 0.630282 0
0.156736 0.636271 0
0.153675 0.633921 0
0.152657 0.646174 1
0.156799 0.670177 0
0.168142 0.705493 0
0.185458 0.740348 0
0.220387 0.789141 0
0.240432 0.814021 0
0.248977 0.828532 0
0.265164 0.843965 0
0.317437 0.875949 0
0.659254 0.887172 0
0.821509 0.759267 0
0.815178 0.761337 0
0.808204 0.764441 0
0.451229 0.903773 0
0.850661 0.686215 1
0.741619 0.816725 0
0.793011 0.767546 0
0.814568 0.740577 0
0.824079 0.731433 0
0.828996 0.725493 0
0.863875 0.668625 0
0.840596 0.704945 0
0.86232 0.666868 0
0.866468 0.657627 0
0.869975 0.643978 0
0.871188 0.635563 0
0.875705 0.626169 0
0.871708 0.629905 0
0.887676 0.608421 0
0.889777 0.610215 0
0.898649 0.603272 0
0.907987 0.59469 0
0.917837 0.584208 0
0.92743 0.571555 0
0.936263 0.55979 0
0.942924 0.542063 0
0.947475 0.535624 0
0.953854 0.517396 0
0.958632 0.494297 1
0.962256 0.479808 0
0.964435 0.477189 0
0.966928 0.46256 0
0.968677 0.448896 0
0.970421 0.434201 0
0.970553 0.424187 0
0.96942 0.412384 0
0.966438 0.394224 0
0.967459 0.381896 0
0.968691 0.385146 0
0.964842 0.364246 0
0.957844 0.337912 0
0.94987 0.314919 0
0.942642 0.299845 0
0.927573 0.270079 0
0.921402 0.259447 0
0.889813 0.211697 0
0.856781 0.171537 0
0.810477 0.127971 0
0.75205 0.0882767 1
0.72142 0.0726356 0
0.692788 0.0599236 0
0.652186 0.0454024 0
0.616166 0.0360067 0
0.561632 0.0254222 0
0.475939 0.019256 0
0.426307 0.0204445 0
0.396619 0.020356 1
0.377145 0.0195375 0
0.390183 0.0110942 0
0.358173 0.0174189 0
0.361633 0.0149463 0
0.371102 0.0104886 0
0.395897 0.00429789 0
0.400985 0.00290803 0
0.407038 0.00137172 0
0.410577 0.00109854 0
0.410856 0.00154233 0
0.431021 0.000877044 0
0.466311 0 0
0.467151 0.00227932 0
0.469291 0.0039705 0
0.467111 0.0077422 0
0.455997 0.0116899 0
0.449825 0.0170362 0
0.431076 0.0229425 0
0.405195 0.0313087 0
0.378745 0.0389599 1
0.357762 0.0435904 0
0.318367 0.0608822 0
0.273375 0.0859331 0
0.225485 0.119001 0
0.194595 0.147606 0
0.17368 0.169871 0
0.647501 0.0769233 0
0.288314 0.11137 0
0.516792 0.0676146 0
0.285648 0.122449 0
0.241462 0.152474 0
0.255632 0.151403 1
0.269235 0.150529 0
0.267902 0.156676 0
0.262744 0.165473 0
0.405953 0.112704 1
0.100952 0.380522 0
0.140753 0.312393 0
0.220149 0.223808 0
0.368145 0.907639 1
0.255069 0.842931 0
0.187803 0.769024 0
0.119927 0.622904 0
0.695442 0.193963 1
0.277144 0.837235 0
0.254736 0.81731 1
0.246467 0.80481 0
0.246965 0.802584 0
0.246396 0.79569 0
0.246154 0.795469 0
0.249361 0.795535 0
0.259614 0.800462 0
0.265242 0.813514 0
0.262847 0.82497 0
0.308558 0.858642 0
0.325401 0.875635 0
0.355653 0.895104 0
0.381193 0.911165 0
0.383883 0.916484 0
0.405925 0.926398 1
0.720745 0.885477 0
0.792662 0.83722 0
0.565931 0.945356 0
0.438448 0.944035 0
0.505611 0.945868 0
0.610576 0.928442 0
0.395708 0.922597 0
0.400328 0.919583 0
0.388037 0.912432 0
0.377034 0.903264 0
0.365388 0.892146 0
0.371454 0.894913 0
0.378154 0.89234 0
0.392881 0.894407 0
0.406845 0.896272 0
0.42653 0.901328 0
0.453415 0.908281 0
0.500593 0.918383 0
0.489926 0.921095 0
0.502079 0.922634 0
0.524535 0.926325 0
0.544174 0.929876 1
0.579111 0.93263 0
0.608083 0.933944 0
0.659625 0.928266 0
0.675717 0.927167 0
0.687048 0.922662 0
0.71327 0.91393 0
0.743876 0.906539 0
0.744173 0.902097 0
0.761007 0.89205 0
0.764905 0.891793 0
0.789939 0.877482 0
0.82593 0.852104 1
0.826975 0.847243 0
0.822025 0.850248 0
0.862078 0.814603 0
0.874545 0.80608 0
0.882286 0.797815 0
0.909996 0.768546 0
0.926967 0.742793 0
0.943522 0.716427 0
0.944589 0.709299 0
0.968465 0.671031 0
0.975235 0.6504 0
0.978404 0.630163 0
0.985297 0.602106 0
0.990676 0.579228 0
0.995686 0.560196 0
1 0.522529 0
0.996946 0.500343 0
0.993055 0.477651 1
0.989331 0.457867 0
0.994521 0.42446 0
0.982054 0.392204 0
0.971538 0.359957 0
0.964813 0.331148 0
0.946034 0.302129 0
0.929417 0.281678 0
0.926743 0.262255 0
0.922484 0.242636 0
0.907871 0.221594 0
0.895556 0.20708 0
0.889923 0.199596 1
0.881287 0.187503 0
0.877574 0.180593 0
0.858448 0.160572 0
0.852574 0.152058 0
0.835283 0.139194 0
0.815998 0.130018 0
0.78289 0.112664 0
0.771394 0.108 0
0.753769 0.0993807 0
0.72254 0.084677 0
0.697105 0.0768048 0
0.680317 0.0715993 0
0.652144 0.0670032 0
0.609694 0.0678671 1
0.559931 0.069388 0
0.518395 0.0720633 0
0.487951 0.0719635 0
0.447756 0.0797369 0
0.403933 0.0897312 0
0.360686 0.107982 0
0.324255 0.125761 0
0.29618 0.141372 0
0.246712 0.182494 0
0.205114 0.226684 1
0.172815 0.269633 0
0.147209 0.31522 0
0.127577 0.363698 0
0.115918 0.408507 0
0.110746 0.447083 0
0.109288 0.494463 0
0.114182 0.532243 0
0.120761 0.556352 0
0.127767 0.573469 0
0.141386 0.623881 0
0.141044 0.631438 0
0.183122 0.679217 0
0.198312 0.708528 0
0.231415 0.741523 0
0.263218 0.768163 0
0.365149 0.817553 1
0.283357 0.785125 0
0.455024 0.821136 0
0.582419 0.791141 0
0.610527 0.771247 0
0.685615 0.686244 0
0.701257 0.639932 1
0.693494 0.6285 0
0.698642 0.521462 0
0.647255 0.418432 0
0.601277 0.387487 0
0.592244 0.388349 0
0.569009 0.406726 0
0.502121 0.527366 0
0.502121 0.527366 0
0.502121 0.527366 0
0.502121 0.527366 0
0.502121 0.527366 0
0.502121 0.527366 0
0.502121 0.527366 0
0.502121 0.527366 0
0.502121 0.527366 0
0.502121 0.527366 0
0.502121 0.527366 0
0.502121 0.527366 0
0.502121 0.527366 0
0.502121 0.527366 0
0.502121 0.527366 0
0.502121 0.527366 0
0.502121 0.527366 0
0.502121 0.527366 0
0.502121 0.527366 0
0.502121 0.527366 0
0.502121 0.527366 0
0.502121 0.527366 0
0.502121 0.527366 0
0.502121 0.527366 0
0.502121 0.527366 0
0.502121 0.527366 0
0.502121 0.527366 0
0.502121 0.527366 0
0.502121 0.527366 0
0.502121 0.527366 0
0.502121 0.527366 0
0.502121 0.527366 0
0.502121 0.527366 0
0.502121 0.527366 0
0.502121 0.527366 0
0.502121 0.527366 0
0.502121 0.527366 0
0.502121 0.527366 0
0.502121 0.527366 0
0.502121 0.527366 0
0.502121 0.527366 0
0.502121 0.527366 0
0.502121 0.527366 0
0.502121 0.527366 1
0.502121 0.527366 0
0.502121 0.527366 0
0.502121 0.527366 0
0.502121 0.527366 0
0.502121 0.527366 0
0.502121 0.527366 0
0.502121 0.527366 0
0.502121 0.527366 0
0.502121 0.527366 0
0.502121 0.527366 0
0.502121 0.527366 0
0.502121 0.527366 0
0.502121 0.527366 0
0.502121 0.527366 0
0.502121 0.527366 0
0.502121 0.527366 0
0.502121 0.527366 0
0.502121 0.527366 0
0.502121 0.527366 0
0.502121 0.527366 0
0.502121 0.527366 0
0.502121 0.527366 0
0.502121 0.527366 0
0.502121 0.527366 0
0.502121 0.527366 0
0.502121 0.527366 0
0.502121 0.527366 0
0.502121 0.527366 0
0.502121 0.527366 0
0.502121 0.527366 0
0.502121 0.527366 0
0.502121 0.527366 0
0.502121 0.527366 0
0.502121 0.527366 0
0.502121 0.527366 0
0.502121 0.527366 0
0.502121 0.527366 0
0.502121 0.527366 0
