0.656476 0.758232 0
0.71637 0.697284 0
0.717558 0.702836 0
0.715503 0.701437 0
0.71356 0.699462 1
0.714253 0.696425 0
0.735107 0.707512 0
0.509209 0.681728 0
0.453154 0.584504 0
0.414211 0.345673 0
0.390051 0.289979 0
0.390274 0.28807 0
0.395544 0.285373 0
0.396816 0.285075 0
0.395535 0.28385 0
0.400983 0.27786 0
0.41348 0.263835 0
0.414564 0.264092 0
0.41479 0.224188 0
0.898743 0.385853 0
0.938835 0.42057 0
0.943005 0.396359 0
0.940903 0.376155 0
0.939847 0.360918 0
0.933114 0.34623 1
0.933112 0.34623 0
0.933137 0.346204 0
0.933243 0.346037 0
0.93084 0.344375 0
0.941425 0.342589 0
0.878113 0.302986 0
0.874963 0.288939 0
0.881064 0.256407 0
0.847979 0.251906 0
0.842148 0.242857 0
0.825382 0.241732 0
0.813714 0.238875 0
0.793889 0.232788 0
0.771226 0.227819 0
0.745577 0.231594 0
0.731699 0.251185 0
0.711842 0.268095 0
0.688936 0.305225 0
0.668467 0.351836 0
0.668711 0.376933 0
0.704349 0.435894 0
0.757009 0.484591 0
0.768807 0.503429 0
0.786933 0.527128 0
0.794818 0.536125 0
0.806096 0.542465 1
0.80606 0.542746 0
0.807339 0.551154 0
0.803878 0.559348 0
0.808454 0.572689 0
0.809775 0.581099 0
0.812694 0.591364 0
0.815352 0.604505 0
0.831268 0.641631 0
0.853094 0.715749 0
0.843009 0.7449 0
0.830713 0.760395 0
0.816834 0.765287 0
0.815157 0.775453 0
0.799282 0.776313 0
0.783653 0.792848 0
0.725272 0.800946 0
0.688584 0.818255 0
0.683616 0.823706 0
0.679805 0.826642 0
0.67567 0.832652 0
0.669264 0.840256 0
0.666031 0.844356 1
0.666029 0.844362 0
0.66606 0.844391 0
0.665849 0.844385 0
0.662521 0.839147 0
0.710352 0.844016 0
0.292372 0.667499 0
0.313807 0.782881 0
0.300719 0.794036 0
0.297421 0.805757 0
0.292419 0.805883 0
0.278776 0.802007 0
0.258076 0.774105 0
0.23039 0.726185 0
0.211453 0.697504 0
0.192832 0.677715 0
0.122027 0.622407 0
0.0990306 0.443064 0
0.0943931 0.448143 0
0.0894066 0.450139 0
0.0868519 0.450999 1
0.0687271 0.460564 0
0.0922087 0.691841 0
0.112952 0.707961 0
0.107892 0.711164 0
0.107177 0.711817 0
0.109509 0.70798 0
0.111907 0.734509 0
0.0446097 0.466861 0
0.0623429 0.445922 0
0.0631668 0.448541 0
0.0717925 0.418711 0
0.0712569 0.410356 0
0.0751776 0.389146 0
0.0735142 0.379949 0
0.06786 0.374168 0
0.0703331 0.363163 0
0.07364 0.355047 0
0.0727182 0.34275 0
0.0735969 0.333613 0
0.0760362 0.326479 0
0.0784922 0.316368 0
0.0809931 0.31018 1
0.0960994 0.31177 0
0.116461 0.305682 0
0.135438 0.523962 0
0.123678 0.50013 1
0.128024 0.501526 0
0.131299 0.500775 0
0.111732 0.520411 0
0.313534 0.879685 0
0.315744 0.863093 0
0.314499 0.858454 1
0.331129 0.866949 0
0.349289 0.872305 0
0.368743 0.875633 0
0.406864 0.889754 0
0.424642 0.894595 0
0.427261 0.877764 0
0.464153 0.897821 0
0.48011 0.882036 0
0.491297 0.867151 0
0.515906 0.866024 0
0.522874 0.853244 0
0.518844 0.837698 0
0.521163 0.822817 0
0.526241 0.810869 0
0.510956 0.790077 0
0.505863 0.776488 0
0.509386 0.77202 0
0.521248 0.766085 0
0.496178 0.74125 0
0.505723 0.736019 0
0.541653 0.750575 0
0.675766 0.730921 0
0.694491 0.722643 0
0.693634 0.71977 0
0.695839 0.714537 0
0.698308 0.711401 1
0.698065 0.709679 0
0.695109 0.706159 0
0.711197 0.702984 0
0.468031 0.623582 0
0.423351 0.340508 0
0.39208 0.319494 0
0.381605 0.291794 0
0.389057 0.279295 0
0.406569 0.238052 0
0.428795 0.204623 0
0.436002 0.138584 0
0.858624 0.443361 0
0.873586 0.403641 0
0.877738 0.396062 1
0.880212 0.385462 0
0.886352 0.374071 0
0.877685 0.357429 0
0.91587 0.305163 0
0.917228 0.302022 0
0.917799 0.257483 0
0.945673 0.236132 0
0.905015 0.264243 0
0.912333 0.246819 0
0.942094 0.227827 0
0.901725 0.256364 0
0.907165 0.245459 0
0.905776 0.23617 0
0.89073 0.235665 0
0.896019 0.224588 0
0.89259 0.216582 1
0.88977 0.215794 0
0.882684 0.208953 0
0.850945 0.203969 0
0.799215 0.200548 0
0.742089 0.178831 0
0.724396 0.177345 0
0.696416 0.174824 0
0.670072 0.167611 0
0.648914 0.170878 0
0.641229 0.177547 0
0.639395 0.366495 0
0.644795 0.433876 0
0.664264 0.481333 0
0.637903 0.531072 0
0.65953 0.569532 0
0.801051 0.544471 0
0.805971 0.542798 0
0.806049 0.542499 0
0.806071 0.542461 0
0.806385 0.542497 0
0.813498 0.556219 0
0.821587 0.571379 0
0.82841 0.588826 0
0.837093 0.605875 0
0.861422 0.672174 0
0.874751 0.705801 0
0.869295 0.729329 0
0.848953 0.740716 0
0.836397 0.7494 0
0.828348 0.755065 0
0.812358 0.765521 0
0.79741 0.762441 0
0.779573 0.766411 0
0.769867 0.770387 0
0.762469 0.771636 0
0.756874 0.769704 1
0.75031 0.784162 0
0.749061 0.798031 0
0.739133 0.812119 0
0.728243 0.829987 0
0.72096 0.837627 0
0.704952 0.849764 0
0.69974 0.862943 0
0.691666 0.86414 0
0.650819 0.84172 0
0.322915 0.765863 0
0.31578 0.77044 0
0.310123 0.776225 0
0.304137 0.789224 0
0.298843 0.796315 0
0.300359 0.813437 0
0.296656 0.823257 1
0.282357 0.808954 0
0.263673 0.79744 0
0.241747 0.784726 0
0.220013 0.770463 0
0.198848 0.752445 0
0.169367 0.710785 0
0.130662 0.681828 0
0.130886 0.686032 0
0.125953 0.691279 0
0.117526 0.697708 1
0.114487 0.706202 0
0.109827 0.71273 0
0.104472 0.71673 0
0.100922 0.720622 1
0.0947874 0.722414 0
0.0882075 0.727498 0
0.0766422 0.719942 0
0.0682855 0.701757 0
0.0559923 0.691608 0
0.009166 0.632152 0
0 0.494612 0
0.0279521 0.445928 0
0.019541 0.446865 0
0.0284847 0.422834 0
0.0306522 0.412622 0
0.0370626 0.402014 1
0.0338165 0.398901 0
0.0304938 0.389501 0
0.0322242 0.379703 0
0.0303769 0.371153 0
0.0321105 0.353945 0
0.0353764 0.34048 0
0.0455614 0.324988 0
0.0618822 0.531166 0
0.0695353 0.53484 0
0.0750271 0.535469 0
0.087672 0.536134 0
0.108279 0.526511 0
0.115787 0.504355 0
0.12453 0.501533 0
0.124325 0.50145 0
0.120243 0.506205 0
0.185907 0.550919 0
0.311558 0.972821 0
0.297651 0.89474 0
0.318125 0.899841 0
0.36218 0.925214 0
0.415013 0.9616 0
0.411022 0.925306 0
0.455058 0.946465 0
0.484602 0.952524 0
0.503976 0.943316 0
0.536851 0.943641 0
0.56123 0.940163 0
0.584269 0.923979 0
0.605692 0.910403 0
0.627566 0.905933 0
0.639122 0.886846 1
0.639121 0.886817 0
0.639162 0.887141 0
0.63516 0.885334 0
0.514888 0.799655 0
0.472042 0.746968 0
0.474568 0.730644 0
0.476181 0.721411 0
0.472762 0.706519 0
0.47393 0.69562 0
0.471739 0.69265 0
0.479805 0.68119 0
0.478937 0.671536 0
0.48202 0.66098 0
0.485941 0.654685 1
0.486761 0.653025 0
0.479689 0.65718 0
0.420979 0.340866 0
0.373501 0.302141 0
0.378484 0.307697 0
0.386416 0.297425 0
0.394133 0.29813 0
0.396652 0.284977 1
0.413618 0.25376 0
0.433891 0.203569 0
0.469351 0.137473 0
0.52246 0.0946093 1
0.506399 0.0517876 0
0.936545 0.295581 0
0.941929 0.280959 0
0.944104 0.277958 1
0.956456 0.271923 0
0.968784 0.250635 0
0.990818 0.233381 0
1 0.227325 0
0.930172 0.114827 0
0.886554 0.0898795 0
0.874883 0.0841643 0
0.874691 0.0835961 1
0.856236 0.0779681 0
0.842113 0.0538809 0
0.792726 0.0148615 0
0.72262 0 1
0.720044 0.0106729 0
0.710291 0.0314926 0
0.717181 0.0516275 0
0.702923 0.105895 0
0.674411 0.102575 0
0.675538 0.132298 0
0.658757 0.139595 0
0.643678 0.140418 0
0.638247 0.155166 0
0.618805 0.146797 1
0.618925 0.146968 0
0.620225 0.149739 0
0.626916 0.1629 0
0.618206 0.59348 0
0.609844 0.599059 0
0.606949 0.606381 1
0.606949 0.606381 0
0.606949 0.606381 0
0.606949 0.606381 0
0.606949 0.606381 0
0.606949 0.606381 0
0.606949 0.606381 0
0.606949 0.606381 0
0.606953 0.606378 0
0.60692 0.606352 0
0.607064 0.606588 0
0.607794 0.604726 0
0.616572 0.61244 0
0.61624 0.48056 0
