0.349134 0.985414 0
0.279207 0.965616 0
0.22476 0.93206 0
0.192964 0.907321 0
0.176644 0.882521 0
0.155933 0.860341 0
0.13182 0.839094 0
0.105275 0.818735 0
0.0809769 0.796734 0
0.0621934 0.769649 0
0.0420838 0.734679 0
0.0326866 0.715283 0
0.0240493 0.689093 0
0.0158989 0.660516 0
0.00715442 0.6376 0
0.00193851 0.605523 0
0 0.568731 1
0.000237276 0.52983 0
0.00321548 0.486935 0
0.00978961 0.454676 0
0.0260251 0.394636 0
0.0367273 0.34056 0
0.0516356 0.284129 0
0.0749969 0.247981 0
0.0921229 0.22242 0
0.122705 0.190369 0
0.146312 0.167963 1
0.176145 0.138648 0
0.21646 0.107903 0
0.284995 0.0916303 0
0.32772 0.0802237 0
0.369268 0.0856514 0
0.371561 0.102907 0
0.404852 0.113881 0
0.423427 0.129901 0
0.480302 0.147319 0
0.418671 0.166357 0
0.412501 0.200154 0
0.423956 0.2307 0
0.451456 0.254878 0
0.474021 0.275566 0
0.513885 0.288089 0
0.554195 0.302969 0
0.590003 0.311601 0
0.619152 0.319765 0
0.646821 0.328531 0
0.671406 0.334344 0
0.69354 0.342987 0
0.717069 0.346293 0
0.73571 0.345662 0
0.748193 0.349682 0
0.761153 0.364041 0
0.779459 0.370165 0
0.796763 0.373176 0
0.813943 0.37422 0
0.830701 0.377315 0
0.842458 0.386555 1
0.858102 0.384773 0
0.870551 0.401345 0
0.877957 0.423751 0
0.887137 0.440946 0
0.90102 0.458596 0
0.911718 0.47218 0
0.922317 0.483935 0
0.942131 0.486546 0
0.939791 0.506274 0
0.952096 0.508733 1
0.968505 0.544146 0
0.987016 0.567891 0
0.992187 0.585352 0
0.996444 0.603612 0
1 0.626979 0
0.997595 0.64742 0
0.968005 0.724087 0
0.966301 0.702667 0
0.958409 0.710964 0
0.948596 0.728038 0
0.93909 0.742457 0
0.923737 0.766865 0
0.903003 0.792531 0
0.871802 0.836278 1
0.846614 0.862281 0
0.816365 0.886483 0
0.775188 0.91207 0
0.732164 0.93218 0
0.690478 0.945906 0
0.644862 0.959643 1
0.609635 0.968319 0
0.572579 0.978721 0
0.526468 1 0
0.482291 0.993056 0
0.427568 0.984904 0
0.363346 0.9681 0
0.313395 0.959219 0
0.288999 0.937837 0
0.26332 0.909136 0
0.244524 0.881708 1
0.231879 0.85376 0
0.210507 0.824715 0
0.164859 0.786599 0
0.141269 0.755117 0
0.116817 0.724597 0
0.0997984 0.691956 0
0.0834443 0.656522 0
0.0697488 0.625026 0
0.0633505 0.593615 0
0.056486 0.552766 0
0.0597673 0.489462 0
0.0648495 0.447675 0
0.0727185 0.408244 0
0.0781806 0.369796 0
0.0808412 0.335865 0
0.0855803 0.298018 0
0.0832374 0.27387 0
0.100573 0.238201 1
0.109792 0.216448 0
0.116093 0.205516 0
0.142393 0.175494 0
0.217745 0.0962671 0
0.460269 0 0
0.413504 0.0104459 0
0.296667 0.0768186 0
0.425896 0.0397213 1
0.370133 0.0707308 0
0.425268 0.076768 0
0.402465 0.115856 0
0.440195 0.130371 0
0.47476 0.155101 0
0.460982 0.190415 0
0.472445 0.231508 0
0.469455 0.260711 0
0.461368 0.308959 0
0.463629 0.349645 0
0.466708 0.406882 0
0.466468 0.493609 0
0.46821 0.592807 0
0.469603 0.681055 0
0.469908 0.703925 0
0.469943 0.706948 0
0.469952 0.707246 0
0.469953 0.707389 0
0.469953 0.707455 0
0.469955 0.7074 1
