0.206606 0.40179 1
0.198762 0.397361 0
0.199066 0.377048 0
0.20062 0.336875 0
0.197846 0.314513 0
0.178953 0.308515 0
0.168649 0.293543 0
0.167116 0.27194 0
0.159314 0.26547 0
0.156853 0.250244 0
0.146407 0.233997 0
0.14715 0.221367 1
0.141299 0.211413 0
0.135725 0.200175 0
0.139693 0.194935 0
0.145818 0.189089 0
0.153629 0.179698 0
0.174734 0.170979 0
0.20697 0.161089 0
0.242032 0.152593 0
0.271968 0.133639 0
0.294987 0.121173 0
0.306988 0.122177 0
0.323789 0.125097 1
0.338266 0.131256 0
0.354212 0.143138 0
0.403081 0.132746 0
0.452353 0.122518 0
0.48873 0.128064 0
0.535411 0.140032 0
0.559041 0.156771 0
0.57731 0.173898 0
0.684636 0.225036 0
0.688913 0.222781 0
0.688701 0.223472 1
0.682468 0.233518 0
0.669722 0.244292 0
0.66483 0.255193 0
0.666673 0.268 0
0.67784 0.278671 0
0.689101 0.287432 0
0.702373 0.29376 0
0.709784 0.310934 0
0.725332 0.309232 0
0.733594 0.320898 0
0.744903 0.320779 0
0.750415 0.328217 1
0.75153 0.329611 0
0.753985 0.330066 0
0.757432 0.331933 0
0.756539 0.334037 0
0.789268 0.335064 0
0.879691 0.454484 0
0.807988 0.527783 0
0.782993 0.566299 0
0.786378 0.578429 0
0.772517 0.603206 0
0.781038 0.614529 1
0.770903 0.635999 0
0.779713 0.643424 0
0.780822 0.658323 0
0.752575 0.690828 0
0.725396 0.724646 0
0.69966 0.758226 0
0.684218 0.788534 0
0.669641 0.814083 0
0.664855 0.822046 0
0.655534 0.841631 0
0.644397 0.867856 0
0.643432 0.869324 1
0.643635 0.869484 0
0.64391 0.869849 0
0.644192 0.870402 0
0.646139 0.871282 0
0.647096 0.873003 0
0.645515 0.876687 0
0.661106 0.869072 0
0.665073 0.870695 0
0.652319 0.878184 0
0.651528 0.880685 0
0.652863 0.881479 1
0.656741 0.88587 0
0.660764 0.890979 0
0.666192 0.89704 0
0.670711 0.905923 0
0.650058 0.91463 0
0.629953 0.917859 0
0.609758 0.925733 0
0.597918 0.91544 0
0.576025 0.927174 0
0.561145 0.833782 0
0.517765 0.824213 0
0.509553 0.824858 1
0.50674 0.823353 0
0.508274 0.816121 0
0.440986 0.878161 0
0.446976 0.860577 0
0.420665 0.854207 0
0.420797 0.835618 0
0.402755 0.815431 0
0.403765 0.777328 0
0.404065 0.764129 0
0.407041 0.753666 0
0.405106 0.752001 1
0.396709 0.750829 0
0.385849 0.747587 0
0.370619 0.747752 0
0.367795 0.74136 0
0.366196 0.735629 0
0.35791 0.730583 0
0.356508 0.724294 0
0.340069 0.726484 0
0.287419 0.621168 0
0.280688 0.606625 0
0.279989 0.604817 0
0.273018 0.599415 1
0.265257 0.587601 0
0.25122 0.59394 0
0.240828 0.58709 0
0.2333 0.578786 0
0.237524 0.552853 0
0.236854 0.521016 0
0.220849 0.450667 0
0.198094 0.421647 0
0.170454 0.373966 0
0.161286 0.369892 0
0.15479 0.363407 1
0.148406 0.341632 0
0.141755 0.320189 0
0.137871 0.298183 0
0.126115 0.284776 0
0.11261 0.276354 0
0.0832795 0.255095 0
0.159279 0.184575 0
0.154281 0.164979 0
0.157332 0.146119 0
0.175299 0.118349 0
0.174561 0.116362 0
0.175948 0.113436 1
0.176644 0.108184 0
0.181928 0.101636 0
0.185328 0.0955981 0
0.1905 0.0887578 0
0.191276 0.0901033 0
0.203062 0.088703 0
0.249709 0.0972573 0
0.282043 0.0978742 0
0.33376 0.0684652 0
0.358839 0.0701795 0
0.370661 0.082854 0
0.381204 0.0930115 1
0.422027 0.0900112 0
0.451511 0.113355 0
0.514562 0.122879 0
0.580883 0.12994 0
0.626381 0.138281 0
0.676132 0.132292 0
0.679129 0.14656 0
0.683437 0.161106 0
0.684977 0.174128 0
0.680937 0.183918 0
0.675296 0.192591 1
0.675374 0.193201 0
0.675505 0.191907 0
0.66537 0.19685 0
0.652871 0.288595 0
0.784752 0.250428 0
0.799328 0.254656 0
0.801244 0.270964 0
0.809988 0.287781 0
0.802319 0.329573 0
0.787195 0.371847 0
0.773433 0.360219 0
0.76543 0.355234 1
0.766098 0.354888 0
0.761962 0.355036 0
0.887456 0.413996 0
0.888404 0.444573 0
0.867684 0.484346 0
0.878054 0.496064 0
0.875355 0.513869 0
0.884449 0.515695 0
0.886996 0.526132 0
0.900425 0.528606 0
0.900322 0.539923 1
0.904698 0.549051 0
0.907805 0.563162 0
0.928515 0.56383 0
0.934814 0.59475 0
0.942501 0.613139 0
0.955035 0.637985 0
0.939931 0.664963 0
0.949755 0.668524 0
0.96692 0.675362 0
0.962459 0.684122 0
0.964002 0.694015 0
0.960658 0.69868 1
0.960272 0.705307 0
0.955464 0.716534 0
0.94974 0.722978 0
0.943057 0.729132 0
0.934491 0.736428 0
0.934986 0.739439 0
0.926559 0.746443 0
0.921534 0.75576 0
0.90483 0.76234 0
0.900848 0.769923 0
0.892277 0.776345 1
0.893958 0.776787 0
0.607572 1 0
0.873183 0.789124 0
0.891308 0.773994 0
0.891701 0.776091 0
0.892184 0.776332 0
0.891781 0.775938 0
0.879058 0.769748 0
0.875627 0.748806 0
0.526352 0.902925 0
0.526022 0.868392 0
0.521672 0.865834 1
0.523296 0.868817 0
0.460482 0.879657 0
0.445438 0.86844 0
0.446315 0.840963 0
0.467687 0.82099 0
0.477865 0.811213 0
0.4843 0.806449 0
0.48936 0.803074 0
0.494524 0.800275 0
0.496192 0.797643 0
0.495529 0.79652 1
0.494732 0.791251 0
0.491537 0.785257 0
0.485053 0.770444 0
0.485679 0.761184 0
0.480363 0.754283 0
0.415581 0.686837 0
0.407829 0.686025 0
0.400872 0.683602 0
0.393346 0.683585 0
0.391568 0.671476 0
0.380598 0.676462 0
0.37243 0.673612 1
0.371982 0.673274 0
0.370769 0.671504 0
0.367043 0.667095 0
0.362269 0.649895 0
0.18118 0.584721 0
0.186897 0.546512 0
0.198464 0.497813 0
0.180989 0.502204 0
0.154588 0.527285 0
0.148318 0.512761 0
0.144893 0.503392 1
0.128498 0.503276 0
0.120636 0.496126 0
0.121014 0.492154 0
0.0464659 0.4635 0
0 0.30564 0
0.00873268 0.281067 0
0.124827 0.176854 0
0.12044 0.162476 0
0.141574 0.141779 0
0.238257 0.0448031 0
0.251751 0.014763 0
0.267202 0.00682418 1
0.276328 0 0
0.299461 0.0309899 0
0.306315 0.0588078 0
0.338445 0.0484895 0
0.388656 0.00897361 0
0.414785 0.00336623 0
0.433092 0.0270551 0
0.481176 0.046816 0
0.533356 0.0567577 0
0.606781 0.0638775 0
0.629424 0.0900057 1
0.640077 0.104576 0
0.685385 0.0942731 0
0.699204 0.0918786 0
0.659783 0.12378 0
0.71153 0.42138 0
0.69365 0.16272 0
0.735712 0.451485 0
0.749203 0.420175 0
0.749247 0.416814 0
0.749124 0.416785 0
0.749144 0.416761 0
0.749144 0.416764 1
0.727951 0.412834 0
0.714293 0.404176 0
0.693275 0.387819 0
0.718964 0.360191 0
0.628779 0.377789 0
0.613545 0.399915 0
0.603456 0.423589 0
0.604862 0.442781 0
0.579783 0.426255 0
0.558825 0.427405 0
0.517573 0.401422 0
0.504888 0.405583 1
