0.521418 0.0483212 1
0.563496 0.0484281 0
0.605888 0.0481137 0
0.649682 0.0527385 0
0.70685 0.066508 0
0.769568 0.095898 0
0.833745 0.138463 0
0.894007 0.1796 0
0.920947 0.214123 0
0.936765 0.244227 0
0.944671 0.274815 0
0.955128 0.299567 0
0.964837 0.327866 1
0.97393 0.35303 0
0.982427 0.377913 0
0.993246 0.408428 0
1 0.440524 0
0.997552 0.469807 0
0.990572 0.501444 0
0.983353 0.534894 0
0.980546 0.570904 0
0.971543 0.608406 0
0.95532 0.649736 0
0.942053 0.695357 0
0.922012 0.730646 1
0.890905 0.766076 0
0.858686 0.805915 0
0.82544 0.846293 0
0.789685 0.887006 0
0.751825 0.917189 0
0.722047 0.923716 0
0.703122 0.913023 0
0.67854 0.905077 0
0.650682 0.895543 0
0.621772 0.883954 0
0.606738 0.867726 0
0.600068 0.849036 0
0.594422 0.83016 1
0.59269 0.811369 0
0.58989 0.796363 0
0.599517 0.774034 0
0.598141 0.746836 0
0.582786 0.724739 0
0.569492 0.708289 0
0.561916 0.684975 0
0.554206 0.659968 0
0.531047 0.643759 0
0.514808 0.633203 0
0.462925 0.629549 0
0.39589 0.642264 1
0.346366 0.648262 0
0.312707 0.628208 0
0.864238 0.24196 0
0.844691 0.191132 0
0.795323 0.134467 0
0.743099 0.0876205 0
0.694751 0.0541684 0
0.660779 0.0299007 0
0.620901 0.0102971 0
0.561069 0 0
0.465075 0.0103851 0
0.369194 0.04213 1
0.233081 0.13229 0
0.0409826 0.50798 0
0.0339871 0.497768 0
0.0275464 0.477179 0
0.0211997 0.443654 0
0.0150792 0.417238 0
0.00542618 0.392712 0
0 0.357247 0
0.00375802 0.325821 0
0.00403512 0.304443 0
0.00747572 0.28365 0
0.0102361 0.269078 0
0.0109317 0.262443 1
0.0363127 0.250793 0
0.0501072 0.238628 0
0.062704 0.232308 0
0.0758337 0.224784 0
0.0924378 0.21468 0
0.112119 0.200303 0
0.137083 0.18228 0
0.164573 0.156004 0
0.194226 0.138328 0
0.236707 0.114812 0
0.277803 0.100146 0
0.320554 0.0876139 1
0.366925 0.0762983 0
0.417144 0.0657431 0
0.463718 0.0582718 0
0.483031 0.0690574 0
0.528138 0.0652904 0
0.584432 0.071191 0
0.634831 0.0814175 0
0.683294 0.0992676 0
0.748613 0.131102 0
0.765576 0.146962 0
0.775215 0.170679 0
0.788644 0.192669 1
0.808487 0.214872 0
0.833434 0.246243 0
0.8584 0.284613 0
0.877327 0.319226 0
0.896321 0.351375 0
0.914731 0.384557 0
0.930036 0.424229 0
0.935524 0.473414 0
0.937353 0.519507 0
0.937977 0.560197 0
0.937097 0.606615 0
0.923552 0.665413 0
0.904608 0.724209 1
0.885319 0.78011 0
0.857987 0.829235 0
0.826189 0.892076 0
0.80717 0.933617 0
0.753962 0.968127 0
0.721078 0.983508 0
0.699127 1 0
0.632608 0.983854 0
0.613336 0.974609 0
0.603578 0.943948 0
0.603053 0.913603 0
0.597597 0.884435 1
0.597589 0.863333 0
0.598464 0.854008 0
0.597815 0.824169 0
0.597158 0.77689 0
0.596212 0.730295 0
0.596075 0.683907 0
0.592629 0.383285 0
0.597074 0.557644 0
0.59698 0.489001 0
0.597282 0.489284 0
0.597319 0.477057 0
0.597337 0.475019 0
0.597354 0.473915 1
