0.973537 0.240796 1
0.973527 0.240806 0
0.973537 0.240798 0
0.973537 0.240797 0
0.973534 0.240788 0
0.973341 0.240776 0
0.972955 0.240862 0
0.972698 0.240769 0
0.972569 0.239834 0
0.972345 0.239022 0
0.971983 0.23893 0
0.971384 0.238944 0
0.971156 0.238812 0
0.971483 0.23879 0
0.971407 0.238524 0
0.970942 0.237839 0
0.970211 0.237968 0
0.970285 0.237576 0
0.96949 0.237303 0
0.968454 0.236798 0
0.967106 0.237809 0
0.967603 0.238963 0
0.968179 0.238414 0
0.968059 0.238042 0
0.968319 0.239159 0
0.967505 0.23853 0
0.967547 0.238172 0
0.968453 0.238512 0
0.969142 0.238533 0
0.968464 0.238832 0
0.968088 0.239471 0
0.968131 0.23996 0
0.968439 0.240178 0
0.969531 0.239542 0
0.970009 0.239462 0
0.970187 0.238786 0
0.971023 0.238672 0
0.971549 0.238909 0
0.969722 0.239799 0
0.970488 0.239303 0
0.970977 0.23886 0
0.971656 0.238484 0
0.971741 0.238676 0
0.972317 0.238644 0
0.974001 0.239189 0
0.973079 0.238821 0
0.973876 0.239111 0
0.973851 0.238914 0
0.974423 0.239177 0
0.973764 0.238829 0
0.974631 0.237916 0
0.974728 0.236812 0
0.977003 0.238065 0
0.974298 0.237969 0
0.974172 0.238691 0
0.973974 0.238497 0
0.973367 0.238288 0
0.973783 0.238542 0
0.974379 0.239284 0
0.972802 0.236374 0
0.974379 0.240559 0
0.973971 0.2395 0
0.974561 0.239195 0
0.975339 0.238393 0
0.975634 0.238683 0
0.973626 0.23963 0
0.973564 0.240325 0
0.973309 0.2402 0
0.9733 0.240231 0
0.973363 0.240173 0
0.973464 0.240348 0
0.973413 0.24024 0
0.974023 0.240147 0
0.974629 0.239954 0
0.97394 0.241095 0
0.975342 0.240404 0
0.974076 0.240599 0
0.97414 0.240681 0
0.974335 0.240673 0
0.973711 0.240256 0
0.973936 0.240044 0
0.974036 0.240028 0
0.974524 0.240032 0
0.975175 0.240098 0
0.975306 0.240226 0
0.975137 0.240381 0
0.975424 0.240889 0
0.975203 0.240566 0
0.974797 0.240482 0
0.974588 0.240053 0
0.974687 0.239987 0
0.974678 0.239944 0
0.974736 0.239877 0
0.97483 0.239817 0
0.974642 0.240077 0
0.974549 0.240105 0
0.974654 0.23995 0
0.974593 0.239895 0
0.974466 0.239984 0
0.974459 0.239772 0
0.974543 0.239742 0
0.974595 0.23976 0
0.974538 0.239742 0
0.974403 0.239774 0
0.974534 0.239613 0
0.974521 0.239552 0
0.974349 0.239612 0
0.974205 0.239379 0
0.975423 0.240022 0
0.973948 0.238935 0
0.975457 0.238693 0
0.977677 0.240445 0
0.978018 0.241944 0
0.977748 0.24105 0
0.977997 0.240315 0
0.978749 0.241033 0
0.979495 0.241412 0
0.980915 0.242099 0
0.986548 0.243764 0
0.979691 0.242274 0
0.979762 0.242687 0
0.979548 0.241197 0
0.980995 0.24153 0
0.980043 0.240884 0
0.980446 0.241612 0
0.980436 0.240562 0
0.983986 0.24077 0
0.979878 0.240071 0
0.980027 0.240653 0
0.979381 0.239134 0
0.979844 0.239743 0
0.981043 0.241249 0
0.980732 0.241214 0
0.983928 0.240921 0
0.979594 0.241776 0
0.979565 0.241497 0
0.979944 0.241145 0
0.980254 0.241758 0
0.981063 0.244189 0
0.980844 0.244147 0
0.987149 0.245883 0
0.982654 0.244564 0
0.982483 0.246209 0
0.981901 0.244591 0
0.983017 0.246841 0
0.981822 0.247258 0
0.988325 0.246061 0
0.982317 0.245685 0
0.984277 0.247268 0
0.981893 0.245652 0
0.98452 0.2452 0
0.982928 0.246753 0
0.979904 0.246231 0
0.987359 0.243445 0
0.979156 0.243732 0
0.980221 0.242907 0
0.980895 0.244159 0
0.980835 0.242523 0
0.984225 0.244962 0
0.980562 0.243706 0
0.982847 0.242359 0
0.981306 0.243319 0
0.981222 0.242528 0
0.983579 0.242245 0
0.983918 0.242306 0
0.984438 0.242151 0
0.979429 0.236314 0
0.97842 0.23504 0
0.97826 0.23593 0
0.975255 0.235416 0
0.975481 0.235914 0
0.972416 0.234181 0
0.970962 0.234653 0
0.968544 0.234438 0
0.970201 0.2346 0
0.970585 0.235619 0
0.976781 0.236266 0
0.974678 0.234944 0
0.97581 0.235444 0
0.972744 0.233544 0
0.978574 0.236678 0
0.976592 0.236031 0
0.976617 0.235996 0
0.975469 0.235502 0
0.975952 0.235423 0
0.974926 0.234227 0
0.977098 0.235894 0
0.976512 0.235885 0
0.976655 0.235595 0
0.976708 0.234875 0
0.977016 0.236122 0
0.976546 0.235778 0
0.976354 0.235618 0
0.976314 0.235434 0
0.977166 0.235099 0
0.977808 0.233424 0
0.977641 0.232361 0
0.97795 0.23211 0
0.977695 0.231263 0
0.979292 0.232568 0
0.979999 0.23276 0
0.980679 0.233108 0
0.980585 0.232725 0
0.981331 0.233404 0
0.981907 0.233476 0
0.982301 0.233618 0
0.982471 0.233757 0
0.982366 0.233501 0
0.982185 0.232936 0
0.978325 0.230214 0
0.981366 0.232777 0
0.982206 0.233059 0
0.982318 0.232951 0
0.981011 0.231603 0
0.981637 0.23194 0
0.980859 0.231602 0
0.981572 0.232211 0
0.982535 0.232697 0
0.981919 0.232215 0
0.982057 0.231952 0
0.98095 0.231045 0
0.981146 0.231045 0
0.980286 0.230762 0
0.982779 0.231832 0
0.981124 0.23064 0
0.980629 0.229505 0
0.981816 0.23076 0
0.984 0.233723 0
0.983972 0.234891 0
0.983504 0.234113 0
0.984069 0.234951 0
0.98011 0.232792 0
0.981827 0.232656 0
0.983829 0.233495 0
0.982573 0.233269 0
0.981239 0.233098 0
0.983207 0.233876 0
0.983022 0.235262 0
0.982184 0.234507 0
0.98164 0.234366 0
0.982594 0.234579 0
0.981385 0.234183 0
0.983511 0.234874 0
0.982483 0.234469 0
0.982593 0.234278 0
0.98095 0.234585 0
0.982515 0.235019 0
0.982061 0.234411 0
0.983436 0.235658 0
0.983778 0.236195 0
0.985611 0.237134 0
0.986172 0.236945 0
0.986059 0.237147 0
0.98544 0.236142 0
0.98419 0.236385 0
0.98127 0.236357 0
0.982088 0.236307 0
0.980197 0.237594 0
0.984288 0.235628 0
0.980431 0.237868 0
0.985394 0.235673 0
0.98131 0.237733 0
0.985564 0.235705 0
0.981072 0.238203 0
0.985029 0.235061 0
0.980545 0.239182 0
0.988104 0.236174 0
0.980481 0.238644 0
0.988025 0.236542 0
0.981549 0.23791 0
0.989907 0.237623 0
0.98047 0.23777 0
0.986634 0.234429 0
0.97994 0.237412 0
0.980131 0.236651 0
0.978839 0.236328 0
0.985311 0.233164 0
0.977566 0.23427 0
0.979546 0.235356 0
0.978537 0.234761 0
0.978904 0.235063 0
0.979169 0.235419 0
0.976739 0.234484 0
0.97695 0.234163 0
0.978606 0.235318 0
0.977612 0.234503 0
0.976649 0.233559 0
0.976514 0.233005 0
0.976923 0.233051 0
0.97603 0.232398 0
0.97558 0.232209 0
0.976579 0.233358 0
0.976132 0.232452 0
0.974825 0.231288 0
0.97628 0.230368 0
0.974787 0.231579 0
0.975087 0.232127 0
0.973845 0.23154 0
0.973812 0.231697 0
0.97316 0.231437 0
0.968932 0.230245 0
0.969955 0.2304 0
0.969493 0.230431 0
0.970824 0.226404 0
0.970231 0.231513 0
0.969966 0.23011 0
0.968489 0.230144 0
0.969807 0.230207 0
0.970717 0.230646 0
0.970747 0.230926 0
0.968874 0.230953 0
0.968797 0.227748 0
0.968608 0.230581 0
0.969387 0.231268 0
0.969131 0.231359 0
0.967437 0.2309 0
0.96871 0.231914 0
0.970853 0.226537 0
0.970781 0.230903 0
0.971402 0.23057 0
0.97161 0.230718 0
0.971331 0.231499 0
0.973181 0.227839 0
0.975379 0.233525 0
0.975371 0.230194 0
0.973556 0.233437 0
0.973501 0.232675 0
0.974386 0.229562 0
0.974773 0.228543 0
0.976367 0.228622 0
0.976879 0.23038 0
0.975309 0.233246 0
0.976746 0.233234 0
0.977125 0.233162 0
0.974023 0.232482 0
0.97234 0.232663 0
0.972006 0.232659 0
0.971492 0.23244 0
0.971177 0.231539 0
0.972607 0.231305 0
0.972501 0.230964 0
0.97314 0.231871 0
0.970706 0.231202 0
0.964776 0.229966 0
0.968311 0.230061 0
0.973425 0.229414 0
0.975411 0.229613 0
0.97593 0.229659 0
0.979537 0.22839 0
0.980039 0.230168 0
0.977564 0.229328 0
0.979401 0.227598 0
0.980445 0.226539 0
0.983274 0.226852 0
0.988028 0.229261 0
0.98927 0.229596 0
0.990827 0.229763 0
0.997043 0.235562 0
0.993666 0.22978 0
1 0.240818 0
0.984666 0.222011 0
0.964021 0.221939 0
0.958227 0.221759 0
0.966046 0.222203 0
0.978182 0.220569 0
0.959542 0.221275 0
0.941337 0.227734 0
0.937986 0.229326 0
0.936655 0.230235 0
0.935005 0.231519 0
0.933342 0.232716 0
0.934478 0.230637 0
0.932198 0.231983 0
0.927008 0.234954 0
0.92583 0.233854 0
0.922879 0.234209 0
0.92044 0.236719 0
0.916869 0.239268 0
0.914565 0.241124 0
0.915898 0.239549 0
0.910994 0.240306 0
0.907311 0.241186 0
0.905728 0.24333 0
0.898811 0.246209 0
0.903452 0.246703 0
0.902689 0.248302 0
0.902226 0.248608 0
0.897903 0.2534 0
0.895883 0.255844 0
0.896204 0.257825 0
0.894329 0.259743 0
0.897027 0.260017 0
0.897479 0.261526 0
0.895682 0.263646 0
0.894571 0.267152 0
0.894683 0.266997 0
0.890802 0.26835 0
0.889457 0.273013 0
0.892212 0.277784 0
0.890771 0.281498 0
0.892581 0.28378 0
0.881572 0.286912 0
0.884675 0.287357 0
0.887629 0.286421 0
0.886855 0.287559 0
0.884387 0.288729 0
0.882029 0.289027 0
0.882551 0.28848 0
0.879065 0.289592 0
0.879903 0.289506 0
0.879875 0.28935 0
0.878108 0.291184 0
0.881618 0.289301 0
0.878652 0.291216 0
0.881859 0.289204 0
0.887709 0.287705 0
0.887007 0.288678 0
0.879308 0.287725 0
0.89316 0.285985 0
0.884304 0.286899 0
0.890358 0.289714 0
0.885084 0.288961 0
0.884354 0.289541 0
0.883069 0.29003 0
0.884818 0.290479 0
0.885906 0.289593 0
0.884877 0.289684 0
0.882057 0.28983 0
0.881471 0.290033 0
0.883209 0.289514 0
0.895569 0.29013 0
0.896707 0.289759 0
0.887422 0.291342 0
0.886845 0.292074 0
0.897065 0.289604 0
0.897389 0.290489 0
0.897965 0.289992 0
0.896047 0.290446 0
0.894224 0.29101 0
0.894653 0.29103 0
0.895996 0.291067 0
0.896026 0.290969 0
0.89896 0.290875 0
0.898059 0.290706 0
0.897921 0.291624 0
0.900159 0.29062 0
0.906597 0.291106 0
0.907456 0.289922 0
0.907545 0.291742 0
0.907238 0.294884 0
0.910103 0.295681 0
0.914505 0.294824 0
0.912916 0.29293 0
0.901823 0.291984 0
0.91339 0.29233 0
0.914871 0.292399 0
0.912731 0.291682 0
0.898504 0.289693 0
0.901387 0.291617 0
0.90627 0.289721 0
0.905502 0.288732 0
0.911181 0.290165 0
0.907904 0.283992 0
0.902442 0.280294 0
0.889687 0.28094 0
0.895122 0.277246 0
0.884487 0.280617 0
0.87718 0.281801 0
0.854738 0.268919 0
0.86619 0.277997 0
0.86753 0.27506 0
0.861034 0.275672 0
0.867126 0.276472 0
0.868461 0.279021 0
0.859106 0.27722 0
0.859701 0.276507 0
0.849049 0.281834 0
0.848284 0.280713 0
0.849551 0.282335 0
0.852564 0.283775 0
0.845837 0.280614 0
0.841554 0.284128 0
0.83936 0.286413 0
0.839895 0.286297 0
0.838531 0.285666 0
0.839296 0.28951 0
0.836482 0.289161 1
0.836482 0.289161 0
0.836482 0.289161 0
0.836492 0.289153 0
0.836622 0.289333 0
0.836168 0.288874 0
0.841712 0.289934 0
0.779765 0.305285 0
0.787309 0.307439 1
0.773277 0.311106 0
0.774599 0.311055 1
0.770301 0.309717 1
0.753944 0.320873 0
0.747326 0.315259 0
0.747291 0.315986 0
0.747196 0.31596 0
0.747153 0.315938 1
0.74795 0.315056 0
0.737643 0.320824 0
0.738111 0.319311 1
0.738008 0.319234 0
0.737768 0.319284 0
0.736184 0.319028 0
0.726111 0.335478 0
0.725764 0.335738 1
0.723349 0.344067 0
0.723031 0.343334 1
0.722876 0.343503 0
0.722795 0.34375 0
0.722727 0.343815 0
0.722606 0.343998 0
0.722525 0.344271 0
0.722305 0.344437 0
0.722135 0.344925 0
0.721922 0.345121 0
0.721563 0.345594 0
0.721227 0.34624 0
0.720938 0.34648 0
0.720995 0.346617 0
0.720703 0.346835 0
0.720351 0.347235 0
0.720096 0.347536 0
0.719846 0.348569 0
0.719556 0.349723 0
0.718496 0.349505 0
0.718673 0.351393 0
0.717442 0.351628 0
0.71679 0.352243 0
0.716705 0.353549 0
0.716365 0.355237 0
0.714835 0.355602 0
0.713568 0.356321 0
0.712077 0.357338 0
0.708685 0.35943 0
0.708131 0.36072 0
0.704887 0.361651 0
0.704019 0.361063 0
0.702484 0.359544 1
0.702454 0.359627 0
0.702257 0.358807 0
0.701428 0.358321 0
0.703911 0.332955 0
0.706711 0.330955 0
0.707097 0.331025 1
0.708797 0.325674 1
0.71197 0.321053 1
0.715205 0.317169 0
0.723254 0.30308 0
0.725931 0.30206 0
0.725068 0.300724 0
0.726955 0.299689 0
0.726932 0.298695 0
0.72538 0.297961 0
0.725895 0.296151 0
0.725094 0.293939 1
0.726837 0.294852 0
0.726972 0.294238 0
0.730004 0.296748 0
0.734463 0.298856 0
0.737405 0.298419 0
0.737204 0.30219 0
0.739461 0.302836 0
0.742686 0.316477 1
0.744647 0.300986 0
0.765156 0.306384 0
0.769826 0.309502 1
0.786454 0.314992 0
0.784754 0.310567 1
0.784635 0.313003 0
0.793471 0.314874 0
0.794258 0.31507 0
0.795786 0.314334 0
0.796527 0.313871 0
0.796945 0.313412 1
0.796945 0.313412 0
0.796945 0.313413 0
0.796936 0.313419 0
0.796745 0.313581 0
0.794686 0.312663 0
0.786528 0.323785 0
0.743409 0.347346 0
0.742631 0.341641 0
0.741309 0.342039 0
0.740233 0.340742 0
0.7396 0.340693 0
0.738915 0.340384 0
0.738732 0.340111 0
0.738299 0.339896 1
0.738077 0.341396 0
0.727818 0.338721 1
0.723072 0.336477 1
0.719551 0.333601 1
0.716273 0.328954 0
0.712308 0.326553 1
0.706952 0.324567 1
0.706959 0.324668 0
0.7021 0.324699 0
0.672465 0.312707 0
0.675435 0.309736 0
0.67281 0.309284 0
0.67113 0.307702 0
0.669863 0.307876 0
0.66792 0.307779 1
0.666936 0.308082 0
0.665671 0.30748 0
0.664229 0.307874 0
0.662375 0.307835 0
0.661628 0.30871 0
0.647135 0.313075 0
0.563935 0.33391 0
0.546066 0.330802 0
0.535473 0.324112 0
0.526865 0.32241 0
0.520391 0.322053 0
0.514948 0.324654 0
0.512649 0.32916 0
0.499399 0.315069 0
0.492099 0.310061 0
0.484947 0.304786 0
0.484763 0.312677 0
0.47513 0.303908 0
0.46881 0.3001 0
0.466136 0.303015 0
0.45827 0.299374 0
0.451177 0.293473 0
0.442787 0.289185 0
0.434242 0.281708 0
0.428915 0.273936 0
0.419875 0.267095 0
0.410324 0.26185 0
0.406482 0.25979 0
0.398611 0.255979 0
0.384916 0.227433 0
0.384752 0.231268 0
0.375805 0.211569 1
0.367086 0.213724 0
0.354438 0.213507 0
0.342235 0.215141 0
0.331162 0.209032 0
0.319544 0.208272 0
0.302765 0.202936 0
0.294265 0.193839 0
0.284723 0.187277 0
0.2741 0.17751 0
0.270876 0.171327 1
0.25965 0.165322 0
0.243706 0.166427 0
0.242081 0.158438 0
0.233494 0.154031 0
0.227632 0.146769 0
0.215444 0.141788 0
0.203258 0.138711 0
0.19937 0.132959 0
0.182458 0.130671 0
0.153956 0.11669 0
0.156447 0.111989 0
0.137008 0.0983309 0
0.129232 0.0858757 0
0.122488 0.0711986 1
0.108602 0.0740968 0
0.0975107 0.0745768 0
0.0964853 0.0716724 0
0.0829299 0.0717445 0
0.103203 0.0648023 0
0.0776941 0.065327 0
0.0179739 0.0539783 0
0.0561013 0.0527847 0
0.00832484 0.0392931 0
0.019195 0.0362814 0
0.0102669 0.0255573 0
0.0126167 0.0218627 0
0 0.0114625 0
0.000861303 0.00609661 0
0.0128538 0.00425036 0
0.0185719 0 0
0.0343164 0.000934666 0
0.0402371 0.00127516 0
0.0573327 0.00447423 0
0.0573657 0.000738563 0
0.0730226 0.00360865 0
0.0850009 0.00827317 0
0.0869765 0.00712225 0
0.0978573 0.0137224 0
0.106108 0.0166646 0
0.111016 0.0156916 0
0.117775 0.0216136 0
0.131638 0.0354741 1
0.144961 0.0282236 0
0.14503 0.0196528 0
0.174466 0.0210347 0
0.189016 0.0200938 0
0.198102 0.0218028 0
0.212305 0.0242142 0
0.219767 0.0252283 0
0.234117 0.0318907 0
0.2467 0.0380411 0
0.256223 0.0369444 0
0.270801 0.0534702 0
0.274992 0.0525311 0
0.281877 0.0534995 0
0.295415 0.0709626 0
0.299834 0.0708456 0
0.304338 0.0715778 0
0.312013 0.0770817 0
0.320508 0.0829496 0
0.324286 0.095135 0
0.331761 0.101583 0
0.339552 0.108974 0
0.345443 0.114142 1
0.356992 0.117827 0
0.369812 0.123446 0
0.376331 0.129113 0
0.380285 0.132817 0
0.391196 0.140754 0
0.401372 0.149199 0
0.405168 0.1552 1
0.410455 0.155088 0
0.415848 0.156148 0
0.420343 0.156514 0
0.427718 0.158695 0
0.430566 0.162341 0
0.4351 0.165279 0
0.437379 0.167978 0
0.440106 0.17013 0
0.445197 0.172626 0
0.447974 0.171371 0
0.448087 0.172773 0
0.45505 0.178607 0
0.458889 0.178023 0
0.4666 0.18073 0
0.479857 0.184393 0
0.484548 0.184793 0
0.480278 0.184508 0
0.491816 0.188749 0
0.48884 0.18824 0
0.492001 0.190133 0
0.487081 0.190622 0
0.500019 0.193386 0
0.495767 0.193501 0
0.494868 0.193261 0
0.517773 0.199474 0
0.506928 0.198121 0
0.508241 0.198835 0
0.512395 0.199959 0
0.516158 0.200565 0
0.519847 0.200115 0
0.521035 0.200515 0
0.538564 0.206486 0
0.527998 0.205226 0
0.60526 0.214573 0
0.616372 0.215259 0
0.654394 0.221167 0
0.672276 0.226459 0
0.671678 0.227115 0
0.681721 0.231181 0
0.691769 0.236378 0
0.777414 0.258295 0
0.766501 0.2654 0
0.768672 0.267013 0
0.770238 0.266848 0
0.773015 0.267071 0
0.775543 0.267433 0
0.776543 0.268324 0
0.777983 0.269002 0
0.779605 0.270768 0
0.780332 0.272355 1
0.780332 0.272355 0
0.780332 0.272355 0
0.780332 0.272355 0
0.780347 0.272363 0
0.780002 0.271834 0
0.773884 0.269221 0
0.816686 0.322198 0
0.816492 0.319474 0
0.816453 0.320276 0
0.816448 0.319878 1
0.816693 0.319995 0
0.816954 0.319981 0
0.819918 0.32493 0
0.839689 0.357643 0
0.827406 0.366091 0
0.826713 0.365547 1
0.83057 0.365438 0
0.826139 0.390035 0
0.826771 0.38914 1
0.826785 0.388921 0
0.823868 0.387378 0
0.811904 0.396521 0
0.828657 0.514646 0
0.818951 0.52529 0
0.816697 0.526708 0
0.813851 0.52921 0
0.813469 0.530368 0
0.812819 0.53096 0
0.813134 0.530594 0
0.813319 0.530397 0
0.813014 0.530681 0
0.81309 0.530655 0
0.812396 0.531108 0
0.811919 0.531669 1
0.820968 0.526104 0
0.806248 0.54725 0
0.805947 0.549557 0
0.805873 0.549585 1
0.804775 0.55413 1
0.802869 0.559773 1
0.800538 0.561462 0
0.794623 0.569301 0
0.793342 0.573133 0
0.792841 0.575679 1
0.791659 0.574535 0
0.790161 0.581244 1
0.786145 0.586386 1
0.786142 0.586407 0
0.786163 0.586944 0
0.786389 0.587542 0
0.786294 0.587354 0
0.785983 0.586522 0
0.790843 0.587674 0
0.805491 0.61379 0
0.848556 0.640253 0
0.849672 0.655835 0
0.846392 0.663417 0
0.842023 0.669758 0
0.837848 0.678877 0
0.836594 0.686682 0
0.828162 0.694574 0
0.822358 0.70334 0
0.819366 0.705976 0
0.812959 0.711623 0
0.809912 0.713732 0
0.800634 0.717845 0
0.792818 0.717745 0
0.788368 0.718697 0
0.784261 0.722588 0
0.779864 0.723771 0
0.774068 0.722994 0
0.767944 0.723711 0
0.763979 0.725826 0
0.759714 0.726185 0
0.755928 0.727552 0
0.750768 0.728584 0
0.746001 0.729196 0
0.74014 0.732658 0
0.735275 0.732161 0
0.731662 0.732765 0
0.724668 0.734241 0
0.719977 0.7352 0
0.713067 0.735875 0
0.705542 0.736477 0
0.698244 0.738561 0
0.696843 0.739586 0
0.694102 0.741185 0
0.687393 0.742206 0
0.682853 0.74333 0
0.678896 0.743764 0
0.675396 0.744117 0
0.67087 0.744766 0
0.667184 0.746504 0
0.663526 0.746963 0
0.660896 0.745848 0
0.658842 0.747181 0
0.659547 0.747795 0
0.65732 0.747642 0
0.653626 0.747905 0
0.655332 0.747692 0
0.656485 0.748592 0
0.657608 0.749632 0
0.658145 0.749845 0
0.656876 0.7495 0
0.656253 0.748935 0
0.657435 0.749527 0
0.657847 0.749602 0
0.655451 0.750378 0
0.655181 0.74909 0
0.654128 0.748882 0
0.653358 0.748711 0
0.653501 0.748864 0
0.652902 0.74894 0
0.653028 0.748993 0
0.651622 0.748955 0
0.652168 0.749137 0
0.65432 0.748456 0
0.652139 0.749011 0
0.650187 0.749768 0
0.65143 0.750605 0
0.6543 0.750479 0
0.653993 0.750169 0
0.654212 0.749906 0
0.654512 0.750023 0
0.653584 0.750476 0
0.652059 0.750008 0
0.651828 0.75017 0
0.652533 0.750598 0
0.653521 0.749944 0
0.653643 0.749709 0
0.654239 0.749439 0
0.653459 0.749633 0
0.651598 0.748208 0
0.648493 0.746715 0
0.646099 0.746712 0
0.645382 0.74751 0
0.645966 0.74821 0
0.648074 0.747812 0
0.648188 0.747162 0
0.645801 0.746483 0
0.642341 0.74701 0
0.641955 0.747369 0
0.642445 0.747037 0
0.641147 0.747739 0
0.639002 0.747836 1
0.641751 0.746269 0
0.644578 0.743165 0
0.64702 0.741091 0
0.647023 0.742144 0
0.650926 0.739895 0
0.655245 0.736503 0
0.661401 0.733864 0
0.665579 0.730875 0
0.671245 0.727584 0
0.673645 0.722726 0
0.677068 0.721111 0
0.683431 0.718413 0
0.686878 0.715999 0
0.6883 0.711616 0
0.690652 0.709733 0
0.692789 0.707462 0
0.697164 0.70424 0
0.699056 0.703051 0
0.701842 0.699533 0
0.705788 0.695966 0
0.706522 0.692459 0
0.707655 0.688486 0
0.710648 0.68689 0
0.712638 0.684528 0
0.71432 0.680704 0
0.717408 0.676499 0
0.71725 0.671437 0
0.718003 0.669109 0
0.720717 0.666807 0
0.722328 0.663229 0
0.725577 0.659936 0
0.725253 0.656333 0
0.727872 0.652999 0
0.725621 0.651242 0
0.726013 0.649193 0
0.729109 0.64681 0
0.730666 0.641805 0
0.73083 0.638518 0
0.733222 0.635511 0
0.73376 0.630614 0
0.734444 0.626407 0
0.736811 0.624365 0
0.737338 0.621517 0
0.737886 0.617078 0
0.739687 0.612963 0
0.740993 0.610537 0
0.743248 0.605218 0
0.745849 0.603331 0
0.748889 0.599964 0
0.752975 0.596716 0
0.754858 0.594678 0
0.756179 0.591754 0
0.759044 0.590363 0
0.761961 0.588495 0
0.763912 0.586427 0
0.765797 0.585736 0
0.767565 0.584514 0
0.769292 0.584195 0
0.77015 0.584082 0
0.771199 0.583534 0
0.771742 0.583514 0
0.772493 0.583576 0
0.773004 0.583681 0
0.773429 0.583611 0
0.773589 0.583186 0
0.773378 0.58294 0
0.773927 0.582739 0
0.775123 0.583625 0
0.775027 0.583226 0
0.77568 0.583322 0
0.776555 0.583997 0
0.776659 0.584118 1
0.77675 0.584025 0
0.776002 0.583141 0
0.785817 0.584657 1
0.785801 0.58467 0
0.785556 0.584437 0
0.795836 0.580863 0
0.793622 0.580442 0
0.793455 0.580036 0
0.793426 0.580056 0
0.793432 0.580082 0
0.793442 0.580079 0
0.793444 0.580087 1
0.793482 0.580088 0
0.793502 0.580106 0
0.793511 0.580111 0
0.793527 0.580116 0
0.793556 0.580119 0
0.793595 0.580142 0
0.793668 0.580131 0
0.793727 0.580144 0
0.793677 0.580317 0
0.793839 0.580262 0
0.793939 0.580287 0
0.794011 0.580284 0
0.79401 0.580436 0
0.794023 0.57986 0
0.794167 0.580019 0
0.794219 0.58006 0
0.793386 0.580554 0
0.794268 0.579939 0
0.794311 0.580027 0
0.793588 0.58079 0
0.793226 0.580493 0
0.799452 0.581398 0
0.812157 0.554605 0
0.804608 0.558105 0
0.803873 0.557675 1
0.805405 0.552418 1
0.80863 0.533134 0
0.809693 0.533715 0
0.809741 0.533549 1
0.809558 0.533811 0
0.806429 0.533568 0
0.765013 0.575127 0
0.755298 0.555524 0
0.74692 0.551301 0
0.852413 0.430351 0
0.839635 0.399188 0
0.835209 0.396926 0
0.835664 0.397663 0
0.835819 0.397964 0
0.834822 0.396707 0
0.834161 0.395679 0
0.83335 0.395122 0
0.833315 0.395342 0
0.832865 0.394571 0
0.83154 0.393282 0
0.830334 0.392587 1
0.826259 0.379037 0
0.827448 0.377707 1
0.825385 0.378538 0
0.82426 0.36474 1
0.823981 0.364637 0
0.823772 0.364589 0
0.82325 0.364781 0
0.8221 0.360792 0
0.806225 0.314729 0
0.80647 0.317184 0
0.806409 0.317143 1
0.806439 0.317136 0
0.807203 0.316617 0
0.790685 0.299579 0
0.788388 0.303776 0
0.788048 0.304359 0
0.787957 0.30432 0
0.787978 0.304425 1
0.78798 0.304417 0
0.788014 0.30437 0
0.788077 0.304191 0
0.788123 0.303993 0
0.788128 0.303802 0
0.788172 0.303576 0
0.788295 0.303295 0
0.787812 0.303003 0
0.78727 0.303301 0
0.789472 0.294883 0
0.704193 0.266395 0
0.713906 0.268277 0
0.714317 0.267027 0
0.715639 0.266981 0
0.716689 0.26664 0
0.717503 0.266045 0
0.718114 0.265686 0
0.719495 0.265189 0
0.719786 0.264295 0
0.720596 0.264274 0
0.721625 0.263975 0
0.722334 0.26417 1
0.722409 0.263245 0
0.722456 0.261379 0
0.72303 0.260062 0
0.7226 0.259494 0
0.722929 0.257935 0
0.723124 0.257693 0
0.723181 0.256558 0
0.723288 0.254955 0
0.7221 0.254671 0
0.722855 0.247806 0
0.71783 0.23072 0
0.715434 0.222582 0
0.711618 0.217549 0
0.708966 0.211453 0
0.706668 0.205622 0
0.70678 0.20109 0
0.701449 0.198053 0
0.698625 0.197084 0
0.696 0.193929 0
0.69316 0.191936 0
0.693305 0.189033 0
0.690592 0.188006 0
0.68914 0.185253 0
0.688646 0.183458 0
0.687435 0.182394 0
0.68797 0.180427 0
0.68573 0.180688 0
0.677651 0.183162 0
0.675884 0.182231 0
0.672587 0.180812 0
0.671228 0.179781 0
0.668391 0.179078 0
0.667463 0.177884 0
0.667986 0.176546 0
0.664591 0.177171 0
0.660288 0.174176 1
