0.594366 0.0800354 1
0.586881 0.0859683 0
0.57233 0.135686 0
0.647506 0.196616 0
0.654728 0.193224 0
0.666444 0.192338 0
0.677816 0.188141 0
0.693723 0.232253 0
0.718893 0.244018 0
0.721915 0.274834 0
0.725466 0.296609 0
0.737998 0.314531 0
0.7445 0.33421 0
0.758711 0.344778 0
0.7702 0.365181 0
0.778093 0.387838 0
0.783693 0.418006 0
0.794871 0.423045 0
0.813956 0.421038 0
0.821741 0.436513 0
0.80914 0.433878 0
0.817538 0.426228 0
0.82517 0.43377 0
0.824511 0.458625 0
0.836154 0.473854 0
0.83216 0.512131 0
0.833487 0.533905 0
0.84743 0.54919 0
0.83741 0.61711 0
0.84144 0.614993 0
0.848121 0.632452 0
0.855297 0.631723 0
0.870023 0.635804 0
0.874463 0.649732 0
0.888385 0.637522 0
0.892957 0.638996 0
0.898447 0.658303 0
0.92217 0.647235 0
0.926415 0.65023 0
0.92938 0.636219 0
0.944241 0.620688 0
0.957385 0.59533 0
0.958485 0.568568 0
0.955945 0.553312 0
0.968531 0.531122 0
0.988043 0.509051 0
0.976381 0.496924 0
0.983303 0.468452 0
0.983726 0.452527 0
0.978591 0.421298 0
0.984198 0.387796 0
0.966955 0.369106 0
0.966592 0.354416 0
0.969558 0.350117 0
0.955319 0.364328 0
0.966366 0.330896 0
0.952444 0.285765 0
0.94092 0.245377 0
0.929 0.219632 0
0.777777 0.0926225 0
0.787432 0.0730296 0
0.769538 0.0793936 0
0.761984 0.0787616 0
0.746146 0.083438 0
0.735544 0.0856524 0
0.711969 0.0958894 0
0.712582 0.0929728 0
0.703967 0.100411 0
0.697458 0.101022 0
0.691385 0.104125 0
0.688172 0.105652 1
0.677166 0.0901122 0
0.664071 0.0861447 0
0.661373 0.0816813 0
0.614932 0.0749283 1
0.594077 0.0711111 1
0.551384 0.0393352 0
0.536293 0.0494642 0
0.533719 0.0516286 0
0.539054 0.0448725 0
0.49794 0.0654092 1
0.492953 0.0632601 0
0.479036 0.061239 0
0.409637 0.0224124 0
0.389843 0.0690669 0
0.391502 0.0838562 1
0.374444 0.0944061 1
0.368528 0.0947702 0
0.330486 0.144115 0
0.319859 0.132374 1
0.31925 0.136064 0
0.318126 0.1386 0
0.316561 0.141552 0
0.31482 0.143596 0
0.315137 0.145237 0
0.31334 0.147179 0
0.305887 0.154951 0
0.275055 0.171293 0
0.155787 0.45059 0
0.165575 0.468172 0
0.152165 0.474481 0
0.153502 0.482068 0
0.137899 0.488612 0
0.128709 0.497326 0
0.119035 0.511426 0
0.117305 0.531143 0
0.11112 0.548471 0
0.0839987 0.575893 0
0.0682884 0.571123 0
0.0636848 0.564112 0
0.057665 0.576781 0
0.0551491 0.586264 0
0.0542792 0.592987 0
0.041144 0.598569 0
0.0401512 0.599463 0
0.0391191 0.597603 0
0.032785 0.593401 0
0.027933 0.590425 0
0.0222931 0.585461 0
0.014858 0.580366 0
0.0071788 0.575101 0
0 0.57058 0
0.00216392 0.57117 0
0.00701334 0.574006 0
0.0197474 0.582815 0
0.0250858 0.551641 0
0.0356502 0.516238 0
0.0450185 0.496381 0
0.0667772 0.476182 0
0.0639477 0.444447 0
0.0846703 0.42324 0
0.0947541 0.407337 0
0.10711 0.384858 0
0.115956 0.357057 0
0.118012 0.336257 0
0.126159 0.31376 0
0.13923 0.295701 0
0.152759 0.284188 0
0.170446 0.271055 0
0.195306 0.260744 0
0.211836 0.250545 0
0.214931 0.240085 0
0.221984 0.225104 0
0.225787 0.216909 0
0.228093 0.214736 0
0.221522 0.193578 0
0.331992 0.0889872 0
0.329998 0.105872 0
0.330823 0.105609 0
0.333343 0.104607 0
0.32288 0.0796641 0
0.423806 0.0975962 0
0.440257 0.103743 0
0.486964 0.124898 0
0.515945 0.0801273 0
0.50179 0.0685399 0
0.501792 0.0673208 1
0.510522 0.0740666 0
0.530795 0.107828 0
0.540739 0.122116 0
0.543506 0.121893 0
0.584336 0.0981725 0
0.587638 0.0927331 0
0.565552 0.146591 0
0.604672 0.171812 0
0.638174 0.190805 0
0.66088 0.184398 0
0.65612 0.18697 0
0.661192 0.191121 0
0.70452 0.293624 0
0.725871 0.30282 0
0.736609 0.313131 0
0.748541 0.321153 0
0.762776 0.333792 0
0.770661 0.349312 0
0.776762 0.368084 0
0.781511 0.391975 0
0.797448 0.396851 0
0.804645 0.419808 0
0.81151 0.443492 0
0.816806 0.455834 0
0.831746 0.468848 0
0.839479 0.499386 0
0.838565 0.509617 0
0.848096 0.537602 0
0.855373 0.585519 0
0.860815 0.601065 0
0.864171 0.604342 0
0.873411 0.628134 0
0.87142 0.654388 0
0.889435 0.65704 0
0.908013 0.656301 0
0.914501 0.650362 0
0.918009 0.642075 0
0.924867 0.629386 0
0.936833 0.634811 0
0.947928 0.622439 0
0.953 0.610409 0
0.962224 0.597437 0
0.97256 0.583648 1
0.980598 0.568983 0
0.986454 0.554363 0
0.993642 0.549252 0
0.988282 0.531736 0
0.986352 0.502208 0
0.981233 0.487761 0
0.974447 0.477686 0
0.984278 0.449194 0
0.988779 0.422238 0
0.986648 0.400124 0
0.98592 0.371538 0
0.9683 0.335787 0
0.979159 0.316872 0
0.975703 0.280853 0
0.934886 0.138702 0
0.857958 0.0682704 0
0.837616 0.0688194 0
0.795083 0.0784914 0
0.774135 0.08102 0
0.753635 0.0765787 0
0.74193 0.0856133 0
0.728887 0.0911292 0
0.722604 0.0933056 0
0.715948 0.0961601 0
0.714312 0.0958282 0
0.710527 0.0917532 0
0.702538 0.0988124 0
0.707549 0.0816438 0
0.668538 0.0623186 0
0.665949 0.059211 0
0.663706 0.0561733 0
0.663723 0.0599327 0
0.537944 0.0272457 0
0.536184 0.0495375 0
0.532934 0.0520758 0
0.530951 0.0528623 1
0.548707 0.0439259 0
0.481642 0.0110298 0
0.456278 0.00217497 0
0.436642 0.00160971 0
0.417734 0.00874203 0
0.393912 0.0766679 0
0.391534 0.0798095 0
0.366173 0.102677 0
0.366265 0.0958859 0
0.330692 0.117175 1
0.333436 0.126324 0
0.326785 0.155029 0
0.31771 0.162873 0
0.314519 0.165402 0
0.31026 0.167853 0
0.305032 0.170605 0
0.302795 0.175087 0
0.294998 0.187028 0
0.201705 0.426294 0
0.15221 0.460326 0
0.149908 0.468544 0
0.129817 0.472826 0
0.110083 0.474829 0
0.108046 0.484402 0
0.07883 0.487765 0
0.0843235 0.507472 0
0.0790021 0.529931 0
0.0648226 0.540633 0
0.0579032 0.547546 0
0.0574398 0.551982 0
0.0484618 0.566518 0
0.042775 0.575263 0
0.0316849 0.590536 0
0.0353371 0.587995 0
0.0377995 0.59066 0
0.0351553 0.588713 0
0.0402482 0.587498 0
0.0389625 0.587621 0
0.0404894 0.592725 0
0.0345377 0.589479 0
0.0293235 0.588869 0
0.0204296 0.577848 0
0.0119465 0.569133 0
0.00658943 0.557066 0
0.0074646 0.546379 0
0.0163956 0.528986 0
0.00772139 0.519504 0
0.00998435 0.508264 0
0.0355951 0.486865 0
0.0461363 0.465562 0
0.0583332 0.45332 0
0.0587502 0.432837 0
0.048809 0.410222 0
0.0568419 0.393398 0
0.0775954 0.38328 0
0.0800641 0.358434 0
0.102647 0.346318 0
0.116656 0.325518 0
0.123007 0.304556 0
0.147768 0.289809 0
0.192377 0.262586 0
0.217218 0.243193 0
0.204619 0.254661 0
0.22369 0.230467 0
0.228761 0.233503 0
0.238558 0.222361 0
0.243753 0.236312 0
0.226705 0.193842 0
0.301038 0.0834157 0
0.335072 0.108902 0
0.334072 0.106727 0
0.335019 0.109801 0
0.322632 0.109133 0
0.426005 0.0972372 0
0.420765 0.0926808 0
0.426206 0.0970919 0
0.432434 0.0931311 0
0.4358 0.105911 0
0.501846 0.052956 1
0.525176 0.0529607 1
0.519117 0.0572529 0
0.582242 0.0941465 0
0.597465 0.0601275 0
0.598463 0.0636064 1
0.612135 0.0686937 1
0.588531 0.0853736 0
0.584824 0.0972195 0
0.630801 0.197212 0
0.688236 0.178362 0
0.692116 0.170665 0
0.715077 0.157951 0
0.760169 0.218028 0
0.769068 0.240059 0
0.773062 0.255305 0
0.788321 0.272853 0
0.796659 0.28344 0
0.799983 0.292441 0
0.805648 0.312834 0
0.81662 0.321554 0
0.827688 0.338401 0
0.832481 0.365416 0
0.843129 0.38424 0
0.866304 0.431098 0
0.859755 0.440654 0
0.87245 0.4566 0
0.870368 0.467819 0
0.859828 0.474591 0
0.871932 0.49193 0
0.887295 0.5182 0
0.894838 0.533479 0
0.902475 0.563788 0
0.902944 0.575328 0
0.92306 0.587357 0
0.931829 0.591655 0
0.932613 0.590557 0
0.931654 0.589447 0
0.938725 0.583617 0
0.954879 0.567887 0
0.978998 0.559932 0
0.990148 0.537818 0
0.992455 0.533368 0
0.994104 0.535406 0
0.987746 0.532945 0
0.992418 0.507687 0
0.992927 0.495053 0
0.991627 0.492715 0
0.995216 0.434324 0
0.989199 0.417135 0
1 0.393719 0
0.985852 0.385838 0
0.978425 0.382483 0
0.966143 0.379368 0
0.977196 0.363202 0
0.972639 0.332493 0
0.967284 0.290867 0
0.889523 0.0730218 0
0.880503 0.0910562 0
0.869832 0.0882316 0
0.848049 0.0721376 0
0.816998 0.0630578 0
0.807075 0.0601378 0
0.794187 0.0609041 0
0.77539 0.0560917 0
0.758312 0.0611135 0
0.748833 0.0708677 0
0.737009 0.0657403 0
0.739283 0.0631768 0
0.729324 0.0637753 0
0.687215 0.0391531 0
0.666879 0.0236962 0
0.660488 0.0207911 0
0.650937 0.00927985 0
0.653674 0.00623224 0
0.606765 0.0647568 1
0.608885 0.0606402 0
0.552403 0.0193651 0
0.546844 0.0133775 0
0.536788 0.0181532 0
0.506634 0.0497245 1
0.482367 0.00637125 0
0.459685 0 0
0.45071 0.00322658 0
0.454701 0.0107534 0
0.398195 0.0238969 0
0.369854 0.0932286 0
0.369411 0.0989769 0
0.370602 0.106283 0
0.3393 0.130433 0
0.334295 0.12078 0
0.334048 0.120264 0
0.314517 0.158723 0
0.310273 0.170072 0
0.306405 0.173116 0
0.301747 0.175831 0
0.302759 0.180979 0
0.274986 0.164254 0
0.181897 0.468025 0
0.165005 0.464638 0
0.126685 0.46292 0
0.116723 0.465875 0
0.10758 0.474679 0
0.0952104 0.484209 0
0.0923191 0.496654 0
0.079225 0.508098 0
0.0824756 0.525485 0
0.0699133 0.539316 0
0.0601096 0.572458 0
0.0563375 0.583789 0
0.0415651 0.592681 0
0.033256 0.582354 0
0.040959 0.590606 0
0.0464381 0.597587 0
0.0364197 0.584721 0
0.0234603 0.586535 0
0.0185429 0.581431 0
0.009489 0.576385 0
0.00623102 0.573958 0
0.00453317 0.572697 0
0.00210449 0.57196 0
0.00311672 0.571886 1
0.00421327 0.574434 0
0.00632011 0.564779 0
0.00426277 0.555686 0
0.00591588 0.559624 0
0.00831904 0.577384 0
0.0101183 0.543908 0
0.00615524 0.514405 0
0.0111576 0.470359 0
0.0246465 0.455312 0
0.0312989 0.467788 0
0.0324739 0.451823 0
0.0365943 0.42083 0
0.0524978 0.40412 0
0.0633598 0.312884 0
0.066479 0.355318 0
0.0860757 0.333323 0
0.100362 0.313581 0
0.107967 0.274095 0
0.118366 0.251363 0
0.141982 0.256309 0
0.157825 0.236652 0
0.179465 0.22396 0
0.193074 0.207256 1
0.195916 0.207128 0
0.19773 0.209604 0
0.205736 0.213945 0
0.210318 0.218368 0
0.214547 0.228007 0
0.308304 0.0833166 0
0.330941 0.114491 1
0.333213 0.111786 0
0.321015 0.100346 0
0.390591 0.0846548 1
0.422414 0.0850347 1
0.426487 0.0874267 0
0.433905 0.0993077 0
0.471694 0.126299 0
0.511755 0.0675123 0
0.549606 0.130596 0
0.555936 0.132135 0
0.557975 0.129747 0
0.587768 0.0891229 0
0.575324 0.152986 0
0.667717 0.207523 0
0.686349 0.175921 0
0.695185 0.172181 0
0.703996 0.165704 0
0.70662 0.163556 1
