0.350951 0.0680517 0
0.3928 0.0748011 0
0.398021 0.072001 0
0.401638 0.0748532 0
0.407772 0.0717364 0
0.424875 0.0756923 0
0.43381 0.0778421 0
0.432464 0.0751951 0
0.435936 0.0755947 0
0.434598 0.0768329 0
0.438607 0.0788902 1
0.43753 0.0817506 0
0.438751 0.080267 0
0.437918 0.0828576 0
0.43427 0.0873767 0
0.425198 0.0928334 0
0.469476 0.156623 0
0.48194 0.162989 0
0.495136 0.173149 0
0.514157 0.177717 0
0.524068 0.186318 0
0.541861 0.196423 0
0.559094 0.215186 0
0.554333 0.255523 0
0.544373 0.294838 0
0.544159 0.295118 0
0.544074 0.300483 0
0.540934 0.296008 0
0.541923 0.299352 0
0.543686 0.30091 0
0.54403 0.301129 1
0.546028 0.307963 0
0.550785 0.311621 0
0.55193 0.308427 0
0.55583 0.312497 0
0.553412 0.316558 0
0.559819 0.321044 1
0.565466 0.318717 0
0.560063 0.321865 0
0.559952 0.321941 0
0.561623 0.317809 0
0.566462 0.323725 0
0.566864 0.324781 0
0.566578 0.323983 0
0.571885 0.331708 0
0.589983 0.335666 0
0.59403 0.34582 0
0.607 0.353867 0
0.604343 0.364435 0
0.632631 0.381127 0
0.666964 0.401617 0
0.76062 0.421074 0
0.747699 0.42989 0
0.736424 0.446488 0
0.73759 0.460769 0
0.734466 0.473784 0
0.721548 0.49041 0
0.713682 0.501995 0
0.708421 0.516725 0
0.701662 0.524908 0
0.687191 0.530452 0
0.704014 0.565796 0
0.692711 0.585478 0
0.68262 0.59585 0
0.685514 0.627396 0
0.655142 0.616572 0
0.652848 0.645627 0
0.645593 0.663902 0
0.62857 0.671364 0
0.625917 0.681173 0
0.613648 0.685499 0
0.59462 0.697851 0
0.575941 0.783021 0
0.558193 0.777576 0
0.550001 0.767259 0
0.543867 0.765553 0
0.534135 0.760789 0
0.528784 0.764057 0
0.52093 0.76461 0
0.510987 0.764008 0
0.496162 0.760843 0
0.4829 0.753228 0
0.472962 0.744812 0
0.467878 0.740238 0
0.46106 0.733847 1
0.453736 0.731884 0
0.447132 0.732288 0
0.445846 0.733506 0
0.443657 0.721703 0
0.432147 0.726996 0
0.422032 0.732846 0
0.384477 0.791912 0
0.372751 0.785397 0
0.315089 0.753031 0
0.30201 0.737086 0
0.286812 0.723162 0
0.280162 0.707043 0
0.255487 0.701239 0
0.245109 0.687708 0
0.239534 0.671617 0
0.230143 0.663946 0
0.228495 0.656391 0
0.22419 0.652048 0
0.216589 0.642587 0
0.201961 0.632275 0
0.18035 0.626356 0
0.170818 0.623701 0
0.156803 0.620649 0
0.15694 0.618295 0
0.141203 0.617814 0
0.137631 0.614197 1
0.136706 0.612797 0
0.13855 0.605378 0
0.144138 0.595678 0
0.143699 0.570229 0
0.146308 0.560691 0
0.140092 0.531353 0
0.116788 0.526339 0
0.115116 0.518153 0
0.116102 0.500904 0
0.103658 0.488149 0
0.104919 0.47357 0
0.0975369 0.460261 1
0.0968926 0.443788 0
0.0938497 0.424948 0
0.0929776 0.408707 0
0.0954565 0.398675 0
0.116081 0.379803 0
0.180182 0.3311 0
0.170218 0.312034 0
0.173493 0.293931 0
0.17567 0.278482 0
0.170698 0.264314 0
0.178445 0.251878 0
0.179943 0.233097 0
0.173616 0.223549 0
0.17245 0.16522 0
0.161851 0.154639 0
0.163176 0.144318 0
0.169904 0.139151 0
0.17433 0.139184 0
0.171301 0.140269 0
0.184262 0.129968 0
0.185622 0.123397 0
0.191419 0.117498 1
0.194267 0.113367 0
0.194855 0.108974 0
0.197587 0.10438 0
0.198146 0.0985239 0
0.201954 0.089592 0
0.207244 0.0961738 0
0.214427 0.100277 0
0.210658 0.0904471 0
0.233414 0.0361911 0
0.296544 0.00362982 0
0.327677 0.0189008 0
0.34884 0.0202874 0
0.375871 0.00730225 0
0.394559 0.0196931 0
0.416919 0.0267302 0
0.427363 0.0304701 0
0.426448 0.0236011 0
0.432659 0.0394282 0
0.453313 0.107966 0
0.463204 0.113966 0
0.547219 0.0534514 0
0.589517 0.0626844 0
0.60622 0.0747467 0
0.619858 0.0907981 0
0.626294 0.0954879 0
0.633122 0.110349 1
0.631269 0.109242 0
0.661532 0.0708773 0
0.702874 0.0515099 0
0.735612 0.0609085 0
0.885396 0.110948 0
0.889506 0.139682 0
0.89559 0.143876 0
0.896437 0.146131 0
0.896363 0.146436 0
0.896035 0.146067 0
0.896523 0.146517 0
0.896474 0.146566 1
0.908077 0.142719 0
0.921592 0.1356 0
0.940507 0.134314 0
0.953405 0.14553 0
0.973485 0.147668 0
0.988674 0.148153 0
0.994628 0.171287 0
0.991009 0.195795 0
1 0.212568 0
0.945854 0.36372 0
0.882162 0.385249 0
0.865312 0.398692 0
0.853469 0.418224 0
0.839921 0.436395 0
0.826851 0.43931 0
0.818321 0.445292 0
0.812679 0.45365 0
0.805987 0.458974 1
0.810668 0.483412 0
0.814772 0.5038 0
0.808625 0.532991 0
0.799397 0.551896 0
0.775499 0.571304 0
0.762818 0.593519 0
0.76302 0.616779 0
0.752153 0.634549 0
0.739793 0.654555 0
0.71751 0.662889 1
0.708272 0.679217 0
0.698224 0.692765 0
0.688166 0.703401 0
0.67707 0.72215 0
0.662739 0.724922 0
0.65113 0.740996 0
0.637278 0.750489 0
0.620169 0.750326 1
0.616117 0.750187 0
0.605913 0.757299 0
0.594639 0.753889 0
0.586697 0.753361 0
0.579711 0.750939 0
0.566096 0.748724 0
0.553955 0.746454 0
0.549002 0.74663 0
0.542797 0.749588 0
0.5262 0.749552 0
0.413811 0.770046 0
0.410795 0.746237 0
0.402618 0.733948 0
0.375359 0.749024 0
0.360039 0.743746 0
0.345056 0.736996 0
0.324706 0.728112 0
0.320724 0.712348 0
0.315017 0.697587 0
0.306791 0.688564 0
0.29907 0.673678 0
0.290821 0.664023 1
0.282216 0.659254 0
0.277824 0.651142 0
0.272172 0.642986 0
0.258581 0.644117 0
0.247766 0.643061 0
0.22334 0.6619 0
0.185292 0.690912 0
0.0917011 0.626475 0
0.0994731 0.61637 0
0.100568 0.615525 0
0.100851 0.615634 0
0.100191 0.614905 1
0.0961004 0.614493 0
0.0856058 0.610566 0
0.0776646 0.606634 0
0.0642919 0.592028 0
0.0492247 0.582243 0
0.030838 0.571452 0
0.0342613 0.5529 0
0.0245764 0.543176 0
0.0106372 0.523277 0
0 0.51204 0
0.0120778 0.454423 0
0.0922165 0.380854 0
0.0947433 0.361809 0
0.0919191 0.353194 0
0.099311 0.335727 0
0.10571 0.321625 0
0.103073 0.310608 0
0.106459 0.301157 1
0.106799 0.299492 0
0.106229 0.297924 0
0.107196 0.296988 0
0.106849 0.298368 0
0.104037 0.285826 0
0.182208 0.240527 0
0.189409 0.217751 0
0.183998 0.183617 0
0.171141 0.157391 0
0.166232 0.141713 0
0.172678 0.137838 0
0.176454 0.134044 0
0.179774 0.127981 0
0.185572 0.126869 0
0.191616 0.12339 0
0.197756 0.113659 0
0.20161 0.106398 0
0.205339 0.0964049 0
0.20783 0.0928874 0
0.210681 0.0840698 0
0.216898 0.083018 0
0.221044 0.0225347 0
0.237022 0.0175419 0
0.224173 0.063118 0
0.270465 0.0023134 0
0.283464 0.00405005 0
0.300674 0.0038281 0
0.328435 0 0
0.445285 0.0355645 0
0.453666 0.0688746 0
0.451934 0.0747331 0
0.452072 0.0748895 0
0.452453 0.0739858 0
0.452031 0.0749312 1
0.461084 0.071178 0
0.474496 0.0746182 0
0.485425 0.076109 0
0.498468 0.0818328 0
0.514917 0.0835789 0
0.523085 0.104778 0
0.535108 0.123002 0
0.546412 0.134709 0
0.676121 0.100399 0
0.68944 0.156191 0
0.715388 0.283001 0
0.708541 0.286847 0
0.711982 0.283166 0
0.711881 0.286373 0
0.710985 0.292338 0
0.71132 0.300487 0
0.712707 0.302936 0
0.710378 0.297749 0
0.71232 0.305291 0
0.713064 0.311794 0
0.714146 0.3139 0
0.711609 0.309418 0
0.715249 0.317338 0
0.717094 0.324584 0
0.720023 0.333508 0
0.719705 0.34037 1
0.719073 0.349567 0
0.718652 0.358016 0
0.717272 0.374141 0
0.709958 0.386168 0
0.713722 0.397473 0
0.705978 0.414328 0
0.709533 0.429324 0
0.706179 0.444412 1
0.704718 0.450994 0
0.70367 0.458441 0
0.707185 0.472432 0
0.699555 0.480579 0
0.694311 0.491837 0
0.686481 0.497465 0
0.685693 0.508967 0
0.680328 0.523559 0
0.674714 0.533869 0
0.662542 0.540495 0
0.654219 0.539843 0
0.656928 0.565028 0
0.648897 0.572821 0
0.640169 0.575659 0
0.63063 0.579601 0
0.626071 0.585394 0
0.623427 0.570156 0
0.613657 0.688322 0
0.610266 0.698222 0
0.596187 0.717646 0
0.58586 0.734951 0
0.576234 0.743726 0
0.562352 0.752721 0
0.54273 0.755409 0
0.532895 0.756113 0
0.518079 0.754607 0
0.499156 0.753835 0
0.476784 0.749564 0
0.450827 0.758438 0
0.441605 0.755901 0
0.42586 0.749967 0
0.407102 0.732259 0
0.402463 0.723008 0
0.39667 0.714428 0
0.389092 0.705719 0
0.386607 0.702922 0
0.384602 0.703027 0
0.381501 0.692882 1
0.373636 0.689669 0
0.364711 0.683748 0
0.364075 0.675795 0
0.367284 0.670366 0
0.359596 0.664159 0
0.35008 0.646085 0
0.343739 0.631336 0
0.337979 0.619819 0
0.337237 0.601323 0
0.326515 0.588092 0
0.32724 0.56021 0
0.334773 0.535578 0
0.335627 0.497359 0
0.341362 0.472248 0
0.349722 0.468551 0
0.351093 0.464303 0
0.350243 0.458463 0
0.350756 0.457633 0
0.350512 0.45773 0
0.350859 0.457091 1
0.342195 0.458971 0
0.344176 0.460958 0
0.343655 0.462783 0
0.333726 0.464448 0
0.32145 0.458214 0
0.314751 0.454182 0
0.312996 0.45293 0
0.306562 0.45657 0
0.275674 0.435672 0
0.233467 0.419755 0
0.204312 0.405413 0
0.182184 0.390322 0
0.180702 0.371451 0
0.178564 0.357629 0
0.180397 0.34122 0
0.179321 0.32087 0
0.189715 0.303409 0
0.173693 0.275354 0
0.0978405 0.239144 0
0.107398 0.236784 0
0.110648 0.232055 0
0.113236 0.229505 0
0.117424 0.228232 0
0.117482 0.224453 1
0.116713 0.218729 0
0.120834 0.211601 0
0.121088 0.200597 0
0.121309 0.193576 0
0.12599 0.179694 0
0.132316 0.171505 0
0.13593 0.171795 0
0.132452 0.160227 0
0.109268 0.0738093 0
0.118055 0.0439264 0
0.143386 0.023446 0
0.23619 0.0743282 0
0.252651 0.0850738 0
0.256955 0.0867611 0
0.261879 0.0867091 0
0.26365 0.0849413 0
0.267525 0.0867869 0
0.267268 0.0854227 0
0.26905 0.0851907 0
0.274147 0.0861249 1
0.278036 0.0857303 0
0.282626 0.0828828 0
0.286882 0.0852865 0
0.291405 0.0846427 0
0.294032 0.0850251 0
0.294542 0.0843602 0
0.317354 0.0904734 0
0.464158 0.0116857 0
0.479188 0.0940778 0
0.49416 0.0950104 0
0.50057 0.100664 0
0.526223 0.109213 0
0.541237 0.113254 0
0.621872 0.132014 0
0.635502 0.121662 0
0.634811 0.116887 1
0.640467 0.123948 0
0.64371 0.134439 0
0.65178 0.144397 0
0.660545 0.144471 0
0.773137 0.141993 0
0.817417 0.153648 0
0.842845 0.164712 0
0.831474 0.164962 0
0.849398 0.168721 0
0.858417 0.182606 0
0.861468 0.188008 0
0.862113 0.193452 0
0.862061 0.196244 0
0.861915 0.198079 1
0.857824 0.205108 0
0.858122 0.213287 0
0.860367 0.225447 0
0.868149 0.231418 0
0.864795 0.240911 0
0.861503 0.249222 0
0.85974 0.256713 0
0.863705 0.267637 1
0.863009 0.290806 0
0.860706 0.307792 0
0.869615 0.325718 0
0.856584 0.345272 0
0.85897 0.361824 0
0.845359 0.378848 0
0.850037 0.3935 0
0.833354 0.413591 0
0.782379 0.430749 0
0.781834 0.441756 0
0.758591 0.45938 0
0.60932 0.450268 0
0.594539 0.45308 0
0.588229 0.460502 0
0.589062 0.459824 0
0.582784 0.463438 0
0.583805 0.464692 0
0.577107 0.468004 0
0.568546 0.471615 0
0.5709 0.469977 0
0.568987 0.471009 0
0.567641 0.471648 0
0.566943 0.472809 0
0.562248 0.472771 1
0.564352 0.477095 0
0.562396 0.483439 0
0.561245 0.484942 0
0.562852 0.492026 0
0.558848 0.484542 0
0.552965 0.487105 0
0.55656 0.500154 0
0.55664 0.494486 0
0.552173 0.492818 0
0.550998 0.518035 0
0.564561 0.520797 0
0.607846 0.689929 0
0.597385 0.702036 0
0.589088 0.697508 0
0.567744 0.696023 0
0.55935 0.690496 0
0.565702 0.67866 0
0.54876 0.675833 0
0.548737 0.667838 0
0.536842 0.663724 0
0.523494 0.662506 0
0.493254 0.668329 0
0.495059 0.659213 0
0.486907 0.652912 0
0.482809 0.646164 0
0.468156 0.644129 0
0.459337 0.638361 0
0.47375 0.628612 0
0.472917 0.619246 0
0.468954 0.613697 0
0.473258 0.60256 0
0.469436 0.597642 1
0.469436 0.597642 0
0.469436 0.597642 0
0.469436 0.597642 0
0.469436 0.597642 0
0.469436 0.597642 0
0.469436 0.597642 0
0.469436 0.597642 0
0.469436 0.597642 0
0.469436 0.597642 0
0.469436 0.597643 0
0.469433 0.597638 0
0.469425 0.597667 0
0.469967 0.597795 0
0.464907 0.592786 0
0.4442 0.562895 0
0.45002 0.413051 0
0.450425 0.425863 0
0.454127 0.418974 0
0.452048 0.418697 0
0.452664 0.415599 0
0.450744 0.412756 0
0.451541 0.4072 0
0.451569 0.401569 0
0.45343 0.402232 0
0.45387 0.39906 0
0.454106 0.396521 0
0.454123 0.393539 0
0.454314 0.394875 1
0.456223 0.395069 0
0.454327 0.393752 0
0.45489 0.393246 0
0.452495 0.391886 0
0.450826 0.391346 0
0.449826 0.388328 0
0.45364 0.389774 0
0.45041 0.386104 0
0.453146 0.387682 0
0.454987 0.388055 1
0.454987 0.388055 0
0.454987 0.388055 0
0.454987 0.388055 0
0.454987 0.388055 0
0.454987 0.388055 0
0.454987 0.388055 0
0.454987 0.388055 0
0.454987 0.388055 0
0.454987 0.388055 0
0.454987 0.388054 0
0.454984 0.388053 0
0.454997 0.388019 0
0.454998 0.388004 0
0.455037 0.387866 0
0.455028 0.387905 0
0.454997 0.388043 0
0.455118 0.387584 0
0.455084 0.387544 0
0.455197 0.387095 0
0.455134 0.387301 0
0.455169 0.387166 0
0.455229 0.386941 0
0.455016 0.386661 0
0.456066 0.380777 0
0.458818 0.39694 0
