0.426826 0.683325 0
0.426795 0.68332 0
0.4268 0.683319 0
0.4268 0.68332 0
0.426799 0.68332 0
0.426796 0.68332 0
0.426794 0.683319 0
0.426794 0.683319 0
0.426795 0.683319 0
0.426796 0.683319 0
0.426798 0.683319 0
0.426797 0.683319 0
0.426797 0.683319 0
0.4268 0.68332 0
0.426803 0.683321 0
0.426803 0.683321 0
0.426803 0.683321 0
0.426805 0.683321 0
0.426806 0.683321 0
0.426807 0.683321 0
0.426808 0.683322 0
0.426809 0.683322 0
0.42681 0.683322 0
0.426811 0.683323 0
0.426815 0.683323 0
0.426817 0.683324 0
0.426817 0.683324 0
0.426817 0.683324 0
0.426818 0.683324 0
0.426815 0.683324 0
0.426823 0.683325 1
0.426825 0.683324 0
0.426827 0.683328 0
0.42683 0.683327 0
0.426832 0.683326 0
0.426834 0.683326 0
0.426836 0.683327 0
0.426838 0.683326 0
0.426831 0.683337 0
0.426837 0.683327 0
0.426839 0.683327 0
0.426839 0.683327 0
0.426838 0.683327 0
0.426839 0.683324 0
0.42684 0.683325 0
0.426841 0.683324 0
0.426844 0.683322 0
0.426843 0.683329 0
0.426845 0.683332 0
0.426846 0.683331 0
0.426846 0.683332 0
0.426846 0.683333 0
0.426847 0.683335 0
0.426846 0.683336 0
0.426846 0.683337 0
0.426847 0.683337 0
0.426849 0.683335 0
0.42685 0.683332 0
0.42685 0.683331 0
0.426852 0.683328 0
0.426852 0.683332 0
0.426853 0.683326 0
0.426853 0.683326 0
0.426854 0.683326 0
0.426855 0.683326 0
0.426857 0.683323 0
0.426856 0.683348 0
0.426856 0.683331 0
0.426855 0.683332 0
0.426855 0.683333 0
0.426856 0.683332 0
0.426856 0.683331 0
0.426857 0.683332 0
0.426857 0.683332 0
0.426857 0.683334 0
0.426857 0.683334 0
0.426857 0.683333 0
0.426856 0.683334 0
0.426862 0.683341 0
0.426859 0.683335 0
0.426861 0.683337 0
0.426862 0.683336 0
0.426862 0.683337 0
0.426862 0.683337 0
0.426862 0.683337 0
0.426861 0.683336 0
0.426861 0.683336 0
0.426861 0.683335 0
0.426862 0.683334 0
0.426862 0.683335 0
0.426862 0.683335 0
0.426864 0.683334 0
0.426863 0.683334 0
0.426864 0.683334 0
0.426865 0.683334 0
0.426867 0.683335 0
0.426863 0.683334 0
0.426864 0.683334 0
0.426863 0.683334 1
0.426863 0.683334 0
0.426863 0.683334 0
0.426863 0.683334 0
0.426863 0.683334 0
0.426863 0.683334 0
0.426863 0.683334 0
0.426863 0.683334 0
0.426863 0.683334 0
0.426863 0.683334 0
0.426863 0.683334 0
0.426863 0.683334 0
0.426863 0.683334 0
0.426863 0.683334 0
0.426863 0.683334 0
0.426863 0.683334 0
0.426863 0.683334 0
0.426863 0.683334 0
0.426863 0.683334 0
0.426863 0.683334 0
0.426863 0.683334 0
0.426863 0.683334 0
0.426863 0.683334 0
0.426863 0.683334 0
0.426863 0.683337 0
0.426862 0.683337 0
0.426863 0.68334 0
0.426863 0.683338 0
0.426873 0.683354 0
0.426888 0.683385 0
0.426871 0.683356 0
0.426865 0.683344 0
0.426861 0.683338 0
0.426861 0.683338 0
0.426862 0.683338 0
0.426862 0.683338 0
0.426864 0.683339 0
0.426871 0.683346 0
0.426891 0.68339 0
0.426865 0.683341 0
0.426863 0.683336 0
0.426862 0.683336 0
0.426862 0.683335 0
0.426863 0.683335 0
0.426862 0.683336 0
0.426863 0.683334 0
0.426863 0.683334 0
0.426863 0.683334 0
0.426862 0.683334 0
0.426862 0.683335 0
0.426863 0.683334 0
0.426863 0.683334 0
0.426863 0.683334 0
0.426863 0.683334 0
0.426863 0.683334 0
0.426863 0.683334 0
0.426863 0.683334 0
0.426863 0.683334 0
0.426863 0.683334 0
0.426863 0.683334 0
0.426863 0.683334 0
0.426863 0.683334 0
0.426863 0.683334 0
0.426863 0.683334 0
0.426863 0.683334 0
0.426863 0.683334 0
0.426863 0.683334 0
0.426863 0.683334 0
0.426863 0.683334 0
0.426873 0.683345 0
0.426889 0.683374 0
0.426873 0.683345 0
0.426863 0.683335 0
0.426863 0.683334 0
0.426863 0.683334 0
0.426863 0.683334 0
0.426863 0.683334 0
0.426863 0.683334 0
0.426863 0.683334 0
0.426863 0.683334 0
0.426863 0.683334 0
0.426863 0.683334 0
0.426863 0.683334 0
0.426866 0.683337 0
0.42688 0.683341 0
0.426938 0.683482 0
0.427036 0.684109 0
0.426967 0.683544 0
0.426882 0.683372 0
0.426915 0.683405 0
0.426941 0.683526 0
0.427002 0.683833 0
0.427058 0.684297 0
0.42724 0.685322 0
0.427481 0.686776 0
0.427156 0.684939 0
0.427195 0.685304 0
0.427204 0.685536 0
0.427089 0.685035 0
0.427538 0.687319 0
0.4273 0.686159 0
0.426986 0.6838 0
0.427195 0.68556 0
0.42713 0.68495 0
0.427007 0.684045 0
0.426939 0.683507 0
0.426913 0.68346 0
0.426957 0.683643 0
0.426892 0.683358 0
0.426872 0.683346 0
0.426873 0.683359 0
0.426917 0.683441 0
0.426964 0.68356 0
0.427069 0.684566 0
0.427214 0.685616 0
0.427455 0.68666 0
0.427966 0.688995 0
0.426871 0.683406 0
0.427405 0.686618 0
0.427185 0.68524 0
0.427179 0.685372 0
0.427439 0.686512 0
0.427087 0.684324 0
0.427217 0.68481 0
0.427849 0.687682 0
0.427597 0.686113 0
0.427802 0.687008 0
0.427639 0.686351 0
0.427294 0.684984 0
0.427174 0.684679 0
0.42723 0.684896 0
0.427389 0.685449 0
0.427261 0.684887 0
0.427161 0.684525 0
0.427117 0.68432 0
0.427241 0.68471 0
0.427322 0.68509 0
0.427462 0.685598 0
0.428051 0.687343 0
0.428593 0.688022 0
0.432438 0.694106 0
0.666398 0.747172 0
0.678136 0.762795 0
0.68326 0.763237 0
0.683056 0.761175 0
0.689087 0.762468 0
0.690569 0.762257 0
0.691573 0.760545 0
0.693617 0.760493 0
0.692808 0.759628 0
0.690247 0.759235 0
0.69067 0.758935 0
0.69191 0.760245 0
0.69187 0.760699 0
0.693766 0.757813 0
0.692826 0.758527 0
0.694017 0.758857 0
0.694844 0.75778 0
0.696585 0.757265 0
0.696511 0.757297 0
0.69681 0.757096 0
0.696773 0.757176 0
0.697852 0.75706 1
0.699614 0.756174 0
0.701767 0.757221 0
0.706831 0.758553 0
0.711324 0.757544 0
0.716294 0.75896 0
0.728171 0.76164 0
0.729896 0.760934 0
0.738441 0.762433 0
0.744704 0.76608 0
0.751111 0.767532 0
0.755354 0.767819 0
0.762136 0.77004 0
0.769779 0.77143 0
0.775351 0.773087 0
0.780387 0.777454 0
0.786227 0.77915 0
0.791664 0.784439 0
0.796356 0.786048 0
0.800659 0.787118 0
0.806574 0.792342 1
0.813941 0.794963 0
0.82238 0.797972 0
0.830725 0.796722 0
0.838312 0.803635 0
0.844099 0.80573 0
0.848674 0.807425 0
0.852186 0.808757 0
0.857321 0.810732 1
0.860953 0.810678 0
0.866015 0.81304 0
0.868516 0.815297 0
0.873587 0.815302 0
0.87762 0.816729 0
0.880381 0.819524 0
0.888718 0.82159 0
0.895412 0.824534 0
0.900817 0.82727 0
0.906522 0.829477 0
0.910913 0.834091 0
0.914477 0.835844 1
0.917634 0.835591 0
0.920261 0.837428 0
0.924085 0.839528 0
0.927081 0.841166 0
0.930332 0.840621 0
0.934591 0.84291 0
0.936875 0.844805 0
0.941742 0.848705 0
0.946054 0.85125 0
0.950125 0.856188 1
0.955339 0.859433 0
0.960684 0.862791 0
0.965821 0.866029 0
0.971749 0.866479 0
0.977024 0.870214 0
0.981816 0.876311 1
0.983368 0.876838 0
0.986906 0.877759 0
0.989553 0.878916 0
0.992938 0.880723 0
0.996817 0.88074 0
0.997424 0.882764 0
0.997376 0.885431 0
0.998631 0.886633 0
0.998932 0.887405 0
0.999117 0.889176 1
0.999666 0.889795 0
0.999824 0.890496 0
1 0.891806 0
0.999815 0.892477 0
0.998796 0.893283 0
0.998625 0.894417 0
0.997385 0.894539 0
0.996669 0.895047 0
0.995926 0.89499 0
0.995149 0.895251 1
0.993942 0.896066 0
0.992075 0.897008 0
0.990202 0.897742 0
0.988337 0.897694 0
0.985938 0.898297 0
0.984198 0.898047 0
0.982234 0.897356 0
0.982266 0.897583 0
0.981041 0.897678 0
0.980083 0.897688 1
0.97878 0.8989 0
0.973117 0.9015 0
0.967019 0.905329 0
0.964903 0.906541 0
0.956711 0.909017 0
0.949621 0.909525 0
0.948162 0.911548 0
0.942852 0.911903 0
0.938111 0.910521 0
0.92922 0.909522 0
0.926558 0.907665 0
0.924178 0.904688 0
0.926191 0.900119 0
0.921992 0.89793 0
0.92493 0.894395 0
0.925911 0.893787 1
0.925834 0.893764 0
0.925904 0.893796 0
0.925898 0.893794 0
0.925863 0.893811 0
0.925721 0.894244 0
0.921185 0.898004 0
0.916489 0.90219 0
0.907795 0.91019 0
0.892548 0.918054 0
0.881722 0.924291 0
0.868292 0.924837 0
0.858298 0.929611 0
0.843001 0.924741 0
0.829165 0.923156 0
0.809166 0.916893 0
0.795022 0.90254 0
0.783434 0.892462 0
0.775705 0.883266 0
0.768749 0.87555 0
0.764042 0.869723 0
0.760789 0.868705 0
0.757721 0.865372 0
0.757205 0.864446 0
0.75629 0.864037 1
0.741491 0.870194 0
0.707906 0.869514 0
0.679947 0.877218 0
0.662865 0.857206 0
0.642491 0.850763 0
0.626235 0.837697 1
0.610971 0.834264 0
0.601546 0.831301 0
0.583362 0.828928 0
0.571528 0.826476 0
0.554286 0.824034 0
0.539527 0.82189 0
0.529539 0.819751 0
0.513415 0.817609 0
0.500013 0.816785 0
0.488353 0.815456 0
0.479203 0.81277 0
0.463698 0.809626 0
0.454811 0.808084 0
0.442047 0.798078 1
0.436665 0.796916 0
0.431424 0.79955 0
0.429005 0.797469 0
0.41148 0.800586 0
0.39133 0.797322 0
0.380373 0.799698 0
0.368687 0.790799 0
0.360637 0.785965 0
0.356205 0.780192 0
0.353524 0.775103 0
0.347662 0.768866 0
0.337979 0.764341 0
0.329137 0.761023 0
0.321989 0.757402 0
0.314209 0.750298 0
0.30301 0.74846 0
0.281807 0.742799 0
0.283206 0.743281 0
0.281395 0.745022 0
0.274984 0.746204 0
0.269974 0.746286 0
0.270318 0.748047 0
0.272599 0.750972 0
0.264396 0.748531 1
0.267548 0.753785 0
0.265821 0.759145 0
0.261124 0.765097 0
0.250901 0.771922 0
0.240818 0.762467 0
0.234636 0.756166 0
0.232281 0.7392 0
0.230678 0.725394 0
0.228574 0.723582 0
0.224716 0.722433 0
0.222548 0.72087 0
0.219152 0.721626 0
0.215844 0.722427 0
0.214573 0.722547 0
0.214515 0.722516 0
0.214547 0.722494 0
0.213947 0.722379 0
0.211818 0.720241 0
0.210453 0.718413 0
0.208853 0.713753 0
0.207057 0.708645 0
0.197201 0.702766 0
0.195117 0.704309 0
0.194383 0.704586 0
0.194217 0.704424 0
0.194102 0.704295 1
0.192677 0.702333 0
0.191235 0.70018 0
0.189836 0.698039 0
0.188345 0.695601 1
0.188013 0.695104 0
0.187399 0.694401 0
0.185877 0.693641 0
0.185122 0.693314 0
0.184999 0.69344 0
0.185045 0.693313 0
0.187298 0.695073 0
0.1755 0.703305 0
0.126663 0.683326 0
0.123999 0.706485 0
0.113922 0.683497 0
0.116201 0.679366 1
0.115808 0.679426 0
0.115981 0.678776 0
0.114757 0.67971 0
0.114703 0.679314 0
0.112899 0.679666 0
0.114705 0.688383 0
0.0780614 0.734946 0
0 0.730328 0
0.0109268 0.719803 0
0.0102544 0.719641 0
0.00843591 0.716531 0
0.0042344 0.713277 0
0.00427624 0.707438 0
0.00238874 0.696787 0
0.00231925 0.688857 0
0.00690478 0.6794 0
0.0132348 0.67241 0
0.014044 0.66698 0
0.0251775 0.659752 0
0.0253774 0.659785 1
0.0260109 0.659138 0
0.0260084 0.656524 0
0.0269079 0.653079 0
0.0268196 0.649214 0
0.0317735 0.647598 0
0.0367338 0.647229 0
0.0429812 0.672502 0
0.0430976 0.667152 0
0.0450647 0.664645 0
0.0464639 0.664444 0
0.0476558 0.663802 0
0.0486585 0.663894 1
0.0495108 0.663892 0
0.0511246 0.664581 0
0.0713139 0.675206 0
0.0724809 0.671882 0
0.0739258 0.670141 0
0.0755397 0.668933 1
0.0803534 0.669898 0
0.0859429 0.671029 0
0.0928429 0.672482 0
0.103595 0.674913 1
0.101414 0.667315 0
0.137053 0.683114 1
0.156963 0.677778 0
0.158206 0.676131 0
0.16023 0.674507 0
0.164042 0.67178 0
0.173662 0.658907 0
0.189843 0.655459 0
0.260567 0.668686 0
0.272278 0.683934 0
0.278668 0.68795 0
0.281317 0.695024 0
0.281362 0.697105 0
0.268129 0.719821 0
0.266377 0.725961 0
0.260978 0.732638 0
0.259845 0.735616 0
0.25969 0.737501 0
0.259675 0.739014 0
0.259244 0.741057 0
0.259239 0.742428 0
0.259933 0.743651 0
0.260016 0.743868 0
0.259926 0.743898 1
0.259924 0.743895 0
0.259927 0.743897 0
0.259917 0.743895 0
0.259535 0.743711 0
0.259116 0.742907 0
0.257947 0.742406 0
0.257748 0.741451 0
0.257033 0.740251 0
0.256236 0.739944 0
0.255421 0.739495 0
0.25415 0.739176 0
0.253018 0.738449 0
0.250887 0.738215 0
0.248873 0.738459 0
0.247024 0.737616 0
0.244049 0.737313 0
0.242592 0.736304 0
0.239518 0.736386 0
0.237445 0.736157 0
0.23545 0.73263 0
0.231356 0.734463 0
0.229249 0.731075 1
0.225366 0.728903 0
0.221556 0.726715 0
0.218023 0.724637 0
0.214519 0.722521 1
0.211288 0.722293 0
0.209299 0.721714 0
0.205028 0.721435 0
0.203087 0.720245 0
0.201462 0.720002 0
0.199823 0.718427 0
0.198585 0.715572 0
0.198332 0.713813 0
0.197046 0.710624 0
0.195684 0.708156 1
0.195232 0.707984 0
0.19421 0.708675 0
0.193242 0.709894 0
0.186991 0.712676 0
0.185132 0.711564 0
0.179816 0.711943 0
0.177351 0.708571 0
0.174464 0.706844 0
0.16888 0.707215 0
0.171028 0.701401 0
0.152308 0.699282 0
0.144218 0.682047 0
0.140128 0.682987 0
0.139127 0.682599 1
0.127047 0.675015 0
0.126477 0.67327 0
0.120834 0.676547 0
0.119215 0.676846 0
0.120436 0.67611 0
0.1149 0.67696 0
0.111001 0.683063 0
0.0806722 0.73557 0
0.0324392 0.718454 0
0.031357 0.697603 0
0.0299799 0.704912 0
0.0320764 0.67336 0
0.0332205 0.669793 0
0.0333816 0.668942 0
0.0335534 0.668797 0
0.0337143 0.667879 0
0.033791 0.667188 0
0.0335711 0.666205 0
0.0334816 0.665294 0
0.0336321 0.663793 0
0.0343459 0.665747 0
0.0158607 0.659785 0
0.0267323 0.661683 0
0.0274546 0.661667 0
0.0286862 0.660886 0
0.0293249 0.661365 0
0.0311167 0.660828 0
0.0323461 0.660965 0
0.0336584 0.661351 0
0.0353613 0.661481 1
0.036457 0.661876 0
0.037948 0.662093 0
0.0402038 0.661292 0
0.0413113 0.661212 0
0.0423805 0.65973 0
0.0589513 0.665672 0
0.0586566 0.665666 0
0.0589015 0.665553 1
0.0607778 0.665845 0
0.0630219 0.664279 0
0.0668623 0.662586 0
0.0673038 0.66264 0
0.0728376 0.652292 0
0.0803607 0.655182 0
0.0875174 0.656105 0
0.103118 0.658859 0
0.104251 0.645923 0
0.127936 0.650391 0
0.136948 0.683926 0
0.150079 0.664344 0
0.154588 0.676898 0
0.154662 0.676037 1
0.155694 0.675624 0
0.158479 0.672377 0
0.16084 0.650139 0
0.162415 0.646488 0
0.161605 0.643404 0
0.165873 0.641843 0
0.164266 0.639146 0
0.164144 0.636287 0
0.162868 0.632879 0
0.16185 0.628733 0
0.161273 0.625903 0
0.160837 0.622677 0
0.16181 0.619954 0
0.161385 0.616297 0
0.162421 0.613492 0
0.163431 0.610101 1
0.166796 0.607295 0
0.166145 0.60299 0
0.170112 0.598138 0
0.169174 0.594118 0
0.170881 0.587432 0
0.175621 0.581719 0
0.176473 0.578821 0
0.177962 0.572255 0
0.18162 0.567984 0
0.184204 0.563812 0
0.184496 0.56062 0
0.184967 0.556454 1
0.18756 0.551218 0
0.190287 0.546529 0
0.193857 0.538999 0
0.198367 0.530357 0
0.203782 0.520085 0
0.21081 0.513579 0
0.215634 0.506483 0
0.215422 0.49562 0
0.220274 0.483326 0
0.226785 0.471117 0
0.234019 0.465181 0
0.238128 0.457791 1
0.238478 0.448489 0
0.244343 0.443616 0
0.248385 0.435692 0
0.247139 0.426762 0
0.251304 0.414016 0
0.254645 0.404146 0
0.266557 0.397824 0
0.272661 0.384665 0
0.29035 0.370603 0
0.296813 0.361711 1
0.303886 0.35058 0
0.311094 0.344165 0
0.311824 0.331072 0
0.318068 0.32249 0
0.325798 0.316987 0
0.331132 0.309194 1
0.335795 0.302689 0
0.338342 0.298419 0
0.341678 0.294167 0
0.343324 0.291064 0
0.346295 0.286825 0
0.349384 0.282435 1
0.350726 0.277722 0
0.355038 0.27405 0
0.356442 0.264009 0
0.359151 0.255943 0
0.323388 0.200379 0
0.383129 0.218058 0
0.379284 0.213019 0
0.379023 0.21005 0
0.386457 0.20679 0
0.401464 0.191692 0
0.406028 0.193788 0
0.424552 0.177465 0
0.42934 0.175779 0
0.433487 0.171568 1
0.438562 0.165706 0
0.438216 0.152976 0
0.441818 0.145137 0
0.442957 0.136942 0
0.446262 0.127672 0
0.452251 0.120437 0
0.458408 0.118645 0
0.466029 0.111096 0
0.473615 0.108234 0
0.482285 0.106399 0
0.490003 0.0981088 0
0.500379 0.0994435 1
0.506695 0.0973548 0
0.509109 0.0892893 0
0.515279 0.0856409 0
0.519909 0.0858712 0
0.525074 0.0845592 0
0.5301 0.0790275 0
0.534529 0.0747079 0
0.539512 0.0704989 0
0.544268 0.0664919 0
0.548944 0.0592475 0
0.553064 0.0523477 0
0.557653 0.0491506 0
0.565156 0.0409426 0
0.569442 0.0378026 1
0.574368 0.0342487 0
0.576322 0.0292922 0
0.581086 0.0282274 0
0.585836 0.0250153 0
0.590758 0.021876 0
0.594225 0.0193436 0
0.599595 0.0162704 0
0.602798 0.0121667 0
0.607597 0.00950993 0
0.610764 0.0101485 0
0.615725 0.00833256 0
0.618014 0.0072627 1
0.619412 0.00675261 0
0.620532 0.00709394 0
0.622313 0.00641848 0
0.624053 0.00497096 0
0.625928 0.00457186 0
0.629472 0.0028438 0
0.63162 0.00150937 0
0.633579 0 0
0.635996 0.00213907 0
0.636965 0.00367305 0
0.637753 0.00392534 0
0.638023 0.00473579 1
0.638418 0.00459306 0
0.63986 0.00403979 0
0.64043 0.00722528 0
0.641762 0.00919406 0
0.644206 0.0110598 0
0.646545 0.0132565 0
0.64627 0.015362 0
0.645993 0.017174 0
0.644322 0.0181391 0
0.645736 0.019517 0
0.645895 0.0207181 0
0.644919 0.0216441 0
0.6459 0.0222343 0
0.646508 0.0233737 1
0.650298 0.0278577 0
0.652633 0.0333155 0
0.656803 0.0380093 0
0.659025 0.0442831 0
0.662658 0.0487777 0
0.664188 0.0547311 0
0.663997 0.0597514 0
0.66245 0.0643643 0
0.66196 0.0677498 0
0.662704 0.0672042 0
0.661852 0.0686171 0
0.658413 0.072917 0
0.656075 0.0713624 0
0.653711 0.0748935 0
0.653689 0.0762005 0
0.651595 0.083059 0
0.649744 0.0879655 0
0.645447 0.0892516 0
0.644069 0.0944407 0
0.638007 0.100054 0
0.63787 0.10409 0
0.635611 0.107779 0
0.632899 0.109902 0
0.631978 0.113821 1
0.633076 0.123218 0
0.634152 0.122721 0
0.636026 0.131328 0
0.635944 0.138175 0
0.635302 0.147958 0
0.636899 0.153604 0
0.636425 0.160803 0
0.637044 0.166738 0
0.633214 0.175655 0
0.630578 0.18133 0
0.629026 0.18713 0
0.625087 0.192459 0
0.622315 0.195311 0
0.618712 0.196045 0
0.615357 0.19958 0
0.609987 0.203254 0
0.608979 0.204767 0
0.602953 0.207773 1
0.602911 0.20838 0
0.598487 0.215088 0
0.593576 0.234407 0
0.587527 0.251551 0
0.584893 0.255848 0
0.583285 0.263618 0
0.581784 0.270208 0
0.578179 0.276889 0
0.574928 0.279226 0
0.57428 0.284449 0
0.570888 0.290693 0
0.571439 0.296656 1
0.572668 0.297685 0
0.572345 0.296793 0
0.57473 0.294048 0
0.571663 0.299395 0
0.580716 0.289261 0
0.593559 0.273139 0
0.599811 0.263626 0
0.603502 0.26068 0
0.607109 0.260515 0
0.61038 0.260017 0
0.596977 0.251216 0
0.500791 0.607923 0
0.436139 0.623354 0
0.439674 0.62406 0
0.433321 0.655119 0
0.436626 0.628523 0
0.431929 0.651625 0
0.434552 0.639912 0
0.430375 0.657964 0
0.433604 0.659194 0
0.431617 0.658176 0
0.438903 0.634709 0
0.432631 0.659404 0
0.434005 0.659527 0
0.433916 0.660033 0
0.434301 0.660257 0
0.434349 0.66078 0
0.434434 0.660549 0
0.434664 0.660648 0
0.434731 0.660637 0
0.435048 0.660533 0
0.436066 0.661056 0
0.430092 0.65679 0
0.435908 0.661297 0
0.435293 0.66045 0
0.435211 0.660686 0
0.435403 0.660784 0
0.435488 0.660677 0
0.435613 0.66065 0
0.435731 0.660418 0
0.435714 0.662099 0
0.432909 0.650921 0
0.433094 0.650669 0
0.43376 0.649366 0
0.434597 0.660209 0
0.435954 0.660132 0
0.435862 0.660236 0
0.435955 0.660171 1
0.436953 0.649653 0
0.438043 0.650224 0
0.439044 0.652076 0
0.439086 0.652248 0
0.439103 0.6524 0
0.439095 0.652475 0
0.439035 0.652166 0
0.439132 0.652719 0
0.439152 0.65294 0
0.43913 0.652703 0
0.439154 0.652994 0
0.439123 0.652729 0
0.439149 0.653017 0
0.439209 0.653171 0
0.439187 0.653251 0
0.439192 0.653278 0
0.439194 0.653272 0
0.439207 0.653206 0
0.439176 0.653112 0
0.439156 0.652469 0
0.439141 0.652442 0
0.439194 0.653284 1
0.439241 0.653542 0
0.439561 0.653637 0
0.439446 0.653947 0
0.439783 0.65409 0
0.438779 0.654317 0
0.438832 0.65456 0
0.438609 0.654856 0
0.438806 0.655071 0
0.438929 0.655474 0
0.4388 0.655698 0
0.438574 0.655969 0
0.43849 0.656205 0
0.438431 0.656459 0
0.43817 0.656759 0
0.438238 0.656945 0
0.438161 0.657233 0
0.437918 0.657416 0
0.437833 0.657665 1
0.437833 0.657665 0
0.437833 0.657665 0
0.437833 0.657665 0
0.437833 0.657665 0
0.437833 0.657665 0
0.437833 0.657665 0
0.437833 0.657665 0
0.437833 0.657665 0
0.437833 0.657665 0
0.437832 0.657665 0
0.437829 0.65766 0
0.437877 0.657671 0
0.437705 0.657893 0
0.439889 0.657204 0
0.438808 0.669758 0
0.43861 0.670008 0
0.438088 0.670058 0
0.437034 0.669982 0
0.436282 0.669861 0
0.435859 0.669989 0
0.435488 0.670046 0
0.434879 0.67013 0
0.43458 0.670192 0
0.434117 0.670226 0
0.434128 0.670508 0
0.43383 0.670596 0
0.434025 0.670878 0
0.433802 0.670983 0
0.433148 0.670926 0
0.433481 0.671242 0
0.432943 0.671208 0
0.432478 0.671371 0
0.432401 0.671556 0
0.432323 0.67179 0
0.431823 0.671827 0
0.431806 0.67254 0
0.429065 0.671959 0
0.429823 0.67211 0
0.429941 0.672372 0
0.430394 0.672802 0
0.430473 0.672902 0
0.431262 0.673953 0
0.430636 0.673589 0
0.430543 0.673738 0
0.430594 0.673745 0
0.430559 0.673843 0
0.430953 0.674292 0
0.430569 0.6743 0
0.430725 0.674472 0
0.43018 0.674163 0
0.430427 0.674693 0
0.430285 0.674806 0
0.430474 0.675119 0
0.430415 0.6753 1
0.430325 0.675541 0
0.429934 0.675942 0
0.430492 0.676693 0
0.429718 0.676859 0
0.429882 0.677695 0
0.430087 0.678019 0
0.429988 0.678422 0
0.429076 0.678884 0
0.42918 0.67932 0
0.428859 0.679775 0
0.428622 0.680096 0
0.42858 0.680523 0
0.428357 0.680926 0
0.428059 0.681102 0
0.428225 0.681258 0
0.427648 0.681725 0
0.427972 0.681664 0
0.427805 0.681958 0
0.427701 0.682089 0
0.427659 0.682212 0
0.427403 0.682489 0
0.42729 0.682541 0
0.427215 0.682725 0
0.427167 0.682734 0
0.427092 0.682842 0
0.427055 0.682914 0
0.426954 0.682922 0
0.426957 0.682971 0
0.42696 0.682974 0
0.426971 0.682915 0
0.426969 0.682883 0
0.426963 0.682967 0
0.426969 0.682957 0
0.42701 0.682934 0
0.42698 0.682958 0
0.426966 0.682985 1
0.42697 0.682981 0
0.426971 0.682957 0
0.426974 0.682922 0
0.426992 0.682804 0
0.4271 0.682499 0
0.42709 0.682428 0
0.427165 0.682143 0
0.427191 0.682094 0
0.427188 0.681878 0
0.427399 0.681546 0
0.427388 0.681532 0
0.427477 0.681462 0
0.427423 0.681399 0
0.427496 0.681407 0
0.427474 0.681302 0
0.427572 0.681302 0
0.427559 0.681265 0
0.427502 0.681308 0
0.427581 0.681344 0
0.427573 0.681364 0
0.426969 0.682974 0
0.426981 0.682923 0
0.426985 0.682908 0
0.427011 0.682803 0
0.42696 0.68292 0
0.427674 0.681355 0
0.42742 0.681904 0
0.426982 0.682868 0
0.427112 0.682524 0
0.426822 0.683302 0
