0.311408 0.480141 0
0.313407 0.478029 0
0.313657 0.477804 0
0.313665 0.477552 0
0.314148 0.477808 0
0.314189 0.477937 0
0.313558 0.477765 0
0.314362 0.477758 0
0.315583 0.478086 0
0.31594 0.478618 0
0.315676 0.478396 0
0.315049 0.477818 0
0.314073 0.477359 0
0.313936 0.477154 0
0.314709 0.477177 0
0.314027 0.477361 0
0.314511 0.477394 0
0.314234 0.477225 0
0.313427 0.477455 0
0.313331 0.477573 0
0.313487 0.477814 0
0.313416 0.478048 0
0.313062 0.478138 0
0.313141 0.4779 0
0.311385 0.47758 0
0.311164 0.478028 0
0.311123 0.477943 0
0.311613 0.47832 0
0.311924 0.478515 0
0.311641 0.478829 0
0.311706 0.479012 0
0.311547 0.478614 0
0.311412 0.480054 0
0.311415 0.479913 0
0.311389 0.479691 0
0.311413 0.480141 0
0.311414 0.480142 0
0.311414 0.480142 0
0.311414 0.480142 0
0.311414 0.480142 0
0.311414 0.480142 0
0.311414 0.480142 0
0.311414 0.480142 0
0.311414 0.480142 0
0.311414 0.480142 0
0.311414 0.480142 0
0.311414 0.480142 0
0.311414 0.480142 0
0.311414 0.480142 0
0.311414 0.480142 0
0.311414 0.480142 1
0.311084 0.480142 0
0.310777 0.480279 0
0.310832 0.480142 0
0.311374 0.480142 0
0.310979 0.480168 0
0.310921 0.480257 0
0.310224 0.48038 0
0.310426 0.480183 0
0.311084 0.480142 0
0.310525 0.480142 0
0.311412 0.480142 0
0.30946 0.480439 0
0.308773 0.480895 0
0.311378 0.480142 0
0.310089 0.480383 0
0.309554 0.480345 0
0.310325 0.480279 0
0.309785 0.480462 0
0.309896 0.480543 0
0.309428 0.481832 0
0.308642 0.482698 0
0.309667 0.482377 0
0.309297 0.483265 0
0.309028 0.483949 0
0.307583 0.486786 0
0.313848 0.483598 0
0.307707 0.487123 0
0.307978 0.488998 0
0.315332 0.482507 0
0.316944 0.482077 0
0.317423 0.47679 0
0.321889 0.484366 0
0.323691 0.484916 0
0.323881 0.485223 0
0.325095 0.485999 0
0.326284 0.481318 0
0.32729 0.484041 0
0.327677 0.483204 0
0.328121 0.484495 0
0.327972 0.48317 0
0.328625 0.484262 0
0.329236 0.484546 0
0.330789 0.485164 0
0.331795 0.485081 0
0.33211 0.486032 0
0.332328 0.485912 0
0.332174 0.484574 0
0.332432 0.485615 0
0.332831 0.484462 0
0.332187 0.483669 0
0.332203 0.483517 0
0.332592 0.483926 0
0.33234 0.485304 0
0.334493 0.485345 0
0.334148 0.485244 0
0.334 0.485143 0
0.334207 0.485392 0
0.334269 0.4852 0
0.334217 0.485316 0
0.33464 0.485054 0
0.336197 0.485846 0
0.334209 0.485391 1
0.341974 0.488263 0
0.341749 0.491579 0
0.344689 0.496615 0
0.351918 0.493574 0
0.347157 0.502341 0
0.355916 0.499346 0
0.370352 0.494267 0
0.375438 0.493476 0
0.370601 0.500369 0
0.36834 0.50827 0
0.378281 0.505739 0
0.380934 0.506914 0
0.400642 0.505114 0
0.404753 0.51008 0
0.410165 0.50943 0
0.413949 0.510602 0
0.418232 0.512944 0
0.421078 0.514812 0
0.426635 0.517251 0
0.429564 0.520339 0
0.434569 0.525594 0
0.447286 0.525296 0
0.454124 0.526735 0
0.474545 0.529516 0
0.490086 0.531196 0
0.491839 0.535383 0
0.510395 0.542055 0
0.516787 0.544788 0
0.534875 0.54988 0
0.546632 0.548977 0
0.556589 0.548782 0
0.561476 0.552174 0
0.563456 0.553819 0
0.563886 0.553531 0
0.568866 0.556477 0
0.57295 0.560075 0
0.574312 0.559828 0
0.577005 0.561557 0
0.578057 0.559045 0
0.579674 0.558069 0
0.582248 0.556771 0
0.584772 0.558642 0
0.590241 0.555936 0
0.595232 0.556505 0
0.595478 0.55584 0
0.593692 0.554683 0
0.596038 0.553742 0
0.59829 0.553859 0
0.602546 0.554533 0
0.603691 0.554608 0
0.60681 0.555677 0
0.608318 0.554923 1
0.612243 0.552379 0
0.615974 0.550831 0
0.620196 0.552792 0
0.625164 0.558758 0
0.627978 0.559869 0
0.633556 0.562412 0
0.637639 0.562364 0
0.642852 0.565766 0
0.650035 0.565221 0
0.654002 0.56957 0
0.660756 0.568792 0
0.664879 0.573118 0
0.669672 0.575395 0
0.678805 0.576085 0
0.685719 0.574678 0
0.692646 0.574192 0
0.697517 0.576723 0
0.702094 0.583538 0
0.707668 0.588269 0
0.713061 0.587203 1
0.716727 0.58717 0
0.720917 0.586299 0
0.726119 0.588014 0
0.733706 0.592121 0
0.739221 0.594645 0
0.74164 0.599564 0
0.74635 0.598896 0
0.749444 0.602558 0
0.755777 0.604858 0
0.758733 0.6066 0
0.769933 0.604746 0
0.771089 0.608181 0
0.77726 0.614039 0
0.778566 0.613917 0
0.788637 0.616679 0
0.793045 0.618302 0
0.800816 0.621271 0
0.801841 0.623605 0
0.805291 0.624352 0
0.810549 0.624573 1
0.817997 0.624549 0
0.823145 0.62478 0
0.828142 0.629107 0
0.836142 0.628906 0
0.84204 0.633034 0
0.848073 0.635985 0
0.854027 0.64135 0
0.859149 0.643951 0
0.868689 0.648999 0
0.872224 0.651704 0
0.877653 0.656142 0
0.879842 0.658445 1
0.882224 0.65761 0
0.885521 0.658979 0
0.891402 0.656823 0
0.894733 0.656342 0
0.90255 0.658872 0
0.90874 0.660984 0
0.912941 0.662241 0
0.918346 0.666909 0
0.924198 0.670226 0
0.92555 0.674129 0
0.929959 0.6774 0
0.934557 0.683685 0
0.936203 0.690814 0
0.940905 0.697192 1
0.945092 0.697857 0
0.947764 0.701199 0
0.951052 0.704 0
0.955774 0.703651 0
0.960002 0.707623 0
0.963256 0.710313 0
0.96374 0.715066 0
0.967051 0.717746 0
0.972003 0.720639 0
0.972202 0.72524 1
0.975763 0.726506 0
0.977399 0.728789 0
0.980264 0.730017 0
0.983791 0.731735 0
0.984802 0.733887 0
0.988245 0.73491 0
0.992103 0.737122 0
0.990105 0.739307 0
0.996213 0.74205 0
1 0.744605 0
0.993849 0.745847 0
0.990276 0.747428 0
0.985965 0.74885 0
0.985865 0.750731 0
0.984322 0.752091 0
0.981471 0.752934 0
0.981064 0.754528 0
0.978329 0.755 0
0.977964 0.756468 0
0.976411 0.757181 1
0.974705 0.759584 0
0.972918 0.760572 0
0.970928 0.76245 0
0.968463 0.764485 0
0.965847 0.768248 0
0.963095 0.770344 0
0.960061 0.772359 0
0.956709 0.773648 0
0.953429 0.775155 0
0.94927 0.775971 0
0.947144 0.777736 0
0.942598 0.777808 0
0.940252 0.780545 0
0.936132 0.782604 1
0.934315 0.784626 0
0.931747 0.785048 0
0.930773 0.786829 0
0.927715 0.788342 0
0.926352 0.789437 0
0.924909 0.789929 1
0.923979 0.791368 0
0.922269 0.793084 0
0.921108 0.79561 0
0.918481 0.798997 0
0.91432 0.802069 0
0.91005 0.805148 0
0.90324 0.807695 0
0.899202 0.810141 0
0.895181 0.811083 0
0.887732 0.809002 0
0.885205 0.811801 0
0.880861 0.810421 0
0.875916 0.806886 0
0.868924 0.799937 1
0.860444 0.801179 0
0.850456 0.806285 0
0.840907 0.812251 0
0.829456 0.817083 0
0.817375 0.823495 0
0.814926 0.819482 0
0.803661 0.830218 0
0.794297 0.833053 0
0.766547 0.846337 0
0.75542 0.854272 0
0.75014 0.847798 0
0.731577 0.852501 0
0.723845 0.844449 0
0.715902 0.839799 0
0.704131 0.838033 0
0.69861 0.830006 0
0.689811 0.827506 0
0.681824 0.817737 1
0.671061 0.818532 0
0.662837 0.814765 0
0.654439 0.814912 0
0.63772 0.820872 0
0.627877 0.815775 0
0.614768 0.817053 0
0.601335 0.822892 0
0.58762 0.829614 0
0.573093 0.830314 0
0.559952 0.834876 0
0.543008 0.841163 0
0.537531 0.836111 0
0.52521 0.841881 0
0.511197 0.839382 0
0.499935 0.840168 0
0.489499 0.844915 0
0.48424 0.844014 0
0.471405 0.844951 0
0.460579 0.839799 0
0.453638 0.839758 0
0.446215 0.835808 0
0.435836 0.835592 0
0.433499 0.831217 0
0.418327 0.831713 1
0.408788 0.823696 0
0.400584 0.8203 0
0.392246 0.817223 0
0.386262 0.812716 0
0.380658 0.806324 0
0.373084 0.80619 0
0.367183 0.800344 0
0.359374 0.798783 0
0.352457 0.79012 0
0.346443 0.788751 0
0.338866 0.786386 0
0.326674 0.784665 0
0.322024 0.784237 0
0.312099 0.783459 0
0.302479 0.79582 0
0.28637 0.805987 0
0.2634 0.816939 0
0.250448 0.829702 0
0.223476 0.835658 0
0.204483 0.8417 0
0.199724 0.846677 0
0.179224 0.846066 0
0.163619 0.845064 0
0.154485 0.844054 0
0.14641 0.843041 0
0.140905 0.836543 1
0.139808 0.846732 0
0.138927 0.85438 0
0.133977 0.857971 0
0.132346 0.867347 0
0.0959988 0.850912 0
0.0902018 0.848589 0
0.0852623 0.842933 0
0.0826542 0.840539 0
0.079799 0.838379 0
0.0785856 0.837501 1
0.0766953 0.838897 0
0.0760697 0.839715 0
0.0751397 0.840575 0
0.0738626 0.840951 0
0.0718417 0.841508 0
0.0706819 0.841136 0
0.0701025 0.845591 0
0.045598 0.848853 0
0.0425139 0.844855 0
0.0403631 0.841241 0
0.0385172 0.838136 0
0.037404 0.836424 0
0.037148 0.836399 0
0.0369767 0.836131 1
0.0365609 0.836076 0
0.0360487 0.83616 0
0.0345005 0.836588 0
0.0321091 0.839711 0
0.0273664 0.842505 0
0.0249095 0.843464 0
0.0176879 0.845969 0
0.0142485 0.846054 0
0.0150523 0.843816 0
0.0108081 0.842457 0
0.00957335 0.840246 0
0.00743011 0.838478 0
0.00517692 0.836877 0
0.00630892 0.8354 0
0.00680793 0.833331 0
0.00775344 0.831547 0
0.00886127 0.83048 0
0.0103531 0.829646 1
0.0108512 0.828884 0
0.0114457 0.828448 0
0.0121226 0.8279 0
0.0127902 0.827432 0
0.0135276 0.826953 0
0.00591751 0.822087 0
0.010143 0.822556 0
0 0.815952 0
0.00242023 0.813077 0
0.00521114 0.809131 0
0.00843573 0.809594 0
0.00626359 0.799358 0
0.00487267 0.790646 0
0.0342134 0.815212 0
0.0370859 0.817779 0
0.0376464 0.818254 0
0.0380879 0.818445 0
0.0383179 0.818194 1
0.038571 0.818133 0
0.038253 0.816035 0
0.0442435 0.793879 0
0.054551 0.807735 0
0.0572109 0.809228 0
0.0585217 0.802332 0
0.0622959 0.807991 0
0.0630897 0.807059 0
0.0651905 0.805262 0
0.0670555 0.804258 0
0.0696504 0.808567 0
0.0800158 0.812453 0
0.0810937 0.812826 0
0.0805309 0.813056 0
0.0820026 0.812578 0
0.0834703 0.812448 0
0.0841585 0.812609 0
0.0848894 0.81337 0
0.0853108 0.813543 0
0.085189 0.813845 0
0.0865489 0.814059 0
0.0865469 0.814097 1
0.0882148 0.8137 0
0.0904983 0.813127 0
0.0930187 0.812931 0
0.0955939 0.812838 0
0.0993263 0.811498 0
0.100883 0.813385 0
0.104184 0.813837 0
0.108285 0.81477 0
0.112617 0.816949 0
0.115592 0.817989 0
0.119647 0.821736 0
0.122415 0.824 1
0.124979 0.82359 0
0.126975 0.823671 0
0.129092 0.823587 0
0.131439 0.823807 0
0.133854 0.824387 0
0.135164 0.824497 0
0.136897 0.825349 0
0.139162 0.82607 0
0.140354 0.828957 0
0.141009 0.830895 1
0.141081 0.830885 0
0.141012 0.831007 0
0.141756 0.830769 0
0.141853 0.830834 0
0.143457 0.829968 0
0.144613 0.829915 0
0.145787 0.829838 0
0.147835 0.828861 0
0.149237 0.828627 0
0.150073 0.829927 0
0.156672 0.829626 0
0.16612 0.831386 0
0.164419 0.835028 0
0.146557 0.835316 0
0.14414 0.835583 0
0.136944 0.835798 0
0.129077 0.83779 0
0.128202 0.840959 0
0.12564 0.844404 0
0.122776 0.848295 0
0.118504 0.85149 0
0.108082 0.849293 0
0.098516 0.848765 0
0.0930794 0.845867 0
0.0882621 0.843868 0
0.086516 0.843758 0
0.0833675 0.841524 0
0.068854 0.836734 0
0.0650821 0.839819 0
0.0630273 0.838884 0
0.0615755 0.839772 0
0.0598043 0.839047 0
0.057751 0.838744 0
0.0567661 0.838524 0
0.0543814 0.837368 0
0.0533598 0.837342 0
0.0517593 0.836523 0
0.0506416 0.835033 1
0.0501434 0.83473 0
0.0493705 0.833842 0
0.0483817 0.833934 0
0.0470058 0.8331 0
0.034325 0.831176 0
0.0316424 0.832891 0
0.0317742 0.832294 0
0.0314896 0.831615 0
0.0313905 0.831481 0
0.0312348 0.831102 1
0.0301051 0.830954 0
0.0302801 0.83024 0
0.0286176 0.830309 0
0.0291883 0.829501 0
0.0293647 0.828925 0
0.0281054 0.82801 0
0.0284281 0.827449 0
0.0288649 0.826784 0
0.0286324 0.826037 0
0.0286263 0.825333 0
0.0298067 0.82529 0
0.0301641 0.824983 1
0.0301676 0.824732 0
0.0306621 0.824224 0
0.0311526 0.824014 0
0.0315953 0.823965 1
0.0321256 0.823618 0
0.0327869 0.823194 0
0.0338914 0.822772 0
0.0346759 0.822282 0
0.0353698 0.821931 0
0.0359479 0.821326 1
0.0361166 0.821282 0
0.0362467 0.821739 0
0.0431469 0.817565 0
0.0432362 0.816631 0
0.0440637 0.817093 0
0.0441514 0.816916 1
0.045213 0.81636 0
0.0466422 0.815726 0
0.0489553 0.813466 0
0.0510078 0.812272 0
0.0541487 0.809964 0
0.0552438 0.81057 0
0.0567487 0.809993 0
0.0580165 0.809152 0
0.0605273 0.809667 0
0.0606512 0.809643 1
0.0621594 0.808946 0
0.0633875 0.807925 0
0.0649466 0.8078 0
0.0677595 0.805639 0
0.0686752 0.805718 0
0.0687165 0.804991 0
0.0726362 0.803194 0
0.0740278 0.803199 0
0.0756642 0.802799 0
0.0781914 0.802193 1
0.0785286 0.802174 0
0.0792334 0.80228 0
0.0803429 0.801625 0
0.0857665 0.798198 0
0.0882225 0.797359 0
0.0892684 0.79046 0
0.0949391 0.752532 0
0.101646 0.750247 0
0.101543 0.742238 0
0.107869 0.744948 0
0.106847 0.735642 0
0.110704 0.729937 0
0.11052 0.727282 0
0.121537 0.729742 0
0.120604 0.724543 0
0.121605 0.719247 0
0.128545 0.719171 0
0.128637 0.713893 0
0.129404 0.709375 0
0.135238 0.708825 1
0.152309 0.698219 0
0.161455 0.68357 0
0.162644 0.669055 0
0.164676 0.663346 0
0.170533 0.648109 0
0.173424 0.639386 0
0.17179 0.632056 0
0.169425 0.637823 0
0.170029 0.619069 0
0.172884 0.604397 0
0.168628 0.598646 0
0.176051 0.595549 0
0.171643 0.591427 0
0.175108 0.58126 1
0.173446 0.579595 0
0.171403 0.578945 0
0.167513 0.578882 0
0.150749 0.553576 0
0.139231 0.538908 0
0.142757 0.519056 0
0.136349 0.509528 0
0.155752 0.459836 0
0.187675 0.409409 0
0.218495 0.387858 0
0.232028 0.373363 0
0.239035 0.365544 0
0.248375 0.355985 0
0.250885 0.347223 1
0.24699 0.326747 0
0.244516 0.306999 0
0.24361 0.289997 0
0.242986 0.274737 0
0.249145 0.26053 0
0.254485 0.246428 0
0.268479 0.232721 0
0.27424 0.221202 0
0.282061 0.210713 0
0.294701 0.208635 0
0.298957 0.200744 0
0.304661 0.183497 1
0.306792 0.180044 0
0.31048 0.172111 0
0.31432 0.164512 0
0.317311 0.160042 0
0.324957 0.145536 0
0.332841 0.144229 0
0.320101 0.10437 0
0.316321 0.102278 0
0.313776 0.0721742 0
0.315531 0.0636075 0
0.311883 0.0545906 0
0.331211 0.0505496 0
0.336923 0.0429675 0
0.342741 0.0341993 0
0.359365 0.0340688 0
0.358202 0.0222737 1
0.36561 9.13141e-10 0
0.36561 8.99663e-10 1
0.36561 7.03828e-10 0
0.36561 1.85844e-09 0
0.36561 2.05672e-09 0
0.36561 2.05362e-09 0
0.36561 2.04846e-09 0
0.36561 2.06307e-09 0
0.36561 2.14923e-09 0
0.36561 1.7541e-09 0
0.36561 1.46861e-09 0
0.36561 1.28067e-09 0
0.36561 1.18598e-09 0
0.36561 1.2758e-09 0
0.36561 1.27344e-09 0
0.36561 9.29062e-10 0
0.36561 9.15722e-10 0
0.36561 9.74686e-10 0
0.36561 9.92825e-10 0
0.36561 9.39779e-10 0
0.36561 8.70326e-10 0
0.36561 8.09709e-10 0
0.36561 7.42205e-10 0
0.36561 6.71819e-10 0
0.36561 5.89935e-10 0
0.36561 5.12597e-10 0
0.36561 4.65422e-10 0
0.36561 4.33922e-10 0
0.36561 3.89971e-10 0
0.36561 3.61953e-10 0
0.36561 3.21635e-10 0
0.36561 2.97836e-10 0
0.36561 2.7133e-10 0
0.36561 2.26418e-10 0
0.36561 1.98183e-10 0
0.36561 1.78763e-10 0
0.36561 1.49352e-10 0
0.36561 1.21975e-10 0
0.36561 9.69949e-11 0
0.36561 7.48463e-11 0
0.36561 5.66535e-11 0
0.36561 4.25271e-11 0
0.36561 3.0824e-11 0
0.36561 2.07129e-11 0
0.36561 1.22536e-11 0
0.36561 5.95637e-12 0
0.36561 2.79429e-12 0
0.36561 6.98751e-13 0
0.36561 0 0
0.36561 7.75859e-13 0
0.36561 3.11662e-12 0
0.36561 9.07768e-12 0
0.36561 9.51861e-12 0
0.36561 1.82235e-11 0
0.36561 3.12218e-11 0
0.36561 3.87413e-11 0
0.36561 5.49129e-11 0
0.36561 7.63613e-11 0
0.36561 1.00188e-10 0
0.36561 1.26734e-10 0
0.36561 1.40939e-10 0
0.36561 1.86901e-10 0
0.36561 2.17069e-10 0
0.36561 2.45404e-10 0
0.36561 2.71885e-10 0
0.36561 2.9714e-10 0
0.36561 3.09684e-10 0
0.36561 3.42448e-10 0
0.36561 3.5653e-10 0
0.36561 3.95043e-10 0
0.36561 4.70958e-10 0
0.36561 5.54505e-10 0
0.36561 6.32494e-10 0
0.36561 7.05399e-10 0
0.36561 7.73679e-10 0
0.36561 8.44052e-10 0
0.36561 9.07474e-10 0
0.36561 9.20508e-10 0
0.36561 9.21516e-10 0
0.36561 9.18676e-10 0
0.36561 9.26137e-10 0
0.36561 9.28695e-10 0
