0.11445 0.648546 0
0.146946 0.671937 0
0.151089 0.691735 0
0.168015 0.698025 0
0.188237 0.709088 0
0.200945 0.715551 0
0.212906 0.729071 1
0.215826 0.741465 0
0.22661 0.757696 0
0.226592 0.796166 0
0.255857 0.803932 0
0.265925 0.826368 0
0.313036 0.847659 0
0.377415 0.840162 0
0.403263 0.855568 0
0.44622 0.862393 0
0.482685 0.888973 0
0.509558 0.889432 0
0.530476 0.875604 0
0.710134 0.890039 0
0.724428 0.887163 0
0.726744 0.912161 0
0.740545 0.922308 0
0.764192 0.927121 0
0.785942 0.928252 0
0.794965 0.927023 0
0.812708 0.914272 0
0.814642 0.889102 0
0.819033 0.879061 0
0.824367 0.85837 0
0.830058 0.825346 0
0.818391 0.7944 0
0.805043 0.738895 0
0.803449 0.71063 0
0.803834 0.684544 0
0.789041 0.661976 0
0.783871 0.637744 0
0.789213 0.630508 0
0.788473 0.620874 0
0.788997 0.609286 0
0.786916 0.594147 1
0.797913 0.587318 0
0.811435 0.571492 0
0.831645 0.554111 0
0.845534 0.537333 0
0.87185 0.511273 0
0.881555 0.493641 0
0.906895 0.468012 0
0.931895 0.44723 0
0.943733 0.42679 0
0.970175 0.399454 0
0.990046 0.373544 0
1 0.347535 0
0.994017 0.337642 0
0.993043 0.309348 0
0.933217 0.293057 0
0.909476 0.273631 0
0.889249 0.261433 0
0.86665 0.251564 0
0.839915 0.243214 0
0.826414 0.224889 0
0.790137 0.215737 0
0.778445 0.200403 1
0.781046 0.190932 0
0.783344 0.176105 0
0.791602 0.16432 0
0.795805 0.149665 0
0.807936 0.106363 0
0.799773 0.0840254 0
0.788523 0.0584635 0
0.768191 0.0269335 0
0.774358 0.00753952 0
0.509597 0.0240185 0
0.504227 0.0216236 0
0.501443 0.0214333 0
0.49639 0.0201481 0
0.495134 0.0146268 0
0.487563 0.0141956 0
0.489713 0.0148092 0
0.489398 0.0196771 0
0.487375 0.0196966 1
0.473597 0.00975853 0
0.432624 0.041503 0
0.387208 0.0607077 0
0.347475 0.0777016 0
0.290441 0.074218 0
0.272426 0.0932149 0
0.237402 0.115432 0
0.211013 0.134563 0
0.158998 0.162282 0
0.136447 0.193189 0
0.112803 0.223975 0
0.0970214 0.252562 0
0.084605 0.274493 0
0.08419 0.298176 0
0.0649109 0.315797 0
0.0687993 0.349877 1
0.0584942 0.382833 0
0.0643009 0.399806 0
0.048927 0.436024 0
0.0761891 0.442069 0
0.0871934 0.471957 0
0.110884 0.494727 0
0.149159 0.522697 0
0.155077 0.555229 0
0.16657 0.573215 0
0.138058 0.61521 0
0.118028 0.656084 0
0.13305 0.672242 0
0.143245 0.686934 0
0.161663 0.691867 0
0.182112 0.690194 0
0.208285 0.702093 0
0.234524 0.758643 0
0.255126 0.762418 0
0.259985 0.779128 0
0.26808 0.801011 0
0.318515 0.875402 0
0.479747 0.845303 0
0.536124 0.814766 0
0.558221 0.817602 0
0.571052 0.835782 0
0.591357 0.849966 0
0.61046 0.865445 0
0.631435 0.877242 1
0.633978 0.88864 0
0.641022 0.898432 0
0.646861 0.900986 0
0.649864 0.907989 0
0.650329 0.901611 0
0.663363 0.898988 0
0.671027 0.899699 0
0.676262 0.901048 0
0.680887 0.905686 0
0.690404 0.903765 0
0.703444 0.899242 0
0.712587 0.887479 0
0.712115 0.876073 0
0.716673 0.848826 0
0.709326 0.826407 0
0.717314 0.803399 0
0.713296 0.766982 0
0.715784 0.733677 0
0.709847 0.702714 0
0.721548 0.687203 0
0.714885 0.647173 0
0.715475 0.610376 0
0.721562 0.582891 0
0.77606 0.537905 0
0.803144 0.529021 0
0.835703 0.51341 0
0.861021 0.491768 0
0.890669 0.476805 0
0.87907 0.455329 0
0.871478 0.451979 0
0.860939 0.436158 0
0.920816 0.421783 0
0.923294 0.396201 0
0.920485 0.384968 0
0.944955 0.368866 0
0.952259 0.350166 0
0.943814 0.336159 0
0.923292 0.32174 0
0.901529 0.314973 0
0.885049 0.30091 0
0.842274 0.296541 0
0.814938 0.290632 0
0.808013 0.277433 0
0.786768 0.273542 0
0.763822 0.265375 0
0.750871 0.257508 0
0.73149 0.198905 0
0.732571 0.18931 0
0.72884 0.181074 0
0.729748 0.175665 1
0.712255 0.165131 0
0.705426 0.150276 0
0.677723 0.116048 0
0.668526 0.0951185 0
0.656102 0.0782168 0
0.635884 0.0637382 0
0.605876 0.0552036 0
0.57712 0.035218 1
0.57397 0.0261554 0
0.567349 0.0224046 0
0.569543 0.0152579 0
0.567874 0.0172231 0
0.564469 0.0115295 0
0.556753 0.00651662 0
0.552299 0 0
0.536984 0.0235743 0
0.548226 0.00546071 0
0.546934 0.0214136 0
0.45839 0.060562 0
0.404868 0.0793124 0
0.344421 0.0754872 0
0.31601 0.102353 0
0.271132 0.126956 0
0.242805 0.143564 0
0.209587 0.155428 0
0.1981 0.175384 1
0.188284 0.20356 0
0.162147 0.23131 0
0.15482 0.262992 0
0.153086 0.284661 0
0.139071 0.310469 0
0.0203489 0.378739 0
0.00321098 0.398016 0
0.0117603 0.430618 0
0.0194662 0.446011 0
0 0.460911 0
0.0328022 0.478542 0
0.0201622 0.508585 0
0.0289573 0.526784 0
0.0484465 0.5352 0
0.0461213 0.557177 0
0.0558742 0.577344 1
0.0644131 0.592214 0
0.0741896 0.605989 0
0.0800063 0.611269 0
0.0943743 0.628346 0
0.100526 0.647613 0
0.124789 0.657976 0
0.144114 0.670214 0
0.166999 0.675743 0
0.315025 0.657881 0
0.310074 0.699199 0
0.32597 0.735855 0
0.339646 0.744683 0
0.347845 0.763978 0
0.356624 0.773377 1
0.374624 0.782176 0
0.39159 0.803565 0
0.412347 0.814598 0
0.444112 0.816171 0
0.462748 0.820964 0
0.487344 0.821491 0
0.513356 0.824699 0
0.543993 0.835373 0
0.569019 0.83859 0
0.592551 0.827476 0
0.601494 0.82544 0
0.590879 0.854314 0
0.610092 0.852341 0
0.632442 0.841076 0
0.647927 0.827515 0
0.66161 0.827459 0
0.655267 0.821472 0
0.671057 0.811978 0
0.686131 0.804725 0
0.694414 0.78555 0
0.702648 0.761775 0
0.735462 0.736075 0
0.694715 0.695826 0
0.674696 0.666246 0
0.676582 0.613882 0
0.67933 0.608971 0
0.688203 0.578544 0
0.692096 0.57876 0
0.69885 0.541247 0
0.704327 0.549087 0
0.706558 0.525624 0
0.714416 0.51409 1
0.726412 0.507148 0
0.738027 0.497804 0
0.743107 0.484738 0
0.745582 0.472835 0
0.727343 0.456362 0
0.854661 0.444925 0
0.886071 0.422104 0
0.872307 0.408086 0
0.864831 0.398657 0
0.865059 0.383082 0
0.866146 0.363516 0
0.870147 0.350439 1
0.866713 0.340072 0
0.861129 0.334804 0
0.860174 0.323961 0
0.844059 0.319602 0
0.84473 0.306036 0
0.754896 0.308895 0
0.760246 0.285378 0
0.748658 0.276413 0
0.728282 0.277945 0
0.717595 0.265184 0
0.710891 0.251351 0
0.723252 0.241608 1
0.72323 0.241569 0
0.723155 0.241489 0
0.723596 0.240946 0
0.720463 0.236417 0
0.725038 0.223044 0
0.639558 0.142937 0
