0.220486 0.435487 1
0.220576 0.432623 0
0.221109 0.433516 0
0.222148 0.436984 0
0.221248 0.444151 0
0.221442 0.433973 0
0.220593 0.442293 0
0.220465 0.44092 0
0.21911 0.436184 0
0.218807 0.435988 0
0.219371 0.439382 0
0.219159 0.438399 0
0.218949 0.437904 0
0.219515 0.436114 0
0.219912 0.433051 0
0.220177 0.430737 0
0.220682 0.429208 0
0.220553 0.429184 0
0.220217 0.429209 0
0.219964 0.429051 0
0.219736 0.427542 0
0.220515 0.422011 0
0.221231 0.419622 0
0.22135 0.419765 0
0.221349 0.420218 0
0.221385 0.420975 0
0.221186 0.422953 0
0.220427 0.424578 0
0.221344 0.423822 0
0.220261 0.426525 0
0.221005 0.427057 0
0.220999 0.42794 0
0.220991 0.429277 0
0.221001 0.43005 0
0.221363 0.43099 0
0.222192 0.43198 0
0.223348 0.432892 0
0.223688 0.434203 0
0.224156 0.4353 0
0.22461 0.437257 0
0.225403 0.438943 0
0.226274 0.4403 0
0.226788 0.442804 0
0.471875 0.785255 0
0.225586 0.499004 0
0.227632 0.47031 0
0.230057 0.462993 0
0.232 0.461391 0
0.234481 0.462017 0
0.237301 0.462807 0
0.239711 0.462599 0
0.242838 0.464041 0
0.246818 0.466599 0
0.250616 0.470278 0
0.254334 0.474269 0
0.257042 0.477008 0
0.260845 0.480846 0
0.264684 0.490378 0
0.268936 0.49582 0
0.272634 0.500494 0
0.275668 0.507096 0
0.277467 0.513104 0
0.277151 0.518758 0
0.274357 0.524184 0
0.270884 0.527823 0
0.266817 0.530439 0
0.262263 0.532436 0
0.256839 0.533751 0
0.251122 0.533903 0
0.244791 0.532639 0
0.237816 0.531285 0
0.230517 0.530757 0
0.223711 0.530664 0
0.217198 0.530268 0
0.211984 0.530828 0
0.205707 0.531651 0
0.200587 0.53585 0
0.196299 0.539691 0
0.193072 0.54441 0
0.191002 0.551087 0
0.189679 0.554672 0
0.188443 0.565188 0
0.190421 0.591316 0
0.191986 0.609882 0
0.192545 0.615143 0
0.193775 0.619879 0
0.194757 0.627235 0
0.19574 0.632253 0
0.197565 0.636687 0
0.199106 0.641702 0
0.201364 0.649506 0
0.205088 0.66134 0
0.210377 0.671212 0
0.218415 0.684536 0
0.231492 0.704228 0
0.242699 0.720165 0
0.270479 0.749796 0
0.291438 0.769917 0
0.323603 0.793972 0
0.344949 0.807145 0
0.348938 0.810366 0
0.346543 0.811764 0
0.34498 0.814654 0
0.36661 0.828375 0
0.403127 0.845146 0
0.453471 0.861014 0
0.498388 0.870218 0
0.54487 0.873985 0
0.596047 0.871878 0
0.634528 0.867196 0
0.678522 0.856093 0
0.722936 0.838925 0
0.776303 0.807829 0
0.828714 0.762601 1
0.868547 0.715153 0
0.896455 0.671087 0
0.913186 0.64026 0
0.920632 0.628546 0
0.933845 0.596074 0
0.949192 0.520796 0
0.952788 0.483726 1
0.954889 0.464747 0
0.957212 0.454975 0
0.959727 0.450795 0
0.96267 0.450239 0
0.96593 0.45157 0
0.969002 0.455431 0
0.972154 0.461018 0
0.97401 0.464137 0
0.977956 0.473792 0
0.980471 0.479246 0
0.982657 0.483587 0
0.984476 0.487782 0
0.986428 0.492473 0
0.988827 0.499812 0
0.991165 0.508767 0
0.993562 0.518652 0
0.995987 0.528695 0
0.998102 0.538888 0
0.999614 0.551548 0
1 0.569138 0
0.999277 0.59127 0
0.996118 0.615923 0
0.991333 0.641831 0
0.980544 0.680125 0
0.961734 0.726242 0
0.938357 0.769812 1
0.902003 0.821371 0
0.849907 0.875363 0
0.78273 0.925463 0
0.693387 0.969204 1
0.600662 0.993921 0
0.530808 1 0
0.481437 0.998876 0
0.415377 0.990298 0
0.359128 0.975615 0
0.319403 0.961257 0
0.280587 0.943312 0
0.250285 0.926691 0
0.220628 0.908171 0
0.195265 0.889965 0
0.161956 0.862661 0
0.130994 0.832818 0
0.12211 0.82422 0
0.114076 0.81659 0
0.0922405 0.7896 0
0.0258454 0.658871 0
0 0.450984 0
0.0235417 0.656921 1
0.0693694 0.226314 0
0.242087 0.046468 0
0.257372 0.0366891 0
0.215517 0.0627 0
0.186248 0.0859956 0
0.106286 0.167372 0
0.0470404 0.261576 0
0.0435844 0.267488 0
0.0312423 0.29693 0
0.0216999 0.322065 0
0.0197859 0.327952 0
0.0223592 0.321744 0
0.0268165 0.311407 0
0.0489368 0.259798 0
0.0836104 0.199147 0
0.121084 0.149558 0
0.154425 0.114083 0
0.178495 0.0922837 0
0.196193 0.0781676 0
0.214465 0.064954 0
0.231629 0.0536387 0
0.245896 0.0452585 0
0.254857 0.041099 0
0.264826 0.0364853 0
0.273422 0.033317 0
0.281764 0.0309502 0
0.294456 0.0261666 0
0.301602 0.0247193 0
0.31437 0.0202223 0
0.325446 0.0165831 0
0.335653 0.0126979 1
0.340531 0.0120367 0
0.347352 0.0111908 0
0.35671 0.0093484 0
0.379335 0.00563548 0
0.394569 0.00419482 0
0.407897 0.00290744 0
0.415164 0.00153452 0
0.427364 0 0
0.446541 0.00166503 0
0.47024 0.00280473 0
0.496029 0.00417228 0
0.524817 0.00712732 0
0.551825 0.0101102 0
0.577899 0.0145163 0
0.595706 0.0168416 0
0.620514 0.0234047 0
0.644527 0.0307923 0
0.671215 0.0410065 0
0.697187 0.0530678 0
0.716326 0.0633691 0
0.736002 0.0748117 0
0.750372 0.0842902 0
0.783438 0.109909 0
0.80859 0.132839 0
0.818591 0.143008 0
0.851169 0.180054 0
0.881181 0.22083 0
0.905126 0.261617 0
0.922169 0.297013 0
0.935205 0.331299 1
0.947175 0.372224 1
0.959722 0.452803 1
0.940218 0.620194 0
0.915635 0.677082 1
0.949675 0.560817 0
0.94887 0.555378 0
0.948179 0.539511 0
0.946484 0.537527 0
0.943864 0.532969 0
0.942152 0.531721 0
0.940211 0.532941 1
0.93972 0.534529 0
0.172468 0.269792 0
0.944494 0.554559 1
0.104902 0.293826 0
0.097867 0.298599 0
0.0965157 0.298844 0
0.0943162 0.302122 0
0.0932441 0.306656 0
0.0916703 0.312181 0
0.0869633 0.312739 0
0.0854258 0.320109 0
0.0835673 0.32485 0
0.106206 0.402774 0
0.105715 0.41018 0
0.106176 0.418387 0
0.10754 0.427624 0
0.107586 0.435145 0
0.107955 0.441035 0
0.108666 0.448545 0
0.108086 0.455974 0
0.107562 0.464281 0
0.107516 0.470281 0
0.107542 0.477208 0
0.107478 0.483899 0
0.107848 0.494449 0
0.113358 0.555147 0
0.120715 0.589523 0
0.116172 0.556023 0
0.147581 0.657744 0
0.15259 0.669458 0
0.130602 0.615031 0
0.119415 0.57045 0
0.116966 0.556598 0
0.116532 0.552613 0
0.116894 0.554257 0
0.117273 0.558774 0
0.118394 0.562215 0
0.120968 0.567421 0
0.124047 0.575222 0
0.125681 0.581169 0
0.127621 0.586776 0
0.130414 0.592465 0
0.131444 0.595519 0
0.13128 0.59473 0
0.133229 0.599446 0
0.135143 0.603426 0
0.139626 0.610764 0
0.144294 0.621534 0
0.144454 0.624109 0
0.144725 0.625057 0
0.145638 0.62673 0
0.146573 0.629491 0
0.147907 0.632953 0
0.148075 0.632606 0
0.152363 0.638694 0
0.153889 0.641338 0
0.15484 0.642651 0
0.15575 0.644153 0
0.15656 0.644575 0
0.158186 0.646033 0
0.159806 0.647124 0
0.161876 0.648786 0
0.16094 0.645499 0
0.1609 0.644666 0
0.160451 0.641037 0
0.161781 0.64487 0
0.167466 0.658192 0
0.169503 0.659793 0
0.169393 0.65848 0
0.168725 0.654478 0
0.169233 0.652317 0
0.168596 0.649817 0
0.170541 0.65346 0
0.171928 0.653293 0
0.171105 0.650122 0
0.166969 0.641159 0
0.168584 0.643204 0
0.170994 0.646849 0
0.173347 0.649348 0
0.173486 0.648674 0
0.173294 0.647658 0
0.177358 0.653286 0
0.179738 0.656888 0
0.168475 0.630379 0
0.182843 0.661424 0
0.184052 0.662175 0
0.182699 0.657951 0
0.167451 0.619956 0
0.164258 0.610452 0
0.161047 0.598314 0
0.159492 0.589996 0
0.159487 0.591026 0
0.179436 0.649053 0
0.177177 0.64342 0
0.175636 0.640523 0
0.144655 0.507162 0
0.221094 0.262705 0
0.235503 0.245089 0
0.232582 0.248937 0
0.229599 0.252821 0
0.217835 0.269548 0
0.215784 0.272568 0
0.20872 0.282644 0
0.203652 0.29156 0
0.196897 0.302845 0
0.188912 0.31562 0
0.178302 0.335964 0
0.172194 0.351676 0
0.168156 0.363219 0
0.161011 0.38298 0
0.154259 0.406403 0
0.148805 0.431733 0
0.144247 0.459731 0
0.142043 0.492084 0
0.188303 0.674489 1
0.673133 0.845264 0
0.616891 0.865122 0
0.642456 0.859394 0
0.681523 0.847314 0
0.714442 0.831482 0
0.732042 0.82358 0
0.732548 0.822821 0
0.738539 0.821663 0
0.743161 0.82308 0
0.739791 0.823253 0
0.741994 0.824634 0
0.74525 0.825785 0
0.748536 0.82653 0
0.751229 0.827356 0
0.753377 0.827607 0
0.755833 0.828462 0
0.760624 0.828747 0
0.765817 0.828075 0
0.76935 0.827441 0
0.771807 0.828292 0
0.776632 0.826945 0
0.787971 0.821268 0
0.802424 0.81256 0
0.811648 0.806806 0
0.832803 0.791364 0
0.847692 0.778824 1
0.867235 0.758261 0
0.891277 0.728556 0
0.907782 0.704683 1
0.967271 0.351157 0
0.975485 0.429146 0
0.974216 0.438726 0
0.972832 0.423986 0
0.973769 0.423371 0
0.973301 0.421199 0
0.971191 0.409372 0
0.970804 0.396908 0
0.969867 0.389904 0
0.966882 0.382861 0
0.965707 0.379829 0
0.96467 0.376109 0
0.962691 0.371411 0
0.960405 0.364712 0
0.958488 0.357513 1
0.956839 0.355579 0
0.955205 0.356874 0
0.954352 0.359902 0
0.953245 0.360723 0
0.953011 0.36501 0
0.953192 0.372176 0
0.954586 0.383823 0
0.953938 0.387598 0
0.952889 0.390059 1
0.953747 0.391778 0
0.95523 0.389268 0
0.956713 0.407635 0
0.955622 0.449436 1
0.952774 0.474134 1
0.951339 0.486178 1
0.948943 0.502708 0
0.944775 0.512375 0
0.943265 0.522843 0
0.94293 0.529032 1
0.940563 0.552544 1
0.93822 0.565821 0
0.935261 0.571195 0
0.932194 0.579016 0
0.929786 0.589997 0
0.928908 0.593537 0
0.924682 0.600421 0
0.918893 0.611947 0
0.914815 0.625214 0
0.910069 0.633596 0
0.903127 0.645139 0
0.89428 0.669758 0
0.882565 0.685183 0
0.828336 0.779602 0
0.816877 0.782931 0
0.727553 0.84361 0
0.677806 0.864492 0
0.886437 0.668309 0
0.866599 0.701253 0
0.848829 0.72599 0
0.842631 0.730305 0
0.825597 0.748206 0
0.815446 0.759137 0
0.813842 0.760834 0
0.822604 0.749127 0
0.832835 0.733781 0
0.843845 0.716664 0
0.849223 0.707141 0
0.853398 0.696804 0
0.857941 0.684847 0
0.862339 0.672118 0
0.864665 0.665728 0
0.865919 0.660554 0
0.87025 0.649508 0
0.875246 0.629897 0
0.879083 0.606338 0
0.879771 0.592584 0
0.873594 0.601915 0
0.879786 0.5625 0
0.881162 0.528644 0
0.878615 0.508043 0
0.876017 0.480122 0
0.874405 0.473015 0
0.875441 0.476089 0
0.871707 0.463873 0
0.870685 0.452256 0
0.869693 0.444535 0
0.866372 0.424162 0
0.815049 0.300424 0
0.518287 0.147493 0
0.365305 0.188608 0
0.36626 0.18755 0
0.357768 0.195124 0
0.378077 0.187872 0
0.414667 0.175049 0
0.487984 0.159061 0
0.558772 0.159134 0
0.6376 0.176458 0
0.714432 0.219046 0
0.759619 0.259273 0
0.788158 0.29342 0
0.804773 0.319585 0
0.811852 0.337764 0
0.816224 0.351446 0
0.82117 0.365807 0
0.831809 0.396665 0
0.829851 0.390107 0
0.828283 0.391462 0
0.802864 0.336385 0
0.372816 0.211899 0
0.766574 0.285686 0
0.800218 0.337008 0
0.805506 0.349841 0
0.810976 0.365269 0
0.816656 0.387833 0
0.816704 0.3929 0
0.816172 0.394302 0
0.814984 0.395494 0
0.813131 0.391853 0
0.812073 0.390101 0
0.811225 0.390799 0
0.810029 0.390593 0
0.808901 0.387466 0
0.80744 0.374344 0
0.802779 0.370157 0
0.802866 0.372189 0
0.79946 0.364466 0
0.799041 0.357654 0
0.79866 0.352702 0
0.796778 0.344952 0
0.795951 0.338437 0
0.796124 0.334713 0
0.79479 0.330724 0
0.792249 0.325301 0
0.794098 0.323212 0
0.789089 0.311885 0
0.789221 0.310262 0
0.786771 0.304903 0
0.782649 0.297741 0
0.777352 0.287908 0
0.773106 0.283507 0
0.767868 0.276138 0
0.763156 0.267181 0
0.758437 0.259018 0
0.751448 0.251751 0
0.74607 0.246019 0
0.7386 0.237949 0
0.730667 0.228561 0
0.726163 0.22259 0
0.720785 0.217611 0
0.714916 0.210947 0
0.709802 0.204523 0
0.704595 0.200143 0
0.696126 0.19385 0
0.688001 0.18726 0
0.681905 0.184912 0
0.676834 0.18192 0
0.665387 0.173984 0
0.663588 0.171788 0
0.665538 0.175795 0
0.661457 0.173304 0
0.65693 0.167521 0
0.652802 0.168377 0
0.647957 0.168108 0
0.645828 0.168067 0
0.640789 0.166495 0
0.633082 0.162962 0
0.627927 0.161181 0
0.624511 0.160446 0
0.618043 0.157669 0
0.61137 0.155142 0
0.607019 0.154404 0
0.603587 0.15489 0
0.601751 0.154546 0
0.598808 0.152866 0
0.594873 0.151579 0
0.591743 0.152028 0
0.588208 0.152252 0
0.58439 0.152648 0
0.579261 0.152863 0
0.577621 0.153469 0
0.574008 0.153075 0
0.571603 0.152866 0
0.570696 0.152866 0
0.573142 0.154093 0
0.745472 0.231927 0
0.456019 0.158643 0
0.471391 0.156687 0
0.471418 0.157497 0
0.468364 0.158168 0
0.464397 0.159057 0
0.462188 0.160009 0
0.46037 0.161144 0
0.458849 0.162899 0
0.45842 0.164205 0
0.456484 0.164851 0
0.454317 0.165463 0
0.45267 0.166631 0
0.45097 0.167377 0
0.44912 0.168494 0
0.446433 0.17004 0
0.443408 0.170802 0
0.441531 0.170968 0
0.43833 0.171678 0
0.433864 0.172386 0
0.430387 0.17278 0
0.426635 0.174084 0
0.417651 0.176406 0
0.190719 0.517909 0
0.188882 0.496228 0
0.188261 0.481726 0
0.188399 0.470457 0
0.188619 0.45633 0
0.18718 0.452339 0
0.185954 0.458772 0
0.184732 0.464464 0
0.184995 0.454367 0
0.185948 0.43924 0
0.187886 0.422049 0
0.188702 0.411761 0
0.19327 0.394459 0
0.192176 0.394701 0
0.193255 0.387704 0
0.19231 0.386474 0
0.194425 0.384179 0
0.196606 0.375856 0
0.193796 0.383684 0
0.199601 0.362911 0
0.223872 0.311723 0
0.244281 0.279277 0
0.230042 0.300465 0
0.354926 0.184657 0
0.350844 0.186986 0
0.35024 0.1863 0
0.350912 0.185283 0
0.354165 0.182769 0
0.35222 0.184524 0
0.351691 0.185404 0
0.351176 0.185352 0
0.350132 0.185042 0
0.349254 0.184813 0
0.348495 0.185128 0
0.348472 0.18514 0
0.348948 0.184712 0
0.349472 0.184146 0
0.349046 0.183 0
0.347607 0.182425 0
0.344311 0.183938 0
0.343554 0.183676 0
0.343865 0.182577 0
0.342876 0.183122 0
0.340186 0.185763 0
0.334831 0.191331 0
0.334513 0.192321 0
0.333413 0.193914 0
0.336337 0.190524 0
0.33638 0.191939 0
0.329873 0.198803 0
0.327355 0.202072 0
0.325705 0.205252 0
0.321404 0.211964 0
0.31902 0.216383 0
0.316352 0.221163 0
0.312389 0.227553 0
0.308449 0.233317 0
0.304951 0.238228 0
0.300509 0.243388 0
0.296237 0.248371 0
0.290952 0.254632 0
0.28406 0.26404 0
0.2772 0.272863 0
0.27016 0.281862 0
0.264151 0.290169 0
0.259641 0.296861 0
0.254632 0.305696 0
0.250947 0.312207 0
0.24798 0.316895 0
0.242677 0.328747 0
0.240561 0.334212 0
0.235965 0.34516 0
0.237081 0.344872 0
0.23689 0.347029 0
0.236189 0.352195 0
0.233303 0.364236 0
0.233439 0.366879 0
0.235214 0.37019 0
0.234665 0.378091 0
0.234158 0.386157 0
0.234663 0.392254 0
0.234952 0.400473 0
0.235045 0.409592 0
0.235209 0.414682 0
0.238513 0.420164 0
0.239808 0.424466 0
0.241925 0.431032 0
0.244321 0.435668 0
0.246192 0.446526 0
0.247191 0.452369 0
0.25052 0.456154 0
0.253997 0.461402 0
0.256712 0.466036 0
0.259583 0.472303 0
0.262842 0.481185 0
0.265695 0.487288 0
0.270632 0.493505 0
0.269458 0.494866 0
0.271997 0.498061 0
0.274828 0.500793 0
0.28211 0.513749 0
0.28978 0.527824 0
0.294816 0.537158 0
0.299182 0.54561 0
0.30027 0.554023 0
0.302624 0.562532 0
0.308422 0.572888 0
0.314664 0.582975 0
0.318925 0.592761 0
0.324418 0.605377 0
0.332205 0.617681 0
0.338098 0.629243 0
0.344048 0.63815 0
0.348374 0.644732 0
0.353345 0.656213 0
0.357137 0.657474 0
0.36282 0.666327 0
0.363228 0.671065 0
0.357563 0.671995 0
0.358648 0.674608 0
0.358493 0.672771 0
0.364257 0.680209 0
0.36978 0.687038 0
0.376577 0.689796 0
0.384553 0.693615 0
0.393004 0.69783 0
0.399799 0.701374 0
0.406419 0.70573 0
0.410336 0.706952 0
0.420017 0.712161 0
0.424821 0.715326 0
0.432136 0.719583 0
0.436764 0.720599 0
0.443921 0.724138 0
0.446942 0.725624 0
0.448719 0.726105 0
0.452978 0.726881 0
0.45902 0.727827 0
0.460607 0.72786 0
0.46802 0.728195 0
0.478201 0.728279 0
0.490622 0.727715 0
0.501434 0.727215 0
0.511951 0.726155 0
0.519016 0.724154 0
0.528963 0.721177 0
0.539162 0.718273 0
0.550033 0.714904 0
0.556073 0.709847 0
0.564384 0.705961 0
0.570202 0.702057 0
0.578595 0.696225 0
0.586248 0.689872 0
0.595975 0.682127 0
0.601815 0.676167 0
0.605624 0.670802 0
0.612102 0.66157 0
0.620929 0.64972 0
0.634974 0.635215 0
0.649443 0.619584 0
0.654119 0.605993 0
0.657694 0.597433 0
0.65109 0.599577 0
0.649291 0.595404 0
0.65853 0.568983 0
0.66574 0.547675 0
0.668692 0.531486 0
0.673113 0.517351 0
0.668393 0.503095 0
0.664896 0.491676 0
0.662589 0.479929 0
0.66075 0.473731 0
0.65532 0.46025 0
0.648216 0.444818 0
0.641621 0.43407 0
0.634479 0.425316 0
0.624804 0.411592 0
0.614254 0.401646 0
0.602113 0.389878 0
0.597762 0.386179 0
0.596559 0.387233 0
0.582488 0.384445 0
0.569054 0.382003 0
0.554999 0.378308 0
0.534693 0.372087 0
0.520684 0.372167 0
0.506999 0.37428 0
0.483516 0.384146 0
0.461752 0.395702 0
0.446461 0.408893 0
0.437186 0.421291 0
0.428985 0.43541 0
0.426964 0.447927 0
0.424288 0.464249 0
0.427527 0.463222 0
0.428615 0.476616 0
0.4348 0.470336 0
0.438778 0.479038 0
0.442815 0.47953 0
0.447348 0.481733 0
0.454342 0.481703 0
0.46006 0.482967 0
0.46681 0.4846 0
0.471935 0.488059 0
0.476897 0.491095 0
0.485779 0.491399 0
0.493158 0.489898 0
0.504637 0.488313 0
0.520281 0.493058 0
0.533668 0.493742 0
0.536681 0.494138 0
0.49602 0.491958 0
0.530295 0.493887 0
0.530586 0.493923 0
0.530747 0.493931 0
0.530782 0.493932 0
0.530786 0.493932 0
0.530788 0.493932 0
0.530788 0.493932 0
0.530788 0.493932 0
0.530788 0.493932 0
0.530788 0.493932 0
0.530788 0.493932 0
0.530788 0.493932 0
0.530788 0.493932 0
0.530788 0.493932 0
0.530788 0.493932 0
0.530788 0.493932 0
0.530788 0.493932 0
0.530788 0.493932 1
