0.0969192 0.747256 1
0.110568 0.755825 0
0.12372 0.773913 0
0.137074 0.778944 0
0.156619 0.809505 0
0.181957 0.824098 0
0.20953 0.843345 0
0.233966 0.854815 0
0.256807 0.866257 0
0.297753 0.883146 0
0.368897 0.901698 0
0.377322 0.909379 0
0.39392 0.925055 0
0.399453 0.934819 0
0.386759 0.946638 0
0.402398 0.95398 0
0.413103 0.961404 0
0.407235 0.965762 0
0.393198 0.970232 0
0.390415 0.963856 0
0.400292 0.960177 0
0.389022 0.952517 0
0.391392 0.954533 0
0.39747 0.952063 0
0.406505 0.947392 0
0.415947 0.941167 0
0.421651 0.934672 0
0.42415 0.936954 0
0.431053 0.935035 0
0.453207 0.92949 0
0.489887 0.9215 0
0.506496 0.927553 0
0.546554 0.891439 0
0.564036 0.875794 0
0.58202 0.868359 0
0.488231 0.880871 0
0.404974 0.868787 0
0.348412 0.849986 0
0.305036 0.813568 0
0.288808 0.798102 0
0.269346 0.789947 0
0.25441 0.781184 0
0.241965 0.773371 0
0.23441 0.764376 0
0.222395 0.76286 0
0.222455 0.766869 0
0.2247 0.773124 0
0.217773 0.780555 0
0.222481 0.787065 0
0.207388 0.795521 0
0.230569 0.819218 0
0.236197 0.840065 0
0.240185 0.852041 0
0.19793 0.839135 0
0.236759 0.872182 0
0.25286 0.887192 1
0.059646 0.708988 0
0.0396631 0.671542 1
0.0769073 0.314861 1
0.248514 0.164752 0
0.541818 0.108128 0
0.595863 0.117717 0
0.589735 0.109195 0
0.570014 0.0992693 0
0.611887 0.101512 0
0.684685 0.121543 0
0.72456 0.136369 0
0.663193 0.100115 0
0.683407 0.103262 0
0.704285 0.111929 0
0.723149 0.118967 0
0.789937 0.15926 0
0.767147 0.13785 0
0.746901 0.11693 0
0.751186 0.119658 0
0.748119 0.11514 0
0.743233 0.110367 0
0.740748 0.108449 0
0.741756 0.107565 0
0.729487 0.0993792 0
0.727891 0.096331 0
0.727182 0.0938308 0
0.720104 0.0867233 0
0.712537 0.0781646 0
0.711833 0.0739402 0
0.715785 0.0686236 0
0.71569 0.0664325 0
0.708542 0.0549882 0
0.699373 0.0436208 0
0.688124 0.0336656 0
0.655041 0.0196039 0
0.654467 0.011395 0
0.643869 0.007215 0
0.63427 0 1
0.645966 0.00797138 0
0.649407 0.00985307 0
0.670483 0.0201234 0
0.683209 0.0277317 0
0.689389 0.0314982 0
0.697446 0.038268 0
0.70887 0.0482941 0
0.718741 0.0578986 0
0.716811 0.0596634 0
0.721449 0.0644272 0
0.723158 0.0702694 0
0.685881 0.0675146 0
0.65728 0.0689739 0
0.666494 0.0858825 0
0.670417 0.100075 0
0.703568 0.12432 0
0.744384 0.144733 0
0.73553 0.140063 0
0.675202 0.120972 0
0.646609 0.116001 0
0.641341 0.112752 0
0.59385 0.106185 0
0.525011 0.10158 0
0.457969 0.1071 0
0.412966 0.115836 0
0.373202 0.128837 0
0.329933 0.143129 0
0.307027 0.156711 0
0.276011 0.176572 0
0.247584 0.196339 0
0.225456 0.212812 0
0.208859 0.229958 0
0.192722 0.248905 0
0.163881 0.274565 0
0.143346 0.296773 0
0.133589 0.320121 0
0.116521 0.343763 0
0.10141 0.365351 0
0.0958983 0.383366 0
0.0813807 0.409391 0
0.0748392 0.429371 0
0.0691559 0.450257 0
0.064508 0.464429 0
0.0602976 0.479351 0
0.0540516 0.497555 0
0.0517429 0.512478 0
0.0504411 0.527244 0
0.0486423 0.549544 0
0.0447468 0.579918 0
0.0538847 0.581591 0
0.0605677 0.59884 0
0.0625969 0.629192 0
0.0670417 0.659766 1
0.0836577 0.66289 0
0.097106 0.684946 0
0.114584 0.703663 0
0.137182 0.720951 0
0.16227 0.744747 0
0.184442 0.773273 0
0.221145 0.787988 0
0.263387 0.796999 0
0.298431 0.810282 0
0.33028 0.82921 0
0.36487 0.843236 0
0.395959 0.85696 0
0.423617 0.878255 0
0.476451 0.897323 0
0.513653 0.898954 0
0.411397 0.936017 0
0.493061 0.924941 0
0.534027 0.906504 0
0.535055 0.894927 0
0.525388 0.895548 0
0.469065 0.876594 0
0.450762 0.873029 0
0.456106 0.871906 0
0.445528 0.866239 0
0.436936 0.87779 0
0.42882 0.862239 0
0.431628 0.859054 0
0.431014 0.860772 0
0.432943 0.858464 0
0.437793 0.861291 0
0.434078 0.863516 0
0.43276 0.860802 0
0.429318 0.852917 0
0.433244 0.84764 0
0.425612 0.835543 0
0.416246 0.824435 0
0.421993 0.817898 0
0.421549 0.813947 0
0.437552 0.824943 0
0.451914 0.834081 0
0.459092 0.841284 0
0.453205 0.844761 0
0.486206 0.851487 0
0.523517 0.854353 0
0.545296 0.855486 0
0.559174 0.856139 0
0.602966 0.850069 0
0.616155 0.85269 0
0.665056 0.836571 0
0.684095 0.830472 0
0.69809 0.823308 1
0.750178 0.788357 0
0.785463 0.758536 0
0.785435 0.760117 0
0.823922 0.710813 0
0.842669 0.682298 0
0.856333 0.667481 0
0.875468 0.627166 0
0.884079 0.599714 0
0.897359 0.573609 0
0.912756 0.531476 0
0.918418 0.489255 0
0.919744 0.465848 0
0.925 0.46689 0
0.92968 0.47238 0
0.932962 0.461148 0
0.93488 0.4402 0
0.930753 0.408903 0
0.919859 0.366878 0
0.906679 0.331096 0
0.900955 0.31577 0
0.899766 0.313754 0
0.891092 0.297583 0
0.874383 0.265406 0
0.862181 0.242507 0
0.849919 0.22405 0
0.835982 0.202472 0
0.824948 0.183863 0
0.814841 0.167403 0
0.807441 0.156622 0
0.796465 0.143711 0
0.790259 0.129695 0
0.787088 0.119681 0
0.788377 0.114569 0
0.78491 0.110452 0
0.776758 0.103925 0
0.784224 0.10141 0
0.779844 0.0944138 0
0.767595 0.0859457 0
0.757782 0.0809968 0
0.76052 0.0817436 0
0.769266 0.0864479 0
0.772942 0.0911584 0
0.773466 0.0960316 0
0.776314 0.102356 0
0.779967 0.10612 0
0.782696 0.110878 0
0.781339 0.114661 0
0.779323 0.118248 0
0.773216 0.119662 0
0.764421 0.123691 0
0.747998 0.12779 0
0.736423 0.132698 0
0.727582 0.133842 0
0.715584 0.131543 0
0.694441 0.125645 0
0.671357 0.118906 0
0.615178 0.104975 0
0.633549 0.106764 0
0.590907 0.100225 0
0.525533 0.0949826 0
0.485293 0.0941848 0
0.441539 0.0978807 0
0.406047 0.104231 0
0.378948 0.110772 0
0.352004 0.119621 0
0.30803 0.141354 0
0.289217 0.154132 0
0.260063 0.171993 0
0.223419 0.193787 0
0.212397 0.203412 0
0.194627 0.215328 0
0.172366 0.234539 0
0.153839 0.252911 0
0.138562 0.26989 0
0.121876 0.288294 0
0.107778 0.306406 0
0.101805 0.319208 0
0.0905811 0.337124 0
0.0800462 0.355504 0
0.0674106 0.375659 0
0.0522224 0.398222 0
0.036131 0.424129 0
0.0355892 0.438364 0
0.023307 0.462901 0
0.0205657 0.480399 0
0.0114814 0.504755 0
0.00552372 0.525578 0
0.0037834 0.545528 0
0.00338063 0.569818 0
0.00845149 0.588609 0
0 0.623919 1
0.0131823 0.6353 0
0.0245808 0.648634 0
0.0325745 0.671114 1
0.0444267 0.692268 0
0.0583638 0.714005 0
0.0776743 0.732859 0
0.106582 0.739427 0
0.130517 0.766304 0
0.158968 0.788333 0
0.188446 0.821018 0
0.222353 0.86006 0
0.262482 0.880796 0
0.314432 0.899457 0
0.399157 0.931457 0
0.50767 0.948917 0
0.611664 0.92737 0
0.634875 0.946959 0
0.651176 0.951525 0
0.579192 0.984259 0
0.572459 0.987242 0
0.540668 0.99197 0
0.471332 1 0
0.501975 0.980137 0
0.431419 0.980362 0
0.430335 0.975827 0
0.434059 0.970817 0
0.434741 0.969053 0
0.461224 0.968205 0
0.50653 0.959255 0
0.552344 0.960746 0
0.560945 0.954679 0
0.715962 0.880692 0
0.639077 0.916819 0
0.566369 0.930002 0
0.531002 0.932474 0
0.463237 0.92122 0
0.41245 0.902487 0
0.376831 0.88493 0
0.358759 0.866502 0
0.34078 0.848537 0
0.328252 0.836717 0
0.324984 0.827898 0
0.320733 0.818311 0
0.312735 0.809506 0
0.324839 0.813544 0
0.319438 0.808664 0
0.326256 0.807953 0
0.342137 0.815525 0
0.366297 0.827755 0
0.389107 0.835964 0
0.401702 0.841445 0
0.476322 0.855302 0
0.585987 0.850967 0
0.587926 0.851466 0
0.67 0.826146 0
0.709729 0.816293 0
0.731568 0.80105 0
0.757957 0.786421 0
0.777563 0.772291 0
0.797906 0.752348 0
0.825525 0.729999 0
0.845541 0.712854 0
0.865871 0.699107 0
0.883052 0.685983 0
0.893814 0.669778 0
0.903663 0.656442 0
0.914684 0.642409 0
0.920782 0.639999 0
0.930832 0.619686 0
0.942268 0.611531 0
0.9457 0.612314 0
0.953375 0.597914 0
0.961086 0.59265 0
0.965987 0.585884 0
0.969043 0.580363 0
0.973999 0.582281 0
0.979975 0.579184 0
0.981771 0.567317 0
0.983741 0.557495 0
0.987893 0.547414 0
0.993756 0.538271 0
0.995022 0.519489 0
0.995851 0.501461 0
1 0.489369 0
0.660759 0.0875774 0
0.997547 0.438049 0
0.99849 0.416411 0
0.768027 0.12562 0
0.822602 0.152898 0
0.868203 0.186745 0
0.919601 0.244855 0
0.938669 0.27239 0
0.959345 0.297306 0
0.989675 0.336033 0
0.998304 0.345805 0
0.998119 0.346139 0
0.999291 0.34664 0
0.994152 0.334908 0
0.992763 0.324938 0
0.987741 0.317772 0
0.97328 0.307059 0
0.972791 0.309843 0
0.975628 0.314015 0
0.965682 0.311897 0
0.956953 0.308319 0
0.941378 0.299472 0
0.930944 0.294576 0
0.917482 0.28412 0
0.896452 0.269009 0
0.84833 0.24264 0
0.826975 0.229607 0
0.820427 0.218861 0
0.785611 0.200032 0
0.777516 0.191081 0
0.764294 0.180234 0
0.0266532 0.694245 0
0.641192 0.138463 0
0.609962 0.134297 0
0.587107 0.13235 0
0.573509 0.131558 0
0.543023 0.134015 0
0.516704 0.138648 0
0.493004 0.142993 0
0.47553 0.142197 0
0.426313 0.152456 1
0.444195 0.157255 0
0.421371 0.162735 0
0.406673 0.169988 0
0.381454 0.177544 0
0.358661 0.184479 0
0.346884 0.190667 0
0.352369 0.19768 0
0.342187 0.20351 0
0.315749 0.216674 0
0.295011 0.229062 0
0.263841 0.243739 0
0.239514 0.265478 0
0.192734 0.29759 0
0.205074 0.294975 0
0.174858 0.328443 0
0.143497 0.361191 0
0.0985151 0.415691 0
0.140491 0.387478 0
0.0604603 0.492889 0
0.105192 0.455125 0
0.11981 0.438929 0
0.119616 0.465983 0
0.167485 0.423397 0
0.153229 0.472021 0
0.128375 0.536671 0
0.124909 0.597614 0
0.151773 0.622839 0
0.157681 0.652062 0
0.216179 0.707391 0
0.836784 0.695703 1
0.8105 0.733597 0
0.784075 0.765271 0
0.751765 0.796216 0
0.68501 0.841485 0
0.627033 0.87215 0
0.603856 0.867237 0
0.620571 0.86379 0
0.663134 0.834036 0
0.670693 0.857967 0
0.608119 0.890671 0
0.577766 0.902715 0
0.508335 0.904532 0
0.426705 0.898193 0
0.235832 0.902428 0
0.234699 0.895563 1
0.278263 0.901854 1
0.447118 0.889213 0
0.476124 0.888827 0
0.497979 0.890751 0
0.526152 0.880997 0
0.594675 0.830564 0
0.586128 0.881945 0
0.67102 0.82331 0
0.74741 0.755023 0
0.751096 0.691582 0
0.802723 0.615134 0
0.752582 0.685806 0
0.798448 0.544513 0
0.771628 0.412258 0
0.717416 0.625577 0
0.686216 0.33368 0
0.684328 0.549185 0
0.687069 0.536266 0
0.656661 0.462176 0
0.586059 0.43153 0
0.500944 0.664574 0
0.515378 0.430024 0
0.57789 0.591663 0
0.400373 0.468198 0
0.518943 0.529573 0
0.430756 0.530828 0
0.43281 0.52988 0
0.43138 0.530265 0
0.431349 0.530289 0
0.431299 0.530276 0
0.431293 0.530282 0
0.431295 0.530282 0
0.431291 0.530279 0
0.431291 0.53028 0
0.431291 0.530281 1
