0.103391 0.498618 1
0.0949193 0.497141 0
0.0879134 0.494642 0
0.08598 0.493839 0
0.0734652 0.494549 0
0.0689063 0.485291 0
0.0751703 0.474579 0
0.0577896 0.469723 0
0.0605213 0.460252 0
0.0505547 0.444635 0
0.048741 0.429248 0
0.0527997 0.428373 0
0 0.506169 0
0.270518 0.0307005 0
0.30472 0.0379301 0
0.313154 0.023327 0
0.320804 0.0180656 0
0.337163 0.0139912 0
0.357615 0.0167871 0
0.379952 0.0191471 0
0.396403 0.0207165 1
0.427383 0.0145655 0
0.472387 0 0
0.489427 0.0095507 0
0.523076 0.00497394 0
0.557067 0.0275514 0
0.57596 0.045493 0
0.587362 0.0584022 0
0.594394 0.0856561 0
0.61127 0.112397 1
0.726906 0.179115 0
0.89889 0.534119 1
0.911868 0.558847 0
0.931282 0.600294 0
0.913009 0.616734 0
0.922427 0.632873 0
0.927969 0.677864 0
0.896985 0.676474 0
0.897908 0.652358 0
0.923409 0.700703 0
0.85855 0.643543 0
0.845985 0.648277 0
0.828931 0.633213 0
0.820106 0.621798 0
0.814283 0.651363 0
0.794075 0.588737 0
0.785632 0.621081 0
0.767803 0.634836 0
0.757398 0.454682 0
0.738838 0.434081 0
0.678297 0.239715 0
0.699082 0.356399 0
0.681763 0.304819 0
0.66528 0.276922 0
0.636651 0.253117 0
0.478221 0.16882 0
0.436761 0.197507 0
0.376185 0.226923 0
0.333015 0.2733 0
0.305747 0.303133 0
0.262412 0.332047 0
0.239302 0.410571 0
0.247817 0.404824 0
0.251592 0.377928 0
0.252749 0.367055 0
0.217551 0.358585 0
0.230995 0.357396 0
0.231204 0.35015 0
0.218376 0.334436 0
0.214377 0.335325 0
0.206861 0.327322 1
0.207786 0.328144 0
0.209276 0.328053 0
0.206129 0.328344 0
0.206415 0.329545 0
0.206123 0.333622 0
0.205536 0.328807 0
0.203975 0.331523 0
0.203043 0.331407 0
0.198597 0.339882 0
0.199615 0.33546 0
0.193642 0.340744 0
0.186849 0.352297 0
0.184086 0.350701 0
0.17666 0.355195 0
0.169807 0.359868 0
0.166017 0.35757 0
0.159484 0.355738 0
0.142686 0.349848 0
0.165288 0.546488 0
0.164179 0.572954 0
0.172674 0.591517 0
0.174918 0.601338 0
0.172575 0.610483 0
0.160196 0.61539 0
0.165484 0.64091 0
0.159657 0.644362 0
0.175088 0.660608 0
0.193689 0.676169 0
0.208842 0.68865 0
0.238062 0.712607 0
0.259998 0.716654 0
0.28237 0.71479 0
0.303763 0.719413 0
0.314118 0.729511 0
0.323057 0.741248 0
0.393874 0.767148 0
0.438805 0.781209 0
0.475127 0.818118 0
0.508663 0.817801 0
0.557074 0.841644 0
0.602532 0.856044 0
0.63778 0.861306 0
0.680939 0.872147 0
0.710915 0.886451 0
0.715581 0.867807 0
0.713173 0.858192 0
0.698934 0.8416 0
0.69017 0.837615 0
0.688356 0.827171 0
0.686495 0.802574 0
0.677183 0.799265 0
0.671994 0.739405 0
0.667912 0.699584 0
0.672151 0.676748 0
0.685244 0.631887 0
0.682267 0.387739 0
0.676536 0.35035 0
0.654338 0.314751 0
0.633198 0.300204 0
0.627448 0.281235 0
0.611205 0.251237 0
0.60046 0.22902 0
0.597135 0.250581 0
0.58987 0.261966 0
0.584315 0.199576 0
0.574408 0.235968 0
0.570006 0.225604 0
0.570177 0.212097 0
0.56523 0.207323 0
0.56131 0.201275 0
0.55516 0.20717 0
0.559008 0.185498 0
0.553726 0.189857 0
0.555001 0.183941 0
0.553139 0.180678 0
0.553057 0.180716 0
0.553013 0.180647 1
0.545643 0.190213 0
0.538383 0.191961 0
0.527701 0.193851 0
0.516621 0.201883 0
0.514386 0.193062 0
0.497891 0.199525 0
0.469139 0.22185 0
0.441676 0.245112 0
0.377543 0.267081 0
0.322967 0.261951 0
0.285705 0.265498 0
0.267785 0.268893 0
0.24563 0.280249 0
0.240223 0.278847 0
0.225259 0.291025 0
0.221089 0.284467 0
0.199332 0.318202 0
0.17756 0.324927 0
0.167503 0.32257 0
0.159866 0.325506 0
0.152773 0.32957 0
0.148983 0.334418 0
0.0923902 0.360902 0
0.105161 0.749764 0
0.104188 0.780591 0
0.119958 0.769128 0
0.131265 0.780774 0
0.140921 0.784832 0
0.154958 0.799892 0
0.17281 0.803613 0
0.193043 0.796864 0
0.208307 0.798322 0
0.218969 0.816289 0
0.236628 0.809289 0
0.253578 0.809179 0
0.270569 0.813272 0
0.278669 0.81731 0
0.29831 0.815343 0
0.30368 0.813363 0
0.315972 0.814275 1
0.335078 0.832472 0
0.348269 0.837982 0
0.363134 0.846013 0
0.389521 0.870305 0
0.410063 0.877615 0
0.460808 0.902757 0
0.522055 0.942345 0
0.540534 0.9361 0
0.55742 0.932158 0
0.566617 0.912615 0
0.59311 0.910957 0
0.625923 0.937666 0
0.653811 0.970692 0
0.633787 0.910563 0
0.613768 0.872049 0
0.603187 0.833126 0
0.592525 0.818051 0
0.575792 0.796698 0
0.568207 0.780318 0
0.559141 0.763867 0
0.557452 0.745854 0
0.54823 0.740897 0
0.561421 0.696754 0
0.631048 0.334444 0
0.616762 0.249108 0
0.611862 0.256972 0
0.607165 0.25173 0
0.601575 0.253583 0
0.597467 0.270604 0
0.596317 0.267214 0
0.592977 0.267608 0
0.583938 0.267313 0
0.581244 0.280937 0
0.567608 0.265307 0
0.564967 0.263992 0
0.552779 0.268619 0
0.555726 0.262857 0
0.556273 0.27945 0
0.545902 0.28581 0
0.544642 0.283001 0
0.524397 0.290218 0
0.475577 0.284324 0
0.461776 0.26621 0
0.441495 0.256544 0
0.422018 0.243626 0
0.261426 0.264458 0
0.243486 0.271941 0
0.228417 0.283518 0
0.221004 0.288149 0
0.212753 0.296053 0
0.203395 0.3064 0
0.200918 0.31164 0
0.198886 0.313335 0
0.197704 0.313878 0
0.197151 0.314161 0
0.195885 0.314927 0
0.190319 0.312828 0
0.196458 0.312798 0
0.195656 0.313156 0
0.195575 0.313248 1
0.191993 0.300976 0
0.191382 0.290786 0
0.189815 0.285412 0
0.188692 0.277969 0
0.173388 0.301724 0
0.190137 0.261859 0
0.213131 0.268547 0
0.100141 0.760354 0
0.141939 0.815872 0
0.15111 0.841382 0
0.172225 0.835998 0
0.217337 0.836984 0
0.245016 0.85385 0
0.270216 0.835761 0
0.283609 0.833635 0
0.292319 0.821384 0
0.297473 0.822279 0
0.300683 0.827661 0
0.349045 0.840804 0
0.422011 0.88762 0
0.439603 0.929038 0
0.415422 0.910126 0
0.42011 0.90504 0
0.525385 0.970775 0
0.526893 0.951466 0
0.560185 0.997559 0
0.575224 0.987867 0
0.597809 1 0
0.602101 0.963352 0
0.607484 0.894656 0
0.585963 0.872558 0
0.571261 0.839248 0
0.558508 0.811164 0
0.538472 0.780016 0
0.556272 0.760032 0
0.538536 0.751225 0
0.53367 0.745574 0
0.531486 0.733301 0
0.562763 0.713359 0
0.57841 0.680616 0
0.565412 0.66655 0
0.559289 0.644996 0
0.548285 0.635796 0
0.548273 0.617257 0
0.546072 0.60293 0
0.548555 0.589783 0
0.544798 0.571971 0
0.543671 0.566698 0
0.533739 0.556311 0
0.526363 0.552226 0
0.52007 0.544508 0
0.516492 0.538307 0
0.507758 0.533284 1
