0.330584 0.888276 1
0.338414 0.895308 0
0.342256 0.896598 0
0.338686 0.896853 0
0.335237 0.898721 0
0.338691 0.910898 0
0.343171 0.918471 0
0.345494 0.925623 0
0.341614 0.934144 0
0.343705 0.938595 0
0.365046 0.940442 0
0.384755 0.95989 0
0.414946 0.964232 0
0.439895 0.955341 0
0.459429 0.955063 0
0.464389 0.949973 0
0.499077 0.949966 0
0.532637 0.946267 0
0.561375 0.937604 0
0.581748 0.925583 0
0.588303 0.905933 0
0.598945 0.896092 0
0.624841 0.896331 0
0.635709 0.878905 0
0.649695 0.866142 0
0.663544 0.860321 0
0.682046 0.835476 0
0.696483 0.803754 0
0.723879 0.778102 0
0.747618 0.71764 0
0.75757 0.683977 0
0.782536 0.634208 0
0.786738 0.60158 0
0.803282 0.545369 0
0.795998 0.512985 0
0.785472 0.495576 0
0.774935 0.459014 0
0.764736 0.409295 0
0.758772 0.342039 0
0.738952 0.298831 0
0.723987 0.292974 0
0.701272 0.257017 0
0.687432 0.236545 0
0.667126 0.132618 0
0.669941 0.106689 0
0.723871 0.0408087 0
0.732279 0.0173357 0
0.722759 0.0142603 0
0.707209 0.0103275 0
0.691825 0.00466586 0
0.672861 0 0
0.649915 0.0153661 0
0.638166 0.021328 0
0.613889 0.0489054 0
0.603887 0.0712751 0
0.58831 0.0986654 0
0.575304 0.125173 0
0.556535 0.163088 0
0.538424 0.176866 0
0.524211 0.226256 0
0.505275 0.235532 0
0.496825 0.237447 0
0.47251 0.284145 0
0.453011 0.253811 0
0.305445 0.420067 0
0.424325 0.294126 0
0.41743 0.318223 0
0.404664 0.402623 0
0.391221 0.419599 0
0.383218 0.271315 0
0.355535 0.225579 0
0.366777 0.205485 0
0.358213 0.207979 0
0.35447 0.208715 0
0.347919 0.221382 0
0.331443 0.230853 0
0.324064 0.231411 0
0.311009 0.238828 0
0.303856 0.238459 0
0.301365 0.243723 0
0.263149 0.27689 0
0.227454 0.295669 0
0.199585 0.313213 0
0.178358 0.32801 0
0.155318 0.337055 0
0.149361 0.342087 0
0.130735 0.356267 0
0.120702 0.367831 0
0.109435 0.390884 1
0.0824224 0.448272 1
0.0728577 0.450351 0
0.0459468 0.439491 0
0.0300747 0.448508 0
0.0174087 0.457602 0
0 0.468124 0
0.00752096 0.472598 0
0.0149156 0.482554 0
0.0264989 0.488139 0
0.0296716 0.490727 0
0.0454145 0.491964 0
0.0736659 0.492531 0
0.0914435 0.494022 0
0.106055 0.490311 0
0.100001 0.497402 0
0.106079 0.499896 0
0.103641 0.505332 0
0.104599 0.509402 0
0.120525 0.509875 0
0.122405 0.513062 0
0.116612 0.517511 0
0.113131 0.520819 0
0.119111 0.529785 0
0.115787 0.533582 0
0.117696 0.536215 0
0.120008 0.543895 0
0.135807 0.563683 0
0.142375 0.586155 0
0.152532 0.606579 0
0.159163 0.617296 0
0.17419 0.642267 0
0.179627 0.669127 0
0.192869 0.696133 0
0.201479 0.730626 0
0.226491 0.750184 0
0.249639 0.763547 0
0.266033 0.784301 0
0.284086 0.802172 0
0.309185 0.817316 0
0.301494 0.852259 0
0.306952 0.865517 0
0.326718 0.879944 0
0.328539 0.885255 0
0.329824 0.887752 0
0.330541 0.888199 0
0.330287 0.888506 0
0.330252 0.889663 0
0.326941 0.897013 0
0.324747 0.907803 0
0.325222 0.920364 0
0.331699 0.907066 0
0.337016 0.919038 0
0.372587 0.929726 0
0.408836 0.944002 0
0.420361 0.95974 0
0.432227 0.972122 0
0.456105 0.95568 0
0.482223 0.949459 0
0.515839 0.941911 0
0.535507 0.925235 0
0.548128 0.916475 0
0.558863 0.910444 0
0.583283 0.902518 0
0.596808 0.893579 0
0.614608 0.88944 0
0.646468 0.855842 0
0.656624 0.839064 0
0.674383 0.829697 0
0.69048 0.797493 0
0.702089 0.784547 1
0.720677 0.743407 0
0.721443 0.706508 0
0.743105 0.652214 0
0.758112 0.614674 0
0.755666 0.593136 0
0.750124 0.578219 0
0.748197 0.545 0
0.75147 0.358357 0
0.748095 0.269481 0
0.719758 0.24272 0
0.70434 0.228063 0
0.696531 0.219263 0
0.683164 0.146879 0
0.684639 0.13427 0
0.684616 0.110973 0
0.702634 0.0750681 0
0.703234 0.0706984 0
0.698802 0.0718906 0
0.688165 0.0772235 0
0.675224 0.0816041 0
0.656138 0.0804003 0
0.636596 0.0971003 0
0.62688 0.105714 0
0.619692 0.110881 0
0.610402 0.111113 0
0.605046 0.106021 0
0.590686 0.108572 0
0.582561 0.157151 0
0.563903 0.16751 0
0.557795 0.235361 0
0.534957 0.23833 0
0.516479 0.271538 0
0.489722 0.275635 0
0.475296 0.329438 0
0.457918 0.370128 0
0.445412 0.459633 0
0.429482 0.343602 0
0.410515 0.3398 0
0.394991 0.367169 0
0.405974 0.383354 0
0.37503 0.15781 0
0.370642 0.160817 0
0.360081 0.142941 0
0.355722 0.132414 0
0.350841 0.127569 0
0.353129 0.132017 0
0.352104 0.134761 0
0.339528 0.124634 0
0.339928 0.122544 1
0.335655 0.11866 0
0.325577 0.138356 0
0.316587 0.153391 0
0.320003 0.1761 0
0.266824 0.224129 0
0.233792 0.265817 0
0.207272 0.292621 0
0.17943 0.319916 0
0.169513 0.334775 0
0.157076 0.348885 0
0.140549 0.371153 0
0.134559 0.379918 0
0.128551 0.386809 0
0.129348 0.389438 0
0.0736859 0.396079 0
0.116245 0.401786 0
0.0894124 0.395113 0
0.0784948 0.410993 0
0.0803159 0.414689 0
0.0820368 0.416406 0
0.0851157 0.417664 0
0.0870457 0.414032 0
0.118489 0.411661 0
0.109995 0.411368 0
0.0981302 0.428557 0
0.0948042 0.417769 0
0.107116 0.429675 0
0.109865 0.417956 0
0.102176 0.415439 0
0.106722 0.417374 0
0.103036 0.416459 0
0.10373 0.416673 1
0.102927 0.416932 0
0.10303 0.424798 0
0.099146 0.531471 0
0.106988 0.539005 0
0.109699 0.545121 0
0.0997412 0.545204 0
0.0906345 0.547482 1
0.0966945 0.563426 0
0.104907 0.576794 0
0.111281 0.601172 0
0.124505 0.637392 0
0.134993 0.665761 0
0.150038 0.684746 0
0.168473 0.708898 0
0.189045 0.720795 0
0.218011 0.754996 0
0.23879 0.783975 0
0.266751 0.81194 0
0.285213 0.836174 0
0.294408 0.841927 0
0.324713 0.862138 0
0.328577 0.884862 0
0.330765 0.888718 0
0.331015 0.889207 0
0.326904 0.896904 0
0.326948 0.901987 0
0.326771 0.906084 0
0.325668 0.913901 0
0.329137 0.9264 0
0.340216 0.93827 0
0.337433 0.95155 0
0.343329 0.957047 0
0.361778 0.951586 0
0.372151 0.955743 0
0.388201 0.96678 0
0.402208 0.98002 0
0.422667 0.998746 0
0.450594 1 0
0.469282 0.975522 0
0.486504 0.97485 0
0.497582 0.967401 0
0.516018 0.95786 0
0.542893 0.943431 0
0.573924 0.919711 0
0.60998 0.927107 0
0.633629 0.903622 0
0.65498 0.879601 0
0.687009 0.860681 0
0.713764 0.823625 0
0.756734 0.7072 0
0.776047 0.673353 0
0.800224 0.59599 0
0.82495 0.487722 0
0.830852 0.311507 0
0.803066 0.242378 0
0.781712 0.222959 0
0.759025 0.217665 0
0.743954 0.181278 0
0.712624 0.159752 1
0.706554 0.156905 0
0.715832 0.135496 0
0.698027 0.190643 0
0.677928 0.131865 0
0.692973 0.104299 0
0.692781 0.0848107 0
0.660941 0.144773 0
0.666198 0.107989 0
0.655432 0.132961 0
0.656896 0.124461 0
0.651067 0.121633 0
0.636998 0.130542 0
0.637328 0.121773 0
0.629375 0.115747 0
0.614395 0.128593 0
0.59954 0.143918 0
0.591846 0.158703 0
0.556785 0.272471 0
0.548518 0.281187 0
0.524494 0.351977 0
0.507675 0.421814 0
0.458071 0.481523 0
0.452091 0.481623 0
0.409693 0.495973 0
0.394471 0.495706 0
0.394867 0.48642 0
0.385737 0.48106 0
0.382079 0.46894 0
0.376325 0.457362 0
0.368678 0.446547 1
