0 0.59493 1
0.330733 0.779301 0
0.722166 0.453043 0
0.689919 0.42878 0
0.653111 0.388788 0
0.657317 0.399924 0
0.686617 0.430939 0
0.658407 0.408083 0
0.657553 0.4153 0
0.519539 0.308292 0
0.543705 0.279923 0
0.286047 0.403923 0
0.273975 0.42294 0
0.275473 0.441768 0
0.267641 0.450931 0
0.264313 0.457829 0
0.262473 0.471822 0
0.265064 0.483954 0
0.217559 0.506723 0
0.228914 0.611629 0
0.2197 0.58907 0
0.207474 0.522296 0
0.212346 0.575859 0
0.22409 0.577895 0
0.216888 0.543547 0
0.231536 0.560785 0
0.219772 0.55476 0
0.221462 0.554661 0
0.221153 0.554318 0
0.221886 0.553302 0
0.230634 0.561279 0
0.242639 0.563476 0
0.253434 0.569752 0
0.273147 0.580882 0
0.292448 0.592877 0
0.305347 0.596713 0
0.32258 0.603062 0
0.345994 0.609411 0
0.374 0.606653 0
0.425752 0.464601 0
0.432123 0.490569 0
0.442499 0.493241 0
0.436303 0.500614 0
0.443519 0.504215 0
0.45717 0.494952 0
0.460996 0.493872 0
0.466027 0.496133 0
0.474592 0.49487 0
0.487307 0.495825 0
0.496088 0.488905 0
0.503719 0.487003 0
0.51295 0.487849 0
0.527075 0.493217 0
0.532354 0.499145 0
0.54885 0.489627 0
0.56296 0.497377 0
0.576716 0.502339 0
0.582944 0.492451 0
0.58727 0.472945 0
0.595623 0.464728 0
0.588745 0.45324 0
0.506416 0.317643 0
0.335647 0.147311 0
0.313075 0.145606 0
0.279452 0.161637 0
0.254282 0.16068 0
0.211625 0.187434 0
0.163253 0.235706 0
0.305864 0 0
0.293844 0.00747469 0
0.0842612 0.464274 0
0.0697801 0.458723 0
0.0684853 0.466269 0
0.0684966 0.464978 0
0.0660388 0.459652 0
0.0628348 0.457501 0
0.0615674 0.456303 0
0.0587037 0.457214 0
0.0538038 0.457557 0
0.0528836 0.460181 0
0.0442103 0.460212 0
0.0435183 0.465488 0
0.0412878 0.46841 0
0.0403929 0.473242 0
0.0403972 0.477249 0
0.0409044 0.477124 0
0.0413538 0.476974 0
0.0411304 0.477799 0
0.0519998 0.495974 0
0.0628598 0.492412 0
0.0668622 0.499981 0
0.0745571 0.49622 0
0.0814003 0.490542 0
0.0873215 0.467501 0
0.108257 0.715092 0
0.145746 0.796965 0
0.395829 0.931273 0
0.310418 0.971762 0
0.672995 0.319129 1
0.675323 0.324603 0
0.675361 0.335879 0
0.674403 0.339792 0
0.683171 0.349922 0
0.690552 0.357257 0
0.689126 0.362189 0
0.677287 0.362742 0
0.680751 0.369536 0
0.699184 0.380176 0
0.720751 0.396459 0
0.709142 0.398577 0
0.704633 0.406575 0
0.681656 0.402942 0
0.621703 0.350938 0
0.627064 0.374042 0
0.619662 0.370159 0
0.60811 0.355862 0
0.55643 0.298325 0
0.493625 0.289922 0
0.246934 0.442367 0
0.278396 0.436931 0
0.222747 0.475336 0
0.265497 0.47082 0
0.265945 0.482705 0
0.263389 0.484978 0
0.277601 0.580636 0
0.253491 0.588421 0
0.239294 0.590298 0
0.24156 0.580886 0
0.240797 0.569038 0
0.228636 0.549486 0
0.220718 0.554687 0
0.221276 0.554493 0
0.221213 0.554445 0
0.22122 0.554447 0
0.221186 0.554463 0
0.220946 0.55417 0
0.229492 0.553792 0
0.243069 0.55613 0
0.265359 0.56009 0
0.285795 0.554924 0
0.298629 0.556351 0
0.317943 0.567984 0
0.336617 0.578059 0
0.38543 0.502922 0
0.398934 0.520523 0
0.417999 0.510057 0
0.437697 0.508703 0
0.455465 0.502965 0
0.467258 0.512431 0
0.471378 0.518667 0
0.463255 0.530623 0
0.465399 0.524751 0
0.464314 0.521899 0
0.471991 0.519988 0
0.491776 0.521362 0
0.508558 0.547404 0
0.518096 0.522983 0
0.525489 0.510285 0
0.53573 0.513161 0
0.545508 0.509398 0
0.562245 0.530297 0
0.569082 0.531644 0
0.581451 0.528087 0
0.588541 0.516125 0
0.600706 0.495056 0
0.596747 0.472049 0
0.580142 0.4411 0
0.524274 0.331313 0
0.352579 0.157746 0
0.306302 0.160821 0
0.285614 0.155979 0
0.234946 0.206663 0
0.0501123 0.413848 0
0.0783255 0.452035 0
0.0741074 0.440605 0
0.0709766 0.456253 0
0.0647966 0.462144 0
0.0597832 0.460221 0
0.0566333 0.464722 0
0.0534553 0.466657 0
0.0533221 0.470758 0
0.0506902 0.473933 0
0.050277 0.477854 0
0.048517 0.479128 0
0.0478644 0.480787 0
0.0466897 0.483187 0
0.0460023 0.484526 0
0.0445035 0.488572 0
0.0438677 0.489837 0
0.0440597 0.490124 0
0.0439413 0.490109 0
0.0440383 0.490198 1
0.0548625 0.644514 1
0.0601257 0.642866 0
0.10878 0.713339 0
0.169474 0.910135 0
0.219273 0.959841 0
0.263239 0.966743 0
0.326375 0.989615 0
0.352616 1 0
0.384133 0.995787 0
0.42655 0.982273 0
0.428699 0.955561 1
0.446615 0.964207 0
0.451967 0.961407 0
0.458717 0.96362 0
0.465419 0.960358 0
0.475732 0.948217 0
0.490988 0.949009 0
0.499781 0.947426 0
0.505181 0.937512 0
0.509268 0.926498 0
0.509393 0.910253 0
0.502175 0.893913 0
0.47372 0.872517 0
0.466512 0.869303 0
0.4415 0.837331 0
0.410458 0.820234 0
0.355967 0.804547 0
0.366196 0.798048 0
0.256407 0.718002 0
0.239296 0.673923 0
0.240314 0.660577 0
0.234775 0.659001 0
0.233627 0.651229 0
0.236938 0.642997 0
0.238244 0.63412 0
0.232467 0.625425 0
0.219712 0.611117 0
0.230828 0.605736 0
0.216579 0.593779 0
0.223644 0.591236 0
0.216261 0.583279 0
0.212018 0.572533 0
0.212471 0.567857 0
0.220304 0.544775 0
0.219549 0.554135 0
0.221217 0.554445 1
0.221222 0.554451 0
0.2213 0.554408 0
0.221666 0.554287 0
0.224391 0.553498 0
0.23523 0.558704 0
0.263579 0.553608 0
0.299249 0.547072 0
0.314149 0.554067 0
0.330711 0.552217 0
0.341836 0.566277 0
0.3557 0.568963 0
0.379618 0.536879 0
0.393721 0.531289 0
0.40661 0.542726 0
0.412692 0.558825 0
0.427825 0.55061 0
0.4343 0.560912 0
0.440778 0.568016 0
0.453354 0.557948 0
0.458587 0.568235 0
0.466533 0.568624 0
0.472644 0.56521 0
0.478455 0.562993 0
0.477968 0.563149 0
0.48105 0.56521 1
