0.873943 0.754389 0
0.868412 0.764042 0
0.857522 0.78054 1
0.843031 0.802552 0
0.820128 0.83275 0
0.79227 0.864814 0
0.762883 0.893047 0
0.732592 0.917695 0
0.685508 0.949209 0
0.618787 0.980597 0
0.558611 1 0
0.558611 1 0
0.558611 1 1
0.558611 1 0
0.558611 1 0
0.558611 1 0
0.558611 1 0
0.558611 1 0
0.558611 1 0
0.558611 1 0
0.558611 1 0
0.558611 1 0
0.558611 1 0
0.558611 1 0
0.0501685 0.644479 0
0.0476137 0.641094 0
0.0419243 0.632242 1
0.0414291 0.635504 0
0.0383542 0.626457 0
0.0388293 0.627755 0
0.0345997 0.619194 0
0.0323875 0.6145 0
0.03095 0.612572 0
0.0303168 0.614223 0
0.0302592 0.617801 1
0.0289713 0.617564 0
0.0287492 0.612304 0
0.0276364 0.610972 0
0.0265501 0.611184 0
0.0251877 0.608021 0
0.0226555 0.598931 0
0.018154 0.581049 0
0.0115958 0.549788 1
0 0.469036 0
0.937975 0.0580164 1
0.998895 0.273021 0
0.998426 0.269356 1
0.999622 0.285957 0
1 0.295091 0
0.999834 0.298363 0
0.447347 0.899227 1
0.431311 0.896788 0
0.425026 0.891298 0
0.376054 0.874374 0
0.345558 0.858466 0
0.161353 0.652388 0
0.28843 0.831565 0
0.190722 0.70851 0
0.184897 0.693655 0
0.176935 0.687326 0
0.269963 0.821483 0
0.15847 0.660643 0
0.220418 0.765928 0
0.178625 0.701033 0
0.159609 0.6687 0
0.202417 0.745662 0
0.157676 0.668359 0
0.19431 0.736047 0
0.166057 0.689132 0
0.244535 0.815839 0
0.159451 0.681018 1
0.205134 0.763089 0
0.196195 0.749855 0
0.204548 0.759162 0
0.196393 0.748389 0
0.193609 0.748426 0
0.149647 0.662594 0
0.114793 0.564448 0
0.189413 0.732293 0
0.119587 0.565323 0
0.123565 0.569679 1
0.141202 0.610732 0
0.142494 0.612842 0
0.142875 0.611951 0
0.144203 0.611412 0
0.149311 0.606369 0
0.147893 0.600722 0
0.144068 0.588803 0
0.14528 0.577318 0
0.362833 0.842857 0
0.391029 0.848099 0
0.393572 0.834796 0
0.395287 0.82701 1
0.399235 0.822934 0
0.401448 0.810844 0
0.422757 0.815864 0
0.409224 0.796549 0
0.377927 0.761022 0
0.403048 0.775789 1
0.383699 0.750843 0
0.381192 0.74197 0
0.35482 0.711688 0
0.375525 0.722046 0
0.342841 0.69523 0
0.337648 0.694386 0
0.335383 0.677768 0
0.341656 0.676315 0
0.332797 0.631874 0
0.343441 0.633122 1
0.370521 0.588881 0
0.383279 0.567487 0
0.400883 0.523609 0
0.421055 0.4336 0
0.43905 0.365294 0
0.448681 0.310436 0
0.462165 0.265142 0
0.485223 0.239262 0
0.505983 0.20435 0
0.527361 0.195438 0
0.543399 0.180477 0
0.559443 0.17066 0
0.592742 0.173684 0
0.595039 0.163877 0
0.607939 0.162681 0
0.628644 0.159662 0
0.643149 0.165313 0
0.636127 0.166739 1
0.646842 0.173298 0
0.655556 0.180917 0
0.658791 0.184137 0
0.663692 0.189512 0
0.673981 0.196157 0
0.679594 0.212149 0
0.688129 0.224912 0
0.692716 0.231605 0
0.710802 0.25165 0
0.708433 0.253417 0
0.720102 0.270894 0
0.738013 0.291478 0
0.731822 0.297179 0
0.739795 0.311859 0
0.747246 0.323282 0
0.753212 0.332822 0
0.764094 0.348696 0
0.765122 0.350425 0
0.768391 0.359224 0
0.777026 0.368525 1
0.772629 0.371792 0
0.783393 0.379223 0
0.787044 0.384571 0
0.784077 0.387811 0
0.783619 0.392212 0
0.785649 0.397833 0
0.787833 0.403946 0
0.789924 0.405998 0
0.791005 0.406859 0
0.793311 0.411981 0
0.796625 0.413531 0
0.797008 0.411737 0
0.798931 0.414168 0
0.799991 0.416499 0
0.800098 0.414939 0
0.801909 0.41608 0
0.805582 0.421584 0
0.806762 0.423721 0
0.810399 0.421168 0
0.811803 0.429346 0
0.814922 0.438521 0
0.816362 0.442105 0
0.818196 0.440152 0
0.821226 0.445494 0
0.82377 0.453674 0
0.825422 0.457771 0
0.827794 0.462682 0
0.829258 0.470905 0
0.828664 0.482744 0
0.829666 0.488221 0
0.830018 0.492764 0
0.828689 0.502215 0
0.825892 0.518504 0
0.822433 0.536069 1
0.817726 0.549249 0
0.814696 0.555497 0
0.811334 0.56635 0
0.807876 0.578474 0
0.803493 0.583088 0
0.799617 0.582858 0
0.79747 0.582398 0
0.797833 0.58607 0
0.794595 0.593119 0
0.789495 0.602049 0
0.783239 0.616709 0
0.77539 0.638082 0
0.766794 0.655324 0
0.759031 0.67211 0
0.747191 0.698747 0
0.73206 0.726664 1
0.714838 0.746824 0
0.707469 0.758225 0
0.695511 0.777258 0
0.685266 0.797946 0
0.393728 0.843205 0
0.404962 0.854627 1
0.405033 0.861449 0
0.42159 0.871937 0
0.478525 0.888858 0
0.563209 0.886738 0
0.488909 0.894725 0
0.483188 0.901922 0
0.507945 0.908773 0
0.586142 0.902944 0
0.558988 0.91488 0
0.552159 0.921576 0
0.559985 0.924575 0
0.577726 0.925683 0
0.580022 0.929976 0
0.592523 0.929996 0
0.604592 0.929753 0
0.604692 0.931333 1
0.614638 0.935418 0
0.631781 0.935334 0
0.641444 0.934442 0
0.645331 0.933909 0
0.64975 0.934247 0
0.654168 0.934699 0
0.65528 0.933542 0
0.65698 0.93217 1
0.663062 0.930235 0
0.665038 0.928816 0
0.664309 0.929649 0
0.662808 0.930301 1
0.654054 0.932877 0
0.165554 0.0120526 1
0.146903 0.0427255 0
0.130929 0.0746813 1
0.119653 0.100136 0
0.111023 0.124327 0
0.104194 0.143945 0
0.0948803 0.173421 1
0.0873474 0.199001 0
0.0811257 0.225494 0
0.0732456 0.262992 0
0.0698646 0.296482 0
0.0652889 0.331364 0
0.0645024 0.374107 1
0.0679154 0.410072 0
0.0672285 0.426601 0
0.0674178 0.444074 0
0.0720032 0.480195 0
0.0751095 0.498494 0
0.213042 0.818528 0
0.209769 0.818118 0
0.207085 0.819607 0
0.204749 0.820609 0
0.190051 0.812548 0
0.185913 0.808223 0
0.183008 0.804446 1
0.178407 0.796521 0
0.173366 0.787351 0
0.169705 0.779982 0
0.160442 0.766442 0
0.0647591 0.523919 0
0.154584 0.753665 0
0.151986 0.74925 0
0.151415 0.746096 0
0.145076 0.743879 0
0.150354 0.752411 0
0.143499 0.735817 0
0.141881 0.731754 0
0.140178 0.727103 0
0.140491 0.721493 0
0.140389 0.714627 0
0.139902 0.703616 0
0.13488 0.684481 0
0.133474 0.673376 0
0.130381 0.66488 0
0.131042 0.654557 0
0.129729 0.647654 0
0.127532 0.633716 0
0.127144 0.618265 0
0.126974 0.601374 0
0.126824 0.583748 0
0.125514 0.564311 0
0.126324 0.543244 0
0.125675 0.532351 0
0.126273 0.501227 0
0.132185 0.273248 1
0.129053 0.393089 0
0.134834 0.425492 0
0.137178 0.41152 0
0.141297 0.391458 0
0.145081 0.374505 0
0.151111 0.357076 0
0.155682 0.336479 0
0.165594 0.312354 0
0.173694 0.287625 0
0.179817 0.265217 1
0.189384 0.24507 0
0.200045 0.224105 0
0.211739 0.201592 0
0.222934 0.182189 0
0.234676 0.162951 0
0.250448 0.136685 0
0.272063 0.121451 0
0.27322 0.111274 0
0.297471 0.0949621 0
0.308914 0.0844813 0
0.315494 0.0761188 0
0.338431 0.0514225 0
0.361833 0.0427514 0
0.374587 0.0359431 0
0.388504 0.0280344 0
0.395259 0.0206272 0
0.424162 0.00900378 0
0.441715 0.0174379 1
0.446136 0 0
0.479074 0.00389844 0
0.513824 0.0113052 0
0.523167 0.00878459 0
0.541548 0.00805324 0
0.566628 0.0143421 0
0.580475 0.0260802 0
0.611585 0.0309407 0
0.75127 0.177843 0
0.778899 0.23828 0
0.682624 0.108992 0
0.703527 0.140813 0
0.717304 0.164831 0
0.776936 0.272092 1
0.686968 0.152274 0
0.71943 0.201575 0
0.761832 0.416034 0
0.744652 0.300629 0
0.506712 0.10651 0
0.716609 0.276497 0
0.368579 0.643246 0
0.628901 0.650909 0
0.693421 0.561935 0
0.642936 0.603448 0
0.707443 0.333713 0
0.56233 0.146249 0
0.614693 0.199318 0
0.664322 0.538871 0
0.674907 0.419164 0
0.547415 0.623865 0
0.61131 0.241556 0
0.614059 0.524764 0
0.471172 0.598732 0
0.476833 0.575116 1
0.511725 0.549031 0
0.532034 0.505685 0
0.496428 0.269183 0
0.49777 0.451236 0
0.492318 0.373725 0
0.490494 0.390748 1
0.490632 0.383796 0
0.490478 0.384778 0
0.490449 0.38446 0
0.490449 0.384475 0
0.490449 0.38448 0
0.490449 0.384479 0
0.490449 0.384479 0
0.490449 0.384479 0
0.490449 0.384479 0
0.490449 0.384479 0
