0.585699 0.27643 0
0.618692 0.297652 0
0.616227 0.295003 0
0.615754 0.294902 0
0.615781 0.294946 0
0.615704 0.29505 0
0.615654 0.29514 0
0.61566 0.295179 0
0.615663 0.295223 0
0.61567 0.295224 0
0.61567 0.295224 0
0.61567 0.295224 0
0.61567 0.295224 0
0.61567 0.295224 0
0.61567 0.295224 0
0.61567 0.295224 0
0.61567 0.295224 0
0.61567 0.295224 0
0.61567 0.295224 0
0.61567 0.295224 0
0.61567 0.295224 0
0.61567 0.295224 0
0.61567 0.295224 0
0.61567 0.295224 0
0.61567 0.295224 0
0.61567 0.295224 0
0.61567 0.295224 0
0.61567 0.295224 0
0.61567 0.295224 0
0.61567 0.295224 0
0.61567 0.295224 0
0.61567 0.295224 0
0.61567 0.295224 0
0.61567 0.295224 0
0.61567 0.295224 0
0.61567 0.295224 0
0.61567 0.295224 1
0.615851 0.295196 0
0.615914 0.295242 0
0.615923 0.295225 0
0.616085 0.295222 0
0.616163 0.295314 0
0.616272 0.295324 0
0.616302 0.295387 0
0.616513 0.295421 0
0.616526 0.295449 0
0.61648 0.295552 0
0.616487 0.295507 0
0.617293 0.295423 0
0.61725 0.295624 0
0.617111 0.295661 0
0.617142 0.295573 0
0.617491 0.295577 0
0.617372 0.295739 0
0.617666 0.295894 0
0.618002 0.295847 0
0.617589 0.296085 0
0.618311 0.295729 0
0.617851 0.295919 0
0.618046 0.295658 0
0.617986 0.295544 0
0.618014 0.295464 0
0.618055 0.29547 0
0.618477 0.295398 0
0.618767 0.29542 0
0.619036 0.295446 0
0.619209 0.295351 0
0.619571 0.295379 0
0.619883 0.295718 0
0.620089 0.295554 0
0.620234 0.295744 0
0.620622 0.295792 0
0.620863 0.295884 0
0.62119 0.29601 0
0.621247 0.295782 0
0.622198 0.295758 0
0.622497 0.295655 0
0.622583 0.295981 0
0.623152 0.296275 0
0.623629 0.29611 0
0.624129 0.295963 0
0.624606 0.296155 0
0.625137 0.296322 0
0.625461 0.2963 0
0.626066 0.296755 0
0.626738 0.296395 0
0.627418 0.2965 0
0.627844 0.296807 0
0.628388 0.29743 0
0.66212 0.312336 0
0.753614 0.638414 0
0.661875 0.311938 0
0.633986 0.302501 0
0.632683 0.298215 0
0.6329 0.298562 0
0.633551 0.298983 0
0.634334 0.29937 1
0.646454 0.284521 0
0.754462 0.654107 0
0.618236 0.288517 0
0.616238 0.286839 0
0.746086 0.642821 0
0.743881 0.640992 1
0.739809 0.64382 0
0.656891 0.745069 1
0.620442 0.297248 0
0.614067 0.29546 1
0.614053 0.295466 0
0.614019 0.295439 0
0.613425 0.295605 0
0.611559 0.291844 0
0.632477 0.301245 0
0.540743 0.271514 0
0.546147 0.265125 0
0.545534 0.264182 0
0.545468 0.264175 0
0.545261 0.264154 0
0.545321 0.264198 0
0.545341 0.264254 0
0.545378 0.264334 0
0.545361 0.264768 0
0.545382 0.264554 0
0.545176 0.264585 1
0.545166 0.264591 0
0.545152 0.264604 0
0.545155 0.264784 0
0.544154 0.264029 0
0.536971 0.254915 0
0.453432 0.296004 0
0.548566 0.262005 0
0.544699 0.26401 0
0.534287 0.255637 0
0.448757 0.292407 0
0.448398 0.285828 0
0.447618 0.284262 1
0.344759 0.323001 0
0.346747 0.31217 0
0.345021 0.314083 0
0.344752 0.313828 1
0.443428 0.318323 0
0.338636 0.766415 1
0.352262 0.777341 0
0.549814 0.803375 0
0.554635 0.812467 0
0.659448 0.765256 0
0.664543 0.752839 0
0.663684 0.752018 0
0.66388 0.752168 0
0.66409 0.752411 1
0.664177 0.752495 0
0.664371 0.752772 0
0.664751 0.752932 0
0.66538 0.752884 0
0.669007 0.750104 0
0.710643 0.717218 0
0.713511 0.724216 0
0.713925 0.725975 0
0.713869 0.72597 0
0.713868 0.725968 0
0.713868 0.725968 0
0.713868 0.725968 0
0.713868 0.725968 0
0.713868 0.725968 0
0.713868 0.725968 0
0.713868 0.725968 0
0.713868 0.725968 0
0.713868 0.725968 0
0.713868 0.725968 0
0.713868 0.725968 0
0.713868 0.725968 0
0.713869 0.725966 0
0.713868 0.725968 0
0.713868 0.725968 0
0.713868 0.725968 0
0.713872 0.725969 0
0.713868 0.725968 0
0.713868 0.725968 1
0.713843 0.725922 0
0.713953 0.725951 0
0.714033 0.725946 0
0.713878 0.726057 0
0.71352 0.725833 0
0.712735 0.724137 0
0.711019 0.720817 0
0.678757 0.760407 0
0.678889 0.760367 0
0.679127 0.760543 1
0.672303 0.768503 0
0.685231 0.767517 0
0.708798 0.714491 0
0.339911 0.810135 0
0.334834 0.808444 0
0.335445 0.809029 1
0.335362 0.808996 0
0.336586 0.808115 0
0.327687 0.812087 0
0.52785 0.795486 0
0.527105 0.794783 0
0.526499 0.794747 0
0.524971 0.792637 0
0.554859 0.810793 0
0.683111 0.763992 0
0.660496 0.78751 0
0.768175 0.59545 0
0.679084 0.775142 1
0.632872 0.805851 0
0.425538 0.226933 1
0.779037 0.649308 0
0.782791 0.64377 1
0.782602 0.64355 0
0.782095 0.642653 0
0.782913 0.640175 0
0.784207 0.637212 0
0.78882 0.626088 0
0.792799 0.619255 0
0.796624 0.616288 0
0.799065 0.614015 0
0.800625 0.614058 0
0.801691 0.613563 0
0.803798 0.613632 0
0.804436 0.613288 0
0.805362 0.613444 0
0.805989 0.613469 0
0.805315 0.613212 0
0.809208 0.614288 1
0.809099 0.614239 0
0.80905 0.61422 0
0.808906 0.614149 0
0.808295 0.613886 0
0.806818 0.61295 0
0.808692 0.614185 0
0.807449 0.613187 0
0.805035 0.612149 0
0.805621 0.611365 0
0.800823 0.609328 0
0.788872 0.607585 0
0.771064 0.665294 0
0.771207 0.668042 0
0.770077 0.669252 0
0.769774 0.670481 0
0.770276 0.670517 0
0.770035 0.67244 0
0.769892 0.673177 1
0.770291 0.673815 0
0.770502 0.675165 0
0.769341 0.667505 0
0.706674 0.737679 0
0.711524 0.729317 0
0.713296 0.729443 1
0.702943 0.736984 0
0.367744 0.256874 1
0.681578 0.751836 0
0.686999 0.747013 1
0.688168 0.745654 0
0.707261 0.739314 0
0.712315 0.737742 0
0.714144 0.736706 1
0.714145 0.736708 0
0.714148 0.736712 0
0.714137 0.736719 0
0.71426 0.736734 0
0.714985 0.736903 0
0.710117 0.73407 0
0.773593 0.718115 0
0.776828 0.715874 0
0.777328 0.716979 0
0.777866 0.717876 0
0.778216 0.718443 0
0.778598 0.719837 0
0.778667 0.720387 0
0.779095 0.721098 0
0.779426 0.721952 0
0.77973 0.722565 0
0.77951 0.722435 0
0.779628 0.722892 0
0.779834 0.723262 0
0.780561 0.723918 0
0.780861 0.724304 0
0.780891 0.724368 1
0.780665 0.724402 0
0.781309 0.724966 0
0.783066 0.724448 0
0.784157 0.724366 0
0.785347 0.724676 0
0.787478 0.724354 0
0.788304 0.724809 0
0.789218 0.725001 0
0.790013 0.72528 0
0.791308 0.725602 0
0.792119 0.725843 0
0.768312 0.748373 1
0.756638 0.764439 0
0.746237 0.777547 1
0.73463 0.790688 0
0.107602 0.428311 1
0.107982 0.430692 0
0.10483 0.428097 0
0.103127 0.429851 0
0.102071 0.430573 1
0.10034 0.432149 0
0.09406 0.436191 0
0.0814772 0.484997 0
0.0850195 0.490343 1
0.0814229 0.489592 0
0.0788881 0.487518 0
0.0586433 0.478597 0
0.081948 0.726973 0
0.15341 0.755523 0
0.187936 0.769604 0
0.402394 0.890427 0
0.396295 0.897012 1
0.39966 0.899995 0
0.401659 0.905935 0
0.430664 0.887103 0
0.591287 0.885074 0
0.594222 0.883231 0
0.603529 0.883247 0
0.601606 0.893718 0
0.778017 0.895373 0
0.865189 0.722706 0
0.828868 0.707041 1
0.997204 0.727122 0
0.13497 0.780227 1
0.134917 0.780243 0
0.134632 0.78041 0
0.133737 0.780818 0
0.128679 0.780646 0
0.129377 0.827592 0
0.690569 0.90269 0
0.609334 0.901155 0
0.71523 0.953223 0
0.825666 0.699544 0
0 0.839398 0
0.103269 0.853928 0
0.511895 0.997956 0
0.474359 0.98798 0
0.502184 1 0
0.677713 0.951797 0
0.663101 0.942617 0
0.678944 0.946036 0
0.66376 0.951916 0
0.595343 0.948511 0
0.588639 0.945672 0
0.588682 0.943737 0
0.587207 0.942113 0
0.586634 0.939502 0
0.586071 0.937795 0
0.584707 0.933995 0
0.602413 0.910101 0
0.59839 0.911253 0
0.597819 0.910933 0
0.597028 0.909266 0
0.596055 0.908651 1
0.595045 0.908099 0
0.599124 0.910245 0
0.574726 0.935476 0
0.571136 0.936975 0
0.568629 0.932965 0
0.568299 0.928012 1
0.565796 0.926524 0
0.563854 0.925581 0
0.561301 0.923298 0
0.560556 0.92915 0
0.55874 0.926635 0
0.548436 0.918292 0
0.53846 0.914268 0
0.49265 0.916253 0
0.498661 0.919335 0
0.500457 0.923211 0
0.494517 0.908083 0
0.49366 0.906902 1
0.486844 0.90405 0
0.563709 0.890559 0
0.829258 0.53224 0
0.82386 0.534948 1
0.819998 0.542705 0
0.841922 0.568645 0
0.875472 0.670842 0
0.487287 0.860575 1
0.827947 0.670908 0
0.525193 0.864675 1
0.448308 0.867241 0
0.810472 0.614684 1
0.408279 0.245694 0
0.440407 0.20735 1
0.371806 0.209775 0
0.365572 0.218614 0
0.366482 0.221257 0
0.366878 0.222247 1
0.449316 0.182354 0
0.485667 0.218703 0
0.401915 0.261408 0
0.40524 0.259827 0
0.405549 0.2601 0
0.405569 0.260064 1
0.406382 0.260163 0
0.406389 0.260438 0
0.406482 0.260455 0
0.407448 0.261036 0
0.408408 0.261066 0
0.409869 0.262062 0
0.410855 0.261866 0
0.411763 0.262636 0
0.416375 0.261933 0
0.426354 0.266958 0
0.428111 0.266938 0
0.430905 0.267236 0
0.433461 0.267467 0
0.43857 0.269009 0
0.43992 0.269588 0
0.440802 0.270168 0
0.441212 0.270329 0
0.441244 0.270337 0
0.441253 0.270333 0
0.441258 0.27033 0
0.441258 0.27033 0
0.441259 0.27033 1
0.441274 0.269883 0
0.441371 0.268997 0
0.441836 0.268426 0
0.441674 0.268113 0
0.44161 0.268749 0
0.442493 0.261026 0
0.492306 0.260809 0
0.501415 0.267858 0
0.507531 0.274369 0
0.507828 0.273714 0
0.50784 0.27381 0
0.507615 0.273772 0
0.508131 0.273801 0
0.508651 0.274158 1
0.508805 0.274131 0
0.508959 0.274146 0
0.508888 0.274552 0
0.508601 0.274956 0
0.514562 0.272481 0
0.584319 0.31737 0
0.591447 0.31124 0
0.59156 0.312883 0
0.59271 0.312578 0
0.593292 0.312576 0
0.593927 0.312881 0
0.592478 0.312374 0
0.595608 0.312102 0
0.596648 0.311316 0
0.597499 0.312058 0
0.597696 0.31135 1
0.597696 0.31135 0
0.597696 0.31135 0
0.597696 0.31135 0
0.597696 0.311353 0
0.597683 0.311368 0
0.597646 0.311494 0
0.596864 0.312036 0
0.599904 0.309418 0
0.663288 0.331083 0
0.666961 0.337157 0
0.666992 0.335839 0
0.666554 0.334678 0
0.667583 0.330968 0
0.667749 0.329745 0
0.666452 0.325977 0
0.746211 0.386723 0
0.759237 0.390945 0
0.759828 0.392179 0
0.759882 0.391923 0
0.760683 0.391855 0
0.76137 0.391539 0
0.761981 0.391481 0
0.762628 0.391088 0
0.763413 0.391027 1
0.763803 0.390531 0
0.761494 0.391661 0
0.757163 0.374993 0
0.842213 0.510223 0
0.825678 0.47449 0
0.754092 0.691247 0
0.736122 0.69465 0
0.72253 0.766542 0
0.722902 0.76879 0
0.722878 0.768867 1
0.722876 0.768868 0
0.722871 0.768869 0
0.722878 0.768866 0
0.722876 0.76887 0
0.722886 0.768892 0
0.723049 0.768797 0
0.725251 0.763106 0
0.762091 0.732454 0
0.769669 0.742084 0
0.770419 0.743954 1
0.771117 0.744033 0
0.775606 0.739305 0
0.713621 0.66124 0
0.894353 0.473217 0
0.844103 0.501825 0
0.842756 0.504147 0
0.844338 0.50648 0
0.844367 0.506284 0
0.844544 0.506401 0
0.845171 0.507188 0
0.845579 0.507737 0
0.846516 0.508998 0
0.846738 0.508933 0
0.847092 0.509461 0
0.848091 0.509804 0
0.849073 0.509961 1
0.849875 0.509576 0
0.850173 0.509157 0
0.851446 0.508557 0
0.852195 0.508052 0
0.867933 0.500336 0
0.896606 0.481064 0
0.914586 0.479665 0
0.844525 0.34613 0
0.768888 0.233951 0
0.77268 0.258112 0
0.769975 0.255067 0
0.76797 0.251321 0
0.769362 0.248611 0
0.770936 0.247494 0
0.772528 0.246316 0
0.774439 0.246635 1
0.779638 0.245251 0
0.783988 0.243535 0
0.791206 0.244092 0
0.797414 0.242072 0
0.803141 0.243635 0
0.811278 0.24335 0
0.815455 0.244645 0
0.818555 0.250159 0
0.82701 0.248578 0
0.827908 0.257139 0
0.833015 0.25573 0
0.839533 0.24808 0
0.844485 0.277565 0
0.840254 0.266677 0
0.843492 0.269949 0
0.845765 0.26885 1
0.845816 0.268812 0
0.846371 0.269124 0
0.847369 0.265816 0
0.217768 0 0
0.206994 0.138237 0
0.196475 0.163836 1
0.155648 0.192551 0
0.1092 0.23225 0
0.0874367 0.272329 0
0.0742269 0.312054 1
0.0361174 0.349726 0
0.0449565 0.406539 1
0.030123 0.376284 0
0.141734 0.521268 0
0.149522 0.55166 0
0.263127 0.909479 0
0.297124 0.881458 0
0.296466 0.883895 1
0.305153 0.888824 0
0.314607 0.891082 0
0.322198 0.888256 0
0.333167 0.889973 0
0.347462 0.883424 0
0.358583 0.882128 1
0.360849 0.879933 0
0.362403 0.875509 0
0.364658 0.87299 0
0.367961 0.869809 0
0.373598 0.867136 0
0.377042 0.863611 1
0.378493 0.862482 0
0.379818 0.860684 0
0.370702 0.850653 0
0.526667 0.851478 1
0.202918 0.682158 0
0.145445 0.488984 1
0.211851 0.645646 0
0.213356 0.660431 0
0.212991 0.661332 0
0.213628 0.660048 0
0.214868 0.658793 0
0.21707 0.656364 0
0.218077 0.654077 0
0.218045 0.653835 0
0.219572 0.652145 0
0.220241 0.650996 0
0.221781 0.649198 0
0.22328 0.647955 1
0.223994 0.646679 0
0.224005 0.644379 0
0.221073 0.641766 0
0.217862 0.637741 0
0.197559 0.579991 0
0.200995 0.577604 0
0.203948 0.578464 0
0.20769 0.579456 1
0.209139 0.579926 0
0.21093 0.579798 0
0.21546 0.573456 0
0.21465 0.577682 0
0.225079 0.552145 0
0.228349 0.546954 0
0.232826 0.540166 0
0.237152 0.527862 0
0.239796 0.520698 0
0.240723 0.516345 0
0.242478 0.509736 0
0.243725 0.503006 0
0.243868 0.496027 0
0.243994 0.489636 0
0.244396 0.485279 0
0.244158 0.481174 1
0.245703 0.475342 0
0.24451 0.470238 0
0.245648 0.465643 0
0.245331 0.457634 0
0.248001 0.454658 0
0.248673 0.450447 0
0.249238 0.445559 0
0.248738 0.439232 0
0.248878 0.437666 0
0.247003 0.438684 0
0.251086 0.431772 0
0.252736 0.429366 0
0.251801 0.424194 0
0.252166 0.422517 0
0.250403 0.418158 0
0.252396 0.413931 1
0.254917 0.406205 0
0.258224 0.397941 0
0.263435 0.380529 0
0.272751 0.36907 0
0.277369 0.35991 0
0.280255 0.352554 0
0.290807 0.33842 0
0.299418 0.325993 1
0.299418 0.325993 0
0.299417 0.325993 0
0.299415 0.325998 0
0.299355 0.326063 0
0.29812 0.326845 0
0.29029 0.325423 0
0.263097 0.302255 0
0.479355 0.269886 0
0.435352 0.246737 0
0.382121 0.246205 0
0.381683 0.243712 0
0.381183 0.243924 0
0.381066 0.243393 0
0.381179 0.242895 0
0.380934 0.243092 0
0.378405 0.241485 0
0.43595 0.229099 0
0.437341 0.233323 0
0.438255 0.233772 0
0.437835 0.233824 0
0.437344 0.233675 0
0.437085 0.233472 1
0.436713 0.233385 0
0.436863 0.23284 0
0.43714 0.232682 0
0.437365 0.232467 0
0.437422 0.232178 0
0.437129 0.232351 0
0.437044 0.23209 0
0.447153 0.232821 0
0.571607 0.194008 0
0.56706 0.215715 0
0.568726 0.217548 0
0.569756 0.218366 0
0.569954 0.217912 0
0.57061 0.218777 0
0.571218 0.215482 0
0.595158 0.232628 0
0.594459 0.237017 0
0.594268 0.236683 1
0.594498 0.236186 0
0.59344 0.236956 0
0.593013 0.237158 0
0.592829 0.237763 0
0.594013 0.238575 0
0.594912 0.238494 0
0.595492 0.238552 0
0.595947 0.238934 0
0.598194 0.237199 0
0.595947 0.239261 0
0.597015 0.239196 0
0.596304 0.239875 0
0.598422 0.237812 0
0.60201 0.236174 0
0.601178 0.237655 0
0.60036 0.238509 0
0.601968 0.238604 0
0.60318 0.239259 0
0.603551 0.239804 0
0.6037 0.240126 0
0.600342 0.241068 0
0.599252 0.241378 1
0.599302 0.241422 0
0.599307 0.241735 0
0.600987 0.243252 0
0.583343 0.229586 0
0.582224 0.230753 0
0.582004 0.231087 0
0.580238 0.229637 0
0.580793 0.230901 1
0.578696 0.227594 0
0.640758 0.225753 0
0.802104 0.45628 0
0.800748 0.456313 0
0.80053 0.456631 0
0.800517 0.456701 1
0.799671 0.455858 0
0.800139 0.455968 0
0.800979 0.455866 0
0.801219 0.452507 0
0.801192 0.454633 0
0.798434 0.44117 0
0.800994 0.440796 0
0.797077 0.407635 0
0.793287 0.402746 0
0.794269 0.403826 0
0.793154 0.400318 0
0.792166 0.398533 1
0.79265 0.398448 0
0.793432 0.398128 0
0.797976 0.40018 0
0.789644 0.427305 0
0.66922 0.257584 0
0.762951 0.342514 0
0.675189 0.257826 0
0.672138 0.255196 0
0.7732 0.354115 0
0.741374 0.312089 0
0.680124 0.259802 0
0.680161 0.260649 0
0.680936 0.261292 0
0.67914 0.259701 0
0.678574 0.259235 0
0.67955 0.25969 1
0.679601 0.259584 0
0.679944 0.259982 0
0.680775 0.260753 0
0.682735 0.26233 0
0.775169 0.351616 0
0.774424 0.347925 0
0.681324 0.261473 0
0.688995 0.264511 0
0.712991 0.281696 0
0.757842 0.32655 0
0.682298 0.245329 0
0.680797 0.26069 0
0.694855 0.265913 0
0.754782 0.319971 0
0.686558 0.248617 0
0.684631 0.260444 0
0.682592 0.258868 0
0.681506 0.258396 0
0.681707 0.258272 0
0.681929 0.258347 0
0.681821 0.25875 0
0.68283 0.258603 0
0.686416 0.261207 0
0.682824 0.25872 0
0.683373 0.258078 0
0.683286 0.258221 0
0.683547 0.258814 0
0.684031 0.259239 0
0.685013 0.260445 0
0.684161 0.253271 0
0.713378 0.290995 0
0.740512 0.322567 0
0.742989 0.320267 0
0.744347 0.320142 0
0.744613 0.321181 0
0.744057 0.322195 0
0.743543 0.321446 0
0.743365 0.321941 0
0.743752 0.321541 0
0.743451 0.322066 1
0.742423 0.320624 0
0.744339 0.323879 0
0.744872 0.326185 0
0.745192 0.325675 0
0.745429 0.326188 0
0.744916 0.326963 0
0.743277 0.32659 0
0.744479 0.31552 0
0.799378 0.393116 0
0.802089 0.461829 0
0.797906 0.463094 0
0.79835 0.463029 0
0.798149 0.463 0
0.798011 0.463091 1
0.798108 0.46407 0
0.796857 0.465028 0
0.796879 0.466837 0
0.796803 0.467507 0
0.796162 0.467313 0
0.795467 0.468215 0
0.795657 0.469161 0
0.795521 0.468828 0
0.795523 0.469833 0
0.790601 0.466396 0
0.817751 0.481061 0
0.45529 0.810884 0
0.74053 0.690453 0
0.741181 0.689658 0
0.741113 0.689749 0
0.741106 0.689743 0
0.741106 0.689742 0
0.741106 0.689742 1
0.740937 0.690096 0
0.740669 0.690147 0
0.740371 0.690833 0
0.740436 0.688797 0
0.73942 0.691368 0
0.738945 0.691023 0
0.738836 0.692512 0
0.743341 0.676117 0
0.437166 0.702284 0
0.622974 0.76754 0
0.614488 0.77093 0
0.612928 0.769623 0
0.612864 0.76969 0
0.612852 0.769693 1
0.612578 0.769925 0
0.61212 0.770119 0
0.611618 0.76972 0
0.601235 0.783335 0
0.419479 0.789896 0
0.432907 0.792053 0
0.430732 0.793026 0
0.43093 0.793022 0
0.430902 0.793032 0
0.430904 0.793029 0
0.430904 0.793029 0
0.430904 0.793029 1
0.432722 0.792315 0
0.433528 0.789528 0
0.43225 0.78734 0
0.431862 0.784111 0
0.43255 0.781606 0
0.437026 0.78718 0
0.382343 0.66471 0
0.24512 0.592153 0
0.237638 0.602824 0
0.237105 0.604459 0
0.236895 0.604327 0
0.236901 0.60434 1
0.239165 0.604411 0
0.240193 0.60556 0
0.242363 0.602655 0
0.267476 0.607698 0
0.368292 0.717793 0
0.364345 0.717029 0
0.364207 0.717612 0
0.364107 0.717726 0
0.364075 0.717744 0
0.364076 0.717747 1
0.370542 0.714624 0
0.377548 0.71038 0
0.381947 0.709898 0
0.387394 0.71087 1
0.389946 0.707197 0
0.512372 0.334411 1
0.664513 0.421968 0
0.670758 0.419495 1
0.649345 0.408195 0
0.540443 0.737128 0
0.601158 0.754042 0
0.599847 0.752226 1
0.599606 0.751699 0
0.598379 0.750634 0
0.604935 0.742979 0
0.609147 0.560098 0
0.625859 0.55654 0
0.630269 0.559154 1
0.632813 0.560077 0
0.636573 0.55735 0
0.638411 0.561076 0
0.639556 0.562987 0
0.636016 0.567726 0
0.638056 0.570456 0
0.645169 0.565309 0
0.631869 0.55314 0
0.461934 0.363189 0
0.48461 0.316827 0
0.488275 0.316562 0
0.486831 0.316934 0
0.486397 0.316884 0
0.487483 0.316213 0
0.485304 0.317574 0
0.482109 0.317918 0
0.470908 0.33242 0
0.454316 0.34148 0
0.428909 0.434553 0
0.665281 0.609915 0
0.652501 0.590263 0
0.648176 0.592226 0
0.641021 0.603528 0
0.646685 0.59471 0
0.640585 0.604988 0
0.645028 0.59865 0
0.648273 0.59508 0
0.650021 0.593529 0
0.650225 0.59307 0
0.645927 0.599717 0
0.655241 0.585869 0
0.653369 0.590358 0
0.651889 0.593489 0
0.654808 0.590283 0
0.656357 0.588919 0
0.657252 0.589044 0
0.654766 0.59111 0
0.469927 0.534449 0
