0.0133404 0.470239 0
0.0139735 0.469803 0
0.0144421 0.468379 0
0.014988 0.466097 0
0.0157509 0.464133 0
0.016143 0.462475 0
0.016763 0.459751 0
0.0171165 0.457203 0
0.0179358 0.455321 0
0.0188258 0.452105 0
0.0196977 0.449077 1
0.0201686 0.448211 0
0.0207301 0.446509 0
0.0211425 0.444371 0
0.0215387 0.442614 0
0.0220423 0.441167 0
0.0228352 0.438014 0
0.0236164 0.433917 0
0.0238549 0.433137 0
0.0249442 0.430376 0
0.0250513 0.429778 0
0.0253063 0.428783 0
0.0262211 0.426536 0
0.0269094 0.424945 0
0.0277128 0.422516 0
0.0280527 0.422116 0
0.0295054 0.41883 0
0.0302255 0.417906 0
0.0310515 0.41781 0
0.0321877 0.415147 0
0.032969 0.413951 0
0.0333631 0.414217 0
0.0338175 0.412884 0
0.0341687 0.41218 0
0.0346665 0.410841 0
0.0350079 0.410454 0
0.035908 0.407752 0
0.0368813 0.405338 0
0.0377324 0.402756 0
0.0378379 0.403676 0
0.0379935 0.405664 0
0.0389719 0.403828 0
0.0398226 0.402528 0
0.040246 0.402492 0
0.0407425 0.40189 0
0.041345 0.401117 0
0.0416595 0.401804 0
0.0417661 0.40253 0
0.041505 0.403265 0
0.0408991 0.403859 0
0.039626 0.405653 0
0.0384686 0.405955 0
0.0367244 0.40802 0
0.0365447 0.405421 0
0.0365291 0.401766 0
0.0366669 0.397114 0
0.036677 0.393736 0
0.038048 0.38646 0
0.0394903 0.381089 0
0.0410979 0.375561 0
0.0398108 0.376631 0
0.0383749 0.380816 0
0.0350714 0.395045 0
0.0340859 0.39978 0
0.0333755 0.404735 0
0.0326954 0.410443 0
0.0320378 0.409823 0
0.0310331 0.40786 0
0.0314704 0.403611 0
0.032119 0.400952 0
0.0318503 0.400229 0
0.0325425 0.39562 0
0.0318256 0.395317 0
0.0311046 0.393826 0
0.0312816 0.395157 0
0.0321509 0.405043 0
0.0330555 0.39969 0
0.033 0.416023 0
0.0316942 0.413271 0
0.0303133 0.415418 0
0.0271662 0.430701 0
0.024699 0.444735 0
0.0229449 0.460734 0
0.0217994 0.473485 0
0.0206513 0.482309 0
0.0209807 0.477017 0
0.0213537 0.47114 0
0.0216702 0.463992 0
0.0229101 0.454209 0
0.0242667 0.44352 0
0.0245024 0.429892 0
0.0266845 0.412922 0
0.0285849 0.400769 0
0.0288381 0.393928 0
0.0284563 0.39029 0
0.0287088 0.38857 0
0.0285462 0.38798 0
0.0267968 0.389578 0
0.0260201 0.391608 0
0.0264606 0.390665 0
0.0257486 0.3929 0
0.0234288 0.397568 0
0.0217535 0.401402 0
0.0224604 0.399086 0
0.0220171 0.398911 0
0.0215832 0.398649 0
0.021146 0.39898 0
0.0209639 0.397735 0
0.0218005 0.394761 0
0.0219933 0.393525 0
0.0227472 0.39154 0
0.024238 0.389491 0
0.0261241 0.38831 0
0.0266295 0.390861 0
0.0261823 0.395508 0
0.0251858 0.401135 0
0.0247726 0.408207 1
0.0240478 0.416511 0
0.0241979 0.422777 0
0.023415 0.429103 0
0.0228698 0.434094 0
0.0230735 0.437367 0
0.0237503 0.439495 0
0.0235134 0.445405 0
0.0227694 0.453375 0
0.0214487 0.464099 0
0.0200684 0.473638 0
0.0190152 0.467846 0
0.0195756 0.524907 1
0.0553558 0.304085 0
0.0527973 0.307488 0
0.0425627 0.330323 0
0.0124362 0.459909 0
0.0114287 0.486506 0
0.0143938 0.551781 1
0.0334322 0.62751 0
0.89008 0.334574 1
0.661405 0.877546 0
0.017558 0.384649 1
0.0195213 0.367149 0
0.00292832 0.448879 0
0.0131962 0.62513 0
0.0785919 0.781801 1
0.1861 0.902564 0
0.410328 1 1
0.820753 0.844453 0
0.947862 0.556436 1
0.946855 0.428107 0
0.928501 0.341126 0
0.897236 0.261434 0
0.878251 0.225355 0
0.868654 0.208462 0
0.85051 0.181899 0
0.831932 0.158013 0
0.819389 0.143945 0
0.805453 0.129243 0
0.800209 0.124777 1
0.793286 0.118883 0
0.791535 0.119066 0
0.791956 0.121753 0
0.79799 0.130376 0
0.808131 0.143004 0
0.828692 0.167539 0
0.863062 0.217017 0
0.905969 0.303591 1
0.941528 0.46568 0
0.697507 0.937602 1
0.134762 0.849131 0
0.0428611 0.701075 1
0.0219137 0.632503 0
0.0143894 0.583068 0
0.0135629 0.566711 0
0.0149447 0.566425 1
0.014165 0.561841 0
0.0145238 0.56073 0
0.0155373 0.560337 0
0.016734 0.558814 0
0.0182822 0.557166 0
0.0199293 0.553709 0
0.0215243 0.548368 0
0.0232319 0.543691 0
0.0246039 0.534853 0
0.0257643 0.523124 0
0.0264475 0.498283 0
0.0270003 0.487751 0
0.0270994 0.474231 0
0.0283007 0.459018 1
0.0272367 0.445597 0
0.0275617 0.432818 0
0.0289268 0.42223 0
0.0307516 0.414781 0
0.0251924 0.464124 0
0.0436786 0.63319 0
0.0711886 0.700933 0
0.138969 0.798721 1
0.157791 0.811705 0
0.18739 0.833558 0
0.212288 0.855792 0
0.117056 0.77225 0
0.157173 0.822759 0
0.060788 0.685496 1
0.0186158 0.493762 0
0.0375448 0.554685 0
0.0396774 0.563389 0
0.0414272 0.568914 0
0.0423704 0.571039 0
0.0429856 0.570841 0
0.0423744 0.571859 0
0.041034 0.572106 0
0.039875 0.565987 0
0.0389997 0.561586 0
0.0387103 0.565294 0
0.0385941 0.569119 0
0.0382747 0.574916 0
0.0388574 0.583265 0
0.0408459 0.596683 0
0.0412847 0.598833 0
0.0420621 0.601244 0
0.0431274 0.604906 0
0.0174047 0.578279 0
0.0201347 0.579732 0
0.0223868 0.588669 0
0.0195551 0.572693 1
0.0224155 0.581498 0
0.0232775 0.575024 0
0.0233274 0.567033 0
0.0241518 0.566829 0
0.0235316 0.553006 0
0.0233799 0.535417 0
0.0236216 0.519639 0
0.0234381 0.50614 0
0.0239193 0.49374 0
0.0246217 0.481708 0
0.0243917 0.472699 0
0.0240309 0.464555 0
0.0249719 0.454406 0
0.0253531 0.443936 0
0.0250405 0.435211 0
0.0242282 0.429517 0
0.0225869 0.423464 0
0.0247178 0.412996 0
0.0256937 0.406513 0
0.0243972 0.404881 0
0.0239321 0.4043 0
0.0228004 0.404344 0
0.0207516 0.405623 0
0.0198398 0.405364 0
0.0256639 0.385988 0
0.0285596 0.378891 1
0.0287857 0.378606 0
0.0291361 0.379924 0
0.0270978 0.386543 0
0.0263338 0.392681 0
0.0262313 0.397265 0
0.0257745 0.405144 0
0.0243295 0.418268 0
0.0216312 0.433881 1
0.0190649 0.451932 0
0.0166592 0.464564 0
0.0150899 0.461019 0
0.0223109 0.594631 0
0.899314 0.319029 0
0.890677 0.294469 0
0.933635 0.473447 0
0.89789 0.684937 1
0.92522 0.606945 0
0.935853 0.443797 0
0.930075 0.401716 0
0.927631 0.388632 1
0.921009 0.358744 0
0.917624 0.344723 0
0.912007 0.326101 0
0.904659 0.303606 0
0.896239 0.281354 0
0.88434 0.254079 0
0.876579 0.238525 0
0.867765 0.22216 0
0.857089 0.204316 0
0.846135 0.187842 0
0.835861 0.173556 0
0.827074 0.162709 0
0.819536 0.154083 0
0.808271 0.142011 1
0.803506 0.137737 0
0.799329 0.132601 0
0.792641 0.125234 0
0.788159 0.119708 0
0.791151 0.122486 0
0.792447 0.123485 0
0.797241 0.127925 0
0.794495 0.125289 1
0.801224 0.133606 0
0.805412 0.139995 1
0 0.595375 0
0.00166461 0.42211 1
0.00276641 0.436225 0
0.0034117 0.454239 0
0.00472443 0.475039 0
0.00521037 0.473856 0
0.00570033 0.479686 0
0.00669474 0.480831 0
0.00738338 0.481739 0
0.00797028 0.481541 1
0.00830514 0.487982 0
0.0544911 0.714284 1
0.928185 0.545926 0
0.925933 0.558595 1
0.875717 0.724313 0
0.628882 0.952066 0
0.243754 0.918113 0
0.102085 0.781075 1
0.0462172 0.665694 0
0.01948 0.469883 0
0.0284387 0.410833 0
0.0475465 0.648555 1
0.0367565 0.394969 0
0.0309413 0.46393 0
0.0432312 0.583062 0
0.466825 0.931144 0
0.792017 0.799943 0
0.691964 0.883549 1
0.636433 0.916876 0
0.689078 0.891857 0
0.629818 0.918722 0
0.465576 0.945747 0
0.322577 0.920525 0
0.241392 0.886222 0
0.201382 0.861811 0
0.175942 0.845778 0
0.0526872 0.591428 0
0.0559104 0.602704 0
0.0602089 0.620534 0
0.0654124 0.63311 0
0.0667545 0.636929 0
0.699309 0.89615 0
0.669611 0.91675 0
0.652718 0.925605 1
0.0475504 0.579207 0
0.0463704 0.580295 0
0.0462378 0.585141 0
0.0462776 0.591366 1
0.0462412 0.594923 0
0.0469333 0.599395 0
0.769603 0.860855 0
0.778656 0.854302 0
0.780645 0.84973 0
0.797687 0.831389 1
0.804481 0.822954 0
0.82244 0.797016 0
0.833803 0.778424 0
0.847215 0.752157 1
0.851711 0.743497 0
0.279286 0.0810154 1
0.270814 0.0890938 0
0.270379 0.0909136 1
0.269956 0.0913456 0
0.26318 0.0973269 0
0.270062 0.0958109 0
0.270166 0.0941726 0
0.271306 0.0928947 0
0.280293 0.0898645 0
0.283958 0.0883956 0
0.280426 0.0890752 0
0.287366 0.0868797 0
0.292065 0.0839625 0
0.288115 0.0851062 0
0.289983 0.0823639 0
0.296248 0.0767007 0
0.305808 0.0696958 0
0.311624 0.0641264 0
0.312672 0.0637534 0
0.323282 0.0584721 0
0.322977 0.0577819 1
0.324544 0.0553574 0
0.32365 0.0550349 0
0.324129 0.0528473 0
0.317198 0.0544004 0
0.318251 0.0520446 0
0.313394 0.0529371 1
0.311684 0.0512497 0
0.311069 0.04857 0
0.309488 0.0471665 0
0.304628 0.0452928 0
0.304231 0.0429823 0
0.30717 0.0406943 0
0.304813 0.0400217 0
0.299795 0.0402949 0
0.294867 0.0390783 0
0.290606 0.0406258 0
0.290481 0.039317 0
0.288188 0.0409999 0
0.281795 0.0431522 0
0.282331 0.0425676 0
0.276803 0.0441011 0
0.0892922 0.205508 0
0.509316 0.00292818 0
0.434742 0.00344583 1
0.423123 0.0049825 0
0.415763 0.00456864 0
0.414539 0.00483796 0
0.414361 0.00495459 0
0.431923 0.0022525 0
0.426971 0.00156462 0
0.450152 0 0
0.458561 0.000292695 0
0.460897 0.00156983 0
0.458966 0.00361355 0
0.449392 0.00716377 0
0.458666 0.0089081 0
0.470056 0.0100079 0
0.479254 0.0104398 0
0.488102 0.0108868 0
0.49548 0.0114168 0
0.496873 0.0108785 0
0.513345 0.0122219 0
0.512964 0.0122012 0
0.519794 0.0125899 0
0.532204 0.014256 0
0.540751 0.0156524 0
0.550074 0.0171514 0
0.558103 0.0185222 0
0.569121 0.0213156 0
0.57521 0.0225005 1
0.588581 0.0261676 0
0.604626 0.0301677 0
0.616652 0.0328781 0
0.632194 0.0373502 0
0.649738 0.0425913 0
0.657411 0.0443754 0
0.669762 0.048904 0
0.685874 0.0547676 0
0.69789 0.0576605 0
0.713643 0.0619885 0
0.727883 0.0657326 0
0.738271 0.0689289 1
0.742999 0.0714806 0
0.753279 0.0769891 0
0.766981 0.0848501 0
0.781099 0.0935691 0
0.792367 0.102405 0
0.804368 0.114209 0
0.817756 0.12728 0
0.828866 0.138386 0
0.843861 0.151893 0
0.857598 0.162797 0
0.871555 0.178297 0
0.883092 0.188994 0
0.892523 0.198889 0
0.900979 0.20912 0
0.910052 0.221448 0
0.920377 0.236679 1
0.930483 0.252561 0
0.94265 0.272865 0
0.955978 0.301606 0
0.97059 0.339634 0
0.982424 0.382009 0
0.992327 0.427381 0
0.998294 0.473885 0
1 0.523415 0
0.999075 0.566382 0
0.993508 0.610041 0
0.979395 0.648557 0
0.962046 0.67874 0
0.944513 0.704962 0
0.928385 0.724365 0
0.911346 0.742695 0
0.872178 0.725608 0
0.70597 0.846701 0
0.690496 0.844061 1
0.66065 0.854662 0
0.643141 0.848771 0
0.620642 0.846566 0
0.581628 0.85155 0
0.541756 0.851908 0
0.502412 0.84793 0
0.458098 0.837373 0
0.404284 0.822443 0
0.36013 0.799978 0
0.316889 0.772634 0
0.262883 0.732201 0
0.232018 0.694281 0
0.206306 0.65428 0
0.18691 0.615349 0
0.168338 0.56462 0
0.157332 0.510163 1
0.155822 0.455259 0
0.157916 0.395062 0
0.167439 0.339788 0
0.18773 0.285395 0
0.35818 0.142725 0
0.242068 0.228756 0
0.25314 0.223703 0
0.274276 0.212113 0
0.283003 0.213113 0
0.290049 0.214635 0
0.294712 0.216915 0
0.287679 0.231413 0
0.333156 0.179039 0
0.362978 0.164473 1
0.574364 0.151115 0
0.458626 0.115476 0
0.426831 0.102241 0
0.525669 0.135893 0
0.471139 0.165214 0
0.490498 0.203825 0
0.481856 0.241493 0
0.460095 0.288611 0
0.469036 0.338668 0
0.472266 0.398892 0
0.472355 0.476902 0
0.473753 0.532336 0
0.473765 0.533136 0
0.473766 0.533205 0
0.473766 0.533219 0
0.473766 0.533226 0
0.473767 0.533227 0
0.473767 0.533227 0
0.473767 0.533226 0
0.473767 0.533226 0
0.473767 0.533226 0
0.473767 0.533226 0
0.473767 0.533226 0
0.473767 0.533226 0
0.473767 0.533226 0
0.473767 0.533226 0
