0.211831 0.20285 0
0.211453 0.202903 0
0.211274 0.202971 0
0.211541 0.203116 0
0.211745 0.202763 0
0.211857 0.202886 0
0.211484 0.202732 1
0.211381 0.202877 0
0.212123 0.201775 0
0.21353 0.199863 0
0.213233 0.199156 0
0.21314 0.199108 0
0.211704 0.200963 0
0.210961 0.202871 0
0.210492 0.202762 0
0.211129 0.200885 0
0.210347 0.201637 0
0.210403 0.201954 0
0.209662 0.202428 0
0.20944 0.202393 0
0.209645 0.202759 0
0.209346 0.204107 0
0.209155 0.204512 0
0.208552 0.205348 0
0.20826 0.205506 0
0.208198 0.205379 0
0.20702 0.206505 0
0.211031 0.200769 0
0.208082 0.204859 0
0.209801 0.203206 0
0.2102 0.203056 0
0.209601 0.203504 0
0.209208 0.203877 0
0.209322 0.203943 0
0.207761 0.206392 0
0.209637 0.204193 0
0.208353 0.205596 0
0.211155 0.201415 0
0.210614 0.20209 0
0.210536 0.201628 0
0.21074 0.201067 1
0.210054 0.201821 0
0.210645 0.200867 0
0.210435 0.201633 0
0.212244 0.199244 0
0.211777 0.199912 0
0.908148 0.468703 0
0.907835 0.46463 0
0.907966 0.469501 0
0.907736 0.458255 0
0.907547 0.454735 1
0.907491 0.455324 0
0.907092 0.455768 0
0.907188 0.456764 0
0.907024 0.452109 0
0.906655 0.463921 0
0.905172 0.49664 0
0.90226 0.525321 0
0.895004 0.565075 0
0.877049 0.622681 0
0.851122 0.675825 1
0.736575 0.801297 0
0.304412 0.820973 1
0.135053 0.623661 0
0.155915 0.285551 0
0.187767 0.237763 0
0.197497 0.226292 1
0.201067 0.222153 0
0.20372 0.219877 0
0.203416 0.220945 0
0.207214 0.217681 0
0.209116 0.216539 0
0.210487 0.215724 0
0.213316 0.2134 0
0.214254 0.212509 0
0.214414 0.209739 0
0.215141 0.209288 0
0.21818 0.206676 0
0.219498 0.205461 0
0.221727 0.203427 0
0.223773 0.202936 0
0.226931 0.200863 0
0.228117 0.200194 0
0.228249 0.201684 0
0.228687 0.202189 0
0.229629 0.202222 0
0.231482 0.201359 0
0.233826 0.200073 0
0.234932 0.199624 0
0.235871 0.198873 0
0.237938 0.197334 0
0.240043 0.195591 0
0.241001 0.194535 0
0.241161 0.195034 0
0.241236 0.195369 0
0.240667 0.196296 0
0.240504 0.196982 0
0.241534 0.19525 0
0.240637 0.194863 0
0.241221 0.192836 0
0.242855 0.190204 0
0.244333 0.1879 0
0.24576 0.18495 0
0.247156 0.181935 0
0.248715 0.178714 0
0.251228 0.17537 0
0.253254 0.171451 1
0.251645 0.171605 0
0.252703 0.16893 0
0.254903 0.165043 0
0.255928 0.163101 0
0.258782 0.159714 0
0.262169 0.156458 0
0.260612 0.154585 0
0.26381 0.150411 0
0.264302 0.150036 0
0.264534 0.147443 0
0.263783 0.144764 0
0.265859 0.14132 0
0.267094 0.138628 0
0.266872 0.13601 0
0.267584 0.132478 0
0.268224 0.129116 1
0.271426 0.124282 0
0.274705 0.119779 0
0.274816 0.116746 0
0.274584 0.113534 0
0.272642 0.111604 0
0.269363 0.110028 0
0.259424 0.112796 0
0.242736 0.119698 1
0.225247 0.127962 0
0.0863007 0.312773 1
0.241492 0.846488 0
0.629995 0.917826 1
0.749858 0.867857 0
0.654521 0.915565 1
0.0960408 0.257918 0
0.24031 0.0929614 1
0.242036 0.0897636 0
0.214148 0.109082 0
0.150202 0.169787 0
0.0394125 0.421172 1
0.356468 0.92361 0
0.584775 0.940213 1
0.636736 0.926331 0
0.687297 0.907683 0
0.665858 0.914235 0
0.632297 0.922831 1
0.628795 0.920826 0
0.779172 0.84477 0
0.615841 0.0338514 0
0.382345 0.0400046 0
0.317475 0.0670638 0
0.356925 0.0543438 1
0.416688 0.0400686 0
0.44759 0.037415 0
0.461589 0.0386195 0
0.466661 0.040758 0
0.471123 0.0422796 0
0.456561 0.0481344 0
0.460635 0.0480103 0
0.445795 0.0507677 1
0.420587 0.0557681 0
0.399485 0.0615031 0
0.400256 0.062828 0
0.476204 0.0518416 0
0.459922 0.0539846 0
0.438099 0.0572854 1
0.40301 0.0657745 0
0.32958 0.0928755 0
0.181428 0.206999 0
0.082946 0.474573 0
0.083849 0.473759 0
0.0862406 0.456967 1
0.0896676 0.438647 0
0.0923842 0.435585 0
0.095726 0.422218 0
0.113428 0.354539 0
0.135512 0.302929 0
0.158413 0.264261 0
0.191897 0.218872 0
0.216222 0.195301 0
0.235497 0.180262 0
0.262586 0.161318 0
0.279308 0.152585 0
0.281014 0.154895 1
0.24588 0.184495 0
0.277899 0.160306 0
0.268145 0.169724 0
0.274513 0.166495 0
0.264262 0.164435 0
0.272979 0.165722 0
0.270249 0.167199 0
0.271766 0.165543 0
0.270911 0.164801 0
0.254439 0.172284 0
0.245242 0.177785 0
0.247318 0.174745 0
0.253147 0.171065 0
0.268688 0.163884 0
0.274613 0.160809 0
0.282027 0.157472 0
0.276229 0.159685 0
0.269554 0.161441 0
0.28704 0.153643 0
0.257227 0.165481 0
0.251874 0.166796 0
0.265135 0.152524 0
0.32691 0.111437 0
0.313284 0.115285 0
0.306089 0.116175 0
0.302092 0.11412 0
0.317221 0.0970891 0
0.303838 0.107338 0
0.304974 0.105213 0
0.307282 0.101242 0
0.309796 0.0983686 0
0.315848 0.0937591 0
0.327811 0.0862102 0
0.336472 0.0811151 1
0.341891 0.0793319 0
0.371282 0.0669124 0
0.467315 0.046283 0
0.445255 0.0480913 0
0.498048 0.0423625 0
0.435449 0.0468006 0
0.445309 0.0450652 0
0.433865 0.047003 0
0.473018 0.0426366 0
0.424959 0.049138 0
0.3868 0.0564315 0
0.359557 0.0636991 0
0.337706 0.0698759 0
0.33891 0.0608196 0
0.327643 0.0707892 0
0.331405 0.0647711 0
0.33338 0.063807 0
0.339319 0.0625665 0
0.338092 0.0632319 0
0.340607 0.0543132 0
0.329968 0.0653014 0
0.320085 0.0730315 0
0.306365 0.080832 0
0.300018 0.086729 0
0.293594 0.0954951 0
0.285256 0.0999804 0
0.280649 0.10353 0
0.280976 0.10612 0
0.278702 0.10958 0
0.270609 0.112102 0
0.271573 0.112321 0
0.273728 0.108218 1
0.274671 0.106885 0
0.276964 0.102413 0
0.278234 0.100848 0
0.278826 0.097619 0
0.278332 0.0936169 0
0.27872 0.0886885 0
0.279582 0.0856521 0
0.281593 0.081617 0
0.286015 0.0782868 0
0.278162 0.0838562 1
0.277206 0.0788908 0
0.270708 0.0840961 0
0.255644 0.0907987 0
0.171586 0.157999 1
0.127389 0.73934 0
0.93154 0.642568 1
0.962729 0.439958 0
0.960506 0.438742 0
0.959863 0.431581 0
0.96066 0.437889 0
0.960587 0.446817 0
0.960549 0.448165 0
0.964505 0.455944 0
0.9649 0.454057 1
0.96541 0.457233 0
0.963407 0.471233 0
0.962194 0.486727 0
0.954885 0.531529 0
0.926451 0.630136 0
0.723489 0.86236 1
0.244406 0.120763 0
0.314471 0.0796281 1
0.353241 0.0636634 0
0.905321 0.65713 1
0.944388 0.484943 0
0.93723 0.3914 0
0.935557 0.375605 0
0.909534 0.29255 0
0.689335 0.070699 0
0.647405 0.0511202 0
0.632694 0.042332 0
0.586506 0.0276007 1
0.535593 0.0173161 0
0.541246 0.0202921 0
0.520582 0.016794 0
0.45216 0.0175548 0
0.451219 0.0149867 0
0.445518 0.0120693 0
0.436917 0.0102419 0
0.42731 0.00916504 0
0.417467 0.0079807 0
0.400139 0.00898147 0
0.379396 0.0122589 0
0.364073 0.0130462 1
0.346589 0.0161035 0
0.347308 0 0
0.337141 0.00325952 0
0.325112 0.00635961 0
0.310431 0.010796 0
0.29148 0.019078 0
0.273176 0.0277773 0
0.254488 0.0380972 0
0.23531 0.0492816 0
0.217162 0.0599029 1
0.201052 0.07014 0
0.186559 0.0806006 0
0.171883 0.0926878 0
0.156737 0.105305 0
0.139336 0.121622 0
0.124916 0.137179 0
0.109805 0.154151 0
0.0946882 0.173049 0
0.0797068 0.193139 0
0.0667953 0.211853 0
0.0537746 0.235076 0
0.0427222 0.258561 1
0.0329084 0.283537 0
0.0239378 0.310359 0
0.0126036 0.349682 0
0 0.425843 0
0.00524622 0.552936 0
0.0611124 0.715413 1
0.18294 0.86258 0
0.320478 0.941833 0
0.42026 0.967281 0
0.479828 0.970962 0
0.542408 0.967655 0
0.607372 0.954799 1
0.66469 0.93504 0
0.715108 0.910024 0
0.766139 0.875288 0
0.834226 0.815807 0
0.914892 0.705328 0
0.967558 0.429368 1
0.772893 0.100242 0
0.855269 0.177674 0
0.853144 0.178867 0
0.81009 0.135376 0
0.787194 0.116891 0
0.807578 0.134849 1
0.820688 0.148133 0
0.859361 0.189952 0
0.842076 0.169643 0
0.827552 0.153158 0
0.816921 0.141309 0
0.799696 0.125285 0
0.771549 0.103683 0
0.75395 0.0910879 0
0.731643 0.0788664 0
0.688606 0.0590829 0
0.665562 0.0532843 0
0.645756 0.0508333 0
0.633513 0.0498717 0
0.626873 0.0513876 1
0.571176 0.0430738 0
0.603473 0.0516241 0
0.621917 0.0586548 0
0.612333 0.0583189 0
0.60484 0.0592334 0
0.596429 0.059478 0
0.589293 0.0592186 0
0.586816 0.0591679 0
0.58565 0.0600102 0
0.589714 0.0629321 0
0.595205 0.0631193 0
0.610811 0.0670007 1
0.623688 0.0679832 0
0.64854 0.0755549 0
0.667469 0.0782854 0
0.67732 0.0745798 0
0.686595 0.0716062 0
0.691483 0.067482 0
0.69152 0.0626475 0
0.681803 0.0576141 0
0.664979 0.0495684 0
0.597167 0.0268316 0
0.6281 0.0315425 0
0.60855 0.0251915 1
0.528609 0.0123353 0
0.498427 0.0131087 0
0.183512 0.140224 0
0.117897 0.216403 1
0.0785859 0.29133 0
0.400257 0.927496 1
0.663546 0.909409 0
0.930063 0.646458 1
0.96342 0.492607 0
0.947292 0.358491 0
0.916645 0.276939 0
0.904132 0.251541 0
0.885405 0.225141 0
0.879013 0.215281 0
0.872227 0.218768 0
0.869104 0.212766 1
0.875907 0.218059 0
0.882971 0.224469 0
0.891787 0.234411 0
0.886249 0.228313 0
0.88399 0.227536 0
0.88057 0.221426 0
0.815677 0.803832 0
0.883485 0.229979 0
0.889166 0.240371 0
0.929727 0.326625 0
0.89025 0.246927 0
0.878169 0.232249 1
0.881995 0.239029 0
0.921699 0.315935 0
0.867519 0.216554 0
0.853271 0.757218 0
0.879711 0.722095 0
0.890259 0.705629 1
0.889998 0.70364 0
0.90095 0.682542 0
0.905373 0.668213 0
0.904244 0.669577 0
0.926358 0.616054 0
0.892875 0.263725 0
0.883714 0.248412 0
0.876181 0.239637 0
0.868476 0.226657 0
0.860819 0.216369 1
0.856749 0.210751 0
0.856124 0.206213 0
0.860154 0.211325 0
0.860428 0.207969 0
0.862098 0.205258 0
0.866107 0.206976 0
0.871019 0.210868 0
0.87487 0.214071 0
0.880637 0.220242 0
0.888105 0.228532 0
0.895889 0.230817 0
0.906512 0.240341 0
0.911962 0.243721 0
0.904611 0.250603 0
0.913234 0.261122 0
0.924518 0.268408 1
0.933286 0.278259 0
0.94153 0.287992 0
0.953535 0.304663 0
0.961998 0.311331 0
0.968481 0.319027 0
0.974814 0.332324 0
0.979318 0.342554 0
0.979334 0.342494 0
0.987805 0.363596 0
0.991161 0.376006 0
0.993918 0.390046 0
0.992687 0.39139 0
0.995668 0.40065 0
0.995159 0.407518 0
1 0.426565 0
0.998064 0.440997 0
0.999003 0.461334 0
0.997176 0.485758 0
0.991419 0.496447 0
0.994672 0.531185 0
0.985021 0.569844 0
0.975724 0.589654 0
0.968421 0.606703 0
0.957472 0.63744 1
0.950463 0.64222 0
0.932849 0.689223 0
0.923217 0.699742 0
0.904211 0.731535 0
0.88158 0.764663 0
0.860364 0.792864 1
0.837836 0.817254 0
0.827279 0.830976 0
0.817515 0.841586 0
0.810568 0.850018 0
0.79888 0.859888 0
0.794449 0.865067 0
0.799986 0.861762 0
0.196349 0.104881 0
0.612087 0.949663 0
0.605178 0.948974 0
0.608058 0.945984 0
0.605225 0.945203 0
0.602383 0.942521 0
0.601208 0.942549 0
0.602582 0.943417 0
0.60077 0.942189 0
0.602038 0.940055 0
0.598044 0.938679 1
0.596373 0.940504 0
0.587055 0.943051 0
0.571953 0.95123 0
0.562795 0.954447 0
0.5668 0.949625 0
0.544652 0.958762 0
0.48426 0.96705 0
0.392764 0.956105 1
0.316458 0.93215 0
0.126895 0.801042 0
0.134323 0.810667 0
0.13274 0.816021 0
0.160925 0.850693 0
0.205024 0.889346 0
0.212416 0.902517 0
0.266673 0.936998 0
0.185597 0.885127 0
0.267621 0.940066 0
0.326536 0.965161 0
0.570327 0.997669 0
0.551811 0.998271 0
0.388789 0.98533 0
0.481085 0.999237 0
0.517197 1 0
0.5504 0.998745 0
0.552633 0.998857 0
0.481358 0.997381 0
0.419596 0.98829 0
0.536117 0.997603 0
0.530395 0.996898 0
0.514653 0.995415 0
0.500438 0.993004 0
0.504206 0.994308 0
0.515498 0.997599 0
0.487871 0.990728 0
0.475749 0.988991 0
0.460983 0.984833 0
0.4462 0.97768 0
0.425896 0.970472 0
0.405232 0.962644 0
0.382178 0.949266 0
0.388643 0.951022 0
0.334067 0.919954 0
0.318091 0.911001 0
0.282727 0.884126 0
0.292984 0.888511 0
0.238738 0.853624 0
0.230999 0.843505 0
0.212668 0.823463 0
0.193104 0.800126 0
0.182453 0.780023 0
0.172315 0.769248 0
0.169954 0.757305 0
0.139938 0.715567 0
0.134518 0.684834 0
0.111051 0.644914 0
0.116739 0.640661 0
0.098642 0.589071 0
0.102269 0.57723 0
0.105581 0.58928 1
0.0975071 0.509201 0
0.102392 0.466326 0
0.11371 0.430314 0
0.119998 0.416732 0
0.133142 0.377689 0
0.142795 0.352269 0
0.164646 0.309596 0
0.180786 0.274282 0
0.195824 0.260658 0
0.216661 0.239607 0
0.235603 0.224432 0
0.218346 0.234397 0
0.266547 0.198251 0
0.282904 0.193961 0
0.291784 0.182676 0
0.321203 0.172378 0
0.32238 0.169409 0
0.365111 0.157201 0
0.401157 0.152187 0
0.405798 0.151938 1
0.441028 0.145821 0
0.470159 0.150147 0
0.488621 0.157039 0
0.525309 0.160589 0
0.549054 0.170559 0
0.581185 0.186343 0
0.613031 0.196881 0
0.647088 0.225935 0
0.682507 0.250691 0
0.753306 0.33505 0
0.727212 0.322681 0
0.785405 0.529055 1
0.761267 0.603117 0
0.704046 0.298775 0
0.75664 0.470659 0
0.737695 0.41384 0
0.743338 0.437179 0
0.681009 0.629005 0
0.527018 0.71601 0
0.617229 0.662043 1
0.699892 0.501802 0
0.469822 0.668641 0
0.407644 0.635152 0
0.333862 0.542608 0
0.563167 0.31942 0
0.350028 0.575942 0
0.339012 0.521178 0
0.346599 0.478381 0
0.356218 0.493761 0
0.394749 0.402402 0
0.587067 0.594008 0
0.513904 0.608164 0
0.626617 0.539675 0
0.501311 0.360983 0
0.406075 0.439783 0
0.615847 0.493645 0
0.600859 0.450262 0
0.610381 0.451255 0
0.552369 0.555075 0
0.442577 0.431494 0
0.564154 0.459904 0
0.57111 0.50047 0
0.485293 0.500986 0
0.538892 0.478913 0
0.520534 0.48901 0
0.508102 0.467913 0
0.519302 0.487419 0
0.503213 0.477855 0
0.503073 0.47766 0
0.503047 0.477643 0
0.503049 0.477639 0
0.50305 0.477639 0
0.50305 0.477638 0
0.50305 0.477639 0
0.50305 0.477639 0
0.50305 0.477639 0
0.50305 0.477639 0
0.50305 0.477639 0
0.50305 0.477639 0
0.50305 0.477639 0
0.50305 0.477639 0
0.50305 0.477639 0
0.50305 0.477639 0
