0.761655 0.734614 0
0.695381 0.776093 0
0.684063 0.802532 0
0.684439 0.810716 0
0.665161 0.8256 1
0.657407 0.834559 0
0.648246 0.849405 0
0.633397 0.850944 0
0.627742 0.87479 0
0.614504 0.888572 0
0.613891 0.920312 0
0.603283 0.947265 0
0.585856 0.94476 0
0.564273 0.953779 0
0.545329 0.967129 0
0.523178 0.990829 0
0.499986 1 0
0.435542 0.880178 0
0.394065 0.871041 0
0.366212 0.864074 0
0.328086 0.85989 0
0.271224 0.842097 0
0.210508 0.821892 0
0.174928 0.803821 0
0.137134 0.77488 1
0.0831651 0.747548 0
0.0706816 0.730126 0
0.0600571 0.702346 0
0.0664214 0.676212 0
0.0603406 0.649313 0
0.0579983 0.627314 0
0.0714682 0.612173 0
0.0807749 0.582397 0
0.0946576 0.559663 0
0.109059 0.547732 0
0.11761 0.522899 0
0.115539 0.480092 0
0.139505 0.469858 0
0.145706 0.445784 1
0.163688 0.391203 0
0.184472 0.33807 0
0.180122 0.238623 0
0.232395 0.168553 0
0.294848 0.0791658 0
0.367716 0.0260025 0
0.42327 0.0370672 0
0.453875 0.00138705 0
0.466673 0.00296114 0
0.475725 0.000950673 0
0.484194 0 0
0.496183 0.000540059 0
0.506436 0.0109642 0
0.51043 0.0247789 0
0.521993 0.028568 0
0.529135 0.0231559 0
0.540283 0.0223757 0
0.547232 0.0157988 0
0.555425 0.0135548 0
0.560595 0.0147686 1
0.585867 0.00946444 0
0.611118 0.0121001 0
0.634679 0.0272189 0
0.662689 0.0308218 0
0.69149 0.0201332 0
0.70865 0.0526954 0
0.745499 0.0322569 0
0.77923 0.0500654 1
0.800131 0.0549318 0
0.829755 0.0719413 0
0.857908 0.076699 0
0.875395 0.0964449 0
0.893582 0.111818 0
0.906445 0.1221 0
0.932639 0.132464 0
0.926016 0.157007 0
0.922821 0.161965 0
0.894995 0.190659 0
0.885482 0.216428 0
0.879855 0.232469 0
0.871125 0.257846 0
0.868753 0.270118 1
0.878825 0.29479 0
0.882899 0.330974 0
0.887031 0.378378 0
0.868019 0.410816 0
0.88473 0.435886 0
0.878808 0.462538 0
0.875512 0.488909 0
0.85628 0.522962 0
0.850032 0.541825 0
0.840056 0.567644 0
0.820633 0.592227 0
0.802664 0.627827 1
0.798038 0.654319 0
0.790189 0.658544 0
0.78744 0.656553 0
0.784837 0.662949 0
0.785502 0.692869 0
0.555885 0.808688 0
0.568917 0.840439 0
0.561809 0.856051 0
0.5583 0.892783 0
0.541205 0.888176 0
0.525832 0.87916 0
0.514313 0.887331 0
0.498736 0.884649 0
0.488782 0.873494 1
0.462036 0.870755 0
0.416067 0.873877 0
0.383379 0.865955 0
0.340653 0.866867 0
0.289229 0.848315 0
0.266018 0.840532 0
0.219792 0.829951 0
0.190982 0.806163 0
0.112594 0.75058 0
0.0626423 0.724557 0
0.0377503 0.663514 0
0 0.55656 0
0.0148906 0.557973 0
0.0300314 0.545982 1
0.0690045 0.586731 0
0.112017 0.6332 0
0.144928 0.655614 0
0.145685 0.637425 0
0.142072 0.615519 0
0.161021 0.612526 0
0.177888 0.601488 0
0.191551 0.602763 1
0.215666 0.600914 0
0.195918 0.515301 0
0.201971 0.347746 0
0.203196 0.236341 0
0.248632 0.101685 0
0.292393 0.0346535 1
0.353811 0.0417667 0
0.435596 0.0120558 1
0.453298 0.00624331 0
0.452316 0.0293566 0
0.462328 0.0289921 0
0.43829 0.0985121 0
0.454174 0.0988392 0
0.438805 0.153753 0
0.459871 0.145224 0
0.472009 0.168297 0
0.470556 0.205843 0
0.477362 0.271097 0
0.484761 0.28623 0
0.500353 0.298763 0
0.510983 0.306239 0
0.522101 0.317878 0
0.522115 0.317895 1
