0.337521 0.937026 0
0.347302 0.946254 0
0.368364 0.951978 0
0.399394 0.953985 0
0.426001 0.95803 0
0.469223 0.959893 0
0.494772 0.95409 0
0.528217 0.944244 0
0.567138 0.932223 0
0.637914 0.915036 0
0.683491 0.897413 0
0.747815 0.879824 0
0.791873 0.850028 0
0.824926 0.819744 0
0.84999 0.785805 0
0.878139 0.750682 0
0.897784 0.720838 0
0.894814 0.698189 0
0.890649 0.675623 0
0.8955 0.644126 0
0.893537 0.618986 0
0.876489 0.625023 0
0.883721 0.586627 0
0.877207 0.56122 0
0.871313 0.525657 1
0.848392 0.513296 0
0.821296 0.501321 0
0.806918 0.471866 0
0.794402 0.438953 0
0.776531 0.397299 0
0.762549 0.364275 0
0.748604 0.328427 0
0.733178 0.294424 0
0.710662 0.259327 0
0.680858 0.217992 0
0.640497 0.171945 0
0.595716 0.129835 1
0.566073 0.104175 0
0.546943 0.096071 0
0.531548 0.0975103 0
0.51704 0.0924049 0
0.507813 0.0855462 0
0.497447 0.0798621 1
0.485377 0.0712341 0
0.475637 0.0645627 0
0.467594 0.060578 0
0.458351 0.0631399 0
0.448368 0.0637204 0
0.438701 0.0558843 0
0.426585 0.0427674 0
0.404501 0.0363266 0
0.381132 0.0315659 0
0.359073 0.0208354 0
0.324423 0.014397 0
0.285754 0.00766867 0
0.239062 0 0
0.207269 0.0107646 1
0.17406 0.0198716 0
0.143972 0.0319207 0
0.101726 0.0537474 0
0.0786815 0.0829984 0
0.0641516 0.113953 0
0.0472276 0.146461 1
0.0415377 0.163323 0
0.0353255 0.174961 0
0.0295745 0.190255 0
0.022483 0.210667 0
0.0152707 0.236366 0
0.0041148 0.272241 0
0 0.309766 0
0.0047394 0.33853 1
0.0117664 0.368943 0
0.0192488 0.4058 0
0.0244587 0.441753 0
0.0281705 0.481647 0
0.0332988 0.526837 0
0.0378851 0.568069 0
0.0416259 0.60043 0
0.0426568 0.643843 0
0.0562298 0.671035 0
0.0683281 0.719506 0
0.0851014 0.770879 0
0.102509 0.819033 0
0.11634 0.850396 0
0.125909 0.866385 1
0.136199 0.879216 0
0.156575 0.896411 0
0.184444 0.914237 0
0.206221 0.931893 0
0.231989 0.94875 0
0.258053 0.965599 0
0.286602 0.976664 0
0.317853 0.986319 0
0.352514 0.994571 0
0.389657 0.999528 0
0.430193 1 0
0.479611 0.992964 1
0.532244 0.985002 0
0.585115 0.977163 0
0.641711 0.965549 0
0.680903 0.9548 0
0.72331 0.933266 0
0.769511 0.906362 0
0.814183 0.875572 0
0.855426 0.839681 0
0.889365 0.798737 0
0.927728 0.746267 0
0.978984 0.644406 0
1 0.577952 1
0.997928 0.562903 0
0.978959 0.586078 0
0.941964 0.627558 0
0.889242 0.67126 0
0.824571 0.718435 0
0.53491 0.856459 1
0.687591 0.764111 0
0.5756 0.779556 0
0.550313 0.750356 0
0.572281 0.707073 0
0.628443 0.641623 0
0.669054 0.574785 0
0.710798 0.47331 0
0.701853 0.404275 1
0.683618 0.323091 0
0.632329 0.304364 0
0.30876 0.100466 0
0.394749 0.133552 0
0.4898 0.213234 0
0.194876 0.276413 1
0.471044 0.243196 0
0.369689 0.237112 0
0.419445 0.28032 0
0.354919 0.291081 0
0.362183 0.313138 0
0.360661 0.322258 0
0.361931 0.32903 0
0.364897 0.331686 0
0.365329 0.331967 0
0.365458 0.331945 0
0.365971 0.332041 0
0.365814 0.332188 0
