0.732817 0.930087 0
0.741909 0.918555 0
0.759883 0.90399 0
0.783533 0.88528 0
0.808146 0.86246 0
0.825146 0.837308 0
0.841003 0.807739 0
0.862992 0.776325 0
0.87422 0.743545 0
0.881255 0.70185 0
0.907089 0.666024 1
0.917133 0.617753 0
0.92553 0.564935 0
0.91909 0.4976 0
0.908223 0.426764 0
0.885615 0.355251 0
0.854406 0.292644 0
0.812358 0.235789 0
0.764448 0.180432 0
0.727612 0.168657 0
0.696904 0.166053 0
0.665832 0.156392 0
0.666251 0.17841 0
0.656574 0.183839 0
0.657711 0.200922 0
0.661909 0.213717 0
0.677247 0.232329 0
0.700779 0.254276 0
0.727574 0.279766 0
0.743213 0.308901 0
0.762934 0.321636 0
0.803679 0.380886 0
0.826475 0.410034 0
0.855517 0.431977 0
0.872448 0.457779 0
0.892513 0.475202 0
0.914971 0.487246 0
0.932359 0.498311 0
0.949548 0.508399 1
0.964027 0.510289 0
0.974326 0.492073 0
0.989991 0.443692 0
1 0.376083 1
0.993034 0.343988 0
0.978084 0.356403 0
0.807221 0.972861 0
0.383658 1 0
0.345418 0.982116 0
0.300919 0.960789 1
0.257494 0.929335 0
0.213137 0.891748 0
0.169522 0.83876 0
0.130421 0.773582 1
0.0969238 0.695759 0
0.0666254 0.56663 0
0.0887282 0.216548 0
0.0826593 0.229137 1
0.0736563 0.253149 0
0.059982 0.277646 0
0.0510983 0.279364 0
0.035581 0.289836 0
0.0210487 0.29502 0
0.00940465 0.300913 0
0.00350178 0.313903 0
0 0.327026 1
0.00682875 0.350558 0
0.0151342 0.372291 0
0.0222741 0.383751 0
0.0278577 0.389369 0
0.0313765 0.394918 0
0.0365749 0.407522 0
0.0422439 0.424386 0
0.0478215 0.4487 0
0.0552027 0.479611 0
0.0669028 0.516005 0
0.0795513 0.552578 0
0.0999603 0.592898 0
0.125439 0.634947 0
0.291092 0.91228 1
0.170191 0.706598 0
0.190766 0.749335 0
0.222209 0.787967 0
0.256042 0.824602 0
0.289104 0.860715 0
0.334145 0.897035 0
0.395597 0.9312 0
0.49074 0.971208 0
0.567443 0.983224 0
0.563756 0.964735 1
0.566144 0.943465 0
0.579798 0.923428 0
0.593699 0.903581 0
0.613482 0.885217 0
0.642326 0.869093 0
0.664065 0.844251 0
0.68044 0.81843 0
0.718093 0.787657 0
0.753754 0.7621 0
0.774605 0.723958 0
0.798872 0.67998 0
0.821875 0.634091 0
0.844738 0.583021 0
0.863929 0.531075 0
0.871842 0.477084 0
0.876224 0.402358 0
0.763309 0.0305186 0
0.860156 0.233971 0
0.84025 0.135087 0
0.803396 0.0881288 0
0.809096 0.0688735 0
0.689943 0.0036086 0
0.642668 0 0
0.640869 0.00984226 1
0.6671 0.029099 0
0.681957 0.0684402 0
0.65321 0.0850517 0
0.638238 0.120372 0
0.62446 0.166252 0
0.625255 0.214391 0
0.619981 0.271556 0
0.632821 0.35015 0
0.622431 0.43917 0
0.62519 0.596189 0
0.624048 0.583314 0
0.624055 0.598105 0
0.623878 0.602044 0
0.623882 0.601375 0
0.623872 0.601745 1
