0.467203 0.474171 1
0.467077 0.47411 0
0.467009 0.474076 0
0.466895 0.47402 0
0.466881 0.474013 0
0.466942 0.474043 0
0.466955 0.474049 0
0.467089 0.474115 0
0.467127 0.474133 0
0.46697 0.474056 0
0.46682 0.473981 0
0.466736 0.473938 0
0.466677 0.473908 0
0.466656 0.473894 0
0.466564 0.473844 0
0.466645 0.473885 0
0.466591 0.473857 0
0.466499 0.473808 0
0.466527 0.473824 0
0.466544 0.47383 0
0.466405 0.473758 0
0.466178 0.473639 0
0.466183 0.473643 0
0.466152 0.473626 0
0.465994 0.473538 0
0.465811 0.473433 0
0.465567 0.473298 0
0.466168 0.473611 0
0.46528 0.473136 0
0.46504 0.472999 0
0.465122 0.473045 0
0.465188 0.473087 0
0.465107 0.473043 0
0.464486 0.472695 0
0.46437 0.472631 0
0.463404 0.472085 1
0.463038 0.471877 0
0.462106 0.471347 0
0.461144 0.470806 0
0.460231 0.470291 0
0.458824 0.469493 0
0.458064 0.469061 0
0.456829 0.468355 0
0.456187 0.467989 0
0.455655 0.467681 0
0.452754 0.466024 0
0.449405 0.464107 0
0.447665 0.463109 0
0.448115 0.463367 0
0.445527 0.461872 0
0.443963 0.460959 0
0.443313 0.460574 0
0.4419 0.459728 0
0.439941 0.45858 0
0.437401 0.457066 0
0.435612 0.456013 0
0.434777 0.455523 0
0.431998 0.453858 0
0.431533 0.453581 0
0.430413 0.45288 0
0.427743 0.451245 0
0.425694 0.449979 0
0.423154 0.448391 0
0.420518 0.446705 0
0.417027 0.444489 0
0.416122 0.44393 0
0.412782 0.44181 0
0.409762 0.439873 0
0.408105 0.438804 0
0.408324 0.438923 0
0.403841 0.436041 0
0.401188 0.434325 1
0.397418 0.43186 0
0.392235 0.428452 0
0.38776 0.425495 0
0.380697 0.420814 0
0.375876 0.417624 0
0.369154 0.41315 0
0.363905 0.409639 0
0.358043 0.405708 0
0.349427 0.399916 0
0.341205 0.394393 0
0.3359 0.390884 0
0.333442 0.389295 0
0.33094 0.387606 0
0.329007 0.386266 0
0.322598 0.381815 0
0.316443 0.377507 0
0.312856 0.374999 0
0.309866 0.372863 0
0.305463 0.36968 0
0.299875 0.365576 0
0.29565 0.362473 0
0.290166 0.358381 0
0.284955 0.35444 0
0.280517 0.351036 0
0.276119 0.347618 0
0.272106 0.344487 0
0.268746 0.341872 0
0.265048 0.338955 0
0.261804 0.336335 0
0.258262 0.333395 0
0.25392 0.329807 0
0.249733 0.326286 0
0.246037 0.323104 0
0.242408 0.319975 0
0.236598 0.314879 1
0.233033 0.311772 0
0.228317 0.307588 0
0.223074 0.302866 0
0.217747 0.298043 0
0.212495 0.293233 0
0.209427 0.290378 0
0.20344 0.284763 0
0.198721 0.280289 0
0.194909 0.276596 0
0.189145 0.270961 0
0.184244 0.266094 0
0.178707 0.260504 0
0.173967 0.255621 0
0.169682 0.251122 0
0.165119 0.246252 0
0.1605 0.241218 0
0.155577 0.235742 0
0.152273 0.231988 0
0.148257 0.227398 0
0.143692 0.222036 0
0.139446 0.216933 0
0.134871 0.21134 0
0.130627 0.206051 0
0.126649 0.200981 0
0.122953 0.196087 0
0.120405 0.192648 0
0.117577 0.188752 0
0.114722 0.184616 0
0.111585 0.179881 0
0.109037 0.175823 0
0.106673 0.172046 0
0.1045 0.168213 0
0.102352 0.164287 0
0.100696 0.160844 0
0.0995279 0.157986 0
0.0986402 0.155168 1
0.0975976 0.151858 0
0.0968732 0.148636 0
0.0963946 0.145213 0
0.0959356 0.14247 0
0.0954685 0.139165 0
0.0951532 0.135611 0
0.0950208 0.132105 0
0.0949578 0.128257 0
0.0950109 0.124881 0
0.0952658 0.12155 0
0.0956796 0.117868 0
0.0962667 0.114011 0
0.0968653 0.110885 0
0.0976903 0.107731 0
0.0987819 0.104332 0
0.0999785 0.101063 0
0.101451 0.0977089 0
0.103633 0.0931835 0
0.104969 0.0903095 0
0.106983 0.086485 0
0.10931 0.0824133 0
0.111883 0.0781971 0
0.114647 0.0739363 0
0.117646 0.0695234 0
0.12084 0.0650282 0
0.12441 0.0601647 0
0.128729 0.0544622 0
0.133721 0.0480912 0
0.138837 0.0417253 0
0.143551 0.0359341 0
0.146212 0.0328344 0
0.148671 0.0301276 0
0.151521 0.0271805 0
0.154018 0.0247649 0
0.157368 0.0217662 0
0.160061 0.0194774 1
0.163367 0.0168442 0
0.166292 0.0146261 0
0.169425 0.0123183 0
0.172293 0.0103728 0
0.174773 0.0088358 0
0.177606 0.00725378 0
0.180209 0.00591316 0
0.182473 0.00490322 0
0.185124 0.0038906 0
0.18765 0.00304093 0
0.18961 0.00251605 0
0.192015 0.00192835 0
0.197863 0.00116868 0
0.197075 0.000976689 0
0.199423 0.000598038 0
0.202202 0.000337242 0
0.203837 0.000280128 0
0.207493 0.00012901 0
0.20915 4.32082e-05 0
0.211385 0 0
0.213623 7.34661e-05 0
0.215051 0.000245479 0
0.216442 0.000251488 0
0.219099 0.000517968 0
0.223011 0.000989775 0
0.22615 0.00151326 0
0.228869 0.00196938 0
0.235794 0.00336175 0
0.241619 0.00452848 0
0.249214 0.00603397 0
0.256397 0.0075266 0
0.263249 0.00900228 0
0.269906 0.0105568 0
0.276021 0.0120241 0
0.284821 0.0144178 1
0.291064 0.0158154 0
0.297543 0.0175129 0
0.303312 0.0190954 0
0.310463 0.0211854 0
0.319487 0.0239247 0
0.329695 0.0270687 0
0.33737 0.0294886 0
0.346333 0.0323922 0
0.35649 0.0357184 0
0.367806 0.0395208 0
0.378421 0.0431292 0
0.386803 0.0460196 0
0.395751 0.0491725 0
0.402527 0.0516319 0
0.407566 0.0535621 0
0.415932 0.0566373 0
0.42187 0.0589462 0
0.429069 0.0618635 0
0.43547 0.0644515 0
0.441587 0.0669716 0
0.447812 0.0698969 0
0.452662 0.071767 0
0.457944 0.0740873 0
0.463948 0.0768014 0
0.470276 0.0797934 0
0.477199 0.0831246 0
0.48337 0.0862959 0
0.489431 0.0891154 0
0.494669 0.0916821 0
0.500895 0.0949024 0
0.507155 0.0981774 0
0.513732 0.101692 0
0.520702 0.105473 0
0.527284 0.109126 0
0.535164 0.113596 0
0.543614 0.118453 1
0.55105 0.122824 0
0.55647 0.126059 0
0.56425 0.130828 0
0.571761 0.135516 0
0.581169 0.141472 0
0.589568 0.146897 0
0.597432 0.152045 0
0.604822 0.156974 0
0.612139 0.16197 0
0.619906 0.167362 0
0.629388 0.174098 0
0.641857 0.183048 0
0.640758 0.182235 0
0.647976 0.187373 0
0.654433 0.192112 0
0.663037 0.19838 0
0.672394 0.205279 0
0.681427 0.212064 0
0.689895 0.21849 0
0.700144 0.226326 0
0.709277 0.233405 0
0.721501 0.242947 0
0.734937 0.2535 0
0.747548 0.263461 0
0.758035 0.271786 0
0.771734 0.282655 0
0.779607 0.288877 0
0.78833 0.29599 0
0.79645 0.302723 0
0.80328 0.308535 0
0.810161 0.314692 0
0.818057 0.321645 0
0.826611 0.329226 0
0.834824 0.336669 0
0.843105 0.344346 1
0.851314 0.352128 0
0.859012 0.359604 0
0.865698 0.366246 0
0.872909 0.373619 0
0.880284 0.381368 0
0.88672 0.388245 0
0.893076 0.395201 0
0.899594 0.402524 0
0.905468 0.409295 0
0.911401 0.41635 0
0.917344 0.423587 0
0.932851 0.44319 0
0.937735 0.449034 0
0.942109 0.454507 0
0.946978 0.460878 0
0.951771 0.467317 0
0.9564 0.473793 0
0.960138 0.479094 0
0.963485 0.484161 0
0.966253 0.488706 0
0.969057 0.493701 0
0.972049 0.49906 0
0.975157 0.505054 0
0.984689 0.522678 0
0.987919 0.528484 0
0.991069 0.534577 0
0.993551 0.539937 0
0.995473 0.544768 0
0.996922 0.548602 0
0.998127 0.552838 0
0.998921 0.556474 0
0.999405 0.560122 0
0.999824 0.563998 0
1 0.567836 0
0.99978 0.571507 0
0.999289 0.57495 1
0.998454 0.579516 0
0.997528 0.583461 0
0.996284 0.587377 0
0.994635 0.591504 0
0.992673 0.595677 0
0.990424 0.59981 0
0.987841 0.604278 0
0.985248 0.60828 0
0.982433 0.612144 0
0.979071 0.616233 0
0.974973 0.620998 0
0.970839 0.625511 0
0.966724 0.629737 0
0.96301 0.633336 0
0.958597 0.637114 0
0.953552 0.641155 0
0.948878 0.644716 0
0.944712 0.647615 0
0.940558 0.650235 0
0.934818 0.653539 0
0.928605 0.656844 0
0.921623 0.660477 0
0.912319 0.665376 0
0.901012 0.671175 0
0.890354 0.676556 0
0.879826 0.681774 0
0.868522 0.687254 0
0.859223 0.691725 0
0.85007 0.69598 0
0.841562 0.699789 0
0.831901 0.704049 0
0.822305 0.70824 0
0.813391 0.712022 0
0.802618 0.716493 0
0.791472 0.720962 0
0.780483 0.725293 1
0.769917 0.729329 0
0.75792 0.73381 0
0.744722 0.738645 0
0.730706 0.743699 0
0.717362 0.748411 0
0.703466 0.753262 0
0.691564 0.757341 0
0.680538 0.76102 0
0.669504 0.764755 0
0.653622 0.770028 0
0.642181 0.77376 0
0.628761 0.778088 0
0.615598 0.782328 0
0.604009 0.78596 0
0.588978 0.790617 0
0.57331 0.795411 0
0.557261 0.80025 0
0.542989 0.804509 0
0.533136 0.807398 0
0.51925 0.811409 0
0.501034 0.816662 0
0.476342 0.823722 0
0.458208 0.828903 0
0.435956 0.835235 0
0.414624 0.841276 0
0.393096 0.847263 0
0.370481 0.853523 0
0.351687 0.858708 0
0.335317 0.86318 0
0.324691 0.865992 0
0.316411 0.868077 0
0.306516 0.870631 0
0.292562 0.874154 0
0.278986 0.877542 0
0.265321 0.880917 1
0.25613 0.883147 0
0.243498 0.886245 0
0.23097 0.88925 0
0.223034 0.891172 0
0.214308 0.893239 0
0.205634 0.895244 0
0.194363 0.897804 0
0.184179 0.900118 0
0.173639 0.902461 0
0.161536 0.905094 0
0.150628 0.907421 0
0.142132 0.909205 0
0.133483 0.910984 0
0.126875 0.912276 0
0.11806 0.914056 0
0.11064 0.915556 0
0.104718 0.916739 0
0.0984277 0.91795 0
0.0933699 0.918895 0
0.0878481 0.919879 0
0.0819829 0.920924 0
0.0759658 0.921957 0
0.0706743 0.922841 0
0.0652403 0.923738 0
0.0584964 0.924747 0
0.0539323 0.925504 0
0.0503814 0.925997 0
0.0443829 0.926802 0
0.0404257 0.927267 0
0.0389879 0.92743 0
0.0325425 0.928251 0
0.027511 0.928696 0
0.0250607 0.928924 0
0.0217738 0.929079 0
0.0187665 0.929103 0
0.0220578 0.928728 1
0.0176849 0.92895 0
0.0135397 0.928972 0
0.0100313 0.928743 0
0.00846936 0.928533 0
0.00794049 0.928402 0
0.00615228 0.928044 0
0.00435871 0.927279 0
0.00269833 0.926448 0
0.0015315 0.925865 0
0.00121154 0.925217 0
0.000442723 0.923892 0
4.13884e-05 0.922776 0
0 0.921864 0
0.000570571 0.920704 0
0.00144122 0.919357 0
0.00323357 0.916942 0
0.00614462 0.912893 0
0.00699948 0.911833 0
0.00884816 0.910057 0
0.010139 0.908804 0
0.016243 0.900847 0
0.0198196 0.896501 0
0.0211824 0.894839 0
0.0246147 0.890795 0
0.0279829 0.886945 0
0.0318012 0.882567 0
0.0329961 0.881176 0
0.0354126 0.878473 0
0.0395656 0.873934 0
0.042715 0.870562 0
0.0457562 0.867392 0
0.0509222 0.862 0
0.0560141 0.856862 0
0.0689151 0.843669 0
0.0737476 0.838707 1
0.0794156 0.832978 0
0.0816677 0.830658 0
0.0882259 0.824082 0
0.0924838 0.819854 0
0.0985772 0.813886 0
0.104011 0.808586 0
0.110637 0.802189 0
0.121804 0.791326 0
0.130177 0.783205 0
0.137514 0.776086 0
0.14305 0.770773 0
0.149249 0.764863 0
0.15566 0.758794 0
0.166307 0.748664 0
0.169206 0.745918 0
0.177828 0.737744 0
0.186849 0.729255 0
0.19709 0.719672 0
0.206414 0.710907 0
0.220077 0.69812 0
0.229907 0.688942 0
0.242297 0.67742 0
0.250562 0.669735 0
0.259432 0.661509 0
0.268761 0.652888 0
0.277363 0.644973 0
0.284752 0.638205 0
0.291067 0.632452 0
0.298957 0.625287 0
0.306041 0.618882 0
0.314305 0.61142 0
0.322531 0.603978 0
0.330597 0.596712 0
0.339956 0.588301 0
0.348932 0.580247 0
0.357536 0.572554 1
0.365663 0.565284 0
0.370707 0.560779 0
0.377812 0.55446 0
0.384726 0.548305 0
0.392781 0.541131 0
0.401827 0.533083 0
0.411999 0.524051 0
0.414509 0.521813 0
0.41681 0.519774 0
0.423639 0.513732 0
0.424093 0.513328 0
0.427145 0.510631 0
0.431424 0.506863 0
0.4361 0.50274 0
0.441013 0.498433 0
0.446859 0.493317 0
0.439527 0.499671 0
0.44434 0.495427 0
0.444432 0.495285 0
0.44498 0.494765 0
0.444693 0.494985 0
0.444186 0.495391 0
0.444224 0.49533 0
0.444165 0.495364 0
0.444162 0.495358 0
0.444159 0.495362 0
0.443948 0.495542 0
0.443837 0.495645 0
0.443979 0.495524 0
0.443853 0.495624 0
0.443711 0.495751 0
0.443623 0.49584 0
0.443646 0.495833 0
0.443766 0.495748 0
0.443494 0.495976 0
0.443342 0.496121 1
0.443101 0.496354 0
0.442929 0.496515 0
0.442687 0.496751 0
0.442561 0.496891 0
0.442148 0.497283 0
0.443379 0.496194 0
0.44215 0.497333 0
0.444086 0.495635 0
0.445626 0.494311 0
0.446795 0.493281 0
0.449062 0.491331 0
0.450092 0.490437 0
0.451586 0.489148 0
0.453027 0.487909 0
0.454035 0.487044 0
0.455384 0.485888 0
0.455522 0.48577 0
0.458265 0.483425 0
0.458521 0.483205 0
0.461643 0.48054 0
0.460152 0.481809 0
0.462343 0.479938 0
0.461903 0.480313 0
0.461446 0.480702 0
0.46305 0.479331 0
0.463383 0.479046 0
0.463831 0.478663 0
0.463922 0.478586 0
0.464481 0.478109 0
0.464866 0.477781 0
0.465285 0.477424 0
0.465883 0.476916 0
0.466089 0.47674 0
0.466351 0.476518 0
0.466512 0.476382 1
0.466691 0.47623 0
0.467131 0.475857 0
0.466947 0.476012 0
0.467142 0.475847 0
0.467176 0.475818 0
0.467187 0.475809 0
0.467292 0.475719 0
0.467352 0.475669 0
0.467374 0.475649 0
0.467476 0.475564 0
0.467522 0.475524 0
0.467535 0.475513 0
0.467604 0.475454 0
0.467671 0.475398 0
0.467724 0.475353 0
0.467808 0.475282 0
0.467882 0.47522 0
0.46791 0.475196 0
0.467971 0.475145 0
0.468021 0.475102 0
0.468048 0.47508 0
0.468092 0.475043 0
0.468148 0.474996 0
0.468191 0.474959 0
0.468215 0.474939 0
0.468247 0.474913 0
0.468278 0.474886 0
0.468276 0.474888 0
0.468289 0.474877 0
0.468301 0.474866 0
0.46832 0.47485 0
0.468333 0.47484 0
0.468343 0.474831 0
0.468353 0.474822 0
0.468361 0.474816 0
0.468372 0.474807 1
0.468392 0.47479 0
0.468393 0.474789 0
0.4684 0.474784 0
0.468413 0.474773 0
0.468409 0.474775 0
0.468412 0.474773 0
0.468405 0.474779 0
0.468407 0.474778 0
0.468414 0.474771 0
0.468415 0.47477 0
0.468416 0.47477 0
0.46842 0.474767 0
0.468415 0.474771 0
0.468421 0.474766 0
0.468421 0.474765 0
0.468423 0.474764 0
0.468423 0.474764 0
0.468423 0.474764 0
0.468423 0.474764 0
0.468422 0.474764 0
0.468424 0.474763 0
0.468424 0.474763 0
0.468425 0.474762 0
0.468425 0.474762 0
0.468425 0.474762 0
0.468425 0.474762 0
0.468425 0.474762 0
0.468425 0.474762 0
0.468426 0.474762 0
0.468425 0.474762 0
0.468426 0.474762 0
0.468425 0.474762 0
0.468425 0.474762 0
0.468426 0.474762 0
0.468425 0.474762 0
0.468425 0.474762 1
