0.114108 0.0614568 1
0.1258 0.0532837 0
0.142502 0.0540542 0
0.174993 0.0759297 0
0.213555 0.0783126 0
0.2431 0.0734974 0
0.297167 0.0909171 0
0.340482 0.110524 0
0.35653 0.115853 0
0.388491 0.10883 0
0.38196 0.10476 0
0.439702 0.102323 0
0.41889 0.116771 0
0.428498 0.117735 0
0.43801 0.131814 0
0.462675 0.131257 0
0.453578 0.131861 0
0.449293 0.137823 0
0.447383 0.154876 0
0.421542 0.165347 0
0.417605 0.183552 0
0.423291 0.193199 0
0.414254 0.200799 0
0.402408 0.223616 0
0.428423 0.255424 0
0.419024 0.287644 0
0.429261 0.325267 0
0.474527 0.380165 0
0.518248 0.405789 0
0.515054 0.470828 0
0.548426 0.50545 0
0.602257 0.5244 0
0.630917 0.556533 0
0.685003 0.585157 0
0.710724 0.627017 0
0.7368 0.657283 0
0.743649 0.716139 0
0.765826 0.74485 0
0.77731 0.773638 0
0.790465 0.79606 0
0.776798 0.798253 0
0.776393 0.829747 0
0.751146 0.838683 0
0.737877 0.856678 0
0.708941 0.874531 0
0.691541 0.890082 0
0.657327 0.903634 1
0.635509 0.91614 0
0.608258 0.94393 0
0.561044 0.941224 0
0.534798 0.967723 0
0.500889 0.967723 0
0.459135 0.981872 0
0.377513 0.960533 0
0.360397 0.996178 0
0.336594 1 0
0.321289 0.996543 0
0.291694 0.989444 0
0.28217 0.996121 0
0.278584 0.995286 0
0.275615 0.993872 0
0.282444 0.98954 0
0.297787 0.980152 0
0.255741 0.911215 0
0.307835 0.883076 0
0.295783 0.866292 0
0.269591 0.820503 0
0.264788 0.787118 0
0.233834 0.725305 0
0.190436 0.676235 0
0.171441 0.629885 0
0.171015 0.585026 0
0.153541 0.54267 0
0.16921 0.505841 0
0.160532 0.457671 0
0.164385 0.41048 0
0.153508 0.372205 0
0.160768 0.360316 0
0.133188 0.325088 0
0.132245 0.305976 0
0.110605 0.256022 0
0.0693538 0.190713 0
0.0206386 0.137221 0
0 0.100041 0
0.00284649 0.0554064 0
0.0184292 0.0517356 0
0.0523595 0.0294129 0
0.0748594 0.0143866 0
0.0938052 0 0
0.142326 0.015272 0
0.162402 0.023638 0
0.17422 0.0171814 0
0.187004 0.0117385 0
0.20694 0.0151521 1
0.223888 0.0113914 0
0.256874 0.00986669 0
0.31285 0.0312315 0
0.351739 0.0539989 0
0.374233 0.0581591 0
0.398181 0.0641945 0
0.425764 0.0917236 0
0.45733 0.0835583 0
0.459745 0.0744657 0
0.451983 0.0648875 0
0.447021 0.0630515 0
0.452487 0.0745679 0
0.445916 0.0817544 0
0.425705 0.0842383 0
0.407346 0.0730503 0
0.386708 0.0618734 0
0.369108 0.0540111 0
0.375912 0.0851354 0
0.435694 0.158215 0
0.453943 0.207161 0
0.460601 0.259267 0
0.496216 0.298446 0
0.496484 0.367193 0
0.508213 0.415084 0
0.542035 0.452035 0
0.570055 0.500702 0
0.593989 0.536856 0
0.604942 0.569242 0
0.649291 0.601887 0
0.664284 0.647193 0
0.66508 0.682277 0
0.724979 0.737493 0
0.727108 0.760896 0
0.705094 0.752529 0
0.705739 0.760979 0
0.695986 0.793538 0
0.709348 0.8194 0
0.674416 0.819403 0
0.630639 0.815854 0
0.622506 0.83036 0
0.586469 0.842852 0
0.57331 0.865474 0
0.546446 0.896336 0
0.518672 0.915636 0
0.489662 0.915409 0
0.503382 0.95133 0
0.44938 0.957215 1
