0.163458 0.987968 1
0.164843 0.98493 0
0.163864 0.976495 0
0.164493 0.980607 0
0.164711 0.975669 0
0.16491 0.969078 0
0.164433 0.958901 0
0.16299 0.946578 0
0.160287 0.914872 0
0.158863 0.912719 0
0.167668 0.952094 0
0.1616 0.918455 0
0.151746 0.870045 0
0.157542 0.892281 0
0.14345 0.811163 0
0.144838 0.828672 0
0.130095 0.746145 0
0.130179 0.745167 0
0.110956 0.640418 0
0.0991545 0.591208 0
0.0968774 0.591534 0
0.0918507 0.554951 0
0.0897536 0.522969 0
0.0926311 0.5491 0
0.0751864 0.435389 0
0.0614871 0.349726 0
0.0633876 0.367092 0
0.0614327 0.350726 0
0.0519653 0.304796 0
0.0388915 0.221511 0
0.0434594 0.242436 0
0.0400965 0.226023 0
0.0372088 0.215061 0
0.0324733 0.183571 0
0.0276949 0.149788 0
0.0284748 0.166275 0
0.0315658 0.173868 0
0.0332289 0.199727 0
0.0159655 0.0301444 0
0.00343737 0.0182261 0
0.016061 0.0283463 0
0.0277931 0.155603 0
0.0105335 0.035464 0
0.00818519 0.0386059 0
0.00748075 0.0372502 0
0.00810395 0.0392517 1
0.00334849 0.0138674 0
0.00237594 0.00923475 0
0 0 0
0.00242612 0.0155357 0
0.00747375 0.039711 0
0.0056159 0.0386033 0
0.00220574 0.0369503 0
0.00351325 0.0366764 0
0.0086603 0.0350416 0
0.0141342 0.0780907 0
0.0192305 0.119517 0
0.014385 0.104807 0
0.0246758 0.156496 0
0.0309305 0.191533 0
0.0301455 0.180986 0
0.0363069 0.218193 0
0.0423133 0.246103 0
0.0532265 0.318065 0
0.0515486 0.326362 0
0.0539174 0.343511 0
0.0698784 0.436728 0
0.0445024 0.292843 0
0.0878877 0.570984 0
0.0841911 0.535918 0
0.0695217 0.464888 0
0.0937014 0.582284 0
0.0840062 0.549615 0
0.0891814 0.604963 0
0.096426 0.636194 0
0.095145 0.619325 0
0.0991421 0.637107 0
0.0892799 0.592039 0
0.128727 0.814995 0
0.123447 0.754572 0
0.140839 0.861748 0
0.130213 0.796686 0
0.128066 0.780723 0
0.143788 0.86026 0
0.149845 0.89253 0
0.14535 0.870356 0
0.150726 0.900379 0
0.157678 0.930625 0
0.170657 0.993279 0
0.173316 0.997394 0
0.174272 0.996557 0
0.174729 0.994852 1
0.176247 1 0
0.173666 0.991923 0
0.174728 0.993575 0
0.175343 0.999002 0
0.172766 0.991212 0
0.173204 0.992374 0
0.176451 0.996289 0
0.171814 0.970977 0
0.165808 0.937064 0
0.159114 0.889069 0
0.153779 0.863428 0
0.151812 0.852122 0
0.154783 0.87391 0
0.128769 0.715672 0
0.129912 0.730972 0
0.134194 0.775087 0
0.118483 0.659525 0
0.119453 0.686002 0
0.113385 0.667824 0
0.113316 0.670348 0
0.0875341 0.506708 0
0.0908799 0.52908 0
0.0658731 0.391404 0
0.0707126 0.406745 0
0.0703458 0.402745 0
0.0777648 0.460896 0
0.0671752 0.384792 0
0.0439514 0.233823 0
0.0467559 0.267136 0
0.0499187 0.289958 0
0.0372403 0.20246 0
0.0396303 0.220968 0
0.0362709 0.19855 0
0.0331575 0.190065 0
0.0278954 0.146527 0
0.0271676 0.138026 0
0.0257417 0.133236 0
0.0172542 0.0979033 0
0.0187239 0.0973701 0
0.0169325 0.0964946 0
0.0168271 0.103738 0
0.012353 0.0654523 0
0.0106487 0.0493373 0
0.0118944 0.0644308 0
0.0109801 0.0609619 0
0.00555211 0.0488002 1
