0.99027 0.0842283 1
0.990236 0.0842285 0
1 0.0813158 0
0.994133 0.082684 0
0.990881 0.0818506 0
0.992049 0.0813734 0
0.993587 0.0815849 0
0.98914 0.0829231 0
0.988357 0.0840274 0
0.987878 0.0816408 0
0.98635 0.0822889 0
0.984477 0.0827256 0
0.982811 0.083109 0
0.982288 0.08228 0
0.981845 0.0822278 0
0.980331 0.0817288 0
0.979179 0.0820141 0
0.977949 0.0822877 0
0.976267 0.0827255 0
0.974953 0.0824998 0
0.972316 0.0826003 0
0.970653 0.0824591 0
0.967022 0.084318 0
0.965956 0.0838741 0
0.965808 0.0836136 0
0.961308 0.0849695 0
0.961986 0.0843281 0
0.960815 0.0837626 0
0.95945 0.0835146 0
0.958142 0.0832563 0
0.956472 0.0828464 0
0.954239 0.0836022 0
0.952633 0.0836469 0
0.949867 0.0840118 0
0.949943 0.0844579 0
0.949147 0.0848668 0
0.948172 0.0842203 0
0.948538 0.0842488 1
0.947356 0.0842351 0
0.945872 0.0834326 0
0.947213 0.0836924 0
0.94495 0.0817695 0
0.944315 0.0812293 0
0.945076 0.0812191 0
0.943681 0.0829064 0
0.942379 0.0811552 0
0.940586 0.0806532 0
0.943476 0.0838205 0
0.93956 0.0791965 0
0.942094 0.0852052 0
0.937927 0.0827057 0
0.93582 0.0813574 0
0.936697 0.082494 0
0.933423 0.0802559 0
0.929061 0.0791337 0
0.930126 0.0793672 0
0.930015 0.0796579 0
0.932733 0.0837574 0
0.927245 0.0807134 0
0.926972 0.0842903 0
0.923427 0.0839186 0
0.921764 0.0825715 0
0.922155 0.0854063 0
0.920249 0.0837424 0
0.921397 0.0859572 0
0.919966 0.0857657 0
0.917274 0.085621 0
0.914163 0.0843231 0
0.911068 0.0843631 1
0.909013 0.0851204 0
0.905743 0.0862328 0
0.902818 0.0864208 0
0.900657 0.0842223 0
0.899011 0.082708 0
0.896042 0.0843156 0
0.893119 0.0800646 0
0.890118 0.0773839 0
0.887619 0.0790827 0
0.882623 0.0772231 0
0.881912 0.0790706 0
0.877536 0.0803542 0
0.877358 0.0809162 0
0.876999 0.0813159 0
0.875316 0.0822593 0
0.875713 0.0833723 0
0.874897 0.084319 1
0.874669 0.0844055 0
0.874225 0.0843423 0
0.872964 0.0836366 0
0.872726 0.0830407 0
0.872361 0.0844438 0
0.875056 0.0847972 1
0.872318 0.0833839 0
0.871758 0.0836542 0
0.869644 0.0828714 0
0.868833 0.0844667 0
0.865864 0.0837759 0
0.865957 0.0843349 0
0.863997 0.0835874 0
0.862157 0.0828017 0
0.858445 0.0822163 0
0.859446 0.0860245 0
0.857286 0.0865437 0
0.853551 0.0823464 0
0.852246 0.0822578 0
0.850026 0.0825684 0
0.848428 0.0827949 0
0.845951 0.082261 0
0.844105 0.0815296 0
0.842165 0.0821076 0
0.840445 0.0817928 0
0.839183 0.0828572 0
0.837139 0.0829213 0
0.835912 0.0826792 0
0.835801 0.0844146 1
0.830998 0.0843861 0
0.831912 0.0848303 0
0.829454 0.0855286 0
0.828093 0.0858681 0
0.826383 0.0858774 0
0.824388 0.0858387 0
0.822566 0.0875023 0
0.820252 0.0869954 0
0.820287 0.0873766 0
0.81666 0.0867223 0
0.815272 0.0874757 0
0.814206 0.0879303 0
0.811125 0.0875765 0
0.809623 0.0877855 0
0.80737 0.0879603 0
0.807775 0.0886326 0
0.806349 0.0873636 0
0.802201 0.086238 0
0.800149 0.0860346 0
0.800326 0.0864749 0
0.794369 0.0846538 0
0.790698 0.0843976 1
0.783405 0.0842755 1
0.78171 0.0832104 0
0.780949 0.0831888 0
0.777397 0.0844862 0
0.772847 0.0877298 0
0.771631 0.0848105 0
0.768214 0.0873571 0
0.766812 0.086487 0
0.764692 0.087617 0
0.763231 0.0873406 0
0.761077 0.0861102 0
0.763964 0.0851223 0
0.763123 0.0838731 0
0.758496 0.0857696 0
0.755757 0.0850861 0
0.752352 0.0851966 0
0.752041 0.0863101 0
0.750903 0.0857507 0
0.746647 0.0867727 0
0.745769 0.0852836 0
0.744078 0.0846222 0
0.740169 0.0845835 0
0.737156 0.0846516 0
0.736071 0.0843916 0
0.733586 0.0843303 1
0.730807 0.0843502 0
0.729393 0.0839525 0
0.726635 0.0842255 0
0.723859 0.0839737 0
0.72017 0.0837493 0
0.718113 0.0844261 0
0.716053 0.0844339 0
0.712205 0.0846067 0
0.709078 0.0848387 0
0.707428 0.0834899 0
0.704211 0.0858401 0
0.701836 0.0855233 1
0.699193 0.0844638 0
0.695962 0.0848315 0
0.692939 0.0845269 0
0.690398 0.084511 0
0.687617 0.0844664 0
0.684327 0.085135 0
0.682066 0.0848597 0
0.679656 0.0831683 0
0.676575 0.0830467 0
0.673732 0.0826061 0
0.671958 0.0835195 0
0.671181 0.0855079 0
0.669893 0.0851499 0
0.66469 0.0849964 0
0.663003 0.0848396 0
0.660569 0.084438 1
0.659311 0.0852465 0
0.657606 0.0858862 0
0.654929 0.0865354 0
0.653689 0.0866031 0
0.651918 0.0866018 0
0.65005 0.0882089 0
0.648938 0.0886401 0
0.645114 0.0902746 0
0.642717 0.0917924 0
0.640482 0.0919782 0
0.638096 0.0930501 0
0.636528 0.0947678 0
0.633556 0.0953741 0
0.630736 0.0952691 0
0.629102 0.0961529 0
0.626322 0.0965836 0
0.624763 0.0975966 0
0.621334 0.0986717 0
0.619869 0.0996929 0
0.617323 0.0998306 0
0.615978 0.0998932 1
0.6154 0.0999907 0
0.615178 0.0992786 0
0.613218 0.0989118 0
0.613471 0.0977569 0
0.611922 0.09742 0
0.609843 0.0971019 0
0.609775 0.096933 0
0.605092 0.100044 0
0.602963 0.0996317 0
0.601691 0.0984945 0
0.599591 0.0983131 0
0.596902 0.0985654 0
0.596375 0.0976799 0
0.594489 0.0939767 0
0.591737 0.0950807 0
0.588696 0.0963751 0
0.585022 0.0971452 0
0.581637 0.0971726 0
0.578587 0.0971817 0
0.574553 0.0979362 1
0.569371 0.0881348 0
0.567855 0.089759 0
0.563198 0.0886927 0
0.562843 0.089372 0
0.557027 0.0848887 0
0.554224 0.0849822 0
0.551326 0.0850823 0
0.549047 0.0842547 1
0.545135 0.084491 0
0.543712 0.0846919 0
0.542081 0.0843125 0
0.536908 0.0867085 0
0.53425 0.0878982 0
0.530636 0.0905524 0
0.527285 0.090725 0
0.523855 0.0964508 1
0.520153 0.0930916 0
0.517978 0.0923183 0
0.515424 0.0923983 0
0.512827 0.0927046 0
0.512825 0.0966256 0
0.508193 0.0949297 0
0.505818 0.0953759 0
0.504201 0.0948261 0
0.502344 0.0951305 0
0.501258 0.0959153 0
0.498944 0.0950457 0
0.495969 0.0952069 0
0.494364 0.0955166 0
0.490724 0.0955234 0
0.489221 0.0941918 0
0.486834 0.0942907 0
0.485067 0.0944431 1
0.482862 0.0947372 0
0.481286 0.0946955 0
0.479698 0.0958644 0
0.476677 0.0939914 0
0.474857 0.0934328 0
0.472815 0.0945397 0
0.470196 0.0937735 0
0.46626 0.0938315 0
0.463189 0.093876 0
0.460085 0.0937915 0
0.456928 0.0941884 0
0.454715 0.0940556 0
0.451468 0.0932883 0
0.447553 0.093927 0
0.445161 0.0943402 0
0.443534 0.0940735 0
0.441696 0.0938946 1
0.440468 0.0937694 0
0.438621 0.093132 0
0.43656 0.0926286 0
0.432897 0.092823 0
0.430669 0.0920559 0
0.428201 0.0906781 0
0.424439 0.0887373 0
0.421533 0.0863362 0
0.419063 0.0847834 0
0.417227 0.0832093 1
0.413693 0.0830522 0
0.410635 0.0842044 0
0.407701 0.0859609 0
0.404774 0.0868488 0
0.402091 0.0889488 0
0.398626 0.0907623 0
0.39359 0.0912262 0
0.391047 0.0942892 0
0.38708 0.0940142 0
0.384395 0.0926249 0
0.380382 0.0927305 0
0.376477 0.0943182 0
0.373785 0.092788 0
0.370289 0.0936281 0
0.366872 0.0936375 0
0.364334 0.0925794 0
0.362374 0.0913716 1
0.359984 0.0925242 0
0.355912 0.0934175 0
0.352902 0.0925553 0
0.350818 0.0908188 0
0.347269 0.0924797 0
0.345042 0.0939 0
0.342308 0.0932104 0
0.338827 0.0932521 0
0.336957 0.0927004 0
0.334651 0.0930204 0
0.331324 0.0934671 0
0.329353 0.0919579 0
0.326755 0.0926463 0
0.32517 0.092119 0
0.322299 0.0921078 0
0.321094 0.0912945 0
0.317713 0.092386 0
0.315232 0.0898941 0
0.313621 0.0904388 0
0.312835 0.0894439 0
0.310357 0.0904295 0
0.308926 0.0896502 1
0.306848 0.0894547 0
0.304247 0.08883 0
0.301765 0.0889725 0
0.299915 0.0896589 0
0.296358 0.088185 0
0.29407 0.0888195 0
0.290991 0.0893048 0
0.289237 0.089104 0
0.284586 0.0921316 0
0.282618 0.0901674 0
0.280297 0.0894952 0
0.278049 0.0901293 0
0.275369 0.0907674 0
0.273498 0.0900055 0
0.271662 0.0891102 0
0.269882 0.0887104 1
0.268781 0.0882806 0
0.268181 0.0873622 0
0.26762 0.0858765 0
0.266552 0.0848615 0
0.265396 0.0840087 0
0.263363 0.082151 0
0.263842 0.0802138 0
0.262201 0.0783059 0
0.259269 0.0776746 0
0.25474 0.0791655 0
0.254014 0.0766948 0
0.248606 0.0777618 0
0.246009 0.0763756 0
0.243442 0.0777986 0
0.237844 0.080599 0
0.234129 0.0802612 0
0.229875 0.0821508 1
0.227043 0.082508 0
0.223694 0.0805481 0
0.221373 0.0798179 0
0.218297 0.0782638 0
0.215858 0.0789294 0
0.212024 0.0764781 0
0.209765 0.0774574 0
0.207467 0.078193 0
0.204048 0.0770861 0
0.201068 0.0780014 1
0.198687 0.077847 0
0.195523 0.0806173 0
0.191981 0.0818695 0
0.18619 0.0805047 0
0.183263 0.0812477 0
0.17839 0.0805444 0
0.173741 0.0825537 0
0.172836 0.0821142 0
0.167387 0.0826447 0
0.165715 0.0831168 0
0.16246 0.0821791 1
0.160337 0.0868921 0
0.158542 0.094727 0
0.156942 0.0998763 0
0.152617 0.102748 0
0.148922 0.10607 0
0.144698 0.110381 1
0.142708 0.113711 0
0.142311 0.116794 0
0.143903 0.119259 0
0.143794 0.12252 0
0.140037 0.127287 0
0.13805 0.129424 0
0.134551 0.130805 0
0.130743 0.134001 0
0.126662 0.136094 0
0.123167 0.137025 1
0.124436 0.141498 0
0.12416 0.14563 0
0.121526 0.149479 0
0.118701 0.151522 0
0.114607 0.152276 0
0.108136 0.158191 0
0.102648 0.158631 0
0.0973163 0.157877 1
0.0957913 0.159359 0
0.0972535 0.155768 0
0.0964458 0.156695 1
0.0963076 0.156656 0
0.095016 0.156684 0
0.0940309 0.156546 0
0.090949 0.15732 0
0.0888108 0.157375 0
0.0887027 0.156419 0
0.0839986 0.157747 0
0.0812752 0.156991 0
0.0785636 0.156416 0
0.0769256 0.155828 0
0.07636 0.153942 0
0.0744249 0.15174 0
0.068263 0.150994 0
0.0670921 0.14707 0
0.0620594 0.144746 0
0.0590429 0.141982 0
0.0575887 0.139298 0
0.0559015 0.135342 1
0.0516444 0.132818 0
0.0474408 0.129831 0
0.0448784 0.127899 0
0.0369291 0.122443 0
0.0369602 0.119593 0
0.035342 0.116499 0
0.0329047 0.113144 0
0.0278377 0.11021 0
0.0228581 0.107975 0
0.021282 0.104247 0
0.0140111 0.103881 0
0.00953925 0.0997111 0
0.0119945 0.0949031 0
0.0106549 0.0929794 0
0.00432481 0.0879558 0
0.00728699 0.0850265 0
0.00543434 0.0828406 1
0.00206506 0.0789955 0
0.000532271 0.0739237 0
0 0.0664864 0
0.00068735 0.0658977 0
0.00333734 0.0604321 0
0.00397249 0.0574073 0
0.00540223 0.0509025 0
0.010985 0.0471635 0
0.0123603 0.0426961 0
0.0193562 0.0391471 0
0.026654 0.0364112 0
0.0311652 0.031518 0
0.0382535 0.0299412 1
0.0388261 0.0273666 0
0.038176 0.0227535 0
0.0393264 0.0210701 0
0.0393167 0.0149658 0
0.0418902 0.0145704 0
0.0458841 0.0188175 0
0.0461807 0.0133203 0
0.0493601 0.00970904 0
0.0519211 0.0107044 0
0.0548595 0.00918685 0
0.0586352 0.00654861 0
0.0632963 0.00767553 0
0.06762 0.00640214 0
0.0736484 0.00694066 0
0.0762003 0.00436544 0
0.0781046 0.00664455 0
0.0783753 0.00517176 0
0.080952 0.00575262 1
0.082347 0.00393394 0
0.0836565 0.00309689 0
0.0867166 0.0028174 0
0.0891888 0.00237407 0
0.0928048 0.00452434 0
0.0985865 0 0
0.101056 0.00247612 0
0.107964 0.00339786 0
0.111975 0.00307116 0
0.115042 0.00550463 0
0.119445 0.00790128 0
0.119717 0.014583 0
0.123196 0.0188974 0
0.121975 0.0244824 0
0.126432 0.0271403 0
0.126572 0.02963 0
0.128702 0.0319818 0
0.129147 0.034799 0
0.128254 0.0377753 1
0.130406 0.0420866 0
0.133961 0.0438963 0
0.13817 0.0505581 0
0.139629 0.0519851 0
0.144029 0.0556211 0
0.149033 0.0601831 0
0.15105 0.0626825 0
0.151761 0.0683371 0
0.15284 0.0719036 0
0.152639 0.0740111 0
0.151791 0.0751198 1
0.1504 0.0777006 0
0.142176 0.0812551 0
0.136394 0.0845762 0
0.134841 0.0865988 0
0.131707 0.0902078 0
0.129054 0.093734 0
0.126035 0.100731 0
0.127062 0.102668 0
0.125616 0.105803 0
0.123444 0.109776 0
0.122678 0.114966 0
0.122996 0.113987 0
0.120561 0.121993 1
0.12253 0.121841 0
0.117304 0.126565 0
0.11474 0.127283 0
0.111147 0.128788 0
0.109703 0.129914 0
0.106532 0.132326 0
0.104847 0.138109 1
