0.812608 0.174014 1
0.822507 0.178077 0
0.831539 0.177944 0
0.850859 0.17882 0
0.860526 0.187118 0
0.872118 0.20615 0
0.849864 0.246028 0
0.851211 0.263531 0
0.883514 0.232349 0
0.839676 0.298956 0
0.853493 0.306725 0
0.875614 0.340955 0
0.87303 0.349112 0
0.873402 0.35304 0
0.857404 0.368591 0
0.851905 0.415914 0
0.85848 0.432646 0
0.867104 0.441801 0
0.867115 0.447418 0
0.875013 0.458225 0
0.878275 0.468064 0
0.883036 0.476805 0
0.884407 0.491325 0
0.884063 0.501276 0
0.893662 0.508969 0
0.890113 0.522378 0
0.890352 0.537254 0
0.889429 0.553542 0
0.884053 0.572264 0
0.887032 0.583265 0
0.885119 0.59626 0
0.885326 0.598397 0
0.87954 0.628079 0
0.881544 0.629197 0
0.881316 0.63792 0
0.890473 0.644307 0
0.885542 0.654902 0
0.881007 0.669114 0
0.880116 0.678869 0
0.876061 0.691323 0
0.882815 0.700972 0
0.881318 0.719973 0
0.890477 0.72969 0
0.910652 0.742455 0
0.911002 0.772876 0
0.88846 0.80552 0
0.897144 0.810544 0
0.8803 0.828974 0
0.866576 0.840658 0
0.859106 0.845645 0
0.838622 0.849335 0
0.821156 0.868751 0
0.809772 0.877874 0
0.793969 0.882955 0
0.778403 0.89297 0
0.76627 0.906198 0
0.761497 0.910303 0
0.754136 0.914055 0
0.748217 0.918504 0
0.738831 0.925443 0
0.728632 0.929226 1
0.727995 0.932978 0
0.727648 0.940571 0
0.71945 0.951808 0
0.70605 0.969525 0
0.696644 0.969516 0
0.68304 0.985737 0
0.673284 0.992943 0
0.653691 0.996597 0
0.635768 0.990377 0
0.624253 0.979389 0
0.614912 0.966678 1
0.596119 0.968659 0
0.574691 0.976464 0
0.535107 0.977509 0
0.502421 0.988172 0
0.467486 0.998271 0
0.438848 0.99443 0
0.418401 0.987388 0
0.390326 0.987374 0
0.374687 0.976584 0
0.360222 0.979053 0
0.33307 0.97888 0
0.317382 0.972999 0
0.302676 0.969442 0
0.287888 0.968997 0
0.273304 0.963752 0
0.270243 0.941016 0
0.264219 0.920963 0
0.25465 0.901707 0
0.201867 0.859319 0
0.188487 0.869441 0
0.186571 0.866941 0
0.162537 0.886503 0
0.163746 0.882819 0
0.162583 0.882804 1
0.148036 0.860721 1
0.134413 0.841133 0
0.133952 0.843085 1
0.115036 0.835577 1
0.0999311 0.833526 0
0.0940504 0.820403 0
0.102609 0.809212 1
0.102625 0.809308 0
0.101358 0.808497 0
0.0986693 0.812137 0
0.071434 0.795092 0
0.051925 0.773794 0
0.0439064 0.753754 0
0.0422383 0.739639 0
0.0369655 0.725431 0
0.030998 0.708005 0
0.0357184 0.696206 0
0.0310309 0.675789 0
0.0296065 0.654933 0
0.0396579 0.642043 0
0.0354559 0.620824 0
0.029742 0.600533 0
0.0337121 0.580764 0
0.0446062 0.560754 0
0.0354055 0.543054 0
0.0224388 0.515664 0
0.0265098 0.500342 1
0.0297674 0.4914 0
0.0276535 0.469496 0
0.00744605 0.463089 0
0.0101834 0.433016 0
0.0136241 0.394542 0
0 0.372651 0
0.0118244 0.352616 0
0.0106642 0.348836 0
0.0135096 0.334885 0
0.00929599 0.308989 0
0.0155567 0.291822 0
0.0197388 0.286885 0
0.0433285 0.261024 0
0.0604066 0.263914 0
0.0500612 0.257496 0
0.0539519 0.245935 0
0.0562423 0.240501 0
0.0643649 0.210159 0
0.0750545 0.180084 0
0.0867034 0.156625 0
0.0911944 0.142905 0
0.110267 0.131496 0
0.141881 0.104383 0
0.162895 0.102987 0
0.178325 0.0901043 0
0.192654 0.0812873 0
0.221062 0.0838319 0
0.23292 0.0761544 0
0.253097 0.0805263 0
0.268612 0.0770824 0
0.28228 0.0834478 0
0.29026 0.0913691 1
0.294566 0.0875217 0
0.293886 0.0914219 0
0.300121 0.083045 0
0.303935 0.0751766 0
0.317648 0.0620321 0
0.327689 0.0604065 0
0.352522 0.0560983 0
0.400284 0.0385894 0
0.435172 0.0182661 0
0.468486 0 0
0.526267 0.00192265 0
0.602417 0.00597844 0
0.620052 0.0400577 0
0.620569 0.0732139 0
0.625627 0.0891323 0
0.626234 0.0943309 1
0.651619 0.0904825 0
0.665225 0.0989322 0
0.685139 0.10207 0
0.70542 0.0983063 0
0.728766 0.104693 0
0.743869 0.102824 0
0.759736 0.110646 0
0.770965 0.120942 0
0.78316 0.130453 0
0.775884 0.159431 0
0.78715 0.175342 0
0.790676 0.193479 0
0.863334 0.200961 0
0.839428 0.254964 0
0.839696 0.253414 0
0.840026 0.253953 0
0.840388 0.25426 1
0.839509 0.292575 0
0.851764 0.286649 1
0.84907 0.288438 0
0.843293 0.299398 0
0.873044 0.342204 1
0.874724 0.344025 0
0.86634 0.353188 0
0.826177 0.39158 0
0.819244 0.446939 0
0.833202 0.455748 0
0.844609 0.450844 0
0.840805 0.471917 0
0.838985 0.484577 0
0.847286 0.499021 0
0.846406 0.509996 0
0.853495 0.530246 0
0.860804 0.536984 0
0.865311 0.54644 0
0.866739 0.562764 0
0.867945 0.580117 0
0.874129 0.596547 0
0.875949 0.610116 1
0.874807 0.622666 1
0.87163 0.630804 0
0.86761 0.636359 0
0.867994 0.642976 0
0.866227 0.651018 0
0.868594 0.655621 0
0.86566 0.661217 0
0.859025 0.672086 0
0.855053 0.682634 0
0.857021 0.686779 0
0.85303 0.696043 0
0.862152 0.702609 0
0.857663 0.717001 0
0.808963 0.738844 0
0.789785 0.76275 0
0.785648 0.791979 0
0.791557 0.82102 0
0.795628 0.825652 0
0.790099 0.831001 0
0.77587 0.835873 0
0.773813 0.836957 0
0.774432 0.848825 0
0.76429 0.854983 0
0.751622 0.861828 0
0.751661 0.862092 0
0.741089 0.86347 0
0.745902 0.86761 0
0.714953 0.88014 0
0.707094 0.883532 0
0.690274 0.897891 0
0.684689 0.897021 0
0.684323 0.899489 0
0.678223 0.855153 0
0.622099 0.894616 0
0.611271 0.886758 0
0.601235 0.880488 0
0.584533 0.888479 0
0.576546 0.880175 0
0.552766 0.882155 0
0.539514 0.879332 0
0.5045 0.888235 0
0.477297 0.887509 0
0.42651 0.895317 0
0.402409 0.899736 0
0.383941 0.904145 0
0.355529 0.902592 0
0.336019 0.907775 0
0.316497 0.900132 0
0.310994 0.889226 0
0.316127 0.876845 0
0.305757 0.875483 0
0.291482 0.870131 0
0.287525 0.85921 0
0.28931 0.846943 0
0.275696 0.840341 0
0.268305 0.833207 0
0.245898 0.834933 0
0.222933 0.831021 0
0.196477 0.827203 0
0.19136 0.823739 0
0.178036 0.826887 0
0.171177 0.828823 0
0.161276 0.815569 0
0.158017 0.810449 0
0.15178 0.801298 0
0.14868 0.800014 0
0.112234 0.7411 0
0.154088 0.742394 0
0.156972 0.727908 0
0.115959 0.734494 0
0.114494 0.727879 0
0.115658 0.711507 0
0.0958545 0.695397 0
0.115309 0.688475 0
0.115668 0.674689 0
0.123688 0.661467 0
0.127197 0.645562 0
0.123698 0.628399 0
0.111335 0.605978 0
0.122271 0.58827 0
0.13232 0.573913 0
0.131606 0.5486 0
0.132558 0.537904 0
0.133478 0.512608 0
0.146037 0.502747 0
0.133802 0.481161 0
0.171657 0.452571 0
0.0884926 0.450555 0
0.113879 0.431406 0
0.121947 0.398999 0
0.10951 0.378051 0
0.0938931 0.367936 0
0.0716323 0.359298 0
0.078707 0.347697 0
0.0759949 0.318652 0
0.0830958 0.303343 0
0.085662 0.295172 0
0.0841584 0.290318 0
0.0827395 0.289854 1
0.0904282 0.278751 0
0.0881815 0.271252 0
0.108736 0.267095 0
0.125907 0.256176 0
0.134517 0.242247 0
0.146253 0.228231 0
0.1648 0.223798 0
0.174604 0.213399 0
0.185723 0.200758 0
0.192278 0.194311 0
0.201516 0.184766 0
0.216123 0.174702 0
0.212985 0.17648 0
0.226262 0.163309 0
0.25728 0.146564 0
0.254621 0.148665 0
0.268328 0.141625 0
0.284088 0.133483 0
0.291016 0.131312 0
0.295715 0.121737 0
0.308424 0.109239 0
0.309603 0.109739 1
0.323865 0.117436 0
0.337212 0.11503 0
0.353624 0.113224 0
0.369256 0.112299 0
0.405607 0.112004 0
0.444382 0.100438 0
0.472526 0.103931 0
0.509227 0.102419 0
0.540476 0.0903912 0
0.565071 0.0959069 1
0.571337 0.102177 0
0.578835 0.108901 0
0.583585 0.12257 0
0.59516 0.143806 0
0.591226 0.141947 0
0.612925 0.172019 0
0.638012 0.187767 0
0.665974 0.193614 0
0.712235 0.188698 0
0.739355 0.197476 0
0.771505 0.214636 0
0.791367 0.219819 0
0.799812 0.229555 0
0.808255 0.22899 0
0.811424 0.23496 0
0.818461 0.240836 0
0.821069 0.24351 1
0.87797 0.269428 0
0.859301 0.281713 0
0.854158 0.283637 1
0.85855 0.278452 0
0.888568 0.301336 0
0.867769 0.328491 0
0.867961 0.335354 0
0.870066 0.338459 1
0.887579 0.351825 1
0.898192 0.359126 0
0.909504 0.37605 0
0.911365 0.384324 0
0.910647 0.393554 0
0.91171 0.402874 0
0.9151 0.413325 0
0.911481 0.433201 0
0.914935 0.450916 0
0.932964 0.459306 0
0.931839 0.482361 0
0.938668 0.489558 0
0.947248 0.493947 0
0.938237 0.525391 0
0.929454 0.574371 0
0.902419 0.600328 0
0.880401 0.613704 0
0.876732 0.612831 0
0.876821 0.611937 1
0.918266 0.625503 0
0.922461 0.636732 0
0.920484 0.646997 0
0.867818 0.703002 0
0.838963 0.729257 0
0.840796 0.743445 0
0.852287 0.754556 0
0.855395 0.770858 0
0.843646 0.783933 1
0.843258 0.789991 0
0.844177 0.795179 0
0.844372 0.799246 0
0.843728 0.803229 0
0.84428 0.809274 0
0.838101 0.819922 0
0.823358 0.827851 0
0.809461 0.832898 0
0.798892 0.836373 0
0.790511 0.846928 0
0.781895 0.850338 0
0.779742 0.855645 0
0.7804 0.867307 0
0.687002 0.893178 0
0.719235 0.872758 0
0.674475 0.90883 0
0.680356 0.915334 0
0.672873 0.919906 0
0.668865 0.922452 0
0.663216 0.925305 1
0.661363 0.926101 0
0.647245 0.91794 0
0.6393 0.912448 0
0.626372 0.898239 0
0.596185 0.894533 0
0.518472 0.904091 0
0.490912 0.916032 0
0.466005 0.929722 0
0.436587 0.937958 0
0.407198 0.966233 0
0.369099 0.973181 0
0.342506 0.995795 0
0.322465 1 0
0.304569 0.989593 0
0.289813 0.998745 0
0.257534 0.989598 0
0.253875 0.988523 0
0.215473 0.993359 0
0.218735 0.979875 0
0.246168 0.94096 0
0.228068 0.932421 0
0.208389 0.934517 0
0.19847 0.916774 0
0.171096 0.915488 0
0.167947 0.893724 1
0.155099 0.873597 1
0.167517 0.894881 0
0.150073 0.895766 0
0.132271 0.851234 0
0.132283 0.848907 0
0.132972 0.848248 1
0.119546 0.830616 1
0.126406 0.821122 0
0.115661 0.790539 0
0.111596 0.789229 1
