0.841763 0.171291 1
0.85486 0.191449 1
0.870662 0.196092 0
0.920136 0.271975 0
0.91267 0.281001 1
0.917921 0.298088 1
0.965005 0.363413 0
0.963358 0.376592 0
0.958105 0.387792 1
0.961678 0.385639 0
0.962498 0.38702 0
0.976566 0.38168 0
0.9823 0.386044 0
0.993992 0.395094 0
1 0.399586 0
0.990771 0.453245 0
0.975921 0.470024 0
0.977421 0.488043 0
0.973819 0.498362 0
0.963715 0.519777 1
0.971864 0.526797 0
0.953473 0.555935 0
0.951439 0.587617 0
0.953559 0.635698 0
0.901003 0.657844 0
0.887999 0.652466 1
0.896808 0.669699 0
0.845884 0.689956 0
0.843671 0.710677 1
0.83748 0.704976 0
0.830525 0.704443 0
0.77451 0.734146 0
0.760551 0.777207 0
0.731967 0.798317 0
0.707769 0.804497 0
0.682898 0.82243 0
0.662516 0.822395 0
0.6203 0.817058 0
0.600849 0.823888 0
0.577686 0.833469 0
0.554373 0.845603 0
0.534306 0.852227 0
0.513216 0.85113 0
0.498104 0.850439 0
0.475069 0.854684 0
0.449786 0.860059 0
0.419984 0.875597 0
0.399456 0.88883 0
0.377304 0.876857 0
0.356247 0.852255 0
0.342044 0.827771 0
0.314392 0.821437 0
0.26947 0.799716 0
0.2409 0.78595 0
0.239492 0.694249 0
0.230204 0.672298 0
0.208656 0.643767 0
0.196136 0.623714 0
0.178727 0.611647 0
0.154801 0.619507 0
0.137145 0.614029 0
0.1193 0.620399 0
0.113527 0.58935 0
0.0936002 0.588978 0
0.080348 0.570976 0
0.0710042 0.555523 0
0.0645742 0.541805 0
0.0544248 0.534955 0
0.040531 0.524107 0
0.0415129 0.50495 0
0.0425601 0.495113 0
0.0583358 0.450283 0
0.070533 0.413191 0
0.0747575 0.387472 0
0.0752004 0.372382 0
0.0851041 0.36304 0
0.10069 0.34061 0
0.113132 0.286915 0
0.141749 0.290897 0
0.158693 0.261867 0
0.178533 0.236094 0
0.199185 0.209653 0
0.216933 0.198188 0
0.236203 0.172707 0
0.258484 0.150058 0
0.275928 0.138252 0
0.290601 0.125695 0
0.321949 0.107938 0
0.328201 0.0804986 0
0.350058 0.0688002 0
0.369546 0.0655247 0
0.386467 0.0783547 0
0.405705 0.0654896 0
0.423617 0.0588621 0
0.438804 0.0426559 0
0.459284 0.0340468 0
0.482493 0.0312987 0
0.509958 0.0277369 0
0.541822 0.0166378 0
0.573706 0.0165521 0
0.597964 0.0262519 0
0.617562 0.01809 0
0.639347 0.0358398 0
0.654981 0.0398389 0
0.683567 0.0438169 0
0.699092 0.0676916 0
0.732717 0.0819537 0
0.746037 0.1086 0
0.754212 0.143101 0
0.768688 0.177426 0
0.806742 0.196663 0
0.825563 0.213062 0
0.836258 0.218006 0
0.889845 0.195322 0
0.918142 0.257344 0
0.928379 0.269049 0
0.926064 0.314323 0
0.962248 0.334706 0
0.950194 0.358949 0
0.948126 0.369095 0
0.952923 0.379528 0
0.965728 0.392559 0
0.973083 0.402112 0
0.974993 0.437294 0
0.963558 0.449618 0
0.968452 0.458034 0
0.970082 0.470758 0
0.968509 0.478094 0
0.962131 0.491675 0
0.948853 0.50305 0
0.94053 0.544619 0
0.921957 0.58055 0
0.921894 0.617411 0
0.909484 0.636324 0
0.901657 0.643209 0
0.871886 0.67125 0
0.863766 0.697174 0
0.847772 0.707125 0
0.82525 0.718701 0
0.79519 0.708359 0
0.773041 0.742239 0
0.752778 0.769488 0
0.719706 0.77894 0
0.690238 0.782051 0
0.662185 0.790173 0
0.644765 0.794817 0
0.611477 0.794292 0
0.588087 0.796971 0
0.550509 0.819236 0
0.525103 0.828072 0
0.510264 0.810879 0
0.505858 0.816316 0
0.455866 0.827784 0
0.438857 0.826427 0
0.400541 0.834371 0
0.371727 0.839287 0
0.343791 0.855532 0
0.311176 0.840204 0
0.293265 0.805358 0
0.264536 0.796765 0
0.249327 0.758838 0
0.218885 0.739664 1
0.207222 0.723513 0
0.195203 0.709797 0
0.188095 0.694067 0
0.175879 0.679231 0
0.145861 0.66775 0
0.132835 0.653471 0
0.131541 0.624989 0
0.086734 0.627649 0
0.0527163 0.629116 0
0.0406418 0.592323 0
0.0258977 0.589467 0
0.0158744 0.574574 0
0.0175762 0.544891 0
0 0.527839 0
0.00631145 0.520232 0
0.00573912 0.507767 0
0.00805379 0.499372 0
0.0201274 0.49355 0
0.0355015 0.41565 0
0.0419337 0.385028 0
0.0579112 0.363581 0
0.073937 0.344463 0
0.0792065 0.330868 0
0.0823431 0.280302 0
0.11109 0.26778 0
0.134572 0.237744 0
0.157042 0.206969 0
0.179294 0.183031 0
0.189312 0.152251 0
0.203175 0.137317 0
0.22144 0.105677 0
0.254323 0.0915174 0
0.26981 0.0647031 0
0.285755 0.057747 0
0.304353 0.0399865 0
0.319625 0.0291451 0
0.346189 0.00628341 0
0.357235 0.00194565 0
0.374456 0 0
0.3934 0.00789296 0
0.410171 0.0290103 1
0.432293 0.0387166 0
0.460708 0.0226568 0
0.49614 0.00832909 0
0.52428 0.00895895 0
0.542684 0.016319 0
0.559844 0.0239907 0
0.582501 0.029189 0
0.616224 0.0276392 0
0.634171 0.0645233 0
0.659578 0.0853176 0
0.680363 0.109584 0
0.694475 0.126405 0
0.728997 0.0962755 0
0.756039 0.100274 0
0.760644 0.225761 0
0.77174 0.23668 0
0.79639 0.259273 0
0.855213 0.183247 0
0.854749 0.191076 1
0.873491 0.251123 0
0.885648 0.257678 1
0.915414 0.285546 1
0.92582 0.335249 1
0.923359 0.35523 0
0.9235 0.38792 0
0.947118 0.394857 0
0.956979 0.389598 1
0.956361 0.392708 0
0.95782 0.396233 0
0.956856 0.404876 0
0.951154 0.409882 0
0.951445 0.416466 0
0.954095 0.428166 0
0.953895 0.438883 0
0.945891 0.441007 0
0.934953 0.442513 0
0.900173 0.481856 0
0.891707 0.560014 0
0.887275 0.606805 0
0.879985 0.636352 0
0.883258 0.646542 1
0.857795 0.638273 0
0.864886 0.731392 0
0.845173 0.715148 1
0.841167 0.735263 0
0.813284 0.768448 0
0.792264 0.787186 0
0.776083 0.811297 0
0.74744 0.827608 0
0.720408 0.847965 0
0.702448 0.86189 0
0.679958 0.860379 0
0.662853 0.872372 0
0.649202 0.868885 0
0.631457 0.870718 0
0.60793 0.859315 1
0.578615 0.863278 0
0.554618 0.87864 0
0.525005 0.877637 0
0.49294 0.896023 0
0.454759 0.906522 0
0.437209 0.903783 0
0.392404 0.929349 0
0.372517 0.913522 0
0.338376 0.909133 0
0.31881 0.88513 0
0.28996 0.857884 0
0.269899 0.827704 0
0.242377 0.820079 0
0.20374 0.828182 0
0.182128 0.798932 0
0.173657 0.703033 0
0.177733 0.676908 0
0.16518 0.653975 0
0.157202 0.625062 0
0.137907 0.589623 0
0.137659 0.554883 0
0.123836 0.534579 0
0.105463 0.51216 0
0.0819342 0.513328 0
0.0693834 0.495174 0
0.0609745 0.476174 0
0.0482177 0.472246 0
0.0479974 0.456581 0
0.0341342 0.446307 0
0.0295853 0.435276 0
0.0191519 0.435894 1
0.0408697 0.408689 0
0.0496231 0.385069 0
0.0545516 0.37248 0
0.0581366 0.356326 0
0.0802445 0.34092 0
0.0885327 0.325233 1
