0.742077 0.0780719 1
0.711435 0.0714462 0
0.674442 0.0634952 0
0.634029 0.0485795 0
0.565844 0.00257418 0
0.51773 0 0
0.485456 0.0037659 0
0.451914 0.00989199 0
0.41534 0.0193987 0
0.36449 0.0529899 0
0.339893 0.0828735 0
0.300779 0.103124 0
0.27497 0.107347 0
0.237085 0.156342 0
0.199806 0.178569 0
0.161538 0.191896 0
0.143314 0.200766 0
0.122744 0.231148 0
0.0913349 0.247995 0
0.0636585 0.272646 1
0.0607645 0.309783 0
0.0113725 0.311565 0
0.0229151 0.348258 0
0.00455177 0.36118 0
0 0.386814 0
0.0155644 0.415211 0
0.0213508 0.450784 0
0.0431874 0.477856 0
0.0469401 0.508155 0
0.0478679 0.521119 0
0.0531282 0.540914 1
0.0609429 0.571599 0
0.0677596 0.607105 0
0.0702379 0.630485 0
0.0810126 0.665442 0
0.0866601 0.706984 0
0.0998903 0.728974 0
0.115364 0.754769 0
0.135151 0.772565 0
0.147126 0.798077 0
0.142918 0.812355 0
0.161211 0.840144 0
0.215072 0.950218 0
0.2409 0.951464 0
0.282925 0.942157 0
0.313164 0.944232 0
0.341323 0.945965 0
0.349118 0.938079 0
0.36059 0.935928 1
0.382899 0.941722 0
0.421268 0.935916 0
0.451954 0.925688 0
0.490853 0.923955 0
0.513173 0.895114 0
0.557479 0.903562 0
0.58637 0.922277 0
0.605947 0.910114 0
0.642241 0.921758 0
0.777143 0.90998 0
0.746957 0.859199 1
0.767569 0.859675 0
0.807044 0.842809 0
0.823249 0.770393 0
0.850322 0.730594 0
0.867645 0.722702 0
0.895356 0.70465 0
0.909559 0.701015 1
0.913484 0.684022 0
0.911093 0.676116 0
0.91843 0.661556 0
0.925171 0.631439 0
0.921939 0.594791 0
0.932105 0.560081 0
0.948082 0.530857 0
0.946537 0.500624 0
0.954545 0.476335 0
0.948492 0.454357 0
0.95322 0.427799 0
0.958716 0.402405 0
0.949413 0.370612 0
0.930006 0.341362 0
0.913656 0.3136 0
0.898837 0.280043 0
0.891455 0.263691 0
0.882773 0.239692 0
0.872801 0.22707 1
0.865477 0.21398 0
0.852251 0.209699 0
0.832422 0.180554 0
0.80853 0.162472 0
0.793749 0.139421 0
0.783408 0.115174 0
0.763633 0.110311 0
0.747877 0.10414 0
0.717229 0.102268 0
0.682148 0.0933489 0
0.632378 0.0525474 0
0.585044 0.0345658 0
0.575144 0.0725412 0
0.492205 0.0097643 0
0.482226 0.0554955 0
0.427336 0.0321948 0
0.406683 0.0378146 0
0.368596 0.0190355 0
0.37532 0.100421 0
0.351645 0.129172 0
0.290585 0.147519 0
0.232024 0.178256 0
0.179548 0.189796 0
0.151138 0.242456 0
0.119536 0.231819 0
0.101719 0.232099 0
0.10669 0.311651 0
0.0781037 0.312788 0
0.0847677 0.326693 0
0.0822858 0.343978 0
0.0697461 0.357682 0
0.0729536 0.382708 0
0.0582383 0.396011 0
0.0607481 0.418961 0
0.069449 0.448796 0
0.0839951 0.487615 0
0.112359 0.537065 0
0.133219 0.601899 0
0.143038 0.622391 0
0.129371 0.644582 0
0.146457 0.693314 0
0.142901 0.730965 0
0.148181 0.764937 0
0.156881 0.788237 0
0.170746 0.805267 0
0.18892 0.829184 0
0.208439 0.837483 0
0.218265 0.85594 0
0.227746 0.862143 0
0.247142 0.866819 1
0.264842 0.868229 0
0.27538 0.867562 0
0.289003 0.873607 0
0.304887 0.871854 0
0.331207 0.852285 0
0.410527 0.87702 0
0.44086 0.927266 0
0.486098 0.904739 0
0.507977 0.90624 0
0.562337 0.916754 0
0.574842 0.905304 0
0.607905 0.916288 0
0.651154 0.885198 0
0.662217 0.889662 0
0.692387 0.869523 0
0.713379 0.863057 0
0.744368 0.858351 1
0.829192 0.828173 0
0.902759 0.862138 0
0.923431 0.840468 0
0.925245 0.80469 0
0.923639 0.776613 0
0.934536 0.744958 1
0.952181 0.738234 0
0.966971 0.718717 0
0.978163 0.680503 0
1 0.679355 0
0.996714 0.642279 0
0.998532 0.612666 1
