0.992294 0.00789555 1
0.992636 0.0079964 0
0.99316 0.00755202 0
0.994937 0.0070994 0
0.996207 0.00735235 0
0.997372 0.00716921 0
0.998534 0.00643523 1
1 0.0014793 0
0.99772 0.0012059 0
0.994931 0.0107256 0
0.991806 0.00617614 0
0.992464 0.00588198 0
0.992686 0.00657414 0
0.991175 0.00673943 0
0.990148 0.00719793 0
0.989465 0.00722788 0
0.988199 0.00763075 0
0.987472 0.0079087 0
0.986347 0.00915451 0
0.985185 0.00920083 0
0.984288 0.0101655 0
0.982574 0.00707901 0
0.981464 0.0072096 0
0.980812 0.00793399 0
0.979282 0.00798494 0
0.978138 0.00769743 0
0.977249 0.00843832 0
0.976269 0.00872503 0
0.975471 0.00797924 0
0.974394 0.00731477 0
0.973504 0.0082356 0
0.972787 0.00861984 0
0.972214 0.00873801 0
0.970828 0.0086771 0
0.969692 0.00900169 0
0.96805 0.00812324 0
0.966993 0.00831894 0
0.96602 0.00928277 0
0.964599 0.00876653 0
0.963738 0.00870355 0
0.962505 0.00909923 0
0.9614 0.00986155 0
0.959859 0.00851984 0
0.958512 0.00879344 0
0.957573 0.00859665 1
0.956821 0.00899661 0
0.955934 0.00927964 0
0.954959 0.00862148 0
0.953752 0.00744923 0
0.953062 0.00830681 0
0.952418 0.00780539 0
0.951144 0.00793883 0
0.949976 0.00816626 0
0.94898 0.00707338 0
0.947982 0.00459355 0
0.947438 0.00653731 0
0.946502 0.00555566 0
0.945588 0.00614101 0
0.944276 0.00656476 0
0.94312 0.00679719 0
0.942323 0.00749418 0
0.941487 0.00768063 0
0.940247 0.00733113 0
0.939203 0.00779764 0
0.938221 0.00803343 0
0.937517 0.00850574 1
0.936263 0.00799373 0
0.93534 0.00821171 0
0.934425 0.00791221 0
0.933099 0.00688621 0
0.932543 0.00812731 0
0.931124 0.00678584 0
0.930239 0.00767764 0
0.928156 0.00698273 0
0.927829 0.00640262 0
0.927168 0.00741631 0
0.925692 0.0064078 0
0.925048 0.0067903 0
0.924206 0.00755081 0
0.923138 0.0075128 0
0.921826 0.00816025 0
0.920626 0.00842663 0
0.919867 0.00866212 0
0.918911 0.00905667 0
0.917655 0.00880646 0
0.916778 0.00931474 0
0.915869 0.00953177 1
0.915355 0.00967978 0
0.913872 0.00907631 0
0.912563 0.00958138 0
0.911319 0.00950825 0
0.910479 0.0093089 0
0.909767 0.0100773 0
0.908546 0.00976455 0
0.907559 0.010613 0
0.906405 0.0113543 0
0.90495 0.0103206 0
0.903792 0.0108978 0
0.902858 0.0113904 0
0.901642 0.00972014 0
0.900646 0.0101236 0
0.899657 0.00983224 0
0.898578 0.0086902 0
0.89746 0.00888513 0
0.896425 0.00999363 1
0.89518 0.0112252 0
0.89387 0.0114089 0
0.892784 0.0111092 0
0.891766 0.0118891 0
0.889852 0.00874396 0
0.889219 0.0100867 0
0.888006 0.010334 0
0.887445 0.0113174 0
0.886233 0.0121443 0
0.885169 0.0114285 0
0.883705 0.0103987 0
0.88326 0.0103315 0
0.88213 0.00985382 1
0.881137 0.00995483 0
0.880373 0.0106701 0
0.879376 0.0112098 0
0.878494 0.0114158 0
0.877492 0.011877 0
0.876315 0.011974 0
0.874801 0.0109089 0
0.873564 0.0099053 0
0.87248 0.00995623 0
0.87151 0.01 0
0.870626 0.0100604 0
0.870108 0.010249 0
0.86865 0.00940727 0
0.867941 0.0102067 1
0.866996 0.0107665 0
0.86559 0.00981674 0
0.864375 0.00968827 0
0.863724 0.0107987 0
0.862154 0.010321 0
0.860975 0.0103571 0
0.860154 0.0108864 0
0.858911 0.0100883 0
0.858126 0.0112255 0
0.856749 0.0105837 0
0.855868 0.0111899 1
0.855208 0.0122955 0
0.853846 0.0111779 0
0.852835 0.0114303 0
0.852037 0.0119401 0
0.850702 0.0120632 0
0.849733 0.01131 0
0.848737 0.0107702 0
0.847694 0.0111244 0
0.847166 0.0129923 1
0.845667 0.0127063 0
0.844454 0.0125111 0
0.843095 0.0103392 0
0.840798 0.0074647 0
0.840489 0.0113996 0
0.839085 0.0141743 0
0.838047 0.0143741 0
0.835577 0.0125121 0
0.83498 0.0135591 1
0.834346 0.0140025 0
0.833348 0.0136656 0
0.832859 0.0144514 0
0.831798 0.0133575 0
0.830823 0.0133238 0
0.830226 0.0140363 0
0.829157 0.0129996 0
0.828767 0.0146499 0
0.827537 0.0151007 0
0.826661 0.0141294 0
0.825929 0.0143968 0
0.825483 0.0146426 1
0.824565 0.0148427 0
0.82313 0.0124207 0
0.822125 0.0121439 0
0.821208 0.0120623 0
0.820054 0.0119323 0
0.819617 0.0132611 0
0.819057 0.0138875 0
0.818276 0.0131671 0
0.817178 0.0125164 0
0.815466 0.0122905 0
0.814784 0.0113742 0
0.811912 0.00697728 0
0.811073 0.00766019 0
0.81048 0.00814324 0
0.80937 0.00872501 0
0.809031 0.00979369 0
0.808795 0.0117071 0
0.808164 0.0147683 0
0.806962 0.017456 0
0.80667 0.0185729 1
0.806462 0.0142745 0
0.805142 0.0105109 1
0.804986 0.0104707 0
0.804153 0.0118168 0
0.803247 0.0135388 0
0.802817 0.0139564 0
0.802463 0.013912 0
0.802375 0.0148997 0
0.802341 0.0162571 0
0.802374 0.0171016 0
0.800914 0.0167075 0
0.800445 0.0158214 0
0.800091 0.0158277 0
0.799151 0.0156589 0
0.797858 0.0146682 0
0.797042 0.014201 1
0.796546 0.0150161 0
0.797142 0.0172873 0
0.796663 0.0179535 0
0.796027 0.0188891 0
0.794683 0.0179714 0
0.793766 0.0184204 0
0.792593 0.0173604 0
0.791592 0.0143148 0
0.790914 0.0108418 0
0.790232 0.0103926 0
0.78904 0.0111319 0
0.788341 0.0108185 0
0.787816 0.0108635 0
0.78681 0.0104113 0
0.785253 0.0138083 0
0.78558 0.0196538 0
0.784354 0.0186957 1
0.782541 0.017561 0
0.780871 0.0152465 0
0.780539 0.0157096 0
0.779563 0.0168505 0
0.778378 0.0154021 0
0.775824 0.01424 0
0.774743 0.0138749 1
0.773382 0.0150142 0
0.772735 0.0167413 0
0.77225 0.0178771 0
0.771234 0.0190255 0
0.770198 0.0186863 0
0.76896 0.0151225 0
0.768351 0.0135576 0
0.767453 0.0157815 0
0.766805 0.0173271 0
0.766446 0.019221 0
0.76464 0.0142869 0
0.76364 0.0154464 0
0.762846 0.0168492 0
0.762237 0.0165544 0
0.761147 0.0149965 0
0.75999 0.0149295 1
0.759264 0.0155641 0
0.758128 0.0151435 0
0.757038 0.0149685 0
0.755994 0.0148845 0
0.75503 0.0154057 0
0.753773 0.015185 0
0.752472 0.0149734 0
0.751922 0.014195 0
0.75011 0.0113185 0
0.748992 0.0139458 0
0.748203 0.0143379 0
0.746979 0.0150603 0
0.746295 0.0156951 0
0.745076 0.0168248 1
0.744226 0.0175187 0
0.74324 0.0174012 0
0.741327 0.0155981 0
0.740623 0.0167854 0
0.740072 0.0188296 0
0.738591 0.0187976 0
0.737297 0.0175083 0
0.735681 0.0139372 0
0.73485 0.0128391 1
0.733706 0.0127062 0
0.732945 0.0120572 0
0.732247 0.0143129 0
0.731403 0.0155198 0
0.730463 0.0147529 0
0.729411 0.0140923 0
0.728322 0.0133143 0
0.72734 0.0132562 0
0.727173 0.0149454 0
0.725987 0.0146956 0
0.725313 0.014684 1
0.723569 0.0151627 0
0.722942 0.0169414 0
0.721189 0.0161656 0
0.720171 0.0165335 0
0.719152 0.0167668 0
0.718852 0.016251 0
0.718777 0.0166995 0
0.718763 0.017166 0
0.718699 0.0170132 0
0.717879 0.0167996 0
0.717305 0.0179144 0
0.715792 0.0176377 0
0.714633 0.0173553 0
0.714152 0.0183739 0
0.713221 0.0186956 0
0.712489 0.0196949 0
0.711968 0.0207584 0
0.710659 0.0200927 0
0.709499 0.0219862 0
0.708652 0.022576 0
0.708519 0.0218759 0
0.708099 0.0221173 0
0.707359 0.0230931 0
0.707035 0.0266353 0
0.70638 0.0274313 0
0.705932 0.0277886 0
0.705619 0.0286307 0
0.705296 0.0289304 1
0.703813 0.0274015 0
0.70294 0.0168357 0
0.702103 0.0144084 1
0.70138 0.0150705 0
0.701608 0.01724 0
0.70067 0.0138596 0
0.699248 0.0149974 0
0.698936 0.013712 0
0.698131 0.0133576 0
0.696887 0.014857 0
0.695983 0.0158213 0
0.695161 0.0169038 0
0.694341 0.0169093 0
0.693369 0.0177298 0
0.692676 0.0162123 0
0.69184 0.0155037 0
0.691126 0.0136121 0
0.690176 0.0134793 0
0.688749 0.0144513 0
0.687902 0.0163816 0
0.686784 0.0189259 0
0.685604 0.0158779 0
0.685038 0.0178057 1
0.683964 0.0179515 0
0.682906 0.0180262 0
0.680874 0.0185074 0
0.679493 0.0207174 0
0.678771 0.0194276 0
0.677541 0.0179936 0
0.676551 0.0185094 0
0.675078 0.0209317 0
0.673343 0.0175441 0
0.672195 0.0208743 0
0.670821 0.0195871 0
0.669367 0.0183145 0
0.669021 0.0260793 0
0.667353 0.0278112 1
0.665279 0.0146594 1
0.664575 0.0178193 0
0.66277 0.0146641 0
0.661901 0.0178293 0
0.66083 0.0182301 0
0.659848 0.018413 0
0.658731 0.016583 0
0.659111 0.0214443 0
0.656956 0.0196341 0
0.655581 0.0200923 0
0.655888 0.0254409 0
0.654667 0.0264862 1
0.654563 0.0230192 0
0.652727 0.0177145 0
0.650997 0.0171493 0
0.649895 0.0188406 0
0.649367 0.0196905 0
0.64839 0.01974 0
0.647426 0.0186582 0
0.645993 0.0180034 0
0.6457 0.0195716 0
0.644033 0.0190009 0
0.642726 0.0169412 0
0.642141 0.0154753 1
0.641516 0.0154474 0
0.640615 0.0159899 0
0.639745 0.0182741 0
0.638895 0.0229183 0
0.638223 0.0235081 0
0.637632 0.0231267 0
0.637231 0.0250592 0
0.635921 0.0264077 0
0.635264 0.0277807 0
0.634715 0.0289975 0
0.633609 0.0294707 0
0.633041 0.0296316 0
0.632322 0.0303585 0
0.631435 0.0308934 0
0.630211 0.0313117 1
0.629333 0.0318816 0
0.627875 0.0291442 0
0.626941 0.0298881 0
0.625624 0.0297968 0
0.62452 0.0289411 0
0.624349 0.0314578 0
0.622527 0.0288854 0
0.6203 0.024613 0
0.61932 0.0248538 0
0.618582 0.022995 0
0.617455 0.0213069 0
0.615585 0.0176738 0
0.61475 0.0197875 0
0.614374 0.0251584 0
0.611693 0.0168328 0
0.610979 0.0174535 1
0.609654 0.0191682 0
0.60903 0.0234811 0
0.608368 0.0383133 0
0.606907 0.0397039 1
0.606083 0.0328075 0
0.603534 0.0213336 0
0.603002 0.0232944 0
0.602002 0.0252352 0
0.601206 0.0295313 0
0.600862 0.0381025 0
0.599133 0.0285921 0
0.597904 0.0284113 0
0.597699 0.0293819 0
0.595418 0.0255157 0
0.594273 0.0276455 0
0.593589 0.0336525 0
0.592888 0.0365143 0
0.591588 0.0378263 0
0.590883 0.0386197 0
0.590318 0.0388069 1
0.589972 0.0376178 0
0.588217 0.0330849 0
0.587128 0.0264315 0
0.586338 0.032352 0
0.585273 0.0309525 0
0.584187 0.0193798 0
0.583532 0.0190535 0
0.581879 0.017643 0
0.581243 0.0179677 1
0.580732 0.0194034 0
0.579514 0.0216401 0
0.578803 0.0232781 0
0.578032 0.0220955 0
0.577544 0.0236274 0
0.577413 0.03152 0
0.575657 0.0321508 0
0.575206 0.0338575 0
0.575624 0.0339543 0
0.574556 0.0334078 0
0.574035 0.0352848 0
0.573668 0.0369522 0
0.572777 0.0372705 0
0.572187 0.0374112 0
0.571652 0.0375916 0
0.571235 0.0380237 1
0.569582 0.0369224 0
0.569234 0.0241584 0
0.568521 0.02081 0
0.567731 0.0373824 0
0.566963 0.0415495 0
0.566931 0.0508275 0
0.566004 0.0537013 1
0.56372 0.0184626 1
0.563311 0.0182224 0
0.56235 0.0214699 0
0.561535 0.0411495 0
0.560225 0.0403177 0
0.559854 0.0395838 0
0.55995 0.0373179 0
0.557784 0.0296608 0
0.55779 0.0375385 0
0.556556 0.0318974 0
0.555565 0.0289853 0
0.554455 0.0394398 0
0.553727 0.0328754 0
0.553361 0.0349242 1
0.552726 0.0349734 0
0.551737 0.032735 0
0.549721 0.0306888 0
0.54932 0.0262811 0
0.54817 0.0258991 0
0.547044 0.0263285 0
0.546203 0.0262022 0
0.544204 0.0198295 0
0.5435 0.0193838 0
0.542342 0.0188163 1
0.541256 0.0206711 0
0.540683 0.0323632 0
0.539275 0.0365172 1
0.538527 0.0354629 0
0.536849 0.0306562 0
0.535737 0.0302523 0
0.534959 0.0291236 0
0.534041 0.0295866 0
0.532731 0.0309126 0
0.531889 0.0286194 0
0.531039 0.0254817 0
0.529388 0.0313213 0
0.528599 0.0293829 0
0.527862 0.0289787 0
0.526767 0.0248579 0
0.525975 0.0269007 1
0.524999 0.0265397 0
0.523724 0.0267186 0
0.522735 0.0266994 0
0.5215 0.0265621 0
0.519943 0.0265935 0
0.519145 0.026806 0
0.517763 0.0269668 0
0.5164 0.0271001 0
0.516 0.0270359 0
0.514922 0.0258997 0
0.513994 0.027085 0
0.512296 0.027293 0
0.511828 0.0259628 0
0.510416 0.0257358 0
0.509416 0.023635 0
0.508892 0.0243254 0
0.50791 0.0246841 0
0.506754 0.0272182 0
0.505488 0.028161 0
0.504167 0.0248955 0
0.504507 0.0196289 0
0.502997 0.0243873 0
0.502143 0.027054 0
0.500722 0.0222833 0
0.500349 0.0256164 0
0.499827 0.0300521 0
0.498444 0.0291398 0
0.497403 0.0270618 0
0.495878 0.0349512 0
0.495002 0.0328498 1
0.493844 0.0318573 0
0.493777 0.0296397 0
0.492353 0.0307453 0
0.491558 0.030508 0
0.490864 0.0286671 0
0.489759 0.0265316 0
0.488766 0.0237919 0
0.488269 0.0226186 0
0.487604 0.0259146 0
0.486969 0.0260764 0
0.48535 0.0235397 0
0.484878 0.0201943 1
0.482749 0.0389939 0
0.482436 0.0369716 0
0.481604 0.0244266 0
0.481442 0.0272878 0
0.480153 0.0323839 0
0.47944 0.0314073 0
0.47835 0.0318915 0
0.477437 0.0329921 0
0.476594 0.0339165 1
0.476697 0.0314905 0
0.474305 0.033572 0
0.47232 0.0370245 1
0.473616 0.0340979 0
0.473439 0.029419 0
0.472935 0.0269286 0
0.472608 0.0253453 0
0.470579 0.0338981 0
0.469082 0.0344839 0
0.469809 0.0221955 0
0.469396 0.0373121 0
0.469177 0.0376695 1
0.468071 0.0178429 0
0.467736 0.018639 1
0.466944 0.0218243 0
0.465083 0.0393504 0
0.465396 0.0378304 0
0.464225 0.0383964 0
0.462817 0.0416296 0
0.462757 0.0438166 1
0.462113 0.0396955 0
0.460847 0.0350817 0
0.461552 0.0357769 0
0.461104 0.0216725 0
0.459048 0.0400007 0
0.457563 0.0370072 0
0.456361 0.0355785 0
0.455105 0.0361252 0
0.456094 0.0245693 0
0.454865 0.0263 0
0.454297 0.0245044 0
0.453799 0.0213468 0
0.451879 0.0231127 0
0.450193 0.0281373 0
0.449935 0.0241108 0
0.448966 0.0238979 0
0.449305 0.0190396 0
0.448089 0.0200372 0
0.447157 0.0187121 0
0.446245 0.018131 0
0.445365 0.0174705 0
0.443729 0.0179233 0
0.441892 0.0223436 0
0.44183 0.0182846 0
0.440723 0.0190112 1
0.439841 0.0174774 0
0.438671 0.0206357 0
0.436857 0.021521 0
0.436477 0.021899 0
0.435013 0.0223446 0
0.433916 0.0217257 0
0.432327 0.0230367 0
0.432016 0.0239445 0
0.431423 0.0237298 0
0.429901 0.0238697 0
0.429238 0.0232335 0
0.428378 0.0246913 0
0.426717 0.0276091 0
0.425991 0.0294347 0
0.424272 0.0289876 0
0.423005 0.026332 0
0.42294 0.0316869 0
0.421388 0.0314491 1
0.420353 0.0226666 1
0.419275 0.0258786 0
0.419385 0.0307204 0
0.418521 0.0354901 0
0.418113 0.0339919 1
0.415295 0.0333773 0
0.414492 0.0229226 0
0.414259 0.0333906 1
0.412836 0.0204885 0
0.410831 0.0239237 0
0.410703 0.0219575 0
0.41105 0.0170265 0
0.408788 0.0419329 1
0.407323 0.0212375 0
0.405595 0.0193078 0
0.405118 0.0171845 1
0.403714 0.0175644 0
0.402806 0.0174615 0
0.401587 0.017797 0
0.400944 0.0177933 0
0.400515 0.0183491 0
0.398661 0.0204423 0
0.398058 0.0216662 0
0.39652 0.0214278 0
0.395544 0.0209007 0
0.39508 0.0225175 0
0.394203 0.0232116 0
0.392889 0.0232361 0
0.391007 0.023065 0
0.389821 0.025063 0
0.388706 0.0255731 0
0.386954 0.0261504 0
0.386152 0.0268056 0
0.385502 0.029924 0
0.384086 0.02902 0
0.38262 0.0264871 0
0.38088 0.0264235 0
0.379525 0.0267661 0
0.378261 0.0280032 0
0.376728 0.0283269 0
0.375264 0.0279421 0
0.374169 0.0264334 0
0.373078 0.0277376 0
0.37181 0.0290372 1
0.370322 0.0287081 0
0.368501 0.0250282 0
0.36777 0.0220768 0
0.366823 0.0231122 0
0.3651 0.0249751 0
0.363898 0.0235353 0
0.362288 0.0213464 0
0.361042 0.0190724 0
0.360178 0.016684 0
0.358679 0.0172848 0
0.357495 0.0163811 0
0.355509 0.0135724 0
0.354523 0.0197046 0
0.353061 0.0237643 0
0.351846 0.0175225 0
0.350352 0.0136888 0
0.349253 0.0142313 0
0.348493 0.016909 0
0.345653 0.0273984 0
0.344273 0.0365118 1
0.344297 0.0156927 0
0.343108 0.0332924 0
0.342839 0.0188893 0
0.341528 0.015877 0
0.340471 0.0152457 1
0.339895 0.01491 0
0.340423 0.0186816 0
0.337205 0.0345745 0
0.335736 0.0221334 0
0.334653 0.0235707 0
0.333079 0.0287967 1
0.332629 0.030053 0
0.329765 0.0425568 1
0.332326 0.0221903 0
0.33191 0.0162726 0
0.32945 0.0278431 0
0.328448 0.0292841 1
0.327469 0.0283904 0
0.326901 0.0271533 0
0.326221 0.0253576 0
0.325748 0.0232059 0
0.325156 0.0196569 0
0.323862 0.0191064 0
0.322229 0.0212281 0
0.321673 0.023851 0
0.32072 0.0241704 0
0.320313 0.0221339 0
0.319635 0.0204136 0
0.319173 0.0172356 0
0.318717 0.014204 1
0.317053 0.0164937 0
0.316872 0.0191887 0
0.314526 0.02399 0
0.31413 0.0223134 0
0.313042 0.0237601 0
0.31215 0.0236305 0
0.310279 0.0270617 0
0.309701 0.0273234 0
0.308824 0.0274039 1
0.308078 0.0265173 0
0.307022 0.0261497 0
0.305293 0.0246707 0
0.304393 0.0237343 0
0.303948 0.0236252 0
0.303248 0.0225119 0
0.303189 0.0211787 0
0.302088 0.0208244 0
0.301345 0.0201107 0
0.300689 0.0190047 0
0.299821 0.0187042 0
0.298922 0.0188581 0
0.298751 0.0161991 0
0.298069 0.0149439 0
0.296405 0.0163316 0
0.295356 0.0152521 0
0.294465 0.0141376 0
0.293113 0.0141614 0
0.293015 0.0130827 0
0.291671 0.0126841 1
0.290706 0.0128046 0
0.28977 0.0122493 0
0.288306 0.0125269 0
0.287153 0.0144119 0
0.285872 0.0150122 0
0.284951 0.015953 0
0.283465 0.0163971 0
0.281534 0.019763 0
0.281001 0.0257577 0
0.279363 0.027593 1
0.278483 0.0260699 0
0.27788 0.0242638 0
0.277046 0.0196234 0
0.275261 0.0206304 0
0.275236 0.0157458 0
0.272803 0.0218272 0
0.271495 0.0216905 0
0.269649 0.0205386 0
0.269733 0.0172858 0
0.267947 0.0186219 0
0.266619 0.0194697 0
0.265748 0.017926 0
0.264472 0.0175634 0
0.263367 0.0170473 0
0.261585 0.01921 0
0.261539 0.0147316 0
0.260274 0.0132908 1
0.259263 0.0129044 0
0.257898 0.0140756 0
0.256847 0.0139501 0
0.255485 0.0154472 0
0.253693 0.0171764 0
0.253541 0.0181559 0
0.250897 0.0191724 0
0.250547 0.0143886 0
0.250314 0.0153759 0
0.248744 0.016435 0
0.247747 0.0163718 0
0.246691 0.017038 0
0.24559 0.0179073 0
0.244717 0.0195098 0
0.243321 0.018238 0
0.242758 0.019607 0
0.24093 0.0199666 0
0.240255 0.0228438 1
0.239356 0.0212623 0
0.238237 0.0210902 0
0.236918 0.0183036 0
0.236238 0.0182752 0
0.235098 0.0183345 0
0.233623 0.0187287 0
0.233124 0.0207253 0
0.232375 0.0229998 1
0.231116 0.0237623 0
0.229935 0.0250033 0
0.228767 0.0247983 0
0.227737 0.025011 0
0.227054 0.0270005 0
0.22574 0.0277857 0
0.225663 0.0273234 0
0.225193 0.0257812 0
0.224939 0.0238245 0
0.222785 0.0268004 0
0.221472 0.0272643 0
0.221105 0.0255579 0
0.219887 0.0235953 0
0.218269 0.0259842 0
0.217524 0.0274178 0
0.21753 0.0247712 0
0.215749 0.02474 0
0.214644 0.0202758 0
0.213583 0.021156 0
0.212242 0.0224389 0
0.21185 0.0246098 0
0.211587 0.025258 1
0.210476 0.0245901 0
0.210322 0.0230762 0
0.209577 0.0119713 0
0.20963 0.00931359 0
0.208775 0.00812789 1
0.207957 0.00838087 0
0.207796 0.00787648 0
0.205554 0.0114233 0
0.205048 0.0196996 0
0.204487 0.0207608 0
0.204142 0.0135312 0
0.203343 0.0140906 0
0.204175 0.0116271 0
0.201931 0.0227664 0
0.199733 0.0251341 1
0.199653 0.0252903 0
0.198892 0.0251942 0
0.198903 0.0264774 0
0.199309 0.0129912 0
0.197158 0.0241526 0
0.197389 0.02648 0
0.197442 0.0118131 0
0.193991 0.0228522 0
0.19387 0.0249326 0
0.193127 0.0246914 0
0.194931 0.00867394 0
0.193163 0.0117117 0
0.191074 0.0132205 1
0.192555 0.00822588 0
0.190835 0.00766581 0
0.187673 0.0258668 0
0.187602 0.0230063 0
0.186358 0.0220171 0
0.187509 0.00655427 0
0.185648 0.0221763 0
0.183439 0.025641 0
0.182874 0.0198106 0
0.181563 0.0193435 0
0.180669 0.020885 0
0.179865 0.0206281 0
0.179045 0.0201364 1
0.17808 0.0205027 0
0.176529 0.021702 0
0.175792 0.0222924 0
0.175123 0.0217746 0
0.174268 0.0214008 0
0.172557 0.0241238 0
0.171617 0.0285655 1
0.171507 0.0274583 0
0.171227 0.0168128 0
0.169457 0.0181844 0
0.167996 0.0174373 0
0.167335 0.0170193 0
0.165642 0.0186173 0
0.165081 0.0165422 0
0.163904 0.0169131 0
0.162846 0.01777 0
0.163284 0.0115379 0
0.159915 0.0176626 0
0.158555 0.021558 0
0.157967 0.0240073 1
0.157763 0.0184744 0
0.156879 0.0129875 0
0.156453 0.00898113 0
0.156058 0.00850404 0
0.152693 0.0172722 0
0.152392 0.015124 0
0.152145 0.0124643 0
0.150758 0.0131985 0
0.14981 0.0106024 0
0.150195 0.00754059 0
0.148837 0.00759405 0
0.147735 0.00708256 0
0.146776 0.00564989 0
0.14579 0.00457078 0
0.144119 0.00632971 0
0.143848 0.00405907 0
0.142797 0.00420798 0
0.141778 0.00429514 1
0.140401 0.00508253 0
0.139638 0.00504616 0
0.138683 0.00556002 0
0.137016 0.0068744 0
0.136088 0.00794656 0
0.135254 0.00805649 0
0.1341 0.00771821 0
0.133404 0.00717037 0
0.131704 0.00783279 0
0.130706 0.00817014 0
0.129657 0.0109881 0
0.128974 0.0108739 0
0.127836 0.0119167 0
0.126631 0.0121832 0
0.125335 0.0122004 0
0.124293 0.0126223 0
0.123347 0.014944 1
0.12382 0.0114414 0
0.121519 0.00990457 0
0.120506 0.00906177 1
0.119714 0.00851973 0
0.119048 0.0111642 1
0.116536 0.0144298 0
0.115792 0.0145129 1
0.114808 0.0141687 0
0.113581 0.0136142 0
0.112392 0.0149583 0
0.112552 0.0150302 0
0.111703 0.00327959 0
0.108803 0.0158545 0
0.108111 0.0141346 0
0.107117 0.00877674 0
0.107252 0.00243709 0
0.105183 0.00666465 0
0.104825 0.00421487 0
0.104039 0.00276211 1
0.102964 0.00288888 0
0.101621 0.00310739 0
0.100323 0.00235673 0
0.0992798 0.00260067 0
0.0982753 0.00248472 0
0.0970819 0.00214525 0
0.0963414 0.00225993 0
0.093579 0.00891411 0
0.0935962 0.00452703 0
0.0920737 0.00600331 0
0.090511 0.00815743 0
0.0892747 0.00807238 0
0.090316 0.00371162 0
0.0898267 0.00277275 0
0.0890239 0.00218024 1
0.0861115 0.0114107 1
0.0839439 0.0129579 0
0.0826149 0.0136942 0
0.0817866 0.0132123 0
0.0813386 0.0122444 0
0.0798007 0.0141798 0
0.0787182 0.0149046 0
0.0762731 0.0154295 0
0.0766741 0.0137913 0
0.0741496 0.0129925 0
0.074936 0.012232 0
0.0737469 0.0119387 0
0.0714704 0.0097682 0
0.0719763 0.00895969 0
0.0709198 0.00890505 1
0.0703444 0.00696384 0
0.0686119 0.00657452 0
0.0675104 0.00533222 0
0.0663729 0.00540155 0
0.0651873 0.00597879 0
0.0645722 0.00627844 0
0.0636553 0.00618657 0
0.0626136 0.00624291 0
0.061839 0.00645287 0
0.0612253 0.00643894 0
0.0605775 0.00639147 1
0.0595219 0.00622604 0
0.0585305 0.00667559 0
0.0572527 0.00665518 0
0.0563307 0.00614137 0
0.0556554 0.00502963 0
0.0542892 0.00560868 0
0.0532565 0.00444283 0
0.0508142 0.00516732 0
0.0501327 0.00452188 0
0.0489441 0.00362634 0
0.048942 0.00173969 0
0.0485682 0 0
0.0477065 0.00032298 0
0.0468242 0.00441603 0
0.0457155 0.0064862 1
0.0443221 0.00717347 0
0.0432565 0.00614832 0
0.0409231 0.00757346 0
0.0404337 0.0110407 0
0.0400341 0.0118817 0
0.0388432 0.00898142 0
0.0389878 0.00566638 1
0.0389262 0.00568999 0
0.038327 0.00515927 0
0.0355394 0.00813952 0
0.032911 0.00594159 1
0.0328158 0.00620647 0
0.0316671 0.00483344 0
0.0316391 0.0055296 1
0.0302624 0.00268117 0
0.0288138 0.00869161 0
0.026525 0.00561089 1
0.0267783 0.00420117 0
0.0260556 0.00538363 0
0.0257288 0.00685357 0
0.0255144 0.00548371 1
0.0223122 0.00883298 0
0.0229223 0.0076298 0
0.0222434 0.00651864 0
0.0207863 0.0073993 0
0.0201413 0.00772251 0
0.0189754 0.00831634 0
0.0183155 0.0071364 0
0.0173252 0.00662342 0
0.0171286 0.00566896 0
0.0161121 0.00544493 0
0.0153101 0.00498764 1
0.0143891 0.00490995 0
0.0137161 0.00311101 0
0.0130675 0.00269523 0
0.0122121 0.00388868 0
0.0113916 0.00547202 0
0.0105465 0.00602273 0
0.0100161 0.00541993 0
0.0091218 0.00628138 0
0.00848461 0.00588374 0
0.00720494 0.00713647 0
0.00685216 0.00635279 0
0.00618615 0.00579982 0
0.00548815 0.00544177 0
0.00468204 0.00424422 0
0.00362576 0.00355293 0
0.00278405 0.00479623 0
0.00237672 0.00230028 0
0.000704623 0.000502038 0
0.00142295 0.00315194 0
0.00124736 0.00470737 0
0.000891046 0.00507707 0
0.000798452 0.00434299 0
0 0.00454241 1
