0.555354 0.136381 1
0.560821 0.129895 0
0.5709 0.118453 0
0.572701 0.119046 0
0.582361 0.106868 0
0.587701 0.102859 0
0.605933 0.106089 0
0.598569 0.0877786 0
0.617695 0.0793904 0
0.610262 0.0609001 0
0.624738 0.0508026 0
0.626273 0.0324643 0
0.649466 0.0219256 0
0.664142 0.00567863 0
0.683077 0.0130355 0
0.697499 0 0
0.721066 0.00738104 0
0.740395 0.0195003 0
0.75637 0.0420351 0
0.77129 0.0492555 0
0.782659 0.0580476 1
0.804893 0.0488937 0
0.819816 0.0557838 0
0.839929 0.0483529 0
0.856006 0.0509709 0
0.870981 0.0565805 0
0.886509 0.0658408 0
0.895335 0.0752419 1
0.923948 0.114694 0
0.940509 0.136074 0
0.948713 0.212238 0
0.969084 0.243717 0
0.986134 0.283716 0
1 0.317806 0
0.979532 0.385036 0
0.988313 0.412117 0
0.965664 0.447671 0
0.978265 0.471501 0
0.969377 0.489706 0
0.958848 0.505874 1
0.954998 0.523119 0
0.966367 0.535499 0
0.962501 0.558272 0
0.950542 0.572978 0
0.938167 0.567428 0
0.916326 0.57185 0
0.893228 0.571559 0
0.873237 0.58741 0
0.864454 0.593583 0
0.842117 0.589187 0
0.820252 0.609274 0
0.809237 0.603905 0
0.783497 0.619903 0
0.76192 0.62249 0
0.7441 0.625941 0
0.716879 0.619106 0
0.703945 0.615857 1
0.687898 0.615993 0
0.674703 0.613226 0
0.656617 0.614791 0
0.649334 0.615066 0
0.630184 0.609511 0
0.611937 0.615898 0
0.603386 0.606683 0
0.595527 0.596229 0
0.581033 0.58195 0
0.573488 0.574846 0
0.573207 0.565136 0
0.56032 0.544443 0
0.557112 0.538391 0
0.553246 0.520026 0
0.552819 0.518932 0
0.544712 0.504534 0
0.539772 0.491539 0
0.53505 0.488322 0
0.535565 0.500517 0
0.535852 0.488216 0
0.530305 0.47231 0
0.524607 0.463641 1
0.525833 0.45143 0
0.524178 0.441067 0
0.522538 0.426728 0
0.525396 0.411631 0
0.520526 0.391859 0
0.516613 0.376203 0
0.51725 0.349662 0
0.499492 0.325916 0
0.486156 0.298767 0
0.478814 0.271269 0
0.450557 0.237232 0
0.431283 0.209896 0
0.424414 0.187523 0
0.407816 0.175236 0
0.403905 0.163479 0
0.399337 0.156335 0
0.392946 0.155183 0
0.392083 0.149692 1
0.385524 0.144338 0
0.385138 0.138178 0
0.364464 0.122095 0
0.304905 0.121837 0
0.277949 0.148852 0
0.279077 0.150713 0
0.276846 0.153364 0
0.273371 0.155245 0
0.272171 0.157028 1
0.239245 0.165858 1
0.214363 0.181613 0
0.198733 0.182862 0
0.190921 0.187062 0
0.178794 0.189103 0
0.170884 0.193028 1
0.170449 0.19377 0
0.169622 0.195521 0
0.166757 0.206305 0
0.157945 0.205932 0
0.117215 0.274468 0
0.0890976 0.309861 0
0.0892447 0.317058 0
0.06906 0.347675 0
0.0565166 0.3736 0
0.0541161 0.387616 0
0.0450988 0.408566 0
0.0342869 0.423039 0
0.0370215 0.44392 0
0.038194 0.46244 0
0.0682226 0.464831 0
0.164954 0.556482 0
0.202485 0.605211 0
0.200372 0.60571 0
0.200923 0.606463 0
0.200923 0.60644 0
0.200931 0.606443 1
0.209222 0.611097 1
0.222019 0.622391 1
0.267522 0.614054 0
0.26096 0.619764 1
0.261774 0.619141 0
0.263141 0.619326 0
0.264198 0.619066 0
0.26771 0.619471 0
0.271482 0.619664 0
0.278788 0.627981 0
0.287704 0.629359 0
0.325059 0.644788 0
0.347228 0.644805 0
0.360956 0.633351 0
0.379116 0.623621 0
0.398165 0.615338 0
0.405899 0.603121 0
0.440954 0.579854 0
0.433453 0.571573 0
0.445408 0.551785 0
0.455665 0.537113 0
0.448184 0.525175 0
0.44645 0.512087 0
0.443708 0.465996 0
0.448388 0.423672 0
0.457617 0.397284 0
0.456103 0.38295 0
0.459192 0.358841 0
0.462625 0.356457 0
0.443289 0.321985 0
0.433598 0.296698 0
0.427409 0.265794 0
0.40799 0.253102 0
0.396348 0.240675 0
0.391872 0.230761 0
0.37605 0.207642 0
0.378761 0.205185 0
0.373039 0.195098 0
0.36472 0.179645 0
0.360666 0.171738 0
0.35295 0.163352 0
0.35023 0.155122 0
0.338637 0.14332 0
0.33223 0.140983 0
0.31173 0.13925 0
0.306407 0.141245 0
0.268193 0.133395 0
0.275594 0.141422 0
0.217453 0.13677 0
0.21279 0.140231 0
0.198565 0.133868 0
0.18207 0.132538 0
0.16571 0.141082 0
0.163193 0.151187 0
0.147034 0.161837 0
0.144248 0.165147 0
0.134277 0.173731 0
0.128071 0.181206 0
0.12962 0.187988 0
0.130597 0.196164 0
0.13513 0.204634 0
0.129539 0.219286 0
0.117926 0.24113 0
0.108739 0.260345 0
0.110064 0.279524 0
0.0664104 0.378038 0
0.0507927 0.402112 0
0.0410403 0.426688 0
0.0405506 0.440949 0
0.046447 0.454814 0
0.0431003 0.475298 0
0.0402796 0.486719 0
0.0613424 0.512778 0
0.0652366 0.524469 0
0.0634689 0.533678 0
0.077967 0.549779 0
0.0936921 0.56013 1
0.0965353 0.562395 0
0.10485 0.567337 0
0.110156 0.562168 0
0.130297 0.559828 0
0.149795 0.552291 0
0.196532 0.554023 0
0.222075 0.571025 0
0.229205 0.575241 0
0.240048 0.582319 0
0.256625 0.590974 0
0.265933 0.606249 0
0.263724 0.605507 1
0.267904 0.59795 0
0.291487 0.57793 0
0.307819 0.574019 0
0.317609 0.567598 0
0.325378 0.561294 0
0.331302 0.551711 0
0.339595 0.543538 1
0.344749 0.524173 0
0.353763 0.497398 0
0.347801 0.465899 0
0.352608 0.441244 0
0.354154 0.429199 0
0.35614 0.407282 0
0.3545 0.395642 0
0.349733 0.377457 0
0.349712 0.360277 1
0.351714 0.344055 0
0.351024 0.336149 0
0.345263 0.293502 0
0.346693 0.278377 0
0.328093 0.223663 0
0.320288 0.210459 0
0.314624 0.19701 0
0.311362 0.18751 0
0.310518 0.183404 1
0.31294 0.181935 0
0.314899 0.177598 0
0.31741 0.175598 0
0.265348 0.162089 1
0.247228 0.141765 0
0.246783 0.142284 1
0.246267 0.138885 0
0.24484 0.136177 0
0.239028 0.132501 0
0.231642 0.126422 0
0.209184 0.104831 0
0.153482 0.0948758 0
0.111729 0.116681 0
0.105786 0.145559 1
0.0994532 0.149423 0
0.0960298 0.155101 0
0.0947389 0.157342 0
0.0755119 0.165731 0
0.063212 0.180409 0
0.0602831 0.186572 0
0.0533846 0.19754 0
0.0536427 0.205455 0
0.0189059 0.229305 0
0.0275728 0.229839 0
0.0121658 0.25813 0
0.016984 0.262313 0
0.0106551 0.279488 1
0.017069 0.285311 0
0 0.299969 0
0.0166218 0.308782 0
0.0220442 0.317099 0
0.0275068 0.326297 0
0.0215578 0.345489 0
0.0332803 0.351109 0
0.0352699 0.375028 0
0.042477 0.388984 0
0.0234171 0.407199 0
0.0540934 0.414671 0
0.0734297 0.429919 0
0.118022 0.426216 0
0.107134 0.619194 0
0.126976 0.613456 0
0.147936 0.610302 0
0.147513 0.616719 0
0.152247 0.619432 0
0.16151 0.621175 0
0.171875 0.619755 0
0.176627 0.619744 0
0.179479 0.62152 0
0.188243 0.615259 0
0.196835 0.612997 1
0.2122 0.618211 1
0.227255 0.61955 1
0.257372 0.621779 1
