0.762437 0.0609148 1
0.761899 0.0617498 0
0.761477 0.0625698 0
0.761004 0.0634409 0
0.760553 0.0643242 0
0.759876 0.0656269 0
0.759021 0.0661683 0
0.758851 0.0674089 0
0.757887 0.0682781 0
0.757285 0.0694207 0
0.756181 0.0698514 0
0.756007 0.0712477 0
0.754972 0.0723062 0
0.755307 0.0738487 0
0.75437 0.0748396 1
0.750713 0.0729802 0
0.749252 0.0745317 0
0.746941 0.0731484 0
0.744318 0.0728865 0
0.741972 0.0707588 0
0.739942 0.0694673 0
0.738582 0.0670239 1
0.736029 0.06829 0
0.73389 0.0665729 0
0.730108 0.0684753 0
0.727935 0.065929 0
0.725188 0.0662331 0
0.723106 0.0632727 0
0.718312 0.0657214 0
0.71688 0.0620644 0
0.714224 0.0601541 0
0.711673 0.0583096 0
0.708072 0.0578926 0
0.705833 0.0550102 0
0.703307 0.0522467 0
0.701166 0.0497755 1
0.698281 0.0488446 0
0.695977 0.0486635 0
0.692244 0.0487886 0
0.69045 0.046119 0
0.686846 0.0455578 0
0.68503 0.0449665 0
0.682451 0.0429838 0
0.679244 0.0423819 0
0.677612 0.0408942 0
0.676427 0.0402375 1
0.674641 0.0401619 0
0.672506 0.0391402 0
0.668288 0.0379759 0
0.66583 0.0364781 0
0.660725 0.0347185 0
0.658613 0.0324324 0
0.654925 0.0327764 0
0.651606 0.0313114 0
0.647926 0.030485 0
0.645687 0.0287918 0
0.643009 0.0270504 0
0.639282 0.0270488 1
0.635272 0.0266247 0
0.631271 0.0272708 0
0.627294 0.0271689 0
0.623435 0.0266799 0
0.620708 0.0238862 0
0.616946 0.0224695 0
0.613412 0.020242 0
0.609222 0.0188436 0
0.606733 0.0182279 0
0.602757 0.0180399 0
0.6007 0.0168489 0
0.59831 0.0162068 1
0.597009 0.0157555 0
0.593541 0.0148126 0
0.590429 0.0148626 0
0.588153 0.0129988 0
0.585136 0.0134561 0
0.582868 0.0123099 0
0.578598 0.0165703 0
0.574955 0.0134964 0
0.572142 0.0089702 1
0.568232 0.0174724 0
0.564759 0.0161716 0
0.562763 0.0127673 0
0.560774 0.010299 0
0.558697 0.00904456 0
0.555884 0.00943478 0
0.554413 0.00786536 0
0.55217 0.00731671 1
0.548561 0.0045441 0
0.546026 0.00416283 0
0.542648 0.00430363 0
0.540174 0.0014492 0
0.536633 0.00265689 0
0.53352 0.00538802 0
0.53035 0.00326617 0
0.526863 0.0039051 0
0.523521 0.00448535 0
0.5212 0.0028812 0
0.517749 0.00356896 0
0.514016 0.00341011 0
0.511408 0.00316199 0
0.508295 0.00366217 1
0.506294 0.00308028 0
0.504241 0.00265918 0
0.50195 0.00253078 0
0.500166 0.00168102 0
0.497096 0.00327624 0
0.494845 0.00330124 0
0.492523 0.0037788 0
0.49096 0.00382222 1
0.489271 0.00365943 0
0.486651 0.00263806 0
0.484408 0.00243088 0
0.481448 0.00147195 0
0.477668 0.000423869 0
0.473978 0.00273615 0
0.469547 0 0
0.465196 0.000183443 0
0.461855 0.00479135 0
0.458955 0.00782994 0
0.455126 0.00791164 0
0.450683 0.0081784 1
0.446094 0.00673861 0
0.442095 0.00544644 0
0.436745 0.00464504 0
0.433429 0.00669835 0
0.430381 0.00896079 0
0.426222 0.0100522 1
0.423475 0.0105854 0
0.4202 0.0124141 0
0.416694 0.0107893 0
0.414016 0.0114999 0
0.410916 0.011518 0
0.408603 0.0115696 0
0.40576 0.0120639 0
0.403933 0.0135941 1
0.40215 0.0144254 0
0.399997 0.0141482 0
0.397406 0.0151473 0
0.394945 0.0168018 0
0.392067 0.0156351 0
0.389457 0.0162793 0
0.386652 0.0163325 0
0.384393 0.0172724 0
0.381667 0.0194069 0
0.380033 0.0211816 0
0.375537 0.0222779 0
0.372438 0.0229911 0
0.36969 0.02406 0
0.366753 0.0254203 0
0.364685 0.0270145 0
0.360643 0.025864 0
0.357752 0.0285197 1
0.354929 0.0300263 0
0.351819 0.0313119 0
0.347667 0.0317479 0
0.344509 0.032323 0
0.342165 0.0334353 0
0.339829 0.0353342 0
0.336147 0.0363952 0
0.332752 0.0366992 0
0.329738 0.0378685 0
0.327899 0.0387006 0
0.325553 0.039834 0
0.323903 0.0398881 1
0.320179 0.0395355 0
0.318241 0.040937 0
0.316767 0.0419772 0
0.315277 0.0428427 0
0.314203 0.0431355 0
0.312104 0.0441691 0
0.307854 0.045136 0
0.305278 0.0482449 0
0.303357 0.0496675 0
0.299924 0.0506201 0
0.295636 0.0527053 0
0.29035 0.0537939 0
0.288663 0.0547734 0
0.286756 0.0557953 1
0.284356 0.0564248 0
0.282499 0.058799 0
0.279687 0.060446 0
0.278473 0.0624343 0
0.273943 0.0618782 0
0.271017 0.0657312 0
0.267363 0.0658881 0
0.264267 0.0680559 0
0.26038 0.0701796 0
0.256939 0.070313 0
0.25447 0.0725907 0
0.25292 0.0755663 0
0.249111 0.0754803 1
0.247054 0.0772918 0
0.244263 0.0796358 0
0.241552 0.082303 0
0.238643 0.0832171 0
0.235894 0.0862738 0
0.233134 0.0875088 0
0.229371 0.087396 0
0.225672 0.0902411 0
0.223553 0.091263 0
0.220932 0.0942329 0
0.218671 0.0958907 0
0.216108 0.0991481 0
0.212723 0.100664 0
0.207771 0.100345 0
0.205849 0.103979 1
0.203768 0.106197 0
0.20093 0.108214 0
0.198677 0.11199 0
0.195948 0.113696 0
0.193213 0.117129 0
0.189307 0.115513 0
0.18582 0.118838 0
0.183375 0.120084 0
0.180695 0.123697 0
0.178778 0.125431 0
0.1777 0.127983 0
0.175288 0.129527 0
0.171826 0.130136 0
0.169272 0.132392 0
0.167797 0.133707 0
0.165432 0.136007 0
0.163329 0.137911 1
0.160977 0.140149 0
0.157577 0.142274 0
0.15502 0.146418 0
0.151642 0.144416 0
0.150593 0.149429 0
0.148733 0.150939 0
0.146402 0.154213 0
0.144468 0.156524 0
0.14317 0.15828 0
0.141234 0.159363 1
0.139375 0.159653 0
0.135517 0.162178 0
0.134263 0.164938 0
0.13216 0.167771 0
0.130295 0.168241 0
0.127585 0.170689 0
0.126455 0.174248 0
0.124396 0.176404 1
0.121697 0.178616 0
0.121076 0.179117 0
0.116637 0.182379 0
0.114398 0.186692 0
0.111208 0.188583 0
0.1085 0.192031 0
0.106471 0.194143 0
0.103982 0.195862 0
0.102873 0.196834 1
0.101932 0.198345 0
0.105542 0.20398 0
0.101627 0.203728 0
0.10366 0.207597 0
0.103395 0.210729 0
0.103152 0.213813 0
0.094057 0.210391 0
0.100291 0.214724 0
0.0894275 0.21577 0
0.0876104 0.220048 1
0.0876346 0.220168 0
0.0870462 0.222017 0
0.0861538 0.22367 0
0.0843276 0.223989 1
0.0826575 0.226256 0
0.0805846 0.229052 0
0.0783768 0.230189 0
0.0772412 0.23356 0
0.0777668 0.236105 0
0.0762061 0.238421 0
0.0739439 0.239583 0
0.0724925 0.241791 0
0.070849 0.24402 0
0.0707191 0.246539 0
0.0698803 0.249114 0
0.0687932 0.250879 0
0.0679035 0.252508 0
0.0715399 0.260635 0
0.0692364 0.261462 0
0.0652428 0.260447 0
0.0615284 0.258526 1
0.0663916 0.271292 0
0.0596582 0.266929 0
0.0572521 0.268842 0
0.0563871 0.270648 0
0.054568 0.271895 0
0.055241 0.27421 0
0.0526734 0.275345 0
0.051641 0.276609 0
0.0514086 0.278229 0
0.0485855 0.278211 0
0.048346 0.280171 0
0.0415471 0.278839 0
0.0440007 0.285257 0
0.0455162 0.289599 0
0.0452779 0.292595 0
0.0451195 0.293823 0
0.0444751 0.296632 1
0.0447546 0.298048 0
0.0432607 0.300336 0
0.043002 0.301281 0
0.0419127 0.301391 1
0.042367 0.30453 0
0.0402537 0.30697 0
0.0386249 0.309644 0
0.0369157 0.313217 0
0.0374102 0.31733 0
0.0366248 0.318729 1
0.0370949 0.321398 0
0.0351565 0.323684 0
0.0330224 0.326704 0
0.0306736 0.328623 0
0.030994 0.331648 0
0.0317053 0.335594 1
0.0317025 0.338948 0
0.0317199 0.342486 0
0.0281198 0.344348 0
0.0284749 0.348514 0
0.0272636 0.351686 0
0.0282539 0.355097 0
0.0259617 0.356745 0
0.0252013 0.359406 0
0.0243821 0.362036 1
0.0227647 0.365246 0
0.0220908 0.368021 0
0.0229634 0.372106 0
0.0219351 0.374061 1
0.0208102 0.375272 0
0.0186863 0.376347 0
0.0186041 0.378671 0
0.0192387 0.380307 0
0.0176664 0.381543 0
0.0175205 0.38303 0
0.0183089 0.386327 0
0.0168669 0.388518 0
0.0189576 0.390616 0
0.0166126 0.394239 0
0.0187228 0.395312 0
0.0171139 0.397571 0
0.0209571 0.402212 0
0.0155293 0.404293 1
0.0187006 0.408332 0
0.0184389 0.410922 0
0.0131039 0.410964 0
0.0110708 0.410379 0
0.0118277 0.414845 0
0.019973 0.424427 0
0.0178954 0.428115 0
0.0159947 0.43153 0
0.0137317 0.433706 0
0.0132354 0.435358 1
0.0111949 0.437044 0
0.0106202 0.439248 0
0.0102193 0.441532 0
0.00920089 0.442879 0
0.0117177 0.445238 0
0.0114425 0.44688 0
0.0107406 0.449939 0
0.0126982 0.452541 0
0.0134079 0.455174 0
0.00935576 0.456869 0
0.0131586 0.460572 0
0.0110474 0.463679 1
0.0119765 0.4663 0
0.0115571 0.46903 0
0.00852531 0.471629 0
0.00571497 0.474088 0
0.00379607 0.476458 0
0.00129821 0.48009 0
0.000577268 0.482057 0
0 0.485555 0
0.00284044 0.489015 0
0.0026102 0.491838 0
0.0126887 0.496666 1
0.0100552 0.500302 0
0.0124581 0.500494 0
0.00487084 0.502934 0
0.0152435 0.507985 0
0.01115 0.509264 1
0.011219 0.51193 1
0.0100705 0.515452 0
0.00660616 0.518831 0
0.00609869 0.524038 0
0.00725545 0.527356 0
0.012833 0.527793 1
0.00854484 0.532113 0
0.0110626 0.53474 0
0.0163064 0.53874 0
0.0125696 0.545826 1
0.017492 0.543711 0
0.022713 0.545033 0
0.0169665 0.54863 0
0.0157396 0.549085 0
0.0154956 0.550042 1
0.0154138 0.552826 0
0.0146212 0.556898 0
0.0150376 0.558496 0
0.0153136 0.561256 0
0.0164139 0.564536 0
0.0188294 0.567084 0
0.0190049 0.570577 1
0.0173416 0.573857 0
0.0130803 0.578487 0
0.0146853 0.581111 0
0.0150733 0.585552 0
0.0165892 0.588701 0
0.0187541 0.591589 0
0.0202595 0.594669 0
0.0238984 0.597617 1
0.0274238 0.601323 0
0.027992 0.606244 0
0.0315775 0.609106 0
0.0300638 0.614385 0
0.0328931 0.616659 0
0.0316905 0.620333 0
0.0311877 0.623241 0
0.0312656 0.626259 0
0.0313479 0.627826 0
0.0317578 0.629228 1
0.0343545 0.630918 0
0.0296118 0.633862 0
0.0336477 0.634892 0
0.0352045 0.636327 0
0.0358738 0.63844 0
0.034835 0.641472 0
0.0367377 0.64325 0
0.0351422 0.647468 0
0.0365404 0.648655 0
0.037178 0.651265 0
0.0382589 0.653352 0
0.0391944 0.6552 0
0.0399144 0.657762 1
0.0406328 0.660173 0
0.0407091 0.661975 0
0.0430345 0.664706 0
0.0453418 0.667369 0
0.0441324 0.671057 0
0.0461308 0.673219 0
0.0467848 0.676329 0
0.0468925 0.679076 0
0.0456482 0.683538 0
0.0501693 0.685193 0
0.0517912 0.686621 0
0.0524686 0.68962 0
0.0534855 0.692186 0
0.0532235 0.694212 0
0.0518715 0.696443 0
0.0530085 0.698873 0
0.0570529 0.70132 0
0.0590412 0.703787 0
0.0580881 0.706109 0
0.0594482 0.708435 0
0.0601897 0.710397 0
0.0611717 0.712405 0
0.0624416 0.714757 0
0.062157 0.716136 1
0.0631278 0.717827 0
0.0653034 0.719533 0
0.0677943 0.721812 0
0.0678844 0.724023 0
0.0684109 0.727054 0
0.0686255 0.729444 0
0.0699882 0.731166 0
0.0723338 0.733066 0
0.0732382 0.735022 0
0.0744897 0.73684 0
0.0752827 0.738599 1
0.0764293 0.74033 0
0.0765227 0.743011 0
0.0779235 0.74586 0
0.0788146 0.747906 0
0.0821648 0.749258 0
0.0829563 0.751084 0
0.0834526 0.753227 0
0.0841653 0.756148 0
0.0851725 0.758142 0
0.0866911 0.760903 0
0.0877687 0.762428 0
0.0897954 0.764027 0
0.0903995 0.765773 0
0.0918098 0.767284 1
0.0925099 0.769129 0
0.0931042 0.770605 0
0.0937549 0.772307 0
0.0943765 0.77457 0
0.0963626 0.775958 0
0.0982322 0.777356 0
0.0987654 0.779445 0
0.100667 0.781154 0
0.100585 0.78357 0
0.101798 0.786386 0
0.104733 0.787399 0
0.1056 0.789207 0
0.107859 0.791269 0
0.10939 0.793106 1
0.11179 0.796486 0
0.112514 0.798417 0
0.114016 0.799253 0
0.116218 0.801371 0
0.117551 0.802939 0
0.118399 0.807404 0
0.121679 0.810478 0
0.122752 0.812313 0
0.123632 0.814202 0
0.124443 0.818063 0
0.126521 0.82065 0
0.129473 0.822901 0
0.13094 0.82569 0
0.131551 0.827677 0
0.13212 0.828968 0
0.133441 0.830097 0
0.13534 0.832227 0
0.1359 0.832728 0
0.13602 0.832809 0
0.136042 0.832826 1
0.137781 0.832455 0
0.139178 0.834887 0
0.140156 0.835506 0
0.142252 0.835156 0
0.139943 0.84013 0
0.142797 0.840553 0
0.143743 0.8416 0
0.145364 0.843098 0
0.146775 0.843824 0
0.148009 0.845664 0
0.149655 0.845949 0
0.150034 0.848604 0
0.151608 0.850674 0
0.154622 0.853686 0
0.155394 0.854318 0
0.157808 0.85583 0
0.158888 0.857536 0
0.160679 0.859833 0
0.161592 0.860474 0
0.162838 0.862171 0
0.164566 0.863565 0
0.165177 0.86434 1
0.166141 0.865121 0
0.168324 0.866216 0
0.168245 0.86974 0
0.170318 0.870861 0
0.172478 0.87198 0
0.173599 0.873757 0
0.175273 0.874431 0
0.177427 0.876009 0
0.180115 0.878354 0
0.182057 0.879436 0
0.182479 0.883253 0
0.18499 0.883175 0
0.18784 0.885489 0
0.189999 0.887485 1
0.191931 0.888572 0
0.193246 0.889605 0
0.195673 0.889198 0
0.197743 0.89156 0
0.198505 0.894264 0
0.200078 0.897505 0
0.202757 0.898103 0
0.204527 0.899619 0
0.206848 0.901886 0
0.20899 0.903513 0
0.211865 0.903739 0
0.214562 0.904665 1
0.215352 0.908768 0
0.217726 0.908319 0
0.219581 0.910397 0
0.222062 0.913106 0
0.224858 0.914316 0
0.227086 0.916726 0
0.230021 0.916841 0
0.232231 0.919043 0
0.234133 0.921204 0
0.236501 0.922919 0
0.23946 0.923677 0
0.241109 0.92535 0
0.242746 0.926715 0
0.246058 0.926299 0
0.249456 0.927742 0
0.251712 0.930343 1
0.253486 0.932267 0
0.255678 0.934167 0
0.257888 0.937277 0
0.261371 0.938184 0
0.265414 0.938155 0
0.268415 0.939134 0
0.270383 0.94152 0
0.272475 0.945798 0
0.275735 0.948071 0
0.27908 0.947812 1
0.282661 0.947303 0
0.285439 0.949391 0
0.287939 0.952015 0
0.291514 0.953091 0
0.296126 0.952809 0
0.298699 0.958672 0
0.303919 0.957807 0
0.30686 0.958903 1
0.310405 0.957757 0
0.312286 0.96145 0
0.316019 0.960605 0
0.318275 0.963851 0
0.321535 0.963671 0
0.325482 0.965667 0
0.329505 0.967214 0
0.33349 0.965885 0
0.337058 0.968383 0
0.341552 0.967553 0
0.34223 0.971014 0
0.34511 0.971846 0
0.346342 0.973875 1
0.356136 0.974521 0
0.358966 0.975315 0
0.363359 0.977968 0
0.366737 0.976908 0
0.369416 0.979199 0
0.371741 0.981969 0
0.374923 0.983489 0
0.377927 0.983714 0
0.380327 0.982588 0
0.385825 0.985626 0
0.387993 0.985237 0
0.389689 0.986155 0
0.392017 0.986638 0
0.395464 0.986163 1
0.397915 0.985878 0
0.398924 0.98592 0
0.401794 0.986917 0
0.403667 0.986537 0
0.406571 0.986902 0
0.409327 0.986912 0
0.410478 0.987008 0
0.412482 0.986707 0
0.414874 0.986031 0
0.41724 0.986487 0
0.421665 0.988246 0
0.42486 0.988253 1
0.427991 0.984531 0
0.43131 0.981192 0
0.434777 0.990468 0
0.439011 0.985909 0
0.441084 0.985381 0
0.443014 0.982709 0
0.445003 0.982328 0
0.446139 0.982684 0
0.448263 0.983656 0
0.450291 0.988525 0
0.452779 0.989602 0
0.455393 0.991815 0
0.458221 0.992031 1
0.460114 0.991756 0
0.462279 0.990376 0
0.463752 0.988307 0
0.465224 0.990196 0
0.46652 0.990696 0
0.469283 0.987335 0
0.470078 0.989838 0
0.471096 0.991476 0
0.473055 0.989897 0
0.474458 0.990159 0
0.475868 0.990318 0
0.477128 0.992306 0
0.47804 0.99275 1
0.482449 0.99138 0
0.485212 0.993292 0
0.487972 0.991833 0
0.493201 0.989732 0
0.495944 0.990817 0
0.499714 0.993413 0
0.50371 0.995987 0
0.504855 0.991691 0
0.507521 0.991317 0
0.50944 0.991968 1
0.510926 0.992213 0
0.512867 0.993524 0
0.514531 0.99382 0
0.515913 0.994274 0
0.518042 0.995533 0
0.521517 0.998739 0
0.52427 0.997777 0
0.526308 0.99611 0
0.530272 0.99553 0
0.532792 0.993439 1
0.533885 0.992459 0
0.535685 0.99263 0
0.537849 0.99415 0
0.539983 0.994028 0
0.541336 0.991688 0
0.543889 0.992211 0
0.54704 0.991113 0
0.549345 0.988794 0
0.55307 0.988757 0
0.556033 0.987739 0
0.559781 0.987475 1
0.561178 0.987175 0
0.562679 0.986889 0
0.565154 0.98801 0
0.568094 0.987417 0
0.570112 0.985977 0
0.573386 0.990821 0
0.576444 0.987198 0
0.579173 0.985727 0
0.581395 0.986358 0
0.583156 0.986315 0
0.584899 0.985856 1
0.587555 0.98611 0
0.589196 0.985029 0
0.591607 0.984856 0
0.593802 0.983566 0
0.596144 0.984323 0
0.597276 0.983933 1
0.599038 0.98379 0
0.599877 0.983583 0
0.60082 0.983102 0
0.602573 0.983333 0
0.603126 0.982604 0
0.604028 0.980973 0
0.606213 0.980439 0
0.608024 0.982154 1
0.60961 0.980665 0
0.611763 0.978592 0
0.613354 0.979554 0
0.615775 0.979593 0
0.617437 0.977922 0
0.619471 0.978037 0
0.622475 0.976829 0
0.624757 0.975905 0
0.626146 0.975269 1
0.627947 0.975723 0
0.630046 0.976419 0
0.631781 0.976387 0
0.632723 0.976122 0
0.634753 0.974347 0
0.636919 0.973205 0
0.638481 0.971614 0
0.641042 0.97068 0
0.644629 0.971593 0
0.647331 0.969614 0
0.649737 0.967463 0
0.656198 0.968977 0
0.657883 0.966759 1
0.660055 0.964348 0
0.663127 0.964545 0
0.665369 0.961332 0
0.668516 0.961198 0
0.671209 0.957734 0
0.674351 0.955943 0
0.678914 0.95635 0
0.682265 0.956763 0
0.685784 0.953643 0
0.689246 0.953704 0
0.691459 0.95139 0
0.696411 0.951407 0
0.700129 0.949749 1
0.702308 0.9485 0
0.70469 0.947034 0
0.707906 0.945561 0
0.709696 0.942689 0
0.71258 0.942978 0
0.714635 0.940588 0
0.717161 0.938122 0
0.721387 0.940865 0
0.722831 0.937589 0
0.724844 0.935854 0
0.727196 0.936007 1
0.729204 0.933185 0
0.732063 0.931727 0
0.73497 0.930235 0
0.738388 0.929946 0
0.741841 0.928235 0
0.745276 0.925355 0
0.748657 0.923681 0
0.750201 0.919049 0
0.753443 0.919213 0
0.757025 0.919592 0
0.759713 0.918158 0
0.762556 0.916297 0
0.764024 0.916275 0
0.765179 0.914388 1
0.766567 0.91343 0
0.768626 0.912144 0
0.769763 0.909316 0
0.772065 0.909038 0
0.773571 0.90523 0
0.776452 0.907413 0
0.778941 0.905675 0
0.781864 0.902976 1
0.784703 0.90103 0
0.78622 0.897698 0
0.789441 0.895772 0
0.791988 0.89401 0
0.793935 0.892624 0
0.798476 0.893309 0
0.800087 0.890158 0
0.802897 0.888243 1
0.804713 0.888415 0
0.806411 0.884789 0
0.809788 0.883288 0
0.812133 0.880785 0
0.816321 0.877869 0
0.819062 0.875285 0
0.823181 0.872656 0
0.826022 0.868144 0
0.828838 0.867718 0
0.831135 0.865526 0
0.833547 0.865189 1
0.835151 0.862653 0
0.837143 0.860932 0
0.838088 0.859406 0
0.838752 0.858149 0
0.839668 0.856435 0
0.84118 0.853812 0
0.842936 0.853568 0
0.845026 0.852059 0
0.847599 0.852172 0
0.849518 0.849914 0
0.851005 0.848419 0
0.854293 0.847551 0
0.85466 0.845406 0
0.856191 0.842557 0
0.860305 0.842174 0
0.860721 0.839225 0
0.86394 0.837683 0
0.86587 0.835544 0
0.866774 0.832599 1
0.869388 0.829421 0
0.870367 0.826773 0
0.871932 0.823531 0
0.875975 0.822815 0
0.877496 0.819491 0
0.879673 0.818945 0
0.88135 0.816685 0
0.882597 0.814544 0
0.882756 0.810657 0
0.88532 0.81028 0
0.885247 0.80628 0
0.886106 0.802841 0
0.890245 0.804026 0
0.893554 0.802527 0
0.894408 0.800827 0
0.89485 0.798899 0
0.89436 0.796632 0
0.897261 0.795698 0
0.899096 0.79616 0
0.900122 0.795262 0
0.901401 0.79377 0
0.902289 0.792725 0
0.902724 0.792339 1
0.903314 0.790973 0
0.903718 0.78996 0
0.905104 0.788578 0
0.906051 0.78764 0
0.906432 0.78494 0
0.907715 0.783484 0
0.908689 0.782037 0
0.909698 0.778992 0
0.912098 0.776393 0
0.9127 0.774255 0
0.914702 0.772527 0
0.915083 0.770768 0
0.918149 0.768048 0
0.919614 0.76447 0
0.921291 0.763589 0
0.922547 0.761467 0
0.923797 0.760458 0
0.924749 0.758738 0
0.926279 0.757146 0
0.926536 0.756937 0
0.9288 0.755692 0
0.929224 0.752689 1
0.929925 0.751495 0
0.930929 0.75052 0
0.929937 0.748529 0
0.932438 0.747896 0
0.933225 0.746555 0
0.935732 0.745599 0
0.936502 0.744244 0
0.93631 0.741398 0
0.937989 0.740039 0
0.938846 0.738122 0
0.939555 0.735645 0
0.939826 0.733444 0
0.943735 0.732644 0
0.943889 0.730238 1
0.945095 0.728597 0
0.945131 0.726049 0
0.946537 0.722421 0
0.947345 0.71955 0
0.948773 0.716712 0
0.948734 0.714285 0
0.951433 0.710401 0
0.950819 0.706938 0
0.953556 0.704322 0
0.954621 0.702266 0
0.95535 0.699465 0
0.95737 0.697844 0
0.957981 0.696542 0
0.958518 0.695129 0
0.95865 0.694942 0
0.958959 0.694552 0
0.959212 0.694138 1
0.959406 0.69338 0
0.960442 0.690837 0
0.961424 0.688693 0
0.962397 0.688608 0
0.962045 0.687089 0
0.962549 0.686007 0
0.964662 0.683119 0
0.966014 0.680482 0
0.96697 0.678173 0
0.965615 0.676548 0
0.965997 0.674253 0
0.966182 0.671575 0
0.968222 0.670732 0
0.969988 0.669426 0
0.96904 0.667022 0
0.969829 0.66566 0
0.970397 0.66371 1
0.971424 0.66061 0
0.970827 0.65746 0
0.974679 0.655617 0
0.97381 0.652153 0
0.973368 0.649208 0
0.974538 0.647236 0
0.974972 0.64496 0
0.978023 0.644115 0
0.979865 0.642603 0
0.983163 0.642114 0
0.983624 0.639602 0
0.979331 0.635746 0
0.982241 0.634559 0
0.980703 0.631883 0
0.982322 0.630272 0
0.982662 0.628298 0
0.980951 0.625612 0
0.985838 0.625155 0
0.983561 0.621691 0
0.985674 0.618485 0
0.984516 0.615747 0
0.984104 0.612357 0
0.986483 0.610056 1
0.984774 0.606352 0
0.987036 0.604553 0
0.986223 0.603001 0
0.985598 0.600413 0
0.986419 0.597478 0
0.988732 0.594544 0
0.988061 0.590339 0
0.991916 0.589026 0
0.990579 0.586159 0
0.992136 0.585274 0
0.991465 0.581279 0
0.992401 0.579691 0
0.991929 0.57631 1
0.993443 0.57359 0
0.992876 0.570876 0
0.993645 0.569155 0
0.993633 0.565992 0
0.995723 0.563396 0
0.992243 0.557814 0
0.993226 0.555325 0
0.993652 0.553754 0
0.995298 0.549968 0
0.994144 0.546657 0
0.99437 0.542809 0
0.995512 0.53963 0
0.992994 0.53539 0
0.995231 0.534227 0
0.995073 0.531785 0
0.996892 0.529225 0
0.996138 0.526047 0
0.997111 0.524022 0
0.996937 0.5197 0
0.997336 0.517491 0
0.997454 0.514493 0
0.99753 0.512724 0
0.997515 0.510953 1
0.997458 0.508899 0
0.99825 0.507825 0
0.999046 0.505369 0
0.99942 0.503311 0
0.99921 0.500913 0
1 0.498273 0
0.998585 0.495046 0
0.999823 0.491485 0
0.999511 0.488531 0
0.998317 0.485 0
0.997966 0.482558 0
0.99842 0.478078 0
0.997119 0.474398 0
0.997896 0.472389 0
0.99665 0.467722 1
0.996503 0.46422 0
0.996168 0.461042 0
0.994757 0.458063 0
0.997517 0.45381 0
0.995281 0.450354 0
0.994582 0.446716 0
0.994625 0.442428 0
0.994095 0.438553 0
0.998508 0.43362 0
0.995494 0.427829 0
0.992322 0.426512 0
0.991907 0.422937 0
0.993072 0.417985 0
0.990772 0.414843 1
0.990155 0.41114 0
0.989509 0.408185 0
0.98846 0.405567 0
0.990293 0.402224 0
0.987724 0.399706 0
0.989001 0.396251 0
0.987032 0.394684 0
0.986939 0.391429 0
0.986141 0.387952 0
0.986552 0.386119 0
0.985685 0.384934 0
0.984861 0.382508 0
0.984465 0.38131 1
0.983286 0.378061 0
0.98246 0.376343 0
0.982387 0.373113 0
0.981561 0.36983 0
0.980742 0.36637 0
0.98047 0.363926 0
0.979897 0.360942 0
0.974984 0.357222 0
0.974842 0.354047 0
0.976691 0.351248 0
0.974477 0.348445 0
0.974302 0.345717 0
0.973983 0.34021 1
0.971968 0.33711 0
0.969174 0.333477 0
0.967296 0.32942 0
0.962504 0.328573 0
0.967385 0.324471 0
0.96715 0.320724 0
0.966802 0.318073 0
0.965787 0.315281 0
0.966122 0.312334 0
0.965479 0.310066 0
0.963292 0.307522 0
0.963501 0.306422 0
0.962005 0.303815 1
0.96136 0.301957 0
0.960397 0.299734 0
0.961163 0.297251 0
0.960189 0.293483 0
0.957758 0.293017 0
0.955493 0.290096 0
0.954542 0.287708 0
0.956332 0.284308 0
0.955457 0.285599 0
0.953823 0.284102 0
0.954301 0.279439 0
0.951379 0.273262 0
0.949627 0.274942 0
0.946811 0.27029 0
0.946188 0.268806 0
0.945502 0.265441 0
0.94281 0.263051 1
0.940875 0.259587 0
0.939094 0.257685 0
0.936795 0.254443 0
0.934319 0.250079 0
0.931254 0.242422 0
0.929587 0.241508 0
0.928055 0.23868 0
0.92337 0.235096 0
0.922157 0.229951 1
0.923307 0.22638 0
0.9189 0.225257 0
0.918708 0.222607 0
0.918053 0.221467 0
0.916357 0.218053 0
0.914434 0.216852 0
0.913674 0.215529 0
0.91354 0.212424 1
0.909934 0.208239 0
0.908702 0.206326 0
0.905764 0.203556 0
0.904458 0.202174 0
0.901608 0.195682 0
0.89942 0.19534 0
0.899633 0.193514 0
0.894231 0.194734 0
0.893536 0.190234 1
0.890219 0.189974 0
0.885479 0.18945 0
0.888454 0.183415 0
0.886447 0.181543 0
0.883321 0.179944 0
0.88277 0.176819 0
0.879997 0.174782 0
0.877802 0.171092 0
0.877192 0.167476 1
0.874232 0.164739 0
0.870924 0.162048 0
0.875351 0.156851 0
0.864564 0.15804 1
0.87377 0.150796 0
0.870342 0.153388 0
0.867364 0.151056 0
0.866058 0.151182 0
0.865684 0.14986 0
0.863853 0.150443 0
0.863946 0.148683 1
0.862718 0.148409 0
0.861395 0.146506 0
0.858222 0.148888 0
0.858716 0.145397 0
0.862173 0.141993 0
0.8584 0.141747 0
0.854896 0.141719 0
0.849279 0.144599 0
0.852687 0.138955 0
0.847447 0.141901 1
0.842195 0.142004 0
0.839685 0.140773 0
0.8358 0.135759 0
0.833187 0.136364 0
0.831975 0.127545 1
0.824202 0.125116 0
0.825412 0.123964 0
0.822489 0.118877 0
0.815368 0.116076 1
0.815145 0.117333 0
0.813063 0.113419 0
0.812907 0.114153 0
0.809643 0.111221 1
0.807725 0.105685 0
0.80657 0.106743 0
0.80416 0.0980446 0
0.802961 0.0926644 0
0.8007 0.090278 0
0.796709 0.100498 0
0.797206 0.0908256 0
0.789651 0.0853685 0
0.792918 0.100204 1
0.78845 0.0978637 0
0.790407 0.0958319 0
0.785866 0.09214 1
0.788708 0.0998324 0
0.779225 0.0950315 0
0.774911 0.0887183 0
0.772706 0.0888776 1
