0.828397 0.171917 1
0.8559 0.188107 0
0.866524 0.217294 0
0.890866 0.247068 0
0.899802 0.282399 1
0.90509 0.299605 1
0.952505 0.36539 0
0.950663 0.379119 0
0.945556 0.38994 1
0.947635 0.388276 0
0.953531 0.385468 0
0.950807 0.387321 0
0.953175 0.38505 0
0.986963 0.383306 0
1 0.382045 0
0.962857 0.467428 0
0.954429 0.468718 0
0.953677 0.475781 1
0.962388 0.473085 0
0.946587 0.546926 0
0.940782 0.540206 1
0.927188 0.5644 1
0.928073 0.567928 0
0.928052 0.574757 0
0.892798 0.639006 1
0.874957 0.656476 1
0.883828 0.67383 0
0.832546 0.69423 0
0.830318 0.715096 1
0.834239 0.712144 0
0.766379 0.728343 0
0.746957 0.798693 0
0.720153 0.834972 0
0.694462 0.870418 0
0.661384 0.89298 0
0.629459 0.924736 0
0.610681 0.924468 0
0.581676 0.932906 0
0.558961 0.938261 0
0.544397 0.913475 0
0.52003 0.907726 0
0.512291 0.892649 0
0.497539 0.880696 0
0.476903 0.884918 0
0.455418 0.878266 0
0.431469 0.892984 0
0.411811 0.898333 0
0.395025 0.90707 0
0.373439 0.885923 0
0.355162 0.859771 0
0.316137 0.845609 0
0.302641 0.823424 0
0.275584 0.786087 0
0.25603 0.757637 0
0.250511 0.713785 0
0.233917 0.681944 0
0.209401 0.660419 0
0.193972 0.628704 0
0.183782 0.587771 0
0.16177 0.577246 0
0.152639 0.532451 0
0.134507 0.508467 0
0.1241 0.486355 0
0.108334 0.464887 0
0.0924678 0.463843 0
0.083724 0.455944 0
0.0746922 0.451318 0
0.0666893 0.449512 0
0.0622583 0.444906 1
0.0618842 0.441543 0
0.0663658 0.436632 0
0.0704341 0.430738 0
0.0805373 0.425014 0
0.0929915 0.407452 0
0.0910122 0.401109 0
0.101912 0.394937 0
0.110922 0.385257 0
0.12634 0.356491 0
0.130104 0.304198 0
0.140522 0.26313 0
0.160502 0.237176 0
0.185821 0.219196 0
0.203968 0.206369 0
0.235339 0.178287 0
0.253359 0.155566 0
0.258921 0.141407 0
0.286232 0.118546 0
0.304927 0.108118 0
0.318637 0.0859155 0
0.344096 0.0795683 0
0.352858 0.0654068 0
0.369899 0.0683036 0
0.392993 0.0552842 0
0.416274 0.0475346 0
0.434154 0.0319146 0
0.443228 0.0430417 0
0.4666 0.041962 0
0.509826 0.0290082 0
0.540092 0.0184855 0
0.55926 0.0228754 0
0.583293 0.0192847 0
0.616255 0.0177232 0
0.648292 0.0270394 0
0.662626 0.0326266 0
0.687303 0.0393141 0
0.707024 0.0450046 0
0.724559 0.0480637 0
0.739836 0.0668119 0
0.768755 0.090572 0
0.792474 0.107758 0
0.81769 0.138218 0
0.818922 0.143657 0
0.833078 0.24848 0
0.841027 0.265762 0
0.853184 0.282712 0
0.896919 0.294374 0
0.91329 0.315955 0
0.936156 0.366514 0
0.940934 0.35838 0
0.934746 0.372528 0
0.941413 0.383883 0
0.958508 0.394741 0
0.968232 0.39587 0
0.983694 0.417407 0
0.95092 0.452558 0
0.961959 0.451804 0
0.976778 0.471328 0
0.960756 0.495464 0
0.956953 0.493338 0
0.944095 0.530085 0
0.944659 0.551642 0
0.908394 0.585488 0
0.917587 0.597587 0
0.890468 0.638432 0
0.878338 0.652369 0
0.858878 0.675734 0
0.850554 0.701441 0
0.834447 0.711519 0
0.808844 0.707175 0
0.765748 0.730266 0
0.740506 0.782482 0
0.717654 0.818212 0
0.68229 0.838257 0
0.649926 0.860413 0
0.62246 0.881807 0
0.598402 0.89437 0
0.584065 0.899556 0
0.554513 0.899249 0
0.531379 0.892625 0
0.513111 0.874842 0
0.48767 0.865088 1
0.46618 0.869541 0
0.439786 0.87519 0
0.418047 0.878308 0
0.381663 0.880358 0
0.355054 0.872156 0
0.326922 0.8593 0
0.304593 0.841176 0
0.276041 0.810443 0
0.24711 0.784136 0
0.23275 0.758288 0
0.211512 0.734769 0
0.199257 0.702524 0
0.185806 0.66807 0
0.173967 0.644891 0
0.160019 0.613501 0
0.145142 0.58759 0
0.131582 0.558329 0
0.138902 0.522281 0
0.0938491 0.532841 0
0.0913908 0.504876 0
0.0738563 0.499972 0
0.0673654 0.479086 0
0.0576147 0.467549 0
0.0478046 0.442976 0
0.0481381 0.448243 0
0.0454999 0.443127 0
0.0410061 0.437224 0
0.0451464 0.424388 0
0.0473187 0.412315 0
0.0518332 0.404584 0
0.0543657 0.391025 0
0.0685704 0.379819 0
0.0845506 0.36265 0
0.079351 0.347534 0
0.0839261 0.30333 0
0.103649 0.275754 0
0.127809 0.244034 0
0.141626 0.223748 0
0.163554 0.185337 0
0.184191 0.161176 0
0.196961 0.129666 0
0.203711 0.105842 0
0.236825 0.0915823 0
0.240542 0.0646574 0
0.268478 0.057627 0
0.287207 0.0384579 0
0.313436 0.0343747 0
0.329337 0.00317547 0
0.347144 0 0
0.359779 0.025606 0
0.383205 0.0333495 1
0.403807 0.0286357 0
0.427117 0.0483241 0
0.457105 0.0423738 0
0.489815 0.0258468 0
0.521884 0.0257248 0
0.542007 0.0330703 0
0.557021 0.0539483 0
0.580271 0.0662642 0
0.614422 0.0610418 0
0.637781 0.064524 0
0.657385 0.07883 0
0.673496 0.113967 0
0.693954 0.114611 0
0.72497 0.120056 0
0.751431 0.121399 0
0.761196 0.145174 0
0.7854 0.16089 0
0.799677 0.164008 0
0.822412 0.17325 1
0.808595 0.182002 0
0.803602 0.322945 0
0.830366 0.337492 0
0.902565 0.286976 1
0.913044 0.337028 1
0.91072 0.356774 0
0.910703 0.390226 0
0.923573 0.397123 0
0.944422 0.39176 1
0.954697 0.409923 1
0.955168 0.414093 0
0.955559 0.417093 0
0.953185 0.418959 0
0.947795 0.421863 0
0.918261 0.470124 0
0.954946 0.520446 0
0.955287 0.518836 0
0.954996 0.520259 1
0.927013 0.550058 1
0.87444 0.562707 0
0.911257 0.620699 0
0.898818 0.634912 1
0.870183 0.65051 1
0.844648 0.642132 0
0.851973 0.735856 0
0.83183 0.719599 1
0.826201 0.741326 0
0.79958 0.772876 0
0.778704 0.79695 0
0.75531 0.833485 0
0.723162 0.878463 0
0.69747 0.914312 0
0.661799 0.937011 0
0.634869 0.951758 0
0.619817 0.958473 0
0.610149 0.959823 0
0.597549 0.947972 0
0.577856 0.935387 0
0.560277 0.933313 0
0.515747 0.941318 0
0.498302 0.93908 0
0.469975 0.946075 0
0.435584 0.957323 0
0.411092 0.933415 0
0.354162 0.977596 0
0.326342 0.969526 0
0.30533 0.930064 0
0.295911 0.907522 0
0.262967 0.888098 0
0.25251 0.797539 0
0.218202 0.79494 0
0.178765 0.80797 0
0.179228 0.752345 0
0.155591 0.738865 1
0.148286 0.706885 0
0.158917 0.667736 0
0.137845 0.647097 0
0.113609 0.627308 0
0.121281 0.598355 0
0.103705 0.578349 0
0.0718871 0.570352 0
0.0720496 0.527826 0
0.051132 0.507902 0
0.0419807 0.490536 0
0.0256911 0.423547 0
0.0300238 0.423186 0
0.0204224 0.42566 0
0.0168336 0.423529 0
0 0.43838 1
0.0218706 0.397182 0
0.0398212 0.376147 0
0.0387459 0.359941 0
0.039073 0.346618 0
0.0571065 0.336453 0
0.0698688 0.326942 1
