0.996313 0.447892 1
0.996779 0.457215 0
0.995974 0.466529 0
1 0.467113 0
0.998573 0.473472 0
0.992342 0.496396 0
0.988063 0.523483 0
0.989922 0.527317 0
0.987518 0.546014 0
0.964077 0.581177 0
0.951216 0.616878 0
0.922554 0.634645 0
0.906502 0.654612 0
0.893263 0.682623 0
0.885266 0.680392 0
0.872087 0.718406 0
0.840214 0.735917 0
0.820256 0.755599 0
0.798181 0.765332 0
0.779981 0.783626 0
0.765391 0.803566 0
0.753744 0.817549 0
0.724879 0.834633 0
0.702333 0.850551 0
0.682681 0.878712 0
0.657239 0.880821 0
0.630699 0.882452 0
0.604855 0.857245 0
0.597057 0.831247 0
0.58365 0.831777 0
0.553823 0.826398 0
0.514179 0.851788 0
0.476815 0.900175 0
0.432771 0.942142 0
0.39697 0.923968 0
0.364617 0.913763 0
0.341445 0.910617 0
0.31564 0.901546 0
0.294114 0.902205 0
0.264068 0.86642 0
0.240795 0.8629 0
0.246795 0.791549 0
0.217857 0.813796 0
0.206131 0.792199 0
0.17374 0.761577 0
0.146355 0.723385 0
0.139604 0.704818 1
0.134588 0.700877 0
0.111184 0.681492 0
0.10852 0.675352 0
0.0828307 0.62901 0
0.0691663 0.608009 0
0.0702201 0.55405 1
0.0540711 0.57079 1
0.0443836 0.559235 0
0.0378045 0.550876 0
0.0569445 0.566033 0
0.0585685 0.567716 0
0.0660511 0.508918 0
0.068248 0.516525 0
0.0659333 0.507977 0
0.0586122 0.496669 0
0.0442913 0.497625 0
0.0419069 0.492149 0
0.0177968 0.473772 0
0 0.468217 0
0.0463016 0.370989 0
0.0968778 0.357098 0
0.106886 0.334365 0
0.115194 0.303608 0
0.121233 0.294565 0
0.146456 0.271384 0
0.181511 0.262046 0
0.198006 0.245204 0
0.203755 0.196786 0
0.21575 0.157712 0
0.214645 0.104748 0
0.252446 0.0801025 0
0.277527 0.0492869 0
0.291539 0.00674386 0
0.325781 0.0192321 0
0.3457 0.0111559 0
0.37144 0.0115506 0
0.386188 0 0
0.406197 0.00803939 0
0.430939 0.0165311 0
0.456736 0.0242254 0
0.479285 0.0238482 0
0.507347 0.0251193 0
0.520195 0.0342549 0
0.546782 0.0429175 0
0.568989 0.0461553 1
0.579811 0.0470592 0
0.604589 0.047454 0
0.629676 0.0447573 0
0.6651 0.0356261 0
0.671061 0.0704986 0
0.702917 0.0885296 0
0.741164 0.0891258 0
0.749394 0.114192 0
0.786616 0.112051 0
0.814748 0.162428 0
0.818458 0.204854 0
0.821744 0.223386 0
0.841362 0.244236 0
0.855292 0.261607 0
0.875702 0.288862 0
0.894454 0.305523 0
0.89829 0.33984 0
0.906009 0.445492 0
0.911273 0.452061 0
0.920161 0.44707 0
0.928976 0.443018 0
0.93618 0.441539 0
0.929223 0.442658 0
0.917 0.473767 0
0.916042 0.485758 0
0.909454 0.485847 0
0.91054 0.504186 0
0.905547 0.52209 0
0.908368 0.553227 0
0.881408 0.57967 0
0.88245 0.609201 0
0.872749 0.639064 0
0.862316 0.659651 0
0.842243 0.674175 0
0.836387 0.692597 1
0.81544 0.703113 0
0.802824 0.721917 0
0.791332 0.754023 0
0.757371 0.771531 0
0.738278 0.809121 0
0.710962 0.817521 0
0.691416 0.839081 0
0.669486 0.83559 0
0.650998 0.831039 0
0.630179 0.830272 0
0.608942 0.824845 0
0.5745 0.825203 0
0.553967 0.833946 0
0.53144 0.825663 0
0.488217 0.856276 0
0.419148 0.94477 0
0.406736 0.954017 0
0.376693 0.9482 0
0.352391 0.937215 0
0.323107 0.937326 0
0.299467 0.922186 0
0.276906 0.893869 0
0.255457 0.874675 0
0.243231 0.866516 0
0.243877 0.805023 0
0.25183 0.792436 1
0.211833 0.770477 1
0.180166 0.761836 0
0.176818 0.723051 1
0.177253 0.722363 0
0.123474 0.687671 0
0.10399 0.650132 0
0.106193 0.630391 1
0.0804631 0.616655 0
0.0705646 0.582166 1
0.0536819 0.533875 0
0.0647607 0.537178 1
0.0613606 0.528757 0
0.0596028 0.539341 0
0.0582145 0.538256 0
0.0531817 0.5373 0
0.0517799 0.517872 0
0.0532896 0.517779 0
0.0500001 0.512987 0
0.0474703 0.506546 0
0.0433524 0.496415 0
0.0308221 0.485273 0
0.0069144 0.465241 0
0.00296255 0.394059 0
0.0338123 0.349553 0
0.0675173 0.31759 0
0.0617688 0.269647 0
0.0869549 0.26332 0
0.106744 0.248376 0
0.129539 0.230747 0
0.152373 0.21567 1
0.176892 0.17373 0
0.197254 0.15502 0
0.220977 0.126684 0
0.251322 0.0935522 0
0.268947 0.0683542 0
0.28808 0.0531661 0
0.31427 0.0171951 0
0.345173 0.0347816 0
0.378211 0.0567 0
0.402941 0.0578589 0
0.41913 0.0615498 0
0.447378 0.0629664 0
0.469425 0.0690225 0
0.481805 0.0647198 0
0.508027 0.0898293 0
0.542316 0.098787 0
0.596627 0.0834776 0
0.610276 0.103238 0
0.633099 0.109373 0
0.647527 0.115194 0
0.683806 0.120156 0
0.702628 0.132929 0
0.741745 0.13262 0
0.768673 0.14631 1
0.787154 0.159777 0
0.786657 0.184888 0
0.814087 0.206242 0
0.833009 0.223523 0
0.843888 0.2466 0
0.851184 0.277206 0
0.879065 0.303654 0
0.903506 0.329309 0
0.906385 0.341876 0
0.914055 0.357342 0
0.932985 0.378284 0
0.945814 0.398511 0
0.953115 0.406576 1
0.95338 0.406621 0
0.954264 0.407646 0
0.952295 0.413823 0
0.947534 0.415673 0
0.941595 0.41522 0
0.925764 0.428579 0
0.912376 0.441356 0
0.908153 0.477228 0
0.906247 0.535603 0
0.914975 0.587148 0
0.899545 0.617865 0
0.879299 0.644558 0
0.873086 0.687229 0
0.866788 0.740826 0
0.849098 0.764308 0
0.838933 0.785755 0
0.812783 0.793598 0
0.793395 0.821013 0
0.757092 0.820394 0
0.737951 0.846267 0
0.724427 0.880843 0
0.701055 0.886292 0
0.6776 0.884846 0
0.653322 0.876393 0
0.639472 0.885337 0
0.619628 0.882638 0
0.600127 0.87053 1
0.58647 0.869963 0
0.568336 0.878703 0
0.538544 0.879454 0
0.511916 0.870581 0
0.481244 0.871236 0
0.45002 0.877572 0
0.424045 0.877598 0
0.410226 0.859193 0
0.396754 0.851631 0
0.370336 0.83774 0
0.353241 0.828685 0
0.328707 0.824781 0
0.306492 0.819019 0
0.285094 0.812418 0
0.26435 0.799913 1
0.281162 0.761004 0
0.227774 0.778615 1
0.212085 0.761341 1
0.226307 0.729439 0
0.211164 0.686464 0
0.197917 0.68246 0
0.158954 0.691762 1
0.172906 0.630144 0
0.153244 0.581506 0
0.119044 0.582593 0
0.108298 0.580105 0
0.0972134 0.591895 1
0.0665719 0.571524 1
0.0683843 0.56058 0
0.068871 0.556422 1
0.069691 0.546984 1
0.0735504 0.543549 0
0.0934187 0.533394 0
0.0893601 0.469874 0
0.0613171 0.458488 0
0.0564771 0.453586 1
