0.952353 0.4734 1
0.948257 0.49218 0
0.948402 0.505792 0
0.953071 0.527944 0
0.938652 0.549116 0
0.937244 0.576438 0
0.924803 0.590797 0
0.909142 0.621374 0
0.90244 0.653377 0
0.887518 0.682277 0
0.861229 0.697683 0
0.847153 0.732655 0
0.81095 0.75292 0
0.770058 0.75594 0
0.745873 0.793388 0
0.68732 0.805384 0
0.664503 0.822843 0
0.63134 0.852694 0
0.591911 0.863609 0
0.558284 0.875297 0
0.511309 0.874432 0
0.478792 0.857329 0
0.413581 0.87755 0
0.383096 0.874448 0
0.34586 0.861963 0
0.312796 0.857382 0
0.28399 0.837641 0
0.261244 0.830675 0
0.246974 0.800475 0
0.222557 0.787503 1
0.200062 0.775944 0
0.176689 0.763701 0
0.157158 0.760254 0
0.149585 0.727331 0
0.135548 0.695447 0
0.129276 0.664324 0
0.128161 0.613893 0
0.116644 0.596582 0
0.113402 0.564698 0
0.097141 0.533817 0
0.0776768 0.510103 1
0.102605 0.484448 0
0.106532 0.434372 0
0.0835505 0.39874 1
0.0870428 0.388086 0
0.0884004 0.381686 0
0.0927054 0.368268 0
0.111809 0.347754 0
0.13753 0.292038 0
0.134048 0.266017 0
0.140561 0.237199 0
0.158905 0.199056 0
0.172189 0.18205 0
0.186151 0.172978 0
0.200139 0.158966 1
0.216857 0.143935 0
0.229924 0.136005 0
0.242046 0.116411 0
0.273787 0.0858726 0
0.298924 0.0390154 0
0.342088 0.021254 0
0.356686 0 0
0.399432 0.0114472 0
0.428926 0.0266768 0
0.461311 0.0257151 0
0.499333 0.0508771 0
0.524971 0.0393269 0
0.556101 0.0377612 0
0.585289 0.0427845 0
0.618491 0.0555185 0
0.637769 0.0532183 0
0.656556 0.0560711 1
0.67733 0.0619224 0
0.696967 0.0668281 0
0.720207 0.0749242 0
0.747726 0.0717081 0
0.772597 0.0860825 0
0.790064 0.100633 0
0.809423 0.118535 0
0.831024 0.155246 1
0.846727 0.176425 0
0.871528 0.196882 0
0.890341 0.216039 0
0.902494 0.251755 0
0.916984 0.279336 0
0.930989 0.303055 0
0.930387 0.333669 0
0.950022 0.362359 0
0.958156 0.416881 0
0.964765 0.444279 0
0.959991 0.464438 1
0.968551 0.460906 0
1 0.48888 0
0.991605 0.639621 0
0.965962 0.665115 0
0.943098 0.691183 0
0.947049 0.711894 0
0.926597 0.730266 0
0.92228 0.742858 0
0.905757 0.7485 0
0.87651 0.767441 0
0.852045 0.765445 0
0.828651 0.775988 1
0.806645 0.803446 0
0.757524 0.816145 0
0.735859 0.841723 0
0.701946 0.859614 0
0.663068 0.863446 0
0.616106 0.874008 0
0.592892 0.893028 0
0.551873 0.899728 0
0.499497 0.894688 0
0.44934 0.898526 1
0.408698 0.898201 0
0.383224 0.88805 0
0.357374 0.878386 0
0.327872 0.878682 0
0.300684 0.862124 0
0.290368 0.848542 0
0.276363 0.822584 0
0.257055 0.79451 0
0.198343 0.8367 0
0.170659 0.751702 0
0.142819 0.739495 0
0.139151 0.698826 0
0.114502 0.679722 0
0.0621595 0.666082 0
0.0348208 0.62761 0
0.0330547 0.593211 0
0.0266934 0.572513 0
0.0249471 0.522145 0
0.041208 0.505204 0
0.0431295 0.494827 1
0.0224222 0.488692 0
0 0.469919 0
0.018349 0.355038 0
0.0324836 0.343258 0
0.0514879 0.328935 1
