1 0.0147012 1
0.998481 0.0148478 0
0.99786 0.0154203 0
0.996443 0.0151638 0
0.995346 0.0152229 0
0.994956 0.0155592 0
0.993151 0.0161262 0
0.992498 0.0163047 0
0.991616 0.0170854 0
0.990458 0.0171222 0
0.989416 0.0175162 0
0.987628 0.0176512 0
0.986 0.0177512 0
0.984487 0.0178559 0
0.982818 0.0172395 0
0.981145 0.0174956 0
0.979656 0.0178336 0
0.978371 0.0183695 0
0.975642 0.018354 0
0.97362 0.0174462 0
0.971047 0.0176067 0
0.968518 0.0178689 0
0.965948 0.0169593 0
0.963726 0.0170669 0
0.96136 0.0169567 0
0.958892 0.0178878 0
0.956946 0.0178663 0
0.955493 0.017655 0
0.95348 0.0185751 0
0.950865 0.0177241 0
0.948471 0.0177826 0
0.945877 0.0186807 0
0.944115 0.0187886 0
0.941203 0.0184941 0
0.938112 0.0191087 0
0.935228 0.0183811 0
0.932719 0.0182982 0
0.930875 0.0183031 0
0.928188 0.0188254 0
0.924783 0.0184325 0
0.92245 0.0193366 0
0.919339 0.0192226 0
0.916061 0.0193757 0
0.913831 0.019863 0
0.911532 0.0201836 1
0.90658 0.0196302 0
0.902716 0.0200474 0
0.898886 0.0200894 0
0.896715 0.0188861 0
0.894251 0.0201018 0
0.891055 0.0189888 0
0.889285 0.0188803 0
0.889124 0.0190107 0
0.887502 0.0196043 0
0.884994 0.0200494 0
0.884753 0.0181971 0
0.867027 0.0185152 0
0.86494 0.0189517 0
0.860825 0.0208795 0
0.857921 0.0210654 0
0.854936 0.0207236 0
0.852289 0.0200976 0
0.848401 0.0206222 1
0.845466 0.0201357 0
0.842463 0.0197677 0
0.839584 0.019178 0
0.836986 0.0177329 0
0.833575 0.0171564 0
0.832674 0.0174785 0
0.828727 0.0180593 0
0.824415 0.0170403 0
0.821966 0.0170079 0
0.820667 0.0187716 0
0.817192 0.0177991 0
0.815522 0.0185116 0
0.812131 0.0174648 0
0.811282 0.0188622 0
0.809078 0.0197328 0
0.806498 0.0205608 0
0.803368 0.0205103 0
0.80334 0.0222512 0
0.803747 0.0230274 0
0.804829 0.0240995 1
0.804687 0.0249461 0
0.803172 0.0264558 0
0.803134 0.0268548 0
0.800617 0.0301108 0
0.799741 0.0296681 0
0.797393 0.0303952 0
0.793119 0.0307545 0
0.794924 0.033752 0
0.793073 0.0368287 0
0.791995 0.0409554 0
0.790201 0.0422163 0
0.790841 0.0423793 0
0.786601 0.0412687 0
0.786628 0.0434752 0
0.781198 0.0450387 0
0.780265 0.0472827 0
0.778512 0.0483383 0
0.774529 0.0479536 0
0.771512 0.0499012 0
0.769052 0.0520865 0
0.761488 0.0519234 0
0.762534 0.0543508 0
0.757849 0.0555825 0
0.753224 0.0572954 0
0.748259 0.0591633 0
0.742758 0.0596032 1
0.740182 0.0605649 0
0.737223 0.0597472 0
0.734676 0.0596211 0
0.730083 0.0604031 0
0.728449 0.0607976 0
0.724983 0.0613992 0
0.721448 0.0617714 0
0.717709 0.0608266 0
0.714374 0.0592734 0
0.71292 0.0593697 0
0.710453 0.0596922 0
0.707829 0.059752 0
0.705593 0.0591823 0
0.703102 0.058807 0
0.698697 0.0590173 0
0.695673 0.060065 0
0.692247 0.0609756 0
0.687899 0.0582729 0
0.684804 0.0591623 0
0.68154 0.058596 0
0.679082 0.0586552 0
0.675917 0.0588239 0
0.672015 0.0601444 0
0.671459 0.0590535 0
0.669578 0.0587896 0
0.664451 0.0532377 0
0.666389 0.0571106 0
0.664149 0.0558003 0
0.660792 0.0556799 0
0.659897 0.0552702 1
0.660107 0.0551407 0
0.659868 0.0552743 0
0.659898 0.0552658 0
0.659896 0.0552699 0
0.659897 0.0552702 0
0.659897 0.0552702 0
0.659897 0.0552702 0
0.659897 0.0552702 0
0.659897 0.0552707 0
0.65989 0.0552643 0
0.659857 0.055287 0
0.659545 0.0550068 0
0.659053 0.0547369 0
0.658429 0.0547751 0
0.658008 0.0546088 0
0.655572 0.0541419 0
0.653656 0.054036 0
0.650582 0.0539355 0
0.64708 0.0538589 0
0.643199 0.0549516 0
0.641095 0.0551356 0
0.637993 0.0571456 0
0.633213 0.0552064 0
0.630523 0.0551974 0
0.626499 0.0544476 0
0.624621 0.053661 0
0.620011 0.0543302 0
0.615831 0.0536508 0
0.610915 0.0523311 0
0.607465 0.0507314 0
0.604792 0.049026 0
0.601347 0.0464334 0
0.599243 0.0452464 0
0.595975 0.043212 0
0.59219 0.0432277 0
0.588782 0.0419035 0
0.584969 0.0411356 0
0.578241 0.0415249 0
0.57756 0.0387368 0
0.569402 0.0393841 0
0.56618 0.0376741 0
0.562409 0.036147 0
0.560305 0.0346702 0
0.556277 0.0345246 0
0.55395 0.032312 0
0.550635 0.0316672 0
0.549125 0.0299876 0
0.545111 0.0290087 1
0.542092 0.0285915 0
0.541758 0.0266781 0
0.538466 0.0273013 0
0.536707 0.0262596 0
0.529817 0.0280674 0
0.527774 0.0269812 0
0.528075 0.0244333 0
0.522993 0.0248388 0
0.521725 0.0230367 0
0.519789 0.0213391 0
0.517175 0.0221695 0
0.505498 0.0271415 0
0.50805 0.0228898 0
0.505715 0.0211579 0
0.505563 0.019679 0
0.501873 0.0190671 0
0.497436 0.0198048 0
0.496622 0.0193503 0
0.489863 0.0214689 0
0.489481 0.0196919 0
0.489212 0.0178679 0
0.484195 0.0182815 0
0.481562 0.0182702 0
0.480112 0.0171769 0
0.47601 0.0176457 0
0.474419 0.0176499 0
0.469743 0.0192124 0
0.467407 0.0182724 0
0.464108 0.0178191 0
0.461922 0.0176871 0
0.461173 0.016312 0
0.457714 0.0174132 0
0.455061 0.0169819 0
0.451967 0.0176946 0
0.450207 0.0167222 0
0.447484 0.0173644 0
0.444579 0.0184365 0
0.442669 0.0189173 0
0.440728 0.018715 0
0.439542 0.018255 0
0.438787 0.0181438 0
0.437752 0.0184994 0
0.436647 0.0176499 0
0.435688 0.0176191 1
0.434306 0.017138 0
0.432931 0.0168136 0
0.431924 0.0160337 0
0.431535 0.0159807 0
0.430727 0.0153775 0
0.429492 0.0146313 0
0.426458 0.014226 0
0.425016 0.0141667 0
0.423712 0.0135531 0
0.421663 0.0135989 0
0.420448 0.0134587 0
0.417904 0.013265 0
0.416541 0.0127615 0
0.415135 0.0135919 0
0.411935 0.0125611 0
0.409418 0.012405 0
0.407722 0.0119954 0
0.405773 0.0122366 0
0.40491 0.0119492 0
0.402335 0.0114214 0
0.399286 0.0105401 0
0.396191 0.0102343 0
0.393197 0.00930779 0
0.391291 0.00942763 0
0.388325 0.00877152 0
0.386566 0.00907215 0
0.38425 0.00817385 0
0.382172 0.00916546 0
0.380299 0.00952016 0
0.375431 0.00879303 0
0.371029 0.00915449 0
0.368149 0.00769978 0
0.362746 0.00727777 0
0.360054 0.00768226 0
0.35633 0.00749649 0
0.351908 0.00704411 0
0.350024 0.00791518 0
0.348391 0.00854012 0
0.345336 0.00664708 0
0.340646 0.00759976 0
0.335692 0.00742336 0
0.330844 0.00539931 0
0.331818 0.00641826 0
0.328847 0.00549521 0
0.32762 0.00552258 0
0.326056 0.00589204 0
0.323748 0.00536677 0
0.321739 0.00421995 0
0.320782 0.00482653 0
0.320075 0.00412851 0
0.319026 0.00389905 0
0.316082 0.00320966 0
0.314075 0.00317598 0
0.31242 0.00227845 1
0.311038 0.00181798 0
0.309673 0.00193411 0
0.307791 0.000994186 0
0.305241 0.00143977 0
0.303395 0.00147799 0
0.30163 0.00188604 0
0.29962 0.000934085 0
0.298044 0 0
0.296569 0.000107703 0
0.294186 0.00121217 0
0.291973 0.00170846 0
0.288228 0.000510129 0
0.28501 0.000618391 0
0.281312 0.00329838 0
0.277335 0.00278662 0
0.27377 0.00314312 0
0.271648 0.0050994 0
0.267245 0.00447879 0
0.265439 0.00635837 0
0.262701 0.00612964 0
0.261068 0.00697412 0
0.259703 0.00690657 1
0.258216 0.00643389 0
0.256629 0.00763067 0
0.254419 0.00749398 0
0.253855 0.00829502 0
0.25249 0.00850764 0
0.249804 0.00828645 0
0.24675 0.00785682 0
0.242071 0.0039315 0
0.241542 0.00676804 0
0.239278 0.00621511 0
0.235578 0.00639125 0
0.231177 0.00738193 0
0.22908 0.00261186 0
0.225671 0.0040941 0
0.223695 0.0037233 0
0.22162 0.00787159 0
0.219838 0.00563594 0
0.218346 0.00802509 0
0.215697 0.00839599 0
0.213973 0.00830066 0
0.21072 0.00738072 0
0.208716 0.00659166 0
0.205528 0.00691073 0
0.204029 0.00772697 0
0.201334 0.00743045 0
0.199902 0.00767733 0
0.198151 0.00682749 0
0.195838 0.00688178 1
0.194872 0.00742635 0
0.19281 0.00785723 0
0.190456 0.00796195 0
0.189239 0.0095302 0
0.188691 0.00873848 0
0.187494 0.00889933 0
0.187296 0.00922309 0
0.184674 0.0100081 0
0.183758 0.0101667 0
0.184307 0.0101208 0
0.182039 0.0109428 0
0.182825 0.0108803 0
0.18354 0.0110137 0
0.184158 0.0113232 0
0.185243 0.0113555 0
0.182144 0.013368 0
0.180642 0.0140773 0
0.178719 0.0129041 0
0.178898 0.0125664 0
0.176673 0.0159266 0
0.178399 0.0151043 0
0.176126 0.0150811 0
0.17464 0.0158485 0
0.174033 0.0165039 0
0.172884 0.0166228 0
0.171209 0.0164765 0
0.168673 0.0170248 0
0.167517 0.0167182 0
0.165155 0.0171579 0
0.162884 0.0174492 0
0.158986 0.0186758 0
0.155935 0.0176909 0
0.148105 0.0176843 0
0.145194 0.0176187 0
0.144203 0.0185983 0
0.140547 0.0195587 0
0.138612 0.019454 0
0.138216 0.0213964 0
0.133124 0.0208041 0
0.127717 0.0219731 0
0.125925 0.0230112 0
0.123406 0.0238146 0
0.119905 0.0244452 0
0.11807 0.0256959 0
0.114502 0.0279881 0
0.111502 0.0284686 0
0.107817 0.0296263 0
0.104175 0.0313302 0
0.0998474 0.0320999 0
0.0978486 0.0328491 0
0.09419 0.0340493 0
0.0900787 0.0341279 1
0.0865725 0.0347385 0
0.0833737 0.0353728 0
0.0796501 0.0354451 0
0.0767941 0.0363943 0
0.0736309 0.0373067 0
0.0700541 0.0377158 0
0.0662822 0.0382687 0
0.0629947 0.0390858 0
0.0607566 0.0384854 0
0.0575874 0.038377 0
0.0547378 0.0385355 0
0.0529175 0.0389191 0
0.0496492 0.0386493 0
0.0447182 0.0389391 0
0.0426122 0.0384294 0
0.0399805 0.0388611 0
0.037985 0.0391949 0
0.0363908 0.0388175 0
0.0331291 0.0390656 0
0.030132 0.0399871 0
0.0294277 0.0384938 0
0.0267005 0.0383351 0
0.0250117 0.0393142 0
0.0221011 0.0393918 0
0.0213909 0.0388925 0
0.0202035 0.0387574 0
0.0175344 0.039203 0
0.0169103 0.0383212 0
0.0150989 0.0387277 0
0.0139055 0.0379735 0
0.0126753 0.0380085 0
0.0111523 0.0378838 0
0.00931796 0.0382576 0
0.00876034 0.0379741 0
0.0078577 0.0380163 0
0.00747823 0.0378668 1
0.00725534 0.037551 0
0.00695666 0.0373414 0
0.00749302 0.0373776 0
0.00723817 0.0372605 0
0.00783907 0.0372876 0
0.00780939 0.0371518 0
0.00821993 0.0373155 0
0.0090455 0.0371684 0
0.00854959 0.0370334 0
0.0077154 0.0373943 0
0 0.0375337 0
