1 0.0309375 0
0.990675 0.0292996 0
0.987246 0.0312062 0
0.985897 0.0315761 0
0.984971 0.0319637 0
0.984612 0.0321546 0
0.984473 0.032247 0
0.984417 0.0322675 0
0.984465 0.0322673 0
0.984837 0.0320523 0
0.984669 0.0321203 0
0.984614 0.0321634 0
0.984867 0.0320477 0
0.984508 0.032224 0
0.984376 0.0322949 0
0.984357 0.0323006 0
0.984359 0.0323035 0
0.984388 0.0323189 0
0.984933 0.0323184 0
0.984894 0.0322921 0
0.984351 0.0323018 1
0.983857 0.0322641 0
0.983565 0.0320062 0
0.983083 0.0323274 0
0.982333 0.0316741 0
0.981469 0.0316392 0
0.980883 0.0321611 0
0.98037 0.0320819 0
0.979508 0.0326523 0
0.978503 0.0323681 0
0.977956 0.0328827 0
0.976547 0.0330611 0
0.975678 0.0326907 0
0.974748 0.0318898 0
0.973317 0.0319408 0
0.972176 0.0312845 0
0.970734 0.0327014 0
0.96926 0.0331464 0
0.96844 0.0322664 0
0.966936 0.032245 0
0.965244 0.0327605 0
0.962445 0.0315972 0
0.960797 0.0316158 0
0.959365 0.0318861 0
0.958496 0.0319277 0
0.956925 0.032717 0
0.955951 0.0344552 0
0.95275 0.0333984 0
0.95118 0.0327336 0
0.949424 0.0335873 0
0.946243 0.035046 0
0.944511 0.0356964 0
0.94201 0.0339499 0
0.939479 0.0329539 0
0.937084 0.0348446 0
0.934126 0.0355209 0
0.932142 0.0353888 0
0.929274 0.0365031 0
0.927079 0.0351536 0
0.924407 0.0371051 0
0.921696 0.0378375 0
0.91814 0.0380142 0
0.915888 0.0380313 0
0.91283 0.0374616 0
0.910316 0.0388461 1
0.907564 0.0386875 0
0.90442 0.0389759 0
0.901689 0.0396601 0
0.899784 0.0403775 0
0.896488 0.0413006 0
0.89387 0.0430504 0
0.891825 0.0434796 0
0.889084 0.0418241 0
0.88539 0.0427829 0
0.883107 0.0441691 0
0.879579 0.0435876 0
0.876389 0.0432997 0
0.873752 0.0428266 0
0.870559 0.0425188 0
0.868226 0.0418521 0
0.866489 0.041198 0
0.864405 0.0416231 0
0.861038 0.0411403 0
0.859765 0.0420242 0
0.858886 0.0430771 0
0.857503 0.0459746 0
0.85629 0.0453418 0
0.856009 0.0452796 0
0.855189 0.0459409 0
0.853753 0.0454381 0
0.854064 0.0444327 1
0.853731 0.0435032 0
0.853218 0.0430702 0
0.851561 0.041349 0
0.851937 0.0406531 0
0.851365 0.039586 0
0.848741 0.0359255 0
0.848018 0.0329972 0
0.846786 0.0309932 0
0.845404 0.0277713 0
0.842274 0.0219693 0
0.838226 0.0187733 0
0.83652 0.0162542 0
0.83223 0.0137857 0
0.830121 0.0107522 0
0.831337 0.00803642 0
0.832182 0.00742975 0
0.829287 0.00657949 0
0.827304 0.00617562 0
0.824236 0.00619158 0
0.817836 0.0105058 0
0.809673 0.0104726 0
0.80289 0.0135749 0
0.800255 0.021919 0
0.788329 0.0357657 0
0.781647 0.0285673 0
0.777711 0.0295856 0
0.773019 0.0279243 0
0.784183 0.0332039 0
0.782508 0.0281833 0
0.766886 0.0370751 0
0.766942 0.0354966 0
0.766319 0.033659 0
0.783924 0.0291414 0
0.782712 0.0316693 0
0.781077 0.0320294 0
0.779667 0.032153 0
0.777603 0.0325495 0
0.772694 0.0337572 0
0.769905 0.0337987 0
0.767299 0.0338045 0
0.763121 0.0336941 0
0.748198 0.0306045 0
0.745095 0.0305823 0
0.744526 0.0361099 0
0.745974 0.0400957 0
0.747639 0.0438975 0
0.749835 0.0456997 0
0.750212 0.0473287 0
0.750936 0.0477956 0
0.750444 0.047959 0
0.749257 0.0487977 0
0.746187 0.0478888 0
0.746764 0.0496728 0
0.746873 0.0512157 0
0.746109 0.0523388 0
0.745127 0.0530947 1
0.745079 0.0531864 0
0.745206 0.0532166 0
0.745059 0.0538823 0
0.744477 0.0545407 0
0.743348 0.0523682 0
0.743207 0.052532 0
0.742933 0.0527571 0
0.74146 0.0540715 0
0.746508 0.0606638 0
0.74384 0.0597955 0
0.737853 0.0583556 0
0.73505 0.0491477 0
0.732007 0.0492882 0
0.730094 0.0582046 0
0.726539 0.0553954 0
0.724614 0.0573394 0
0.722034 0.0564813 0
0.71834 0.0590061 0
0.715234 0.0579662 0
0.713181 0.0571805 0
0.707894 0.0544787 0
0.705318 0.0535077 0
0.703922 0.0535614 0
0.701634 0.0531692 0
0.697816 0.052348 0
0.696521 0.0528806 0
0.694024 0.0533357 0
0.689857 0.0579127 0
0.687754 0.0639913 0
0.685414 0.06499 0
0.686378 0.0621675 0
0.678737 0.0531819 0
0.675828 0.0522091 0
0.673726 0.0524219 0
0.670539 0.0542653 0
0.667318 0.0549671 0
0.663937 0.0541525 0
0.661323 0.0534851 0
0.657319 0.0522498 0
0.654953 0.0515867 0
0.651332 0.0508303 0
0.648906 0.0506481 0
0.646714 0.0511137 0
0.644125 0.0517838 0
0.643326 0.052777 0
0.642003 0.0540027 0
0.640312 0.0562433 0
0.639193 0.0562094 0
0.637844 0.055924 0
0.636578 0.0563246 0
0.63175 0.0577958 0
0.631838 0.0581577 0
0.629787 0.0590942 0
0.628137 0.0600177 0
0.626138 0.061825 0
0.623613 0.062345 1
0.619993 0.0634202 0
0.620911 0.0646615 0
0.614862 0.0637089 0
0.613922 0.0630199 0
0.614009 0.0697124 0
0.610048 0.0618048 0
0.607644 0.0570948 0
0.610072 0.0758603 0
0.602437 0.0697277 0
0.595322 0.0671433 0
0.598164 0.0728647 0
0.595596 0.0712907 0
0.592416 0.0691622 0
0.591793 0.0707727 0
0.591255 0.072022 0
0.589197 0.0706571 0
0.58723 0.0719397 0
0.586308 0.0731417 0
0.58235 0.0656048 0
0.581455 0.0661426 0
0.571865 0.0740835 0
0.571868 0.0776183 0
0.571233 0.0791042 0
0.568374 0.0806449 0
0.566196 0.0803352 0
0.562571 0.0781171 0
0.559966 0.0745849 0
0.556686 0.0742791 0
0.553933 0.073166 0
0.551286 0.0723195 0
0.549875 0.0735728 0
0.547463 0.0718527 0
0.5457 0.0723401 0
0.543043 0.0733054 0
0.541961 0.076646 0
0.539448 0.0773651 0
0.537107 0.0773607 0
0.535257 0.0761854 0
0.534848 0.077624 0
0.533665 0.0784176 1
0.53255 0.0771773 0
0.5301 0.0748694 0
0.529175 0.0743191 0
0.528075 0.0738423 0
0.523276 0.0729987 0
0.52136 0.0703474 0
0.517453 0.0676168 0
0.517029 0.0697072 0
0.515557 0.0693052 0
0.515137 0.0696093 0
0.513836 0.0695759 0
0.512154 0.0696929 0
0.510837 0.0677332 0
0.50903 0.0659446 0
0.504917 0.0638735 0
0.495801 0.0528566 0
0.491806 0.05251 0
0.488002 0.0511569 0
0.487141 0.0522092 0
0.48415 0.0518177 0
0.48272 0.0536083 0
0.482144 0.0554063 0
0.48061 0.0560649 0
0.479582 0.0563701 0
0.476003 0.0577334 0
0.473214 0.0555328 0
0.472868 0.0560869 0
0.472384 0.057856 0
0.470047 0.0593945 0
0.469008 0.0599918 0
0.467805 0.0629531 0
0.467453 0.0652253 0
0.466402 0.0658375 0
0.464306 0.0673657 0
0.462329 0.0704552 0
0.459474 0.0715157 0
0.458682 0.0723105 0
0.457923 0.0751541 0
0.456191 0.0782965 0
0.454907 0.0761359 1
0.455815 0.0766725 0
0.453973 0.0821032 0
0.451732 0.121307 0
0.455895 0.135613 0
0.453379 0.138382 0
0.451689 0.137962 0
0.448906 0.140676 0
0.449475 0.144086 0
0.44832 0.145755 0
0.446841 0.148107 0
0.444804 0.150558 0
0.439723 0.154312 0
0.440347 0.156548 0
0.441859 0.158347 0
0.437761 0.160191 0
0.43679 0.162966 0
0.439154 0.168378 0
0.437621 0.164711 0
0.436393 0.164159 0
0.434727 0.164892 1
0.435108 0.166033 0
0.433886 0.167971 0
0.433556 0.167226 0
0.433148 0.165125 0
0.431516 0.165585 0
0.429632 0.166058 0
0.431648 0.158846 0
0.438135 0.141537 0
0.441392 0.124923 0
0.439819 0.123949 0
0.438256 0.117995 0
0.434198 0.1042 0
0.435626 0.0913563 0
0.43207 0.0891185 0
0.431401 0.0865769 0
0.429106 0.0834211 0
0.426898 0.0788879 0
0.424254 0.076978 0
0.421584 0.074616 0
0.418981 0.0755866 1
0.416583 0.0759067 0
0.413753 0.0754982 0
0.409901 0.0757112 0
0.408143 0.0706915 0
0.404615 0.0718148 0
0.40021 0.0711986 0
0.397046 0.0712082 0
0.39377 0.0657514 0
0.392391 0.0684576 0
0.389697 0.0709787 0
0.38855 0.0746353 0
0.386909 0.0750345 0
0.385595 0.0742736 0
0.380274 0.0711966 0
0.369476 0.0848991 0
0.360875 0.0903265 0
0.361291 0.0918188 0
0.361012 0.0916269 0
0.360533 0.0914858 0
0.360519 0.0914266 1
0.358969 0.0898948 0
0.355109 0.0869331 0
0.351765 0.0807542 0
0.35172 0.0820337 0
0.350969 0.0855337 0
0.346812 0.0941733 0
0.345319 0.0937869 0
0.346106 0.0781428 0
0.345152 0.0769743 0
0.35071 0.0592397 0
0.347528 0.0584596 0
0.342141 0.0571271 0
0.338191 0.0739473 0
0.336834 0.0754531 0
0.336179 0.0724784 0
0.333876 0.0757396 0
0.333223 0.0748172 0
0.331326 0.0758769 0
0.330576 0.0754445 0
0.329664 0.0757987 0
0.328481 0.0767855 0
0.32846 0.075923 0
0.327377 0.076596 0
0.327142 0.0767365 0
0.327241 0.0757784 0
0.327839 0.0743488 0
0.323129 0.0650878 0
0.316113 0.066327 0
0.317193 0.0582878 0
0.315428 0.0601057 0
0.312482 0.0615853 0
0.311089 0.0616886 0
0.308872 0.0627594 0
0.304965 0.0641901 0
0.301468 0.0648306 0
0.297555 0.0641395 0
0.296679 0.0633952 0
0.295373 0.061097 0
0.292682 0.0604251 0
0.292518 0.0577064 0
0.291324 0.0563958 0
0.291505 0.0551349 1
0.289591 0.0535476 0
0.286218 0.052129 0
0.28386 0.0484604 0
0.283713 0.0469352 0
0.279951 0.0444007 0
0.275802 0.041466 0
0.271994 0.0381107 0
0.269084 0.0362659 0
0.263689 0.0357149 0
0.261896 0.0286576 0
0.256325 0.026987 0
0.251213 0.0267293 0
0.248393 0.0269166 0
0.245446 0.0286835 0
0.242379 0.0269311 0
0.238555 0.0258085 0
0.235187 0.0234311 0
0.227896 0.024047 0
0.225183 0.0243696 0
0.220953 0.0239055 0
0.218456 0.0247429 0
0.216616 0.0260268 0
0.213016 0.0291634 0
0.2105 0.0316756 0
0.209836 0.0351029 0
0.203452 0.0350037 0
0.200674 0.035295 0
0.201302 0.0377729 0
0.196824 0.0371948 0
0.196858 0.0392917 0
0.191226 0.0402153 0
0.198764 0.0538423 0
0.209469 0.0467899 0
0.188649 0.0527788 0
0.187295 0.0516095 0
0.191565 0.0539317 0
0.193309 0.0581272 0
0.189472 0.0597182 0
0.190055 0.0612714 0
0.188042 0.0630365 0
0.186728 0.0659783 0
0.184841 0.0672054 0
0.183823 0.0678417 0
0.186258 0.0707157 0
0.18599 0.0720749 0
0.184654 0.0717716 0
0.182857 0.0716545 0
0.182395 0.0724769 1
0.182041 0.0732439 0
0.181828 0.0724767 0
0.182126 0.0726345 0
0.18239 0.0725281 0
0.182384 0.0724886 0
0.182371 0.0725033 0
0.182394 0.0724808 0
0.182395 0.072476 0
0.182376 0.0724641 0
0.182212 0.0725451 0
0.18209 0.0725872 0
0.181144 0.0732458 0
0.18054 0.0736513 0
0.179694 0.0736852 0
0.178715 0.0735544 0
0.1783 0.0729066 0
0.177763 0.0727677 0
0.177702 0.0722251 0
0.176822 0.071797 0
0.174033 0.0711383 0
0.174048 0.0710139 0
0.174281 0.0694408 0
0.174252 0.0681609 0
0.175393 0.0658275 0
0.175928 0.0638113 0
0.174834 0.0616411 0
0.17492 0.0592088 0
0.177698 0.0568027 0
0.171057 0.0572073 0
0.166996 0.0583234 0
0.164172 0.0576946 0
0.162248 0.0560279 0
0.164249 0.0494293 0
0.16158 0.05047 0
0.159741 0.0493069 0
0.158682 0.048206 0
0.155976 0.0471889 0
0.153351 0.0473227 0
0.154807 0.0435499 0
0.154536 0.0414815 0
0.153768 0.0403056 0
0.152679 0.0379694 0
0.151313 0.0360751 0
0.149509 0.0351313 0
0.146797 0.0349771 0
0.144497 0.032659 0
0.141233 0.0324215 0
0.138647 0.0320981 1
0.133096 0.0317287 0
0.135111 0.0298848 0
0.134233 0.0287873 0
0.131539 0.0281916 0
0.128866 0.0274561 0
0.120605 0.0297705 0
0.123158 0.0267216 0
0.119679 0.0284488 0
0.117644 0.0277188 0
0.11731 0.023642 0
0.113248 0.0269095 0
0.114248 0.0184705 0
0.109986 0.0245984 0
0.107558 0.0245576 0
0.105037 0.0247197 0
0.101199 0.0261416 0
0.0997004 0.0265472 0
0.0961248 0.0261936 0
0.0942266 0.0254822 0
0.0931266 0.0253271 1
0.0907073 0.0251436 0
0.0875354 0.0235668 0
0.0861736 0.0230205 0
0.0833805 0.022503 0
0.0809385 0.0236208 0
0.0796223 0.0228833 0
0.0776843 0.0226075 0
0.0753424 0.0223387 0
0.074049 0.0224657 0
0.0728029 0.0217987 0
0.0697834 0.0216506 0
0.067876 0.0214183 0
0.0645062 0.0208454 0
0.0618637 0.0219832 0
0.0586814 0.0202516 0
0.0557785 0.0197115 0
0.0524666 0.0189762 0
0.0512418 0.0186955 1
0.0485348 0.0182486 0
0.0468684 0.0169455 0
0.0437726 0.0138302 0
0.0419326 0.0147378 0
0.0410467 0.0150203 0
0.0352003 0.00923995 0
0.0344335 0.00589097 0
0.0348245 0.00715339 0
0.0332674 0.00447349 0
0.0323046 0.00415586 0
0.0285192 0.00290503 0
0.0252399 0 0
0.0220069 0.000618195 0
0.0186662 0.000457638 0
0.0199003 0.000258766 0
0.0176656 0.00118374 0
0.0158247 0.00453354 0
0.013269 0.0050333 0
0.0109111 0.00689329 0
0.0085173 0.00688024 0
0.00633881 0.00867145 0
0.00397003 0.0110588 1
0.00396585 0.0110575 0
0.00396125 0.0110642 0
0.00397 0.0110105 0
0 0.0105027 0
