0.56376 0 0
0.601241 0.283045 0
0.657928 0.237068 0
0.666986 0.249784 0
0.695752 0.266371 0
0.739628 0.264504 0
0.775823 0.291836 0
0.811898 0.276512 0
0.832635 0.293312 0
0.839237 0.306502 0
0.909436 0.280516 0
0.928391 0.284646 0
0.911874 0.348452 0
0.915577 0.362039 0
0.914552 0.371296 0
0.921969 0.367246 0
0.934872 0.343946 0
0.939665 0.370909 0
0.960848 0.372577 0
0.97312 0.398183 0
0.974962 0.406145 0
0.974587 0.403374 0
0.978794 0.38474 0
0.977126 0.384738 0
0.986136 0.399069 0
0.990584 0.439302 0
0.989187 0.485442 0
0.957311 0.512306 0
0.947799 0.544062 0
0.928365 0.573313 0
0.898226 0.594822 0
0.885782 0.625027 0
0.845811 0.632652 0
0.8347 0.661668 0
0.805159 0.674912 0
0.739343 0.68799 0
0.696286 0.707092 0
0.676768 0.708707 0
0.635357 0.718163 0
0.599412 0.727889 0
0.562697 0.741241 0
0.508171 0.743035 0
0.488485 0.765389 0
0.447523 0.765679 0
0.416944 0.766706 0
0.386642 0.762512 0
0.353063 0.75177 0
0.326725 0.742991 0
0.294623 0.730929 0
0.271949 0.734698 0
0.244879 0.752779 0
0.20912 0.750559 0
0.179337 0.733519 0
0.165296 0.719296 0
0.144694 0.702411 0
0.123953 0.67386 0
0.104629 0.623869 1
0.0926185 0.586408 0
0.0722831 0.534946 0
0.0704815 0.505661 0
0.0683078 0.457898 0
0.0685423 0.423989 0
0.0584658 0.379057 0
0.032288 0.338461 0
0.0269497 0.290412 0
0 0.236545 0
0.0315048 0.203535 0
0.0301621 0.160487 0
0.0343277 0.158413 0
0.0392316 0.167405 0
0.0467113 0.178509 0
0.0415555 0.143765 0
0.0573197 0.134389 0
0.0793085 0.152673 0
0.0980182 0.134009 0
0.120651 0.115382 0
0.147487 0.105142 0
0.175212 0.110715 0
0.207941 0.10055 1
0.239023 0.0883877 0
0.264314 0.0921158 0
0.300422 0.0923178 0
0.31922 0.105149 0
0.356212 0.0731878 0
0.399259 0.0763244 0
0.461735 0.0389603 0
0.51155 0.0860717 0
0.549848 0.0909395 0
0.589348 0.0763607 0
0.599426 0.157047 0
0.618712 0.162151 0
0.640696 0.193654 0
0.675043 0.210993 0
0.70074 0.209961 0
0.762123 0.197347 0
0.804374 0.189115 0
0.81668 0.201574 0
0.858237 0.194153 0
0.888274 0.199944 0
0.8986 0.220287 0
0.919306 0.221348 0
0.921619 0.235173 0
0.923279 0.254112 0
0.919385 0.264845 0
0.900498 0.295488 0
0.916528 0.325287 0
0.936923 0.334784 1
0.946758 0.358606 0
0.952325 0.376415 0
0.960243 0.387727 0
0.959928 0.394045 0
0.970769 0.393767 0
1 0.390835 0
0.999724 0.380861 0
0.989522 0.367766 0
0.993793 0.421425 0
0.969484 0.46164 0
0.974276 0.507493 0
0.925049 0.524561 0
0.90731 0.549267 0
0.905855 0.590307 0
0.88081 0.61119 0
0.839424 0.627253 0
0.82326 0.649454 0
0.798281 0.671851 0
0.777807 0.700872 0
0.739866 0.721426 0
0.681055 0.7116 0
0.650682 0.648273 0
0.519591 0.894389 0
