1 0.0213272 0
0.951676 0.0212441 0
0.951637 0.0244424 0
0.95075 0.0149223 0
0.951814 0.0203472 0
0.951594 0.0165497 0
0.950153 0.0184406 1
0.95193 0.0232143 0
0.951466 0.0239556 0
0.947427 0.0197106 0
0.945896 0.0194041 0
0.946373 0.0193103 0
0.946593 0.0188264 0
0.946878 0.0147095 0
0.944173 0.0167123 0
0.946413 0.025619 0
0.947591 0.0292894 0
0.95241 0.0379314 0
0.942342 0.0255794 0
0.939611 0.0191322 0
0.938298 0.0207398 0
0.936492 0.0196611 0
0.935512 0.0195925 0
0.934242 0.0189894 0
0.933251 0.0183243 0
0.931658 0.0188797 0
0.930912 0.0187721 0
0.930205 0.0188073 0
0.929133 0.0189334 1
0.928536 0.0195979 0
0.927182 0.0187343 0
0.926606 0.0211309 0
0.925222 0.0201754 0
0.924117 0.0208515 0
0.922837 0.0205786 0
0.921793 0.0189437 0
0.920952 0.018728 0
0.919787 0.0192997 0
0.919094 0.0197606 0
0.918079 0.0206031 0
0.916597 0.0207778 0
0.915681 0.0207669 0
0.914972 0.0218048 0
0.913525 0.0209 0
0.912789 0.0216194 0
0.911197 0.0205898 0
0.910274 0.0201836 1
0.909282 0.0199 0
0.908386 0.0198669 0
0.907612 0.0214326 0
0.906722 0.0222971 0
0.90508 0.0199833 0
0.904027 0.0195355 0
0.90268 0.0188021 0
0.901576 0.0176887 0
0.900972 0.0197341 0
0.901247 0.0233595 0
0.898922 0.0190525 0
0.897497 0.0189897 0
0.897367 0.0222612 0
0.896078 0.0215738 0
0.894243 0.0203025 0
0.893287 0.0201787 0
0.892105 0.0203271 0
0.891217 0.0201691 0
0.890379 0.0202924 0
0.889378 0.020695 1
0.888507 0.0210858 0
0.886941 0.0200455 0
0.886412 0.0203085 0
0.885363 0.0198017 0
0.884911 0.0210785 0
0.883573 0.0212245 0
0.881143 0.0185729 0
0.881119 0.0195421 0
0.880128 0.019361 0
0.879028 0.0193585 0
0.878199 0.0192439 0
0.877427 0.0197889 0
0.87634 0.0196874 0
0.875541 0.0209448 1
0.874682 0.0212317 0
0.873996 0.0212532 0
0.873124 0.0218487 0
0.871828 0.0209167 0
0.871697 0.0227615 0
0.870699 0.0218384 0
0.869618 0.0208781 0
0.86927 0.0218419 0
0.868063 0.0216927 0
0.866873 0.0203317 0
0.86692 0.0215993 0
0.866166 0.0218269 0
0.865075 0.0213489 0
0.864497 0.0217217 1
0.863241 0.0218281 0
0.862506 0.02308 0
0.861157 0.0228207 0
0.860087 0.0222554 0
0.858434 0.0223875 0
0.857015 0.0217557 0
0.855984 0.0223672 0
0.855172 0.0225041 0
0.85367 0.0226947 0
0.852428 0.0225317 0
0.851236 0.0223703 0
0.850439 0.0229072 0
0.849311 0.0233565 0
0.847948 0.0230218 0
0.847153 0.0232316 0
0.845963 0.0225485 0
0.844694 0.0221184 0
0.844096 0.0220432 0
0.842759 0.0220761 0
0.841716 0.0223202 0
0.84061 0.0216779 0
0.839929 0.0217975 1
0.839329 0.0219787 0
0.838579 0.0223399 0
0.837577 0.0212548 0
0.836573 0.020809 0
0.835386 0.0198415 0
0.834406 0.0196252 0
0.833672 0.0198432 0
0.832282 0.0177619 0
0.830941 0.0168697 0
0.830597 0.0175232 0
0.828591 0.0153302 0
0.827993 0.0156369 0
0.828396 0.0191336 0
0.827673 0.0185538 0
0.826476 0.0178997 0
0.825645 0.0199785 0
0.824114 0.0197652 0
0.823105 0.02114 0
0.821633 0.0210937 0
0.819966 0.0206676 0
0.820127 0.0234279 0
0.818006 0.0222229 1
0.816838 0.0227804 0
0.815606 0.0232211 0
0.814896 0.0240568 0
0.813971 0.0244707 0
0.812966 0.0243699 0
0.81141 0.0244404 0
0.811014 0.0257346 0
0.809262 0.0260381 0
0.808652 0.0253665 0
0.807376 0.0250568 0
0.806176 0.0249633 0
0.80504 0.0252543 0
0.804074 0.023864 0
0.803322 0.0234712 0
0.802376 0.024592 0
0.800716 0.0253529 0
0.800106 0.025363 0
0.798713 0.0229672 0
0.798242 0.0237164 0
0.795661 0.0205285 0
0.796193 0.0233888 0
0.794699 0.0236191 0
0.79418 0.0239428 0
0.793085 0.0229149 1
0.791971 0.0230599 0
0.791196 0.0232967 0
0.79029 0.0234841 0
0.789144 0.0240713 0
0.788427 0.0242967 0
0.787631 0.0244257 0
0.786593 0.0249233 0
0.784962 0.0231638 0
0.78407 0.0230019 0
0.783784 0.02384 0
0.782829 0.0244561 0
0.781599 0.0244731 0
0.780491 0.0249807 0
0.779439 0.0258903 0
0.778204 0.0236732 0
0.776822 0.0230007 0
0.775684 0.0216776 0
0.776538 0.0245407 0
0.77526 0.0243111 0
0.77436 0.0241219 0
0.773757 0.0254822 0
0.773072 0.0259709 0
0.772565 0.0254944 0
0.771625 0.0252576 0
0.769995 0.0269312 0
0.769223 0.0258487 0
0.768358 0.0254491 0
0.768364 0.0235863 1
0.768365 0.0235863 0
0.76836 0.0235895 0
0.768326 0.0236128 0
0.76816 0.0236613 0
0.768112 0.0236415 0
0.768084 0.0236912 0
0.768352 0.0235871 0
0.76836 0.0235886 0
0.768362 0.0235872 0
0.768358 0.0235885 0
0.768334 0.0236065 0
0.76819 0.0235659 0
0.767906 0.0235264 0
0.766999 0.0238608 0
0.766446 0.0242897 0
0.76559 0.0244008 0
0.764627 0.0246444 0
0.763574 0.0249749 0
0.763486 0.0251856 0
0.763359 0.0250329 0
0.762888 0.0249827 0
0.76156 0.0250211 0
0.760273 0.0250937 0
0.759174 0.0253404 0
0.758771 0.0252984 0
0.757849 0.0255204 0
0.755052 0.0279274 0
0.754274 0.0277611 0
0.753559 0.0267289 0
0.752884 0.027396 0
0.751982 0.0268842 0
0.751886 0.0256793 0
0.75044 0.0250977 0
0.751025 0.0206381 0
0.74765 0.0263687 0
0.746269 0.026917 0
0.744772 0.0283074 0
0.743549 0.027969 1
0.743071 0.0262459 0
0.741244 0.0267849 0
0.740698 0.0253454 0
0.739827 0.0241672 0
0.73626 0.027901 0
0.739478 0.0200519 0
0.738004 0.0208394 0
0.737468 0.019671 0
0.736487 0.0192291 0
0.73494 0.0208512 0
0.733485 0.0212703 0
0.73265 0.0203848 0
0.730606 0.0214767 0
0.732611 0.0160357 0
0.729853 0.0198896 0
0.728188 0.021763 0
0.727339 0.0212522 0
0.72586 0.0234238 0
0.725206 0.0235016 0
0.724085 0.0236616 0
0.722331 0.0258507 0
0.72147 0.0257312 0
0.720111 0.0254243 0
0.719103 0.0252557 1
0.718268 0.0245813 0
0.71722 0.0243289 0
0.715216 0.0281771 0
0.642766 0.0366052 0
0.643863 0.04024 0
0.644319 0.0405275 0
0.647227 0.0417365 0
0.65262 0.045109 0
0.657808 0.0452667 0
0.646321 0.0402953 0
0.712088 0.0337056 0
0.705859 0.0259979 0
0.706064 0.0278938 0
0.70481 0.0283126 0
0.704076 0.0285106 0
0.702697 0.028449 0
0.701563 0.0296988 0
0.701003 0.0291186 0
0.699872 0.029081 0
0.698622 0.0292566 0
0.697917 0.029942 0
0.696953 0.0296787 1
0.695626 0.0301142 0
0.694373 0.0304546 0
0.692768 0.0320246 0
0.691498 0.0326891 0
0.690905 0.032761 0
0.690265 0.0328409 0
0.688729 0.032965 0
0.688514 0.0323763 0
0.686041 0.032913 0
0.684907 0.0307536 0
0.683599 0.0312335 0
0.682605 0.0318687 0
0.681265 0.031596 0
0.680628 0.0317988 0
0.68018 0.0317633 0
0.679953 0.0320285 0
0.679456 0.0307402 0
0.678234 0.0299012 0
0.677919 0.0288505 0
0.677562 0.0287677 0
0.677119 0.0285414 0
0.676372 0.0276666 0
0.675314 0.0270555 0
0.674998 0.0265651 0
0.674558 0.0264967 0
0.674361 0.0271123 0
0.673722 0.0263607 0
0.673584 0.0257599 1
0.673362 0.0256529 0
0.673147 0.0256748 0
0.673087 0.0255278 0
0.673288 0.0255887 0
0.672994 0.0255036 0
0.672824 0.0253696 0
0.672737 0.0249514 0
0.672078 0.0244167 0
0.671569 0.0244879 0
0.671068 0.0244299 0
0.670429 0.0242006 0
0.670295 0.0233168 0
0.670092 0.0228002 0
0.66931 0.0227788 0
0.668597 0.0230488 0
0.667727 0.0231596 0
0.66658 0.0230332 0
0.665913 0.0227024 0
0.66502 0.0225378 0
0.664274 0.0219831 0
0.662851 0.0223553 0
0.662332 0.0216357 0
0.660705 0.0230809 0
0.660007 0.0237144 0
0.658207 0.0241324 0
0.657336 0.0252586 0
0.655949 0.0260842 0
0.65508 0.0267164 0
0.653464 0.0272894 0
0.652603 0.0274192 1
0.651951 0.0282968 0
0.650567 0.0282932 0
0.6495 0.0288625 0
0.64827 0.0280731 0
0.647171 0.0288752 0
0.645897 0.028168 0
0.645482 0.0290797 0
0.64369 0.0283476 0
0.642347 0.0281556 0
0.640885 0.0270361 0
0.640796 0.0289329 0
0.639274 0.0294468 0
0.637815 0.0290517 0
0.637016 0.0295044 0
0.635661 0.0292964 0
0.634846 0.029955 0
0.633516 0.0292637 0
0.632414 0.0290025 0
0.631635 0.0286716 0
0.630446 0.0286667 1
0.629664 0.0286297 0
0.628461 0.0287296 0
0.627268 0.0282731 0
0.626379 0.0285826 0
0.624556 0.0277237 0
0.623322 0.0293885 0
0.622542 0.0319828 0
0.621896 0.0285589 0
0.621731 0.0281901 0
0.620913 0.0267746 0
0.619418 0.0293228 0
0.617688 0.0284853 0
0.6163 0.0278234 0
0.615927 0.0293038 0
0.615122 0.028366 0
0.61471 0.0298822 0
0.613358 0.0304254 0
0.612605 0.0302569 0
0.611538 0.0297784 0
0.610824 0.0289334 0
0.610012 0.0287654 0
0.608966 0.029687 0
0.607549 0.0282258 0
0.607239 0.0285402 0
0.606909 0.0287063 0
0.605818 0.0286907 0
0.604919 0.028788 0
0.604228 0.0294159 1
0.603434 0.0297438 0
0.602527 0.0296472 0
0.601413 0.0293402 0
0.600634 0.0289949 0
0.600108 0.0294255 0
0.599034 0.029122 0
0.597553 0.028422 0
0.596052 0.0273618 0
0.595166 0.0273268 0
0.595743 0.0315501 0
0.595962 0.0331667 0
0.592092 0.026503 0
0.590802 0.0267785 0
0.590046 0.0279946 1
0.589784 0.0306751 0
0.588526 0.0306895 0
0.586905 0.0296058 0
0.585852 0.031176 0
0.583693 0.0307971 0
0.586788 0.0431044 0
0.581157 0.0329066 0
0.582718 0.0400947 0
0.582618 0.0445104 0
0.581055 0.0459433 0
0.579267 0.0498675 0
0.577774 0.0500741 1
0.576242 0.0495761 0
0.574973 0.0496499 0
0.574875 0.0467888 0
0.572914 0.0467024 0
0.572054 0.0464439 0
0.571151 0.0504387 0
0.569908 0.0445202 0
0.568402 0.0457194 0
0.567777 0.0438511 0
0.565905 0.0433608 0
0.564667 0.0413281 0
0.564031 0.0400788 0
0.56223 0.0404676 0
0.561547 0.0380718 0
0.560973 0.0369599 0
0.560262 0.035892 0
0.559706 0.0357617 0
0.55936 0.0352516 0
0.558735 0.0343228 0
0.557888 0.0336585 0
0.557006 0.0340716 0
0.556481 0.0340789 0
0.555989 0.0328825 0
0.555032 0.0322547 0
0.553984 0.0325467 0
0.553028 0.033368 0
0.552879 0.0318673 0
0.552281 0.0317217 1
0.551425 0.0319094 0
0.55084 0.0325538 0
0.550063 0.0333327 0
0.549737 0.033517 0
0.548702 0.0348088 0
0.548922 0.0349884 0
0.548395 0.0351336 0
0.546592 0.0364239 0
0.545846 0.037638 0
0.545784 0.0381494 0
0.544885 0.0384878 0
0.544002 0.0393611 0
0.543291 0.0404013 0
0.543168 0.0403012 0
0.543102 0.039921 0
0.541154 0.0419558 0
0.540951 0.0420484 0
0.539936 0.0433501 0
0.539113 0.0435357 0
0.53852 0.0436567 0
0.53805 0.0429177 0
0.536234 0.0436042 0
0.535432 0.0436449 0
0.534632 0.0437393 1
0.533637 0.0441516 0
0.53296 0.0437623 0
0.533012 0.0423868 0
0.532031 0.0426743 0
0.530874 0.0423333 0
0.531155 0.0393236 0
0.529118 0.0416226 0
0.528651 0.039334 0
0.528199 0.0381196 0
0.527599 0.0376131 0
0.526658 0.0372917 0
0.52553 0.0383247 0
0.524495 0.0384239 0
0.523911 0.0367107 0
0.5238 0.0349492 0
0.522496 0.0350037 0
0.521464 0.0351534 0
0.520077 0.0355737 0
0.518598 0.0362752 0
0.51751 0.0369258 0
0.516237 0.0371942 0
0.514804 0.0371408 1
0.513825 0.0366627 0
0.512991 0.0366024 0
0.512162 0.0373329 0
0.510442 0.0362613 0
0.50965 0.0359977 0
0.508908 0.0357885 0
0.507058 0.0377997 0
0.506416 0.0365458 0
0.506857 0.0335045 0
0.505047 0.0358934 0
0.503882 0.0358255 0
0.503307 0.0359127 0
0.501682 0.0363666 0
0.500382 0.0369857 0
0.499975 0.0378674 0
0.499203 0.0370525 0
0.498295 0.0370571 0
0.497342 0.0373201 0
0.495765 0.0373118 0
0.494848 0.038807 1
0.49393 0.0386958 0
0.492448 0.0392649 0
0.491923 0.0397056 0
0.49067 0.0392256 0
0.490064 0.0393008 0
0.488554 0.0398456 0
0.487821 0.0401152 0
0.486672 0.0405635 0
0.485865 0.0408676 0
0.484972 0.0412785 0
0.483763 0.0411084 0
0.482748 0.0418622 0
0.481235 0.0428922 0
0.480362 0.0431829 0
0.479811 0.0421909 0
0.478712 0.0427428 0
0.477659 0.0430068 0
0.477342 0.0442972 0
0.476347 0.0439227 0
0.475019 0.0447802 0
0.473954 0.0437735 0
0.473293 0.0439248 0
0.472145 0.0441626 0
0.471369 0.0435569 1
0.469454 0.0446275 0
0.469044 0.0425576 0
0.468939 0.0419316 0
0.466882 0.0431875 0
0.465854 0.0435904 0
0.465345 0.0415969 0
0.463642 0.0425129 0
0.462293 0.0439906 0
0.462771 0.0425568 0
0.461913 0.0432669 0
0.461031 0.0414287 0
0.459914 0.0400544 0
0.458271 0.0402353 0
0.457666 0.039626 0
0.457992 0.0394885 0
0.457815 0.0382813 0
0.456697 0.0369793 0
0.455773 0.0379627 0
0.455189 0.0376343 0
0.454258 0.0376398 0
0.453677 0.0371617 0
0.45409 0.0362196 0
0.452338 0.0342381 0
0.450306 0.034078 0
0.450858 0.0338683 0
0.451069 0.0337628 0
0.450505 0.0332769 0
0.450075 0.0331493 1
0.449646 0.0334042 0
0.448995 0.033636 0
0.448964 0.0335925 0
0.44859 0.0334628 0
0.448219 0.0337906 0
0.447687 0.0338083 0
0.447151 0.0339668 0
0.446144 0.0352008 0
0.445571 0.0352225 0
0.445187 0.0358707 0
0.444738 0.0367846 0
0.443412 0.0367949 0
0.442859 0.0371717 0
0.441903 0.0373095 0
0.441692 0.0373326 0
0.440618 0.0393511 0
0.43856 0.0400809 0
0.438026 0.0403938 0
0.436639 0.0415504 0
0.435639 0.0428942 1
0.434808 0.0431067 0
0.433871 0.0429693 0
0.433258 0.0426577 0
0.43229 0.0426296 0
0.431291 0.0426538 0
0.430797 0.0420996 0
0.429477 0.041884 0
0.428378 0.0391542 0
0.427376 0.0395718 0
0.426753 0.0399798 0
0.425493 0.0385101 0
0.4248 0.0404491 0
0.42374 0.0397633 0
0.422384 0.0401653 1
0.421569 0.0403117 0
0.420125 0.0395182 0
0.419283 0.040062 0
0.418398 0.0407521 0
0.417793 0.0408459 0
0.417365 0.0381788 0
0.416128 0.0386221 0
0.415425 0.0383573 0
0.414098 0.0394721 0
0.413337 0.0388279 0
0.41191 0.03889 0
0.411541 0.0371607 0
0.410938 0.0373015 0
0.409511 0.0385102 0
0.408034 0.0390554 0
0.407196 0.0385282 0
0.406636 0.0376694 0
0.405445 0.0391947 0
0.404406 0.038431 0
0.404131 0.0386741 0
0.40211 0.0421632 0
0.401372 0.0422251 1
0.40102 0.0392304 0
0.400057 0.0377218 0
0.399385 0.0359871 0
0.397843 0.0366471 0
0.397458 0.0330649 0
0.3968 0.0344052 0
0.395559 0.032892 0
0.39434 0.0330688 0
0.393859 0.0309238 0
0.392776 0.0300666 1
0.392223 0.0297451 0
0.391547 0.0294138 0
0.390217 0.0289214 0
0.389719 0.0279044 0
0.387766 0.0292333 0
0.386237 0.0206576 0
0.505295 0.0247454 0
0.575026 0 0
0.595303 0.0416221 0
0.585269 0.0151372 0
0.587033 0.0161802 0
0.583998 0.0141628 0
0.586835 0.0161608 0
0.570498 0.0044071 0
0.579742 0.0134317 0
0.573708 0.00929417 0
0.530742 0.0115225 0
0.518109 0.0294706 0
0.387785 0.0105777 0
0.3695 0.0205038 0
0.371551 0.0283264 0
0.369612 0.0268299 0
0.368684 0.027817 0
0.36725 0.0278924 1
0.365713 0.0269737 0
0.364915 0.0275764 0
0.362671 0.0259405 0
0.361659 0.0270438 0
0.360021 0.0265183 0
0.358633 0.0253593 0
0.357269 0.0251129 0
0.355738 0.0248776 0
0.354836 0.0257168 0
0.353855 0.0270228 0
0.352417 0.0271458 0
0.351084 0.0277625 1
0.349701 0.0287189 0
0.348131 0.0295621 0
0.345668 0.0271157 0
0.345313 0.0325115 0
0.343557 0.0313113 0
0.34312 0.0344004 0
0.341926 0.0361381 0
0.339908 0.0360259 0
0.338915 0.0370891 0
0.338006 0.0385579 1
0.337491 0.0403622 0
0.335474 0.0403853 0
0.333876 0.0393125 0
0.33269 0.0381164 0
0.331977 0.0394537 0
0.330336 0.0387494 0
0.329554 0.0402822 0
0.328047 0.0470389 1
0.327934 0.037859 0
0.325263 0.045478 0
0.325717 0.0400905 0
0.32397 0.0387623 0
0.323395 0.0393596 0
0.322866 0.0395395 0
0.321383 0.0401607 0
0.320051 0.0438778 0
0.319835 0.0397789 0
0.3189 0.0391909 1
0.316931 0.0385908 0
0.315908 0.0391084 0
0.315069 0.0395295 0
0.314747 0.0404557 0
0.313649 0.0415716 0
0.312753 0.0417797 0
0.311957 0.0414897 0
0.311205 0.041196 0
0.309984 0.0406945 0
0.308548 0.041164 0
0.307611 0.0406141 0
0.306802 0.0404573 0
0.30509 0.0410079 0
0.304568 0.0397805 0
0.303723 0.0399008 0
0.303162 0.0396345 0
0.302629 0.0396521 0
0.301751 0.0397023 0
0.300776 0.0388265 0
0.299522 0.0384509 0
0.298841 0.0378237 0
0.298204 0.0377504 0
0.297594 0.0369481 0
0.297048 0.0367091 0
0.296664 0.0360841 0
0.296069 0.0355536 0
0.295574 0.0355121 0
0.295174 0.0349747 1
0.294938 0.0350722 0
0.29425 0.0347143 0
0.292454 0.0345149 0
0.291478 0.0350252 0
0.290772 0.035043 0
0.290162 0.0351865 0
0.289883 0.0343584 0
0.289738 0.0338888 0
0.28872 0.0338766 0
0.288323 0.0327862 0
0.286737 0.0332589 0
0.285854 0.0338889 0
0.285256 0.0335049 0
0.284373 0.033215 0
0.283357 0.0325013 0
0.282696 0.0317808 0
0.281789 0.0317188 0
0.280412 0.0315783 0
0.280711 0.0298767 0
0.28046 0.0284137 0
0.279227 0.028426 0
0.276809 0.0295954 0
0.276276 0.0275093 0
0.275067 0.0279105 0
0.274294 0.0275012 0
0.273572 0.0267517 0
0.272105 0.0258132 0
0.27116 0.0255458 1
0.269605 0.0266866 0
0.268429 0.0266089 0
0.268173 0.0248007 0
0.266746 0.0253614 0
0.265814 0.0251904 0
0.265572 0.0234063 0
0.264184 0.0238996 0
0.263315 0.0235699 0
0.262166 0.0232038 0
0.260476 0.0237329 0
0.260782 0.0207496 0
0.258636 0.0225478 0
0.257199 0.0230879 0
0.256203 0.023107 0
0.254733 0.0237994 0
0.25422 0.0220849 0
0.25285 0.0223501 0
0.25166 0.0229527 0
0.251073 0.0217077 0
0.249699 0.0219735 0
0.24881 0.0218537 0
0.247571 0.0225371 1
0.24608 0.0234161 0
0.246461 0.01973 0
0.2448 0.0189659 0
0.246079 0.0142889 0
0.241806 0.018795 0
0.246135 0.00968154 0
0.241183 0.0147941 0
0.238457 0.0201187 0
0.238324 0.0191255 0
0.23668 0.0201702 0
0.236031 0.0203503 0
0.234637 0.0197586 0
0.233718 0.0195987 0
0.232201 0.0204251 0
0.231419 0.0204783 0
0.230386 0.0211982 0
0.228817 0.0194387 0
0.228036 0.0193958 0
0.227467 0.0198635 0
0.226327 0.0205396 0
0.225618 0.0209388 0
0.224455 0.0217144 1
0.223617 0.0218466 0
0.222855 0.0213667 0
0.221941 0.0216599 0
0.221391 0.0216495 0
0.219743 0.023294 0
0.218302 0.0240206 0
0.21756 0.0242063 0
0.216918 0.0242666 0
0.216052 0.0242177 0
0.214559 0.023687 0
0.213445 0.0246022 0
0.211851 0.0255188 0
0.210783 0.0274158 0
0.209865 0.0275581 0
0.209378 0.0283877 0
0.207952 0.0296382 0
0.20741 0.0280689 0
0.206621 0.0271329 0
0.206221 0.026635 0
0.205431 0.0280585 0
0.203423 0.0278077 0
0.202749 0.0287453 0
0.202452 0.0264516 0
0.201108 0.0256088 0
0.200437 0.0263003 0
0.199475 0.0262911 0
0.199099 0.0256771 0
0.198273 0.0244024 0
0.19782 0.0245278 0
0.197202 0.0235366 0
0.195977 0.0228864 0
0.195699 0.0231092 0
0.195672 0.0230799 0
0.195132 0.0229207 1
0.194548 0.0229106 0
0.19421 0.022599 0
0.19376 0.0227692 0
0.193087 0.0226452 0
0.192683 0.0221474 0
0.192234 0.0214628 0
0.19169 0.0212044 0
0.191202 0.0214474 0
0.190842 0.0207795 0
0.190133 0.0211447 0
0.189424 0.0209635 0
0.189492 0.019089 0
0.188501 0.0205462 0
0.187358 0.0225818 0
0.186399 0.0220442 0
0.186142 0.0227431 0
0.185524 0.0218528 0
0.183737 0.022778 0
0.183193 0.0214234 0
0.182517 0.0208637 0
0.182536 0.01777 0
0.180698 0.0194319 0
0.179904 0.018967 0
0.178744 0.0186056 0
0.177734 0.0188471 0
0.176285 0.0186935 1
0.175808 0.0174158 0
0.17575 0.0153322 0
0.173921 0.0172515 0
0.173212 0.0162313 0
0.172611 0.0154525 0
0.17144 0.0158851 0
0.170428 0.0182154 0
0.169197 0.0199007 0
0.167674 0.0225281 0
0.166872 0.0217254 0
0.164742 0.0273004 0
0.163876 0.0394832 1
0.162576 0.0379242 0
0.165403 0.0142706 0
0.160589 0.0225409 0
0.162562 0.0172307 0
0.15998 0.0202458 0
0.158381 0.0224603 0
0.160103 0.0156817 0
0.157936 0.0173472 0
0.157081 0.0171823 0
0.155953 0.0174647 1
0.154868 0.0167769 0
0.154177 0.0159904 0
0.152925 0.0178035 0
0.151103 0.0200217 0
0.151692 0.0156855 0
0.15137 0.0131896 0
0.148575 0.0178413 0
0.147115 0.0212439 0
0.146476 0.0206317 0
0.145744 0.0195944 0
0.144678 0.0185787 0
0.143463 0.0197499 0
0.142426 0.0207635 0
0.141406 0.0209159 0
0.139084 0.0238328 0
0.138835 0.0200395 0
0.138182 0.0195749 0
0.136852 0.0204478 0
0.136844 0.0181906 0
0.135714 0.0173072 1
0.134962 0.0174963 0
0.133297 0.0195942 0
0.132243 0.0196559 0
0.13096 0.0206398 0
0.129978 0.0203341 0
0.129301 0.018964 0
0.1282 0.0192658 0
0.127649 0.0187067 0
0.127087 0.0178787 0
0.125939 0.0175967 0
0.125005 0.0182402 0
0.123854 0.0179697 0
0.12345 0.0170686 0
0.122856 0.0143726 0
0.122213 0.0128639 0
0.121165 0.0138753 0
0.119618 0.0157917 0
0.117762 0.0169664 0
0.117285 0.0165603 0
0.116259 0.0162536 0
0.115388 0.0164583 0
0.114525 0.0156591 1
0.113244 0.0148874 0
0.112791 0.0154301 0
0.111784 0.0163109 0
0.110493 0.0169984 0
0.110053 0.0165926 0
0.108555 0.0170772 0
0.107834 0.0166098 0
0.10698 0.0166387 0
0.105359 0.0175049 0
0.104172 0.0185396 0
0.103305 0.018483 0
0.102174 0.0177601 0
0.101021 0.0178368 0
0.100117 0.0191705 0
0.0993336 0.0193523 0
0.0977378 0.0198733 0
0.0960962 0.0194442 0
0.0943906 0.0193843 0
0.0940681 0.0199448 0
0.0933392 0.0201992 0
0.0920074 0.0201045 0
0.0915456 0.0204101 0
0.0906956 0.0206695 0
0.0897122 0.020081 0
0.0885183 0.0198222 0
0.0875331 0.0195174 1
0.0861979 0.0181843 0
0.0878112 0.0203077 0
0.0864281 0.0209 0
0.0856133 0.0204707 0
0.0844183 0.0210362 0
0.0819733 0.0206958 0
0.0811608 0.0212393 0
0.0805272 0.0210763 0
0.0798422 0.0207715 0
0.078513 0.0229639 0
0.0772401 0.0231418 0
0.0755371 0.0207402 0
0.0752555 0.0222357 0
0.0737931 0.0197375 0
0.0740483 0.020163 0
0.0729837 0.0189217 1
0.0710081 0.0180787 0
0.0715262 0.0194495 0
0.0703311 0.0193716 0
0.0689446 0.018465 0
0.0676235 0.0170853 0
0.0663912 0.014792 0
0.0634089 0.0186413 0
0.062874 0.0179956 0
0.0614169 0.0185833 0
0.0600934 0.0192 1
0.0593671 0.0188733 0
0.0587783 0.018719 0
0.0574206 0.0179527 0
0.0567875 0.0171164 0
0.0556625 0.0174614 0
0.0540697 0.0200583 0
0.0533466 0.0201726 0
0.0525337 0.0195095 0
0.0513871 0.0200122 0
0.0511427 0.0192324 0
0.0491536 0.0215269 0
0.0471243 0.0212049 0
0.0465961 0.0199476 0
0.0452351 0.0194417 0
0.0459658 0.0172652 0
0.0449178 0.0189642 0
0.0437927 0.0208633 0
0.0432421 0.024023 0
0.041493 0.0263945 0
0.0390021 0.0293335 0
0.0405444 0.019372 0
0.0389228 0.0183752 1
0.0379356 0.0238496 0
0.0381536 0.0218896 0
0.0379669 0.0192013 0
0.0374092 0.0178643 0
0.036451 0.0177648 0
0.0367499 0.0159296 0
0.0300339 0.0347674 0
0.0328581 0.0186415 0
0.0320329 0.0203835 0
0.0305756 0.0167211 0
0.0293239 0.0171428 0
0.0293083 0.0187345 0
0.0280601 0.0217823 0
0.0270935 0.0187288 0
0.0258249 0.0191416 0
0.0251035 0.0174344 1
0.0239399 0.0171407 0
0.024465 0.0198461 0
0.0210706 0.019994 0
0.0221487 0.0202343 0
0.0215774 0.0193541 0
0.0202617 0.0201343 0
0.0207689 0.017491 0
0.0184628 0.0214941 0
0.0178891 0.0209341 0
0.0184361 0.0180582 0
0.0173408 0.0183134 0
0.0165338 0.0180498 0
0.0157307 0.0177378 0
0.0150698 0.017522 0
0.0147531 0.0170486 0
0.0141078 0.0169556 0
0.0133784 0.0170585 0
0.0126442 0.0171575 1
0.0121725 0.0173871 0
0.0112523 0.017101 0
0.00999003 0.0178507 0
0.00929813 0.017691 0
0.00871201 0.0174189 0
0.00772556 0.0175921 0
0.00645935 0.0179534 0
0.00547705 0.018563 0
0.00531674 0.0166036 0
0.0036357 0.0173967 0
0.00268385 0.0170155 0
0.00125502 0.0181411 0
0 0.0148723 0
0.00109435 0.0166459 1
0.000336675 0.0172059 0
0.000747106 0.0170038 0
0.00106908 0.0165744 0
0.00575148 0.0166898 0
