0.930672 0.5296 0
0.897001 0.459489 0
0.891679 0.229814 0
0.856898 0.22598 0
0.838671 0.212543 0
0.811413 0.205342 0
0.793843 0.204542 0
0.77229 0.210204 0
0.747814 0.200365 0
0.723345 0.19229 0
0.71154 0.177209 0
0.672099 0.175548 0
0.639358 0.165428 1
0.609211 0.142866 0
0.585638 0.118995 0
0.528133 0.107431 0
0.492984 0.0847937 0
0.440953 0.0780478 0
0.395776 0.0241991 0
0.331229 0.00921079 0
0.30275 0.0159622 0
0.251711 0 0
0.217682 0.00828623 0
0.190468 0.0749637 0
0.165115 0.132229 0
0.13785 0.141938 0
0.11547 0.165662 0
0.102645 0.196946 0
0.0862446 0.235735 0
0.0859223 0.273126 0
0.0759749 0.297118 1
0.062418 0.313862 0
0.0449661 0.339405 0
0.0318321 0.357345 0
0.0287393 0.373774 0
0.021852 0.403906 0
0.0178485 0.429616 0
0.00995434 0.455765 0
0.00507113 0.486188 0
0 0.504571 0
0.000245156 0.532898 0
0.0155983 0.549933 0
0.0133587 0.56597 0
0.0194277 0.575911 0
0.0316009 0.582674 0
0.0420667 0.592159 0
0.0686605 0.61497 0
0.0652021 0.691369 0
0.0746342 0.710463 0
0.0828519 0.731265 0
0.0989847 0.759709 0
0.112348 0.781941 0
0.134207 0.809136 0
0.171242 0.826057 0
0.201134 0.85093 0
0.236077 0.85798 0
0.260199 0.886888 0
0.292834 0.904988 0
0.328214 0.92783 0
0.361502 0.932475 0
0.4051 0.949342 1
0.44629 0.957502 0
0.465839 0.968248 0
0.510642 0.976591 0
0.530712 0.985569 0
0.554649 0.984275 0
0.582052 0.9956 0
0.603124 0.979614 0
0.629191 0.981699 0
0.65603 0.978557 0
0.691083 0.974687 0
0.709291 0.98676 0
0.726622 1 0
0.778358 0.969818 0
0.794541 0.990549 0
0.830309 0.982201 0
0.84703 0.998857 0
0.86697 0.943941 0
0.880246 0.899383 0
0.89296 0.849427 0
0.900912 0.793393 0
0.898251 0.746296 0
0.895821 0.705995 0
0.905327 0.688208 0
0.893861 0.635643 0
0.896022 0.594744 0
0.894116 0.556584 0
0.87185 0.492459 0
0.879483 0.47397 0
0.875073 0.46334 0
0.863805 0.425533 0
0.853774 0.399094 0
0.838916 0.385864 1
0.832657 0.382062 0
0.831063 0.370111 0
0.818858 0.362598 0
0.803696 0.348951 0
0.774323 0.353392 0
0.770389 0.336834 0
0.761984 0.340475 0
0.734419 0.333135 0
0.7163 0.321592 0
0.689729 0.330571 0
0.632679 0.326504 0
0.5903 0.320367 0
0.539591 0.288318 0
0.494109 0.195752 0
0.458364 0.178013 0
0.405642 0.161263 0
0.367477 0.158398 0
0.343677 0.163109 0
0.323713 0.170261 0
0.309464 0.169805 1
0.289922 0.1687 0
0.269982 0.173842 0
0.242915 0.182354 0
0.225908 0.176028 0
0.20202 0.191306 0
0.190438 0.223528 0
0.182514 0.223985 0
0.174159 0.260101 0
0.123378 0.376604 0
0.0986269 0.411737 0
0.0825946 0.432639 0
0.0727003 0.4469 0
0.0516478 0.465915 0
0.042785 0.485161 0
0.0330581 0.509003 0
0.025786 0.541221 0
0.0177025 0.565714 0
0.0136745 0.575515 0
0.0145684 0.599403 0
0.0201763 0.61631 0
0.0172947 0.629484 0
0.0220042 0.642804 0
0.0285248 0.650427 0
0.0368578 0.657692 1
0.0439831 0.675076 0
0.0484318 0.686896 0
0.0590275 0.706671 0
0.0590568 0.73536 0
0.0675267 0.780196 0
0.0744773 0.810497 0
0.080454 0.830854 0
0.105219 0.831826 0
0.118599 0.839465 0
0.139648 0.855748 1
0.16103 0.868238 0
0.172383 0.89214 0
0.207044 0.901446 0
0.243273 0.91602 0
0.266128 0.908031 0
0.316993 0.899072 0
0.359869 0.908312 0
0.404165 0.888818 0
0.467646 0.90461 0
0.493279 0.935625 0
0.520755 0.949294 0
0.542147 0.964339 0
0.56519 0.943821 0
0.590246 0.932988 0
0.613759 0.922877 0
0.638557 0.925058 0
0.658473 0.914028 0
0.676089 0.909068 1
0.691998 0.891929 0
0.716244 0.874169 0
0.73802 0.844343 0
0.750724 0.828905 0
0.774974 0.788685 0
0.795811 0.758385 0
0.799889 0.73277 0
0.813077 0.725966 0
