0.0214604 0.199844 1
0.0162796 0.234143 0
0.0157065 0.237509 0
0.0180649 0.220425 0
0.0214604 0.199844 1
0.0178362 0.219621 0
0.0149831 0.23517 0
0.0164954 0.227457 0
0.0205549 0.204961 0
0.0215865 0.204448 0
0.0214604 0.199844 1
0.0224561 0.194757 0
0.0224561 0.194757 0
0.0224561 0.194757 0
0.0224561 0.194757 0
0.0224561 0.194757 0
0.0224561 0.194757 0
0.0224561 0.194757 0
0.0224561 0.194757 0
0.0224561 0.194757 0
0.0224561 0.194757 0
0.0224561 0.194757 0
0.0224561 0.194757 0
0.0224561 0.194757 0
0.00640102 0.600689 1
0.00950114 0.567795 0
0.0108298 0.57337 0
0.00992767 0.567288 0
0.00640102 0.600689 1
0.0028105 0.599261 0
0.00233514 0.602285 0
0.00237209 0.595789 0
0.00170806 0.591266 0
0.00197165 0.586673 0
0.00398976 0.573075 0
0.0052774 0.568472 0
0.00515756 0.570278 0
0.00640205 0.564985 0
0.00825812 0.553809 0
0.00800319 0.558851 0
0.00642967 0.573432 0
0.00576791 0.583849 0
0.00603387 0.585122 0
0.00617422 0.587765 0
0.00640102 0.600689 1
0.00461054 0.603239 0
0 0.65428 0
0.00610206 0.60693 0
0.00640102 0.600689 1
0.0333427 0.465905 0
0.361073 0.413308 1
0.35128 0.423457 0
0.361451 0.351173 0
0.366702 0.337186 0
0.376655 0.284217 0
0.372561 0.299243 0
0.358758 0.330554 0
0.399557 0.164425 0
0.387684 0.204449 0
0.416759 0.0874111 0
0.378143 0.239234 0
0.4122 0.101296 0
0.400308 0.143313 0
0.426808 0.0788639 0
0.416765 0.080849 0
0.419367 0.0842521 0
0.439112 0.0158523 0
0.421398 0.0853038 0
0.429471 0.0607241 0
0.413261 0.131493 0
0.418574 0.146234 0
0.414088 0.132902 0
0.422465 0.102663 0
0.400169 0.204118 0
0.395653 0.236671 0
0.393115 0.257401 0
0.398073 0.259953 0
0.401245 0.240897 0
0.361073 0.413308 1
0.370415 0.38917 0
0.354026 0.453935 0
0.367215 0.412499 0
0.354759 0.4458 0
0.359318 0.454123 0
0.342017 0.525385 0
0.353984 0.475858 0
0.354051 0.447167 0
0.351896 0.47502 0
0.341065 0.506157 0
0.328485 0.558187 0
0.329381 0.548029 0
0.327392 0.57052 0
0.328298 0.564044 0
0.331483 0.53408 0
0.330152 0.54396 0
0.322732 0.575713 0
0.338388 0.506055 0
0.343673 0.537176 0
0.361073 0.413308 1
0.356502 0.464061 0
0.361524 0.41106 0
0.352171 0.476785 0
0.356595 0.403395 0
0.35371 0.412821 0
0.356477 0.38081 0
0.357667 0.36376 0
0.360055 0.351596 0
0.340879 0.505228 0
0.347767 0.459338 0
0.341885 0.540331 0
0.34562 0.524182 0
0.350193 0.519971 0
0.351172 0.556686 0
0.350094 0.590811 0
0.356841 0.568519 0
0.360241 0.563696 0
0.374439 0.475128 0
0.373686 0.498108 0
0.369291 0.489982 0
0.37033 0.495505 0
0.375015 0.467506 0
0.380902 0.404065 0
0.385704 0.407027 0
0.394984 0.345976 0
0.397446 0.352212 0
0.391218 0.367955 0
0.389411 0.319746 0
0.384272 0.341024 0
0.380613 0.347456 0
0.385087 0.311713 0
0.390851 0.277083 0
0.400502 0.231694 0
0.399857 0.18612 0
0.405727 0.12418 0
0.406705 0.122855 0
0.39458 0.159115 0
0.391499 0.231608 0
0.383073 0.265204 0
0.379909 0.254183 0
0.372583 0.347905 0
0.361073 0.413308 1
0.347199 0.499271 0
0.334487 0.58153 0
0.323308 0.612341 0
0.318826 0.691818 0
0.307232 0.741668 0
0.314827 0.690803 0
0.296589 0.804279 0
0.303166 0.774077 0
0.2931 0.816986 0
0.283554 0.886988 0
0.291538 0.862092 0
0.287885 0.867117 0
0.285901 0.872257 0
0.283422 0.882427 0
0.279798 0.890912 0
0.27909 0.883636 0
0.282432 0.864212 0
0.278231 0.893629 0
0.272218 0.921372 0
0.265991 0.95181 0
0.258776 0.988002 0
0.254125 1 0
0.251305 0.996647 0
0.256891 0.978964 0
0.259573 0.960632 0
0.269392 0.890231 0
0.280106 0.824908 0
0.287221 0.786861 0
0.295568 0.754511 0
0.308848 0.676902 0
0.320233 0.607016 0
0.326385 0.57877 0
0.333882 0.554234 0
0.346232 0.495703 0
0.352774 0.460734 0
0.361073 0.413308 1
0.36871 0.38838 0
0.369669 0.389273 0
0.380395 0.331474 0
0.390649 0.284615 0
0.404027 0.220435 0
0.407636 0.189144 0
0.419526 0.121404 0
0.43362 0.0433697 0
0.432258 0.0445459 0
0.430874 0.0637029 0
0.424084 0.0994206 0
0.425535 0.0990717 0
0.417055 0.152939 0
0.407521 0.215001 0
0.403207 0.245289 0
0.394016 0.300358 0
0.394144 0.27608 0
0.396412 0.266053 0
0.385987 0.295578 0
0.377646 0.323576 0
0.367401 0.395586 0
0.361073 0.413308 1
0.374156 0.321876 0
0.379411 0.279408 0
0.377188 0.30628 0
0.378066 0.302288 0
0.381544 0.257838 0
0.375908 0.302658 0
0.370583 0.334347 0
0.365463 0.358606 0
0.364835 0.355542 0
0.365248 0.356144 0
0.364858 0.368918 0
0.354094 0.408026 0
0.363344 0.374244 0
0.365148 0.384078 0
0.35816 0.433716 0
0.347664 0.478908 0
0.364608 0.397602 0
0.361073 0.413308 1
0.352746 0.459582 0
0.334227 0.542133 0
0.332926 0.575789 0
0.325716 0.607867 0
0.320049 0.632533 0
0.31835 0.642228 0
0.322131 0.633448 0
0.323708 0.634994 0
0.32402 0.629745 0
0.327066 0.606213 0
0.326728 0.602864 0
0.330941 0.587738 0
0.336053 0.552837 0
0.339185 0.535628 0
0.338263 0.538674 0
0.348138 0.485047 0
0.353721 0.462807 0
0.352983 0.468139 0
0.361197 0.418167 0
0.361073 0.413308 1
0.353168 0.441019 0
0.350579 0.439101 0
0.342025 0.464535 0
0.326463 0.532175 0
0.326411 0.529855 0
0.322483 0.531123 0
0.345875 0.400312 0
0.348325 0.399689 0
0.343616 0.418534 0
0.348351 0.388183 0
0.353267 0.346959 0
0.353222 0.361664 0
0.34966 0.371496 0
0.351003 0.361425 0
0.346515 0.398773 0
0.3457 0.420351 0
0.341136 0.466157 0
0.362469 0.352548 0
0.366464 0.333861 0
0.361619 0.366014 0
0.356265 0.403327 0
0.35752 0.408372 0
0.35903 0.398967 0
0.363322 0.373048 0
0.366799 0.366426 0
0.359445 0.399405 0
0.357754 0.413637 0
0.35074 0.440184 0
0.359025 0.427008 0
0.363732 0.37585 0
0.35915 0.420743 0
0.361073 0.413308 1
0.361779 0.421349 0
0.358715 0.433252 0
0.351103 0.462453 0
0.338999 0.512724 0
0.32478 0.601122 0
0.324361 0.600151 0
0.321544 0.630933 0
0.316725 0.636986 0
0.313227 0.650763 0
0.311934 0.675497 0
0.307312 0.699038 0
0.294775 0.758296 0
0.293977 0.765803 0
0.298809 0.739266 0
0.302868 0.716979 0
0.315047 0.657172 0
0.307156 0.725272 0
0.313638 0.679373 0
0.320976 0.639597 0
0.327986 0.604253 0
0.33137 0.597045 0
0.340996 0.522775 0
0.348417 0.457522 0
0.359921 0.355239 0
0.359874 0.356571 0
0.368772 0.304216 0
0.369272 0.328904 0
0.36935 0.37148 0
0.365418 0.407207 0
0.362984 0.427861 0
0.359693 0.459027 0
0.359531 0.461903 0
0.361846 0.464002 0
0.366712 0.479958 0
0.375897 0.415914 0
0.371635 0.432207 0
0.374238 0.40716 0
0.373549 0.403994 0
0.386815 0.320948 0
0.378634 0.410697 0
0.381127 0.38088 0
0.382583 0.363994 0
0.386713 0.342525 0
0.39183 0.310483 0
0.392539 0.315431 0
0.384231 0.323524 0
0.395872 0.285069 0
0.392543 0.296263 0
0.388465 0.327309 0
0.385865 0.33285 0
0.399293 0.258263 0
0.402796 0.249482 0
0.383894 0.347477 0
0.404392 0.249095 0
0.397557 0.289729 0
0.395193 0.310446 0
0.394358 0.308682 0
0.394306 0.288335 0
0.387346 0.317918 0
0.404837 0.223869 0
0.382838 0.320914 0
0.398288 0.250491 0
0.389561 0.276771 0
0.361073 0.413308 1
0.387081 0.262209 0
0.401939 0.132799 0
0.415975 0.0608679 0
0.423809 0 0
0.425359 0.00153254 0
0.415811 0.0669615 0
0.405936 0.114379 0
0.411561 0.113848 0
0.39622 0.200238 0
0.385824 0.228185 0
0.379919 0.268343 0
0.370702 0.307257 0
0.36492 0.313094 0
0.358654 0.371027 0
0.356672 0.406395 0
0.363337 0.362229 0
0.361821 0.361867 0
0.360112 0.38836 0
0.36109 0.383134 0
0.355953 0.406798 0
0.363779 0.354677 0
0.366803 0.317929 0
0.369601 0.370203 0
0.361073 0.413308 1
0.360637 0.359995 0
0.35346 0.39662 0
0.362706 0.355725 0
0.352934 0.375025 0
0.366093 0.300333 0
0.369169 0.309022 0
0.370981 0.23939 0
0.380336 0.209618 0
