0.937787 0.313807 0
0.915391 0.267258 0
0.899055 0.245056 0
0.879919 0.233117 0
0.866369 0.215421 1
0.841322 0.204292 0
0.817063 0.202895 0
0.788724 0.180901 0
0.765845 0.175649 0
0.744311 0.181789 0
0.714156 0.0899548 0
0.691443 0.0883207 0
0.678075 0.0662794 0
0.652828 0.0666493 0
0.629767 0.0769964 0
0.617796 0.0634836 0
0.598842 0.0690164 0
0.58566 0.0695199 0
0.573381 0.0688325 0
0.547563 0.0950113 0
0.513646 0.0998227 0
0.484704 0.105525 0
0.448431 0.0801899 0
0.434369 0.067599 0
0.403287 0.0642196 0
0.378244 0.0553414 0
0.362389 0.0570777 0
0.342073 0.0541793 0
0.319962 0.0636605 1
0.301222 0.0828804 0
0.285646 0.0950203 0
0.265764 0.097342 0
0.247229 0.102258 0
0.23194 0.119043 0
0.228092 0.147378 0
0.212991 0.165176 0
0.199618 0.168198 0
0.186473 0.179372 0
0.176454 0.208766 0
0.14942 0.211699 0
0.149642 0.238722 0
0.128101 0.252317 0
0.120586 0.272197 0
0.102593 0.289144 0
0.0912292 0.314168 0
0.0854261 0.339066 0
0.0771446 0.364979 0
0.059465 0.380371 0
0.0332111 0.391826 0
0.0826079 0.487148 0
0.0636169 0.482137 0
0.063977 0.496885 0
0.0578351 0.506992 0
0.0609088 0.535239 0
0.063104 0.542553 0
0.062371 0.548151 0
0.0604387 0.558674 0
0.064142 0.566703 0
0.0606215 0.572046 0
0.0693919 0.581743 0
0.0699556 0.591343 0
0.0785835 0.598116 0
0.0895056 0.619529 0
0.0973447 0.633355 0
0.106772 0.657889 0
0.119144 0.671265 0
0.129696 0.688949 0
0.149785 0.702028 0
0.165008 0.713815 0
0.175309 0.721889 0
0.18541 0.731311 0
0.204117 0.727877 0
0.219731 0.780086 0
0.243004 0.801026 0
0.266203 0.816916 0
0.277499 0.8458 0
0.304855 0.849589 0
0.327517 0.869604 0
0.34921 0.889208 0
0.37222 0.904719 0
0.384039 0.910513 1
0.403429 0.920665 0
0.418152 0.927871 0
0.4395 0.92591 0
0.460061 0.938595 0
0.48214 0.930722 0
0.500801 0.9347 0
0.524266 0.933994 0
0.54463 0.938881 0
0.568986 0.94652 0
0.584382 0.934439 0
0.606574 0.929984 0
0.620962 0.907784 1
0.627653 0.904552 0
0.64092 0.906009 0
0.651767 0.884997 0
0.69438 0.799483 0
0.733132 0.807931 0
0.762286 0.828382 0
0.780707 0.814293 0
0.792986 0.808949 0
0.798739 0.78295 0
0.817258 0.783004 0
0.837579 0.770679 0
0.846665 0.754925 1
0.862205 0.750062 0
0.877484 0.740478 0
0.895188 0.719104 0
0.914648 0.705223 0
0.921695 0.704258 0
0.912892 0.579963 0
0.943199 0.588914 0
0.944531 0.573962 0
0.953728 0.564126 0
0.958822 0.553677 0
0.961142 0.548395 0
0.973822 0.547456 0
0.986309 0.544193 0
0.993729 0.54085 0
0.994144 0.525954 0
0.990303 0.504915 0
1 0.482828 0
0.993996 0.460176 0
0.984157 0.428642 0
0.97353 0.417806 1
0.970721 0.396995 0
0.968449 0.382418 0
0.960731 0.356947 0
0.956524 0.327369 0
0.944277 0.30175 0
0.924568 0.279135 0
0.909132 0.257426 0
0.89477 0.231694 0
0.880841 0.220701 0
0.865472 0.200454 0
0.857858 0.201568 0
0.822287 0.178356 0
0.801401 0.161228 0
0.777302 0.130415 0
0.747834 0.129585 0
0.726788 0.110536 1
0.711485 0.0957953 0
0.691263 0.0870525 0
0.666694 0.0747547 0
0.653956 0.0654144 0
0.630443 0.0611469 0
0.617598 0.0686616 0
0.609968 0.0823716 0
0.576535 0.104459 0
0.55907 0.122593 0
0.53765 0.139467 0
0.513325 0.134566 0
0.472792 0.112747 0
0.450024 0.0994807 0
0.427938 0.0863216 0
0.41687 0.0894276 0
0.395192 0.0804526 0
0.381853 0.0811695 0
0.371353 0.0793891 0
0.356654 0.0942537 0
0.330105 0.120705 0
0.297173 0.114433 0
0.277705 0.118348 0
0.254675 0.123647 0
0.24074 0.136818 0
0.237486 0.171697 0
0.216336 0.170209 0
0.19452 0.186301 0
0.175574 0.198126 1
0.163843 0.208933 0
0.153368 0.220327 0
0.148453 0.24938 0
0.135557 0.267252 0
0.11966 0.269933 0
0.107679 0.284069 0
0.0823934 0.321467 0
0.0740858 0.344884 0
0.0436346 0.366314 0
0.032958 0.393496 0
0.0689845 0.467748 0
0.0574741 0.492794 0
0.0529904 0.513269 0
0.0537736 0.533679 0
0.0526197 0.542094 0
0.0453014 0.550874 0
0.0501008 0.563671 0
0.0530648 0.569211 0
0.060482 0.581502 0
0.0605894 0.584001 0
0.0647376 0.588819 0
0.0692327 0.593273 1
0.0688855 0.60894 0
0.0709635 0.60993 0
0.0733881 0.622014 0
0.0779917 0.638462 0
0.0918524 0.668584 0
0.103571 0.685749 0
0.118007 0.708058 0
0.135394 0.717672 0
0.145777 0.743356 0
0.163667 0.753864 0
0.177734 0.751558 0
0.188662 0.775167 1
0.213031 0.795281 0
0.24647 0.831823 0
0.26109 0.860667 0
0.283946 0.88533 0
0.297483 0.914244 0
0.326225 0.917379 0
0.34161 0.949367 0
0.357767 0.959128 0
0.389245 0.983186 0
0.408207 0.986323 0
0.432663 0.983062 0
0.446688 0.97334 0
0.462378 0.973738 0
0.478853 0.960982 0
0.506413 0.975294 0
0.520685 0.959353 0
0.554528 0.973998 0
0.579429 0.954943 0
0.621381 0.958135 0
0.665382 0.909875 0
0.666565 0.886156 0
0.676308 0.884128 0
0.681942 0.885056 0
0.689362 0.881308 1
0.711583 0.864064 0
0.733845 0.861798 0
0.749388 0.84908 0
0.750985 0.827478 0
0.766075 0.800276 0
0.782174 0.779545 0
0.79052 0.74597 0
0.80554 0.723525 0
0.820147 0.70066 0
0.850269 0.686463 0
0.87123 0.682013 0
0.89087 0.669599 0
0.893071 0.648538 0
0.916488 0.643334 1
0.939771 0.636004 0
0.93443 0.612074 0
0.946717 0.599492 0
0.963644 0.589244 0
0.966619 0.55827 0
0.981746 0.54529 0
0.981245 0.531465 0
0.976327 0.505369 0
0.983474 0.495098 0
0.984489 0.484675 0
0.983901 0.470026 0
0.987394 0.457904 0
0.979997 0.440798 0
0.964105 0.388734 0
0.948975 0.363234 0
0.953801 0.353569 0
0.951116 0.328566 0
0.943557 0.309495 0
0.94553 0.289279 0
0.915099 0.263535 0
0.914135 0.233134 0
0.848109 0.191672 0
0.815344 0.180001 0
0.785639 0.150736 0
0.775835 0.108619 0
0.722303 0.13826 0
0.715873 0.0489004 0
0.696112 0.0366032 0
0.687283 0.0408071 0
0.652459 0.0328068 0
0.632046 0.0412284 0
0.608271 0.0397629 0
0.589396 0.0481952 0
0.581133 0.0300596 0
0.568069 0.023214 0
0.552477 0.033813 0
0.540026 0.0416061 0
0.529386 0.0512358 1
0.507358 0.0421667 0
0.489148 0.0488505 0
0.465979 0.0383414 0
0.461333 0.0508491 0
0.444226 0.0467207 0
0.429055 0.0450121 0
0.398737 0.0263005 0
0.376939 0.0357586 0
0.332404 0 0
0.354491 0.0972585 0
0.333378 0.126415 0
0.284409 0.127815 0
0.246695 0.0990347 0
0.23434 0.122449 0
0.235365 0.157871 0
0.214471 0.165532 0
0.198648 0.16974 0
0.181557 0.203266 0
0.166656 0.214582 0
0.144948 0.227609 0
0.132944 0.250129 0
0.114067 0.270332 0
0.110223 0.292661 0
0.0950518 0.309059 1
0.0782115 0.335328 0
0.0850393 0.361942 0
0.0730432 0.388076 0
0.0596735 0.409776 0
0.0491685 0.428565 0
0.0411851 0.437368 1
0.0305222 0.437683 0
0.0238631 0.453949 0
0.0189702 0.475049 0
0.0167921 0.508008 0
0.0180859 0.51662 0
0 0.516358 0
0.0887093 0.579301 0
