0.800021 0.180418 0
0.827436 0.175983 0
0.850067 0.19476 1
0.871935 0.235183 0
0.892214 0.26413 0
0.899645 0.301231 0
0.914154 0.342956 1
0.921393 0.392406 0
0.932781 0.439344 0
0.945526 0.440006 0
0.944088 0.42064 0
0.93734 0.441716 0
0.944143 0.452999 0
0.955626 0.445062 0
0.958909 0.452233 0
0.948897 0.471025 0
0.942413 0.484224 0
0.950089 0.499559 0
0.953867 0.500755 0
0.965991 0.500441 0
0.963036 0.519501 0
0.937036 0.543422 0
0.921666 0.538255 0
0.903157 0.554946 0
0.880108 0.57983 0
0.870899 0.603286 0
0.860155 0.622064 0
0.844252 0.637411 0
0.824073 0.655321 0
0.802943 0.684216 0
0.773255 0.712038 0
0.747036 0.734716 0
0.716465 0.745405 0
0.684734 0.762016 0
0.659061 0.787855 0
0.636201 0.800843 0
0.610252 0.809565 0
0.584606 0.828015 0
0.564857 0.832141 0
0.546729 0.829271 0
0.530177 0.829411 0
0.508654 0.834522 0
0.487328 0.833214 0
0.462177 0.841869 0
0.436206 0.845677 0
0.413923 0.838942 0
0.393626 0.838181 0
0.373131 0.836992 0
0.353514 0.820971 0
0.334573 0.803368 0
0.312793 0.800128 0
0.286994 0.793901 0
0.261026 0.773847 0
0.240346 0.750623 0
0.221863 0.732221 0
0.20257 0.707963 0
0.18119 0.6793 0
0.159286 0.650764 0
0.138053 0.617735 0
0.118031 0.577133 0
0.102243 0.530712 0
0.0900558 0.494022 0
0.0804173 0.46338 0
0.0679287 0.453744 0
0.0569432 0.435977 0
0.0493703 0.415 0
0.044902 0.41299 0
0.0398843 0.408985 0
0.0444735 0.406536 0
0.03751 0.392693 0
0.0386803 0.379895 0
0.039489 0.354078 0
0.0477637 0.329373 0
0.0555263 0.312298 0
0.0567294 0.311446 0
0.0562559 0.314247 0
0.0589348 0.311912 0
0.0649185 0.303179 0
0.081 0.290502 0
0.101434 0.281297 0
0.118204 0.259753 0
0.129358 0.239713 0
0.141947 0.229337 0
0.168331 0.199812 0
0.192904 0.1679 0
0.207083 0.151317 0
0.229096 0.12238 0
0.279445 0.0570569 0
0.279854 0.065986 0
0.297378 0.0596141 0
0.323678 0.0519566 0
0.342314 0.0524223 0
0.351747 0.0612689 0
0.368411 0.0737888 0
0.378094 0.077405 0
0.390576 0.0708806 0
0.408416 0.0654235 0
0.440184 0.0483556 0
0.475596 0.0353489 0
0.496762 0.042125 0
0.521346 0.0506182 0
0.549056 0.0511873 0
0.573082 0.059928 0
0.599828 0.0700693 0
0.630353 0.071723 0
0.657106 0.0710151 0
0.681385 0.0799695 0
0.70774 0.0842713 0
0.733368 0.0851362 1
0.751345 0.106012 0
0.768447 0.135078 0
0.787023 0.148474 0
0.805541 0.160359 0
0.827344 0.173047 0
0.849801 0.1904 0
0.872578 0.21852 0
0.895433 0.260275 0
0.901046 0.296825 0
0.910945 0.321751 0
0.922242 0.347086 0
0.932715 0.364656 0
0.940037 0.38387 0
0.939756 0.428088 0
0.958015 0.431417 0
0.961261 0.424271 0
0.967484 0.434422 0
0.979652 0.441419 0
0.979846 0.44884 0
0.974225 0.462194 0
0.959468 0.497136 0
0.928335 0.528054 0
0.903584 0.539423 0
0.893575 0.563332 0
0.884956 0.575282 0
0.870668 0.599924 0
0.85227 0.629985 0
0.834087 0.668367 1
0.822561 0.666287 0
0.800894 0.671501 0
0.76699 0.682954 0
0.731709 0.695154 0
0.703194 0.705918 0
0.669052 0.725767 0
0.633007 0.757958 0
0.608191 0.773433 0
0.58912 0.787958 0
0.570074 0.795625 0
0.548214 0.80639 0
0.523334 0.822165 0
0.495135 0.833831 0
0.470958 0.842991 1
0.45235 0.825043 0
0.414199 0.839638 0
0.384396 0.824121 0
0.355419 0.812115 0
0.329512 0.804422 0
0.303356 0.801321 0
0.279371 0.793141 0
0.259186 0.774039 1
0.233094 0.749827 0
0.208781 0.725609 0
0.190628 0.707984 0
0.168836 0.68735 0
0.150849 0.674722 0
0.132263 0.656013 0
0.114698 0.628718 0
0.0959941 0.616983 1
0.0846485 0.569039 0
0.0815638 0.514954 0
0.0598186 0.507072 0
0.046321 0.487679 0
0.0378537 0.463872 0
0.0342397 0.454561 0
0.0312291 0.436595 0
0.0299634 0.413171 0
0.0309231 0.402045 0
0.0310352 0.393078 0
0.0305013 0.39118 0
0.028997 0.384736 0
0.0295911 0.376069 0
0.0340882 0.365254 0
0.0386932 0.353393 0
0.0456641 0.318419 0
0.0534521 0.29306 0
0.0548971 0.290243 1
0.0563091 0.305893 0
0.0719948 0.290286 0
0.0960329 0.254034 0
0.118968 0.223029 0
0.132256 0.203219 0
0.154432 0.159448 1
0.177347 0.14579 0
0.205699 0.119356 0
0.240828 0.0674777 0
0.252567 0.0511366 0
0.263118 0.047878 0
0.273866 0.0489398 0
0.29497 0.0357346 0
0.312518 0.0205797 1
0.32265 0.0329885 0
0.33646 0.044367 0
0.359677 0.039706 0
0.376286 0.0394858 0
0.383951 0.0449692 0
0.411451 0.0292726 0
0.439439 0.0120235 0
0.469438 0 1
0.490986 0.00832099 0
0.504647 0.015353 0
0.530776 0.0180452 0
0.566049 0.0194576 0
0.588947 0.0387592 0
0.608716 0.0562867 0
0.632249 0.0651356 0
0.661034 0.068514 0
0.706638 0.0589425 0
0.738105 0.0645492 0
0.757146 0.0791044 0
0.771932 0.0895542 0
0.79807 0.116722 0
0.809096 0.149839 0
0.815355 0.193047 0
0.843887 0.211302 1
0.868863 0.22374 0
0.890734 0.239762 0
0.910943 0.27178 0
0.91959 0.293937 0
0.926262 0.316688 0
0.939243 0.336102 0
0.953149 0.356179 0
0.973876 0.365858 0
0.986896 0.375205 0
0.98811 0.381017 0
0.992213 0.378199 0
0.995534 0.384985 0
1 0.413655 0
0.996738 0.42291 0
0.988984 0.419558 0
0.986975 0.418959 0
0.952922 0.441012 0
0.916553 0.4872 0
0.900956 0.52404 0
0.878021 0.554586 0
0.857592 0.596234 0
0.851518 0.616253 0
0.847444 0.63254 0
0.835131 0.650311 0
0.811407 0.679294 0
0.792394 0.711591 0
0.778733 0.731269 0
0.756039 0.739042 0
0.723014 0.764534 0
0.689623 0.790548 1
0.668928 0.807203 0
0.652935 0.810856 0
0.640749 0.80851 0
0.625333 0.813975 0
0.608516 0.816328 0
0.587559 0.825954 0
0.564203 0.835756 0
0.534453 0.844626 0
0.504234 0.85267 0
0.476555 0.856473 0
0.44479 0.865208 0
0.422443 0.857941 0
0.392817 0.862452 0
0.375027 0.85728 0
0.342171 0.836065 0
0.302171 0.811185 0
0.27335 0.793098 0
0.250302 0.771316 0
0.230399 0.760785 0
0.205065 0.765596 0
0.171215 0.742034 0
0.168449 0.70756 0
0.134696 0.662991 0
0.112709 0.64233 0
0.089456 0.632565 0
0.0744224 0.592536 0
0.0686336 0.549175 0
0.0555021 0.512368 0
0.0571061 0.487912 0
0.0367548 0.464375 0
0.0379131 0.46877 0
0.0289753 0.466089 0
0.0275022 0.457841 0
0 0.433964 1
0.0130863 0.431894 0
0.0236552 0.427941 0
0.0537557 0.453956 0
0.028096 0.400792 0
0.0350944 0.379014 0
0.0369528 0.377732 0
0.0410296 0.386154 0
0.045736 0.370702 0
0.0580035 0.350893 0
