0.974373 0.677648 0
0.966421 0.705261 0
0.952232 0.746142 0
0.940354 0.768101 0
0.926216 0.78844 0
0.906792 0.80181 0
0.893929 0.808792 0
0.881292 0.796846 0
0.863735 0.775124 0
0.849911 0.771785 0
0.841281 0.796843 1
0.805152 0.808433 0
0.764651 0.828309 0
0.7153 0.83665 0
0.665958 0.85142 0
0.623867 0.871123 0
0.586043 0.899332 0
0.548198 0.927794 0
0.519978 0.965952 1
0.502634 0.979231 0
0.461799 0.935856 0
0.430617 0.928874 0
0.395176 0.906997 0
0.367426 0.901353 0
0.337549 0.888691 0
0.311428 0.878555 0
0.284151 0.863662 0
0.252098 0.843227 0
0.220666 0.823216 0
0.191431 0.807996 0
0.162983 0.799266 0
0.142974 0.811354 0
0.123708 0.819171 0
0.102978 0.81149 0
0.0809941 0.794783 0
0.0601046 0.772172 0
0.0485588 0.764109 0
0.0353098 0.740444 0
0.0370218 0.727574 0
0.0399344 0.692504 0
0.0326052 0.646405 0
0.0306735 0.60076 0
0.0288177 0.562819 0
0.0195622 0.522422 0
0.0239507 0.477569 0
0.0254492 0.431795 0
0.0319901 0.394324 0
0.0335486 0.363185 0
0.0407644 0.331532 0
0.044769 0.291492 0
0.0253309 0.237584 1
0.0409515 0.244107 0
0.0685098 0.237944 0
0.0739858 0.235861 0
0.0669886 0.232296 0
0.0664348 0.224397 0
0.079198 0.208099 0
0.0956636 0.181695 0
0.117591 0.154028 0
0.145087 0.129253 0
0.185875 0.11386 0
0.222435 0.0902621 0
0.2607 0.0701876 0
0.30179 0.0563312 0
0.363196 0.0167193 0
0.404198 0.0059796 0
0.460565 0 1
0.505061 0.0273345 0
0.559889 0.0677201 0
0.607478 0.102102 0
0.626404 0.132274 0
0.640673 0.164393 0
0.669071 0.195153 0
0.701306 0.21811 0
0.729188 0.218657 0
0.75941 0.20303 0
0.787574 0.193574 0
0.815767 0.203684 0
0.822108 0.185464 0
0.837167 0.190261 0
0.832347 0.225852 0
0.85761 0.207456 0
0.874242 0.200075 1
0.894977 0.249083 0
0.903891 0.316965 0
0.914058 0.395868 0
0.926466 0.468314 0
0.946972 0.536975 0
0.974761 0.610173 0
1 0.661017 0
0.997145 0.70037 0
0.981855 0.733771 0
0.950806 0.750182 0
0.920349 0.759176 0
0.88973 0.763205 0
0.871057 0.778457 0
0.87419 0.773168 0
0.870443 0.7707 0
0.865312 0.774064 0
0.854572 0.779487 0
0.835402 0.795993 0
0.801922 0.802738 0
0.766886 0.811173 0
0.734856 0.829864 0
0.68954 0.845913 0
0.64501 0.857665 0
0.611131 0.874918 0
0.591291 0.869187 0
0.535003 0.882122 0
0.508998 0.914245 0
0.4909 0.926686 0
0.457971 0.930205 0
0.412866 0.917496 0
0.372213 0.881688 0
0.33988 0.851316 0
0.316407 0.833951 0
0.302818 0.819508 0
0.280869 0.803576 0
0.252991 0.790136 0
0.236306 0.768123 0
0.197316 0.762984 0
0.158597 0.764334 0
0.123518 0.756616 0
0.0883679 0.745601 0
0.0626234 0.738725 0
0.0380486 0.72535 0
0.00552525 0.723992 1
0 0.697857 0
0.00107327 0.673275 0
0.0181112 0.646572 0
0.0235368 0.572094 0
0.0460242 0.532077 0
0.0540216 0.470988 0
0.0587494 0.426596 0
0.0579051 0.399974 0
0.0687131 0.372592 0
0.0946574 0.353162 0
0.126173 0.318496 0
