0.866834 0.0339987 1
0.866982 0.0345769 0
0.866982 0.0345769 0
0.866982 0.0345769 0
0.962822 0.296954 0
0.951459 0.277518 0
0.930713 0.265332 0
0.922303 0.242455 0
0.92231 0.239927 0
0.915812 0.239502 0
0.899646 0.239931 0
0.882912 0.239467 0
0.869279 0.22047 0
0.845005 0.199745 0
0.809722 0.18803 0
0.769416 0.170666 0
0.717183 0.157581 0
0.671317 0.146734 0
0.633167 0.132882 0
0.610828 0.115813 0
0.592913 0.104768 0
0.575699 0.0919261 0
0.559773 0.0787846 0
0.532005 0.0612442 0
0.49007 0.0398559 0
0.431818 0.0178817 0
0.37889 0 1
0.353203 0.0133888 0
0.330359 0.0322881 0
0.302134 0.0543318 0
0.277309 0.0719889 0
0.255825 0.0925927 0
0.233043 0.10552 0
0.20678 0.1118 0
0.179244 0.125486 0
0.151012 0.136095 0
0.124186 0.142669 1
0.108583 0.169949 0
0.0955354 0.195223 0
0.0841522 0.213795 0
0.0693938 0.244242 0
0.0565452 0.281079 0
0.0525318 0.317699 0
0.0453209 0.352024 0
0.029386 0.386311 0
0.0169713 0.426727 0
0.00933084 0.459363 0
0.0063071 0.486178 0
0 0.529741 1
0.0167805 0.548746 0
0.0323664 0.56411 0
0.0554729 0.57936 0
0.0629368 0.578543 0
0.0699758 0.589426 0
0.0739553 0.599164 0
0.0761885 0.606076 0
0.0799351 0.6025 0
0.0868752 0.602269 0
0.100504 0.60714 0
0.118541 0.614258 0
0.131031 0.633656 0
0.151317 0.668462 0
0.183369 0.70334 0
0.204856 0.7156 0
0.222482 0.712385 0
0.251645 0.754392 0
0.279925 0.788166 0
0.311368 0.814639 0
0.344872 0.839687 1
0.382282 0.824912 0
0.432595 0.800413 0
0.504331 0.761911 0
0.586749 0.747596 0
0.631764 0.733716 0
0.653804 0.718576 0
0.680237 0.701199 0
0.706841 0.680511 0
0.736226 0.664971 0
0.771452 0.655584 0
0.796481 0.637501 0
0.828147 0.62368 0
0.854819 0.613016 0
0.874733 0.602061 0
0.889605 0.591066 0
0.90217 0.58302 0
0.91019 0.571435 0
0.917616 0.555134 0
0.931231 0.528958 0
0.941287 0.500836 0
0.946861 0.469775 0
0.966017 0.439172 0
0.992094 0.410798 0
1 0.385978 0
0.984235 0.360564 0
0.981385 0.334844 0
0.979647 0.309136 0
0.979003 0.285064 0
0.961204 0.264788 0
0.943708 0.252604 0
0.947269 0.261815 0
0.946157 0.265831 0
0.929135 0.257149 0
0.928098 0.25292 0
0.88745 0.234294 0
0.858823 0.213063 0
0.831354 0.193606 0
0.802744 0.174165 1
0.746884 0.156422 0
0.688706 0.145616 0
0.63426 0.136313 0
0.594829 0.119617 0
0.568572 0.11019 0
0.542075 0.100369 0
0.51061 0.0882327 0
0.478949 0.0784315 0
0.450531 0.0805174 0
0.401191 0.0608767 0
0.351385 0.062978 0
0.322109 0.0826152 0
0.298927 0.095153 0
0.272371 0.118381 0
0.249553 0.138217 0
0.227446 0.157307 0
0.200241 0.172457 0
0.173958 0.187319 0
0.153772 0.196406 0
0.135393 0.202154 0
0.116289 0.220533 0
0.0980595 0.246468 0
0.0867816 0.271582 0
0.0765027 0.287483 0
0.0634171 0.306759 0
