0.948912 0.510246 0
0.95011 0.507432 0
0.950216 0.507256 0
0.950254 0.507178 0
0.950208 0.507322 0
0.95027 0.507233 0
0.95028 0.507175 0
0.950292 0.507181 0
0.950267 0.507262 0
0.950279 0.507291 0
0.950259 0.507302 0
0.950267 0.507196 0
0.950286 0.507175 0
0.950287 0.507174 0
0.950287 0.507175 0
0.950284 0.507205 0
0.950282 0.507181 0
0.950287 0.507175 0
0.950287 0.507174 0
0.950287 0.507174 0
0.950287 0.507174 0
0.950287 0.507174 0
0.950287 0.507174 0
0.950287 0.507174 0
0.950287 0.507174 0
0.950287 0.507174 0
0.950287 0.507174 0
0.950287 0.507174 0
0.950287 0.507174 1
0.950301 0.507203 0
0.950247 0.507241 0
0.950273 0.507184 0
0.950169 0.507208 0
0.950266 0.507173 0
0.950224 0.507163 0
0.949748 0.507205 0
0.949623 0.507099 0
0.949063 0.507351 0
0.949318 0.50729 0
0.949489 0.507167 0
0.949262 0.507487 0
0.948723 0.507512 0
0.948948 0.507278 0
0.950016 0.506 0
0.950072 0.506312 0
0.949771 0.505302 0
0.949635 0.505193 0
0.949721 0.505012 0
0.949912 0.504807 0
0.950173 0.505258 0
0.948885 0.50459 0
0.949002 0.504764 0
0.949753 0.50344 0
0.949134 0.501803 0
0.949561 0.501268 0
0.949519 0.500838 0
0.949065 0.502233 0
0.948474 0.49945 0
0.949217 0.497953 0
0.949167 0.497548 0
0.949309 0.497766 0
0.949238 0.496375 0
0.950064 0.495251 0
0.950507 0.494955 0
0.950516 0.495288 0
0.951125 0.494372 0
0.9516 0.493002 0
0.952356 0.489535 0
0.954766 0.487788 0
0.956006 0.485135 0
0.962721 0.478351 0
0.966896 0.475913 0
0.963364 0.479353 0
0.963828 0.478415 0
0.968259 0.475087 0
0.970566 0.472546 0
0.971552 0.472295 1
0.972675 0.471116 0
0.973187 0.469435 0
0.973574 0.468546 0
0.974445 0.466594 0
0.975772 0.464735 0
0.97728 0.462682 0
0.978701 0.460278 0
0.978518 0.458405 0
0.978531 0.457122 0
0.978752 0.455869 0
0.979968 0.452369 0
0.981176 0.450591 0
0.981765 0.450322 0
0.982834 0.44758 0
0.983628 0.44519 0
0.983609 0.443571 0
0.984303 0.44303 0
0.984024 0.440832 0
0.984546 0.439522 0
0.984942 0.438037 0
0.985919 0.437788 0
0.98885 0.437708 0
0.991303 0.437276 0
0.99146 0.435801 0
0.991864 0.434836 0
0.994304 0.434082 0
0.996483 0.432807 0
0.994947 0.432075 0
0.994345 0.431156 0
0.993514 0.429697 0
0.995944 0.428093 0
0.996819 0.427525 0
0.996985 0.426406 0
0.99624 0.425564 0
0.995478 0.424638 0
0.996286 0.425068 0
0.996571 0.425007 0
0.996214 0.424759 0
1 0.422665 0
0.998309 0.422635 0
0.997238 0.422389 0
0.996327 0.422886 0
0.995794 0.423757 0
0.994465 0.423741 0
0.99379 0.423982 0
0.993803 0.423935 0
0.994367 0.423479 0
0.993932 0.42403 0
0.9944 0.423606 0
0.994386 0.423737 0
0.994396 0.423776 0
0.994446 0.423763 0
0.99444 0.423846 0
0.994471 0.423842 0
0.994177 0.424371 0
0.994265 0.424538 0
0.993348 0.425506 0
0.993008 0.425233 0
0.99362 0.424319 0
0.993738 0.424069 1
0.994066 0.424952 0
0.993519 0.425292 0
0.992713 0.425541 0
0.992503 0.426361 0
0.991997 0.42704 0
0.990988 0.427329 0
0.990495 0.426535 0
0.99036 0.427631 0
0.98962 0.429463 0
0.988357 0.429088 0
0.987025 0.429587 0
0.98737 0.430464 0
0.986631 0.430151 0
0.986526 0.431103 0
0.986211 0.431543 0
0.986092 0.432001 0
0.985393 0.43229 0
0.984493 0.433048 0
0.983686 0.434252 0
0.983612 0.434786 0
0.984421 0.43509 0
0.983142 0.435591 0
0.982309 0.435298 0
0.982441 0.435296 0
0.981888 0.437302 0
0.982437 0.438934 0
0.983046 0.440628 0
0.982796 0.441311 0
0.981013 0.442089 0
0.981662 0.442701 0
0.982489 0.443277 0
0.982346 0.444659 0
0.982285 0.445388 0
0.982979 0.445816 0
0.982856 0.446159 0
0.98228 0.447695 0
0.981255 0.448374 0
0.97958 0.44929 0
0.978712 0.449765 0
0.975954 0.450739 0
0.965475 0.453575 0
0.965555 0.501756 0
0.966817 0.504853 0
0.966089 0.505566 0
0.967324 0.505387 0
0.970117 0.500631 0
0.970754 0.495338 0
0.965341 0.504721 0
0.965471 0.505369 0
0.964562 0.506184 0
0.964209 0.506523 0
0.964589 0.505892 0
0.965569 0.504931 0
0.967054 0.499099 0
0.967427 0.498229 0
0.966385 0.501522 0
0.962815 0.507397 0
0.963423 0.506489 0
0.96191 0.508326 0
0.961718 0.50799 0
0.961488 0.508775 0
0.96163 0.508836 0
0.963282 0.506507 0
0.962548 0.507512 0
0.962326 0.508199 0
0.961885 0.509192 0
0.962221 0.508717 0
0.96273 0.508345 0
0.962499 0.509569 0
0.961688 0.510974 0
0.962271 0.509899 0
0.962843 0.509421 0
0.962765 0.510389 0
0.962751 0.510579 0
0.962527 0.510909 0
0.962571 0.511075 1
0.962589 0.511159 0
0.962577 0.511124 0
0.963225 0.511402 0
0.962708 0.511072 0
0.962926 0.511339 0
0.962598 0.511783 0
0.962536 0.511721 0
0.963571 0.512505 0
0.963264 0.513223 0
0.963052 0.513508 0
0.963624 0.513979 0
0.964407 0.514867 0
0.965157 0.516805 0
0.966382 0.517462 0
0.967722 0.51913 0
0.968768 0.52151 0
0.968832 0.523148 0
0.969237 0.524794 0
0.968017 0.522415 0
0.969428 0.526205 0
0.969413 0.527353 0
0.97003 0.530498 0
0.970585 0.532066 0
0.970584 0.532577 0
0.970274 0.533418 0
0.969951 0.53387 0
0.969117 0.5351 0
0.967649 0.53665 0
0.96696 0.538357 0
0.966411 0.541097 0
0.965709 0.54313 0
0.965405 0.544959 0
0.96679 0.546244 0
0.952967 0.5607 0
0.940458 0.567293 0
0.931212 0.571498 0
0.926156 0.574986 0
0.925893 0.574948 0
0.923498 0.575841 0
0.921589 0.577157 0
0.919905 0.57966 0
0.917505 0.580316 0
0.917474 0.57992 0
0.915002 0.581645 0
0.913455 0.581066 0
0.911056 0.584082 0
0.911276 0.584107 0
0.911112 0.584416 1
0.91085 0.584432 0
0.911039 0.584494 0
0.911114 0.584419 0
0.911108 0.584421 0
0.911131 0.584449 0
0.911111 0.584418 0
0.911112 0.584416 0
0.911112 0.584417 0
0.911112 0.584416 0
0.911114 0.584418 0
0.911112 0.584417 0
0.911112 0.584419 0
0.911125 0.584429 0
0.911118 0.584473 0
0.911327 0.584668 0
0.912303 0.58631 0
0.912179 0.586327 0
0.911968 0.585794 0
0.912593 0.586091 0
0.911565 0.591186 0
0.945206 0.592553 0
0.778092 0.699956 0
0.771611 0.70742 0
0.770018 0.708349 0
0.770452 0.708156 0
0.76962 0.709276 0
0.768503 0.709389 0
0.768399 0.709771 0
0.768426 0.709773 0
0.767673 0.70982 0
0.76701 0.710093 0
0.766725 0.710189 1
0.766561 0.710213 0
0.766321 0.710289 0
0.766119 0.710317 0
0.766112 0.710096 0
0.766195 0.710091 0
0.768534 0.711473 0
0.778104 0.703188 0
0.707646 0.774951 0
0.697692 0.775154 0
0.695707 0.775763 0
0.695264 0.775437 0
0.694715 0.776084 0
0.693911 0.776257 0
0.693694 0.775762 0
0.693663 0.775448 0
0.69352 0.775523 0
0.693274 0.775385 0
0.693043 0.775007 0
0.692561 0.775792 0
0.691682 0.77712 0
0.691076 0.777951 0
0.690108 0.779911 0
0.689417 0.780094 0
0.68864 0.780653 0
0.688077 0.780758 0
0.688003 0.781266 0
0.687474 0.781723 0
0.687161 0.781984 0
0.68699 0.781888 0
0.68627 0.781804 0
0.685471 0.781727 0
0.684748 0.782244 0
0.68478 0.782788 0
0.684611 0.783155 1
0.684599 0.783174 0
0.684814 0.783251 0
0.684878 0.783174 0
0.684727 0.783242 0
0.684923 0.7833 0
0.685132 0.78347 0
0.685454 0.78372 0
0.685851 0.783959 0
0.686234 0.784101 0
0.686793 0.784218 0
0.687209 0.784505 0
0.687612 0.784877 0
0.688066 0.785077 0
0.688693 0.785048 0
0.689302 0.785527 0
0.689677 0.786797 0
0.691716 0.786195 0
0.692491 0.786221 0
0.692869 0.786972 0
0.693593 0.788323 0
0.694721 0.789703 0
0.69632 0.791228 0
0.69781 0.794886 0
0.698987 0.797811 0
0.698458 0.800171 0
0.698639 0.80193 0
0.700236 0.802077 0
0.697949 0.80324 1
0.698215 0.804342 0
0.698556 0.805624 0
0.698907 0.806271 0
0.699265 0.807361 0
0.699698 0.808842 0
0.699271 0.809593 0
0.69884 0.81281 0
0.701561 0.812822 0
0.699164 0.84991 0
0.760056 0.666796 0
0.771614 0.664944 0
0.771442 0.663494 0
0.772779 0.660638 0
0.776978 0.65661 0
0.778638 0.6539 0
0.77842 0.652133 0
0.779564 0.64782 0
0.776332 0.645881 0
0.778888 0.641069 0
0.780697 0.639885 0
0.782236 0.637665 0
0.784896 0.636961 0
0.787728 0.635554 0
0.790446 0.636093 0
0.79205 0.634546 0
0.794377 0.635181 0
0.796549 0.635896 0
0.799089 0.636513 0
0.800014 0.636798 0
0.801233 0.63662 0
0.801483 0.635941 0
0.801464 0.635296 0
0.801412 0.634981 0
0.80126 0.634755 1
0.800774 0.634294 0
0.80014 0.63369 0
0.799185 0.632976 0
0.797797 0.630512 0
0.797917 0.629301 0
0.797907 0.628539 0
0.797505 0.62821 0
0.796911 0.627307 0
0.795743 0.62577 0
0.795553 0.625399 0
0.795149 0.624676 0
0.795493 0.624233 0
0.795598 0.623904 0
0.795664 0.623645 0
0.79619 0.623938 0
0.795643 0.624205 0
0.79435 0.623829 0
0.793171 0.624533 0
0.793383 0.622281 0
0.793462 0.622582 0
0.792936 0.623904 0
0.792 0.623615 0
0.790272 0.623187 0
0.789191 0.622777 0
0.786908 0.622181 0
0.785971 0.622075 0
0.786035 0.621648 0
0.786147 0.621829 0
0.787012 0.62051 0
0.787737 0.622647 0
0.78544 0.621621 0
0.784643 0.619858 0
0.784056 0.619196 0
0.784545 0.618579 0
0.784743 0.618108 0
0.784842 0.616858 0
0.782487 0.616025 0
0.781188 0.615636 0
0.7818 0.611875 0
0.780995 0.644552 0
0.780042 0.646923 0
0.780434 0.648653 0
0.779557 0.649933 0
0.779023 0.651937 0
0.779105 0.65294 0
0.771174 0.659456 0
0.737675 0.711773 0
0.729753 0.724618 0
0.732855 0.720337 0
0.732304 0.723201 0
0.733206 0.72367 0
0.733788 0.725573 0
0.735974 0.724375 0
0.737152 0.724607 0
0.738969 0.724865 0
0.740488 0.724363 0
0.741131 0.72514 0
0.742504 0.724745 0
0.743566 0.725102 0
0.745102 0.724728 1
0.745108 0.724732 0
0.745166 0.724716 0
0.745376 0.725194 0
0.746056 0.726003 0
0.746621 0.726973 0
0.747043 0.728421 0
0.747654 0.729091 0
0.747963 0.730086 0
0.748471 0.730407 0
0.748756 0.731359 0
0.748962 0.732914 0
0.749846 0.734317 0
0.750525 0.735393 0
0.750639 0.734511 0
0.749649 0.734523 0
0.749379 0.733251 0
0.750179 0.731799 0
0.748777 0.729284 0
0.751388 0.728216 0
0.75128 0.731337 0
0.750388 0.730325 0
0.752088 0.727313 0
0.7516 0.731466 0
0.753745 0.733575 0
0.758458 0.738652 0
0.763263 0.74163 0
0.761801 0.745913 0
0.768872 0.759491 0
0.739876 0.762152 0
0.836439 0.558159 0
0.853485 0.568127 0
0.851459 0.567062 0
0.852129 0.566868 0
0.850726 0.566365 0
0.848358 0.56849 0
0.845302 0.564528 0
0.844995 0.563661 0
0.843847 0.565202 0
0.842552 0.566785 0
0.841068 0.563533 0
0.838817 0.5659 0
0.837656 0.567683 0
0.836918 0.566663 0
0.836243 0.565658 0
0.837814 0.563392 0
0.837163 0.563469 0
0.835886 0.562881 0
0.83324 0.565224 0
0.831822 0.564904 0
0.833663 0.563909 0
0.833512 0.563339 0
0.832478 0.5631 0
0.831649 0.5622 0
0.831498 0.561288 0
0.830897 0.560677 0
0.830923 0.560339 1
0.830923 0.560339 0
0.830923 0.560341 0
0.830962 0.560285 0
0.830922 0.560342 0
0.830924 0.560339 0
0.830923 0.560339 0
0.830923 0.560339 0
0.830923 0.560339 0
0.830925 0.560341 0
0.830937 0.560349 0
0.830987 0.560371 0
0.831264 0.560621 0
0.831514 0.560993 0
0.831597 0.561555 0
0.831914 0.56197 0
0.831948 0.561824 0
0.832162 0.561928 0
0.832221 0.563424 0
0.83229 0.563803 0
0.832919 0.564492 0
0.832694 0.56552 0
0.832358 0.566309 0
0.831781 0.566479 0
0.831575 0.566822 0
0.829052 0.56969 0
0.823147 0.668707 0
0.829792 0.663022 0
0.797437 0.672611 0
0.795369 0.671641 0
0.792634 0.673878 0
0.78817 0.674305 0
0.794012 0.688381 0
0.592962 0.829287 0
0.602395 0.818521 0
0.602128 0.819635 0
0.600737 0.819705 0
0.60091 0.816426 0
0.606365 0.814 0
0.605607 0.815163 0
0.604324 0.815024 0
0.603981 0.814846 0
0.602986 0.815302 0
0.603439 0.814666 0
0.601611 0.814969 0
0.600602 0.814576 0
0.597911 0.814237 0
0.596598 0.814502 0
0.595842 0.814606 0
0.596078 0.81489 0
0.594864 0.814498 0
0.595199 0.814623 0
0.594426 0.81431 1
0.588667 0.813689 0
0.587676 0.814426 0
0.586208 0.812628 0
0.578948 0.810648 0
0.573885 0.805417 0
0.567582 0.804494 0
0.561009 0.805088 0
0.553544 0.803523 0
0.541529 0.799621 0
0.534778 0.797738 0
0.527181 0.796502 0
0.519132 0.791323 0
0.491069 0.770346 0
0.452772 0.632528 0
0.43747 0.612263 0
0.425212 0.598315 0
0.4221 0.600801 0
0.415381 0.60012 0
0.407912 0.598628 0
0.400447 0.60035 0
0.387276 0.609436 0
0.379212 0.618665 0
0.363682 0.627474 0
0.356734 0.618371 0
0.348657 0.613141 0
0.33774 0.603273 0
0.321096 0.607531 0
0.304846 0.601301 0
0.278456 0.614983 0
0.254185 0.615917 0
0.235107 0.607577 0
0.213987 0.601599 1
0.213983 0.592668 0
0.214191 0.574194 0
0.233528 0.512759 0
0.246013 0.486604 0
0.257677 0.470937 0
0.25198 0.453408 0
0.250072 0.447826 0
0.261873 0.43679 0
0.25616 0.427827 0
0.248958 0.414695 0
0.259589 0.412 0
0.240559 0.391467 0
0.248747 0.380852 0
0.167255 0.277485 0
0.150364 0.248095 0
0.136094 0.230395 0
0.134883 0.22917 0
0.135228 0.225333 0
0.13531 0.225244 0
0.136294 0.224142 1
0.157006 0.226431 0
0.177389 0.219664 0
0.186134 0.215036 0
0.203765 0.224689 0
0.214078 0.213807 0
0.225736 0.213494 0
0.236147 0.205433 0
0.246939 0.1973 0
0.259272 0.194752 0
0.265562 0.183788 0
0.27606 0.180733 0
0.28755 0.17482 0
0.301461 0.16345 0
0.311331 0.155254 1
0.318471 0.162509 0
0.324999 0.165075 0
0.333458 0.18212 0
0.35806 0.207593 0
0.371479 0.232037 0
0.386012 0.262016 0
0.397062 0.269444 0
0.399233 0.279112 0
0.407078 0.286008 0
0.414764 0.291951 0
0.423801 0.286324 0
0.427424 0.297203 0
0.432946 0.304504 0
0.436993 0.312638 0
0.441124 0.318266 0
0.447962 0.320719 0
0.454996 0.320447 0
0.472628 0.307118 0
0.470962 0.330473 0
0.476539 0.336711 0
0.481957 0.342448 0
0.495255 0.338708 0
0.49315 0.360994 0
0.515948 0.345294 0
0.504669 0.368252 0
0.524266 0.370688 0
0.545018 0.371972 0
0.628565 0.40126 0
0.644087 0.412763 0
0.644133 0.416174 0
0.646668 0.418707 0
0.648469 0.420026 1
0.644584 0.427556 0
0.640305 0.436433 0
0.627978 0.451122 0
0.619777 0.458563 0
0.605247 0.463891 0
0.59218 0.470519 0
0.581075 0.477736 0
0.583865 0.484179 0
0.582435 0.489651 0
0.576754 0.494245 0
0.573944 0.500331 0
0.574018 0.504924 0
0.57789 0.510608 0
0.541487 0.506244 0
0.568616 0.516403 0
0.588896 0.531913 0
0.494046 0.497768 0
0.524761 0.515166 0
0.529641 0.521291 0
0.526157 0.525945 0
0.530916 0.530227 0
0.549057 0.543736 0
0.58933 0.570605 0
0.592561 0.794636 0
0.590746 0.81726 0
0.594405 0.815671 0
0.594901 0.818168 0
0.592174 0.822049 0
0.583742 0.822422 0
0.568787 0.812304 0
0.571943 0.802973 0
0.560592 0.800343 0
0.555565 0.793026 0
0.542631 0.788976 0
0.534855 0.782103 0
0.526789 0.78301 0
0.520603 0.780908 0
0.514117 0.775825 0
0.51124 0.774314 0
0.502642 0.773423 0
0.496311 0.774776 0
0.476364 0.774616 0
0.462767 0.777556 0
0.443202 0.764891 0
0.425321 0.758902 0
0.419587 0.759931 0
0.408495 0.761695 0
0.398486 0.756177 0
0.387303 0.757448 0
0.377349 0.752054 1
0.360286 0.755479 0
0.347301 0.731749 0
0.325715 0.743421 0
0.312276 0.74488 0
0.295021 0.742244 0
0.274454 0.744659 0
0.236447 0.756673 0
0.168416 0.785324 0
0.0788088 0.826915 0
0.0449528 0.791439 0
0.0212249 0.763743 0
0.0477704 0.760645 0
0.070151 0.572261 0
0.0583647 0.589972 0
0.0790156 0.546065 0
0.0723808 0.550239 0
0.0695234 0.548012 0
0.070083 0.537576 0
0.0601799 0.545536 0
0.0533254 0.548197 0
0.0532141 0.539531 0
0.054362 0.534591 0
0.0544264 0.528555 0
0.0612809 0.506971 0
0.0647988 0.497038 0
0.0640159 0.487253 1
0.0494141 0.478269 0
0.0406934 0.455275 0
0.0314386 0.448945 0
0.0227965 0.431763 0
0.0157162 0.415873 0
0.00911097 0.406472 0
0.00500108 0.393361 0
0.000824244 0.379257 1
0.00424332 0.366728 0
0.00342747 0.345097 0
0.00910109 0.330603 0
0.0178777 0.318685 0
0.0215116 0.298138 0
0.0294101 0.285337 1
0.0192821 0.262356 0
0.00614396 0.224436 0
0 0.134945 0
0.00202843 0.121904 0
0.0120194 0.104396 0
0.0216136 0.0882404 0
0.0336575 0.0730653 0
0.0632969 0.0492672 0
0.0907719 0.0451955 0
0.124785 0.0381182 0
0.162836 0.0331055 0
0.192372 0.0379685 1
0.200031 0.0285596 0
0.216491 0.0249645 0
0.225046 0.012283 0
0.236302 0.0077122 0
0.245806 0.00501279 0
0.260454 0.0026842 0
0.271649 0 0
0.280919 0.00150721 0
0.294288 0.00209587 0
0.311209 0.00486781 0
0.321677 0.00739612 0
0.333361 0.010173 1
0.346017 0.00771176 0
0.361092 0.00616992 0
0.375516 0.00548308 0
0.388275 0.0113761 0
0.401232 0.0110213 0
0.413342 0.0184206 0
0.427689 0.0270157 0
0.440605 0.0274657 0
0.448765 0.0364747 0
0.465626 0.052508 0
0.478806 0.0649311 0
0.491685 0.0703141 0
0.500203 0.0846058 0
0.508225 0.103354 1
0.522146 0.111374 0
0.536615 0.122064 0
0.559 0.128416 0
0.571732 0.129497 0
0.588238 0.147881 0
0.6011 0.150825 0
0.614308 0.16442 0
0.630253 0.171877 0
0.636155 0.190769 0
0.653398 0.196014 0
0.659575 0.217917 0
0.675026 0.229919 1
0.689667 0.230565 0
0.718015 0.242924 0
0.734067 0.257026 0
0.752222 0.265192 0
0.762119 0.281641 0
0.782723 0.298028 0
0.793703 0.307022 0
0.79845 0.324547 0
0.807718 0.343164 0
0.819149 0.354482 0
0.825685 0.369246 0
0.828091 0.382368 0
0.843072 0.394731 0
0.843694 0.413366 0
0.847291 0.421338 0
0.851566 0.433934 1
0.852038 0.435107 0
0.851842 0.435173 0
0.852588 0.438339 0
0.852891 0.439325 0
0.85334 0.439986 0
0.85247 0.442616 0
0.847143 0.427215 0
0.735555 0.574482 0
0.73694 0.600235 0
0.731248 0.599889 0
0.728959 0.603833 0
0.728034 0.607894 0
0.723433 0.608782 0
0.725059 0.613455 0
0.722043 0.61575 0
0.720793 0.617936 0
0.721859 0.622141 0
0.725398 0.624945 0
0.72333 0.626356 0
0.719102 0.627192 0
0.719702 0.63077 0
0.719155 0.632404 0
0.719141 0.635082 0
0.720708 0.637994 0
0.72278 0.641043 0
0.726952 0.64511 0
0.72658 0.645429 0
0.725972 0.646347 1
0.725972 0.646347 0
0.725972 0.646347 0
0.725972 0.646347 0
0.725972 0.646347 0
0.725972 0.646348 0
0.725972 0.646347 0
0.725977 0.646354 0
0.725977 0.646397 0
0.726025 0.646708 0
0.725957 0.646693 0
0.725863 0.649694 0
0.725889 0.649606 0
0.727264 0.649628 0
0.72823 0.650001 0
0.727658 0.652025 0
0.729038 0.653639 0
0.729925 0.655633 0
0.732221 0.656593 0
0.7326 0.659056 0
0.734242 0.660511 0
0.737207 0.660867 0
0.737442 0.663058 0
0.740187 0.661769 0
0.740757 0.663524 0
0.744098 0.662797 0
0.745518 0.663455 0
0.747242 0.663579 0
0.749214 0.665211 0
0.751501 0.665988 0
0.754146 0.667452 0
0.763491 0.657126 0
0.673487 0.681778 0
0.669848 0.678229 0
0.676425 0.682509 0
0.766032 0.61558 0
0.685871 0.839262 0
0.675621 0.822441 0
0.675495 0.823292 0
0.67557 0.823327 0
0.675576 0.823328 0
0.675577 0.823328 0
0.675577 0.823328 1
0.672992 0.82605 0
0.670926 0.829885 0
0.668702 0.832916 0
0.668008 0.834503 0
0.665949 0.838054 0
0.663674 0.840585 0
0.663142 0.84029 0
0.661862 0.840803 0
0.659234 0.842801 0
0.657228 0.843623 0
0.660863 0.83841 0
0.597656 0.944519 0
0.587987 0.928251 0
0.588556 0.929918 0
0.588129 0.93018 0
0.588035 0.930185 0
0.588037 0.930195 0
0.588035 0.930195 0
0.588035 0.930195 0
0.588035 0.930195 0
0.588035 0.930195 0
0.588035 0.930195 1
0.587523 0.931324 0
0.586719 0.932113 0
0.586861 0.932298 0
0.586139 0.932865 0
0.585664 0.933823 0
0.58506 0.935293 0
0.584618 0.936226 0
0.583565 0.936336 0
0.582891 0.936603 0
0.582615 0.937247 0
0.580668 0.939778 0
0.580591 0.939807 0
0.580145 0.939191 0
0.578796 0.94083 0
0.579236 0.940792 0
0.579117 0.940637 0
0.579185 0.941763 0
0.578355 0.944066 0
0.575905 0.947055 0
0.572579 0.952255 0
0.560972 0.98237 0
0.553316 0.985696 0
0.552085 0.982881 0
0.546069 0.981874 0
0.538633 0.981866 0
0.533357 0.980346 0
0.527702 0.978573 0
0.526424 0.977147 0
0.526819 0.976117 0
0.526628 0.97451 0
0.523247 0.972657 0
0.52185 0.971477 0
0.520689 0.971067 0
0.52002 0.970709 0
0.51961 0.970269 0
0.518337 0.97011 0
0.517452 0.969781 0
0.517312 0.969629 0
0.516797 0.969507 0
0.515309 0.969481 1
0.514534 0.969002 0
0.515119 0.968059 0
0.514563 0.967638 0
0.513075 0.968153 0
0.511868 0.969017 0
0.512267 0.968257 0
0.513316 0.966798 0
0.513366 0.966304 0
0.513458 0.966826 0
0.514007 0.966433 0
0.514501 0.966188 0
0.514836 0.965934 0
0.514857 0.966359 0
0.514373 0.96647 0
0.51489 0.965363 0
0.516172 0.964189 0
0.517502 0.964432 0
0.517592 0.965161 0
0.517191 0.965465 0
0.517596 0.965213 0
0.517846 0.96465 0
0.517759 0.964397 0
0.517677 0.963872 0
0.517801 0.963692 0
0.517965 0.963328 0
0.518489 0.963386 0
0.51895 0.963062 0
0.519347 0.962767 0
0.519638 0.962682 0
0.519929 0.962299 0
0.520178 0.962109 0
0.520283 0.961977 0
0.520039 0.962108 0
0.520762 0.962043 0
0.522103 0.961996 0
0.522652 0.961614 0
0.522698 0.961007 0
0.523321 0.960757 0
0.523853 0.96075 0
0.524009 0.960555 0
0.523686 0.959707 0
0.523299 0.959362 0
0.523027 0.959209 0
0.522568 0.959228 0
0.523263 0.958828 0
0.522568 0.960213 0
0.522544 0.961103 0
0.523488 0.95959 0
0.524218 0.958185 0
0.524507 0.958179 0
0.524047 0.957958 0
0.52428 0.958036 0
0.52484 0.95814 0
0.525281 0.959066 0
0.526412 0.959399 0
0.527668 0.957716 0
0.528641 0.95584 0
0.529796 0.955087 0
0.53172 0.95418 0
0.532254 0.949751 0
0.532194 0.947675 0
0.532245 0.948105 0
0.532125 0.948212 0
0.531809 0.948316 0
0.533034 0.947189 0
0.535569 0.944292 0
0.535928 0.945317 0
0.535767 0.944959 0
0.535929 0.944691 0
0.536698 0.944114 0
0.537161 0.942625 0
0.538006 0.942442 0
0.538315 0.941388 0
0.539283 0.93978 0
0.542273 0.938009 0
0.543234 0.935791 1
0.543245 0.935764 0
0.543319 0.935517 0
0.544151 0.934537 0
0.544122 0.934392 0
0.544025 0.934474 0
0.544535 0.934336 0
0.54541 0.933696 0
0.545804 0.933406 0
0.545815 0.933473 0
0.545936 0.93309 0
0.54597 0.932793 0
0.545965 0.93275 0
0.547355 0.932206 0
0.552452 0.933378 0
0.611693 0.897913 0
0.607147 0.897194 0
0.607391 0.897219 0
0.60797 0.897349 0
0.608979 0.897832 0
0.609272 0.897636 0
0.609591 0.8977 0
0.609761 0.897863 0
0.609824 0.897856 0
0.609947 0.898002 1
0.610174 0.898135 0
0.610305 0.898265 0
0.610381 0.898248 0
0.610625 0.898033 0
0.610588 0.897804 0
0.610551 0.897801 0
0.61067 0.897662 0
0.611203 0.897489 0
0.61128 0.897377 0
0.611355 0.897368 0
0.611302 0.897479 0
0.611603 0.897475 0
0.612037 0.897059 0
0.611924 0.896998 0
0.614986 0.897691 0
0.631114 0.915987 0
0.764769 0.900314 0
0.7711 0.897049 0
0.773263 0.889331 0
0.774084 0.879898 0
0.774751 0.872393 0
0.77587 0.867256 0
0.781609 0.870133 0
0.783616 0.868706 0
0.793277 0.868028 0
0.804108 0.869272 0
0.807993 0.869341 0
0.812296 0.868687 0
0.817046 0.86181 0
0.828588 0.852342 0
0.818978 0.696477 0
0.806472 0.679437 0
0.804284 0.676794 0
0.804429 0.678661 0
0.805213 0.679438 0
0.803654 0.677556 0
0.803068 0.676986 0
0.802404 0.677216 0
0.802596 0.677136 0
0.802638 0.677038 1
0.802943 0.676449 0
0.803279 0.676082 0
0.803079 0.675801 0
0.803027 0.67614 0
0.803562 0.675828 0
0.803153 0.675616 0
0.803234 0.675509 0
0.803217 0.675706 0
0.803142 0.675309 0
0.804661 0.673727 0
0.799658 0.683431 0
0.846022 0.5998 0
