0.865245 0.33716 0
0.883459 0.365781 0
0.881043 0.389623 0
0.870639 0.413844 0
0.889439 0.425773 0
0.894593 0.450205 0
0.886216 0.479736 0
0.886423 0.497727 0
0.885019 0.53317 0
0.86051 0.569123 0
0.872451 0.63934 0
0.903629 0.670469 0
0.920519 0.685964 0
0.924749 0.694217 0
0.937065 0.707396 0
0.932363 0.70402 0
0.925075 0.709567 0
0.931818 0.715073 0
0.943967 0.726346 0
0.935291 0.724501 0
0.927426 0.723722 0
0.926985 0.719761 0
0.931215 0.726233 0
0.931989 0.730559 0
0.922608 0.734599 0
0.908611 0.739779 0
0.900259 0.740519 0
0.90202 0.750019 0
0.888063 0.753021 0
0.883161 0.754283 0
0.875078 0.762669 0
0.854849 0.771279 0
0.834754 0.739907 0
0.815133 0.724113 0
0.800854 0.718209 0
0.794226 0.712859 0
0.788034 0.701983 1
0.772872 0.707609 0
0.757194 0.680982 0
0.747792 0.685466 0
0.725476 0.693451 0
0.70393 0.703332 0
0.671135 0.709825 0
0.652389 0.725823 0
0.632639 0.737428 0
0.607418 0.746121 0
0.563778 0.76678 0
0.535911 0.775296 0
0.493132 0.768083 0
0.435165 0.789245 0
0.397292 0.793194 0
0.373244 0.79149 0
0.339375 0.781305 0
0.30977 0.8013 0
0.278985 0.785074 0
0.260202 0.767159 0
0.233074 0.773101 0
0.22808 0.753933 0
0.220269 0.759561 0
0.201423 0.749341 0
0.186713 0.739742 0
0.17169 0.729207 0
0.155497 0.730974 0
0.142394 0.72175 0
0.129736 0.718546 0
0.109385 0.707534 0
0.103524 0.695283 0
0.0841249 0.703561 0
0.0676514 0.687357 0
0.0628148 0.68268 0
0.0573315 0.681422 0
0.0542295 0.662823 0
0.0355966 0.65804 0
0.0278793 0.646312 0
0.026852 0.634401 0
0.0220493 0.627845 0
0.0187615 0.61749 0
0.0140362 0.610223 0
0.0137545 0.600553 0
0.0103598 0.597994 0
0.00932956 0.589218 1
0.00723237 0.582828 0
0.00456589 0.576348 0
0.00299162 0.568073 0
9.38729e-05 0.55907 0
0 0.548492 0
0.00816297 0.538773 0
0.00712329 0.53122 0
0.00815839 0.521021 0
0.0122476 0.510165 0
0.023879 0.4992 1
0.0238767 0.499192 0
0.0238664 0.499142 0
0.0235879 0.499255 0
0.0245648 0.494497 0
0.0221467 0.488655 0
0.0247142 0.48171 0
0.0251657 0.477131 0
0.0215466 0.465996 0
0.0315575 0.463301 0
0.0310839 0.454265 0
0.036668 0.447446 0
0.0420546 0.447542 0
0.0423227 0.443277 0
0.0484601 0.446476 0
0.045382 0.430557 0
0.046081 0.414879 0
0.0428659 0.395649 0
0.0653344 0.386307 0
0.0924543 0.370981 0
0.109618 0.358607 0
0.120627 0.336696 0
0.131638 0.310094 0
0.146882 0.275214 0
0.17611 0.279127 0
0.238789 0.216437 0
0.29865 0.189163 0
0.324162 0.1843 0
0.357237 0.178573 0
0.387331 0.153398 0
0.441525 0.137683 0
0.487301 0.108301 0
0.513075 0.0916536 0
0.544365 0.0826033 0
0.571271 0.0793584 0
0.597512 0.0781435 0
0.611706 0.0686138 1
0.630435 0.0612318 0
0.646875 0.0545834 0
0.653528 0.0536993 0
0.670815 0.0345227 0
0.683847 0.0362801 0
0.698776 0.0345136 0
0.707941 0.035966 0
0.733116 0.0498952 0
0.844873 0.18823 0
0.826043 0.183946 0
0.83294 0.193965 0
0.837887 0.196739 0
0.853874 0.198583 0
0.862965 0.205851 0
0.875249 0.203378 0
0.882923 0.203251 0
0.878294 0.209858 0
0.885527 0.20812 1
0.887653 0.215512 0
0.902972 0.248281 0
0.890276 0.270364 0
0.906768 0.296029 0
0.909196 0.3216 0
0.911446 0.348773 0
0.918575 0.376897 0
0.923777 0.400383 0
0.927279 0.416765 0
0.922894 0.466255 0
0.901602 0.514479 0
0.904082 0.550331 0
0.906039 0.589791 0
0.932627 0.650642 0
0.942059 0.664065 0
0.951343 0.66645 0
0.939511 0.672932 0
0.954706 0.674128 0
0.946491 0.677179 0
0.946029 0.681497 0
0.947576 0.679695 0
0.950365 0.679187 0
0.933284 0.671657 0
0.941529 0.6696 0
0.935476 0.668597 0
0.928246 0.667474 0
0.938375 0.675319 0
0.914007 0.681459 0
0.902083 0.677983 0
0.892161 0.687233 0
0.882344 0.69162 0
0.869097 0.694465 0
0.843958 0.686098 0
0.83402 0.676912 0
0.740299 0.644188 0
0.718799 0.649134 0
0.703338 0.656309 0
0.681075 0.647236 0
0.664303 0.641215 0
0.648276 0.653073 0
0.624359 0.644189 0
0.597842 0.650043 0
0.579241 0.655033 0
0.559564 0.657429 1
0.518446 0.656952 0
0.496723 0.668673 0
0.4638 0.660334 0
0.440837 0.661265 0
0.40888 0.661676 0
0.393776 0.667342 0
0.367756 0.664145 0
0.354269 0.659137 0
0.342458 0.649831 0
0.315832 0.652919 0
0.291231 0.643194 0
0.288249 0.631964 0
0.269243 0.620862 0
0.254421 0.616486 0
0.238873 0.614693 0
0.221001 0.601689 1
0.215974 0.596621 0
0.21311 0.589491 0
0.192958 0.599156 0
0.180767 0.601227 0
0.173375 0.598212 0
0.170477 0.595096 0
0.166293 0.592924 0
0.160307 0.591624 0
0.150761 0.591275 0
0.135014 0.596687 0
0.107179 0.620749 0
0.0839904 0.63899 0
0.0781574 0.639725 0
0.0726374 0.630777 0
0.0639234 0.6205 0
0.0469088 0.603324 0
0.0399466 0.588792 0
0.0437478 0.578088 0
0.0444973 0.569384 0
0.047721 0.558798 0
0.0445037 0.554157 0
0.0509916 0.545735 0
0.0565957 0.536484 0
0.0493456 0.534346 0
0.0500036 0.528112 0
0.0480023 0.521279 0
0.0467019 0.515158 0
0.0469737 0.509549 0
0.03942 0.509524 0
0.0384227 0.506812 0
0.0383726 0.50518 0
0.0391832 0.504308 0
0.0400645 0.500786 0
0.0433365 0.480168 0
0.0467439 0.477294 0
0.0535307 0.48435 0
0.061109 0.481655 0
0.0656516 0.498618 0
0.068129 0.506819 0
0.0828354 0.466424 0
0.0899532 0.457356 0
0.0876247 0.432611 0
0.0912553 0.415499 0
0.101688 0.406541 0
0.105875 0.382809 0
0.132431 0.373082 0
0.132288 0.34529 0
0.148105 0.329044 0
0.172489 0.315856 0
0.185517 0.285284 0
0.193686 0.279753 0
0.215048 0.267442 1
0.253419 0.238338 0
0.277137 0.229586 0
0.306596 0.220926 0
0.327422 0.214181 0
0.351527 0.213878 0
0.384737 0.201982 0
0.429726 0.175878 0
0.493698 0.0622095 0
0.523588 0.0624477 0
0.54969 0.0592261 0
0.561289 0.130417 0
0.582322 0.135839 0
0.6677 0.0975312 0
0.69049 0.104764 0
0.702958 0.0955276 0
0.713421 0.102123 0
0.726985 0.101684 0
0.727057 0.106152 0
0.736827 0.112782 0
0.749453 0.118401 0
0.759224 0.12412 0
0.769354 0.125866 1
0.776843 0.129752 0
0.774918 0.136708 0
0.79561 0.139789 0
0.79604 0.147653 0
0.810335 0.151026 0
0.823681 0.155476 0
0.826136 0.16062 0
0.822227 0.164738 0
0.815714 0.158207 0
0.926939 0.228354 0
0.897203 0.268806 0
0.842002 0.285725 0
0.907646 0.316932 0
0.913967 0.340591 0
0.918427 0.364539 0
0.902503 0.39122 0
0.88115 0.423709 0
0.887441 0.441929 0
0.880766 0.477219 0
0.879174 0.5146 0
0.887533 0.5407 0
0.948807 0.708478 0
0.954874 0.727186 0
0.962043 0.735449 0
0.962429 0.748337 0
0.944524 0.750977 0
0.959026 0.755423 0
0.967519 0.757935 0
0.976694 0.765063 0
0.986022 0.766759 0
0.988065 0.770263 0
1 0.770671 0
0.978716 0.765902 0
0.986279 0.767101 0
0.989006 0.767237 0
0.984586 0.766672 1
0.984491 0.76791 0
0.977951 0.777112 0
0.950056 0.785324 0
0.952314 0.801808 0
0.930237 0.808399 0
0.916125 0.804654 0
0.891303 0.805477 0
0.87258 0.788545 0
0.861316 0.78727 0
0.860147 0.774045 0
0.847714 0.751872 0
0.82547 0.740442 0
0.804519 0.698608 0
0.786627 0.67484 0
0.764095 0.658727 0
0.750044 0.655693 0
0.72195 0.648572 0
0.709678 0.633392 0
0.67603 0.658036 0
0.672361 0.648613 0
0.641839 0.661381 0
0.631494 0.657149 0
0.577759 0.714733 0
0.524472 0.708043 0
0.555716 0.605419 0
0.472347 0.74134 0
0.442042 0.735905 0
0.427466 0.726966 0
0.384931 0.723633 0
0.364273 0.723835 0
0.354074 0.720367 0
0.332425 0.712009 0
0.315391 0.696844 0
0.303623 0.68304 0
0.277275 0.687733 0
0.25301 0.676414 0
0.227758 0.670727 0
0.195194 0.65459 0
0.191881 0.650491 0
0.184267 0.644042 0
0.176671 0.637913 0
0.16466 0.633413 0
0.159865 0.631523 0
0.143314 0.628601 0
0.134149 0.618358 0
0.126565 0.618285 0
0.117299 0.614057 0
0.110942 0.607543 0
0.105667 0.60712 0
0.0972522 0.603759 0
0.0892559 0.598735 0
0.0866218 0.593232 0
0.0840095 0.588946 0
0.079876 0.586766 0
0.0757676 0.581395 0
0.0725583 0.577502 1
0.0719898 0.574349 0
0.0690135 0.572747 0
0.0691351 0.568554 0
0.0667187 0.565167 0
0.0621953 0.562249 0
0.0646463 0.554055 0
0.065311 0.549152 0
0.0610175 0.546257 0
0.061829 0.533904 0
0.068923 0.52726 0
0.0750964 0.518546 0
0.0628229 0.521683 0
0.0620549 0.51363 0
0.0636732 0.508882 0
0.0599497 0.504546 0
0.0544171 0.507141 0
0.0503316 0.509597 0
0.0460698 0.516734 0
0.0480717 0.516085 0
0.0505252 0.517946 0
0.0587498 0.511181 0
0.0584533 0.498323 0
0.072561 0.456855 0
0.0741491 0.429322 0
0.0783041 0.390933 0
0.0911009 0.371979 0
0.0989151 0.366244 0
0.13223 0.366074 0
0.15453 0.355601 0
0.151841 0.323404 0
0.182957 0.326277 0
0.185712 0.299837 0
0.208483 0.289951 0
0.284001 0.182329 0
0.307778 0.176574 0
0.347368 0.149099 0
0.376206 0.166883 0
0.386621 0.153517 0
0.436049 0.128764 0
0.476248 0.1113 1
0.495325 0.0974439 0
0.512634 0.0790437 0
0.542597 0.078488 0
0.550238 0.068543 0
0.566312 0.0640335 0
0.589259 0.108508 0
0.639362 0.0924738 0
0.641838 0.0713319 0
0.654048 0.0743062 0
0.670973 0.0829807 0
0.684583 0.0862686 0
0.691494 0.0847918 0
0.694987 0.0930951 0
0.74252 0.0268782 0
0.797216 0 0
0.864723 0.127383 0
0.84322 0.148415 0
0.868151 0.148568 0
0.882487 0.155632 0
0.892033 0.166605 0
0.892178 0.179486 0
0.90199 0.191958 1
0.897902 0.190728 0
0.889127 0.188527 0
0.873366 0.273249 0
0.828272 0.285647 0
0.865488 0.303641 0
0.883971 0.324904 0
0.921094 0.35291 0
0.916497 0.378282 0
0.911405 0.399413 0
0.925218 0.420994 0
0.923434 0.458676 0
0.927619 0.486985 0
0.944201 0.510766 0
0.946965 0.525633 0
0.957677 0.555495 0
0.959762 0.576677 0
0.945892 0.594508 0
0.944625 0.617066 1
0.944336 0.617271 0
0.945561 0.617476 0
0.951375 0.617197 0
0.95192 0.618914 0
0.945476 0.616495 0
0.944905 0.616977 0
0.945406 0.61646 0
0.950211 0.617875 0
0.953536 0.611078 0
0.953197 0.604285 0
0.963079 0.604293 0
0.968252 0.609427 0
0.954077 0.600193 0
0.933929 0.60573 0
0.959509 0.606016 0
0.931395 0.61113 0
0.922154 0.622622 0
0.897724 0.640178 0
0.896052 0.631935 0
0.881793 0.641594 0
0.874038 0.632508 0
0.867261 0.632353 0
0.84849 0.633254 0
0.867303 0.596006 0
0.795992 0.621545 0
0.792257 0.602536 0
0.763641 0.608046 0
0.749401 0.591592 0
0.725477 0.61125 0
0.702837 0.590286 0
0.681747 0.57433 0
0.649177 0.595912 0
0.635461 0.600635 0
0.593643 0.610184 0
0.570563 0.607396 0
0.531891 0.598887 0
0.505887 0.600968 0
0.472847 0.594583 0
0.447724 0.592755 0
0.448013 0.590139 0
0.390579 0.599896 0
0.353794 0.603902 0
0.413782 0.562117 0
