0.605239 0.181617 0
0.634832 0.209708 0
0.660486 0.223918 0
0.66709 0.230054 0
0.690809 0.242621 0
0.69375 0.251086 0
0.710027 0.253389 1
0.707348 0.258986 0
0.711265 0.256062 0
0.710274 0.258106 0
0.709066 0.261868 0
0.701517 0.282293 0
0.695802 0.317208 0
0.699567 0.30591 0
0.725133 0.476992 0
0.742909 0.522122 0
0.759933 0.531221 0
0.779548 0.552993 0
0.809626 0.605735 0
0.82792 0.614189 0
0.813041 0.617611 0
0.799725 0.604452 0
0.815677 0.615269 0
0.82311 0.626007 0
0.836267 0.618397 0
0.843416 0.626957 0
0.853703 0.621725 0
0.871403 0.629661 0
0.881995 0.662062 1
0.882001 0.662219 0
0.882236 0.662906 0
0.884622 0.666218 0
0.892788 0.666472 0
0.893296 0.672786 0
0.899511 0.671717 0
0.904541 0.673985 0
0.907627 0.700076 0
0.923436 0.685622 0
0.931985 0.671621 0
0.93493 0.657029 0
0.937823 0.640191 0
0.945947 0.633856 0
0.959108 0.634406 0
0.956266 0.620167 0
0.9616 0.612088 0
0.96338 0.603464 0
0.96007 0.592819 0
0.961475 0.580837 0
0.963125 0.572179 0
0.959509 0.556005 0
0.951652 0.523655 0
0.958196 0.506588 0
0.94596 0.501916 0
0.947969 0.443889 0
0.918977 0.426537 0
0.892249 0.425233 0
0.88065 0.425129 0
0.869065 0.394809 0
0.852136 0.379638 0
0.844615 0.357522 0
0.840268 0.334438 0
0.832233 0.312366 0
0.821223 0.306708 0
0.804779 0.28672 0
0.795309 0.269888 0
0.778671 0.265731 0
0.765651 0.253379 1
0.765654 0.253379 0
0.765654 0.253354 0
0.765481 0.253422 0
0.768634 0.255735 0
0.786956 0.237208 0
0.745664 0.0797186 0
0.620162 0.0146301 0
0.644634 0 0
0.49597 0.166539 0
0.514684 0.151364 0
0.50746 0.15329 0
0.494516 0.155857 0
0.482552 0.15917 0
0.460978 0.167409 0
0.446159 0.173163 0
0.435487 0.174655 0
0.428109 0.179431 0
0.422182 0.184945 0
0.399812 0.185328 0
0.391614 0.195576 1
0.391404 0.195909 0
0.389991 0.197056 0
0.390258 0.199296 0
0.389984 0.200549 0
0.396059 0.206389 0
0.41199 0.183822 0
0.27741 0.464245 0
0.269538 0.487679 0
0.251439 0.495066 0
0.239239 0.507885 0
0.223815 0.509421 0
0.207618 0.52366 0
0.193203 0.527072 0
0.177675 0.561329 0
0.127009 0.601813 0
0.106763 0.601409 0
0.100353 0.605091 0
0.0947772 0.605448 0
0.0928464 0.604654 0
0.0914358 0.603397 0
0.0878267 0.604548 0
0.0825162 0.603776 1
0.0794418 0.609468 0
0.0765017 0.622314 0
0.0700266 0.621546 0
0.0646746 0.629803 0
0.0594371 0.636756 0
0.0585639 0.633118 0
0.0552385 0.636465 0
0.0525662 0.641756 0
0.0481851 0.631686 0
0.0482176 0.628595 0
0.0481058 0.62775 0
0.0398809 0.631255 0
0.0366656 0.624957 0
0.0348489 0.619008 0
0.0371799 0.605966 0
0.0416947 0.597888 0
0.0484886 0.591075 0
0.0567543 0.585781 0
0.0736681 0.575691 0
0.0946197 0.56639 0
0.10774 0.553722 0
0.110138 0.514994 0
0.123099 0.489931 0
0.13552 0.46411 0
0.130854 0.440189 0
0.131618 0.422608 0
0.130936 0.400233 0
0.139866 0.37977 0
0.154155 0.356896 0
0.16909 0.336496 0
0.194983 0.330528 0
0.20069 0.310262 0
0.21998 0.290341 0
0.223589 0.273561 0
0.246 0.264767 0
0.25633 0.256981 0
0.269053 0.25322 0
0.283096 0.245494 0
0.304752 0.239299 0
0.320675 0.229842 0
0.321589 0.219009 0
0.328368 0.223468 0
0.332076 0.227537 0
0.338598 0.25545 0
0.524475 0.320965 0
0.598588 0.186069 0
0.596585 0.161479 0
0.595194 0.162504 0
0.595744 0.162995 0
0.59836 0.165231 0
0.604595 0.172117 0
0.613838 0.181601 0
0.632979 0.198579 0
0.639064 0.217957 0
0.647933 0.219756 0
0.67044 0.23844 0
0.687937 0.242471 0
0.696095 0.266811 0
0.701903 0.27027 0
0.703406 0.274893 0
0.699777 0.281856 0
0.701135 0.287061 0
0.702377 0.281828 0
0.690106 0.312813 0
0.696144 0.354589 0
0.694262 0.376379 0
0.728049 0.41655 0
0.745148 0.527937 0
0.761 0.549111 0
0.790734 0.579709 0
0.814631 0.592303 0
0.834971 0.6148 0
0.860074 0.621216 0
0.895678 0.63725 0
0.903708 0.648315 0
0.906999 0.657557 0
0.919591 0.665632 0
0.913921 0.673106 0
0.914943 0.680357 0
0.919752 0.689286 0
0.924893 0.687278 0
0.933618 0.698052 0
0.939771 0.695753 0
0.942512 0.700265 0
0.948212 0.70229 0
0.948901 0.69476 0
0.952641 0.692026 0
0.959073 0.6897 0
0.962278 0.684976 0
0.966773 0.677664 1
0.976954 0.670808 0
0.984783 0.660735 0
0.991401 0.653596 0
1 0.645728 0
0.997744 0.629933 0
0.985807 0.608993 0
0.97169 0.595637 0
0.958618 0.57608 0
0.950483 0.565987 0
0.922667 0.514567 0
0.925919 0.486851 0
0.912488 0.467227 0
0.909734 0.453419 0
0.900306 0.432526 0
0.898103 0.400557 0
0.882422 0.379959 0
0.866866 0.367667 0
0.85692 0.347876 0
0.842112 0.326538 0
0.819649 0.309426 0
0.805981 0.29652 0
0.799368 0.283235 0
0.776265 0.265127 0
0.765979 0.257649 0
0.764076 0.254323 0
0.762805 0.25396 0
0.761921 0.253798 0
0.762605 0.254254 0
0.765697 0.257495 0
0.794335 0.227159 0
0.570587 0.118492 0
0.561879 0.151882 0
0.564515 0.148814 0
0.562109 0.148294 0
0.5522 0.149167 0
0.542777 0.151208 0
0.52161 0.155222 0
0.504016 0.154851 0
0.488648 0.16524 0
0.477293 0.169982 0
0.468683 0.163984 0
0.460734 0.174206 0
0.451051 0.183171 0
0.442833 0.188399 0
0.405916 0.166288 0
0.383917 0.196678 0
0.383725 0.204045 0
0.390217 0.217498 0
0.392136 0.223766 0
0.406695 0.232008 0
0.343522 0.453698 0
0.248593 0.483744 0
0.24638 0.489576 0
0.235377 0.494037 0
0.226649 0.50183 0
0.209887 0.51331 0
0.195301 0.520102 0
0.179768 0.530605 0
0.173291 0.546093 0
0.158644 0.565872 0
0.130008 0.58832 0
0.126447 0.589211 0
0.121656 0.592239 0
0.118815 0.593049 0
0.107453 0.58709 0
0.0692749 0.637008 0
0.0717965 0.647188 0
0.066507 0.64767 0
0.0638613 0.644812 0
0.0564763 0.645409 0
0.0526249 0.654446 0
0.047701 0.655505 0
0.0471195 0.655486 0
0.0445516 0.656572 0
0.0446608 0.656467 0
0.0419322 0.656902 1
0.0402837 0.657176 0
0.0388897 0.656975 0
0.0381025 0.656709 0
0.0362281 0.653298 0
0.0353642 0.650588 0
0.0339582 0.647593 0
0.0324796 0.643026 0
0.0165153 0.593863 0
0.026648 0.587057 0
0.0347395 0.56527 0
0.064612 0.55101 0
0.0807762 0.553665 1
0.0849601 0.532385 0
0.0921466 0.514728 0
0.102106 0.491406 0
0.103266 0.476178 0
0.115492 0.452044 0
0.126998 0.432201 0
0.124488 0.412475 0
0.140917 0.387118 0
0.157056 0.370876 0
0.179384 0.348495 0
0.184576 0.331177 0
0.197485 0.319078 0
0.202555 0.300348 0
0.219398 0.283067 1
0.229828 0.278263 0
0.251148 0.275929 0
0.265647 0.286268 0
0.289387 0.287204 0
0.307526 0.262264 0
0.32107 0.258284 0
0.329049 0.243787 0
0.328688 0.235551 0
0.329592 0.232292 0
0.331183 0.235683 0
0.300509 0.254636 0
0.539216 0.302908 0
0.609758 0.158787 0
0.594902 0.162606 0
0.594664 0.162176 0
0.594809 0.162318 0
0.595095 0.162278 0
0.595039 0.162279 1
0.609219 0.165658 0
0.622499 0.1706 0
0.633429 0.175964 0
0.650204 0.187913 0
0.662755 0.195949 0
0.681132 0.212638 0
0.694324 0.218532 0
0.71135 0.243103 0
0.71227 0.268893 0
0.704105 0.284546 0
0.710507 0.276742 0
0.707469 0.286142 0
0.701282 0.328412 0
0.711298 0.338167 0
0.725488 0.36831 0
0.740066 0.452106 0
0.776247 0.528882 0
0.797862 0.534461 0
0.828419 0.562405 0
0.873261 0.595262 0
0.895666 0.608614 0
0.91087 0.619173 0
0.920157 0.627509 0
0.888582 0.601734 0
0.916006 0.620324 0
0.938638 0.646672 0
0.943539 0.650204 0
0.949381 0.651139 0
0.944183 0.645346 0
0.950814 0.652855 0
0.958573 0.658502 0
0.963027 0.660192 0
0.966016 0.661208 0
0.971558 0.654858 0
0.978568 0.6559 0
0.985043 0.656652 0
0.993179 0.652839 0
0.998744 0.648678 0
0.994154 0.637246 0
0.992269 0.628985 0
0.986648 0.618379 0
0.982117 0.604706 0
0.979981 0.594704 0
0.973371 0.580809 0
0.966966 0.557804 0
0.954448 0.547665 1
0.953452 0.529402 0
0.946622 0.502083 0
0.946693 0.485464 0
0.937678 0.464533 0
0.921094 0.449692 0
0.908629 0.42227 0
0.900507 0.399762 0
0.885045 0.384911 0
0.870288 0.367924 0
0.854087 0.342905 0
0.843704 0.322713 0
0.822202 0.306522 0
0.81397 0.293377 0
0.799845 0.273473 0
0.778419 0.268537 0
0.765616 0.249588 0
0.765153 0.253844 0
0.76392 0.25266 0
0.764146 0.252367 0
0.772401 0.258301 0
0.656953 0.0152087 0
0.64963 0.00266843 0
0.595665 0.0255247 0
0.544327 0.135801 0
0.560342 0.148317 0
0.56608 0.150783 0
0.566181 0.151508 0
0.566305 0.15149 1
0.552767 0.151218 0
0.538423 0.152174 0
0.524034 0.150582 0
0.506707 0.156305 0
0.49209 0.159332 0
0.47841 0.174052 0
0.465607 0.172411 0
0.413087 0.135549 0
0.396289 0.143912 0
0.375226 0.164626 0
0.38016 0.204841 0
0.394867 0.222128 0
0.378176 0.218748 0
0.408157 0.229464 0
0.277539 0.442678 0
0.250655 0.481507 0
0.234207 0.489751 0
0.221585 0.499676 0
0.213973 0.502469 0
0.198162 0.516157 0
0.187844 0.524436 0
0.1798 0.528266 0
0.169307 0.536431 0
0.167133 0.542022 0
0.151909 0.554999 0
0.138695 0.561686 0
0.122469 0.580777 0
0.124636 0.579916 0
0.100088 0.584812 0
0.0562048 0.636065 0
0.0599922 0.642576 0
0.0536672 0.646598 0
0.0515349 0.64887 0
0.0561045 0.666017 0
0.0540241 0.666989 0
0.0435361 0.653245 0
0.0403104 0.652561 0
0.0376653 0.671244 0
0.0346707 0.659237 0
0.0335705 0.657686 0
0.0327801 0.660114 0
0.0312449 0.662072 0
0.0309196 0.659384 0
0.0317864 0.657149 1
0.0275306 0.656982 0
0.0222975 0.65684 0
0.0209976 0.65477 0
0.0199556 0.652969 0
0.0111283 0.634945 0
0 0.580545 0
0.0137898 0.543507 0
0.0376106 0.542215 0
0.0384215 0.543324 0
0.0283144 0.544962 0
0.0370868 0.516976 0
0.0609298 0.500888 0
0.0824261 0.475746 0
0.077622 0.438796 0
0.0884557 0.429034 0
0.105051 0.39617 0
0.10929 0.370206 0
0.129338 0.360827 0
0.145215 0.340342 0
0.157658 0.32929 0
0.177184 0.306853 0
0.201106 0.293716 0
0.232296 0.253451 0
0.250894 0.240342 0
0.277624 0.229479 0
0.283635 0.229901 0
0.29325 0.220431 0
0.316889 0.216436 1
0.31723 0.216415 0
0.319266 0.216149 0
0.31822 0.218502 0
0.328069 0.223167 0
0.387683 0.376185 0
0.526598 0.331177 0
0.628312 0.166844 0
0.600169 0.163204 0
0.595995 0.163572 0
0.597652 0.165223 0
0.604973 0.169979 0
0.614405 0.180756 0
0.630199 0.208231 0
0.643522 0.216374 0
0.65014 0.229204 0
0.669818 0.237257 0
0.688454 0.24327 0
0.702253 0.252775 0
0.714279 0.262746 0
