0.907685 0.225556 0
0.897283 0.330643 0
0.885217 0.365483 0
0.874499 0.387821 0
0.867901 0.403033 0
0.857563 0.426612 0
0.834194 0.459378 0
0.81249 0.470143 0
0.788326 0.475657 0
0.768382 0.518871 0
0.737118 0.535676 0
0.710455 0.544726 0
0.684834 0.540992 0
0.651188 0.554303 0
0.63151 0.55809 0
0.594224 0.552528 0
0.576004 0.562237 0
0.555595 0.560845 0
0.523666 0.578238 0
0.490242 0.570277 0
0.460886 0.577298 0
0.445377 0.572087 0
0.424319 0.572396 0
0.391284 0.558252 0
0.360899 0.544179 0
0.335461 0.542798 0
0.302113 0.517587 1
0.274991 0.509249 0
0.259242 0.49473 0
0.233535 0.494408 0
0.209546 0.486834 0
0.187091 0.48663 0
0.167544 0.465383 0
0.120088 0.40501 0
0.0990693 0.364117 0
0.0585848 0.309863 0
0.0367897 0.247312 0
0.0323969 0.189806 0
0.0288724 0.170089 0
0.0387267 0.139235 0
0.0343162 0.1369 0
0.0344981 0.128272 0
0.0334191 0.124435 0
0.0300663 0.119933 0
0.0301989 0.113751 0
0.0239765 0.120216 0
0.022908 0.111025 0
0.0202616 0.110143 0
0.0153082 0.109776 0
0.0200881 0.100549 0
0.0257915 0.0866069 0
0.0421454 0.0703199 0
0.0579427 0.0652073 0
0.0738698 0.0535507 0
0.0874642 0.033617 0
0.129848 0.217167 0
0.113579 0.245996 0
0.117748 0.257926 0
0.135336 0.259559 0
0.146919 0.246997 0
0.159054 0.225427 0
0.171509 0.222563 0
0.169662 0.198946 0
0.17607 0.186093 0
0.185844 0.187395 0
0.191335 0.180204 0
0.197678 0.178354 1
0.210319 0.174368 0
0.2186 0.173893 0
0.238824 0.169562 0
0.253083 0.164924 0
0.273637 0.161088 0
0.294284 0.159994 0
0.301983 0.154535 0
0.327313 0.153302 0
0.358036 0.147411 0
0.388702 0.153657 0
0.404805 0.147051 0
0.431015 0.151911 0
0.462176 0.153343 0
0.494902 0.159438 0
0.518621 0.155863 0
0.552022 0.1589 0
0.585687 0.162401 0
0.621581 0.153306 0
0.639471 0.146251 0
0.684923 0.155295 0
0.699143 0.141944 0
0.737388 0.140478 0
0.769086 0.129626 0
0.798025 0.132483 0
0.831403 0.128666 0
0.853275 0.10708 0
0.86926 0.0781723 0
0.891564 0.0661092 0
0.900814 0.0418746 0
0.924704 0.0371018 0
0.938694 0.0368999 0
0.944914 0.0315408 0
0.946556 0.0210672 0
0.950021 0.0112644 0
0.954167 0 0
0.958881 4.73023e-05 0
0.960232 0.000356047 0
0.963634 0.00216689 1
0.965977 0.001903 0
0.966639 0.00215769 0
0.969461 0.00221309 0
0.971644 0.00121813 0
0.968484 0.039372 0
1 0.130279 0
0.990203 0.180035 0
0.98058 0.228221 0
0.964103 0.252358 0
0.967531 0.282948 0
0.944976 0.302549 0
0.928942 0.325668 0
0.907501 0.359667 0
0.880452 0.383106 0
0.858126 0.407533 0
0.841738 0.41576 0
0.829585 0.446106 0
0.805975 0.460825 0
0.783024 0.472837 0
0.765223 0.491474 1
0.743829 0.496958 0
0.711737 0.503456 0
0.684659 0.528964 0
0.648405 0.539871 0
0.628977 0.546839 0
0.583056 0.546904 0
0.560277 0.561343 0
0.531214 0.547339 0
0.511734 0.552028 0
0.468871 0.559233 0
0.447636 0.557579 0
0.427164 0.555565 0
0.404174 0.541754 0
0.376025 0.537303 0
0.336411 0.505845 0
0.30485 0.497609 0
0.268024 0.489116 0
0.236629 0.453381 0
0.217805 0.440885 0
0.188396 0.432827 0
0.170035 0.436232 0
0.13212 0.424712 0
0.103584 0.384005 0
0.062894 0.324847 0
0.0724894 0.194302 0
0.0576656 0.196686 0
0.0426674 0.163908 0
0.037593 0.135285 0
0.0229704 0.137487 0
0.0174878 0.133041 0
0.0185981 0.125743 0
0.00678246 0.125751 0
0.00209336 0.12464 0
0 0.121613 0
0.00125165 0.119105 0
0.00584898 0.111916 0
0.0135453 0.108036 0
0.016172 0.105008 1
0.0107876 0.104111 0
0.0112835 0.103142 0
0.0114522 0.108623 0
0.0144422 0.108622 0
0.0252564 0.079188 0
0.0534857 0.0541134 0
0.0533271 0.0528055 0
0.0779116 0.262462 0
0.104199 0.272437 0
0.122015 0.25104 0
0.146447 0.0843885 0
0.147625 0.161068 0
0.155796 0.170663 0
0.164866 0.171599 0
0.172113 0.181421 0
0.179421 0.179942 0
0.190095 0.172724 0
0.195387 0.178491 0
0.197052 0.178325 0
0.197894 0.178194 0
0.198238 0.179889 0
0.208246 0.185045 0
0.218823 0.1808 0
0.228094 0.177348 0
0.235715 0.170902 0
0.261217 0.177105 0
0.278098 0.183278 0
0.305477 0.17807 0
0.329202 0.192046 0
0.381123 0.183002 0
0.409086 0.186937 0
0.426516 0.182171 0
0.474784 0.186492 0
0.495077 0.184069 0
0.550365 0.193859 0
0.58209 0.186404 0
0.592863 0.16986 0
0.645622 0.183933 0
0.679196 0.178987 0
0.708687 0.169018 0
0.753856 0.175518 0
0.777833 0.161913 0
0.825854 0.160793 0
0.850145 0.140563 0
0.88079 0.128869 0
0.897957 0.104819 1
0.906697 0.0924418 0
0.91713 0.0767904 0
0.940167 0.0638748 0
0.94944 0.0580621 0
0.956896 0.0574514 0
0.958899 0.047385 0
0.965157 0.0397254 0
0.965252 0.0268613 0
0.974772 0.0229922 0
0.970748 0.0103245 0
0.96543 0.00353354 0
0.964009 0.00209279 0
0.964019 0.00195084 0
0.968149 0.00588719 0
0.963979 0.00272131 0
0.967097 0.00100644 0
0.9671 0.0395641 0
0.965262 0.0619843 0
0.979122 0.198183 0
0.964238 0.219587 0
0.936632 0.245289 0
0.9431 0.281448 0
0.930068 0.311816 0
0.907424 0.331379 0
0.891297 0.372954 0
0.880584 0.39675 0
0.868854 0.414354 0
0.858267 0.444791 0
0.841787 0.46211 0
0.829067 0.485657 0
0.810237 0.506532 0
0.797091 0.53304 0
0.779294 0.545453 0
0.749534 0.560148 0
0.710621 0.569746 0
0.68947 0.572804 0
0.665613 0.586734 0
0.630919 0.595718 0
0.610889 0.613459 0
0.583626 0.616952 0
0.561453 0.619021 0
0.536404 0.609912 1
0.508328 0.610831 0
0.486874 0.592568 0
0.467422 0.588083 0
0.42514 0.593726 0
0.408771 0.601214 0
0.387608 0.563713 0
0.361045 0.554726 0
0.329335 0.541462 0
0.282044 0.518127 0
0.251169 0.523617 0
0.210424 0.518017 0
0.167328 0.494924 0
0.126652 0.398547 0
0.103308 0.350714 0
0.0810343 0.25331 0
0.0703592 0.20898 0
0.0681411 0.19695 0
0.0691098 0.171648 0
0.063425 0.164298 0
0.0645004 0.151282 1
0.0569253 0.149557 0
0.0460422 0.145566 0
0.0464312 0.144513 0
0.0329277 0.112018 0
