0.173627 0.196266 0
0.175117 0.194714 0
0.176952 0.191086 1
0.171143 0.200806 0
0.169729 0.205358 0
0.174387 0.199859 0
0.169031 0.203725 0
0.16808 0.20785 0
0.175829 0.202536 0
0.176113 0.204521 0
0.166285 0.212708 0
0.162908 0.21519 0
0.162425 0.217625 0
0.161761 0.219054 0
0.159552 0.220573 0
0.15963 0.223132 0
0.160359 0.227212 0
0.161487 0.229443 0
0.1625 0.230438 0
0.162654 0.232956 0
0.164093 0.232759 0
0.166356 0.230269 0
0.167335 0.22882 0
0.165848 0.228794 0
0.165861 0.23035 0
0.167139 0.233246 0
0.166866 0.235323 0
0.168059 0.23441 0
0.169378 0.23295 0
0.169359 0.234218 0
0.167808 0.236362 0
0.165053 0.240229 0
0.163515 0.245368 0
0.161941 0.250067 0
0.158848 0.256656 0
0.155499 0.263897 0
0.151786 0.268372 0
0.150852 0.271802 0
0.147393 0.27531 0
0.140749 0.280154 0
0.133584 0.286196 1
0.138516 0.282432 0
0.139136 0.284379 0
0.141908 0.289385 0
0.142578 0.293896 0
0.145893 0.296296 0
0.144697 0.298528 0
0.14058 0.305666 0
0.133764 0.315467 0
0.126573 0.324584 0
0.11854 0.332709 1
0.124821 0.328174 0
0.126183 0.326851 0
0.120035 0.327247 0
0.113543 0.329237 0
0.107084 0.333953 0
0.101411 0.343712 0
0.0909069 0.356433 0
0.095465 0.370827 0
0.0978042 0.390355 0
0.0956614 0.407561 1
0.0729699 0.42382 0
0.0580984 0.435213 0
0.0545304 0.444398 0
0.050233 0.448703 0
0.0511262 0.44825 0
0.0495333 0.450121 0
0.0497421 0.457763 0
0.0551248 0.464402 0
0.0591448 0.473222 0
0.0596566 0.484045 0
0.0630521 0.493586 0
0.0683791 0.501087 1
0.0729686 0.510507 0
0.0738902 0.513038 0
0.0809518 0.510459 0
0.0861261 0.510521 0
0.0839949 0.516482 0
0.0845722 0.520534 0
0.083909 0.525814 0
0.08129 0.531073 0
0.074403 0.538649 0
0.061429 0.548102 0
0.0529498 0.559386 0
0.0509244 0.566942 1
0.0605979 0.570541 0
0.071203 0.573388 0
0.0833782 0.574351 0
0.0818294 0.581656 0
0.0845427 0.587484 0
0.0880194 0.595825 0
0.090271 0.602967 0
0.100581 0.601019 0
0.0978094 0.600144 0
0.0601234 0.615957 0
0.0563198 0.622656 0
0.0380493 0.631959 1
0.0425306 0.641024 0
0.0363727 0.655364 0
0.0191329 0.672284 0
0.00465572 0.687548 0
0.00659011 0.694426 0
0.00535327 0.699859 0
0.00920814 0.702714 0
0.0141792 0.701016 0
0.0131605 0.69787 0
0.0104899 0.696216 0
0.00987638 0.697417 0
0.0101348 0.7057 0
0.0158937 0.717593 0
0.0236264 0.724548 1
0.0463258 0.714296 0
0.0491875 0.72067 0
0.0494002 0.728904 0
0.0503348 0.733171 0
0.0510865 0.736227 0
0.0510553 0.737985 0
0.0471613 0.742788 0
0.039904 0.751807 0
0.0295417 0.762403 0
0.0189179 0.772418 1
0.0154399 0.775789 0
0.0115413 0.780958 0
0.00957212 0.787336 0
0.00929095 0.795014 0
0.0118405 0.802239 0
0.010774 0.805892 0
0.0123809 0.799772 0
0.0084027 0.800769 0
0.018767 0.816342 0
0.0175816 0.817066 1
0.00880163 0.807153 0
0.00123924 0.798959 0
0 0.797817 0
0.00228141 0.803262 0
0.00693448 0.811377 0
0.0172209 0.818084 0
0.0237678 0.823255 0
0.026637 0.830576 0
0.026728 0.840924 0
0.0195116 0.848995 1
0.00743114 0.851763 0
0.0185849 0.852309 0
0.0191895 0.853015 0
0.0161279 0.851853 0
0.0215997 0.846327 0
0.0243739 0.850001 0
0.0266975 0.855532 0
0.0286635 0.857782 0
0.0275828 0.859422 0
0.0277417 0.864703 0
0.0267568 0.869329 0
0.0256919 0.879857 0
0.0340814 0.876 0
0.0301485 0.879427 0
0.0270329 0.877692 0
0.0267398 0.879617 0
0.0262687 0.884858 0
0.0269786 0.886796 0
0.0246095 0.887551 0
0.0310955 0.892041 1
0.0313072 0.89565 0
0.0336312 0.897239 0
0.0383305 0.89591 0
0.0421677 0.892928 0
0.0428895 0.897504 0
0.0382161 0.903069 0
0.0337448 0.902827 0
0.0328204 0.905061 0
0.0231464 0.90379 0
0.0218775 0.90254 0
0.02218 0.900914 0
0.0166441 0.904039 0
0.0240285 0.903222 0
0.0242635 0.900979 0
0.0269672 0.900786 0
0.0300451 0.901669 0
0.0351663 0.905721 0
0.0407931 0.905896 0
0.0454601 0.902607 0
0.048839 0.899858 1
0.0563163 0.894 0
0.0621836 0.888978 0
0.0674636 0.884571 0
0.071501 0.880148 0
0.0717812 0.877334 0
0.0720495 0.873681 0
0.0744286 0.868407 0
0.0791157 0.863837 0
0.0858117 0.859389 0
0.0903649 0.854158 0
0.0948065 0.84635 0
0.101297 0.840041 0
0.105345 0.834261 0
0.10951 0.827447 0
0.118721 0.817943 0
0.121059 0.812649 0
0.125189 0.808623 0
0.12744 0.804564 0
0.136728 0.796049 0
0.1484 0.78535 0
0.162204 0.772219 0
0.165415 0.769431 0
0.154327 0.763964 0
0.161464 0.748554 0
0.156543 0.742028 0
0.152438 0.737311 0
0.157103 0.732521 0
0.166711 0.712732 0
0.170146 0.699921 0
0.167487 0.686947 0
0.165639 0.674872 0
0.173952 0.671018 0
0.174303 0.666457 0
0.171034 0.662749 0
0.175621 0.655136 0
0.183667 0.648496 1
0.187912 0.641003 0
0.186592 0.632258 0
0.186902 0.623162 0
0.196416 0.613749 0
0.2054 0.60711 0
0.204322 0.597687 0
0.213891 0.585962 0
0.218543 0.570645 0
0.235688 0.554702 0
0.242044 0.545413 0
0.2413 0.525184 0
0.248082 0.512164 0
0.257149 0.497701 0
0.267173 0.482527 1
0.268448 0.465555 0
0.265692 0.4549 0
0.269772 0.440403 0
0.27982 0.421732 0
0.290242 0.404368 0
0.313934 0.38006 0
0.336204 0.353868 0
0.354727 0.330427 0
0.407404 0.285377 0
0.465009 0.239474 0
0.489125 0.22329 0
0.500947 0.227385 0
0.466353 0.259541 0
0.222226 0.29434 1
0.202756 0.334359 0
0.207996 0.341586 0
0.220092 0.338156 0
0.240969 0.321175 0
0.256892 0.30877 0
0.260518 0.32514 0
0.27386 0.31927 0
0.285542 0.318496 0
0.500983 0.311067 0
0.516186 0.302245 1
0.529387 0.300066 0
0.542423 0.297731 0
0.551978 0.303225 0
0.564447 0.302902 0
0.574374 0.3048 0
0.587865 0.309253 0
0.598546 0.312527 0
0.618972 0.308483 1
0.624333 0.311367 0
0.632601 0.311822 0
0.642382 0.312059 0
0.650054 0.312514 0
0.664784 0.303159 0
0.683183 0.300081 0
0.693163 0.293721 0
0.695894 0.298001 0
0.70608 0.300945 0
0.717124 0.305379 0
0.72979 0.308075 0
0.743823 0.309993 0
0.752007 0.312649 0
0.754218 0.316871 0
0.765286 0.318711 0
0.780188 0.315929 1
0.786446 0.317034 0
0.79092 0.320412 0
0.797923 0.321666 0
0.805617 0.325686 0
0.812062 0.331916 0
0.825873 0.333006 0
0.831146 0.331817 0
0.841801 0.330468 0
0.85269 0.326474 0
0.863974 0.318108 1
0.866386 0.321523 0
0.868813 0.327258 0
0.87522 0.330594 0
0.881403 0.330722 0
0.886602 0.330851 0
0.887787 0.330085 0
0.888331 0.327967 0
0.893044 0.331296 0
0.900213 0.331217 0
0.906815 0.332715 0
0.909194 0.332957 0
0.91357 0.332238 0
0.918721 0.332007 0
0.920237 0.330123 0
0.92669 0.328322 0
0.936093 0.328933 0
0.941907 0.332373 0
0.950164 0.327257 0
0.940185 0.32271 0
0.941884 0.316109 1
0.945664 0.315498 0
0.950054 0.316919 0
0.954612 0.316011 0
0.96129 0.317308 0
0.959879 0.318355 0
0.9589 0.31845 0
0.963194 0.320029 0
0.969782 0.326283 0
0.969822 0.32297 0
0.970171 0.320177 0
0.967844 0.319296 0
0.966818 0.319403 0
0.966455 0.319061 0
0.97017 0.314986 0
0.971848 0.311267 0
0.972791 0.309474 1
0.967562 0.305734 0
0.966351 0.302954 0
0.970902 0.299465 0
0.973984 0.297181 0
0.973169 0.296092 0
0.974242 0.295099 0
0.974788 0.292455 0
0.972355 0.292814 0
0.974672 0.296073 0
0.977661 0.301134 1
0.974744 0.299893 0
0.972156 0.298772 0
0.965829 0.295937 0
0.962762 0.294999 0
0.965085 0.295638 0
0.967951 0.293816 0
0.951406 0.295502 0
0.96358 0.292051 0
0.958686 0.288259 0
0.968644 0.286007 1
0.970127 0.281521 0
0.966058 0.278543 0
0.957153 0.274123 0
0.958237 0.271098 0
0.962516 0.263099 0
0.965357 0.259294 0
0.964433 0.256227 0
0.960998 0.254493 0
0.956627 0.252985 0
0.951702 0.250745 0
0.948841 0.251223 0
0.943505 0.254578 1
0.93867 0.251451 0
0.932733 0.251643 0
0.9228 0.251065 0
0.913061 0.253535 0
0.908711 0.246758 0
0.912326 0.231627 0
0.908654 0.23393 0
0.905329 0.240892 0
0.910074 0.227072 0
0.91471 0.22431 1
0.91803 0.219694 0
0.923605 0.21092 0
0.930529 0.201585 0
0.93371 0.188558 0
0.935535 0.181846 0
0.935703 0.181042 0
0.936226 0.174635 0
0.94483 0.173648 0
0.971534 0.163141 0
0.986733 0.150856 0
0.992163 0.140609 0
0.988361 0.132939 0
0.990752 0.12814 0
1 0.125821 0
0.98211 0.128076 0
0.962211 0.133774 0
0.945331 0.136374 0
0.9385 0.132965 0
0.892567 0.193134 0
0.892377 0.16191 0
0.885317 0.154443 0
0.877785 0.156203 0
0.875029 0.152967 0
0.869561 0.150185 0
0.862772 0.154076 0
0.860387 0.156187 1
0.856709 0.158903 0
0.850861 0.159808 0
0.846531 0.164162 0
0.843983 0.168907 0
0.843467 0.171057 0
0.84148 0.171739 0
0.835476 0.176581 0
0.831698 0.179829 0
0.829495 0.179377 0
0.82542 0.178932 0
0.817625 0.18313 0
0.813753 0.184706 0
0.815104 0.182232 0
0.821793 0.178046 0
0.818117 0.17992 0
0.811544 0.184178 0
0.811671 0.184614 0
0.810452 0.189182 0
0.814157 0.182192 0
0.828757 0.168868 0
0.841361 0.158578 0
0.842918 0.157785 0
0.84465 0.158662 0
0.853477 0.151619 1
0.848705 0.153848 0
0.837098 0.16332 0
0.842526 0.159118 0
0.844516 0.155766 0
0.843267 0.151736 0
0.843435 0.149467 0
0.84258 0.148589 0
0.836227 0.151003 0
0.831778 0.151063 0
0.827407 0.14907 0
0.825313 0.149719 0
0.825851 0.147524 0
0.826646 0.143478 0
0.83064 0.141025 0
0.832884 0.133349 0
0.829126 0.143393 0
0.838251 0.137217 0
0.841915 0.131963 0
0.844594 0.1257 0
0.830915 0.124861 0
0.807151 0.134939 0
0.79345 0.138902 0
0.782606 0.137107 0
0.767535 0.136623 0
0.755291 0.135855 0
0.740293 0.137062 0
0.728464 0.136506 0
0.720501 0.133688 0
0.713654 0.133103 0
0.706307 0.133054 1
0.697904 0.131428 0
0.696142 0.124617 0
0.693909 0.1183 0
0.695331 0.113681 0
0.698669 0.105249 0
0.686337 0.0981056 0
0.670456 0.095349 0
0.658208 0.0927173 0
0.642399 0.0921696 0
0.626529 0.0908088 0
0.608214 0.0950004 0
0.589008 0.100101 0
0.560841 0.104897 0
0.543837 0.114751 0
0.547184 0.110252 0
0.550296 0.106224 0
0.540064 0.108185 0
0.515938 0.117945 0
0.508666 0.117735 0
0.502932 0.112434 0
0.488908 0.10982 0
0.478731 0.106643 1
0.475687 0.106313 0
0.468175 0.107999 0
0.463001 0.105209 0
0.451084 0.109821 0
0.435915 0.120672 0
0.434148 0.121135 0
0.410305 0.129908 0
0.40061 0.131817 0
0.391684 0.134218 0
0.382108 0.136971 0
0.369732 0.140171 0
0.357925 0.14129 0
0.34995 0.140772 0
0.34252 0.140179 0
0.334739 0.137858 0
0.324931 0.135525 0
0.317383 0.13453 0
0.320093 0.128472 0
0.306384 0.120855 0
0.302681 0.121933 0
0.301959 0.119308 0
0.298915 0.115591 0
0.294491 0.114845 0
0.293436 0.109571 0
0.295344 0.0956396 0
0.302598 0.0868107 1
0.309229 0.0863117 0
0.315165 0.085771 0
0.3184 0.0860018 0
0.329721 0.0835333 0
0.343478 0.0778235 0
0.356106 0.0719011 0
0.367597 0.0684777 0
0.36707 0.0796637 0
0.3815 0.0686281 0
0.388103 0.0585462 0
0.386272 0.0486803 0
0.381393 0.040337 0
0.388849 0.0305518 0
0.386303 0.026094 0
0.37697 0.0212487 0
0.374122 0.012707 0
0.377672 0.00613348 0
0.381675 0.00359903 0
0.375184 0.00336121 0
0.380667 0.00296348 0
0.387246 0.000307525 0
0.391401 0 0
0.383708 0.00696186 0
0.368288 0.0218709 0
0.365249 0.0240574 0
0.356406 0.030643 0
0.347192 0.0338426 0
0.339616 0.0385245 0
0.332633 0.0380786 0
0.331626 0.040167 0
0.330052 0.0431476 0
0.332487 0.0482567 0
0.327178 0.0524862 0
0.327683 0.0515352 0
0.323656 0.056789 0
0.318477 0.063482 0
0.314796 0.0648965 0
0.306881 0.0702767 0
0.295275 0.0819347 0
0.294873 0.0729723 0
0.287137 0.081232 0
0.273243 0.0945157 0
0.260353 0.104961 0
0.261228 0.0913596 0
0.261541 0.0873361 0
0.254958 0.101073 0
0.259826 0.0932994 0
0.265667 0.0883488 0
0.270451 0.0851111 0
0.274436 0.083422 1
0.264988 0.0952225 0
0.258905 0.101237 0
0.258946 0.103348 0
0.257414 0.109523 0
0.256713 0.113448 0
0.250506 0.115188 0
0.253862 0.106429 0
0.251393 0.108595 0
0.246365 0.11316 0
0.241908 0.118236 0
0.24231 0.118505 0
0.243592 0.117304 0
0.244829 0.117985 0
0.248493 0.118907 0
0.242519 0.120416 0
0.243315 0.120229 0
0.243757 0.120935 0
0.245192 0.120671 0
0.242884 0.117448 0
0.241173 0.113691 0
0.240801 0.111793 0
0.242775 0.10739 0
0.242672 0.105161 0
0.24445 0.100335 0
0.248657 0.0943323 0
0.250038 0.0916824 0
0.251577 0.0875661 0
0.255389 0.081496 1
0.256903 0.081859 0
0.257004 0.084565 0
0.257195 0.0869952 0
0.25743 0.0874228 0
0.259242 0.0860032 0
0.265733 0.0823013 0
0.271303 0.0779423 0
0.274941 0.0738166 0
0.279773 0.0694792 0
0.279994 0.0640135 0
0.27967 0.0569437 0
0.283399 0.0481227 0
0.287417 0.0408372 0
0.287536 0.0363709 0
0.28344 0.0366436 0
0.277536 0.0375434 0
0.272863 0.0375978 0
0.269101 0.0360424 0
0.269017 0.0329106 0
0.274645 0.0286368 0
0.277195 0.034192 0
0.2728 0.044383 0
0.266663 0.0499509 0
0.261738 0.0544599 0
0.256695 0.0578159 0
0.252836 0.0583647 0
0.250558 0.0634857 0
0.248976 0.0660335 0
0.249173 0.0684698 0
0.251558 0.0675438 0
0.245576 0.0764894 0
0.24515 0.0746045 0
0.249269 0.0798971 0
0.249485 0.0748147 0
0.244552 0.0725586 0
0.244418 0.0690038 0
0.239904 0.0722038 0
0.241631 0.0722895 0
0.240872 0.0775509 0
0.23766 0.0786731 0
0.235789 0.0789288 0
0.233572 0.0793966 1
0.233662 0.0820991 0
0.235441 0.0853804 0
0.234425 0.088611 0
0.231723 0.0912486 0
0.230268 0.0910973 0
0.233249 0.0886598 0
0.23717 0.0879649 0
0.242428 0.0862847 0
0.246011 0.0848802 0
0.24935 0.0815064 0
0.249441 0.080411 0
0.244856 0.0822106 0
0.243404 0.083973 0
0.242247 0.0878648 0
0.234757 0.0957585 0
0.22412 0.10297 0
0.212871 0.10808 0
0.213957 0.110431 0
0.216925 0.109444 0
0.203699 0.116946 0
0.196793 0.121686 0
0.190174 0.129828 0
0.183832 0.138525 0
0.176997 0.14508 0
0.171557 0.15062 0
0.169842 0.158041 0
0.170379 0.15949 0
0.171195 0.156278 0
0.171544 0.151552 0
0.175841 0.143209 0
0.177286 0.13673 0
0.181215 0.130319 0
0.191135 0.120683 0
0.19533 0.115949 0
0.199121 0.110731 0
0.203008 0.107631 0
0.20677 0.104569 0
0.205362 0.105582 0
0.207961 0.103504 0
0.211737 0.100194 0
0.215248 0.0970398 0
0.227914 0.0833772 0
0.230797 0.0830318 0
0.233351 0.0793567 1
0.235132 0.0792974 0
0.237924 0.0763513 0
0.24376 0.0748298 0
0.249474 0.0707773 0
0.245271 0.0726463 0
0.242655 0.0759828 0
0.242078 0.0761258 0
0.240192 0.0753253 0
0.239949 0.0747699 0
0.239494 0.0718301 0
0.238017 0.0702849 0
0.233213 0.075929 0
0.238363 0.0705329 0
0.230025 0.0745176 0
0.234924 0.0742164 0
0.239258 0.077029 0
0.248239 0.0701602 0
0.247338 0.0715816 0
0.250263 0.0719354 0
0.25931 0.0689187 0
0.258908 0.0721333 0
0.259425 0.0739094 0
0.262118 0.0689515 0
0.264383 0.0658602 0
0.265381 0.0667903 0
0.287895 0.046306 0
0.295713 0.0385497 0
0.284155 0.0519906 0
0.275408 0.0530193 0
0.2625 0.058597 0
0.247026 0.0700298 0
0.233092 0.0793173 1
0.244168 0.0608121 0
0.255277 0.0478847 0
0.258266 0.0429633 0
0.258179 0.0435094 0
0.260956 0.0435002 0
0.260029 0.0443969 0
0.253456 0.0494627 0
0.255204 0.0493971 0
0.248482 0.0589862 0
0.243652 0.0671458 0
0.249793 0.0559265 0
0.242702 0.073951 0
0.240824 0.0724961 0
0.231412 0.0791149 0
0.216851 0.0881351 0
0.218184 0.0884115 0
0.230717 0.0850421 0
0.228345 0.0840135 0
0.225515 0.0825836 0
0.226641 0.0845616 0
0.230585 0.0822648 0
0.233549 0.0789972 0
0.236823 0.0736415 0
0.23753 0.0722072 0
0.238619 0.0759412 0
0.232253 0.0769929 0
0.232207 0.0768788 0
0.233616 0.0747478 0
0.234616 0.0763337 0
0.229386 0.0812623 0
0.230962 0.0796137 0
0.233095 0.0785634 0
0.232627 0.0804134 0
0.231491 0.0794357 0
0.230258 0.0791798 0
0.23289 0.0792885 1
0.239797 0.0746633 0
0.239736 0.0743994 0
0.239425 0.0747126 0
0.245285 0.0688125 0
0.249192 0.0659044 0
0.253223 0.0646105 0
0.258228 0.0614903 0
0.261847 0.0587119 0
0.269484 0.0506259 0
0.271003 0.0464618 0
0.271892 0.0429913 0
0.272568 0.0378578 0
0.272884 0.0334332 0
0.271977 0.0304465 0
0.269314 0.0286956 0
0.269078 0.0256058 0
0.265198 0.0250788 0
0.259056 0.0264669 0
0.257387 0.0248979 0
0.253654 0.0256458 0
0.250366 0.0285407 0
0.245228 0.029759 0
0.235575 0.0355632 0
0.230697 0.0397644 0
0.220852 0.0471117 0
0.217886 0.0525221 0
0.220187 0.0517917 0
0.220252 0.0564254 0
0.218521 0.0570078 0
0.21786 0.0593128 0
0.214462 0.0617867 0
0.211728 0.0651124 0
0.212892 0.0661868 0
0.216348 0.0672094 0
0.218888 0.0688397 0
0.222494 0.0704716 0
0.227127 0.070226 0
0.228034 0.0703228 0
0.228226 0.0754308 0
0.224879 0.0816662 0
0.222267 0.0884386 0
0.232723 0.0792672 1
0.233443 0.0806599 0
0.232404 0.083038 0
0.233278 0.0795522 0
0.237144 0.0799078 0
0.236758 0.0836931 0
0.237622 0.082809 0
0.239771 0.0816069 0
0.238202 0.0844479 0
0.238998 0.0847599 0
0.240736 0.0819635 0
0.24175 0.0816137 0
0.240051 0.0832923 0
0.238739 0.08209 0
0.238333 0.0819637 0
0.23676 0.0794725 0
0.235846 0.0784658 0
0.236091 0.0778016 0
0.235186 0.0791008 0
0.233125 0.081447 0
0.233646 0.0815274 0
0.232956 0.078641 0
0.23131 0.0738051 0
0.231822 0.0724172 0
0.228697 0.0745697 0
0.225343 0.077674 0
0.224586 0.080902 0
0.228052 0.0794129 0
0.230729 0.0778209 0
0.228484 0.0821463 0
0.2308 0.07067 0
0.231243 0.0802701 0
0.232679 0.0792618 1
0.224815 0.0836706 0
0.225035 0.0865639 0
0.231182 0.0829471 0
0.22406 0.0897592 0
0.221286 0.0916425 0
0.219769 0.0927471 0
0.217186 0.0963933 0
0.21391 0.101239 0
0.213793 0.0995301 0
0.218925 0.0905788 0
0.21677 0.0962923 0
0.219886 0.0967621 0
0.224118 0.0859742 0
0.222456 0.0878018 0
0.225761 0.0852669 0
0.232674 0.0792612 1
