0.18935 0.612506 0
0.159868 0.688442 0
0.155521 0.713317 0
0.166735 0.722419 0
0.182457 0.72685 0
0.196732 0.743892 0
0.208667 0.752287 1
0.216044 0.768823 0
0.218975 0.78471 0
0.226934 0.805641 0
0.240426 0.82697 0
0.271618 0.860124 0
0.316338 0.869664 0
0.389611 0.851025 0
0.412554 0.869926 0
0.441979 0.886486 0
0.475955 0.906632 0
0.516202 0.908672 0
0.67806 0.856216 0
0.707333 0.885767 0
0.728199 0.914713 0
0.724836 0.9349 0
0.742306 0.954211 0
0.767254 0.954729 0
0.781952 0.951386 0
0.791811 0.954889 0
0.805098 0.940483 0
0.810953 0.91274 0
0.818268 0.89576 0
0.820392 0.878267 0
0.833381 0.85163 0
0.821211 0.805769 0
0.820018 0.773311 0
0.806095 0.738171 0
0.800538 0.706557 0
0.795202 0.68248 0
0.787343 0.666494 0
0.786092 0.647976 0
0.784656 0.641706 0
0.788859 0.6331 0
0.787092 0.616324 1
0.795114 0.607474 0
0.811651 0.597055 0
0.823673 0.582996 0
0.84643 0.565683 0
0.877088 0.537273 0
0.88385 0.510093 0
0.9034 0.495589 0
0.915629 0.478953 0
0.944038 0.447263 0
0.976064 0.419057 0
0.998008 0.397117 0
1 0.368652 0
0.987387 0.356393 0
0.993296 0.323539 0
0.955002 0.307525 0
0.91873 0.287204 0
0.897734 0.275689 0
0.874288 0.264425 0
0.846104 0.259345 0
0.817107 0.250373 0
0.792852 0.23478 0
0.778555 0.219553 1
0.780298 0.207099 0
0.780887 0.196899 0
0.784054 0.183149 0
0.798874 0.157345 0
0.807587 0.127156 0
0.790891 0.101252 0
0.790517 0.0787132 0
0.77345 0.0397732 0
0.748078 0 0
0.663362 0.0134917 0
0.518992 0.0300508 0
0.497891 0.038705 0
0.49492 0.0354553 0
0.491303 0.0330405 0
0.488971 0.0305548 0
0.487923 0.0325853 0
0.488595 0.0372517 0
0.485248 0.0374568 1
0.470814 0.0320909 0
0.413251 0.0508564 0
0.371024 0.0728045 0
0.339231 0.0864933 0
0.29159 0.10148 0
0.262395 0.115219 0
0.243866 0.140681 0
0.178558 0.159007 0
0.154438 0.178113 0
0.137218 0.215814 0
0.119844 0.233269 0
0.101128 0.265371 0
0.0832922 0.295357 0
0.0791461 0.321445 0
0.0589944 0.339301 0
0.063452 0.370177 1
0.0665835 0.390108 0
0.0542456 0.426362 0
0.0573895 0.450267 0
0.0782973 0.4707 0
0.0845871 0.49606 0
0.113049 0.506609 0
0.14443 0.529922 0
0.15143 0.565039 0
0.155988 0.595363 0
0.145538 0.622989 0
0.119711 0.665836 0
0.126445 0.695313 0
0.139237 0.707123 0
0.167878 0.702025 0
0.184483 0.714177 0
0.205408 0.720223 0
0.232949 0.766927 0
0.253505 0.786383 0
0.246784 0.809209 0
0.245814 0.836957 0
0.29022 0.870675 0
0.480702 0.848071 0
0.527547 0.829879 0
0.548681 0.840854 0
0.562649 0.872935 0
0.590501 0.870892 0
0.613051 0.886282 0
0.630414 0.901597 1
0.633766 0.915042 0
0.64254 0.921208 0
0.645873 0.92767 0
0.648918 0.931921 0
0.64972 0.926501 0
0.663605 0.924449 0
0.668852 0.927845 0
0.674812 0.926228 0
0.678347 0.931344 0
0.688509 0.922227 0
0.702017 0.921794 0
0.710552 0.912787 0
0.712076 0.903028 0
0.714862 0.867888 0
0.703136 0.83656 0
0.704199 0.822117 0
0.715372 0.790039 0
0.707873 0.751114 0
0.705295 0.732514 0
0.710731 0.709868 0
0.707279 0.66858 0
0.704227 0.63777 0
0.724025 0.617818 0
0.754092 0.568404 0
0.803844 0.552866 0
0.835191 0.530159 0
0.849322 0.510044 0
0.892081 0.497115 0
0.878193 0.480223 0
0.875536 0.472398 0
0.871749 0.453289 0
0.926728 0.438617 0
0.924942 0.422149 0
0.922135 0.405163 0
0.940364 0.386484 0
0.960134 0.371674 0
0.946958 0.352916 0
0.917313 0.344093 0
0.908883 0.337194 0
0.892318 0.320182 0
0.887003 0.312886 0
0.832551 0.30206 0
0.80516 0.296598 0
0.785802 0.291858 0
0.769711 0.282635 0
0.755619 0.277686 0
0.731311 0.214648 0
0.730069 0.207627 0
0.731946 0.199354 0
0.729484 0.194624 1
0.718495 0.17855 0
0.697567 0.161725 0
0.678017 0.13472 0
0.664762 0.120396 0
0.65573 0.101663 0
0.637865 0.0859506 0
0.598609 0.0759556 0
0.575682 0.0530976 1
0.572873 0.0431947 0
0.569715 0.0367389 0
0.563655 0.0378926 0
0.566209 0.0355452 0
0.56772 0.0257175 0
0.557429 0.0229541 0
0.546868 0.0258798 0
0.543216 0.033186 0
0.554096 0.0129724 0
0.534337 0.0467743 0
0.455487 0.0768447 0
0.393298 0.0888295 0
0.361664 0.10518 0
0.319339 0.123818 0
0.25812 0.153234 0
0.239966 0.164294 0
0.220523 0.16928 0
0.193747 0.194342 1
0.17202 0.227411 0
0.178759 0.242344 0
0.151015 0.26901 0
0.132471 0.307898 0
0.140673 0.333907 0
0.116444 0.375615 0
0.000609246 0.412245 0
0.0212279 0.445136 0
0.00735401 0.46788 0
0 0.481006 0
0.0255149 0.49736 0
0.0175036 0.529732 0
0.0325787 0.54499 0
0.0318224 0.560521 0
0.0448957 0.578027 0
0.0504276 0.599393 1
0.060352 0.614179 0
0.0704923 0.621384 0
0.0813356 0.632372 0
0.0784821 0.653317 0
0.107786 0.666157 0
0.113606 0.69355 0
0.138641 0.689739 0
0.299799 0.685235 0
0.294151 0.701409 0
0.304979 0.733413 0
0.320498 0.759886 0
0.332575 0.774723 0
0.339708 0.783512 0
0.353489 0.796933 1
0.374288 0.802061 0
0.389992 0.820796 0
0.411384 0.83063 0
0.438701 0.847562 0
0.46605 0.838335 0
0.496845 0.838669 0
0.518084 0.847138 0
0.534872 0.867866 0
0.563386 0.867258 0
0.592229 0.850761 0
0.605484 0.847708 0
0.585226 0.882537 0
0.598741 0.891661 0
0.634041 0.86183 0
0.648802 0.854861 0
0.662216 0.851372 0
0.654534 0.847415 0
0.668605 0.840328 0
0.683253 0.828896 0
0.685821 0.810759 0
0.713523 0.777392 0
0.708047 0.745559 0
0.701342 0.719908 0
0.665549 0.679259 0
0.663623 0.64604 0
0.6748 0.633782 0
0.681405 0.601646 0
0.69764 0.601574 0
0.693379 0.568301 0
0.704852 0.572413 0
0.708062 0.543077 0
0.714033 0.535653 1
0.72663 0.528344 0
0.738076 0.514168 0
0.740586 0.507393 0
0.744557 0.490682 0
0.710632 0.50411 0
0.853826 0.465878 0
0.884753 0.441203 0
0.869026 0.42835 0
0.87152 0.412856 0
0.865416 0.399916 0
0.861089 0.390316 0
0.870962 0.370742 1
0.870352 0.360915 0
0.863425 0.354896 0
0.858533 0.342892 0
0.840124 0.341488 0
0.839103 0.328385 0
0.740071 0.325005 0
0.75576 0.306215 0
0.745253 0.298016 0
0.733717 0.295714 0
0.711726 0.289746 0
0.717614 0.274708 0
0.722938 0.261075 1
0.722937 0.261075 0
0.722935 0.261067 0
0.722905 0.261108 0
0.722051 0.260666 0
0.702844 0.225995 0
0.611204 0.160735 0
