0.175122 0.537228 0
0.163671 0.556847 0
0.0980899 0.524648 0
0.055175 0.496607 0
0.0315255 0.463243 0
0.00352967 0.425061 0
0.016939 0.36464 0
0.00863474 0.332917 0
0.0314384 0.301766 0
0.0507221 0.274105 0
0.0699631 0.244816 0
0.0809068 0.222077 0
0.104528 0.201105 0
0.1211 0.181439 0
0.118609 0.162379 0
0.130072 0.147345 0
0.150218 0.130564 0
0.158501 0.122103 0
0.174381 0.112303 1
0.189757 0.10308 0
0.205926 0.0870763 0
0.223328 0.0761933 0
0.231827 0.0528716 0
0.264615 0.0484143 0
0.299826 0.0369926 0
0.320043 0.0293494 0
0.343675 0.00889682 0
0.375421 0.00520522 0
0.403508 0.00164053 0
0.429539 0 0
0.431647 0.00515338 0
0.429649 0.0139929 0
0.458231 0.0187092 0
0.488673 0.0397664 0
0.524218 0.0396765 0
0.538431 0.0770396 0
0.586407 0.0768599 0
0.598943 0.103015 0
0.624675 0.116885 0
0.662054 0.119614 0
0.680459 0.150928 0
0.707249 0.167178 0
0.730012 0.204305 0
0.762651 0.208893 0
0.783433 0.24861 0
0.827516 0.271571 0
0.854939 0.305748 1
0.881013 0.329747 0
0.925007 0.36278 0
0.948499 0.400945 0
0.977194 0.417936 0
1 0.470048 0
0.961443 0.502627 0
0.925282 0.531789 0
0.876758 0.556655 0
0.837702 0.581693 0
0.828501 0.598059 0
0.816254 0.634831 0
0.812179 0.66148 0
0.800395 0.672495 0
0.779734 0.689057 1
0.761674 0.708753 0
0.735919 0.729552 0
0.721505 0.753886 0
0.686369 0.77836 0
0.669155 0.800456 0
0.630877 0.82097 0
0.609222 0.836979 0
0.576999 0.866323 0
0.521159 0.868393 0
0.471391 0.87582 0
0.425238 0.889017 0
0.380338 0.890657 0
0.364241 0.879589 0
0.346801 0.881657 0
0.344098 0.875895 0
0.325099 0.864377 1
0.293277 0.855575 0
0.260214 0.834008 0
0.239974 0.819392 0
0.227089 0.78842 0
0.218765 0.764572 0
0.179047 0.757305 0
0.159933 0.732923 0
0.173729 0.693139 0
0.159272 0.668272 0
0.138969 0.647345 0
0.133688 0.610361 0
0.117855 0.583717 1
0.113911 0.56243 0
0.120911 0.54075 0
0.114923 0.52295 0
0.0921531 0.49027 0
0.076241 0.46097 0
0.0468558 0.411689 0
0.0156385 0.374707 0
0 0.342471 0
0.0222276 0.321462 0
0.0441118 0.306009 0
0.0414766 0.280269 0
0.0682079 0.259041 0
0.0893729 0.225144 0
0.100767 0.199188 0
0.116678 0.182385 0
0.128257 0.167325 0
0.179898 0.152879 0
0.218409 0.130024 0
0.238376 0.114657 0
0.258883 0.101459 0
0.273102 0.0857931 0
0.30513 0.0722071 0
0.334124 0.0610311 0
0.363797 0.0537454 0
0.391043 0.0475785 0
0.421317 0.0317352 1
0.421959 0.0316912 0
0.425837 0.028215 0
0.433754 0.0241752 0
0.435223 0.020579 0
0.437017 0.0196033 0
0.455095 0.0125176 0
0.49559 0.0391013 0
0.52547 0.0542903 0
0.553777 0.0807674 0
0.588706 0.08478 0
0.625657 0.0853049 0
0.638968 0.114923 0
0.657056 0.139575 0
0.677186 0.159258 0
0.715955 0.160985 0
0.731688 0.196294 0
0.774879 0.196141 0
0.808732 0.225578 0
0.847103 0.234723 0
0.875037 0.262576 0
0.901406 0.312074 0
0.915384 0.395231 0
