0.127354 0.156893 1
0.128017 0.157481 0
0.128017 0.157481 0
0.128017 0.157481 0
0.358642 0.0342994 0
0.338011 0.0316007 0
0.321536 0.0372103 0
0.292174 0.0349954 0
0.277673 0.0407705 0
0.263433 0.0480146 0
0.250139 0.0573649 0
0.237665 0.0662419 0
0.219236 0.0767684 0
0.187079 0.0901398 0
0.152141 0.0997637 1
0.139556 0.133818 0
0.1271 0.170801 0
0.114565 0.204452 0
0.103904 0.236362 0
0.0976547 0.268899 0
0.0977795 0.29843 0
0.0933604 0.321286 0
0.0866254 0.345799 0
0.0724054 0.379898 0
0.0491459 0.426105 0
0.0192573 0.487801 0
0 0.549169 1
0.0328846 0.575313 0
0.0651746 0.586676 0
0.101031 0.610459 0
0.135255 0.639021 0
0.171082 0.661925 0
0.197526 0.69088 0
0.210354 0.72491 0
0.231534 0.750616 0
0.252836 0.779443 0
0.269098 0.811558 0
0.288944 0.834869 0
0.3071 0.855786 0
0.317318 0.87119 0
0.33449 0.885259 0
0.363651 0.894283 0
0.401275 0.907001 0
0.427277 0.912141 0
0.446032 0.911169 0
0.471826 0.920435 0
0.500946 0.9302 1
0.520651 0.921748 0
0.553193 0.919933 0
0.568596 0.910909 0
0.582018 0.897971 0
0.598089 0.885366 0
0.589973 0.862029 0
0.612935 0.853982 0
0.633653 0.840294 0
0.639028 0.823912 0
0.64087 0.80956 0
0.646408 0.795886 0
0.653989 0.772778 0
0.667534 0.744833 0
0.689667 0.719974 0
0.726921 0.68529 0
0.761755 0.64253 0
0.770504 0.606566 0
0.76576 0.578512 0
0.804412 0.549589 0
0.83544 0.525544 0
0.857697 0.501817 0
0.879938 0.478976 0
0.89787 0.455439 0
0.916873 0.419103 0
0.941815 0.366076 0
1 0.325655 1
0.989594 0.301921 0
0.968505 0.28155 0
0.945588 0.258087 0
0.920304 0.234878 0
0.903466 0.212856 0
0.89462 0.190362 0
0.865039 0.165502 0
0.850673 0.141225 0
0.839778 0.118421 0
0.822646 0.0985549 0
0.80269 0.0807207 0
0.785266 0.0648069 0
0.76087 0.0508038 0
0.733157 0.0370803 0
0.705802 0.0215954 0
0.672567 0.00751613 1
0.622554 0.00686868 0
0.581474 0.00291364 0
0.545792 0 0
0.511563 0.00382223 0
0.473325 0.00869344 0
0.437047 0.0126508 0
0.402577 0.0164198 0
0.372002 0.0167807 0
0.344061 0.017401 0
0.329347 0.021038 0
0.341165 0.0367825 0
0.335715 0.0472649 0
0.309408 0.0507996 0
0.297078 0.0599557 0
0.267158 0.0576363 0
0.237896 0.0715574 0
0.204306 0.0878419 0
0.186229 0.111282 0
0.160305 0.147053 0
0.145055 0.18712 0
0.133545 0.229919 0
0.122522 0.271333 0
0.118586 0.304001 0
0.111466 0.335615 0
0.101573 0.373721 0
0.0949301 0.410678 0
0.0974733 0.44811 0
0.0731054 0.501717 0
0.0832621 0.581171 0
0.118752 0.634316 0
0.142442 0.656867 0
0.180452 0.676669 0
0.206248 0.708917 0
0.235257 0.735505 0
0.259911 0.75486 0
0.283619 0.780014 0
0.302007 0.813492 0
0.310764 0.835887 0
0.323233 0.855294 0
0.34341 0.882479 0
0.359463 0.899591 0
0.357863 0.90486 0
0.368259 0.918265 0
