0 0.112912 1
0.000390122 0.113736 0
0.000593509 0.11571 0
0.00164962 0.117208 0
0.00210466 0.120536 0
0.00463803 0.123457 0
0.00492627 0.124953 0
0.00551315 0.12603 0
0.00714261 0.127255 0
0.00951294 0.127498 0
0.0104784 0.131857 0
0.00984015 0.131329 0
0.00997155 0.131348 0
0.00995783 0.131361 0
0.00995964 0.131361 0
0.00995933 0.131361 0
0.00995932 0.131361 0
0.00995929 0.131361 0
0.00995925 0.131361 0
0.00995951 0.131361 0
0.00995454 0.131362 0
0.00998574 0.131393 0
0.0103979 0.13064 0
0.00447101 0.131218 0
0.0357463 0.17493 0
0.0438259 0.18362 0
0.0452548 0.187132 0
0.0452524 0.189838 0
0.0487742 0.192868 0
0.0492378 0.196022 0
0.0508264 0.199785 0
0.0526912 0.201839 0
0.052667 0.207787 0
0.0539872 0.210796 0
0.0547454 0.213368 0
0.0563658 0.215062 0
0.0582893 0.216616 0
0.0595721 0.219707 0
0.0606 0.22275 0
0.0607617 0.224084 0
0.0629219 0.227549 0
0.0631571 0.230201 0
0.0651753 0.233559 0
0.0657331 0.236729 0
0.0677537 0.238356 0
0.0684569 0.240423 0
0.0709194 0.243423 0
0.0726377 0.244101 0
0.0682114 0.250845 0
0.00286396 0.267179 0
0.903083 0.299871 0
0.785415 0.236209 0
0.780641 0.219337 0
0.795675 0.229472 0
0.817309 0.216285 0
0.825592 0.222618 0
0.796805 0.229675 0
0.828639 0.220817 0
0.8245 0.219796 0
0.852789 0.23211 0
0.805165 0.242233 0
0.831301 0.231039 0
0.826463 0.243393 0
0.852888 0.232729 0
0.830104 0.236832 0
0.832019 0.239374 0
0.854704 0.232201 0
0.841665 0.243576 0
0.852716 0.244622 0
0.808168 0.261088 0
0.852245 0.242964 0
0.838374 0.248219 0
0.843527 0.249462 0
0.830264 0.252306 0
0.83698 0.248313 0
0.838376 0.249968 0
0.851697 0.248753 0
0.853506 0.250505 0
0.827267 0.254576 0
0.843677 0.24153 0
0.83553 0.245445 0
0.849426 0.237575 0
0.835675 0.24127 0
0.84792 0.239379 0
0.843003 0.245124 0
0.862701 0.237747 0
0.851809 0.234747 0
0.862138 0.235509 0
0.858034 0.231883 0
0.847367 0.228915 0
0.84699 0.223416 0
0.863475 0.21508 0
0.864361 0.2097 0
0.854604 0.202896 0
0.859614 0.198621 0
0.84382 0.196249 0
0.845133 0.193535 0
0.87312 0.180408 0
0.859311 0.183102 0
0.871943 0.17655 0
0.864625 0.174528 0
0.877364 0.164381 0
0.864787 0.170725 0
0.869389 0.162819 0
0.870035 0.163749 0
0.871728 0.156791 0
0.87931 0.156139 0
0.888099 0.150041 0
0.89238 0.146761 0
0.896807 0.145311 0
0.90235 0.144642 0
0.908744 0.140819 0
0.91209 0.139178 0
0.90688 0.138538 0
0.906348 0.0803462 0
0.905313 0.0815576 0
0.905701 0.0809712 0
0.90628 0.0816576 0
0.906188 0.0814514 0
0.90679 0.0818148 0
0.90106 0.08303 0
0.913098 0.140102 0
0.91732 0.139919 0
0.925553 0.135182 0
0.86596 0.0193766 0
0.868681 0.0364647 0
0.869205 0.0437513 0
0.86875 0.0434053 0
0.868648 0.0434849 0
0.868656 0.0435003 0
0.868652 0.0435045 1
0.868863 0.036822 1
0.867845 0.0360927 0
0.867271 0.0358058 0
0.866295 0.0353937 0
0.863755 0.0332364 0
0.864953 0.0365341 0
0.853651 0.0303432 0
0.856143 0.032667 0
0.856855 0.0341635 0
0.854436 0.034499 0
0.854943 0.0353811 0
0.85644 0.0364392 0
0.850724 0.0359265 0
0.862515 0.0391037 0
0.855403 0.0392227 0
0.858404 0.0395294 0
0.860208 0.0401886 0
0.852022 0.0426595 0
0.858211 0.0421077 0
0.856215 0.0435242 0
0.860581 0.0428347 0
0.862996 0.0429909 0
0.864982 0.0431186 0
0.864354 0.0436562 0
0.863975 0.0441542 0
0.864363 0.0444383 0
0.863498 0.0453138 0
0.864666 0.0451191 0
0.865661 0.0448661 0
0.865544 0.0452617 0
0.866415 0.0449211 0
0.865955 0.0457618 0
0.867242 0.0449099 0
0.867774 0.0444179 1
0.870087 0.0393338 1
0.871328 0.058089 0
0.868151 0.0501577 0
0.894414 0.058901 0
0.897176 0.0614509 0
0.898966 0.0620648 0
0.900833 0.0635324 0
0.901664 0.0634231 0
0.902951 0.0643942 0
0.903633 0.0647324 1
0.908937 0.0737864 1
0.908923 0.0739721 0
0.908994 0.0749009 0
0.917548 0.0943972 0
0.918456 0.0953943 1
0.919915 0.108836 1
0.920908 0.109386 0
0.921605 0.110483 0
0.920953 0.112176 0
0.924383 0.111327 0
0.926467 0.111872 0
0.927726 0.112711 0
0.92854 0.113623 0
0.932474 0.11069 0
0.930908 0.112974 0
0.930963 0.114842 0
0.929134 0.117037 0
0.933725 0.111071 0
0.932815 0.113392 0
0.935435 0.110388 0
0.92235 0.115843 0
0.835341 0.12449 0
0.915543 0.115985 0
0.919232 0.118956 0
0.925314 0.121854 0
0.923954 0.121173 0
0.915289 0.119784 0
0.930046 0.124625 0
0.923197 0.122258 0
0.933728 0.12649 0
0.930479 0.125364 0
0.924482 0.12387 0
0.929867 0.127597 0
0.975628 0.153484 0
0.980961 0.160604 0
0.992363 0.186215 0
0.993016 0.197295 0
0.994568 0.204022 0
0.994133 0.213411 0
0.994953 0.222447 0
0.997506 0.226014 0
0.999073 0.229494 0
0.991134 0.241207 0
0.969746 0.259029 0
1 0.249347 0
0.97021 0.272786 0
0.944055 0.281768 0
0.947003 0.284899 0
0.972928 0.276889 0
0.976841 0.280193 0
0.966707 0.287233 0
0.962205 0.29076 0
0.943214 0.299725 0
0.966896 0.294477 0
0.959637 0.298897 0
0.963766 0.297844 0
0.953239 0.297413 0
0.964604 0.299325 0
0.978678 0.296558 0
0.970625 0.299871 0
0.974922 0.299804 0
0.986288 0.292212 0
0.974082 0.300994 0
0.971928 0.305784 0
0.958165 0.310654 0
0.923195 0.323592 0
0.956555 0.320234 0
0.95237 0.319955 0
0.938008 0.312883 0
0.931309 0.297922 0
0.905695 0.286457 0
0.903264 0.285857 0
0.9027 0.288812 0
0.913394 0.283196 0
0.908145 0.286319 0
0.906752 0.292538 0
0.911124 0.301987 0
0.914351 0.308438 0
0.912714 0.312304 0
0.920386 0.31422 0
0.92747 0.308405 0
0.926128 0.305298 0
0.923547 0.306171 0
0.929335 0.300851 0
0.928591 0.295843 0
0.927423 0.293383 0
0.92493 0.294144 0
0.922962 0.288662 0
0.924553 0.290563 0
0.923171 0.291036 0
0.930665 0.293813 0
0.930833 0.301261 0
0.931722 0.29478 0
0.932814 0.296743 0
0.934829 0.296571 0
0.932469 0.295138 0
0.931796 0.29374 0
0.931533 0.290106 0
0.929696 0.284362 0
0.930203 0.279382 0
0.928148 0.280641 0
0.927632 0.274475 0
0.919517 0.271787 0
0.917963 0.263047 0
0.91477 0.25379 0
0.912747 0.247865 0
0.912895 0.243999 0
0.910644 0.240958 0
0.913312 0.233809 0
0.914238 0.229126 0
0.911094 0.223282 0
0.91701 0.21521 0
0.916394 0.210328 0
0.913759 0.206523 0
0.913704 0.200064 0
0.915511 0.194692 0
0.913906 0.189513 0
0.911946 0.184224 0
0.908826 0.179498 0
0.911645 0.172269 0
0.910941 0.16862 0
0.912473 0.162946 0
0.913239 0.157523 0
0.913732 0.152546 0
0.915799 0.149118 0
0.917559 0.144044 0
0.917313 0.139568 1
0.914645 0.144928 0
0.917653 0.0994038 1
0.913039 0.138263 0
0.910926 0.0994572 0
0.917434 0.100555 0
0.917297 0.0996802 0
0.919173 0.0996119 0
0.906124 0.0809621 0
0.908809 0.0790172 0
0.908423 0.0785231 0
0.909373 0.0788377 0
0.909032 0.0724205 1
0.94148 0.0399456 0
0.908574 0.0778557 1
0.916638 0.0674062 0
0.944606 0.0248426 0
0.915626 0.0369111 0
0.912084 0.032643 0
0.911416 0.0309818 0
0.911603 0.0312757 0
0.910047 0.0330047 0
0.918615 0.0151559 0
0.919879 0.0152799 0
0.91049 0.00495743 0
0.916921 0.0153633 0
0.918225 0.0159211 0
0.911272 0.0301456 1
0.915812 0.0159767 0
0.912746 0.0144338 1
0.911542 0.0111236 1
0.926874 0.0234585 0
0.918378 0.0172678 0
0.915096 0.0168942 0
0.924731 0.0270255 0
0.894578 0 0
0.902282 0.00292513 0
0.905161 0.00542127 0
0.906326 0.00677234 0
0.902766 0.00484383 0
0.904429 0.0076919 0
0.919929 0.0299263 0
0.901918 0.00733983 0
0.907931 0.0109701 0
0.909156 0.0114066 0
0.911154 0.0124659 0
0.906115 0.0107721 0
0.909703 0.012378 0
0.904802 0.0106516 0
0.905823 0.0115826 0
0.907521 0.0122946 0
0.906901 0.0125972 0
0.900665 0.0153682 0
0.912029 0.0197061 0
0.903855 0.015411 0
0.907444 0.0155503 0
0.910471 0.0166551 0
0.90808 0.0164127 0
0.9095 0.0233257 0
0.910123 0.0259749 0
0.911309 0.0143662 0
0.908819 0.0247739 0
0.911308 0.02775 1
0.912009 0.0141983 1
