0.307465 0.38884 1
0.306771 0.404633 1
0.29957 0.391457 0
0.303093 0.400194 0
0.301972 0.398306 0
0.297589 0.376988 0
0.299223 0.376017 0
0.290322 0.368525 0
0.28532 0.359207 0
0.284221 0.354624 0
0.27968 0.353431 0
0.278625 0.353327 0
0.2818 0.359533 0
0.267825 0.360053 0
0.26852 0.359001 0
0.265539 0.355697 0
0.256156 0.352846 0
0.248825 0.360112 0
0.245987 0.357139 0
0.266653 0.245802 0
0.226852 0.180973 0
0.152426 0.110469 0
0.15564 0.0956911 0
0.152892 0.0940573 0
0.152663 0.0935775 0
0.152597 0.0936198 0
0.152589 0.0936169 1
0.152776 0.0914606 0
0.130218 0.0835825 1
0.120502 0.0715923 1
0.114159 0.0641343 0
0.110602 0.0596295 0
0.108024 0.052131 0
0.0935153 0.039637 0
0.0908049 0.0238465 0
0.0791195 0.0147811 0
0.104712 0.0142697 0
0.109053 0.0120454 0
0.110562 0 0
0.0219831 0.0266346 0
0.0239771 0.0574787 0
0.026556 0.0485262 0
0.808851 0.0375201 0
0.811159 0.0411729 1
0.813609 0.0437759 0
0.821472 0.05523 0
0.824373 0.063981 0
0.827043 0.0695643 0
0.829436 0.0757447 0
0.833238 0.0909668 0
0.829396 0.0896043 0
0.84125 0.120354 0
0.836186 0.121019 0
0.840122 0.13517 0
0.84485 0.152396 0
0.850861 0.166706 0
0.839878 0.17453 0
0.862544 0.190999 0
0.806771 0.212921 0
0.0168426 0.25069 0
0.0773212 0.303435 0
0.0719457 0.313439 0
0.0874717 0.32431 0
0.0896068 0.330254 0
0.0688867 0.320926 0
0.0983771 0.337277 0
0.0998497 0.344931 0
0.102849 0.352951 0
0.113593 0.365013 0
0.118471 0.367853 0
0.116662 0.362898 0
0.12475 0.381635 0
0.124494 0.403696 0
0.131038 0.393725 0
0.133944 0.394654 0
0.133397 0.400318 0
0.134925 0.404388 0
0.140235 0.411347 0
0.145762 0.418919 0
0.154635 0.40535 0
0.288648 0.42451 0
0.288811 0.410305 0
0.279155 0.417825 0
0.282458 0.422299 0
0.278933 0.421185 0
0.275306 0.417135 0
0.275424 0.41998 0
0.269091 0.424543 0
0.271183 0.416854 0
0.269009 0.416949 0
0.268021 0.417792 0
0.269304 0.418498 0
0.268575 0.418766 0
0.268175 0.41882 0
0.267272 0.41869 0
0.267253 0.418732 1
0.25682 0.410701 1
0.253413 0.409588 0
0.24914 0.405115 0
0.24205 0.404357 0
0.225281 0.388753 0
0.221333 0.385754 0
0.215323 0.380711 0
0.203638 0.373222 0
0.195693 0.375383 0
0.185773 0.357393 0
0.175851 0.339653 0
0.166786 0.309366 0
0.143088 0.261777 0
0.117122 0.239553 0
0.0819616 0.197964 0
0.116086 0.0880524 0
0.124835 0.0863668 0
0.126463 0.0868794 0
0.131009 0.0873793 0
0.129987 0.0934195 0
0.131035 0.0879264 0
0.130374 0.0878253 0
0.129858 0.0875889 0
0.129895 0.0872129 0
0.133692 0.102811 0
0.0496246 0.170024 0
0.00528892 0.178515 0
0 0.177843 0
0.00226709 0.181193 0
0.00735809 0.180179 0
0.018018 0.187459 0
0.0132768 0.196034 0
0.0116397 0.328771 0
0.799076 0.128617 0
0.864663 0.149473 0
0.888364 0.177972 0
0.905271 0.20434 0
1 0.182099 0
0.0101285 0.21475 0
0.124304 0.348072 0
0.102304 0.364238 0
0.106967 0.37131 0
0.103181 0.373764 0
0.102785 0.378123 0
0.103269 0.381525 0
0.100762 0.385412 0
0.103808 0.393491 0
0.0989184 0.392782 0
0.0976147 0.401467 0
0.0944969 0.411488 0
0.0896451 0.420873 0
0.0883413 0.427338 0
0.09061 0.431463 0
0.0949153 0.441619 0
0.102291 0.449439 0
0.114627 0.450772 0
0.12219 0.457501 0
0.127762 0.463006 0
0.129674 0.469052 0
0.181685 0.488373 0
0.195753 0.488714 0
0.231782 0.478038 0
0.250141 0.464679 0
0.284867 0.423359 0
0.283412 0.422305 0
0.280024 0.420067 0
0.279311 0.42279 0
0.277366 0.421928 0
0.275886 0.42133 0
0.274164 0.4187 0
0.272823 0.417849 0
0.27292 0.419942 0
0.27187 0.418797 0
0.271173 0.41913 0
0.269956 0.419491 0
0.269221 0.419331 0
0.268595 0.41869 0
0.269056 0.420836 0
0.258241 0.410715 0
0.257751 0.410463 0
0.257869 0.41047 0
0.25707 0.41173 0
0.253629 0.410539 0
0.249827 0.408406 0
0.24663 0.407133 0
0.243017 0.406567 0
0.231042 0.397581 0
0.222209 0.374138 0
0.265152 0.126077 0
0.218278 0.0972388 0
0.189757 0.0810538 0
0.139023 0.0702086 0
0.131041 0.0797146 0
0.149068 0.0637904 0
0.130832 0.0819801 0
0.130705 0.0809052 0
0.1307 0.0809824 0
0.130511 0.0813533 0
0.13046 0.0817771 1
0.131878 0.0800374 0
0.131512 0.0878402 0
0.131274 0.0883955 0
0.130896 0.0880795 0
0.131113 0.0886101 0
0.131177 0.0882816 0
0.1296 0.0873388 0
0.130895 0.088053 0
0.129135 0.0883203 0
0.132181 0.0953488 0
0.0690189 0.14872 0
0.0146425 0.225195 0
0.0238129 0.205807 0
0.0246948 0.227246 0
0.00545954 0.237104 0
0.00322555 0.248708 0
0.0120508 0.268861 0
0.0639243 0.31668 0
0.0821299 0.361526 0
0.0989451 0.378212 0
0.0993195 0.381032 0
0.100495 0.382049 0
0.103438 0.381442 0
0.106586 0.386188 0
0.107362 0.393151 0
0.105963 0.393842 0
0.105137 0.396019 0
0.114699 0.403026 0
0.108069 0.422192 0
0.0975639 0.42956 0
0.0944889 0.444269 0
0.0988932 0.456862 0
0.12946 0.488206 0
0.163198 0.500527 0
0.1968 0.49572 0
0.251434 0.479649 0
0.305075 0.438549 0
0.265799 0.418443 1
0.279534 0.41213 1
0.306203 0.420343 0
0.307435 0.405237 1
0.313438 0.408968 0
0.322251 0.410813 0
0.322105 0.409527 0
0.319719 0.407682 0
0.340227 0.409266 0
0.3289 0.405123 0
0.325973 0.403464 0
0.324817 0.401896 0
0.338045 0.3985 0
0.333174 0.397801 0
0.33522 0.394431 0
0.343315 0.389022 0
0.346539 0.38467 0
0.358127 0.376538 0
0.370286 0.360068 0
0.392833 0.357051 0
0.230839 0.425922 0
0.255312 0.411201 0
0.23558 0.384529 0
0.387731 0.344805 0
0.400476 0.313802 0
0.405314 0.301367 0
0.416666 0.290109 0
0.417393 0.249081 0
0.211688 0.109731 0
0.185837 0.0824485 0
0.140691 0.0707681 0
0.176349 0.0767742 0
0.155567 0.058548 0
0.160262 0.0640544 0
0.159001 0.0593998 0
0.160189 0.0592742 0
0.162263 0.0580224 0
0.167462 0.0562241 0
0.168488 0.0601114 0
0.174385 0.0583878 0
0.178617 0.0617694 0
0.176058 0.0559726 1
0.175388 0.0521422 0
0.177845 0.0539845 0
0.174259 0.0553686 0
0.174114 0.0557369 0
0.183299 0.0507397 0
0.124196 0.0915736 0
0.129819 0.0877376 1
0.129766 0.0878392 0
0.129681 0.0881268 0
0.129789 0.0881376 0
0.129231 0.0888721 0
0.128788 0.0886771 0
0.12034 0.0905131 0
0.0299602 0.224345 0
0.0202124 0.24108 0
0.0190134 0.25957 0
0.0206063 0.280565 0
0.0343313 0.298921 0
0.0480934 0.30893 0
0.0534657 0.322174 0
0.0576925 0.335223 0
0.0717349 0.34786 0
0.0814742 0.359236 0
0.0786408 0.366081 0
0.086751 0.376219 0
0.0943355 0.381433 0
0.0965334 0.38458 1
