0.5272 0.470953 1
0.536186 0.476574 0
0.534182 0.481927 0
0.532811 0.481731 0
0.535191 0.485683 0
0.536667 0.485207 0
0.535876 0.482972 0
0.537938 0.483708 0
0.54263 0.490134 0
0.542622 0.487883 0
0.537383 0.484246 0
0.528441 0.469703 0
0.526352 0.472539 0
0.529386 0.469036 0
0.52893 0.470912 0
0.525531 0.464694 0
0.530223 0.470019 0
0.531238 0.465975 0
0.530754 0.465026 0
0.528192 0.462575 0
0.530462 0.465368 0
0.532674 0.467486 0
0.531147 0.46492 0
0.527279 0.46276 0
0.519151 0.456781 0
0.518412 0.456906 0
0.514025 0.451599 0
0.513664 0.448844 0
0.508886 0.448887 0
0.51034 0.44606 0
0.514432 0.440304 0
0.491831 0.473444 0
0.262992 0.289678 0
0.203263 0.345488 0
0.234737 0.34128 0
0.190371 0.343563 0
0.200882 0.335168 0
0.226627 0.236713 0
0.210309 0.228034 0
0.20933 0.224763 0
0.209356 0.224894 1
0.219508 0.22766 0
0.18491 0.156401 0
0.18347 0.161838 0
0.187184 0.162551 0
0.390797 0.123354 0
0.366359 0.110393 0
0.360616 0.117101 0
0.360951 0.115673 0
0.367181 0.106485 0
0.364382 0.108444 0
0.365119 0.10668 0
0.366828 0.102354 0
0.369562 0.100753 0
0.375134 0.0925307 0
0.370031 0.0977058 0
0.369572 0.0975058 0
0.371742 0.0941334 0
0.370527 0.0948416 0
0.369467 0.0953457 0
0.369061 0.0953898 0
0.368626 0.0949001 0
0.368134 0.094821 0
0.368595 0.0935009 0
0.373861 0.0850998 0
0.367532 0.0931498 0
0.36658 0.0928113 0
0.367892 0.0918046 0
0.369395 0.0870686 0
0.364723 0.0897255 0
0.363485 0.0886609 0
0.361725 0.0875295 0
0.365117 0.086693 0
0.364782 0.0851156 0
0.36391 0.0851825 0
0.364642 0.0828271 0
0.363481 0.0830324 0
0.363413 0.0813824 0
0.363661 0.0792078 0
0.367632 0.0690116 0
0.365981 0.0703943 0
0.368216 0.0645341 0
0.369967 0.0697687 0
0.46963 0.0310564 0
0.38703 0.0286183 0
0.398858 0.025441 0
0.374134 0.0525536 0
0.386756 0.0307236 0
0.405265 0.0205022 0
0.380525 0.0327155 0
0.398891 0.022264 0
0.422726 0.015484 0
0.42117 0.0158887 0
0.425779 0.0143228 0
0.417391 0.0170388 0
0.414755 0.0185132 0
0.433599 0.0169842 0
0.443603 0.0192751 0
0.441722 0.0240532 0
0.452117 0.0254928 0
0.456478 0.0256885 0
0.458906 0.0272516 0
0.460256 0.0277534 0
0.473562 0.0324442 0
0.482518 0.0358638 0
0.492008 0.0422522 0
0.508099 0.0530284 0
0.508786 0.0555788 0
0.51726 0.0670904 0
0.521088 0.0737879 0
0.525128 0.0835028 0
0.526022 0.0939742 0
0.531335 0.118007 0
0.526526 0.101164 0
0.519283 0.0848209 0
0.499807 0.0560246 0
0.381206 0.0728586 0
0.373185 0.0821315 0
0.426307 0.205274 0
0.430093 0.20726 0
0.40693 0.224211 0
0.411568 0.218726 0
0.366382 0.234825 0
0.363745 0.228195 1
0.363748 0.22852 0
0.363699 0.233931 0
0.330875 0.258159 0
0.356361 0.239582 0
0.324491 0.261333 0
0.274287 0.294247 0
0.268217 0.296098 0
0.26742 0.296512 0
0.270254 0.295461 0
0.261777 0.29923 0
0.263393 0.29902 0
0.268841 0.285334 0
0.202073 0.248483 0
0.200523 0.347756 0
0.18945 0.348173 0
0.187933 0.347546 0
0.187658 0.347795 0
0.187551 0.347861 0
0.187549 0.347869 1
0.180935 0.364261 1
0.176302 0.373106 1
0.176349 0.374113 0
0.176041 0.375196 0
0.176309 0.376401 0
0.176248 0.378006 0
0.175896 0.379285 0
0.175632 0.380573 0
0.173001 0.380132 0
0.175646 0.385502 0
0.181703 0.400471 0
0.185983 0.404883 0
0.187983 0.406838 0
0.191039 0.408699 0
0.194854 0.408727 0
0.196731 0.409554 0
0.201833 0.407194 0
0.203576 0.405133 0
0.207693 0.402275 0
0.209305 0.399582 0
0.209537 0.398504 0
0.210739 0.39719 0
0.211018 0.395766 1
0.215941 0.373135 1
0.215972 0.373139 0
0.216204 0.373518 0
0.291312 0.262378 0
0.313713 0.230861 0
0.314044 0.223063 0
0.315325 0.221561 0
0.315249 0.221179 0
0.31529 0.221201 0
0.315296 0.221201 0
0.315297 0.221202 1
0.333996 0.215963 1
0.351537 0.205778 1
0.369345 0.214579 1
0.389482 0.21736 1
0.390636 0.217017 0
0.391931 0.216156 0
0.39891 0.20914 0
0.416465 0.202563 0
0.465268 0.473543 0
0.450205 0.423326 0
0.470028 0.43957 0
0.472579 0.433483 0
0.543274 0.508948 0
0.53603 0.541845 0
0.372495 0.110972 0
0.500606 0.104541 0
0.503822 0.10817 0
0.501306 0.102894 0
0.507733 0.109171 0
0.506163 0.103874 0
0.513497 0.113552 0
0.51658 0.121203 0
0.514523 0.112213 0
0.50262 0.0958062 0
0.498495 0.0928105 0
0.490107 0.0871115 0
0.480738 0.0836704 0
0.455768 0.0739053 0
0.453969 0.0760065 0
0.457254 0.0762224 0
0.456703 0.077559 0
0.395938 0.0891308 0
0.378355 0.107841 0
0.371743 0.11158 0
0.371797 0.110041 0
0.367469 0.115269 0
0.365694 0.117158 0
0.371206 0.110488 0
0.368449 0.113167 0
0.370353 0.110318 0
0.374998 0.105433 0
0.366531 0.115415 0
0.368002 0.112319 0
0.366453 0.112814 0
0.364425 0.11472 0
0.362777 0.116746 0
0.369583 0.108892 0
0.355824 0.120715 0
0.359848 0.120577 0
0.360968 0.118572 0
0.363037 0.116912 0
0.365129 0.114986 0
0.362116 0.118638 0
0.360822 0.121746 0
0.362151 0.120767 0
0.36324 0.119358 0
0.364104 0.119139 0
0.363149 0.120293 0
0.362612 0.119322 0
0.36676 0.115319 0
0.364677 0.116464 0
0.365047 0.113017 0
0.362921 0.0983337 0
0.460415 0.436292 0
0.457787 0.396158 0
0.42007 0.356826 0
0.425167 0.368958 0
0.499458 0.430852 0
0.476985 0.407113 0
0.448589 0.369642 0
0.487672 0.410632 0
0.475236 0.399467 0
0.484556 0.399686 0
0.496481 0.399569 0
0.49909 0.396705 0
0.504974 0.397225 0
0.508447 0.394573 0
0.515085 0.390486 0
0.517871 0.388187 0
0.522691 0.385099 0
0.524229 0.384112 0
0.525769 0.380289 0
0.526336 0.38245 0
0.512877 0.277404 0
0.595388 0.426605 0
1 0.345804 0
0.474503 0 0
0.545134 0.342273 0
0.291307 0.157123 0
0.386691 0.245585 0
0.203577 0.239844 0
0.203354 0.231727 0
0.205532 0.228499 0
0.219137 0.225819 0
0.29016 0.222977 0
0.333067 0.265436 0
0.371787 0.253811 0
0.268183 0.301864 0
0.269922 0.302155 0
0.265789 0.302411 0
0.346817 0.262528 0
0.337162 0.272811 0
0.3371 0.274592 0
0.347155 0.267723 0
0.374776 0.259603 0
0.404193 0.243342 0
0.430416 0.233581 0
0.439257 0.220789 0
0.438085 0.217163 0
0.528568 0.272999 0
0.530373 0.271702 0
0.537213 0.276268 0
0.562989 0.297349 0
0.57236 0.301395 0
0.582744 0.304692 0
0.6546 0.309843 0
0.590867 0.301045 0
0.581536 0.296839 0
0.580711 0.294046 0
0.562271 0.285906 0
0.55049 0.277956 0
0.538838 0.2726 0
0.435096 0.22596 0
0.4482 0.215838 0
0.457639 0.208905 0
0.456845 0.208707 0
0.453138 0.21227 0
0.44951 0.223197 0
0.452995 0.235279 0
0.603426 0.0950303 0
0.601816 0.0926996 0
0.592201 0.10003 0
0.671502 0.203487 0
0.22993 0.105327 0
0.246396 0.134431 0
0.25065 0.148531 0
0.250652 0.150039 0
0.245873 0.140674 0
0.232281 0.124736 0
0.227506 0.122362 0
0.237495 0.137892 0
0.225178 0.122493 0
0.219576 0.113795 0
0.178841 0.153141 0
0.189701 0.166688 0
0.180391 0.16139 0
0.181302 0.161011 0
0.180882 0.161277 0
0.180483 0.162032 0
0.181505 0.160686 0
0.180592 0.161799 0
0.181741 0.160194 0
0.181363 0.159878 0
0.17835 0.164945 0
0.178084 0.164726 0
0.180961 0.160025 0
0.180808 0.161262 0
0.18028 0.161949 0
0.17792 0.16443 0
0.177599 0.164568 0
0.177464 0.16453 0
0.177437 0.164435 0
0.177505 0.164368 0
0.177592 0.164578 0
0.177623 0.16457 0
0.177625 0.164489 0
0.177664 0.164516 0
0.17803 0.16435 0
0.179505 0.162895 0
0.178129 0.164617 0
0.180658 0.160158 0
0.180125 0.161594 0
0.177929 0.163507 0
0.179643 0.162312 0
0.177798 0.163836 0
0.178334 0.163718 0
0.17932 0.162538 0
0.17756 0.163554 0
0.179907 0.161234 0
0.179845 0.160757 0
0.178379 0.163282 0
0.17871 0.162509 0
0.179303 0.161394 0
0.178957 0.16197 0
0.178765 0.161964 1
0.186534 0.164014 1
0.188777 0.160916 0
0.190677 0.160048 0
0.193995 0.160602 0
0.198276 0.160737 0
0.194236 0.162168 0
0.233786 0.135836 0
0.245614 0.151068 0
0.245086 0.153565 0
0.243273 0.149789 0
0.245619 0.15235 0
0.244715 0.149979 0
0.244136 0.141598 0
0.374531 0.287782 0
0.337715 0.211552 0
0.389721 0.275629 0
0.399593 0.268621 0
0.422284 0.257022 0
0.462323 0.216959 0
0.468547 0.209965 1
0.45525 0.228086 0
0.507401 0.215824 1
0.525355 0.215241 1
0.559773 0.235758 0
0.548324 0.238034 1
0.54736 0.236839 0
0.551321 0.234869 0
0.572773 0.23597 0
0.550604 0.232737 0
0.548069 0.231808 0
0.548624 0.231054 0
0.541492 0.235088 0
0.541475 0.234451 0
0.541449 0.233999 0
0.540154 0.234583 0
0.544578 0.228222 0
0.546752 0.225253 0
0.559512 0.22634 0
0.451798 0.243142 0
0.456523 0.239796 0
0.486475 0.282761 0
0.485706 0.281999 0
0.470448 0.23867 0
0.448828 0.247543 0
0.436536 0.250879 0
0.418082 0.257897 0
0.427088 0.254628 0
0.421619 0.256139 0
0.411919 0.264852 0
0.398614 0.271891 0
0.375956 0.293041 0
0.391565 0.28085 0
0.38651 0.286884 0
0.374736 0.295653 0
0.370883 0.298539 0
0.348456 0.301887 0
0.340953 0.300394 1
0.363121 0.287971 0
0.602293 0.193974 0
0.626092 0.168727 0
0.253271 0.34128 0
0.271204 0.318947 0
0.268292 0.31676 0
0.272999 0.319957 0
0.273066 0.321297 0
0.27225 0.321243 0
0.275647 0.322047 0
0.272063 0.339624 0
0.271519 0.340742 0
0.271062 0.341348 0
0.268155 0.336681 0
0.268698 0.337423 0
0.267814 0.341348 0
0.269577 0.341464 0
0.26815 0.341258 0
0.269464 0.339568 0
0.269062 0.341119 0
0.269158 0.340979 1
0.261245 0.345925 0
0.264266 0.34831 1
0.25927 0.345133 0
0.25675 0.323646 0
0.256958 0.322709 1
0.250985 0.329242 1
0.259765 0.348504 0
0.257093 0.350476 0
0.257262 0.350973 0
0.257539 0.352152 0
0.253344 0.350804 0
0.254885 0.354836 0
0.262733 0.32008 0
0.222473 0.376049 0
0.405825 0.277848 0
0.266792 0.341589 0
0.137207 0.160582 0
0.13277 0.169944 0
0.256474 0.356597 0
0.248028 0.355645 0
0.245594 0.354763 0
0.247433 0.356061 0
0.246911 0.356718 0
0.246347 0.357128 0
0.245233 0.357207 0
0.242021 0.356622 0
0.248086 0.36281 0
0.262276 0.317916 0
0.263231 0.352056 0
0.393972 0.329043 0
0.3545 0.314744 0
0.349007 0.314786 0
0.357574 0.318452 0
0.40764 0.306465 0
0.41589 0.292473 0
0.432081 0.275132 0
0.471877 0.267039 0
0.446884 0.271967 0
0.472482 0.295319 0
0.526087 0.164155 0
0.535027 0.159683 0
0.545149 0.155044 0
0.548511 0.150825 0
0.547207 0.151107 0
0.541737 0.152652 0
0.546742 0.147272 0
0.545271 0.145846 0
0.544301 0.145478 0
0.543688 0.145797 0
0.542641 0.145293 1
0.533771 0.142815 1
0.539908 0.149033 0
0.491448 0.162237 0
0.493816 0.152833 1
0.493452 0.153347 0
0.49368 0.153976 0
0.493216 0.154313 0
0.493513 0.154662 0
0.492619 0.154457 0
0.496165 0.151027 0
0.544359 0.148252 0
0.542116 0.149529 0
0.554338 0.137525 0
0.384323 0.225596 0
0 0.306281 0
0.10364 0.28429 0
0.129189 0.259667 0
0.123719 0.254711 0
0.239088 0.20565 0
0.241131 0.196887 0
0.185522 0.194761 0
0.180274 0.230624 0
0.302718 0.176536 0
0.236288 0.20753 0
0.243494 0.198211 0
0.234021 0.199317 0
0.242634 0.199869 0
0.242423 0.198703 0
0.242359 0.199116 0
0.240823 0.201645 0
0.233498 0.202782 0
0.234192 0.207681 0
0.234235 0.207496 0
0.232965 0.205207 0
0.23389 0.207833 0
0.238971 0.209215 0
0.237898 0.209714 0
0.232969 0.207551 0
0.242855 0.204151 0
0.240523 0.208569 0
0.233111 0.206494 0
0.235693 0.209151 0
0.234018 0.208183 0
0.18085 0.24382 0
0.165173 0.248708 0
0.163766 0.250596 0
0.169247 0.247107 0
0.166181 0.249337 0
0.164784 0.250062 0
0.166155 0.24911 0
0.170818 0.246299 0
0.172782 0.244867 0
0.16691 0.247292 0
0.166619 0.247786 0
0.167612 0.246452 0
0.170067 0.243972 0
0.173228 0.240871 0
0.181696 0.226221 0
0.181886 0.2223 0
0.18387 0.220631 0
0.184362 0.219926 0
0.18543 0.21903 0
0.187954 0.2192 0
0.188446 0.218609 0
0.191543 0.2198 0
0.191432 0.218362 0
0.201556 0.221278 0
0.203411 0.221496 1
0.187588 0.209002 0
0.23539 0.202596 0
0.236814 0.20646 1
0.237438 0.206624 0
0.227276 0.198243 0
0.312292 0.190684 0
0.319773 0.206405 0
0.318874 0.211297 1
0.340275 0.211877 1
0.36315 0.213554 1
0.387555 0.217933 1
0.448765 0.297709 0
0.45436 0.289176 0
0.481476 0.262114 0
0.478275 0.269561 0
0.496046 0.155932 0
0.534392 0.227579 0
0.541746 0.155 0
0.534664 0.142728 0
0.532646 0.145376 0
0.533051 0.145091 0
0.533386 0.144854 0
0.531599 0.144576 0
0.541256 0.149848 0
0.547502 0.158504 0
0.532524 0.226507 0
0.51945 0.176729 0
0.489723 0.159419 0
0.490899 0.270426 0
0.457158 0.30604 0
0.456016 0.313159 0
0.457732 0.315092 1
0.457671 0.315045 0
0.457818 0.314941 0
0.456831 0.31279 0
0.447311 0.307489 0
0.370878 0.335114 0
0.365695 0.333348 0
0.35973 0.327368 0
0.358241 0.326755 0
0.361414 0.324397 0
0.283132 0.341339 0
0.279141 0.341761 0
0.261863 0.367103 0
0.2552 0.372179 0
0.22441 0.375889 0
0.221429 0.375778 1
0.204996 0.379214 1
0.195537 0.373074 0
0.181495 0.364794 1
0.165964 0.366551 1
0.165741 0.366524 0
0.165695 0.366869 0
0.164037 0.366763 0
0.162078 0.366218 0
0.145004 0.359623 0
0.134358 0.355931 0
0.130295 0.352781 0
0.128724 0.351464 0
0.129638 0.350727 0
0.129644 0.348555 0
0.131099 0.347607 0
0.131969 0.345465 0
0.130596 0.343936 0
0.128885 0.343446 0
0.131551 0.341653 0
0.132882 0.340331 0
0.134192 0.337235 0
0.133971 0.335684 0
0.135101 0.333762 0
0.136538 0.334887 0
0.138442 0.333988 0
0.141872 0.332812 0
0.142394 0.329854 0
0.144716 0.332631 0
0.147584 0.307368 0
0.149649 0.304292 0
0.146537 0.325429 0
0.150013 0.325969 0
0.15243 0.329461 0
0.154353 0.332493 0
0.15599 0.330575 0
0.161542 0.340402 0
0.157977 0.329979 0
0.184073 0.348389 0
0.185001 0.349581 0
0.185662 0.349094 1
0.163041 0.331683 0
0.169147 0.341735 0
0.183392 0.352802 0
0.184652 0.349836 0
0.18281 0.347799 0
0.17888 0.345112 0
0.171843 0.336953 0
0.167437 0.326137 0
0.163545 0.308107 0
0.166706 0.321018 0
0.2239 0.307992 0
0.155983 0.320647 0
0.192526 0.359948 0
0.219876 0.375416 0
0.24384 0.320091 0
0.248205 0.325222 0
0.245993 0.325952 0
0.246257 0.310505 0
0.179954 0.259112 0
0.265876 0.364553 0
0.233719 0.311609 0
0.237784 0.323365 0
0.205686 0.216711 0
0.332826 0.330581 0
0.348991 0.321523 0
0.349898 0.322496 0
0.359049 0.338065 0
0.373504 0.34657 0
0.446357 0.31351 0
0.459747 0.313444 0
0.460765 0.313254 0
0.452518 0.320311 0
0.492415 0.242715 0
0.496089 0.248284 0
0.493044 0.236825 0
0.499666 0.224825 0
0.498902 0.19476 0
0.490472 0.211928 0
0.50697 0.198258 0
0.533521 0.14208 0
0.531143 0.146586 0
0.48728 0.213419 0
0.524984 0.221587 1
0.513751 0.224789 0
0.509057 0.220226 1
0.50447 0.204882 1
0.501635 0.202959 0
0.472715 0.20064 0
0.472066 0.203735 0
0.470188 0.206144 1
0.470271 0.205901 0
0.469802 0.205684 0
0.471728 0.192285 0
0.462976 0.140117 0
0.310333 0.378283 0
0.271038 0.353195 0
0.44187 0.16864 0
0.474547 0.181669 0
0.339986 0.193614 0
0.343513 0.18833 0
0.480469 0.212084 0
0.459169 0.186575 0
0.444474 0.157904 0
0.251486 0.197176 0
0.288701 0.198236 0
0.301899 0.206068 0
0.251369 0.208811 0
0.225005 0.203133 0
0.208425 0.198866 0
0.189397 0.265578 0
0.182391 0.164122 1
0.235804 0.217025 0
0.188238 0.264671 0
0.189295 0.266238 0
0.185333 0.278659 0
0.188017 0.26969 0
0.185657 0.278775 0
0.186126 0.276082 0
0.177641 0.31472 0
0.181665 0.295503 0
0.178395 0.308694 0
0.181649 0.290777 0
0.181227 0.295444 0
0.174184 0.315976 0
0.179343 0.337731 0
0.177741 0.30522 0
0.176965 0.314953 0
0.175601 0.316259 0
0.174445 0.301167 0
0.145011 0.41086 0
0.150056 0.411115 0
0.198977 0.361912 0
0.177079 0.314201 0
0.178633 0.334352 0
0.180115 0.296805 0
0.178142 0.304634 0
0.181255 0.292837 0
0.184743 0.276613 0
0.180623 0.293005 0
0.178682 0.299096 0
0.176634 0.317295 0
0.180125 0.294931 0
0.180836 0.29293 0
0.17781 0.307764 0
0.177769 0.3074 0
0.178849 0.302727 0
0.181117 0.29315 0
0.180411 0.292568 0
0.188124 0.275783 0
0.236714 0.322646 0
0.246431 0.325341 0
0.247351 0.324137 0
0.327136 0.3236 0
0.331953 0.308687 0
0.334706 0.305149 1
0.332956 0.310042 0
0.319695 0.32574 0
0.453452 0.31487 0
0.458048 0.314747 0
0.45974 0.31067 0
0.482403 0.31254 0
0.501652 0.26429 0
0.502711 0.263124 0
0.509297 0.252606 0
0.330659 0.361505 0
0.457181 0.309458 0
0.486907 0.305855 0
0.473928 0.310158 0
0.471546 0.310956 0
0.486865 0.305414 0
0.5006 0.263552 0
0.499085 0.267051 0
0.498732 0.266459 0
0.451565 0.315622 0
0.457804 0.315343 0
0.457913 0.315071 0
0.457362 0.313948 0
0.450766 0.310664 0
0.341122 0.363762 0
0.358483 0.356181 0
0.350951 0.35828 0
0.336716 0.363277 0
0.301173 0.364536 0
0.333399 0.362937 0
0.311667 0.369999 0
0.303102 0.373692 0
0.302705 0.374142 0
0.305724 0.373167 0
0.268148 0.347876 1
0.256567 0.331294 1
0.245771 0.322005 1
0.245619 0.321885 0
0.24521 0.321681 0
0.245064 0.321412 0
0.237133 0.313534 0
0.188324 0.275273 0
0.182217 0.299665 0
0.181798 0.301095 0
0.178722 0.320602 0
0.183301 0.29487 0
0.184437 0.345801 0
0.174262 0.360011 0
0.18841 0.382404 0
0.183755 0.373496 0
0.186204 0.381191 0
0.198837 0.359292 0
0.1927 0.357747 0
0.199858 0.38965 0
0.198345 0.389594 0
0.197756 0.389559 0
0.208205 0.373532 0
0.237162 0.321703 0
0.162801 0.396215 0
0.222711 0.391686 0
0.236023 0.311195 0
0.248869 0.31631 0
0.180411 0.324398 0
0.233656 0.318152 0
0.244157 0.311275 0
0.245677 0.31208 0
0.233505 0.320922 0
0.187237 0.290158 0
0.187212 0.294446 0
0.188572 0.29159 0
0.184119 0.305034 0
0.186082 0.300192 0
0.187039 0.301189 0
0.193842 0.285911 0
0.24878 0.304258 0
0.318188 0.406448 0
0.324729 0.411687 0
0.118772 0.495451 0
0.13126 0.4657 0
0.138124 0.44807 0
0.137685 0.451994 0
0.14086 0.443576 0
0.13867 0.446842 0
0.172072 0.555509 0
0.169657 0.537858 0
0.377889 0.405646 0
0.358267 0.421721 0
0.314025 0.453653 0
0.354988 0.431102 0
0.370215 0.418201 0
0.36826 0.426383 0
0.380139 0.411703 0
0.364467 0.445581 0
0.383884 0.403388 0
0.264378 0.204617 0
0.250852 0.218591 0
0.257898 0.212286 0
0.215599 0.211222 1
0.215704 0.211467 0
0.215893 0.211505 0
0.216145 0.209886 0
0.26109 0.202362 0
0.262439 0.20472 0
0.262845 0.204654 1
0.263238 0.204199 0
0.264543 0.203279 0
0.268904 0.199017 0
0.403495 0.163843 0
0.473286 0.138902 0
0.484194 0.140732 0
0.484927 0.141577 0
0.486932 0.14191 0
0.487493 0.142382 0
0.488508 0.142628 0
0.489953 0.144008 1
0.51507 0.149774 1
0.539485 0.143007 1
0.492911 0.134669 0
0.497186 0.139319 0
0.498746 0.138383 0
0.509081 0.13995 0
0.517025 0.143543 0
0.511737 0.134897 0
0.512112 0.131545 0
0.517586 0.135695 0
0.497258 0.144375 0
0.518184 0.137599 0
0.515463 0.126838 0
0.51741 0.127511 0
0.519303 0.130617 0
0.520984 0.126431 0
0.51575 0.112653 0
0.520994 0.128027 0
0.521757 0.126264 0
0.519926 0.133036 0
0.516942 0.107627 0
0.5057 0.0885891 0
0.509172 0.0871007 0
0.375786 0.0947432 0
0.3672 0.108693 0
0.355204 0.120419 0
0.349787 0.124619 0
0.344866 0.13245 0
0.341933 0.138356 0
0.35792 0.102437 0
0.259537 0.186811 0
0.259867 0.18352 0
0.27629 0.190454 0
0.364522 0.108095 0
0.185611 0.157524 0
0.182615 0.16171 0
0.182794 0.162028 0
0.182949 0.162074 0
0.183487 0.162294 0
0.183662 0.162529 0
0.183858 0.162778 0
0.183276 0.162253 0
0.183164 0.162132 0
0.184833 0.166432 0
0.180818 0.162722 0
0.181776 0.162205 0
0.181168 0.162662 0
0.182263 0.161737 0
0.183283 0.16226 0
0.180665 0.162723 0
0.183022 0.162106 0
0.183591 0.162381 0
0.183447 0.162328 0
0.183339 0.162394 0
0.185013 0.165958 0
0.182425 0.162032 0
0.183279 0.1622 0
0.182857 0.162042 0
0.184241 0.163486 0
0.184072 0.16319 0
0.181042 0.162851 0
0.183796 0.162841 0
0.184766 0.164416 0
0.408032 0.100582 0
0.370451 0.112009 0
0.36597 0.11864 0
0.3574 0.125764 0
0.368454 0.111829 0
0.367769 0.116366 0
0.367951 0.116476 0
0.367507 0.117241 0
0.368072 0.116631 0
0.367295 0.117151 0
0.368396 0.111665 0
0.356512 0.125929 0
0.26354 0.215056 0
0.257774 0.302124 0
0.21908 0.231538 0
0.221466 0.22313 0
0.231481 0.230232 0
0.276048 0.290213 0
0.276452 0.294715 0
0.272607 0.296214 0
0.316642 0.275984 0
0.322743 0.282824 0
0.334484 0.241926 0
0.323973 0.274455 0
0.415422 0.348473 0
0.423378 0.358423 0
0.427656 0.361819 0
0.452414 0.39587 0
0.45469 0.406436 0
0.458333 0.407671 0
0.463874 0.415605 0
0.462481 0.414963 0
0.468002 0.425144 0
0.465252 0.421131 0
0.458548 0.410177 0
0.454934 0.407768 0
0.456666 0.412803 0
0.440797 0.386396 0
0.437091 0.379672 0
0.41442 0.354867 0
0.419502 0.35643 0
0.414754 0.354351 0
0.430506 0.369289 0
0.419585 0.361436 0
0.438614 0.382645 0
0.442417 0.395903 0
0.45916 0.425065 0
0.462156 0.424822 0
0.464398 0.42663 0
0.466486 0.431705 0
0.478714 0.434296 0
0.197668 0.346447 0
0.171583 0.372932 0
0.179805 0.381247 0
0.179171 0.380848 0
0.180931 0.373752 0
0.180644 0.377006 0
0.180204 0.378697 0
0.180828 0.374074 0
0.181169 0.374858 0
0.180026 0.377922 0
0.177484 0.380653 0
0.178358 0.379918 0
0.173916 0.380281 0
0.172696 0.377943 0
0.174526 0.380197 0
0.177324 0.380369 0
0.177851 0.380455 0
0.173401 0.380034 0
0.180211 0.378873 0
0.177029 0.381205 0
0.173704 0.380936 0
0.176516 0.382526 0
0.180946 0.377112 0
0.178677 0.382005 0
0.174617 0.382624 0
0.175777 0.383348 0
0.175321 0.383195 0
0.17374 0.384435 0
0.183612 0.402607 0
0.185777 0.403763 0
0.189692 0.406552 0
0.192371 0.406297 0
0.194894 0.40621 0
0.196424 0.405643 0
0.198118 0.405715 0
0.199117 0.4055 0
0.199608 0.405399 0
0.200869 0.404757 0
0.201847 0.404104 0
0.198944 0.405716 0
0.192349 0.411801 0
0.192349 0.461223 0
0.467349 0.416728 0
0.457776 0.421283 0
0.45611 0.417092 0
0.455854 0.416498 0
0.458076 0.420356 0
0.459117 0.421703 0
0.460238 0.422699 0
0.460501 0.421924 0
0.457916 0.415278 0
0.457185 0.411316 0
0.459962 0.411939 0
0.459387 0.405644 0
0.461394 0.404062 0
0.463404 0.400264 0
0.467713 0.400456 0
0.471405 0.400328 0
0.468637 0.39057 0
0.4704 0.386366 0
0.47099 0.380989 0
0.47229 0.376411 0
0.467086 0.361463 0
0.473382 0.347262 0
0.468543 0.332625 0
0.468294 0.326649 0
0.464181 0.321318 0
0.462647 0.319709 0
0.460385 0.317839 1
0.428351 0.206835 0
0.429801 0.208297 0
0.418751 0.215923 0
0.41678 0.219223 0
0.416085 0.221347 0
0.423485 0.211012 0
0.429758 0.208604 0
0.426363 0.208289 0
0.342272 0.137374 0
0.359528 0.0908383 0
0.354147 0.0998516 0
0.353748 0.100695 0
0.354868 0.0951637 0
0.354424 0.0969947 0
0.354181 0.0962972 0
0.361883 0.0851612 0
0.372437 0.070807 0
0.481056 0.0304351 0
0.49367 0.0450229 0
0.49175 0.0453915 0
0.483024 0.0397753 0
0.484367 0.0421367 0
0.477339 0.0398485 0
0.474925 0.0422389 0
0.471219 0.041781 0
0.470583 0.0410982 0
0.469003 0.042099 0
0.460307 0.0391368 0
0.462306 0.0423156 0
0.45829 0.042402 0
0.455179 0.0423497 0
0.455321 0.0423124 0
0.453852 0.0442873 0
0.437944 0.0403205 0
0.380659 0.064077 0
0.433207 0.0384264 0
0.432406 0.0415915 0
0.426202 0.043911 0
0.424891 0.0427613 0
0.420032 0.0430273 0
0.418246 0.041695 0
0.417897 0.0406214 0
0.398585 0.0476241 0
0.413074 0.0388895 0
0.414528 0.0394047 0
0.411746 0.0409848 0
0.410934 0.0405516 0
0.412534 0.0408575 0
0.408577 0.0401746 0
0.40668 0.0427088 0
0.402862 0.0420484 0
0.40268 0.0421962 0
0.402568 0.043581 0
0.401565 0.0459726 0
0.400351 0.0505345 0
0.401148 0.0498991 1
