0.770883 0.302735 1
0.774356 0.298919 0
0.775935 0.291268 0
0.786523 0.293258 0
0.785786 0.279844 0
0.791949 0.268007 0
0.790616 0.261245 0
0.798983 0.256265 0
0.806865 0.249482 0
0.813722 0.243579 0
0.824654 0.248261 0
0.830133 0.246301 0
0.832204 0.243163 0
0.910854 0.258935 0
0.915838 0.244201 0
0.916786 0.234369 0
0.916172 0.230166 0
0.918032 0.235524 0
0.943012 0.251009 0
0.971929 0.260409 0
0.951488 0.245087 0
0.890488 0.220452 0
0.876981 0.211487 1
0.893145 0.220114 0
0.933793 0.223009 0
0.93934 0.222225 0
0.940426 0.220307 0
0.938494 0.217879 0
0.93788 0.215234 0
0.938057 0.211933 0
0.943741 0.209293 0
0.886228 0.221478 0
0.895537 0.220614 0
0.878205 0.199185 0
0.889154 0.219435 0
0.76725 0.185903 0
0.761219 0.180722 0
0.747976 0.181162 0
0.711817 0.161714 0
0.706832 0.165316 0
0.668171 0.145461 0
0.646747 0.135264 0
0.631637 0.131892 0
0.550661 0.0768708 0
0.551991 0.0815949 1
0.55771 0.0781544 0
0.41837 0.0349613 0
0.4152 0.0405321 0
0.401358 0.0446127 0
0.344393 0.0223346 0
0.338517 0.0249461 0
0.347024 0.0317765 0
0.356944 0.0432037 0
0.373324 0.0570413 0
0.37766 0.0631122 0
0.36198 0.0620557 0
0.356319 0.0670885 0
0.351939 0.0721371 0
0.36262 0.0861992 0
0.356582 0.0886198 0
0.348376 0.0921317 0
0.342503 0.0981 0
0.344486 0.109148 0
0.338315 0.118992 0
0.334787 0.12695 0
0.33649 0.134972 0
0.326184 0.143646 0
0.318402 0.150065 0
0.323036 0.164953 0
0.298698 0.15635 0
0.285576 0.161312 0
0.273991 0.168674 0
0.27571 0.181652 0
0.271833 0.188335 0
0.265026 0.197133 0
0.257106 0.198905 0
0.245493 0.206562 0
0.232259 0.215836 0
0.211421 0.218273 0
0.1979 0.22596 0
0.169423 0.225533 0
0.156315 0.237694 0
0.136467 0.234553 0
0.112675 0.236373 0
0.0829722 0.234599 0
0.0739312 0.23861 0
0.072828 0.247148 0
0.0611336 0.254909 0
0.0483497 0.256729 0
0.0426588 0.26214 0
0.0434948 0.265749 0
0.0436385 0.269769 0
0.0432436 0.272901 0
0.0439367 0.274301 0
0.0440368 0.274215 0
0.0436162 0.273721 0
0.0466021 0.272754 0
0.0508528 0.277896 0
0.062251 0.284917 0
0.0682158 0.287993 0
0.0769351 0.293031 0
0.100168 0.307087 0
0.100635 0.311483 0
0.0987595 0.314592 0
0.0969181 0.313392 0
0.10908 0.312688 0
0.175274 0.330392 0
0.196897 0.332512 0
0.216436 0.334323 0
0.249459 0.350201 0
0.299451 0.367545 0
0.283557 0.350536 0
0.265779 0.337859 0
0.353506 0.36827 0
0.393889 0.390999 0
0.427464 0.390675 0
0.490097 0.415308 0
0.513451 0.425743 1
0.577542 0.417024 1
0.588737 0.417768 0
0.591964 0.413642 0
0.595932 0.410995 0
0.60199 0.405176 0
0.617394 0.403904 0
0.616539 0.395278 0
0.625382 0.388257 0
0.625436 0.379082 0
0.628163 0.370359 0
0.630433 0.36232 0
0.634555 0.354466 0
0.640056 0.347201 0
0.645054 0.337942 0
0.640398 0.321584 0
0.646422 0.316098 0
0.606709 0.257723 0
0.560514 0.234822 1
0.6335 0.289598 0
0.692158 0.302909 0
0.702941 0.301173 0
0.7049 0.291504 0
0.717657 0.294602 0
0.717804 0.283563 0
0.772523 0.266749 0
0.79216 0.267207 0
0.79516 0.261936 0
0.803296 0.252719 0
0.806633 0.248553 0
0.8173 0.244112 0
0.811999 0.227613 0
0.817678 0.217683 1
0.8255 0.233965 0
0.837564 0.244155 0
0.88598 0.263996 0
0.905031 0.248068 0
0.905719 0.245772 0
0.915801 0.22798 1
0.924447 0.230947 0
0.929702 0.231347 0
0.935726 0.230657 0
0.932264 0.226977 0
0.929886 0.223822 0
0.944764 0.224687 0
0.958816 0.224341 0
0.96216 0.22014 0
0.968024 0.217163 0
0.946382 0.210505 0
0.940167 0.208182 0
0.930185 0.210018 0
0.924027 0.210298 0
0.919491 0.212176 0
0.915579 0.213075 0
0.912079 0.218269 1
0.873854 0.212804 1
0.818354 0.201436 1
0.781847 0.164647 0
0.773639 0.158455 0
0.748462 0.142362 0
0.745149 0.146992 0
0.734746 0.142454 0
0.676292 0.113903 0
0.667382 0.120784 0
0.525886 0.0982614 0
0.545985 0.107458 1
0.495505 0.0857779 0
0.442291 0.0661053 1
0.371866 0.0208748 0
0.357971 0.0306287 1
0.343129 0.00927982 0
0.318538 0 0
0.307858 0.000395041 0
0.321878 0.0120357 0
0.339853 0.0265169 0
0.347464 0.0317885 0
0.349025 0.0339326 0
0.347256 0.0350291 0
0.350347 0.0365173 0
0.352712 0.0509675 0
0.353392 0.0605156 0
0.350143 0.0633544 0
0.349958 0.0662356 0
0.349784 0.079168 0
0.358765 0.094456 0
0.348304 0.099976 0
0.341809 0.110217 0
0.330923 0.118719 0
0.323633 0.128753 0
0.31742 0.139864 0
0.308622 0.151612 0
0.295358 0.152361 0
0.277027 0.153874 0
0.266047 0.158488 0
0.254264 0.177708 0
0.246949 0.190213 0
0.243652 0.192511 0
0.233961 0.202229 0
0.227611 0.204585 0
0.218345 0.210722 0
0.207188 0.225762 0
0.206162 0.234052 0
0.18367 0.240156 0
0.167242 0.249499 0
0.152544 0.254392 0
0.132803 0.250458 0
0.100073 0.248093 0
0.0809005 0.249634 0
0.069029 0.254191 0
0.0493713 0.253742 0
0.0463385 0.259571 0
0.0388009 0.267636 0
0.042085 0.271212 0
0.040207 0.277853 0
0.0410234 0.277156 0
0.0411081 0.277048 0
0.0402748 0.277912 0
0.037741 0.279464 0
0.0340225 0.283779 0
0.0278219 0.29441 0
0.0161835 0.303724 0
0.0145669 0.307563 0
0 0.320727 0
0.0142362 0.327576 0
0.0680167 0.347558 0
0.0913795 0.359347 0
0.10334 0.357359 0
0.111935 0.36063 0
0.146082 0.369116 0
0.175891 0.367627 0
0.193327 0.368271 0
0.204551 0.368316 0
0.266072 0.384911 0
0.289857 0.390643 0
0.364435 0.403672 0
0.410626 0.418403 0
0.45185 0.432886 0
0.480199 0.432902 0
0.536576 0.434504 0
0.540627 0.434537 0
0.660832 0.453991 0
0.64962 0.437922 0
0.651882 0.42396 0
0.652721 0.415325 0
0.590029 0.383952 0
0.582787 0.378273 0
0.586674 0.364141 0
0.578617 0.358394 0
0.580341 0.345049 0
0.584502 0.335302 0
0.590214 0.326738 0
0.59751 0.318356 0
0.603882 0.311758 0
0.623316 0.31239 0
0.635601 0.308849 0
0.646852 0.310096 0
0.712968 0.329038 0
0.706419 0.318829 0
0.75321 0.341068 0
0.750892 0.330722 0
0.759242 0.325141 0
0.786318 0.320359 0
0.723682 0.311023 0
0.803734 0.335067 0
0.814568 0.32242 0
0.825475 0.311157 0
0.809506 0.262747 0
0.816199 0.254989 0
0.823617 0.247717 0
0.831124 0.246346 0
0.83999 0.249996 0
0.876869 0.266572 0
0.888115 0.256835 0
0.891295 0.253132 0
0.898106 0.245024 0
0.941748 0.240279 0
0.947901 0.241481 0
0.941387 0.234458 0
0.896687 0.225749 0
0.947211 0.226507 0
1 0.238757 0
0.972807 0.226338 0
0.967366 0.221456 0
0.97324 0.220823 0
0.99271 0.221076 0
0.945858 0.214055 0
0.937811 0.211756 0
0.92767 0.212304 0
0.929913 0.207835 0
0.93323 0.202162 0
0.909924 0.214932 0
0.915318 0.212462 0
0.919195 0.205928 0
0.855225 0.198512 0
0.837567 0.199214 0
0.817459 0.204704 0
0.799212 0.193657 0
0.778762 0.173338 0
0.784651 0.177635 0
0.775284 0.170646 0
0.72612 0.148694 0
0.678419 0.130848 0
0.57338 0.114274 0
0.556209 0.112851 0
0.499587 0.0845514 0
0.4685 0.0805362 0
0.422742 0.0347011 0
0.351159 0.0231306 0
0.332776 0.0137569 0
0.320551 0.00916881 0
0.329689 0.0195043 0
0.322768 0.0199303 0
0.383677 0.0530339 0
0.358415 0.0486359 0
0.415324 0.068156 1
0.350995 0.0375477 1
0.350813 0.0528119 0
0.352922 0.0654459 0
0.344807 0.0655965 0
0.337566 0.0738134 0
0.329203 0.078707 0
0.328811 0.0868471 0
0.331554 0.101014 0
0.334525 0.111502 0
0.327277 0.122188 0
0.32283 0.126562 0
0.334428 0.145526 0
0.295477 0.135845 0
0.295634 0.149212 0
0.296926 0.152654 0
0.297482 0.164595 0
0.288786 0.170112 0
0.281215 0.175325 0
0.273421 0.18579 0
0.252929 0.185976 0
0.263398 0.200279 0
0.268814 0.218907 0
0.224293 0.21469 0
0.217807 0.223645 0
0.20156 0.230701 0
0.184696 0.235101 0
0.16441 0.238241 0
0.137817 0.242141 0
0.109311 0.235291 0
0.0826449 0.240052 0
0.0759227 0.249932 0
0.0708283 0.256209 0
0.0526763 0.25779 0
0.0459896 0.263272 0
0.0446778 0.271199 0
0.0449982 0.269849 0
0.0445406 0.274338 0
0.0440708 0.274455 0
0.0440677 0.274436 0
0.0440711 0.274435 1
0.0511573 0.276368 0
0.0520912 0.278129 0
0.0586012 0.283628 0
0.0650035 0.294896 0
0.0761367 0.292279 0
0.0850279 0.293519 0
0.0985619 0.309646 0
0.118085 0.320367 0
0.13627 0.315132 0
0.148771 0.320724 0
0.185196 0.341351 0
0.202681 0.350623 0
0.231542 0.377339 0
0.251535 0.373864 0
0.273616 0.375056 0
0.332513 0.407891 0
0.517355 0.494949 0
0.522026 0.474684 0
0.516199 0.470121 0
0.523306 0.466095 1
0.524481 0.464764 0
0.528773 0.460572 0
0.551898 0.477403 0
0.643062 0.461998 0
0.677561 0.47393 0
0.691885 0.466644 0
0.660595 0.423185 0
0.700967 0.439256 0
0.7071 0.438543 0
0.663439 0.401324 0
0.561559 0.40145 1
0.553644 0.392051 0
0.584414 0.354932 0
0.664519 0.364263 0
0.622725 0.334574 0
0.659498 0.348007 0
0.739889 0.373917 0
0.744509 0.359983 0
0.749899 0.356201 0
0.740739 0.340103 0
0.76043 0.345785 0
0.765868 0.336488 0
0.764702 0.330283 0
0.774191 0.328036 0
0.771858 0.327104 1
