0.259857 0.043299 0
0.219908 0.0409472 0
0.189595 0.0154674 0
0.175843 0.0302954 0
0.165346 0.0507557 0
0.16035 0.100688 0
0.159834 0.132607 0
0.159837 0.161775 0
0.120205 0.211086 0
0.1062 0.233712 0
0.100831 0.255351 0
0.077997 0.294589 0
0.0581847 0.331782 0
0.0202844 0.353057 0
0.0358014 0.401327 0
0.0376238 0.448445 0
0.0175731 0.479164 1
0.0200389 0.532141 0
0.000727898 0.580925 0
0.00881617 0.622724 0
0 0.658501 0
0.0129334 0.69038 0
0.00357251 0.734009 0
0.0231053 0.754043 0
0.0434012 0.77771 0
0.0599837 0.801059 0
0.0778539 0.822424 0
0.114998 0.832412 0
0.142568 0.846837 1
0.164888 0.865246 0
0.211309 0.868231 0
0.269438 0.886054 0
0.3472 0.877827 0
0.407292 0.876779 0
0.488726 0.871168 0
0.565116 0.864098 0
0.618098 0.850958 0
0.671931 0.844766 0
0.750401 0.835113 0
0.811868 0.825964 0
0.835011 0.8138 0
0.856691 0.788175 0
0.860274 0.782157 0
0.866281 0.779635 0
0.876286 0.768513 0
0.897451 0.762001 0
0.912721 0.742729 0
0.92813 0.734393 0
0.936416 0.727825 0
0.947792 0.719452 0
0.955627 0.706362 0
0.955671 0.681604 0
0.961107 0.668457 0
0.960129 0.646096 0
0.952923 0.631923 0
0.948166 0.594857 0
0.953117 0.569934 0
0.949261 0.541782 0
0.937839 0.513094 1
0.960114 0.464919 0
0.978059 0.421893 0
1 0.373488 0
0.973665 0.340536 0
0.940252 0.298374 0
0.922076 0.251672 0
0.912078 0.225892 0
0.90027 0.203171 0
0.866914 0.183575 0
0.847137 0.151599 0
0.817348 0.130523 0
0.797033 0.110669 0
0.789678 0.0928412 0
0.77384 0.0881155 0
0.748022 0.0701578 0
0.738861 0.0539083 1
0.71258 0.0387845 0
0.670195 0.0251088 0
0.640544 0.02545 0
0.603059 0.0156256 0
0.574572 0.00813144 0
0.534542 0.00359325 0
0.489731 0 0
0.456705 0.00244381 0
0.413286 0.00917374 0
0.392433 0.00941227 0
0.349306 0.0204931 0
0.320219 0.0119796 0
0.282167 0.0129985 0
0.242602 0.0229163 0
0.209628 0.0325927 0
0.176667 0.0441532 0
0.151953 0.0552207 0
0.133107 0.0656482 0
0.112294 0.077659 0
0.0941953 0.0828822 0
0.0865953 0.103683 0
0.0819242 0.121821 1
0.0553948 0.144408 0
0.0563929 0.151572 0
0.0490653 0.163593 0
0.0420894 0.181802 0
0.0359251 0.203036 0
0.035027 0.221199 0
0.0166638 0.255812 0
0.0136138 0.29461 0
0.051189 0.327845 0
0.0688897 0.362115 0
0.0594939 0.415651 0
0.0262314 0.518717 0
0.0644692 0.554582 0
0.0784357 0.594362 0
0.108601 0.611984 0
0.147524 0.629716 0
0.173831 0.648852 0
0.18078 0.678553 0
0.173033 0.696118 0
0.162497 0.725071 0
0.143813 0.745894 0
0.120487 0.754894 0
0.182224 0.77204 0
0.201888 0.799197 0
0.271876 0.816112 0
0.316216 0.830579 0
0.361939 0.823991 0
0.414886 0.814107 0
0.445825 0.784952 0
0.522637 0.787801 0
0.56872 0.78125 0
0.617878 0.777054 0
0.733161 0.803478 0
0.738513 0.761951 0
0.801941 0.748577 0
0.859531 0.736925 0
0.913261 0.72269 0
0.96837 0.698459 0
0.957196 0.675016 0
0.950316 0.669223 0
0.953663 0.648712 0
0.951993 0.632984 0
0.952045 0.64243 0
0.956943 0.649908 0
0.964115 0.655526 0
0.965016 0.653781 0
0.971826 0.627243 0
0.964611 0.611075 0
0.961921 0.603347 0
0.945531 0.590138 0
0.944574 0.575374 0
0.945665 0.552647 0
0.936938 0.524714 0
0.936979 0.513411 0
0.937471 0.514332 0
0.934792 0.508326 0
0.920419 0.484033 0
0.900142 0.424144 0
0.912382 0.397439 0
0.907129 0.351806 0
0.881492 0.316098 0
0.853539 0.32619 0
0.771987 0.309885 0
0.759697 0.286764 0
0.733208 0.269931 0
0.724828 0.242344 0
0.73072 0.223655 0
0.737523 0.186463 0
0.672943 0.179542 0
0.64162 0.148947 0
0.606685 0.143891 0
0.57501 0.125284 0
0.528551 0.106115 0
0.492865 0.0766029 0
0.475736 0.0677549 0
0.61001 0.0349772 0
