0.113884 0.0638466 0
0.113884 0.0638462 0
0.113884 0.0638462 0
0.113884 0.0638462 0
0.113884 0.0638462 0
0.113884 0.0638462 0
0.113884 0.0638462 0
0.113884 0.0638462 0
0.113884 0.0638462 0
0.113884 0.0638462 0
0.113884 0.0638462 0
0.113884 0.0638462 0
0.113884 0.0638462 0
0.113884 0.0638462 0
0.113884 0.0638462 0
0.113884 0.0638462 0
0.113884 0.0638462 0
0.113884 0.0638462 0
0.113884 0.0638462 0
0.113884 0.0638462 0
0.113884 0.0638462 0
0.113884 0.0638462 0
0.113884 0.0638462 0
0.113884 0.0638462 0
0.113884 0.0638462 0
0.113884 0.0638462 0
0.113884 0.0638462 0
0.113884 0.0638462 0
0.113884 0.0638462 1
0.113884 0.0638458 0
0.113884 0.063845 0
0.113884 0.0638446 0
0.113884 0.0638442 0
0.113884 0.0638437 0
0.113884 0.0638419 0
0.113886 0.0638419 0
0.113888 0.0638421 0
0.113887 0.063841 0
0.113884 0.0638406 0
0.113887 0.063841 0
0.113887 0.0638404 0
0.113889 0.0638401 0
0.113889 0.0638404 0
0.11389 0.0638408 0
0.113889 0.0638411 0
0.113877 0.0638397 0
0.11389 0.0638378 0
0.113889 0.063839 0
0.113886 0.0638353 0
0.113889 0.0638364 0
0.11389 0.063836 0
0.113891 0.0638375 0
0.113891 0.0638373 0
0.113889 0.0638358 0
0.113891 0.0638351 0
0.113891 0.0638344 0
0.11389 0.0638339 0
0.113887 0.0638323 0
0.113892 0.0638321 0
0.113875 0.0638351 0
0.113876 0.0638346 0
0.113877 0.0638322 0
0.113889 0.0638311 0
0.113874 0.0638302 0
0.113876 0.0638316 0
0.113876 0.0638308 0
0.113875 0.0638303 0
0.113873 0.0638309 0
0.113872 0.0638297 0
0.113873 0.0638288 0
0.113872 0.063828 0
0.113871 0.0638271 0
0.113871 0.0638257 0
0.11387 0.0638253 0
0.113873 0.0638212 0
0.113891 0.0638172 0
0.113895 0.0638158 0
0.113872 0.0638156 0
0.113871 0.0638154 0
0.113875 0.0638136 0
0.113876 0.0638124 0
0.113876 0.0638093 0
0.113876 0.0638069 0
0.11388 0.0638058 0
0.113878 0.063803 0
0.113878 0.0638004 0
0.11388 0.0637972 0
0.113881 0.0637986 0
0.113879 0.0637935 0
0.113881 0.0637904 0
0.113881 0.0637905 0
0.113882 0.0637886 0
0.113884 0.0637866 1
0.113884 0.0637866 0
0.113884 0.0637866 0
0.113884 0.0637866 0
0.113884 0.0637866 0
0.113884 0.0637866 0
0.113884 0.0637866 0
0.113884 0.0637866 0
0.113884 0.0637866 0
0.113884 0.0637862 0
0.113884 0.0637857 0
0.113884 0.0637852 0
0.113884 0.0637847 0
0.113886 0.063785 0
0.113885 0.0637845 0
0.113884 0.0637838 0
0.113885 0.0637837 0
0.113887 0.0637838 0
0.113889 0.0637842 0
0.113892 0.0637855 0
0.113893 0.0637836 0
0.113884 0.063796 0
0.113884 0.0636555 0
0.113884 0.0636528 0
0.113884 0.0636527 0
0.113884 0.0636527 0
0.113884 0.0636527 0
0.113884 0.0636527 0
0.113884 0.0636527 0
0.113884 0.0636527 0
0.113884 0.0636527 0
0.113884 0.0636527 0
0.113884 0.0636527 0
0.113884 0.0636527 0
0.113884 0.0636527 0
0.113884 0.0636527 0
0.113884 0.0636527 0
0.113884 0.0636527 0
0.113884 0.0636527 1
0.113881 0.0636477 0
0.11388 0.0636417 0
0.113893 0.0636336 0
0.113888 0.0636256 0
0.113884 0.0636178 0
0.113884 0.0636097 0
0.113884 0.0636016 0
0.113884 0.0635919 1
0.113884 0.0635919 0
0.113884 0.0635919 0
0.113884 0.0635919 0
0.113884 0.0635919 0
0.113884 0.0635919 0
0.113884 0.0635919 0
0.113884 0.0635919 0
0.113884 0.0635919 0
0.113884 0.0635919 0
0.113884 0.0635919 0
0.113884 0.0635919 0
0.113884 0.0635918 0
0.113884 0.0635916 0
0.113884 0.0635904 0
0.113879 0.0635993 0
0.113865 0.0637095 0
0.113849 0.0637157 0
0.113849 0.0637179 0
0.113853 0.0637239 0
0.113856 0.063726 0
0.113857 0.0637263 0
0.113859 0.0637271 0
0.11386 0.0637271 0
0.11386 0.0637266 0
0.113861 0.0637269 0
0.113859 0.0637253 0
0.113863 0.0637267 0
0.113857 0.0637234 0
0.113862 0.0637238 0
0.113853 0.0637065 0
0.113712 0.063651 0
0.113696 0.0636355 0
0.113679 0.0636293 0
0.113648 0.0636163 0
0.113636 0.0636017 0
0.113613 0.0635811 0
0.113584 0.0635535 0
0.113555 0.0635236 0
0.113535 0.0635133 0
0.113534 0.0635009 0
0.113511 0.0634717 0
0.113503 0.0634512 0
0.113514 0.06344 0
0.113512 0.0634256 0
0.113484 0.0633985 0
0.113489 0.0633787 0
0.113493 0.0633644 0
0.113532 0.0633732 0
0.113489 0.0633275 0
0.11346 0.0632719 0
0.113482 0.0632599 0
0.113475 0.06323 0
0.113437 0.0631733 0
0.113475 0.0631702 0
0.113524 0.0631842 0
0.113664 0.0632689 0
0.113631 0.0631771 0
0.113658 0.0631822 0
0.113771 0.0632877 0
0.114069 0.0631803 0
0.113945 0.0633569 0
0.114005 0.0632692 0
0.113978 0.0632986 0
0.114046 0.0631103 0
0.113941 0.0628667 0
0.114005 0.063188 0
0.114048 0.0631075 0
0.114009 0.0631038 0
0.11399 0.0631066 0
0.113961 0.0630681 0
0.11392 0.0630031 0
0.113891 0.0631115 0
0.113884 0.0633554 0
0.113884 0.0634566 1
0.113884 0.0634143 0
0.113884 0.0634571 0
0.113884 0.0634578 0
0.113885 0.0634576 0
0.113886 0.0634587 0
0.113887 0.0634601 0
0.113886 0.0634616 0
0.113886 0.0634628 0
0.113885 0.0634634 0
0.113885 0.0634657 0
0.113884 0.0634698 0
0.113884 0.0634766 0
0.113884 0.0634797 0
0.113884 0.0634849 0
0.113884 0.0634899 0
0.113884 0.0634953 0
0.113884 0.0635001 0
0.113884 0.0635039 0
0.113884 0.0635073 0
0.113884 0.0635123 0
0.113884 0.0635189 0
0.113884 0.0635227 0
0.113884 0.0635253 0
0.113884 0.0635282 0
0.113884 0.0635324 0
0.113884 0.0635345 0
0.113884 0.0635376 0
0.113884 0.0635432 0
0.113884 0.063548 0
0.113884 0.063551 0
0.113884 0.0635515 0
0.113884 0.0635566 1
0.113884 0.063557 0
0.113884 0.0635582 0
0.113884 0.0635598 0
0.113884 0.0635611 0
0.113884 0.0635625 0
0.113884 0.0635643 0
0.113884 0.0635667 0
0.113884 0.0635736 0
0.113884 0.0635747 0
0.113884 0.0635752 0
0.113884 0.0635763 0
0.113884 0.0635766 0
0.113884 0.063578 0
0.113884 0.0635785 0
0.113884 0.0635783 0
0.113884 0.0635778 0
0.113884 0.0636994 0
0.113889 0.0636952 0
0.113887 0.0636969 0
0.113886 0.0636989 0
0.113887 0.063701 0
0.113886 0.0637021 0
0.113884 0.0637028 0
0.113884 0.0637043 0
0.113885 0.0637054 0
0.113883 0.0637059 0
0.113884 0.0637062 0
0.113884 0.0637067 0
0.113884 0.0637073 0
0.113884 0.0637074 1
0.113884 0.0637082 0
0.113884 0.0637088 0
0.113883 0.06371 0
0.113884 0.0637109 0
0.113884 0.0637108 0
0.113884 0.0637119 0
0.113884 0.0637133 0
0.113883 0.0637149 0
0.113881 0.0637158 0
0.113884 0.0637178 0
0.113883 0.0637182 0
0.113881 0.0637185 0
0.113884 0.0637199 0
0.113883 0.0637205 0
0.113883 0.0637211 0
0.113883 0.0637215 0
0.113881 0.0637215 0
0.11388 0.0637216 0
0.113879 0.063722 0
0.113876 0.0637218 0
0.113873 0.0637213 0
0.113873 0.0637224 0
0.113879 0.0637286 0
0.113904 0.0637352 0
0.113742 0.0638725 0
0.113795 0.0638853 0
0.113835 0.0638808 0
0.113855 0.0638782 0
0.113852 0.0638813 0
0.113841 0.0638897 0
0.113883 0.0638712 0
0.113884 0.0638746 0
0.113881 0.0638753 0
0.113883 0.0638753 0
0.113883 0.0638759 0
0.113881 0.0638771 0
0.113881 0.0638777 0
0.113883 0.0638778 0
0.113881 0.0638783 0
0.113884 0.0638782 0
0.113882 0.0638787 0
0.113879 0.0638801 0
0.113874 0.0638837 0
0.113875 0.0638871 0
0.113893 0.0638875 0
0.113874 0.0638879 0
0.113877 0.0638903 0
0.113881 0.0638859 0
0.113884 0.0638826 0
0.113884 0.0638828 0
0.113884 0.0638831 0
0.113884 0.063883 1
0.113884 0.0639155 0
0.113884 0.0639829 0
0.113884 0.0640063 0
0.113884 0.0638917 0
0.113884 0.0638836 0
0.113884 0.063883 0
0.113884 0.0638831 0
0.113884 0.0638832 0
0.113884 0.0638895 0
0.113884 0.0641873 0
0.11393 0.0646296 0
0.113884 0.0644422 0
0.113884 0.0639738 0
0.113884 0.0638831 0
0.113884 0.0639307 0
0.113884 0.0639174 0
0.113884 0.0639995 0
0.113884 0.0641691 0
0.113884 0.0643265 0
0.113908 0.0644565 0
0.113893 0.0645285 0
0.113935 0.0650434 0
0.113975 0.0651152 0
0.113955 0.0651214 0
0.114034 0.0652395 0
0.114006 0.0654596 0
0.114063 0.0656158 0
0.114069 0.0654191 0
0.113884 0.0647813 0
0.113969 0.065012 0
0.113984 0.0652855 0
0.113947 0.0654738 0
0.114025 0.0656338 0
0.114083 0.0658535 0
0.114341 0.0659597 0
0.113989 0.0654449 0
0.114014 0.0656264 0
0.114485 0.066246 0
0.112719 0.0704469 0
0.112822 0.0693441 0
0.112791 0.0688868 0
0.113329 0.067982 0
0.112611 0.0708537 0
0.1124 0.0706565 0
0.112615 0.0708748 0
0.111502 0.0717588 0
0.110946 0.0749818 0
0.110582 0.0751504 0
0.110717 0.074703 0
0.110056 0.0779415 0
0.11017 0.0775594 0
0.110297 0.0781086 0
0.110608 0.0792811 0
0.110563 0.078406 0
0.110412 0.0791236 0
0.110563 0.0796678 0
0.110811 0.080399 0
0.111114 0.0807336 0
0.111385 0.081036 0
0.111502 0.0816182 0
0.111762 0.0823632 0
0.111693 0.0824752 0
0.111893 0.0839755 0
0.112453 0.0848209 0
0.11326 0.0859617 0
0.113256 0.0864079 0
0.113642 0.0871614 0
0.113882 0.0878853 0
0.113882 0.0883823 0
0.113882 0.0884281 1
0.113707 0.0885602 0
0.113679 0.088936 0
0.113599 0.0891355 0
0.113505 0.0895375 0
0.113546 0.0899525 0
0.113598 0.0903425 0
0.11385 0.0907467 0
0.11383 0.090939 0
0.113597 0.0912654 0
0.113375 0.0916236 0
0.113237 0.0919666 0
0.113223 0.0922846 0
0.113295 0.0926379 0
0.113242 0.0929552 0
0.113179 0.093351 0
0.113134 0.093718 0
0.113533 0.0938354 0
0.113882 0.0936628 1
0.114343 0.0958802 0
0.113589 0.0994251 0
0.114318 0.100103 0
0.113968 0.104536 0
0.115091 0.106679 0
0.115372 0.10947 0
0.114974 0.110874 0
0.115602 0.112329 0
0.115623 0.115203 0
0.11661 0.119799 0
0.113647 0.12315 0
0.114685 0.126025 0
0.112516 0.12887 0
0.112164 0.132344 0
0.110072 0.135477 0
0.11013 0.139043 0
0.110243 0.142578 0
0.11349 0.146729 0
0.116643 0.150369 0
0.116912 0.153395 0
0.111164 0.154745 0
0.110659 0.160825 0
0.111016 0.167459 0
0.110815 0.169968 0
0.110049 0.174102 0
0.110279 0.177392 0
0.11112 0.181117 0
0.111152 0.182336 0
0.112698 0.184736 0
0.113666 0.186012 0
0.113529 0.186747 0
0.113877 0.187403 1
0.114979 0.188517 0
0.116326 0.19024 0
0.116086 0.190278 0
0.118019 0.190589 0
0.117759 0.192131 0
0.117799 0.191979 0
0.12009 0.192138 0
0.11941 0.192286 0
0.116831 0.191679 0
0.117159 0.192808 0
0.11719 0.192892 0
0.117299 0.192463 0
0.117525 0.191505 0
0.118366 0.19381 0
0.10384 0.177764 0
0 0.400946 0
0.0471163 0.453108 0
0.057772 0.455751 0
0.0683445 0.46 0
0.0729416 0.46049 0
0.077983 0.462334 0
0.0813945 0.462804 0
0.086149 0.463549 0
0.0847396 0.461162 0
0.0923182 0.464433 0
0.0978421 0.466707 0
0.100833 0.46832 0
0.102048 0.468734 0
0.100675 0.467468 0
0.102762 0.468393 0
0.10193 0.467278 0
0.104473 0.468704 0
0.103457 0.467771 0
0.100863 0.46548 0
0.104882 0.468017 0
0.0977391 0.462452 0
0.100415 0.464347 0
0.102206 0.465763 0
0.099814 0.461578 0
0.104522 0.466512 0
0.106065 0.466493 0
0.106422 0.465385 0
0.106494 0.464361 0
0.105948 0.461668 0
0.1073 0.4627 0
0.108576 0.463691 0
0.111109 0.466878 0
0.112154 0.467387 0
0.112684 0.46699 0
0.113862 0.468828 1
0.113862 0.468828 0
0.113862 0.468828 0
0.113862 0.468828 0
0.113862 0.468828 0
0.113862 0.468828 0
0.113862 0.468828 0
0.113862 0.468828 0
0.113862 0.468828 0
0.113862 0.468828 0
0.113862 0.468828 0
0.113863 0.468828 0
0.113862 0.468828 0
0.113862 0.468828 0
0.113862 0.468828 0
0.113863 0.468828 0
0.113864 0.468821 0
0.113854 0.468796 0
0.1139 0.468697 0
0.114567 0.465358 0
0.112097 0.462472 0
0.10185 0.444496 0
0.113843 0.572093 0
0.115541 0.57425 0
0.115021 0.574543 0
0.115343 0.575311 0
0.114281 0.575906 0
0.114632 0.57675 0
0.11427 0.577352 0
0.113933 0.577979 0
0.113858 0.578672 1
0.113858 0.578672 0
0.113858 0.578672 0
0.113858 0.578672 0
0.113858 0.578672 0
0.113858 0.578672 0
0.113858 0.578672 0
0.113858 0.578672 0
0.113858 0.578672 0
0.113858 0.578672 0
0.113858 0.578672 0
0.113858 0.578672 0
0.113858 0.578672 0
0.113868 0.57866 0
0.113696 0.578563 0
0.11348 0.623048 0
0.114024 0.620523 0
0.113867 0.620525 0
0.113858 0.620541 0
0.113857 0.620543 0
0.113857 0.620544 0
0.113857 0.620544 0
0.113857 0.620544 0
0.113857 0.620544 0
0.113857 0.620544 1
0.11431 0.62079 0
0.113352 0.621045 0
0.113463 0.621464 0
0.113106 0.62162 0
0.112488 0.621627 0
0.111633 0.62134 0
0.111498 0.621639 0
0.111099 0.621714 0
0.111625 0.6225 0
0.110461 0.622378 0
0.110894 0.622769 0
0.110761 0.623041 0
0.110891 0.623449 0
0.110344 0.623702 0
0.113658 0.624061 0
0.112235 0.624618 0
0.111614 0.625229 0
0.111912 0.625653 0
0.111604 0.626655 0
0.113859 0.625576 1
0.113859 0.625577 0
0.113859 0.625578 0
0.113863 0.625706 0
0.113872 0.626132 0
0.113887 0.61492 0
0.113869 0.614046 0
0.113882 0.613469 0
0.113861 0.613045 0
0.113872 0.612482 0
0.11386 0.612258 1
0.11386 0.609945 0
0.11386 0.60816 0
0.113861 0.605485 0
0.113861 0.60392 0
0.113861 0.602488 0
0.113861 0.600763 0
0.113861 0.59887 0
0.113861 0.597817 0
0.113861 0.595908 0
0.113862 0.594908 1
0.113862 0.594459 0
0.113862 0.594104 0
0.113863 0.593545 0
0.113865 0.592928 0
0.113868 0.592231 0
0.113879 0.590287 0
0.113853 0.546766 0
0.114002 0.552532 0
0.113803 0.552984 0
0.113864 0.552974 0
0.113865 0.552981 0
0.113864 0.552981 0
0.113864 0.552981 0
0.113864 0.552981 1
0.113864 0.54925 0
0.115876 0.545039 0
0.114104 0.539161 0
0.114057 0.534696 0
0.114034 0.530455 0
0.111543 0.525421 0
0.111652 0.521114 0
0.111584 0.516721 0
0.113866 0.511987 0
0.113521 0.507501 0
0.111372 0.502928 0
0.113513 0.498766 0
0.113397 0.494363 0
0.113867 0.490332 0
0.113867 0.488683 0
0.113868 0.486863 1
0.114212 0.486788 0
0.113971 0.486177 0
0.113897 0.485709 0
0.113967 0.486729 0
0.136041 0.500433 0
0.156182 0.507885 0
0.231021 0.47587 0
0.450763 0.181492 0
0.27364 0.422039 0
0.396371 0.376574 0
0.137374 0.240719 0
0.0968233 0.241779 0
0.0883252 0.249775 0
0.0930519 0.253237 0
0.0937067 0.254401 0
0.0977744 0.257123 0
0.0963868 0.262177 0
0.0946373 0.266697 0
0.0938643 0.272908 0
0.0965161 0.276455 0
0.0968532 0.281772 0
0.099962 0.284514 0
0.103765 0.286494 0
0.109801 0.287036 0
0.11182 0.287261 0
0.113391 0.286038 0
0.113334 0.285151 0
0.117339 0.280697 0
0.116583 0.281244 0
0.115155 0.281134 0
0.113876 0.278664 0
0.113877 0.278477 1
0.111703 0.27797 0
0.111345 0.2772 0
0.111897 0.277297 0
0.11033 0.278259 0
0.108301 0.275695 0
0.107231 0.274506 0
0.106915 0.273587 0
0.106374 0.272579 0
0.10474 0.271939 0
0.104834 0.272158 0
0.103065 0.270965 0
0.101343 0.270142 0
0.105338 0.267948 0
0.09141 0.288112 0
0.255226 0.193899 0
0.241912 0.133518 0
0.226186 0.127129 0
0.2202 0.117056 0
0.215035 0.110534 0
0.212722 0.108752 0
0.211503 0.100866 0
0.206663 0.0939083 0
0.197891 0.0855493 0
0.208304 0.0984227 0
0.205049 0.100948 0
0.202949 0.0983439 0
0.200985 0.0948908 0
0.195996 0.0934121 0
0.190531 0.0891086 0
0.188626 0.0882999 0
0.188716 0.0869994 0
0.186736 0.0919876 0
0.183372 0.0907622 0
0.182193 0.0889634 0
0.180365 0.0879913 0
0.177051 0.0832766 0
0.148653 0.0707114 0
0.152754 0.0727191 0
0.153334 0.0730821 0
0.151425 0.071884 0
0.150207 0.0711106 0
0.151921 0.0723595 0
0.148452 0.070234 0
0.146417 0.0697186 0
0.145421 0.0692958 0
0.145787 0.0694902 0
0.144435 0.0685875 0
0.143549 0.0680286 0
0.146691 0.0697994 0
0.147353 0.0698588 0
0.147987 0.0704849 0
0.146745 0.0701721 0
0.145124 0.0692742 0
0.143676 0.068491 0
0.143518 0.0690022 0
0.142606 0.0693629 0
0.146308 0.0702511 0
0.142578 0.068966 0
0.141285 0.0683485 0
0.139392 0.0675538 0
0.140235 0.0675618 0
0.139304 0.0671579 0
0.133169 0.0674981 0
0.13782 0.0655134 0
0.122027 0.0632218 0
0.121095 0.0637898 0
0.121278 0.063777 0
0.121345 0.0637921 0
0.121365 0.0638817 0
0.121403 0.0639538 0
0.121449 0.0640002 0
0.121508 0.0640825 0
0.121617 0.0641433 0
0.12177 0.0640953 0
0.121844 0.0639484 0
0.121942 0.064027 0
0.122138 0.0642554 0
0.12537 0.0638689 0
0.121947 0.0634998 0
0.122289 0.0636738 0
0.127048 0.0645281 0
0.125605 0.0639138 0
0.121978 0.0641971 0
0.122003 0.0639053 0
0.121936 0.0639389 0
0.122248 0.0641844 0
0.122109 0.0639089 0
0.122027 0.0639088 0
0.122081 0.0638167 0
0.126832 0.0644496 0
0.12189 0.0635787 0
0.121983 0.0640556 0
0.122072 0.0640744 0
0.122059 0.0640469 0
0.122047 0.0640676 0
0.122041 0.064102 0
0.122106 0.0641314 0
0.122123 0.0640586 0
0.122105 0.0638148 0
0.124336 0.064178 0
0.12387 0.0642369 0
0.123168 0.063949 0
0.123026 0.063946 0
0.122445 0.0638319 0
0.122321 0.0638474 0
0.122438 0.0638003 0
0.122221 0.0638764 0
0.122747 0.0637313 0
0.123938 0.0641976 0
0.122871 0.0640404 0
0.122412 0.0639082 0
0.122296 0.0638751 0
0.122327 0.0638849 0
0.122342 0.0638897 0
0.122286 0.0638615 0
0.122469 0.0637641 0
0.122339 0.0638827 0
0.12237 0.0637969 0
0.123145 0.0640631 0
0.1225 0.0637995 0
0.122266 0.0638704 0
0.122282 0.063903 0
0.122471 0.0638685 0
0.122264 0.063866 1
0.123277 0.0635295 0
0.122817 0.0638354 0
0.123476 0.0640508 0
0.122865 0.0638673 0
0.128607 0.0649884 0
0.124059 0.0641176 0
0.128811 0.0650383 0
0.125597 0.0643133 0
0.129919 0.0650912 0
0.133882 0.0658853 0
0.137388 0.0653952 0
0.14157 0.0662254 0
0.151008 0.0651862 0
0.153902 0.0654372 0
0.162194 0.0658119 0
0.167651 0.0654927 0
0.17547 0.0638622 0
0.181372 0.0638614 0
0.201028 0.0654861 0
0.213092 0.0678266 0
0.208104 0.0644752 0
0.213711 0.0647293 0
0.225617 0.0657561 0
0.229038 0.0630981 0
0.232381 0.0641146 0
0.234578 0.0621319 0
0.236191 0.0645308 0
0.23787 0.062401 0
0.236667 0.0638574 0
0.244529 0.0658961 0
0.242854 0.0646664 0
0.245321 0.0640769 0
0.246007 0.0621307 0
0.248056 0.0627077 0
0.248453 0.0631369 0
0.250942 0.0638588 1
0.256389 0.0643747 0
0.264402 0.0682137 0
0.271498 0.0678936 0
0.27236 0.0696141 0
0.284037 0.0706871 0
0.290532 0.0725445 0
0.298323 0.0769749 0
0.311448 0.0792127 0
0.322458 0.0826459 0
0.33829 0.0880043 0
0.343539 0.0923985 0
0.355765 0.0981972 0
0.362546 0.103025 0
0.367695 0.100153 0
0.367901 0.0929657 0
0.372074 0.0910412 0
0.389073 0.0968265 0
0.386208 0.0856464 0
0.400366 0.101595 0
0.397477 0.0954181 0
0.398418 0.0829646 0
0.410916 0.0840702 0
0.418988 0.0816035 0
0.424091 0.0782647 0
0.429048 0.0860097 0
0.439636 0.0824576 0
0.454748 0.0705322 0
0.470791 0.0662384 0
0.482458 0.0656241 0
0.494322 0.0691672 0
0.501425 0.0685473 0
0.507051 0.0634641 0
0.517761 0.0650493 0
0.524076 0.0662958 0
0.535532 0.0618077 0
0.544178 0.0611246 0
0.553101 0.062282 0
0.561151 0.0649453 0
0.568921 0.0620584 0
0.575829 0.0647231 0
0.586597 0.0549019 0
0.591979 0.05889 0
0.600567 0.0638713 0
0.607447 0.0638717 0
0.618305 0.0597005 0
0.624069 0.061277 0
0.629505 0.0607496 0
0.637677 0.0609233 0
0.643166 0.0611843 0
0.648976 0.0638729 1
0.655514 0.0638731 0
0.685286 0.0638738 0
0.69702 0.0638745 0
0.718874 0.0638753 0
0.729018 0.063876 0
0.751088 0.0638768 0
0.782459 0.0638775 0
0.787858 0.0638777 1
0.792971 0.0645916 0
0.796551 0.067186 0
0.807546 0.0638786 0
0.89489 0 0
0.898759 0.00890088 0
0.901524 0.0217575 0
0.902134 0.0363726 0
0.906448 0.0308076 0
0.906852 0.0391779 0
0.911025 0.0459561 0
0.913791 0.0484097 0
0.916816 0.0536858 0
0.921638 0.0570669 0
0.922263 0.0609559 0
0.930349 0.0604621 0
0.935432 0.0638828 1
0.937707 0.0645583 0
0.941862 0.0605298 0
0.943739 0.0651727 0
0.947611 0.066803 0
0.950921 0.0662953 0
0.952857 0.0665951 0
0.955646 0.065742 0
0.958903 0.060935 0
0.961118 0.0609421 0
0.963116 0.0625326 0
0.969151 0.061227 0
0.973558 0.0650596 0
0.977366 0.0641308 0
0.979905 0.0636687 0
0.983602 0.0638846 0
0.986253 0.0638847 0
0.989862 0.0638848 0
0.993444 0.0638848 1
0.994122 0.0638983 0
0.994721 0.0644999 0
0.995071 0.0650586 0
0.995599 0.0657541 0
0.996219 0.0667191 0
0.997048 0.0658802 0
0.997755 0.0647775 0
0.99828 0.0640042 0
0.999306 0.0631384 0
1 0.063885 1
