0.225242 0.793145 0
0.184841 0.750638 0
0.204187 0.778092 0
0.220676 0.837139 0
0.23581 0.845981 0
0.23813 0.86027 0
0.245061 0.863831 1
0.249196 0.868816 0
0.25864 0.872117 0
0.26494 0.878539 0
0.267815 0.874662 0
0.292666 0.866494 0
0.32202 0.853155 0
0.339795 0.853121 0
0.349474 0.859909 0
0.366664 0.857783 0
0.37794 0.863033 0
0.390341 0.869713 0
0.400531 0.882347 0
0.414493 0.887934 0
0.432282 0.880377 0
0.442165 0.88012 0
0.466795 0.87117 0
0.481818 0.873124 0
0.49744 0.867075 0
0.506055 0.85845 0
0.536973 0.838594 0
0.571976 0.817294 0
0.595015 0.803048 0
0.615231 0.776 0
0.624827 0.757477 0
0.643526 0.755741 0
0.657819 0.740903 0
0.667955 0.730824 0
0.681308 0.722903 0
0.676044 0.726847 0
0.701227 0.690873 0
0.726088 0.678373 0
0.731858 0.661798 1
0.745545 0.634672 0
0.767597 0.622595 0
0.790004 0.598889 0
0.810898 0.58281 0
0.820193 0.571993 0
0.840625 0.546216 0
0.858757 0.517767 0
0.874244 0.495421 0
0.897773 0.462524 0
0.920575 0.400371 0
0.940958 0.387055 0
0.955991 0.359895 0
0.971587 0.344736 0
0.983526 0.328367 0
0.982071 0.322834 0
0.990955 0.309527 0
0.995343 0.306108 0
0.98977 0.290446 0
0.990561 0.281372 0
0.988107 0.2722 0
0.985176 0.268775 0
0.978533 0.256945 0
0.973253 0.254052 0
0.977605 0.245475 0
0.965683 0.232017 0
0.953705 0.210784 0
0.917055 0.194338 0
0.890778 0.199462 0
0.860229 0.170333 0
0.809282 0.196944 0
0.774849 0.199642 0
0.660439 0.137117 0
0.634538 0.131742 0
0.605822 0.124723 0
0.586972 0.115377 0
0.554655 0.109068 1
0.530275 0.105037 0
0.506106 0.102154 0
0.489079 0.0900616 0
0.459313 0.0728964 0
0.435636 0.0646579 0
0.405584 0.0483268 0
0.389818 0.0623592 0
0.357014 0.0478315 0
0.315322 0.011665 0
0.273718 0.0301061 0
0.252508 0.0153035 0
0.233636 0.0408658 0
0.192249 0.0590209 0
0.168168 0.0478703 0
0.16409 0.0606106 0
0.158471 0.0618045 0
0.146624 0.0628808 0
0.138958 0.0668909 0
0.131768 0.0716379 0
0.126462 0.0757954 0
0.123468 0.0794511 0
0.120867 0.085863 0
0.119196 0.0957121 0
0.1184 0.104977 1
0.114801 0.112691 0
0.10995 0.115332 0
0.11157 0.132979 0
0.108709 0.143568 0
0.111929 0.158216 0
0.119323 0.175542 0
0.122034 0.190351 0
0.130791 0.196493 0
0.119965 0.195043 0
0.117892 0.207705 0
0.124397 0.224096 0
0.123051 0.241218 0
0.117105 0.241549 0
0.113875 0.255093 0
0.100418 0.263556 0
0.0975428 0.274201 0
0.0873643 0.288359 0
0.072959 0.301017 0
0.0588891 0.307472 0
0.0408322 0.332348 0
0.023893 0.338023 0
0.0208676 0.336695 0
0.0184605 0.346581 0
0.0125362 0.366641 0
0.026218 0.366529 0
0.00831328 0.356186 0
0 0.362688 0
0.0174816 0.37831 0
0.0277181 0.386742 0
0.0224979 0.404665 0
0.0220714 0.417263 0
0.022829 0.425378 0
0.0138285 0.429987 0
0.0101192 0.437392 0
0.00625732 0.440447 0
0.00660242 0.445129 0
0.0208197 0.463164 0
0.0303171 0.492829 0
0.0330602 0.496975 0
0.0441705 0.498735 0
0.0481439 0.506872 0
0.0708681 0.537955 0
0.0834975 0.580816 0
0.064927 0.635227 0
0.0768054 0.706255 0
0.122386 0.751095 0
0.171224 0.772732 0
0.172891 0.767873 0
0.185416 0.781517 0
0.193458 0.800324 0
0.212632 0.816535 0
0.220026 0.824419 1
0.230274 0.821038 0
0.238914 0.817851 0
0.218167 0.866258 0
0.2217 0.892172 0
0.244689 0.88816 0
0.260197 0.884154 0
0.274423 0.881852 0
0.273102 0.89533 0
0.288662 0.887909 0
0.313145 0.881073 0
0.325073 0.879713 0
0.33607 0.867374 0
0.356628 0.864954 0
0.372162 0.875149 0
0.385556 0.879186 0
0.395533 0.891215 0
0.409273 0.894308 0
0.421005 0.884751 0
0.429595 0.887047 0
0.438995 0.884883 1
0.461411 0.884895 0
0.487502 0.893682 0
0.488758 0.885198 0
0.500835 0.875403 0
0.529237 0.875238 0
0.53601 0.86513 0
0.548253 0.85421 0
0.655737 0.876624 0
0.61154 0.833621 0
0.60553 0.814399 0
0.630483 0.785791 0
0.654055 0.761319 0
0.677808 0.741913 0
0.692806 0.716798 0
0.706485 0.683539 0
0.743561 0.606865 0
0.768336 0.590297 0
0.777563 0.580194 0
0.804182 0.563757 0
0.82342 0.535783 0
0.840941 0.52249 0
0.86092 0.500009 0
0.876872 0.465732 0
0.891459 0.457617 0
0.91819 0.435904 0
0.929252 0.41718 1
0.935863 0.404282 0
0.934028 0.385517 0
0.948517 0.368316 0
0.966925 0.364599 0
0.980826 0.343028 0
0.984646 0.335023 0
0.985244 0.327154 0
0.985872 0.318828 0
0.984316 0.306934 0
0.985756 0.298485 0
0.982638 0.286317 0
0.979232 0.276685 0
0.975971 0.262967 0
0.972028 0.253429 1
0.972457 0.247111 0
0.97233 0.242939 0
0.96499 0.236798 0
0.951774 0.226026 0
0.895946 0.207908 0
0.872679 0.198977 0
0.838827 0.208969 0
0.794097 0.206191 0
0.761749 0.0940323 0
0.702242 0.0950922 0
0.669437 0.0991343 0
0.646949 0.104617 0
0.611938 0.125066 0
0.568738 0.137086 0
0.517021 0.0915199 0
0.488343 0.0723556 0
0.459713 0.0493723 0
0.425403 0.0424674 0
0.401639 0.0254912 0
0.365966 0.00864521 0
0.348417 0.0052566 0
0.311032 0.00489279 0
0.293127 0 0
0.278834 0.00963764 0
0.249025 0.0272692 0
0.229558 0.0383648 0
0.215859 0.0464442 0
0.202846 0.0543656 1
0.193892 0.0553028 0
0.182756 0.0543018 0
0.177568 0.0635194 0
0.177122 0.0758647 0
0.158919 0.065773 0
0.147806 0.0671947 0
0.157183 0.0951979 0
0.146073 0.0915441 0
0.167013 0.114808 0
0.152526 0.114205 0
0.152456 0.122381 0
0.153163 0.133334 0
0.152126 0.136138 0
0.140906 0.137236 0
0.142588 0.148743 0
0.139469 0.164668 0
0.15124 0.173066 0
0.151793 0.188827 0
0.164444 0.19786 0
0.151128 0.209081 0
0.15974 0.224289 0
0.149508 0.238866 0
0.150119 0.248321 0
0.113059 0.254139 0
0.131013 0.266354 0
0.108989 0.266438 0
0.136891 0.267257 0
0.12216 0.291817 0
0.105379 0.323636 0
0.0769525 0.362417 0
0.0772594 0.347957 0
0.0635609 0.354417 0
0.0610014 0.353067 0
0.0600845 0.346446 0
0.0648353 0.364479 0
0.0665196 0.381947 0
0.0695476 0.384304 0
0.0613677 0.427938 0
0.0543592 0.451972 0
0.0453235 0.435633 0
0.0358674 0.465392 0
0.0486616 0.473357 0
0.05537 0.503892 0
0.0624478 0.495464 0
0.0669346 0.570346 0
0.0733987 0.588419 0
0.0858439 0.594063 0
0.090642 0.628184 0
0.112482 0.692458 0
0.129863 0.7219 0
0.14226 0.728271 0
0.150473 0.74398 0
0.173486 0.780797 0
0.189786 0.790644 0
0.207107 0.809182 0
0.209519 0.814039 0
0.212549 0.818395 0
0.223016 0.820905 0
0.230775 0.810647 0
0.18307 0.900151 0
0.206186 0.922523 0
0.228476 0.938054 0
0.267619 0.912573 0
0.274037 0.910027 0
0.281984 0.905202 0
0.287499 0.904615 1
0.303696 0.90916 0
0.317682 0.909397 0
0.336268 0.906871 0
0.348616 0.910058 0
0.361357 0.921932 0
0.374192 0.930956 0
0.382852 0.922822 0
0.393437 0.9178 0
0.410321 0.914992 0
0.419961 0.916759 0
0.426713 0.905145 0
0.456275 0.897959 0
0.475978 0.888815 0
0.496475 0.886303 0
0.500399 0.872037 0
0.518367 0.860535 0
0.54271 0.857486 0
0.537319 0.831955 0
0.593143 0.823111 0
0.610073 0.805299 0
0.653393 0.799892 0
0.626159 0.753045 0
0.655981 0.724315 0
0.679834 0.695278 0
0.707535 0.669932 0
0.744955 0.62487 0
0.762675 0.613728 0
0.790642 0.579661 0
0.804268 0.556968 0
0.828818 0.525909 0
0.84923 0.498664 0
0.874956 0.480199 0
0.886277 0.45829 0
0.891433 0.427018 0
0.933119 0.38855 0
0.942051 0.365982 0
0.962699 0.335243 0
0.984533 0.339485 0
0.976653 0.31679 0
0.971334 0.306345 0
0.990218 0.313704 0
0.993882 0.302233 0
1 0.294239 0
0.995623 0.297054 0
0.988432 0.280072 0
0.953942 0.228331 0
0.956364 0.24823 0
0.956738 0.232033 0
0.951935 0.217819 0
0.944411 0.198105 0
0.939006 0.18427 0
0.901726 0.16941 0
0.866683 0.157405 0
0.844023 0.16147 0
0.823748 0.171848 0
0.80145 0.171503 0
0.766582 0.159332 0
0.750677 0.160586 1
0.734001 0.172682 0
0.704454 0.17274 0
0.67799 0.174885 0
0.652189 0.171045 0
0.617253 0.1537 0
0.598292 0.164123 0
0.564334 0.182559 0
0.481011 0.0814073 0
0.454042 0.0487012 0
0.424162 0.0448162 0
0.38537 0.0142774 0
0.368815 0.00878604 0
0.346227 0.0266731 0
0.314795 0.0208086 0
0.318992 0.0573754 0
0.286621 0.0560447 0
0.286109 0.0709699 0
0.265791 0.0780354 0
0.27104 0.100908 0
0.261938 0.106791 0
0.247327 0.107735 0
0.230457 0.115357 0
0.22379 0.114444 0
0.211075 0.118545 0
0.200335 0.115646 0
0.194532 0.120572 0
0.209307 0.14324 0
0.191517 0.145821 0
0.187233 0.151012 0
0.192294 0.165171 0
0.192726 0.173022 0
0.175764 0.167366 0
0.159951 0.163852 0
0.168077 0.176519 0
0.176195 0.188614 0
0.169235 0.189536 0
0.180247 0.209968 0
0.174881 0.220099 1
0.170638 0.226666 0
0.166195 0.239759 0
0.163997 0.254544 0
0.153112 0.258862 0
0.14731 0.265175 0
0.154927 0.263194 0
0.147131 0.274288 0
0.148176 0.282166 0
0.15059 0.281734 0
0.13112 0.299894 0
0.142683 0.333122 0
0.108923 0.3629 0
0.132509 0.332097 0
0.359412 0.440734 0
