0.339617 0.83722 0
0.374261 0.920287 0
0.347071 0.912596 0
0.322442 0.893207 0
0.307828 0.856756 0
0.29859 0.823123 0
0.298779 0.77755 0
0.271055 0.780538 0
0.251461 0.765962 0
0.259906 0.735635 0
0.235344 0.722192 0
0.203771 0.704995 0
0.194379 0.687185 0
0.181562 0.661569 0
0.159866 0.666985 0
0.145475 0.651512 0
0.138688 0.647847 0
0.11048 0.646998 0
0.0769199 0.640672 0
0.0700511 0.634983 0
0.0703822 0.632073 0
0.0871733 0.623362 0
0.0860319 0.613216 0
0.074199 0.599713 0
0.0555121 0.606313 0
0.0520787 0.601301 0
0.050507 0.5918 0
0.0542472 0.570092 0
0.0446186 0.570063 0
0.0311313 0.576858 0
0.0333172 0.570627 0
0.0390093 0.554918 0
0.075722 0.476777 0
0.101945 0.485272 0
0.121357 0.456798 0
0.139633 0.431311 0
0.153218 0.409787 0
0.163209 0.374337 0
0.169717 0.334915 0
0.178563 0.317264 0
0.189364 0.310366 0
0.190965 0.275987 0
0.195342 0.253543 0
0.214567 0.248076 0
0.222247 0.2302 1
0.248649 0.219744 0
0.265756 0.195046 0
0.292121 0.188482 0
0.314334 0.182693 0
0.334331 0.166032 0
0.343965 0.170051 0
0.365403 0.160484 0
0.382643 0.166914 0
0.393923 0.176788 0
0.411302 0.182722 0
0.438994 0.17316 0
0.473536 0.171197 0
0.50476 0.125055 0
0.519919 0.107156 0
0.530006 0.103096 0
0.543426 0.0924101 0
0.554667 0.0993345 0
0.570211 0.101283 0
0.579989 0.101468 0
0.590759 0.104958 1
0.595742 0.112351 0
0.600692 0.118196 0
0.607025 0.1234 0
0.617295 0.129379 0
0.614075 0.155814 0
0.628428 0.174096 0
0.629309 0.188351 0
0.63905 0.198923 0
0.649923 0.209111 0
0.658032 0.223709 0
0.665242 0.234377 0
0.672762 0.246686 0
0.684546 0.25498 0
0.697964 0.263619 0
0.718042 0.274579 0
0.730586 0.286776 0
0.755215 0.302537 0
0.747174 0.334547 0
0.759793 0.344144 0
0.783568 0.359785 0
0.787856 0.385198 0
0.800079 0.382261 0
0.80995 0.38013 0
0.821384 0.375142 0
0.831103 0.383093 0
0.847209 0.383965 0
0.856114 0.386491 0
0.862826 0.390651 0
0.869764 0.39694 0
0.871781 0.407321 0
0.879301 0.419183 0
0.874798 0.430642 0
0.875236 0.439174 0
0.877281 0.452329 0
0.879659 0.46114 0
0.88009 0.473233 0
0.884504 0.477143 0
0.885419 0.480262 0
0.883174 0.505412 0
0.876397 0.523957 0
0.860794 0.547617 0
0.84081 0.597351 0
0.829156 0.651276 0
0.8146 0.66455 0
0.805749 0.693781 0
0.801088 0.708784 0
0.799932 0.703722 0
0.795458 0.694466 0
0.777337 0.73386 0
0.754436 0.764389 1
0.747446 0.771625 0
0.724562 0.769753 0
0.702583 0.757709 0
0.667164 0.782381 0
0.683183 0.9352 0
0.672473 0.943539 0
0.655238 0.934267 0
0.619601 0.92384 0
0.600915 0.907793 0
0.586633 0.921131 0
0.577663 0.933916 0
0.565377 0.927928 0
0.560832 0.915008 0
0.547274 0.903117 0
0.540312 0.901277 0
0.532155 0.909203 0
0.521412 0.909993 0
0.511076 0.898084 0
0.496865 0.897888 0
0.490952 0.882321 1
0.482892 0.871726 0
0.470786 0.876677 0
0.457526 0.871627 0
0.444943 0.86694 0
0.426135 0.860966 0
0.417919 0.843584 0
0.389438 0.809797 0
0.373829 0.803281 0
0.358081 0.786902 0
0.301124 0.802856 0
0.27508 0.800758 0
0.267113 0.780559 0
0.242985 0.772749 0
0.227398 0.754571 0
0.216763 0.733039 0
0.224688 0.697368 0
0.190861 0.685058 0
0.164733 0.683141 0
0.141399 0.678357 0
0.130151 0.661679 0
0.114433 0.653524 0
0.0992978 0.647947 0
0.0871252 0.643634 0
0.0679753 0.634058 1
0.0604656 0.629987 0
0.0486487 0.623573 0
0.0343816 0.613814 0
0.0270051 0.610677 0
0.0165018 0.5992 0
0.00515462 0.593869 0
0.0054836 0.58318 0
0 0.563009 0
0.0395043 0.452988 0
0.0352889 0.435485 0
0.0250142 0.42757 0
0.0120838 0.411005 0
0.0236781 0.385326 0
0.0373202 0.366386 0
0.058104 0.335837 0
0.0736135 0.33527 1
0.0862917 0.323793 0
0.0952147 0.311397 0
0.09579 0.302597 0
0.102049 0.301089 0
0.112024 0.285745 0
0.120801 0.247711 0
0.141509 0.200142 0
0.16028 0.150577 0
0.19165 0.10094 0
0.219279 0.0753974 0
0.248578 0.0413398 0
0.272328 0.0180695 0
0.294715 0.00912775 0
0.318019 0 0
0.336857 0.00442551 0
0.35194 0.0142476 0
0.367793 0.040976 0
0.385265 0.0533722 0
0.413432 0.0632593 0
0.43356 0.0810657 0
0.450566 0.0887597 0
0.462446 0.0936393 1
0.480602 0.09257 0
0.495261 0.0919164 0
0.511345 0.0832529 0
0.521649 0.0985071 0
0.541118 0.0842592 0
0.554841 0.0767765 0
0.594283 0.0622942 0
0.614011 0.0614845 0
0.62439 0.120304 0
0.632745 0.126229 0
0.63946 0.139084 0
0.651595 0.147708 0
0.66386 0.150846 0
0.678856 0.166732 1
0.689644 0.172107 0
0.694924 0.18232 0
0.698188 0.19637 0
0.719431 0.200635 0
0.726667 0.214156 0
0.734108 0.227244 0
0.737011 0.243714 0
0.743662 0.257476 0
0.75103 0.275138 0
0.767443 0.292632 0
0.769536 0.321391 0
0.775659 0.326669 0
0.797243 0.336993 0
0.836326 0.3504 0
0.855146 0.354253 0
0.862839 0.356798 0
0.87023 0.365469 0
0.883782 0.365577 0
0.891894 0.369606 0
0.906556 0.375121 0
0.920861 0.376642 0
0.932283 0.379356 0
0.927409 0.394816 0
0.939357 0.401376 0
0.942579 0.41063 0
0.951072 0.417769 0
0.956374 0.420489 0
0.96754 0.44053 0
0.967028 0.455127 0
0.964639 0.467136 0
0.95635 0.504802 0
0.950098 0.537974 0
0.946014 0.538099 0
0.935406 0.507261 0
0.926945 0.526059 0
0.90078 0.547876 0
0.883996 0.563508 0
0.865486 0.582878 0
0.847766 0.633812 0
0.819515 0.686726 0
0.775723 0.826505 0
0.738927 0.80849 0
0.727445 0.81878 0
0.707829 0.823575 0
0.699544 0.828213 0
0.685446 0.830655 1
0.67197 0.847942 0
0.659789 0.863654 0
0.645287 0.878115 0
0.633029 0.889452 0
0.624336 0.901287 0
0.612034 0.930447 0
0.593438 0.993581 0
0.572358 1 0
0.560552 0.974765 0
0.549179 0.955152 0
0.539973 0.962523 0
0.520302 0.983268 0
0.508533 0.968252 0
0.48829 0.96986 0
0.474022 0.959281 0
0.465486 0.949986 0
0.440079 0.941673 0
0.424856 0.926488 0
0.408885 0.916479 0
0.40003 0.903978 0
0.38561 0.885192 0
0.383286 0.882142 0
0.375545 0.836684 0
0.342397 0.829715 0
0.330653 0.817959 0
0.318024 0.798302 0
0.3046 0.778864 0
0.29554 0.758282 0
0.276663 0.741254 0
0.256386 0.7301 0
0.239241 0.71019 0
0.212273 0.700191 0
0.188953 0.68884 0
0.178315 0.648607 0
0.155077 0.646949 0
0.126285 0.636271 0
0.105723 0.557963 0
0.0817963 0.557936 0
0.0806362 0.549471 0
0.0546582 0.547572 0
0.0387178 0.536524 0
0.0307248 0.531794 0
0.0255771 0.526193 0
0.0188173 0.516942 0
0.012687 0.517029 0
0.0120279 0.52502 0
0.0136335 0.517286 0
0.0147534 0.493437 1
0.0176289 0.474127 0
0.0111511 0.464209 0
0.0163687 0.4456 0
0.0151211 0.426118 0
0.0201798 0.407078 0
0.0254803 0.398337 0
0.0338193 0.389005 0
0.0556789 0.390782 0
0.0927449 0.369906 0
0.0974714 0.361639 0
0.106155 0.350716 0
0.114732 0.331392 0
0.12563 0.309083 0
0.14187 0.288508 0
0.162045 0.268877 0
0.171835 0.179118 0
0.186091 0.144487 0
0.230888 0.12334 0
0.250688 0.0917497 0
0.280362 0.0661616 0
0.301262 0.0710711 0
0.321815 0.0632948 0
0.335816 0.0643493 0
0.371499 0.097538 0
0.389835 0.0928363 0
0.398211 0.087043 0
0.417826 0.0823517 0
0.438781 0.102452 0
0.464524 0.117904 0
0.491059 0.109893 0
0.510611 0.0866197 0
0.521496 0.0748697 0
0.529176 0.066031 0
0.548186 0.0605671 0
0.566578 0.0642311 0
0.575234 0.0746759 0
0.603577 0.0747018 0
0.61547 0.0946826 0
0.610256 0.109306 0
0.632042 0.125734 0
0.635608 0.136594 0
0.634135 0.147441 0
0.63927 0.164374 0
0.646546 0.187629 0
0.649323 0.198484 0
0.667082 0.205608 0
0.68491 0.220927 0
0.683239 0.229104 0
0.688551 0.242949 0
0.705323 0.259929 0
0.697585 0.278148 0
0.722467 0.282929 0
0.726178 0.30378 0
0.738601 0.309973 1
0.74392 0.318447 0
0.754456 0.329443 0
0.769402 0.332976 0
0.780836 0.348843 0
0.790556 0.351299 0
0.803773 0.350256 0
0.813138 0.358197 0
0.82373 0.36558 0
0.833119 0.377161 0
0.846968 0.378978 0
0.86078 0.377404 0
0.871809 0.376656 0
0.857406 0.381566 0
0.842264 0.396921 0
0.849907 0.392446 0
0.856468 0.395738 0
0.84456 0.405919 0
0.833628 0.404003 0
0.826625 0.403694 0
0.841679 0.44385 0
0.822076 0.559657 0
0.832891 0.514653 0
0.841267 0.490531 0
0.829633 0.529784 0
0.817635 0.592887 0
0.810348 0.59406 0
0.808187 0.64814 0
0.802227 0.668729 0
0.77915 0.67207 0
0.748193 0.720994 0
0.736412 0.776666 0
0.729892 0.784428 0
0.729632 0.801902 0
0.712862 0.811205 0
0.697706 0.821145 0
0.686532 0.822019 0
0.6708 0.838534 0
0.660353 0.852702 0
0.64505 0.866212 0
0.624344 0.907469 0
0.62166 0.894253 0
0.613711 0.910857 0
0.604039 0.891873 0
0.601419 0.864355 0
0.589568 0.876095 0
0.567276 0.898426 0
0.546665 0.941913 0
0.53152 0.953719 0
0.532654 0.947024 0
0.436752 0.832565 0
0.427204 0.852656 0
0.413114 0.860422 0
0.413751 0.880526 0
0.394669 0.882788 0
0.384726 0.855707 0
0.378282 0.849506 0
0.364836 0.852443 0
0.365448 0.847573 1
