0.676609 0.116791 1
0.676647 0.117178 0
0.676586 0.117655 0
0.676569 0.118262 0
0.677189 0.119351 0
0.673398 0.120439 0
0.672586 0.119313 0
0.672553 0.119253 1
0.673303 0.121099 0
0.666804 0.126328 1
0.665602 0.125117 0
0.665732 0.124368 0
0.666133 0.123966 0
0.667016 0.12512 0
0.667344 0.124063 0
0.66191 0.132192 0
0.662397 0.134141 0
0.665648 0.132241 0
0.667352 0.12928 0
0.668578 0.128401 0
0.667881 0.126579 1
0.671822 0.128271 1
0.673288 0.116583 1
0.673539 0.0960056 0
0.678812 0.093877 0
0.685403 0.0900215 0
0.691999 0.0884264 0
0.692837 0.086851 0
0.693118 0.0849592 0
0.693233 0.0848185 1
0.693686 0.0779114 0
0.695631 0.0695305 0
0.697022 0.0623075 0
0.698243 0.0511616 0
0.68826 0.0494857 0
0.693196 0.0482143 0
0.694233 0.0427309 0
0.693765 0.0342286 0
0.698686 0.0303616 0
0.700432 0.0224393 0
0.704622 0.0179816 0
0.708338 0.0152152 0
0.712771 0.0128343 0
0.718843 0.0057686 0
0.717908 0.0139741 0
0.723673 0.012191 0
0.728585 0.0135151 0
0.729236 0.0111567 0
0.724727 0.00816579 0
0.72343 0.00778013 0
0.726168 0.00688445 0
0.73126 0.0115186 0
0.731367 0.0151834 0
0.73408 0.0135287 0
0.736624 0.0144435 0
0.738806 0.0168142 0
0.739966 0.0182435 0
0.74199 0.0205364 0
0.745425 0.0205227 0
0.746334 0.022286 0
0.749213 0.0232938 0
0.752206 0.0220578 1
0.752947 0.0218625 0
0.753856 0.0208917 0
0.756158 0.019665 0
0.758638 0.0184595 0
0.760848 0.0170422 0
0.763032 0.014863 0
0.766322 0.0153246 0
0.767967 0.0130706 0
0.770752 0.0120663 0
0.773165 0.0121821 0
0.775774 0.0110601 0
0.778275 0.0099108 1
0.779352 0.00916631 0
0.780876 0.00868874 0
0.782465 0.00900555 0
0.784396 0.00797023 0
0.787937 0.00678681 0
0.793442 0.00116184 0
0.796055 0 0
0.802218 0.0032998 0
0.802302 0.00930038 0
0.805054 0.00931603 0
0.807733 0.00893796 0
0.812774 0.0104768 0
0.818119 0.00986391 0
0.824047 0.0101001 0
0.826798 0.0105783 0
0.832544 0.0126171 0
0.831957 0.0124207 0
0.834462 0.0155875 0
0.835591 0.0165862 0
0.83712 0.0170197 1
0.837448 0.017087 0
0.838166 0.0176849 0
0.838909 0.0184876 0
0.841825 0.0201053 0
0.843659 0.0210189 0
0.845286 0.0227393 0
0.847987 0.0267386 0
0.851028 0.0280994 0
0.854645 0.0333139 0
0.857898 0.0349281 0
0.859943 0.0394574 0
0.863692 0.0457203 0
0.867861 0.0479688 0
0.871928 0.0529311 0
0.878139 0.0529981 0
0.883034 0.0565543 0
0.888347 0.059379 0
0.892294 0.062339 0
0.89749 0.0609696 0
0.902569 0.0600112 0
0.904039 0.0641534 0
0.906245 0.0662854 1
0.910911 0.0686909 0
0.914008 0.069161 0
0.916812 0.0710424 0
0.923735 0.0769118 0
0.929491 0.0801195 0
0.933584 0.0832926 0
0.934625 0.088813 0
0.939537 0.0900562 0
0.943682 0.0926714 0
0.943154 0.102119 0
0.952994 0.0986799 0
0.957875 0.103384 0
0.960934 0.107371 0
0.96044 0.114992 0
0.969405 0.116441 0
0.966392 0.127478 0
0.971781 0.133229 0
0.97489 0.1395 1
0.979845 0.143175 0
0.984032 0.147292 0
0.988093 0.151623 0
0.991296 0.155619 0
0.999257 0.162761 0
1 0.173378 0
0.999987 0.177963 0
0.995761 0.185892 0
0.987757 0.189283 0
0.981723 0.19372 0
0.976964 0.198011 0
0.969493 0.202554 0
0.964569 0.204393 0
0.963233 0.210228 0
0.96066 0.213041 0
0.959039 0.217795 0
0.955492 0.220067 0
0.953891 0.223682 1
0.953801 0.226401 0
0.950358 0.230281 0
0.949323 0.232508 0
0.948721 0.235886 0
0.944834 0.240533 0
0.942976 0.243869 0
0.941098 0.24765 0
0.935498 0.250609 0
0.9335 0.256033 0
0.928943 0.260089 0
0.92596 0.263555 0
0.922789 0.266441 0
0.920767 0.272649 0
0.912744 0.274919 0
0.908529 0.278946 0
0.903996 0.282698 0
0.898882 0.284522 0
0.89347 0.290645 0
0.888341 0.291058 0
0.882545 0.295339 1
0.879398 0.298905 0
0.875649 0.30248 0
0.87033 0.303149 0
0.867313 0.306185 0
0.865465 0.310378 0
0.862872 0.312756 0
0.858549 0.313026 0
0.855941 0.315623 0
0.853124 0.316559 0
0.851318 0.319477 0
0.846269 0.319716 0
0.843128 0.319601 0
0.840231 0.32061 0
0.836257 0.31942 0
0.833585 0.321589 0
0.831046 0.323287 0
0.827279 0.3257 0
0.824852 0.327299 0
0.820636 0.326972 0
0.818268 0.32341 0
0.814832 0.321344 0
0.811114 0.323276 0
0.807212 0.321999 0
0.804842 0.322982 0
0.802659 0.324869 0
0.799662 0.321641 0
0.797935 0.321161 1
0.796651 0.321002 0
0.794941 0.321551 0
0.793825 0.322552 0
0.792134 0.321725 0
0.79022 0.321108 0
0.789126 0.320804 0
0.785989 0.321455 0
0.782786 0.321695 0
0.780508 0.319154 0
0.776268 0.316683 0
0.771754 0.314571 0
0.765701 0.315916 0
0.76056 0.314532 0
0.758483 0.309538 0
0.756587 0.308026 0
0.754512 0.307484 0
0.753767 0.304409 0
0.752018 0.302937 0
0.749449 0.301284 1
0.746758 0.298602 0
0.743362 0.295319 0
0.73829 0.294437 0
0.737493 0.291001 0
0.735696 0.287707 0
0.732328 0.284449 0
0.727311 0.282624 0
0.727369 0.27799 0
0.723858 0.275142 0
0.719697 0.272495 0
0.727703 0.26318 0
0.733105 0.255621 0
0.736238 0.248782 0
0.737003 0.243541 0
0.734375 0.240781 0
0.73538 0.235212 0
0.732382 0.233237 0
0.730629 0.229505 0
0.728685 0.227168 0
0.727085 0.224909 0
0.721918 0.224268 0
0.718315 0.222469 0
0.714903 0.21997 0
0.710162 0.218823 0
0.70492 0.217017 0
0.69896 0.214686 0
0.692118 0.214067 0
0.684918 0.211898 0
0.68038 0.206848 0
0.67528 0.203168 1
0.673148 0.20236 0
0.67192 0.19893 0
0.667071 0.197207 0
0.665773 0.195523 0
0.664342 0.191807 0
0.657065 0.189093 0
0.657286 0.184227 0
0.653358 0.183141 0
0.653212 0.176106 0
0.64617 0.176708 0
0.641981 0.17586 0
0.639434 0.172711 0
0.640682 0.163178 0
0.6311 0.164654 0
0.626743 0.160736 0
0.622656 0.158036 0
0.621696 0.151177 0
0.617328 0.140617 0
0.616686 0.116376 0
0.611911 0.125648 0
0.608186 0.125991 0
0.605992 0.131685 0
0.604267 0.136953 0
0.598897 0.144474 0
0.597626 0.14457 0
0.596064 0.146638 0
0.593896 0.150554 0
0.588779 0.15704 0
0.58828 0.156484 0
0.585731 0.157971 0
0.58428 0.159018 0
0.582363 0.159789 0
0.580786 0.160868 1
0.577889 0.160754 0
0.576314 0.161993 0
0.571276 0.159882 0
0.568799 0.160048 0
0.56599 0.160146 0
0.562614 0.159148 0
0.55989 0.159311 0
0.560576 0.159524 0
0.555437 0.162694 0
0.554268 0.162804 0
0.551246 0.164471 0
0.547323 0.165108 0
0.544808 0.166563 0
0.543709 0.165517 0
0.544122 0.164168 0
0.541592 0.164177 0
0.537259 0.162666 0
0.533583 0.161934 0
0.530493 0.163207 0
0.528822 0.162141 0
0.52465 0.160898 0
0.522265 0.161056 0
0.51783 0.161289 1
0.516194 0.16045 0
0.512576 0.160863 0
0.511358 0.161995 0
0.509848 0.162274 0
0.505992 0.160932 0
0.50333 0.161724 0
0.500788 0.161258 0
0.497595 0.163411 0
0.495135 0.163201 0
0.492536 0.163626 0
0.488527 0.162151 0
0.484957 0.161958 0
0.481916 0.162683 0
0.479621 0.161281 0
0.475724 0.161237 0
0.476366 0.161248 0
0.474187 0.160472 0
0.471072 0.160066 1
0.467855 0.160962 0
0.4652 0.161009 0
0.463335 0.161013 0
0.459716 0.161212 0
0.456371 0.162726 0
0.454345 0.166573 0
0.451596 0.163501 0
0.450774 0.163894 0
0.447549 0.170547 0
0.445456 0.168259 0
0.44345 0.167293 0
0.440915 0.167013 0
0.437856 0.166399 0
0.434657 0.167364 0
0.430118 0.17067 0
0.426843 0.167132 0
0.42065 0.170285 0
0.418744 0.167363 0
0.412477 0.168364 0
0.409705 0.165156 0
0.405056 0.165376 0
0.400081 0.163178 0
0.394368 0.162867 0
0.390179 0.16095 0
0.385383 0.160911 1
0.381038 0.161093 0
0.377334 0.161107 0
0.374365 0.161085 0
0.370282 0.160582 0
0.366715 0.15964 0
0.362898 0.162061 0
0.359106 0.160926 0
0.354098 0.160889 0
0.350849 0.16106 1
0.350087 0.160673 0
0.34758 0.161048 0
0.33957 0.165247 0
0.338795 0.163197 0
0.334298 0.16635 0
0.334252 0.163495 0
0.329515 0.164028 0
0.324724 0.162964 0
0.322138 0.162371 0
0.318401 0.163114 0
0.316467 0.162946 0
0.311837 0.16408 0
0.312277 0.162769 0
0.308272 0.162685 0
0.310585 0.161801 0
0.307775 0.160968 0
0.306705 0.160398 1
0.305925 0.157815 0
0.304807 0.156714 0
0.296373 0.157463 0
0.295851 0.158228 0
0.294938 0.15991 0
0.295212 0.160146 1
0.295076 0.159819 0
0.294118 0.159396 0
0.293405 0.158965 0
0.291752 0.158304 0
0.28933 0.157524 0
0.285659 0.160247 1
0.291216 0.159091 0
0.287408 0.158662 0
0.288521 0.158233 0
0.281843 0.160248 1
0.28104 0.160218 1
0.281573 0.16024 1
0.285338 0.160273 0
0.289996 0.160547 0
0.291392 0.160662 0
0.289992 0.160532 0
0.281497 0.160227 1
0.281028 0.160208 1
0.280405 0.159871 0
0.279981 0.160373 0
0.301625 0.167625 0
0.296646 0.160878 1
0.297722 0.163866 0
0.291575 0.164096 0
0.285974 0.160926 1
0.286153 0.161393 0
0.283811 0.161679 0
0.282238 0.160922 1
0.283056 0.162339 0
0.279256 0.162532 0
0.277364 0.161484 0
0.276431 0.160912 1
0.273434 0.160865 0
0.266639 0.16006 0
0.263917 0.162244 0
0.260567 0.162328 0
0.256913 0.163515 0
0.25009 0.160075 0
0.249456 0.162445 0
0.24529 0.163974 0
0.24166 0.163713 0
0.238141 0.162015 0
0.234814 0.16178 0
0.232405 0.163146 0
0.228489 0.163764 0
0.225827 0.162185 0
0.223134 0.159949 0
0.216869 0.15535 0
0.216818 0.161907 0
0.21275 0.162094 0
0.210507 0.162554 0
0.20867 0.163207 0
0.205761 0.161785 0
0.202081 0.161663 0
0.19731 0.163454 0
0.195126 0.162593 0
0.192847 0.164244 0
0.189561 0.160737 1
0.18668 0.161738 0
0.18457 0.164235 0
0.182443 0.163919 0
0.179321 0.163954 0
0.176911 0.163239 0
0.174411 0.164657 0
0.171121 0.165693 0
0.169346 0.164354 0
0.164759 0.165388 0
0.161454 0.164376 0
0.156159 0.164524 0
0.153254 0.163196 0
0.14982 0.163875 0
0.14788 0.162709 0
0.145327 0.161179 0
0.143101 0.161886 0
0.134818 0.157471 0
0.136909 0.161054 0
0.134202 0.163848 0
0.13144 0.16175 0
0.130559 0.160623 0
0.127498 0.16234 0
0.125285 0.161566 0
0.124299 0.161496 0
0.123886 0.162049 0
0.122035 0.160585 1
0.119971 0.162299 0
0.115374 0.162581 0
0.115721 0.161617 0
0.112331 0.160255 0
0.107117 0.163486 0
0.102339 0.161994 0
0.100232 0.162933 0
0.0996 0.16517 0
0.0962733 0.166422 0
0.0918499 0.165732 0
0.0914651 0.159031 0
0.0851792 0.162221 0
0.0844047 0.15648 0
0.0793544 0.16135 0
0.0792449 0.156785 0
0.0751249 0.161858 0
0.0730229 0.160347 0
0.0735735 0.152384 0
0.0719691 0.15858 0
0.0723132 0.148162 0
0.0634911 0.152708 0
0.0633409 0.151029 0
0.0633634 0.148265 0
0.0643052 0.148552 0
0.0606053 0.148382 0
0.0588507 0.155044 0
0.0499163 0.162435 0
0.0469127 0.163862 0
0.0496252 0.159896 0
0.0542234 0.153156 0
0.051699 0.155426 0
0.0546147 0.154474 0
0.0547791 0.157406 0
0.0540384 0.15946 0
0.0465677 0.160437 0
0.0495401 0.160396 0
0.0487975 0.156846 0
0.0490087 0.158679 0
0.0515524 0.159422 0
0.0432683 0.159065 0
0.044545 0.155554 0
0.0452186 0.153811 0
0.0424587 0.156912 0
0.0395161 0.160964 0
0.0412919 0.159536 0
0.0394052 0.163332 0
0.0365964 0.162108 0
0.0371333 0.166227 0
0.0401587 0.156975 0
0.0409475 0.15659 0
0.0414731 0.154204 0
0.0378285 0.153766 0
0.0311077 0.153044 0
0.035321 0.159548 0
0.029252 0.16002 0
0.0369681 0.158131 0
0.0348439 0.155946 0
0.0373193 0.158251 0
0.0144021 0.158378 0
0.0347509 0.153398 0
0.0307022 0.160382 0
0.0300522 0.160261 0
0.0165206 0.160378 0
0.0239266 0.155178 0
0.0282963 0.160379 0
0.0205059 0.161496 0
0.0274242 0.160908 0
0.0296092 0.159043 0
0.0274145 0.160374 0
0.0298597 0.154548 0
0.0326843 0.154164 0
0.0288256 0.155351 0
0.0295336 0.153237 0
0.0232855 0.155747 0
0.00876141 0.156856 0
0 0.158518 0
0.0276612 0.160358 1
