1 0.0081547 1
0.999498 0.00855832 0
0.999091 0.00905201 0
0.998384 0.00903607 0
0.997845 0.00980617 0
0.997286 0.00942406 0
0.996642 0.00904335 0
0.996262 0.00730848 0
0.995206 0.00602707 0
0.995072 0.0050716 0
0.994208 0.00400193 0
0.994447 0.00352835 0
0.994411 0.00349679 0
0.994759 0.00405648 0
0.994546 0.00538078 0
0.993438 0.0060558 0
0.992641 0.00663968 0
0.993001 0.00534123 0
0.993449 0.00404524 0
0.992561 0.00338927 0
0.991803 0.0036413 0
0.990505 0.0039732 0
0.989584 0.00349417 0
0.987957 0.00488988 0
0.985517 0.00525271 0
0.985655 0.00444142 0
0.986091 0.00428341 0
0.987008 0.0050834 0
0.986591 0.00576877 0
0.985979 0.00592894 0
0.985998 0.00574083 0
0.984368 0.0047402 0
0.983439 0.00509375 0
0.982536 0.00441447 0
0.983646 0.00458103 0
0.983308 0.00592486 0
0.981952 0.00761033 0
0.980522 0.00620635 0
0.979301 0.00611593 0
0.978278 0.0064641 0
0.977119 0.00716518 0
0.975876 0.00822829 0
0.975448 0.00726544 0
0.974767 0.00644402 0
0.974034 0.00678263 0
0.972901 0.00788362 0
0.972381 0.00824905 0
0.971382 0.008635 0
0.970631 0.009257 0
0.969638 0.00892795 0
0.968557 0.00987346 0
0.968827 0.00942584 0
0.968525 0.00865343 0
0.967972 0.00835287 0
0.967053 0.00885342 0
0.96567 0.0095569 0
0.96483 0.010197 0
0.964056 0.0107675 0
0.963552 0.0107947 0
0.962714 0.0111213 0
0.961721 0.0116169 0
0.961142 0.0115951 0
0.960225 0.0118721 0
0.95997 0.0111526 0
0.959273 0.011067 0
0.959093 0.0108644 0
0.958897 0.0107836 0
0.958775 0.0105696 0
0.958424 0.010525 0
0.958265 0.0104307 0
0.958215 0.0103649 0
0.958207 0.0103836 0
0.958204 0.0103465 1
0.957996 0.0105831 0
0.957843 0.0105115 0
0.957864 0.0107392 0
0.957862 0.0108563 0
0.957888 0.0109901 0
0.957474 0.0107293 0
0.957289 0.0113297 0
0.956533 0.0105897 0
0.956309 0.0113914 0
0.955378 0.0107213 0
0.955001 0.0105437 0
0.954296 0.0111748 0
0.953206 0.0106548 0
0.952136 0.0115746 0
0.950773 0.0115893 0
0.949825 0.0119034 0
0.948993 0.0134562 0
0.948236 0.0130594 0
0.947633 0.014802 0
0.94742 0.0189492 0
0.94732 0.0201723 0
0.947147 0.0212395 0
0.945496 0.0208312 0
0.944472 0.0219156 0
0.943391 0.0221531 0
0.942631 0.0220183 0
0.941073 0.0207462 0
0.939932 0.0178423 0
0.939058 0.0170982 0
0.938425 0.0169934 0
0.937701 0.0204615 0
0.937005 0.0169852 0
0.935762 0.0163144 0
0.935212 0.0164944 0
0.934595 0.0151203 0
0.934048 0.0150569 0
0.933337 0.0134584 0
0.932529 0.0120443 0
0.931919 0.0126345 0
0.930893 0.0128781 0
0.930298 0.0131416 0
0.929683 0.012883 0
0.928913 0.0124272 0
0.928766 0.0114051 1
0.927923 0.0117747 0
0.927075 0.0113949 0
0.926203 0.0109074 0
0.925967 0.0110333 0
0.925503 0.0107007 0
0.924615 0.00949337 0
0.923443 0.00815729 0
0.923045 0.00834027 0
0.922544 0.00858984 0
0.921921 0.00858463 0
0.920897 0.00779341 0
0.920585 0.00945727 0
0.919122 0.0101605 0
0.918727 0.0105923 0
0.918515 0.0114275 0
0.917782 0.0102998 0
0.917221 0.0111045 0
0.916803 0.0113138 0
0.916053 0.0117358 0
0.915218 0.0123129 0
0.914705 0.0125919 0
0.913724 0.0125461 0
0.913793 0.0120463 1
0.913712 0.0119898 0
0.913401 0.011768 0
0.912828 0.0116605 0
0.913046 0.0119804 0
0.913094 0.0119323 0
0.912771 0.0115851 0
0.912481 0.0113662 0
0.912433 0.0117679 0
0.912648 0.0120886 0
0.912402 0.0123445 0
0.912063 0.012357 0
0.911552 0.0124378 0
0.911074 0.0123804 0
0.910093 0.0122877 0
0.90932 0.0112306 0
0.908833 0.0121857 0
0.908251 0.012502 0
0.908113 0.0127069 0
0.907527 0.0131888 0
0.907147 0.0135104 0
0.906066 0.0135846 0
0.905246 0.0137967 0
0.904611 0.0144877 0
0.903946 0.0148618 0
0.902678 0.0144741 0
0.901103 0.0131142 0
0.900416 0.0147871 0
0.89966 0.0157618 0
0.899291 0.0162988 0
0.898706 0.0160176 0
0.897796 0.0148185 0
0.896487 0.0142288 0
0.894324 0.0141579 0
0.893314 0.0139769 0
0.891935 0.0135118 0
0.890042 0.0127477 0
0.889838 0.0138271 0
0.889036 0.0141273 0
0.887812 0.0139225 0
0.887163 0.0138118 0
0.887336 0.014007 0
0.886881 0.0138549 0
0.886356 0.0143987 0
0.885523 0.0139363 0
0.885383 0.0139228 0
0.885092 0.0141519 0
0.884139 0.0140534 0
0.883088 0.0139476 1
0.88237 0.0137961 0
0.881728 0.0143949 0
0.881312 0.0145442 0
0.880834 0.0146112 0
0.880442 0.0129487 0
0.879343 0.0144029 0
0.878696 0.0147251 0
0.87808 0.0138775 0
0.876979 0.0117681 0
0.877435 0.0127137 0
0.876069 0.0103969 0
0.87658 0.00627971 0
0.875849 0.00540867 0
0.874774 0.00633909 0
0.872684 0.00835785 0
0.872104 0.00829093 0
0.871754 0.0152916 0
0.870773 0.00921993 0
0.869904 0.0156522 0
0.868586 0.00700155 0
0.867809 0.00856774 0
0.867112 0.00548753 0
0.866317 0.00516806 0
0.866028 0.00648945 0
0.865515 0.0146826 0
0.865 0.013251 0
0.864752 0.0181976 0
0.864071 0.0158649 0
0.863241 0.0150254 0
0.862822 0.0167164 0
0.861541 0.0174918 0
0.859678 0.0180303 0
0.858641 0.0176028 0
0.858337 0.0183015 0
0.857279 0.0183996 0
0.856053 0.0181346 0
0.854931 0.0183924 0
0.854177 0.0180731 0
0.853441 0.0184436 0
0.852632 0.0177739 0
0.852007 0.0170724 0
0.85139 0.0168555 0
0.851198 0.0170803 0
0.851121 0.0173508 0
0.850811 0.0171609 0
0.85046 0.0175677 0
0.850207 0.0180806 0
0.849672 0.0182951 0
0.849525 0.0173138 0
0.849051 0.0162866 0
0.84876 0.0163595 0
0.849039 0.0160206 0
0.849361 0.0160048 1
0.849354 0.0163455 0
0.849281 0.0168841 0
0.848712 0.0165734 0
0.848049 0.0156993 0
0.847513 0.0155783 0
0.846644 0.0155383 0
0.845601 0.0157248 0
0.844477 0.0152258 0
0.843199 0.0146296 0
0.84178 0.0140917 0
0.841228 0.0130429 0
0.84096 0.0127935 0
0.839212 0.0123598 0
0.83726 0.0114006 0
0.834954 0.0133874 0
0.833833 0.0129505 0
0.832743 0.0131558 0
0.829219 0.0123586 0
0.827807 0.0130878 0
0.827096 0.0120473 0
0.82766 0.0110281 0
0.828457 0.0101676 0
0.826844 0.00996017 0
0.824794 0.0105623 0
0.822445 0.0106988 0
0.820897 0.0122216 0
0.821799 0.0105146 0
0.821872 0.0111088 0
0.821234 0.0126343 0
0.82078 0.0121778 0
0.821116 0.0121217 0
0.821178 0.012187 0
0.821543 0.0135195 0
0.81983 0.0132776 0
0.818392 0.0149494 0
0.816481 0.0139925 0
0.813963 0.0104357 0
0.812598 0.00973091 0
0.813179 0.015553 0
0.812039 0.0181732 0
0.8103 0.0157263 0
0.809036 0.0172834 0
0.808548 0.0230654 0
0.807105 0.0186892 0
0.804988 0.0118838 0
0.802695 0.00987014 0
0.802286 0.0121255 0
0.802221 0.0152383 0
0.802234 0.0137664 0
0.802149 0.0138926 0
0.801728 0.0153326 0
0.801718 0.0143521 0
0.801336 0.0153574 0
0.80119 0.0165733 0
0.800387 0.0328964 0
0.799138 0.0349568 0
0.798743 0.0344783 0
0.798671 0.03526 0
0.797693 0.0387465 0
0.796915 0.0392974 0
0.797523 0.038489 0
0.796962 0.0395862 0
0.796995 0.0401905 0
0.796672 0.040296 0
0.796321 0.0403865 0
0.796534 0.0394341 0
0.796702 0.0386897 0
0.796757 0.0386451 0
0.796622 0.037307 0
0.797208 0.0356313 0
0.797398 0.0351281 0
0.797403 0.0354592 0
0.797501 0.0351564 0
0.797315 0.0339699 0
0.797898 0.0322908 0
0.797985 0.0314687 0
0.798224 0.0309776 0
0.798329 0.0302923 0
0.798008 0.0301088 0
0.797723 0.0299749 0
0.797589 0.0295022 0
0.797946 0.0277452 0
0.798135 0.0270192 0
0.798554 0.0251523 0
0.798049 0.0242859 0
0.797423 0.0248096 0
0.796967 0.0245711 0
0.796049 0.0248836 0
0.796233 0.0243833 0
0.796301 0.0239922 0
0.79629 0.024103 0
0.796031 0.0243898 0
0.795867 0.0244888 0
0.795833 0.0238749 0
0.796192 0.0229619 0
0.795916 0.0239697 0
0.796033 0.023714 0
0.796162 0.0226497 0
0.795743 0.0230777 0
0.795146 0.0225963 0
0.794806 0.0221501 0
0.7941 0.0225593 0
0.794353 0.0218155 0
0.793625 0.0227266 0
0.793402 0.0237417 0
0.793464 0.021566 0
0.793377 0.0224882 0
0.793168 0.0224646 0
0.792989 0.0223805 0
0.792677 0.0223376 0
0.79234 0.0220901 0
0.792379 0.022102 0
0.792081 0.021814 0
0.791878 0.0221773 0
0.791701 0.0222961 0
0.791632 0.0228353 0
0.791553 0.0229845 0
0.791358 0.0227649 0
0.791436 0.0222974 0
0.791215 0.0220327 0
0.790706 0.0216799 0
0.790115 0.0215439 0
0.789814 0.0213168 0
0.789884 0.0212843 0
0.789885 0.0208194 0
0.789631 0.0205617 0
0.789608 0.0201848 0
0.789608 0.0201488 0
0.789529 0.0199489 1
0.7896 0.0196727 0
0.789007 0.0196354 0
0.788669 0.0196311 0
0.788488 0.0197075 0
0.788565 0.0198029 0
0.788373 0.0196657 0
0.788398 0.019739 0
0.788392 0.0194684 0
0.788603 0.0195997 0
0.788609 0.0191968 0
0.788665 0.0193618 0
0.788535 0.01903 0
0.788221 0.0186223 0
0.788543 0.0186357 0
0.788416 0.0184009 0
0.787606 0.0184933 0
0.787654 0.0178677 0
0.787581 0.0187578 0
0.787405 0.0189665 0
0.787485 0.0196889 0
0.78768 0.0197369 0
0.787503 0.0197076 0
0.78747 0.0199599 0
0.786692 0.0201256 0
0.786174 0.0202881 0
0.786074 0.0200759 0
0.785934 0.0198731 0
0.785897 0.0200321 0
0.785079 0.0194351 0
0.784844 0.0204036 0
0.784735 0.0201273 0
0.784525 0.0195554 0
0.783802 0.0196607 0
0.783585 0.0206387 0
0.782913 0.0210148 0
0.781989 0.0226062 0
0.780611 0.0228707 0
0.779759 0.0229349 0
0.779422 0.0227409 0
0.779404 0.0226928 0
0.779223 0.0233353 0
0.778366 0.0231457 0
0.777141 0.023995 0
0.776719 0.0234288 0
0.776135 0.0235851 0
0.7754 0.0232598 0
0.773732 0.0250011 0
0.772482 0.0256835 0
0.770494 0.0288218 0
0.769295 0.0300742 0
0.768754 0.0293385 0
0.767968 0.0306642 0
0.767764 0.0313991 0
0.767258 0.0309969 0
0.766164 0.0310102 0
0.765564 0.0312746 0
0.765108 0.0311324 0
0.764279 0.0310837 0
0.763429 0.0311009 0
0.760149 0.0311007 0
0.75996 0.0328344 0
0.759148 0.0331146 0
0.758232 0.0337142 0
0.757426 0.0345272 0
0.757041 0.0353804 0
0.755673 0.0365934 0
0.754619 0.0381497 0
0.753773 0.038422 0
0.752692 0.0381475 0
0.751837 0.038353 0
0.750993 0.0382577 0
0.750592 0.038516 0
0.750492 0.0385748 0
0.750184 0.0381468 0
0.750526 0.0382099 0
0.750229 0.0379093 0
0.750091 0.037947 0
0.750252 0.0380246 0
0.750102 0.0380702 0
0.749686 0.0386111 0
0.749718 0.0389339 0
0.74925 0.038587 0
0.748582 0.0382791 0
0.747888 0.0375938 0
0.747663 0.0373298 0
0.747724 0.0371377 0
0.747658 0.0364373 0
0.747976 0.0362842 0
0.747758 0.0356666 0
0.747559 0.0350271 0
0.747571 0.0347128 0
0.747588 0.0345358 0
0.74777 0.034422 0
0.747857 0.0343694 0
0.748062 0.0342924 0
0.747912 0.034173 0
0.748057 0.0337722 1
0.748084 0.0336689 0
0.747985 0.0335896 0
0.747979 0.0334485 0
0.747921 0.0334062 0
0.747871 0.033653 0
0.747808 0.0333556 0
0.747496 0.0335085 0
0.74731 0.033375 0
0.747306 0.0323309 0
0.747046 0.0321864 0
0.746579 0.0331388 0
0.746433 0.0327406 0
0.746263 0.0319714 0
0.746164 0.0285711 0
0.745351 0.0316008 0
0.744711 0.0303684 0
0.743682 0.0306219 0
0.744002 0.0281557 0
0.742178 0.0287986 0
0.741439 0.0269446 0
0.741065 0.0261741 0
0.74035 0.0247689 0
0.73934 0.0241375 0
0.737384 0.0233505 0
0.736449 0.0207828 0
0.734837 0.0198191 0
0.732599 0.0191799 0
0.731528 0.0195435 0
0.729514 0.0202464 0
0.728599 0.020172 0
0.726759 0.0208984 1
0.726123 0.0206218 0
0.725214 0.0205037 0
0.724321 0.020096 0
0.723401 0.0203779 0
0.722477 0.0198034 0
0.721562 0.0198482 0
0.720854 0.0201752 0
0.720352 0.0200812 0
0.718946 0.0205822 0
0.718129 0.0208238 0
0.717464 0.021187 0
0.716381 0.0216002 0
0.715569 0.0219899 0
0.714601 0.0229667 0
0.713796 0.023554 0
0.712598 0.0234276 0
0.711664 0.0240166 1
0.710439 0.0246159 0
0.709654 0.0261627 0
0.70837 0.0267226 0
0.707428 0.0275975 0
0.707441 0.0296732 0
0.706294 0.0290787 0
0.705167 0.0304315 0
0.704129 0.032195 0
0.702879 0.0327736 0
0.701497 0.0332218 1
0.700683 0.0333708 0
0.699718 0.0336611 0
0.698189 0.0331738 0
0.696629 0.0308799 0
0.696201 0.0290021 0
0.695308 0.0262679 0
0.693782 0.026559 0
0.692387 0.0255805 0
0.692086 0.0236009 0
0.690242 0.022808 0
0.689247 0.0218747 1
0.68861 0.0219724 0
0.687882 0.0225412 0
0.686616 0.022653 0
0.685846 0.0249407 0
0.684771 0.0256585 0
0.683931 0.0261535 0
0.682262 0.0276454 0
0.681245 0.0317138 0
0.680667 0.0361489 0
0.679131 0.0371749 1
0.676478 0.0318626 0
0.676714 0.0236145 0
0.674271 0.0236767 0
0.673364 0.0226503 1
0.672657 0.0228302 0
0.672326 0.0226324 0
0.671772 0.0228108 0
0.671568 0.0228866 0
0.670094 0.0227812 0
0.669491 0.0224835 0
0.66822 0.0228843 0
0.667099 0.0229934 0
0.666267 0.0223742 0
0.665179 0.0217647 0
0.664002 0.0214008 0
0.663308 0.022091 0
0.662302 0.023047 0
0.661226 0.0228943 0
0.660073 0.0235711 0
0.658752 0.0231738 0
0.657429 0.0229603 0
0.656263 0.0234115 1
0.654772 0.0246722 0
0.655025 0.0381984 0
0.653357 0.0384309 1
0.652378 0.0399879 0
0.650638 0.0400734 0
0.648773 0.0397991 0
0.645963 0.0379764 0
0.644633 0.0397213 0
0.642689 0.0391513 0
0.640949 0.0389806 0
0.640127 0.0405026 0
0.638824 0.0403414 0
0.637701 0.0407857 0
0.635408 0.0409034 0
0.633843 0.0399651 0
0.632556 0.0399523 1
0.631944 0.0422244 0
0.631021 0.0375145 0
0.629593 0.0351888 0
0.626955 0.0340339 0
0.626112 0.0339592 0
0.624239 0.0307175 0
0.622393 0.0275525 0
0.621936 0.0263802 0
0.620297 0.0259366 0
0.618886 0.0259624 0
0.61809 0.0265108 1
0.616449 0.025886 0
0.615294 0.0262997 0
0.615001 0.0289817 0
0.613338 0.0288474 0
0.613023 0.0317056 0
0.611514 0.0335754 0
0.609392 0.0277367 0
0.608512 0.0289922 0
0.607398 0.0280274 0
0.607027 0.0301812 0
0.605401 0.0273884 0
0.606598 0.0320541 0
0.604583 0.0297449 0
0.603933 0.0343889 0
0.602065 0.0352136 0
0.600708 0.0353146 0
0.599029 0.0294508 0
0.598586 0.031515 0
0.600197 0.0408848 0
0.598045 0.0362177 0
0.59663 0.0326821 0
0.596457 0.0331985 0
0.596296 0.039649 0
0.595828 0.0455586 0
0.594388 0.0282364 0
0.593344 0.0300285 0
0.595517 0.0488033 0
0.594476 0.0496525 0
0.59431 0.0503381 0
0.594167 0.0511598 0
0.593673 0.051173 1
0.593319 0.0506877 0
0.592943 0.0496954 0
0.592971 0.046262 0
0.592083 0.0448846 0
0.591971 0.027691 0
0.58997 0.0254129 1
0.58948 0.0257204 0
0.589214 0.0259471 0
0.589132 0.0245753 0
0.586905 0.0246347 0
0.58678 0.0240832 0
0.586271 0.0229591 0
0.584669 0.0228212 0
0.583294 0.0228686 0
0.582777 0.0220348 0
0.580088 0.0251355 0
0.57971 0.0224443 0
0.577719 0.0235496 0
0.574869 0.025429 0
0.573735 0.0255628 0
0.57256 0.0255749 0
0.570896 0.0261914 1
0.569894 0.0265184 0
0.569309 0.0283051 0
0.568992 0.0336688 0
0.566848 0.0308792 0
0.565704 0.0448583 0
0.564564 0.0476897 1
0.563395 0.0464517 0
0.559805 0.0353194 0
0.558909 0.0329487 0
0.557713 0.0281356 0
0.555314 0.0268786 0
0.553941 0.0275915 0
0.552314 0.0275323 0
0.550471 0.0274687 0
0.54825 0.0268913 1
0.546693 0.027064 0
0.545385 0.0284107 0
0.543995 0.0285516 0
0.542445 0.028235 0
0.541438 0.0296694 0
0.539207 0.0284596 0
0.5385 0.029674 0
0.536842 0.0289804 0
0.535106 0.0286586 0
0.534289 0.0292284 1
0.532081 0.0473113 0
0.530992 0.0513465 0
0.530315 0.0524987 1
0.529752 0.0976132 0
0.530728 0.101914 0
0.528087 0.104029 1
0.523249 0.0273228 1
0.522624 0.0280416 0
0.521923 0.0291759 0
0.51975 0.0528631 0
0.518635 0.0553504 0
0.517887 0.0561876 0
0.517745 0.0556151 0
0.516515 0.055698 1
0.515082 0.0556089 0
0.513694 0.0546535 0
0.513202 0.0519002 0
0.511799 0.0506389 0
0.510433 0.0500101 0
0.508842 0.0500385 0
0.507153 0.0500729 1
0.506574 0.0468038 0
0.503186 0.0444252 0
0.503014 0.0273075 0
0.501742 0.0271152 1
0.49964 0.0277248 0
0.498051 0.0279791 0
0.496659 0.0290378 0
0.49537 0.04388 0
0.494075 0.0477844 0
0.492537 0.0460211 0
0.490914 0.0296395 0
0.490856 0.047533 0
0.488474 0.0520318 1
0.487934 0.0472552 0
0.486862 0.0460259 0
0.485959 0.0281517 0
0.484094 0.0268389 1
0.483113 0.0265943 0
0.48188 0.0268424 0
0.481399 0.0287832 0
0.478934 0.026978 0
0.479886 0.0320944 0
0.476637 0.0297153 0
0.476389 0.0330124 0
0.474223 0.0458515 0
0.473186 0.0494333 0
0.471174 0.0485946 0
0.469372 0.0494501 0
0.4681 0.0491408 1
0.466886 0.0496686 0
0.464881 0.0313551 0
0.46473 0.0294633 0
0.463532 0.0288001 1
0.46268 0.0288531 0
0.460961 0.0291762 0
0.459929 0.0288158 0
0.458797 0.0302342 0
0.457226 0.0302379 0
0.455136 0.0297964 0
0.454412 0.0295644 1
0.453267 0.0300294 0
0.452577 0.0298849 0
0.450207 0.0370376 0
0.448831 0.0470236 1
0.447344 0.0438149 0
0.445044 0.0259614 0
0.444421 0.0277816 1
0.443295 0.027806 0
0.442293 0.0278164 0
0.440111 0.0270155 0
0.437749 0.0278382 0
0.435884 0.0298814 0
0.434592 0.030304 0
0.432754 0.0300382 0
0.431491 0.0298299 1
0.429843 0.0309285 0
0.42849 0.0319711 0
0.425224 0.030949 0
0.425627 0.0463666 1
0.423754 0.0425451 0
0.420856 0.0254724 1
0.419675 0.0248131 0
0.417861 0.0242393 0
0.4154 0.0251429 0
0.41634 0.0256191 0
0.41319 0.0513014 0
0.412369 0.0504919 1
0.41058 0.0509345 0
0.408697 0.0492732 0
0.40684 0.0251362 1
0.404298 0.0254962 0
0.403848 0.0240556 0
0.399816 0.0530013 1
0.397604 0.052956 0
0.395172 0.0513463 0
0.392646 0.0247215 1
0.391331 0.0250621 0
0.390001 0.0236395 0
0.386384 0.05267 1
0.3859 0.0523908 0
0.385498 0.0522413 1
0.383619 0.0517699 0
0.38139 0.0500884 0
0.379065 0.0242618 1
0.377419 0.0242091 0
0.375746 0.0291812 0
0.371744 0.0518496 1
0.369824 0.0501586 0
0.368113 0.0522245 0
0.367324 0.0462094 0
0.365142 0.0337433 0
0.364422 0.0310004 0
0.362351 0.0301661 1
0.358464 0.0533313 0
0.357655 0.0536917 1
0.355965 0.052064 0
0.354163 0.0407745 0
0.351435 0.0231196 0
0.350978 0.0272939 0
0.349431 0.0297591 1
0.344112 0.05239 1
0.342268 0.0509738 0
0.340334 0.0468518 0
0.338755 0.0254412 0
0.337158 0.0224338 1
0.334904 0.0219503 0
0.33112 0.0490672 0
0.32977 0.0513787 1
0.327344 0.0514111 0
0.325522 0.050946 0
0.326392 0.0262529 0
0.325154 0.0245476 0
0.324243 0.0222876 0
0.323062 0.0216829 1
0.320988 0.0223224 0
0.317265 0.0427151 1
0.31574 0.0410825 0
0.314037 0.0418192 0
0.312622 0.039573 0
0.310392 0.0396456 0
0.307831 0.0418869 0
0.305664 0.0426862 0
0.304008 0.0416123 1
0.302486 0.0396243 0
0.300999 0.0381872 0
0.299777 0.0362474 0
0.299072 0.0226636 0
0.297916 0.0207134 1
0.296483 0.0202551 0
0.295323 0.0199217 0
0.292967 0.0217324 0
0.292113 0.0218719 0
0.289878 0.0245672 0
0.288865 0.0254773 0
0.287323 0.0255681 1
0.286247 0.025521 0
0.284142 0.0267873 0
0.283123 0.0261345 0
0.28095 0.0276194 0
0.278972 0.0292721 0
0.278103 0.0271943 0
0.276059 0.0289785 0
0.273883 0.030477 0
0.273003 0.0287218 0
0.269959 0.0319562 0
0.26832 0.0311876 1
0.266765 0.0301736 0
0.265481 0.0241271 0
0.264566 0.020166 0
0.263292 0.0181212 1
0.262169 0.018189 0
0.258958 0.0198371 0
0.258279 0.019035 0
0.256981 0.0195562 0
0.255427 0.0195094 0
0.254692 0.0185859 0
0.253468 0.0182007 0
0.252222 0.0175194 0
0.251287 0.0176091 1
0.248179 0.0233377 0
0.247824 0.0266101 0
0.246373 0.0293668 1
0.245424 0.0295944 0
0.244522 0.0295726 0
0.242336 0.029303 0
0.240433 0.0269241 0
0.239018 0.0235457 0
0.237722 0.0216982 0
0.236216 0.0190267 0
0.234921 0.0175729 0
0.233801 0.0166464 0
0.232705 0.016787 0
0.230952 0.0165262 1
0.229535 0.0154782 0
0.227873 0.0146009 0
0.226329 0.0151292 0
0.224297 0.0148128 0
0.222677 0.017088 0
0.221291 0.0162171 0
0.219515 0.0166772 0
0.219542 0.0184923 0
0.219149 0.0213009 0
0.217457 0.0219921 0
0.216652 0.0223622 0
0.215851 0.0220405 1
0.215307 0.0221303 0
0.214285 0.0219832 0
0.213292 0.0218281 0
0.212707 0.0209594 0
0.211868 0.0207225 0
0.210144 0.0205699 0
0.209076 0.0195865 0
0.207469 0.019321 0
0.206146 0.018182 0
0.205385 0.0174422 0
0.203957 0.017943 0
0.203042 0.0175225 0
0.200511 0.0177032 0
0.199568 0.016579 0
0.197829 0.0169312 0
0.196542 0.0175035 0
0.196052 0.0169689 0
0.195098 0.0161271 0
0.193187 0.0158207 0
0.192244 0.0146997 0
0.191323 0.0145546 0
0.190428 0.0138394 0
0.189894 0.0138733 0
0.189362 0.0136104 0
0.188844 0.0135599 1
0.188462 0.0137866 0
0.187757 0.0137084 0
0.186937 0.0137015 0
0.1864 0.0139389 0
0.185316 0.0145547 0
0.184281 0.0157461 0
0.182971 0.0171661 0
0.180702 0.017513 0
0.179405 0.0174945 0
0.178835 0.0188519 0
0.176622 0.0188149 0
0.175052 0.0181272 0
0.173862 0.0173409 1
0.172539 0.017591 0
0.171345 0.0170366 0
0.170375 0.0159147 0
0.169165 0.0151347 0
0.167737 0.0158917 0
0.166817 0.0160785 0
0.16565 0.0145064 0
0.165397 0.0127346 0
0.163502 0.0120317 0
0.162502 0.0120617 1
0.161739 0.0116507 0
0.160086 0.011034 0
0.158564 0.00965254 0
0.157229 0.0101554 0
0.15589 0.0106012 0
0.155609 0.0115819 0
0.154003 0.0123636 0
0.152994 0.0129732 0
0.151519 0.0142228 0
0.150927 0.0152409 0
0.150156 0.0155808 1
0.150154 0.0155815 0
0.150112 0.0155976 0
0.149918 0.0155162 0
0.149399 0.0157262 0
0.148234 0.0156841 0
0.147407 0.0148469 0
0.145972 0.0132496 0
0.143121 0.0147822 0
0.141363 0.0139001 0
0.140192 0.0132325 0
0.138414 0.0137586 0
0.137272 0.0129557 0
0.135841 0.0125257 0
0.133719 0.0131932 0
0.13216 0.0135938 1
0.130293 0.0134785 0
0.12932 0.0125566 0
0.128101 0.0119747 0
0.126632 0.0123657 0
0.124744 0.0138805 0
0.123956 0.0126867 0
0.122585 0.0127485 0
0.121712 0.0117563 0
0.120403 0.0119573 0
0.119141 0.0117912 0
0.117925 0.0117015 0
0.116456 0.0118528 0
0.115257 0.0118183 1
0.113574 0.011987 0
0.112497 0.0118778 0
0.11113 0.0111673 0
0.109891 0.0116758 0
0.109244 0.011276 0
0.107732 0.0115244 0
0.106524 0.0110574 0
0.105534 0.0112467 0
0.103782 0.0111704 0
0.102714 0.0110426 0
0.101644 0.0109434 0
0.100363 0.0107792 0
0.098979 0.011062 0
0.0981258 0.0103031 0
0.09668 0.0102159 0
0.0955382 0.00985949 1
0.0945624 0.00971028 0
0.0935115 0.00995621 0
0.0925356 0.00983927 0
0.0916097 0.00997275 0
0.0904952 0.0101897 0
0.0896306 0.0103852 0
0.0886996 0.00972299 0
0.087632 0.00983811 0
0.0869362 0.00910937 0
0.0859782 0.0100604 0
0.085325 0.00917515 0
0.0839148 0.00877899 0
0.0830692 0.00847514 0
0.0819065 0.0083438 0
0.0827117 0.0080496 0
0.0812602 0.00735955 0
0.0801042 0.00797066 0
0.0793587 0.00763797 0
0.0786489 0.00748557 0
0.0781532 0.00748536 0
0.0774351 0.00732198 1
0.0764782 0.00658624 0
0.0757288 0.00623931 0
0.0745987 0.00553431 0
0.0730576 0.00599028 0
0.0718693 0.00554599 0
0.0704686 0.00575034 0
0.06822 0.0057872 0
0.0668832 0.00535995 0
0.0663335 0.0059307 0
0.0653026 0.00523597 0
0.0641453 0.00531091 0
0.0634552 0.00765143 0
0.0619718 0.00737971 0
0.0613413 0.0073377 0
0.0598689 0.00739261 0
0.0584486 0.00749615 0
0.0574379 0.00759285 0
0.0569568 0.0081491 0
0.0564237 0.00747356 0
0.0554986 0.00728101 1
0.0554841 0.00729129 0
0.0553258 0.00737913 0
0.0553572 0.00716728 0
0.0549184 0.00795085 0
0.0545184 0.00815044 0
0.0537818 0.00789151 0
0.0528904 0.00781698 0
0.0525025 0.00775949 0
0.0523222 0.00806683 0
0.0519669 0.00825701 0
0.0508454 0.00831756 0
0.0498174 0.00808818 0
0.0483746 0.00814003 0
0.0469888 0.00890826 0
0.0446071 0.00826628 0
0.0444212 0.00807863 0
0.0441827 0.00810545 0
0.0421269 0.00664264 0
0.0425806 0.00714013 0
0.0423179 0.00705361 0
0.0409324 0.00624586 0
0.0401132 0.00702444 0
0.0390683 0.00643891 0
0.0381502 0.00647189 0
0.0366524 0.00610425 0
0.035332 0.00570409 0
0.0341525 0.00510157 0
0.0329547 0.0051811 1
0.0320317 0.0050659 0
0.0304438 0.00393162 0
0.0294793 0.00333244 0
0.0283225 0.00304348 0
0.0273863 0.00291756 0
0.0267549 0.0029889 0
0.025691 0.00288669 0
0.0247683 0.00208693 0
0.0238208 0.00159816 0
0.0232377 0.000852636 0
0.0224676 0.000766374 0
0.0217876 0.000965114 0
0.0211962 0.000638247 0
0.0205615 0.000768325 0
0.0197883 0.000552029 0
0.0188291 0 0
0.0178991 0.00051088 0
0.0166275 0.00152237 0
0.0162655 0.00242841 0
0.0152026 0.0031596 0
0.0145754 0.00463767 0
0.0135497 0.0041506 0
0.0129827 0.00417465 0
0.0120789 0.00522089 0
0.0113985 0.00831349 0
0.0105212 0.0101453 0
0.00971437 0.0103289 0
0.00931149 0.00835572 0
0.00864084 0.00945931 0
0.00712779 0.0120328 0
0.00644882 0.011913 0
0.00522341 0.0118673 0
0.00436615 0.0123902 0
0.00288435 0.0135407 0
0.0032094 0.0101248 0
0.00237736 0.0104237 0
0.000523946 0.0110909 0
0 0.0110103 0
0.00137014 0.00741601 0
0.00163992 0.00625508 0
0.00129751 0.00560499 0
0.000940006 0.00447139 0
0.000473983 0.00380303 0
0.000129274 0.00366012 1
