1 0.454652 1
0.999666 0.455193 0
0.998762 0.456072 0
0.99765 0.45395 0
0.994522 0.453526 0
0.992796 0.453968 0
0.991082 0.455364 1
0.988034 0.459544 0
0.984118 0.462197 0
0.97875 0.461199 0
0.973967 0.464262 0
0.969137 0.462723 0
0.96725 0.466928 0
0.960171 0.46401 0
0.957559 0.467656 0
0.953075 0.468332 0
0.95002 0.467494 0
0.944274 0.466608 0
0.939544 0.464658 1
0.935959 0.463254 0
0.932537 0.454079 0
0.928521 0.44914 0
0.92435 0.442452 0
0.926331 0.429159 0
0.925825 0.413851 0
0.920258 0.410773 0
0.925227 0.399827 0
0.926439 0.392822 0
0.929884 0.386494 0
0.928472 0.383734 0
0.930757 0.37614 1
0.928499 0.37282 0
0.928354 0.367175 0
0.922444 0.363974 0
0.922201 0.357059 0
0.92675 0.349974 0
0.925347 0.343688 0
0.924081 0.337358 0
0.920439 0.331794 0
0.913788 0.323445 0
0.916052 0.320108 0
0.915259 0.314076 0
0.917511 0.305422 0
0.908889 0.295454 0
0.908645 0.284126 0
0.902457 0.277298 0
0.901204 0.272764 0
0.898239 0.262189 0
0.891693 0.257351 0
0.884535 0.248078 0
0.88052 0.240409 0
0.874532 0.235091 0
0.872659 0.23212 0
0.869141 0.227103 0
0.866733 0.223674 0
0.859617 0.21689 0
0.853402 0.209975 1
0.853568 0.2002 0
0.849982 0.193557 0
0.847766 0.183889 0
0.836368 0.179047 0
0.834567 0.167107 0
0.829087 0.163875 0
0.824267 0.159766 0
0.820578 0.15256 0
0.812488 0.147765 0
0.806098 0.142432 1
0.801897 0.135832 0
0.794972 0.13265 0
0.786817 0.130719 0
0.779577 0.13069 0
0.77812 0.120599 0
0.769876 0.121785 0
0.766911 0.110167 0
0.758279 0.106137 0
0.753688 0.102246 0
0.745253 0.0986884 0
0.741317 0.0898675 0
0.732124 0.0875053 0
0.724989 0.086212 0
0.719975 0.0770506 0
0.710844 0.075583 0
0.701622 0.0703072 0
0.693924 0.0670642 0
0.686448 0.0633925 0
0.681287 0.0585301 1
0.673665 0.0545015 0
0.669675 0.0510418 0
0.663876 0.049568 0
0.658096 0.0468186 0
0.652118 0.0439426 0
0.646047 0.0418561 0
0.638205 0.0398078 0
0.633947 0.0381923 0
0.627965 0.0360273 0
0.621951 0.0339791 0
0.617723 0.0309873 0
0.614499 0.0242533 0
0.611005 0.0192826 0
0.603999 0.0176445 0
0.594848 0.0169921 0
0.588419 0.0155186 0
0.581874 0.014923 0
0.573359 0.0165358 0
0.566595 0.0168509 0
0.559794 0.0169348 0
0.552502 0.0203592 0
0.545912 0.020023 0
0.538144 0.0238121 1
0.532994 0.0229167 0
0.523353 0.0224783 0
0.515465 0.0221822 0
0.506079 0.0190819 0
0.492679 0.0156816 0
0.48518 0.0192675 0
0.475694 0.0193737 0
0.466991 0.0209366 0
0.464077 0.0224104 0
0.455583 0.0220148 0
0.442767 0.0226017 0
0.440715 0.0251745 0
0.431038 0.0244786 0
0.424626 0.0244628 0
0.42107 0.0236196 0
0.408017 0.0203929 0
0.406099 0.0227303 0
0.40186 0.0194694 0
0.398759 0.0206193 0
0.396668 0.0212446 0
0.396145 0.0223699 0
0.392362 0.0230071 1
0.392996 0.0271688 0
0.390933 0.0366009 0
0.373524 0.028934 0
0.365948 0 0
0.361991 0.0278383 0
0.353367 0.0274784 0
0.347412 0.0385305 0
0.341282 0.0455397 0
0.335099 0.0526157 0
0.322874 0.0457375 0
0.314731 0.0438639 0
0.310506 0.0546531 0
0.303158 0.0572657 0
0.296881 0.0610582 0
0.289247 0.0580992 0
0.286363 0.0682439 0
0.280408 0.0686274 0
0.275132 0.0707494 0
0.269503 0.0712803 1
0.263396 0.0745014 0
0.255858 0.0789729 0
0.250574 0.0776705 0
0.244587 0.086173 0
0.242304 0.092459 0
0.232083 0.090018 0
0.229255 0.095387 0
0.222008 0.100381 0
0.215639 0.101939 0
0.206388 0.105622 0
0.201436 0.11655 0
0.195657 0.122681 0
0.190862 0.12508 0
0.184078 0.130756 0
0.180079 0.136459 0
0.174162 0.138599 0
0.169533 0.142249 0
0.165049 0.14878 0
0.160804 0.151818 0
0.157309 0.156623 0
0.15135 0.159219 0
0.148587 0.164234 1
0.144892 0.166834 0
0.141353 0.173097 0
0.134726 0.17312 0
0.127306 0.178952 0
0.118721 0.186542 0
0.10999 0.193693 0
0.113064 0.206619 0
0.108122 0.214636 0
0.101867 0.21863 0
0.0985608 0.227139 0
0.0948385 0.232254 1
0.0940506 0.243126 0
0.0830599 0.242615 0
0.0720374 0.251859 0
0.0654528 0.261808 0
0.0584584 0.270339 0
0.0603084 0.284645 0
0.0566519 0.292969 0
0.0557311 0.308194 0
0.0471407 0.315873 0
0.0449084 0.324508 1
0.0428695 0.335048 0
0.0381151 0.338948 0
0.0365472 0.348262 0
0.0373531 0.357057 0
0.0331675 0.364957 0
0.0352312 0.370669 1
0.0408416 0.383534 0
0.0397193 0.389699 0
0.0343409 0.3972 0
0.0347823 0.408374 0
0.0339526 0.41216 0
0.0348662 0.425165 0
0.0283521 0.433042 0
0.0283446 0.446201 0
0.0234204 0.451205 0
0.0209615 0.461965 0
0.0185205 0.467833 0
0.0158886 0.475943 0
0.0127713 0.482059 0
0.0119484 0.486983 0
0.00964008 0.491802 0
0.0118094 0.497545 0
0.00986129 0.499951 0
0.0104017 0.50313 1
0.00777307 0.510734 0
0.00600566 0.516774 0
0.00437921 0.524378 0
0 0.534591 0
0.00163614 0.53963 0
0.0121859 0.544294 0
0.0167432 0.55731 0
0.021236 0.561885 0
0.0211097 0.56845 0
0.023756 0.575306 0
0.0300521 0.582558 0
0.0301406 0.592866 0
0.0341698 0.600239 0
0.0390983 0.605199 1
0.041752 0.60891 0
0.0422314 0.619028 0
0.0425673 0.626624 0
0.0423282 0.6345 0
0.042013 0.642512 0
0.0490282 0.65289 0
0.0540708 0.663811 0
0.0600264 0.669194 0
0.064074 0.677348 0
0.0716539 0.685821 0
0.079261 0.686907 0
0.0870803 0.696181 0
0.0920261 0.703058 0
0.0970356 0.709235 0
0.0998882 0.712616 0
0.102939 0.714751 0
0.105555 0.718866 1
0.107595 0.722049 0
0.114905 0.726432 0
0.115149 0.733817 0
0.116467 0.739844 0
0.123152 0.74429 0
0.1251 0.751701 0
0.134125 0.756278 0
0.13612 0.759891 0
0.144342 0.762703 0
0.14863 0.766358 0
0.151362 0.775406 0
0.156721 0.781208 1
0.160576 0.790004 0
0.167449 0.792051 0
0.173068 0.799941 0
0.177156 0.807791 0
0.187234 0.806234 0
0.193943 0.812626 0
0.198784 0.821916 0
0.205724 0.827167 0
0.208521 0.839969 0
0.219283 0.838882 0
0.229357 0.843234 0
0.236339 0.849602 0
0.243996 0.850147 0
0.249053 0.85669 0
0.254728 0.863112 0
0.261331 0.862849 1
0.268741 0.869604 0
0.274738 0.873595 0
0.279936 0.877205 0
0.284565 0.879645 0
0.288181 0.885637 0
0.295964 0.886556 0
0.301243 0.889459 0
0.309128 0.889383 0
0.316711 0.888043 0
0.322358 0.897603 0
0.327264 0.903525 0
0.33734 0.898233 0
0.342405 0.904555 1
0.352122 0.904232 0
0.357432 0.912611 0
0.367422 0.911411 0
0.37669 0.912238 0
0.382343 0.913272 0
0.390745 0.914803 0
0.397528 0.920499 0
0.403962 0.920265 0
0.411922 0.926177 0
0.418762 0.923562 0
0.425851 0.924583 1
0.430045 0.927556 0
0.435627 0.929065 0
0.442139 0.928598 0
0.448105 0.933661 0
0.45422 0.929298 0
0.464898 0.929915 0
0.470413 0.928136 0
0.475398 0.929658 0
0.48359 0.928458 1
0.489586 0.932119 0
0.497733 0.938168 0
0.508915 0.94288 0
0.518827 0.939373 0
0.529502 0.93695 0
0.538234 0.937332 0
0.546159 0.934694 0
0.553478 0.930899 0
0.559459 0.929747 0
0.564831 0.930577 0
0.569245 0.928272 0
0.573513 0.926445 0
0.576876 0.924674 1
0.583703 0.926266 0
0.588278 0.920336 0
0.596618 0.922152 0
0.606054 0.911187 0
0.621212 0.918871 0
0.624872 0.910761 0
0.631915 0.904415 0
0.64054 0.908445 0
0.645033 0.894695 0
0.654826 0.89863 0
0.662015 0.895409 0
0.664706 0.893146 0
0.678373 0.89742 0
0.680802 0.889188 0
0.685186 0.889796 0
0.68901 0.880445 0
0.695654 0.881166 0
0.701568 0.876702 0
0.70451 0.873315 1
0.710784 0.869446 0
0.715671 0.86678 0
0.720199 0.863748 0
0.726582 0.858528 0
0.734596 0.858277 0
0.742557 0.854335 0
0.745191 0.84798 0
0.752025 0.845357 0
0.756988 0.837453 0
0.763121 0.833148 0
0.770239 0.828603 0
0.773331 0.825722 0
0.775965 0.818504 0
0.781218 0.814543 0
0.789051 0.81303 0
0.789975 0.80717 1
0.79667 0.805325 0
0.797965 0.803396 0
0.802931 0.79964 0
0.810159 0.797455 0
0.815026 0.79561 0
0.82356 0.794536 0
0.836421 0.787224 0
0.844992 0.783626 0
0.845245 0.769612 0
0.842102 0.756164 0
0.842642 0.748028 0
0.849857 0.737725 0
0.861609 0.732352 0
0.865754 0.723815 0
0.862053 0.718134 0
0.866048 0.713438 0
0.870488 0.704293 0
0.871637 0.703094 1
0.877857 0.696566 0
0.883818 0.691186 0
0.895802 0.68784 0
0.909256 0.684505 0
0.928048 0.686472 0
0.934198 0.671015 0
0.946358 0.667151 0
0.949442 0.66272 0
0.95591 0.654114 0
0.942002 0.640575 0
0.91762 0.628695 0
0.90502 0.620201 1
0.906293 0.615753 0
0.906472 0.610826 0
0.9089 0.602099 0
0.916902 0.596471 0
0.90803 0.590269 0
0.919184 0.582928 0
0.910245 0.574586 0
0.92032 0.569176 0
0.917762 0.562609 0
0.915036 0.556933 0
0.921393 0.550358 0
0.92313 0.544314 0
0.926143 0.53745 0
0.923297 0.532749 0
0.928314 0.526209 1
