1 0.0328695 1
0.999647 0.0325826 0
0.999476 0.0324817 0
0.999159 0.0324425 0
0.998702 0.032993 0
0.998511 0.0334307 0
0.998601 0.0336348 0
0.998649 0.0339084 0
0.998464 0.0339681 0
0.998026 0.0338065 0
0.997841 0.0342789 0
0.997719 0.035039 0
0.998038 0.0356576 0
0.997754 0.03597 0
0.997422 0.0358478 0
0.997598 0.0365813 0
0.9975 0.0372682 0
0.996523 0.037616 0
0.995883 0.0371889 0
0.994529 0.0367213 0
0.994131 0.0362701 0
0.993441 0.0355489 0
0.992848 0.0354285 0
0.992387 0.0350789 0
0.992225 0.0346823 0
0.991375 0.0339846 0
0.990536 0.0344574 0
0.98975 0.0340276 0
0.988967 0.0336969 0
0.987316 0.0339993 0
0.98635 0.0343163 0
0.985068 0.0338313 0
0.983823 0.0360522 0
0.981467 0.035825 0
0.980029 0.0364175 0
0.97776 0.0373363 0
0.976478 0.0375688 0
0.975574 0.0373119 0
0.974152 0.0369 0
0.971941 0.0358236 0
0.969454 0.0356093 0
0.967299 0.0358111 0
0.964539 0.0369377 0
0.96331 0.0376968 0
0.961706 0.037421 0
0.960392 0.0378224 0
0.958302 0.0361682 0
0.954352 0.0357541 0
0.952366 0.0370569 0
0.950082 0.0377054 0
0.946757 0.0365982 0
0.944888 0.0375434 0
0.941908 0.0366074 0
0.938333 0.036419 0
0.935427 0.0359543 0
0.931902 0.0373109 0
0.929456 0.0379338 0
0.927169 0.0391329 0
0.922839 0.0392858 0
0.919725 0.0395033 1
0.918126 0.0404374 0
0.915806 0.0402304 0
0.914069 0.0404863 0
0.912668 0.0409403 0
0.910316 0.0422587 0
0.907508 0.0427685 0
0.905455 0.0427848 0
0.902819 0.0425417 0
0.899784 0.0423095 0
0.897161 0.0431893 0
0.894873 0.0452785 0
0.891628 0.0445584 0
0.889358 0.0419215 0
0.887003 0.0422466 0
0.884372 0.0426873 0
0.881992 0.0432535 0
0.87914 0.0426586 0
0.877734 0.044373 0
0.87538 0.0447297 0
0.874076 0.04548 0
0.871759 0.0451321 0
0.870697 0.0446369 0
0.868968 0.0449638 1
0.867564 0.0454274 0
0.865629 0.0468914 0
0.863927 0.0466077 0
0.861814 0.0480865 0
0.860068 0.0479465 0
0.858208 0.0484963 0
0.856493 0.0492611 0
0.855322 0.0493455 0
0.854656 0.0487511 0
0.853863 0.0474432 0
0.846216 0.0496628 0
0.844099 0.0491744 0
0.841814 0.0488648 0
0.842057 0.0495124 0
0.839266 0.0491371 0
0.837899 0.048765 0
0.836729 0.0488155 1
0.835773 0.048038 0
0.834729 0.0472555 0
0.8329 0.0472329 0
0.831979 0.0465537 0
0.830617 0.0458467 0
0.829377 0.0458058 0
0.827277 0.0441563 0
0.825669 0.0443835 0
0.823576 0.0440707 0
0.822132 0.0439701 0
0.820566 0.0433134 0
0.817638 0.0447579 0
0.81648 0.0456225 0
0.814289 0.0463255 0
0.812995 0.0480664 0
0.812431 0.0504065 0
0.811243 0.0521368 0
0.808211 0.0523097 0
0.805071 0.049633 0
0.794532 0.0596103 0
0.804354 0.0557491 0
0.80406 0.0561754 1
0.802512 0.0577055 0
0.793113 0.0606829 1
0.791318 0.060835 0
0.790118 0.0615033 0
0.787231 0.0595752 0
0.784324 0.0591668 0
0.785392 0.0625695 0
0.780679 0.0616959 0
0.778026 0.062562 0
0.774673 0.0517282 0
0.770679 0.0503206 0
0.768602 0.0544348 0
0.766123 0.0570425 0
0.763946 0.0595352 0
0.760887 0.0594958 0
0.759489 0.0598601 1
0.758251 0.0591929 0
0.755779 0.0578519 0
0.753651 0.0581153 0
0.752587 0.056617 0
0.751178 0.0549871 0
0.75017 0.0537011 0
0.747596 0.0531477 0
0.746429 0.0535351 1
0.745127 0.0538878 0
0.74301 0.0550063 0
0.739842 0.0553294 0
0.738134 0.0564057 0
0.736783 0.0570234 0
0.735722 0.0569158 0
0.734561 0.0558587 0
0.733705 0.055147 0
0.730457 0.0634757 0
0.730974 0.0656375 0
0.728145 0.0660607 0
0.727088 0.06631 1
0.725195 0.0673206 0
0.721608 0.0665638 0
0.71918 0.066332 0
0.716551 0.0649747 0
0.710488 0.0562454 0
0.707429 0.061252 0
0.70739 0.0608118 0
0.706032 0.0632234 0
0.70336 0.0639686 0
0.70103 0.0626613 0
0.698831 0.0615472 0
0.695622 0.0611466 0
0.69383 0.0599461 0
0.690944 0.0597238 0
0.688744 0.0591413 1
0.686824 0.0575645 0
0.683403 0.0573484 0
0.68065 0.0580336 0
0.678203 0.056889 0
0.675843 0.0564428 0
0.674353 0.0566776 0
0.672699 0.0588312 0
0.670499 0.0600803 0
0.668244 0.0610527 0
0.665958 0.0620993 0
0.663986 0.0616445 0
0.661084 0.0609288 0
0.658978 0.0610801 0
0.656734 0.0620161 1
0.654671 0.062551 0
0.651788 0.0619391 0
0.649889 0.0628705 0
0.646999 0.0613687 0
0.646739 0.0641303 0
0.645829 0.0620782 0
0.640858 0.0661665 0
0.640363 0.067681 0
0.638385 0.0677304 0
0.636578 0.0674173 0
0.633861 0.0676081 1
0.633077 0.0683397 0
0.631125 0.0684937 0
0.629956 0.0702309 0
0.627593 0.0700229 0
0.624362 0.0689289 0
0.620984 0.0694612 0
0.620911 0.0719465 0
0.615266 0.0697644 0
0.614998 0.0690142 0
0.612811 0.078513 0
0.608198 0.0685267 0
0.606664 0.0703046 0
0.607701 0.075736 0
0.605822 0.0749365 0
0.597554 0.0698124 0
0.597775 0.0720292 0
0.593646 0.0686353 0
0.591127 0.0687366 0
0.589166 0.0684884 0
0.587439 0.0690311 0
0.586353 0.0705166 0
0.583421 0.0703692 0
0.581693 0.0710572 0
0.579686 0.0720209 0
0.576864 0.0713087 0
0.57513 0.0706499 1
0.573361 0.0713812 0
0.571265 0.073051 0
0.568256 0.0738217 0
0.566196 0.0758576 0
0.562571 0.0758051 0
0.559392 0.0759339 0
0.556727 0.0765328 0
0.552379 0.0759457 0
0.551053 0.0779615 0
0.548063 0.078214 0
0.544807 0.0767591 0
0.541795 0.0746142 0
0.539753 0.07643 0
0.537307 0.080391 0
0.535425 0.0829638 0
0.533965 0.0818467 0
0.53227 0.0792556 0
0.531433 0.0825361 0
0.529029 0.0844447 0
0.527535 0.0840762 0
0.525721 0.0829511 0
0.525095 0.0827584 0
0.523379 0.0838866 0
0.52083 0.0826461 0
0.518818 0.0816022 0
0.51707 0.0832094 0
0.515292 0.0854799 0
0.514 0.0864509 0
0.511607 0.0874397 0
0.510402 0.0878656 0
0.508356 0.088848 0
0.507946 0.0894784 0
0.506353 0.0895716 1
0.504378 0.0895215 0
0.504281 0.0916786 0
0.501162 0.0929504 0
0.498021 0.0890717 0
0.489093 0.0860554 0
0.489619 0.0868229 0
0.489259 0.0882761 0
0.489433 0.0923687 0
0.487564 0.0911368 0
0.485531 0.0894475 0
0.484921 0.0904718 0
0.481579 0.091634 0
0.480194 0.092279 0
0.47878 0.0924785 0
0.477034 0.093384 1
0.476278 0.0940756 0
0.475075 0.0958576 0
0.471438 0.0909317 0
0.469641 0.0887562 0
0.468129 0.0901478 0
0.468093 0.0955397 0
0.465954 0.0942902 0
0.463622 0.0913246 0
0.459736 0.0843776 0
0.45836 0.0817182 0
0.454907 0.0780679 1
0.454227 0.078725 0
0.453973 0.0840352 0
0.451732 0.156938 0
0.44866 0.170115 0
0.446719 0.170573 0
0.445434 0.169215 0
0.444097 0.170277 0
0.444643 0.172259 0
0.444639 0.172548 0
0.444769 0.171597 0
0.442489 0.172812 0
0.440595 0.17307 0
0.440629 0.174221 0
0.441549 0.174514 0
0.439293 0.174781 0
0.438782 0.178102 0
0.442423 0.181074 0
0.440286 0.179695 0
0.439135 0.178181 0
0.437639 0.178189 0
0.437313 0.180802 0
0.435474 0.182938 1
0.435416 0.182811 0
0.434556 0.181172 0
0.433131 0.180434 0
0.431228 0.180719 0
0.431648 0.169921 0
0.429966 0.139258 0
0.430595 0.124833 1
0.429598 0.122541 0
0.429113 0.119667 0
0.432464 0.112087 0
0.435626 0.0846904 0
0.43706 0.079201 0
0.435577 0.077176 1
0.430249 0.0801621 0
0.42872 0.0772159 0
0.424294 0.0784955 0
0.420773 0.0791702 0
0.418981 0.0756795 0
0.416583 0.0760881 0
0.414913 0.0759341 0
0.404476 0.0835439 0
0.406382 0.0755794 0
0.402586 0.0767473 0
0.399143 0.0767103 1
0.395616 0.0766308 0
0.393826 0.0684501 0
0.390398 0.067695 0
0.385776 0.0710622 0
0.382618 0.0757915 0
0.380412 0.0750183 1
0.378214 0.0743231 0
0.376173 0.0754663 0
0.371614 0.0768873 0
0.369157 0.073614 1
0.362688 0.0941122 1
0.361596 0.0942189 0
0.360001 0.0942312 0
0.361794 0.0919006 0
0.361229 0.0908673 0
0.357204 0.09259 0
0.36149 0.071128 0
0.360528 0.0778051 0
0.362389 0.0837903 0
0.362656 0.0868807 1
0.360646 0.0846666 0
0.359845 0.0695673 1
0.358665 0.0676067 0
0.357633 0.0672919 0
0.356315 0.0634183 0
0.352154 0.0650848 0
0.352045 0.0701292 0
0.349264 0.0713379 0
0.342406 0.0777454 0
0.343563 0.0794341 0
0.343368 0.07646 0
0.341487 0.0766678 0
0.340135 0.0744694 0
0.338696 0.075832 0
0.336268 0.0770516 0
0.334694 0.077613 0
0.334133 0.0765825 0
0.333631 0.0755135 0
0.332197 0.0749202 1
0.331146 0.0744504 0
0.328729 0.0734358 0
0.326472 0.0723939 0
0.323973 0.0684367 0
0.321668 0.0665297 0
0.318289 0.0683268 0
0.317379 0.0675779 0
0.313258 0.0606898 0
0.310649 0.0617341 0
0.308883 0.0596771 0
0.306724 0.0587863 0
0.306162 0.0569252 0
0.304004 0.0557301 1
0.301903 0.0557108 0
0.299644 0.0553487 0
0.297398 0.0544242 0
0.295316 0.0535597 0
0.293222 0.0535235 0
0.291041 0.0549114 0
0.28717 0.0555319 0
0.284362 0.0535072 0
0.281793 0.0547636 0
0.278154 0.0552367 0
0.275847 0.0546886 0
0.273763 0.0541829 1
0.270709 0.0532801 0
0.267063 0.0526659 0
0.264835 0.0489639 0
0.262306 0.0475057 0
0.259202 0.0487365 0
0.255146 0.0522697 0
0.25313 0.0508995 0
0.251186 0.046728 0
0.24785 0.0479688 0
0.244308 0.051992 0
0.241455 0.0532074 0
0.238476 0.0514451 0
0.235799 0.0519083 0
0.234287 0.050496 0
0.230684 0.0508738 0
0.227098 0.0523337 1
0.225209 0.0511549 0
0.223171 0.049182 0
0.222076 0.0450968 0
0.220852 0.0428495 0
0.218248 0.0383791 0
0.21757 0.0382559 0
0.217008 0.0405115 0
0.211803 0.037008 0
0.210573 0.0356088 0
0.208379 0.0365128 0
0.204044 0.0325276 0
0.203786 0.0359399 0
0.20293 0.0390156 0
0.20107 0.040137 1
0.199455 0.0416024 0
0.196398 0.05044 0
0.190943 0.0644856 0
0.188635 0.0676442 0
0.18704 0.0693219 0
0.186293 0.0727647 0
0.184999 0.0738914 0
0.183466 0.0740149 0
0.182857 0.0747967 1
0.182746 0.0750817 0
0.182186 0.0753068 0
0.182586 0.0748176 0
0.182713 0.0748064 0
0.182862 0.0747754 0
0.182853 0.0747972 0
0.182848 0.0747907 0
0.182836 0.074766 0
0.182676 0.0747499 0
0.182459 0.0740634 0
0.182405 0.073567 0
0.181585 0.0729137 0
0.181694 0.0721675 0
0.181465 0.0709537 0
0.181556 0.0711638 0
0.180763 0.0711988 0
0.180268 0.0696365 0
0.180494 0.0671617 0
0.181785 0.0659408 0
0.18092 0.0668476 0
0.179984 0.0619856 0
0.179971 0.0627535 0
0.180445 0.061164 0
0.180524 0.0599862 0
0.181475 0.0589839 0
0.181978 0.0577013 0
0.181968 0.0538583 0
0.182279 0.0525784 0
0.185155 0.0469697 0
0.183911 0.045033 0
0.178048 0.0433401 0
0.177287 0.0414539 0
0.174925 0.0402519 0
0.172816 0.0405669 0
0.171567 0.039417 1
0.169501 0.0375476 0
0.165641 0.0373063 0
0.160818 0.0374093 0
0.157953 0.0360208 0
0.159619 0.0327858 0
0.159393 0.0293256 0
0.156651 0.0266743 0
0.154926 0.0228841 0
0.152087 0.0222133 0
0.147818 0.0232134 0
0.143089 0.026155 0
0.138455 0.0293171 0
0.135121 0.0282983 0
0.132086 0.0298864 0
0.125276 0.0344478 1
0.126145 0.0295221 0
0.12362 0.030563 0
0.121045 0.03257 0
0.120661 0.0294698 0
0.116785 0.0357541 0
0.114664 0.0323996 0
0.113751 0.0315474 0
0.111062 0.0330137 0
0.109337 0.0306215 0
0.108356 0.0311458 0
0.105513 0.030858 0
0.104285 0.0305512 0
0.102601 0.0290418 0
0.0997692 0.0301382 0
0.098571 0.0287831 0
0.096172 0.0282821 0
0.0946717 0.0281256 1
0.0927118 0.027163 0
0.091528 0.0259551 0
0.0895753 0.0256332 0
0.0874743 0.025662 0
0.0851007 0.0254233 0
0.0834237 0.0235063 0
0.0811846 0.0240384 0
0.0784733 0.02392 0
0.076842 0.0224487 0
0.0737937 0.0231202 0
0.0717142 0.0215824 0
0.0697373 0.0208672 0
0.0677312 0.0208732 0
0.0647262 0.0248141 0
0.0636414 0.0227774 1
0.0627762 0.0225822 0
0.061947 0.0221765 0
0.0613003 0.0216436 0
0.0521514 0.0209083 1
0.0491113 0.020053 0
0.0461075 0.0213975 0
0.0447885 0.0185628 0
0.0414898 0.0196425 0
0.0391962 0.0211561 0
0.0367743 0.0236629 0
0.0333445 0.0163588 0
0.02701 0.0171813 0
0.0226222 0.016165 0
0.0218471 0.0159555 1
0.0212419 0.0139592 0
0.0221654 0.00797448 0
0.0179331 0.0143394 0
0.0156556 0.0162974 0
0.0140946 0.0151114 0
0.0144777 0.0218846 0
0.0140332 0.0110216 0
0.0143115 0.00442183 0
0.0129776 0 0
0.011206 0.000723323 0
0.00956337 0.00152524 0
0.00834972 0.0035637 0
0.00634526 0.00640621 0
0.00511385 0.00883912 0
0.00336233 0.0102657 0
0.00192969 0.0118159 0
0 0.0124347 1
