0.91047 0.409104 1
0.905665 0.431916 0
0.915873 0.443207 0
0.912477 0.457748 0
0.909679 0.477386 0
0.903379 0.520381 0
0.919252 0.575733 0
0.926697 0.574322 0
0.942832 0.601905 0
0.941409 0.599435 1
0.942108 0.599754 0
0.944952 0.603402 0
0.947501 0.610504 0
0.927153 0.64064 0
0.896918 0.671278 0
0.905926 0.721315 0
0.89993 0.71239 1
0.906714 0.723885 0
0.864954 0.749328 0
0.845746 0.777487 0
0.820955 0.79014 0
0.799228 0.80946 0
0.7829 0.809809 0
0.771962 0.809563 0
0.739003 0.832221 0
0.715082 0.864879 0
0.675743 0.873156 0
0.630946 0.906176 0
0.613548 0.913195 0
0.5829 0.933216 1
0.580526 0.929447 0
0.572887 0.920429 0
0.562896 0.915977 0
0.539244 0.898151 0
0.519235 0.890044 0
0.496517 0.877399 0
0.468103 0.869049 0
0.443057 0.859197 0
0.426149 0.841817 0
0.400365 0.853685 0
0.38519 0.853799 0
0.369655 0.83399 0
0.346401 0.830781 0
0.336024 0.819064 0
0.315142 0.808524 0
0.303187 0.798114 0
0.288055 0.788135 0
0.270875 0.779238 0
0.265677 0.751434 0
0.253962 0.745601 0
0.249451 0.732885 0
0.233653 0.728464 0
0.226166 0.722483 0
0.210534 0.708544 0
0.198416 0.698218 0
0.198712 0.669284 0
0.177666 0.656128 0
0.16032 0.634682 0
0.148614 0.621586 0
0.131755 0.599121 0
0.115867 0.587216 0
0.102126 0.557158 0
0.0793909 0.547137 0
0.070543 0.537456 1
0.0685482 0.526901 0
0.0696657 0.519216 0
0.0689331 0.514007 0
0.0665333 0.509219 0
0.0724896 0.490115 0
0.0773934 0.479079 0
0.0790475 0.457282 0
0.0838527 0.442904 0
0.0852625 0.429483 0
0.0874626 0.423577 0
0.0890138 0.412523 0
0.0897428 0.401332 0
0.0896677 0.392662 0
0.0941504 0.388002 0
0.0981246 0.377685 0
0.102973 0.368513 1
0.105159 0.364948 0
0.110572 0.360457 0
0.125761 0.357588 0
0.154413 0.349977 0
0.22669 0.294589 0
0.240917 0.284787 0
0.262416 0.253287 0
0.280059 0.210789 0
0.308957 0.201387 0
0.329603 0.186444 0
0.340627 0.158682 0
0.372355 0.145107 0
0.389232 0.135019 0
0.400942 0.129268 0
0.410082 0.12861 1
0.424378 0.132075 0
0.449914 0.134237 0
0.472648 0.135117 0
0.492697 0.129057 0
0.514931 0.124104 0
0.532322 0.132105 0
0.545688 0.141221 0
0.571808 0.147728 0
0.57769 0.170698 0
0.591193 0.194067 0
0.607528 0.207126 0
0.632964 0.214056 0
0.646593 0.221604 0
0.665183 0.246538 0
0.68642 0.244493 0
0.70385 0.246157 0
0.723843 0.243743 0
0.738599 0.246827 0
0.746466 0.26769 0
0.760962 0.274886 0
0.772575 0.290626 0
0.782752 0.306949 0
0.790903 0.32214 0
0.800114 0.329257 0
0.814851 0.344267 0
0.827962 0.362036 0
0.83245 0.382502 0
0.821179 0.424088 0
0.83743 0.44457 0
0.843973 0.463297 0
0.850181 0.483008 0
0.851331 0.503324 0
0.867163 0.523465 0
0.888126 0.541651 0
0.913166 0.56164 1
0.898962 0.595156 0
0.907095 0.602632 1
0.903072 0.610315 0
0.893105 0.623428 0
0.886033 0.632898 0
0.882359 0.643034 0
0.871207 0.669211 0
0.876358 0.67076 0
0.877817 0.676328 0
0.881046 0.680173 1
0.881588 0.680763 0
0.861017 0.675604 0
0.837312 0.684775 0
0.823337 0.692571 0
0.808975 0.706323 0
0.798791 0.748642 0
0.774561 0.755548 0
0.741899 0.789451 0
0.722586 0.805082 0
0.70282 0.812213 0
0.669073 0.840289 0
0.647186 0.855007 0
0.617782 0.9334 0
0.551371 0.904368 0
0.555803 0.919918 0
0.539784 0.915679 0
0.525735 0.895444 0
0.497954 0.883824 0
0.487563 0.874339 0
0.466407 0.868686 0
0.427203 0.888334 0
0.415869 0.868805 0
0.388618 0.887325 0
0.350906 0.898654 0
0.325899 0.915452 0
0.287972 0.944165 0
0.283363 0.917336 0
0.279705 0.868962 0
0.262581 0.868671 0
0.247281 0.85809 0
0.229522 0.850134 0
0.220058 0.844863 0
0.204921 0.815723 0
0.197007 0.807306 0
0.175691 0.797576 0
0.162477 0.789897 1
0.165006 0.799127 0
0.122267 0.744502 0
0.125677 0.738245 0
0.116382 0.741072 0
0.11274 0.738701 1
0.0537035 0.774979 0
0.0353887 0.762715 0
0.0281457 0.715498 0
0.0190458 0.681189 0
0.0109968 0.655442 0
0.00355635 0.619615 0
0 0.558001 0
0.00378766 0.535451 0
0.013583 0.502728 0
0.0298747 0.478419 0
0.00496329 0.496759 0
0.00989222 0.486156 0
0.0162989 0.471859 0
0.0229163 0.46467 1
0.0185115 0.461425 0
0.0156763 0.456337 0
0.0157787 0.441219 0
0.014839 0.433343 0
0.0157018 0.41118 0
0.0119943 0.395486 0
0.0158103 0.368829 0
0.0297471 0.341287 0
0.0771597 0.309847 0
0.0821006 0.310842 0
0.0890373 0.307734 0
0.0965447 0.306706 0
0.101668 0.307095 1
0.108435 0.299983 0
0.129726 0.260905 0
0.152546 0.232006 0
0.179268 0.194437 0
0.201777 0.188402 0
0.214345 0.162999 0
0.235664 0.148541 0
0.260309 0.147745 0
0.286276 0.135844 0
0.305892 0.131662 0
0.326872 0.129787 0
0.340518 0.107217 0
0.364857 0.0792342 0
0.380345 0.0503678 0
0.41465 0.022201 0
0.469595 0.014184 0
0.503539 0 0
0.520778 0.0145814 0
0.542578 0.0315362 0
0.555622 0.0365339 0
0.577424 0.0312046 0
0.589648 0.0452742 0
0.613334 0.0544423 0
0.627785 0.071854 0
0.638645 0.0896063 0
0.653567 0.09166 0
0.670793 0.104838 0
0.67796 0.117356 0
0.694985 0.120475 0
0.703269 0.134684 0
0.721508 0.138332 1
0.740321 0.146345 0
0.762476 0.152694 0
0.772874 0.171083 0
0.788873 0.182519 0
0.816846 0.198236 0
0.8399 0.213621 0
0.835017 0.229052 0
0.850294 0.263331 0
0.870333 0.284428 0
0.878767 0.307127 0
0.901732 0.320888 0
0.924644 0.344879 0
0.929732 0.376594 0
0.958293 0.40305 0
0.946471 0.459305 0
0.951612 0.477242 0
0.94894 0.506987 0
0.950396 0.505557 0
0.9432 0.529291 0
0.939636 0.536718 0
0.939072 0.538764 0
0.938958 0.538939 1
0.942877 0.540415 0
0.952282 0.546507 0
0.927202 0.591766 1
0.928129 0.594514 0
0.950757 0.642589 0
0.935987 0.660107 0
0.924293 0.669931 0
0.921738 0.672708 0
0.920331 0.674652 1
0.888101 0.70056 1
0.856251 0.818965 0
0.827993 0.83979 0
0.815117 0.861287 0
0.802041 0.869766 0
0.764423 0.885881 0
0.753995 0.909814 0
0.72582 0.923523 0
0.6963 0.950224 0
0.67326 0.958505 0
0.652964 0.968512 0
0.636009 0.986416 0
0.61226 0.98164 0
0.602062 0.984287 0
0.58803 0.978724 0
0.579825 0.97903 0
0.56903 0.957827 1
0.556843 0.976041 0
0.528573 0.993959 0
0.515411 0.989704 0
0.479446 1 0
0.448545 0.984363 0
0.400584 0.98743 0
0.371234 0.972966 0
0.357537 0.951004 0
0.315828 0.956597 0
0.294874 0.951796 0
0.28802 0.916776 0
0.272799 0.883661 0
0.280048 0.844298 0
0.263645 0.83356 0
0.255546 0.787908 0
0.234957 0.766036 0
0.16437 0.753204 0
0.155015 0.76836 0
0.14433 0.772865 1
