0.995603 0.433099 1
0.996055 0.437648 0
0.995542 0.451066 0
1 0.452361 0
0.99762 0.465195 0
0.991749 0.480179 0
0.987596 0.506456 0
0.989277 0.51012 0
0.987061 0.527998 0
0.964621 0.562259 0
0.952331 0.60074 0
0.924024 0.614332 0
0.908691 0.634325 0
0.895475 0.658796 0
0.887885 0.65548 0
0.877927 0.695494 0
0.844494 0.712209 0
0.824749 0.731712 0
0.803326 0.741157 0
0.785004 0.758071 0
0.771928 0.776146 0
0.760203 0.79183 0
0.73219 0.791238 0
0.710311 0.823857 0
0.691239 0.837997 0
0.66655 0.842452 0
0.639822 0.840482 0
0.619973 0.82252 0
0.607268 0.802465 0
0.60087 0.788203 0
0.587569 0.763432 0
0.556066 0.755811 0
0.535032 0.756748 0
0.509299 0.759206 0
0.470473 0.763118 0
0.422591 0.804739 0
0.389428 0.829512 0
0.358916 0.845233 0
0.289392 0.882083 0
0.252226 0.880131 0
0.230372 0.868655 0
0.213801 0.849143 0
0.197778 0.749165 0
0.190659 0.736521 0
0.185204 0.7356 0
0.175429 0.698499 0
0.164214 0.682431 1
0.145485 0.673432 0
0.141999 0.673847 0
0.126739 0.660921 0
0.127045 0.640289 0
0.119296 0.606617 0
0.0968801 0.536119 1
0.0763895 0.583368 0
0.0814504 0.510597 0
0.0912323 0.517135 0
0.0907911 0.524437 0
0.0875122 0.528784 0
0.0886018 0.524103 0
0.0714185 0.530499 0
0.0896399 0.483869 0
0.0920801 0.489717 0
0.0613579 0.495683 0
0.0474327 0.485566 0
0.0228639 0.491005 0
0.0197835 0.372952 0
0.0852419 0.354442 0
0.123436 0.33677 0
0.145544 0.32756 0
0.143929 0.306786 0
0.159304 0.286433 0
0.171093 0.274088 0
0.189029 0.259343 0
0.22155 0.236189 0
0.226152 0.168404 0
0.237505 0.151322 0
0.237456 0.099372 0
0.270809 0.0698014 0
0.294772 0.0306953 0
0.311176 0.00758014 0
0.342421 0.0151863 0
0.365117 0.017153 0
0.379662 0.00974458 0
0.404457 0 0
0.424048 0.00951905 0
0.448357 0.0172389 0
0.472128 0.022743 0
0.493904 0.0217914 0
0.521088 0.0327635 0
0.533556 0.0316865 0
0.559357 0.0400931 0
0.580908 0.0432352 1
0.600982 0.0441124 0
0.612791 0.0599193 0
0.636036 0.0770039 0
0.652692 0.091002 0
0.663129 0.111702 0
0.678804 0.129905 0
0.695554 0.147953 0
0.720599 0.170862 0
0.74331 0.187214 0
0.748639 0.22595 0
0.770784 0.258573 0
0.797148 0.271965 0
0.794825 0.338095 0
0.827408 0.35301 0
0.851196 0.434905 0
0.884956 0.426252 0
0.901944 0.431359 0
0.909233 0.435516 0
0.91381 0.439676 0
0.921136 0.433789 0
0.928475 0.42972 0
0.934808 0.428192 0
0.929905 0.435472 0
0.918353 0.45734 0
0.913785 0.46681 0
0.910536 0.47502 0
0.91232 0.487668 0
0.907513 0.505132 0
0.910264 0.535335 0
0.884093 0.560982 0
0.884994 0.589463 0
0.875591 0.61844 0
0.864896 0.637368 0
0.846086 0.652694 0
0.840403 0.670572 1
0.820075 0.680777 0
0.807833 0.699025 0
0.796679 0.730182 0
0.763722 0.747172 0
0.743058 0.775632 0
0.718685 0.791804 0
0.697559 0.797077 0
0.677147 0.797535 0
0.658314 0.804005 0
0.628422 0.791443 0
0.614555 0.789591 0
0.584304 0.794778 0
0.560049 0.784171 0
0.541507 0.779016 0
0.515426 0.770499 0
0.490748 0.791661 0
0.466977 0.800513 0
0.456314 0.807996 0
0.433684 0.811994 0
0.398425 0.84255 0
0.317204 0.92234 0
0.261964 0.906956 0
0.232891 0.896488 0
0.212102 0.871302 0
0.178925 0.810604 0
0.182457 0.762015 0
0.169344 0.771747 0
0.192544 0.719789 0
0.200328 0.700126 1
0.191425 0.704353 0
0.134387 0.665823 0
0.129652 0.629354 0
0.13179 0.610204 1
0.102767 0.612364 0
0.0972145 0.563404 1
0.089809 0.514583 0
0.0915821 0.519746 1
0.0890135 0.514982 0
0.0871953 0.518247 0
0.0860929 0.518415 0
0.0763743 0.519174 0
0.0508849 0.519901 0
0.049598 0.512583 0
0.0403106 0.505914 0
0.0407826 0.495158 0
0.063697 0.482487 0
0.0318061 0.475133 0
0.0216482 0.476905 0
0 0.380857 0
0.0828382 0.337666 0
0.0981843 0.305616 0
0.106355 0.275834 0
0.120898 0.255978 0
0.132325 0.239479 0
0.154446 0.222371 0
0.176605 0.20774 1
0.200399 0.167039 0
0.22016 0.148883 0
0.243181 0.121384 0
0.27263 0.0892314 0
0.289734 0.0647781 0
0.308302 0.0500389 0
0.333717 0.0306329 0
0.363707 0.0321977 0
0.395768 0.0534683 0
0.419746 0.0546535 0
0.435556 0.0597287 0
0.462892 0.0596439 0
0.485967 0.0633633 0
0.497617 0.0640069 0
0.522408 0.0850771 0
0.554731 0.0882613 0
0.59505 0.0973198 0
0.61368 0.11961 0
0.624897 0.130948 0
0.644599 0.141345 0
0.673665 0.152203 0
0.691388 0.178578 0
0.709162 0.190468 0
0.731201 0.212843 0
0.731277 0.237199 0
0.748014 0.265778 0
0.772656 0.285655 0
0.804031 0.309307 0
0.81644 0.339138 0
0.844559 0.3452 0
0.862467 0.37782 0
0.89439 0.37382 0
0.899406 0.390771 0
0.917972 0.389521 0
0.933292 0.390158 0
0.946884 0.388959 0
0.953681 0.393004 1
0.954085 0.393146 0
0.956081 0.394069 0
0.954344 0.399078 0
0.945802 0.402427 0
0.938206 0.40955 0
0.926698 0.409181 0
0.912889 0.423613 0
0.900408 0.461053 0
0.908304 0.522479 0
0.89909 0.56663 0
0.901083 0.597344 0
0.881674 0.623354 0
0.876092 0.665496 0
0.870165 0.695153 0
0.848356 0.730125 0
0.830588 0.744056 0
0.799488 0.746167 0
0.784122 0.777336 0
0.763452 0.794468 0
0.744876 0.819723 0
0.718095 0.829064 0
0.697974 0.836139 0
0.686621 0.85474 0
0.662749 0.848966 0
0.649308 0.848513 0
0.63005 0.854996 0
0.611126 0.843246 1
0.598639 0.849537 0
0.580275 0.841339 0
0.56207 0.834502 0
0.538194 0.827882 0
0.502588 0.836707 0
0.488894 0.835682 0
0.464989 0.824054 0
0.440174 0.818401 0
0.42157 0.794743 0
0.40951 0.795527 0
0.382314 0.785928 0
0.358117 0.792688 0
0.34124 0.786388 0
0.329572 0.768822 0
0.305415 0.767738 0
0.27383 0.764833 0
0.262029 0.754047 0
0.234552 0.737284 1
0.261342 0.696536 0
0.249904 0.649142 0
0.191466 0.660589 0
0.182991 0.669761 1
0.196895 0.576386 0
0.185945 0.566189 0
0.138751 0.561735 0
0.1291 0.567894 0
0.123076 0.572846 1
0.0933397 0.553077 1
0.0917853 0.544482 0
0.0955709 0.538421 1
0.0963666 0.529262 1
0.0948916 0.53919 0
0.142988 0.48535 0
0.0887699 0.450897 0
0.0865905 0.440777 0
0.0835433 0.438625 1
