0.818158 0.12956 1
0.853197 0.154086 0
0.89596 0.164113 0
0.926161 0.182179 0
0.957674 0.204976 0
0.977246 0.2262 0
0.974441 0.26081 0
0.984206 0.275757 0
0.985403 0.2972 0
0.978687 0.322565 0
1 0.346341 0
0.975616 0.40353 0
0.957113 0.439007 0
0.950931 0.461121 0
0.976054 0.47417 0
0.952643 0.501033 0
0.94174 0.530598 0
0.915275 0.567697 0
0.897144 0.594771 0
0.92946 0.631688 0
0.898569 0.686561 0
0.926248 0.769923 0
0.923941 0.827732 0
0.872045 0.860348 0
0.863058 0.871736 0
0.81278 0.868302 0
0.812011 0.870262 0
0.809449 0.881818 0
0.792258 0.886683 1
0.763143 0.911173 0
0.7723 0.90582 0
0.714242 0.940035 0
0.687058 0.947465 0
0.631317 0.956507 0
0.588777 0.974146 0
0.56458 0.959146 0
0.529178 0.963966 0
0.517804 0.926772 0
0.465513 0.906857 0
0.429057 0.853314 0
0.376669 0.866517 0
0.319478 0.867162 0
0.278783 0.832624 0
0.250004 0.799879 0
0.214417 0.769841 0
0.173459 0.750077 0
0.147048 0.722166 0
0.114048 0.682089 0
0.0886926 0.656913 1
0.0875046 0.652973 0
0.100814 0.631889 0
0.116939 0.591018 0
0.116893 0.543914 0
0.0970774 0.511543 0
0.0849692 0.488854 0
0.0651509 0.465583 0
0.0637455 0.453317 0
0.0623971 0.442453 1
0.0538256 0.421917 0
0.0554729 0.386411 0
0.0707381 0.361684 0
0.0896201 0.342183 0
0.0992349 0.324365 0
0.109548 0.28599 0
0.124045 0.247769 0
0.129572 0.205981 0
0.144283 0.16421 0
0.201914 0.137948 0
0.228224 0.0959859 0
0.251299 0.0837734 0
0.259905 0.072502 0
0.278785 0.0581308 0
0.302333 0.0516156 1
0.329066 0.0418682 0
0.355072 0.0266632 0
0.373166 0.0214076 0
0.387132 0.0104835 0
0.399647 0 0
0.422541 0.000516366 0
0.446396 0.00512746 0
0.468798 0.00347559 0
0.487244 0.0132428 0
0.507406 0.0255185 1
0.546951 0.0376964 0
0.602471 0.00459029 0
0.63962 0.0179781 0
0.679581 0.0433751 0
0.702922 0.0605201 0
0.738609 0.0688508 0
0.77223 0.0891169 0
0.817195 0.106219 0
0.860909 0.157868 0
0.895541 0.186264 0
0.947796 0.169237 0
0.976133 0.202254 0
0.978985 0.235321 0
0.942531 0.286499 0
0.939013 0.329867 0
0.961208 0.352514 0
0.969762 0.376328 1
0.984943 0.39426 0
0.987433 0.419149 0
0.993589 0.445763 0
0.989355 0.484234 0
0.973993 0.5015 0
0.966765 0.526439 0
0.958874 0.549166 0
0.938222 0.578167 0
0.927787 0.616452 0
0.911887 0.644101 0
0.901783 0.68674 0
0.891009 0.71792 0
0.858659 0.741795 0
0.846947 0.798651 1
0.84531 0.80478 0
0.839237 0.813416 0
0.836436 0.820376 0
0.830412 0.82083 0
0.780402 0.812222 0
0.718844 0.889156 0
0.68444 0.931056 0
0.658429 0.943624 0
0.635044 0.947277 0
0.609377 0.937166 0
0.579683 0.945017 0
0.553214 0.931417 0
0.52665 0.92284 0
0.49046 0.922566 0
0.458798 0.909137 0
0.416957 0.909503 1
0.389038 0.89228 0
0.325645 0.885348 0
0.285913 0.880081 0
0.262673 0.852247 0
0.211694 0.838157 0
0.15417 0.811048 0
0.135243 0.748432 0
0.0369302 0.763122 0
0 0.692114 0
0.0159836 0.650154 0
0.0381361 0.619175 0
0.032204 0.607232 0
0.0246527 0.59724 1
