0.565122 0.220402 0
0.56536 0.220147 0
0.563182 0.219498 0
0.56069 0.216993 0
0.562652 0.214709 0
0.563239 0.214424 0
0.560298 0.208545 1
0.565363 0.212655 0
0.566151 0.214154 0
0.563517 0.219674 0
0.550847 0.223775 0
0.545974 0.223716 0
0.544217 0.223398 0
0.522449 0.228612 0
0.4964 0.236929 0
0.535806 0.828399 0
0.642034 0.815598 0
0.642876 0.813776 0
0.643401 0.809972 0
0.642889 0.808422 0
0.643112 0.805208 0
0.642954 0.802796 0
0.644665 0.798904 1
0.645187 0.796706 0
0.645113 0.794396 0
0.644779 0.791369 0
0.644589 0.788743 0
0.644552 0.786871 0
0.64455 0.785227 0
0.644495 0.783515 0
0.644384 0.781829 0
0.644403 0.780352 0
0.644752 0.778607 0
0.644515 0.776811 0
0.644364 0.77476 0
0.644294 0.77319 0
0.644342 0.770525 0
0.644363 0.768762 0
0.644157 0.767229 0
0.643988 0.766302 0
0.643904 0.76339 0
0.64361 0.760991 0
0.643175 0.75917 0
0.643009 0.755962 0
0.642939 0.753324 1
0.642761 0.750558 0
0.64271 0.747364 0
0.642757 0.744492 0
0.642531 0.742396 0
0.642536 0.740048 0
0.642613 0.738239 0
0.642718 0.735097 0
0.643463 0.73391 0
0.644384 0.735306 0
0.643731 0.732294 0
0.641633 0.733502 0
0.627862 0.308329 0
0.630369 0.308442 0
0.632843 0.307295 0
0.634798 0.305546 0
0.63676 0.304927 0
0.639192 0.305043 0
0.642404 0.304722 0
0.645672 0.303562 0
0.648791 0.302415 0
0.651671 0.30144 0
0.654226 0.300213 1
0.656625 0.29918 0
0.659915 0.298942 0
0.664364 0.299843 0
0.667723 0.299612 0
0.670619 0.299244 0
0.675793 0.299503 0
0.68359 0.298746 0
0.684771 0.302028 0
0.688707 0.302854 0
0.693233 0.302906 0
0.697512 0.304555 0
0.702499 0.306328 0
0.706858 0.306401 0
0.711278 0.306234 0
0.716013 0.306798 0
0.720711 0.308235 0
0.726363 0.311028 0
0.733288 0.315659 0
0.740676 0.321671 0
0.747541 0.328146 0
0.753448 0.334648 0
0.760042 0.341856 0
0.766798 0.349184 0
0.772739 0.358234 0
0.778176 0.369272 0
0.782502 0.378083 0
0.786143 0.383627 0
0.78948 0.390338 1
0.792267 0.39811 0
0.7948 0.403681 0
0.797971 0.408571 0
0.802757 0.415451 0
0.807809 0.420004 0
0.813392 0.422471 0
0.82004 0.425837 0
0.826317 0.429417 0
0.834538 0.436409 0
0.845579 0.454831 0
0.854662 0.488385 0
0.858825 0.524288 0
0.859052 0.561253 0
0.854956 0.597882 1
0.850814 0.618745 0
0.8519 0.617666 0
0.854502 0.612546 0
0.856511 0.608371 0
0.858899 0.60035 0
0.86154 0.593766 0
0.863036 0.594622 0
0.863522 0.595475 0
0.864615 0.592391 0
0.866726 0.586247 0
0.869327 0.575894 0
0.871776 0.565114 0
0.872695 0.562458 0
0.872921 0.562628 0
0.873649 0.558375 0
0.874841 0.552207 0
0.876543 0.550242 0
0.876674 0.549298 0
0.877658 0.546761 0
0.879285 0.544817 0
0.881108 0.542343 0
0.882118 0.539522 0
0.882499 0.538156 0
0.885009 0.53422 0
0.887671 0.529136 0
0.890245 0.52378 0
0.891572 0.521224 0
0.892482 0.517695 0
0.89484 0.513117 0
0.897076 0.50732 1
0.898695 0.5028 0
0.900881 0.491478 0
0.902862 0.478509 0
0.903185 0.470494 0
0.902296 0.46052 0
0.900508 0.441386 0
0.896112 0.411635 0
0.889192 0.3823 0
0.878091 0.349808 0
0.865853 0.321651 0
0.851909 0.296377 0
0.828886 0.261128 0
0.795814 0.222006 0
0.745812 0.181417 0
0.709522 0.158146 0
0.691384 0.146262 0
0.665763 0.132271 0
0.65398 0.124212 0
0.64171 0.118229 0
0.625656 0.111274 1
0.612961 0.104846 0
0.606269 0.10131 0
0.600337 0.0991098 0
0.597369 0.0958625 0
0.588259 0.0928524 0
0.582829 0.0904143 0
0.581784 0.0885725 0
0.578504 0.0868908 0
0.576433 0.08472 0
0.58075 0.0824555 0
0.584324 0.0810299 0
0.592832 0.0804857 0
0.610401 0.0811203 0
0.6169 0.0807855 0
0.613109 0.0793694 0
0.605835 0.0778875 0
0.597464 0.076274 0
0.592532 0.0747181 0
0.5951 0.0728361 0
0.590519 0.0720625 0
0.590646 0.0716104 0
0.591422 0.0710932 0
0.593834 0.0702756 0
0.595906 0.0698287 0
0.594839 0.0694257 0
0.59433 0.0687936 0
0.598085 0.0688223 0
0.601836 0.0689439 0
0.601918 0.0680757 0
0.603058 0.0667822 0
0.60559 0.0660441 0
0.606722 0.0656323 0
0.604644 0.0650179 0
0.603907 0.0644044 0
0.601327 0.0636912 0
0.599891 0.063017 0
0.601651 0.0626722 0
0.602534 0.0624829 0
0.603613 0.0622313 0
0.60089 0.0621603 0
0.593448 0.0623795 0
0.589257 0.062689 0
0.590812 0.0630222 0
0.59281 0.0634481 0
0.592927 0.0642438 0
0.591074 0.0648271 0
0.588928 0.0650618 0
0.589395 0.0655125 0
0.587385 0.066498 0
0.581637 0.0677731 0
0.579362 0.0688424 0
0.579323 0.0696676 0
0.578165 0.0705234 0
0.576193 0.0715892 1
0.57382 0.0731388 0
0.572571 0.0744196 0
0.571412 0.0752214 0
0.569835 0.0760924 0
0.569464 0.0769838 0
0.57321 0.0780985 0
0.582804 0.0797235 0
0.582236 0.0808845 0
0.583205 0.0820538 0
0.583605 0.0834304 0
0.588158 0.0853578 0
0.600402 0.0875902 0
0.621141 0.089218 0
0.618551 0.0904116 0
0.610845 0.0912377 0
0.606001 0.0928449 1
0.602345 0.0944898 0
0.59645 0.0959724 0
0.587498 0.0971189 0
0.574374 0.0976361 0
0.566559 0.0982739 0
0.556554 0.099583 0
0.54676 0.100926 0
0.539473 0.101584 0
0.52433 0.10323 0
0.504405 0.106493 0
0.470605 0.11621 0
0.446965 0.12553 0
0.425696 0.134622 0
0.415293 0.139142 0
0.358279 0.173748 0
0.34141 0.186163 0
0.328406 0.195679 0
0.313767 0.208791 0
0.292149 0.231341 0
0.261533 0.270799 0
0.25811 0.275652 0
0.245686 0.292715 0
0.240823 0.297469 0
0.236741 0.303072 0
0.236187 0.302199 0
0.231081 0.310396 1
0.222883 0.323833 0
0.217135 0.331644 0
0.211745 0.339684 0
0.207942 0.343179 0
0.202069 0.35575 0
0.19686 0.366117 0
0.193158 0.370883 0
0.193145 0.36367 0
0.194002 0.359029 0
0.194314 0.353483 0
0.190568 0.358176 0
0.187674 0.360132 0
0.187556 0.353312 0
0.184996 0.357645 0
0.183701 0.356899 0
0.184433 0.352057 0
0.183933 0.349703 0
0.18063 0.35405 0
0.179268 0.355422 0
0.180099 0.349844 0
0.180532 0.343437 0
0.179975 0.34071 0
0.179857 0.33805 0
0.181337 0.331578 0
0.184195 0.321597 0
0.186337 0.313391 1
0.185849 0.310755 0
0.183024 0.314413 0
0.18191 0.316097 0
0.184212 0.309476 0
0.185741 0.303933 0
0.186961 0.300353 0
0.187109 0.300023 0
0.186041 0.301703 0
0.186794 0.300348 0
0.190449 0.294121 0
0.189793 0.29503 0
0.190672 0.291623 0
0.192414 0.287268 0
0.195727 0.2823 0
0.199073 0.276715 0
0.199691 0.275006 0
0.199974 0.275162 0
0.201193 0.274116 0
0.201694 0.274476 0
0.202394 0.275481 0
0.205092 0.272637 0
0.206934 0.27066 0
0.20738 0.270894 0
0.206341 0.272717 0
0.208088 0.271898 0
0.208483 0.27389 0
0.207022 0.277689 0
0.207864 0.275919 0
0.209582 0.273447 0
0.209975 0.273865 0
0.208913 0.276413 0
0.207177 0.280899 0
0.206648 0.28359 0
0.205527 0.286586 0
0.2029 0.292138 0
0.199815 0.299033 0
0.19641 0.305824 0
0.194301 0.309954 0
0.192557 0.315023 0
0.187654 0.328862 0
0.188487 0.33044 0
0.184254 0.343634 0
0.182551 0.351514 0
0.181592 0.358038 0
0.178917 0.368623 0
0.175746 0.380753 0
0.172595 0.395638 0
0.170158 0.409133 0
0.168789 0.419196 0
0.167558 0.430578 1
0.166031 0.444403 0
0.165203 0.45509 0
0.165785 0.458822 0
0.166631 0.462593 0
0.165846 0.479293 0
0.165233 0.495843 0
0.165539 0.50641 0
0.166483 0.507744 1
0.167594 0.511218 0
0.16855 0.519832 0
0.170022 0.526688 0
0.17168 0.535515 0
0.173599 0.551092 0
0.177197 0.575555 0
0.181412 0.596236 0
0.185479 0.606796 0
0.195614 0.637986 0
0.22425 0.709003 1
0.292777 0.806727 0
0.406548 0.886186 0
0.683513 0.908574 0
0.866853 0.788622 0
0.922722 0.698932 0
0.932472 0.673229 0
0.935728 0.661118 0
0.936522 0.656585 1
0.935716 0.657126 0
0.936467 0.655119 0
0.945371 0.622976 0
0.919271 0.709651 0
0.893027 0.763925 0
0.873636 0.793084 0
0.880116 0.784766 0
0.884656 0.777996 0
0.890749 0.767715 0
0.904643 0.742133 0
0.915561 0.717791 0
0.91647 0.714973 0
0.903969 0.743026 0
0.885304 0.777256 0
0.884974 0.778141 0
0.90544 0.742167 0
0.883643 0.782042 0
0.821214 0.860425 0
0.791209 0.886724 0
0.791341 0.886081 0
0.79403 0.883608 0
0.796846 0.881331 0
0.800059 0.878151 0
0.803091 0.876311 1
0.807021 0.873833 0
0.811196 0.870226 0
0.815892 0.867605 0
0.821039 0.864657 0
0.826147 0.86062 0
0.831343 0.857099 0
0.836914 0.853437 0
0.841525 0.849645 0
0.845759 0.84438 0
0.853713 0.838013 1
0.860576 0.83387 0
0.865863 0.830475 0
0.872801 0.824469 0
0.88081 0.816308 0
0.888706 0.807647 0
0.896518 0.798644 1
0.903236 0.790744 0
0.914207 0.77585 0
0.934828 0.741222 0
0.979979 0.573081 0
0.981359 0.490419 0
0.913197 0.268681 0
0.771103 0.118002 0
0.674886 0.07154 0
0.626221 0.0558347 0
0.611845 0.0522316 0
0.588707 0.0486668 0
0.571535 0.0459618 1
0.559539 0.0438327 0
0.556089 0.041216 0
0.556933 0.0385444 0
0.571577 0.0345499 0
0.541193 0.0346934 0
0.538537 0.0328058 0
0.532447 0.0312573 0
0.524993 0.029633 0
0.519284 0.0275108 0
0.520457 0.0240205 0
0.523463 0.0203685 0
0.520617 0.0185878 1
0.515078 0.0175769 0
0.508703 0.0171849 0
0.500731 0.0179977 0
0.496509 0.0177683 0
0.496119 0.0161104 0
0.494855 0.0143447 0
0.490709 0.0135741 0
0.486358 0.0135043 0
0.4834 0.0130835 0
0.478676 0.0127258 0
0.472274 0.0130814 0
0.46708 0.0130833 0
0.463181 0.0129168 0
0.461388 0.012883 0
0.459836 0.0130833 0
0.456755 0.0133952 0
0.44917 0.0156349 0
0.444138 0.0174707 0
0.449377 0.0155996 0
0.458515 0.0125812 0
0.458193 0.0126283 0
0.454425 0.0143262 0
0.450467 0.0157597 0
0.448452 0.0157352 0
0.448076 0.0151307 0
0.446671 0.0154528 0
0.445747 0.0154262 0
0.447934 0.0145664 0
0.44895 0.0148642 0
0.447905 0.015758 0
0.448638 0.0163013 0
0.449743 0.0173673 0
0.460451 0.0150305 0
0.460721 0.015128 0
0.434854 0.0244235 0
0.432273 0.0259618 0
0.428524 0.028277 0
0.428332 0.029412 0
0.423811 0.0325483 0
0.420951 0.034597 0
0.421723 0.0346723 0
0.417717 0.0370957 0
0.412816 0.0404046 0
0.406076 0.0448461 0
0.397551 0.0504659 0
0.39369 0.0539108 0
0.392901 0.0553326 0
0.391673 0.0569107 0
0.385162 0.0619255 0
0.375988 0.0688499 0
0.370523 0.0736932 0
0.360841 0.0809586 0
0.35407 0.0862372 0
0.348915 0.0905649 0
0.340251 0.0973547 0
0.330504 0.105363 0
0.328962 0.106645 0
0.316756 0.118177 1
0.314027 0.121152 0
0.307055 0.128214 0
0.293534 0.1414 0
0.275664 0.159163 0
0.265209 0.169043 0
0.239857 0.199061 1
0.984993 0.689637 0
0.975259 0.718732 1
0.963893 0.749284 0
0.954789 0.769693 0
0.951517 0.776291 0
0.944188 0.791364 1
0.932473 0.811669 0
0.938737 0.800756 0
0.159903 0.338305 0
0.15367 0.355164 0
0.151525 0.360015 0
0.146592 0.375346 1
0.142902 0.388628 0
0.139463 0.402585 0
0.137071 0.41082 0
0.135826 0.414151 0
0.149396 0.363061 0
0.170398 0.309636 1
0.853422 0.915103 0
0.823759 0.941805 1
0.817825 0.947062 0
0.818347 0.947451 0
0.803796 0.958787 0
0.800183 0.961923 1
0.783711 0.97304 0
0.775153 0.978774 0
0.773658 0.980241 0
0.769347 0.982977 0
0.761732 0.987446 0
0.766433 0.984803 0
0.766662 0.984885 0
0.773127 0.982291 0
0.778636 0.979724 0
0.796642 0.967867 0
0.78464 0.97507 0
0.798962 0.965637 0
0.807719 0.959368 0
0.824199 0.947065 1
0.861542 0.91414 0
0.91189 0.856221 0
0.952572 0.791838 0
1 0.662879 1
0.91331 0.216495 0
0.987347 0.364222 0
0.895163 0.192166 0
0.740579 0.0686127 1
0.628793 0.0327308 0
0.582385 0.0274993 0
0.53054 0.0279952 0
0.484957 0.0338858 1
0.486565 0.0333481 0
0.468401 0.0371195 0
0.458105 0.0393231 0
0.459384 0.0391919 0
0.443059 0.0439284 0
0.419623 0.051355 0
0.407789 0.0561204 0
0.398665 0.0606652 0
0.390491 0.0649144 0
0.392624 0.0643464 0
0.392283 0.0642564 0
0.390404 0.065341 0
0.387705 0.0668698 0
0.383 0.0687557 0
0.400241 0.0621027 0
0.411022 0.058329 0
0.424373 0.0539261 0
0.433646 0.0506804 0
0.434974 0.0508001 0
0.4387 0.0511394 1
0.459382 0.0462118 0
0.471863 0.0438788 0
0.481072 0.0428171 0
0.487739 0.0424194 0
0.482404 0.0445298 0
0.466531 0.0490851 0
0.473658 0.0482197 0
0.49761 0.0446303 0
0.494578 0.0465146 0
0.491838 0.0481377 0
0.494993 0.0484282 0
0.48465 0.0514635 0
0.446834 0.0622609 0
0.435894 0.0666897 0
0.441011 0.0660024 0
0.454451 0.0630508 0
0.534301 0.0496845 0
0.579444 0.05103 0
0.660324 0.0641309 0
0.695357 0.0754039 0
0.760744 0.107226 0
0.85244 0.180801 1
0.923428 0.277703 0
0.986419 0.482103 0
0.983271 0.607393 0
0.961322 0.699117 0
0.933891 0.765755 0
0.898576 0.825464 1
0.858247 0.874495 0
0.827932 0.902993 0
0.806997 0.919502 0
0.783374 0.935265 0
0.763191 0.946574 0
0.757072 0.949821 0
0.752433 0.951778 0
0.731719 0.960683 0
0.712663 0.967953 0
0.710033 0.967575 0
0.714104 0.964495 0
0.722709 0.959226 0
0.728281 0.956205 0
0.724139 0.957408 0
0.730508 0.953466 0
0.727089 0.953518 0
0.735859 0.948909 0
0.737117 0.948378 0
0.741084 0.945961 0
0.745378 0.942856 0
0.750582 0.939643 0
0.756306 0.936359 0
0.760955 0.932552 0
0.764816 0.92894 0
0.769308 0.9261 0
0.774471 0.922662 1
0.790239 0.909994 0
0.792031 0.908188 0
0.8019 0.900229 0
0.813181 0.88975 0
0.829997 0.874977 0
0.816604 0.888315 0
0.834445 0.871153 0
0.830796 0.876043 0
0.848894 0.8577 0
0.863843 0.842028 0
0.872679 0.830886 0
0.888642 0.810571 0
0.899729 0.794314 0
0.916282 0.767676 0
0.931711 0.737004 0
0.968091 0.617832 0
0.975939 0.550731 0
0.976656 0.51012 0
0.962814 0.405076 0
0.933138 0.316829 1
0.934465 0.318416 0
0.955244 0.366 0
0.946367 0.337556 0
0.93757 0.314781 0
0.927968 0.291263 0
0.921355 0.275187 0
0.921496 0.271696 0
0.927433 0.276629 0
0.944408 0.30552 0
0.948103 0.307109 0
0.941103 0.286694 0
0.921535 0.248042 0
0.882694 0.191884 0
0.748211 0.0812923 1
0.806664 0.113895 0
0.775565 0.0895949 0
0.582827 0.0276447 0
0.487935 0.0317814 0
0.534222 0.0220621 0
0.59772 0.0185624 0
0.622752 0.0184467 0
0.620785 0.0156254 0
0.611944 0.0115413 0
0.587381 0.0065331 0
0.545411 0.00331283 0
0.531119 0 0
0.48106 0.00409775 0
0.472852 0.00241756 1
0.448674 0.004553 0
0.406958 0.0148469 0
0.379842 0.0223307 0
0.351251 0.0334187 0
0.279116 0.0784831 0
0.194686 0.156897 0
0.109737 0.293774 0
0.0852688 0.356038 0
0.119111 0.262574 0
0.0588684 0.460555 0
0.0549329 0.463563 0
0.0535542 0.448794 0
0.0511813 0.448459 0
0.0485818 0.44938 1
0.0467044 0.447222 0
0.0440066 0.445574 0
0.0432524 0.434075 0
0.0422769 0.43786 0
0.0466582 0.39518 0
0.0507151 0.365707 0
0.0475192 0.369184 0
0.0448282 0.375342 0
0.0416437 0.382366 0
0.0388539 0.388513 0
0.0331053 0.39444 0
0.0307139 0.397904 0
0.0276916 0.400704 0
0.0250758 0.403902 0
0.0232175 0.406229 0
0.0239806 0.408264 0
0.0232898 0.410435 0
0.0215761 0.413114 0
0.0196937 0.41523 0
0.0176638 0.417306 0
0.0155682 0.419621 0
0.0137346 0.422084 0
0.01245 0.424493 0
0.011497 0.426515 0
0.0101428 0.428563 0
0.00871951 0.43044 0
0.007848 0.43271 0
0.00715569 0.434362 0
0.00626502 0.435212 0
0.00537542 0.436223 0
0.00429503 0.437985 0
0.00352637 0.439594 0
0.00285092 0.441905 0
0.00175535 0.44381 1
0.00136065 0.444547 0
0.00149619 0.44634 0
0.00123076 0.447749 0
0.00096244 0.449132 0
0.00101486 0.451312 0
0.000532726 0.452423 0
0 0.452941 0
0.000134982 0.455378 0
0.000265978 0.457853 0
0.00031071 0.45931 0
0.000482419 0.460375 0
0.000709256 0.461451 0
0.00079532 0.463979 0
0.000823104 0.466433 0
0.00118522 0.468412 0
0.00143666 0.469785 0
0.00154355 0.473801 0
0.00150809 0.480054 0
0.00195483 0.483745 0
0.00232039 0.487882 0
0.00240309 0.493122 0
0.00239362 0.496572 0
0.0025287 0.502785 0
0.00330431 0.501374 0
0.00321011 0.510884 0
0.0039875 0.509933 0
0.00441414 0.516494 0
0.00496666 0.521728 0
0.00567754 0.525749 0
0.00655996 0.528231 0
0.00706115 0.52908 0
0.00797189 0.532011 0
0.00790015 0.536573 0
0.00867683 0.542988 0
0.00924433 0.548253 0
0.00973145 0.554787 0
0.0102367 0.562632 0
0.0112558 0.568236 0
0.0126128 0.573962 0
0.0132789 0.580392 0
0.0136657 0.588131 0
0.0146008 0.595099 0
0.0157732 0.600894 0
0.0172272 0.604312 0
0.0191113 0.613508 0
0.019392 0.619408 0
0.0203152 0.629109 0
0.0212557 0.63281 0
0.0224274 0.636015 0
0.0235715 0.639127 0
0.0250072 0.644414 0
0.0267497 0.651265 0
0.0278459 0.654812 0
0.029247 0.660317 0
0.031152 0.665826 0
0.0327841 0.669618 0
0.0342194 0.672811 0
0.0366996 0.675702 0
0.0396702 0.679003 0
0.0427575 0.685993 1
0.044832 0.689262 0
0.0458888 0.69037 0
0.0476336 0.692787 0
0.0505566 0.701046 0
0.0520325 0.705055 0
0.0535817 0.707876 0
0.0563991 0.714582 0
0.059372 0.720436 0
0.0619249 0.724779 0
0.0634481 0.728238 0
0.0658649 0.731664 0
0.0677919 0.733883 0
0.0714081 0.743305 0
0.0731714 0.748418 0
0.0744778 0.753603 0
0.0751365 0.757143 0
0.0770217 0.759551 0
0.0802532 0.765722 0
0.0813119 0.767831 0
0.0822239 0.768799 0
0.0853551 0.775088 0
0.0874751 0.781097 0
0.0886271 0.785413 0
0.0894661 0.78843 0
0.091196 0.791849 0
0.0916636 0.791982 0
0.0931277 0.7946 0
0.0942874 0.796862 0
0.0959911 0.801956 0
0.0979158 0.80931 0
0.0998304 0.814698 0
0.100934 0.817469 0
0.102627 0.821945 0
0.104374 0.826304 0
0.106238 0.82979 0
0.107702 0.832325 0
0.108743 0.834309 0
0.11069 0.838676 0
0.112387 0.842383 0
0.113257 0.843686 0
0.114202 0.843821 0
0.115028 0.844138 0
0.117671 0.849049 0
0.119037 0.851288 0
0.119253 0.850775 0
0.118413 0.848454 0
0.12436 0.858062 0
0.12796 0.863133 0
0.129704 0.864947 0
0.131634 0.867265 0
0.135088 0.871846 0
0.136028 0.871654 0
0.138918 0.87445 0
0.142492 0.878758 0
0.143427 0.878302 0
0.148734 0.885154 0
0.150593 0.886772 0
0.151829 0.888494 0
0.153946 0.889752 0
0.158523 0.893192 1
0.162988 0.898196 0
0.164985 0.900142 0
0.165187 0.898441 0
0.168522 0.901205 0
0.170025 0.901636 0
0.176808 0.908564 0
0.18079 0.912412 0
0.183762 0.914777 0
0.187171 0.916501 0
0.187011 0.917747 0
0.195353 0.922189 0
0.197922 0.922829 0
0.207453 0.931882 0
0.214036 0.937274 0
0.220174 0.94215 0
0.22582 0.945563 0
0.222695 0.938912 0
0.232332 0.946666 0
0.238074 0.949777 0
0.240044 0.949311 0
0.245836 0.952607 0
0.254493 0.958169 0
0.260694 0.961306 0
0.268517 0.965979 0
0.275203 0.970088 0
0.276409 0.969039 0
0.27727 0.967985 0
0.278235 0.966432 0
0.284812 0.969717 0
0.284021 0.967023 0
0.293566 0.973418 0
0.306662 0.980684 1
0.313033 0.980933 0
0.322504 0.984838 0
0.331896 0.988525 0
0.332498 0.985975 0
0.33551 0.985155 0
0.342184 0.986579 0
0.357177 0.992918 0
0.362778 0.993002 0
0.366644 0.992376 0
0.363371 0.989952 0
0.376353 0.997879 0
0.386403 0.996702 0
0.381784 0.991291 0
0.397726 0.995014 0
0.407791 0.99763 0
0.415785 0.999703 0
0.419999 0.999712 0
0.421356 0.998161 0
0.429481 0.999266 0
0.439002 1 0
0.446641 0.999833 0
0.4521 0.998937 0
0.458394 0.998552 0
0.462246 0.997284 0
0.462816 0.995175 0
0.471623 0.995074 0
0.473769 0.993136 0
0.476175 0.991349 0
0.485513 0.992155 0
0.493973 0.993323 1
0.49578 0.990267 0
0.496791 0.988128 0
0.503575 0.98759 0
0.510706 0.987433 0
0.514526 0.985579 0
0.517535 0.983327 0
0.522926 0.981876 0
0.528949 0.980491 0
0.533746 0.97881 0
0.536266 0.978097 0
0.54042 0.976898 0
0.544595 0.974701 0
0.548461 0.971972 0
0.554961 0.969846 0
0.562528 0.968257 0
0.569673 0.967359 0
0.576514 0.965899 0
0.583997 0.96297 0
0.591592 0.959774 0
0.601537 0.95622 0
0.60368 0.951783 0
0.614964 0.950759 1
0.621433 0.948908 0
0.629211 0.944528 0
0.637653 0.939302 0
0.645384 0.934845 0
0.651436 0.9311 0
0.658982 0.926568 0
0.667251 0.921521 0
0.675379 0.916368 0
0.684502 0.910126 0
0.693203 0.903538 0
0.699806 0.898711 0
0.706276 0.894776 0
0.712989 0.890044 0
0.719112 0.885104 0
0.72667 0.878664 0
0.734328 0.870782 1
0.740018 0.864303 0
0.744508 0.859222 0
0.749448 0.853641 0
0.753367 0.847997 0
0.755356 0.843475 0
0.752885 0.84286 0
0.761002 0.832142 0
0.769042 0.820009 0
0.774467 0.808394 0
0.762888 0.826922 0
0.770215 0.817596 0
0.774225 0.812654 0
0.780947 0.801099 0
0.788966 0.7838 0
0.791472 0.776968 0
0.793063 0.77204 0
0.796425 0.763768 0
0.7996 0.755498 0
0.804788 0.740558 0
0.810075 0.72013 0
0.809904 0.719359 0
0.814867 0.699765 0
0.814035 0.702948 0
0.816674 0.689231 0
0.819938 0.66542 0
0.818032 0.674602 0
0.821291 0.657376 0
0.824169 0.638255 1
0.825327 0.610018 0
0.82488 0.582998 0
0.82364 0.565815 0
0.822481 0.55154 0
0.82032 0.538234 0
0.816356 0.521219 0
0.812061 0.506848 0
0.807719 0.490578 0
0.802648 0.475974 0
0.796908 0.464613 0
0.790353 0.452677 0
0.782967 0.440519 0
0.772893 0.42535 0
0.761333 0.409357 0
0.749215 0.393708 0
0.73701 0.379942 0
0.71853 0.364263 0
0.694536 0.353171 0
0.681809 0.343297 0
0.672163 0.34315 1
0.664985 0.336358 0
0.658817 0.334574 0
0.64505 0.332206 0
0.639926 0.334981 0
0.636809 0.336861 0
0.621306 0.337688 0
0.602821 0.33797 0
0.586915 0.341953 0
0.594952 0.342964 0
0.591151 0.344363 0
0.57021 0.345963 0
0.565543 0.34709 0
0.563618 0.351476 0
0.552878 0.358558 0
0.542633 0.369051 0
0.548445 0.37973 0
0.540875 0.385866 0
0.500361 0.419141 0
0.495576 0.431097 0
0.487384 0.453671 0
0.489587 0.462724 0
0.497243 0.474792 0
0.491932 0.495474 0
0.497727 0.501586 1
0.505383 0.512142 0
0.501171 0.518155 0
0.524112 0.533139 0
0.519242 0.531373 0
0.522567 0.532098 0
0.532147 0.534373 0
0.539325 0.535503 0
0.545583 0.538214 0
0.551373 0.537764 0
0.557092 0.538588 0
0.561385 0.539112 0
0.563759 0.538835 0
0.56539 0.538863 0
0.566127 0.538887 0
0.56635 0.538872 0
0.56643 0.538866 0
0.566462 0.538866 0
0.566467 0.538865 0
0.566468 0.538865 0
0.566468 0.538865 0
0.566469 0.538865 0
0.566469 0.538865 0
0.566469 0.538865 0
0.566469 0.538865 0
0.566469 0.538865 0
0.566469 0.538865 0
0.566469 0.538865 0
0.566469 0.538865 0
0.566469 0.538865 0
0.566469 0.538865 0
0.566469 0.538865 0
0.566469 0.538865 0
0.566469 0.538865 0
0.566469 0.538865 0
0.566469 0.538865 0
0.566469 0.538865 0
