0.889942 0.266669 0
0.87423 0.217055 0
0.873906 0.196224 0
0.900351 0.204752 0
0.911569 0.182091 0
0.911307 0.179755 0
0.905768 0.171064 0
0.904424 0.168093 0
0.90666 0.172269 0
0.905284 0.170246 0
0.899795 0.162906 0
0.898338 0.159449 0
0.89759 0.157984 1
0.888455 0.150835 0
0.871859 0.143265 0
0.863375 0.135955 0
0.851624 0.13568 0
0.837578 0.141182 0
0.822856 0.139051 0
0.814014 0.138226 0
0.796179 0.135248 0
0.778943 0.140771 0
0.764786 0.147858 0
0.739671 0.150805 0
0.724096 0.153451 0
0.709013 0.155215 0
0.697943 0.179311 0
0.675574 0.177614 0
0.660602 0.185107 0
0.67098 0.230157 0
0.590552 0.0366104 0
0.517253 0.020987 0
0.0406113 0.192941 0
0.0721935 0.168844 0
0.0696591 0.192375 0
0.0625327 0.197915 0
0.0961591 0.225882 0
0.117879 0.244071 0
0.340575 0.315823 0
0.311487 0.313792 0
0.111805 0.335554 0
0.117678 0.335354 0
0.117051 0.367747 0
0.0951982 0.398871 0
0.114815 0.434028 0
0.101635 0.449673 0
0.0902259 0.473556 0
0.0913703 0.495775 0
0.0875065 0.513118 0
0.0884098 0.527954 0
0.0793765 0.548741 0
0.0748555 0.563259 0
0.0810682 0.580509 1
0.0744957 0.581592 0
0.050463 0.578358 0
0.031473 0.590547 0
0.00467945 0.606202 0
0 0.646068 0
0.0848122 0.767219 0
0.6171 0.891709 0
0.672503 0.818091 0
0.696959 0.797064 0
0.702385 0.798269 0
0.706391 0.800137 0
0.712102 0.799062 0
0.713436 0.802766 0
0.71799 0.803153 0
0.721641 0.803199 0
0.720369 0.805317 1
0.718675 0.811201 0
0.727407 0.827347 0
0.725877 0.84133 0
0.715115 0.844377 0
0.716021 0.874209 0
0.70717 0.874397 0
0.698676 0.887405 0
0.678532 0.904456 0
0.662682 0.915197 0
0.648584 0.915649 0
0.611114 0.933826 0
0.598671 0.915965 0
0.566148 0.922744 0
0.524191 0.913327 0
0.514403 0.90227 0
0.490053 0.885988 0
0.481488 0.877342 0
0.473717 0.871115 0
0.472705 0.858738 0
0.474364 0.844208 1
0.488232 0.843369 0
0.481742 0.829433 0
0.490858 0.82586 0
0.487387 0.817875 0
0.489875 0.812378 0
0.495694 0.806133 0
0.502462 0.804131 0
0.50668 0.79666 0
0.509353 0.786265 0
0.510122 0.780906 0
0.601731 0.761059 0
0.605293 0.745293 0
0.61556 0.720931 0
0.618512 0.706904 0
0.642874 0.686391 0
0.675121 0.67038 0
0.68763 0.647948 0
0.710146 0.639336 0
0.72602 0.633627 0
0.742402 0.634656 0
0.750308 0.625737 0
0.763231 0.626262 0
0.775839 0.628179 0
0.780387 0.623995 1
0.787582 0.614403 0
0.793906 0.603789 0
0.806599 0.59901 0
0.816716 0.582914 0
0.826534 0.575816 0
0.836404 0.568538 0
0.847194 0.559169 0
0.856406 0.555532 0
0.866181 0.551745 0
0.876336 0.540136 0
0.886116 0.535966 0
0.900179 0.528247 0
0.906899 0.489559 0
0.924073 0.458314 0
0.973153 0.469157 0
0.999661 0.447781 0
0.999187 0.438612 0
1 0.446047 0
0.97847 0.439417 0
0.927613 0.396791 0
0.889116 0.331406 0
0.869246 0.327877 0
0.851406 0.326258 0
0.821135 0.278108 0
0.795247 0.242371 0
0.787554 0.249366 0
0.759462 0.199702 0
0.749392 0.181964 0
0.724167 0.176321 0
0.713198 0.164123 0
0.692421 0.156654 0
0.667576 0.154196 0
0.651066 0.14835 0
0.637002 0.151239 1
0.638683 0.157997 0
0.611659 0.133605 0
0.568262 0.0693987 0
0.244736 0.0890299 0
0.197385 0.15115 0
0.223961 0.16295 0
0.253416 0.181432 0
0.267968 0.199028 0
0.272354 0.215462 0
0.285859 0.234848 0
0.278046 0.261904 0
0.262787 0.282876 0
0.249784 0.293041 0
0.243191 0.315664 1
0.242614 0.342152 0
0.225789 0.368467 0
0.205222 0.380253 0
0.186846 0.402485 0
0.161821 0.418273 0
0.166767 0.447618 0
0.184994 0.481797 0
0.175479 0.57609 0
0.14978 0.606622 0
0.136664 0.61752 0
0.103117 0.612054 0
0.0960725 0.612868 1
0.089313 0.641074 0
0.0859011 0.666667 0
0.0826502 0.689488 0
0.0674895 0.71272 0
0.0672817 0.743927 0
0.0672292 0.75608 0
0.072683 0.789361 0
0.0770203 0.808153 0
0.0790789 0.828454 0
0.0964377 0.848527 0
0.106029 0.86335 0
0.109592 0.869972 1
0.109162 0.877303 0
0.111913 0.882636 0
0.11377 0.890749 0
0.118161 0.891056 0
0.118453 0.898147 0
0.128849 0.917408 0
0.139745 0.925329 0
0.147057 0.920383 0
0.159374 0.929509 0
0.153869 0.928033 0
0.146952 0.892522 0
0.682695 0.812381 0
0.166995 0.881484 0
0.194491 0.913853 0
0.217278 0.917643 0
0.229665 0.908622 0
0.238123 0.902644 0
0.244783 0.897156 0
0.245542 0.893405 0
0.244863 0.890497 1
0.247821 0.88703 0
0.257835 0.883479 0
0.268892 0.865981 0
0.284334 0.852188 0
0.308359 0.828931 0
0.341507 0.804767 0
0.403077 0.781854 0
0.455637 0.778268 0
0.472021 0.774767 0
0.455492 0.76035 0
0.506005 0.776347 0
0.510194 0.772373 0
0.472367 0.737826 0
0.521699 0.764623 0
0.524642 0.762139 0
0.539833 0.763181 0
0.521433 0.741105 0
0.54535 0.753732 0
0.552859 0.756702 0
0.557897 0.754614 1
0.564021 0.720257 0
0.556971 0.731639 0
0.574357 0.708738 0
0.641456 0.612018 0
0.702053 0.593105 0
0.703784 0.56302 0
0.74184 0.552214 0
0.84811 0.605671 0
0.860591 0.606334 0
0.873289 0.606631 0
0.884 0.600579 0
0.894368 0.592519 0
0.903381 0.583643 0
0.905046 0.576635 0
0.91071 0.570563 0
0.914426 0.561794 0
0.920421 0.553793 0
0.928773 0.552218 0
0.936828 0.548179 0
0.939891 0.544865 1
0.94049 0.537505 0
0.936707 0.533428 0
0.932565 0.524994 0
0.936801 0.500245 0
0.929172 0.496875 0
0.918342 0.499533 0
0.909854 0.463886 0
0.895226 0.436088 0
0.874995 0.401682 0
0.814738 0.320709 0
0.772644 0.264198 0
0.763119 0.188253 0
0.7275 0.156729 0
0.719956 0.133535 0
0.691042 0.12191 0
0.675568 0.120271 0
0.659947 0.118611 0
0.645619 0.0719362 0
0.609165 0.0579528 0
0.554395 0.0122799 0
0.0539331 0 0
0.0202135 0.0958852 0
0.0198961 0.122593 0
0.0192463 0.135898 1
0.0782572 0.127864 0
0.101095 0.149053 0
0.444166 0.12999 0
0.0968998 0.174962 0
0.567649 0.173286 0
0.578735 0.163305 1
0.568547 0.174455 0
0.53593 0.18809 0
0.548285 0.18711 0
0.451576 0.246555 0
0.427892 0.271766 0
0.395619 0.303399 0
0.391568 0.324602 0
0.364272 0.358476 0
0.132873 0.41458 0
0.147117 0.448691 0
0.165873 0.484707 0
0.177128 0.51697 0
0.150404 0.520632 0
0.14287 0.553076 0
0.130195 0.588281 0
0.109908 0.594003 0
0.129805 0.580944 0
0.109241 0.695981 0
0.125592 0.761624 0
0.129931 0.784612 0
0.122139 0.808184 0
0.0941089 0.809829 0
0.332773 0.680949 0
