0.225913 0.814339 0
0.230393 0.818981 0
0.225342 0.814247 0
0.22625 0.814709 0
0.226779 0.81535 0
0.226738 0.815065 0
0.227112 0.815956 0
0.226895 0.815731 0
0.226958 0.816091 0
0.225268 0.814855 0
0.225347 0.815954 0
0.225406 0.816155 0
0.226838 0.817224 0
0.227005 0.816325 0
0.227097 0.817003 0
0.227228 0.818297 0
0.227349 0.81849 0
0.227423 0.818185 0
0.227473 0.818533 0
0.227708 0.818999 0
0.227581 0.818319 0
0.188631 0.243727 0
0.209854 0.218853 0
0.205887 0.794522 0
0.223064 0.812744 0
0.100892 0.558283 0
0.216071 0.806019 0
0.227368 0.818566 0
0.211736 0.215928 0
0.229429 0.819479 0
0.229035 0.818856 0
0.22972 0.819701 0
0.231099 0.821049 0
0.210966 0.800656 0
0.229521 0.818656 0
0.22736 0.816705 0
0.171082 0.749608 0
0.227366 0.81779 0
0.22792 0.81823 0
0.227871 0.8187 0
0.227699 0.81885 0
0.228439 0.819537 0
0.227353 0.818791 0
0.228244 0.819124 0
0.226204 0.817596 0
0.226537 0.817751 0
0.217888 0.809637 0
0.226554 0.817847 0
0.155797 0.290485 0
0.231599 0.82266 0
0.231436 0.82239 0
0.236055 0.826487 0
0.237095 0.826842 0
0.207848 0.797798 0
0.233493 0.823579 0
0.239229 0.827531 0
0.240129 0.826871 0
0.24178 0.827814 0
0.243133 0.828706 0
0.244595 0.829879 0
0.244955 0.829849 0
0.244836 0.829081 0
0.246633 0.830483 0
0.246914 0.830856 0
0.244439 0.827697 0
0.248014 0.829246 0
0.247112 0.827598 0
0.247334 0.827599 0
0.250264 0.829342 0
0.254777 0.83249 0
0.252863 0.829894 0
0.252767 0.828887 0
0.253045 0.82847 0
0.250891 0.825892 0
0.251098 0.825971 0
0.250213 0.827617 0
0.250892 0.827896 1
0.248732 0.825445 0
0.248288 0.824897 0
0.246424 0.822986 0
0.245864 0.820938 0
0.24418 0.81834 0
0.244972 0.818553 0
0.24883 0.820449 0
0.250162 0.820714 0
0.250674 0.820221 0
0.249477 0.818189 0
0.247728 0.815573 0
0.247789 0.815 0
0.247777 0.814844 0
0.245907 0.812676 0
0.242909 0.809595 0
0.241605 0.808522 0
0.24146 0.807677 0
0.241267 0.807061 0
0.241568 0.806966 0
0.241527 0.806381 0
0.2394 0.805132 0
0.239103 0.806118 0
0.236872 0.805489 0
0.234222 0.804075 0
0.232332 0.803235 0
0.229436 0.802167 0
0.226401 0.801039 0
0.223987 0.800619 0
0.222034 0.799939 0
0.220739 0.801148 0
0.221521 0.803315 0
0.220228 0.804046 0
0.218349 0.804512 0
0.218096 0.805563 0
0.216776 0.805516 0
0.214765 0.804165 0
0.215784 0.808814 0
0.213677 0.80868 0
0.214087 0.809123 0
0.213839 0.811689 1
0.213334 0.814889 0
0.210754 0.814474 0
0.208978 0.814732 0
0.207263 0.816188 0
0.204681 0.817052 0
0.201822 0.817504 0
0.195869 0.814344 0
0.205233 0.189192 0
0.2213 0.170277 0
0.220505 0.166873 0
0.219754 0.163692 0
0.219485 0.159537 0
0.217319 0.156895 0
0.213455 0.154611 0
0.211486 0.150574 0
0.206575 0.150498 0
0.204186 0.148105 0
0.201482 0.145699 1
0.201187 0.141869 0
0.200835 0.139341 0
0.199903 0.137175 0
0.198583 0.135791 0
0.197971 0.134045 0
0.197631 0.132948 0
0.19812 0.131747 0
0.198971 0.130977 0
0.198842 0.130838 0
0.2007 0.130536 0
0.203922 0.130156 0
0.202581 0.132061 0
0.205089 0.132292 0
0.208601 0.132269 0
0.214004 0.131532 0
0.217636 0.131128 0
0.220981 0.131436 0
0.226181 0.130677 0
0.233688 0.128792 0
0.243316 0.125866 0
0.248778 0.125021 0
0.255572 0.123661 0
0.264765 0.121286 0
0.272221 0.11996 0
0.27779 0.118949 0
0.287876 0.118645 0
0.293485 0.115813 0
0.302607 0.11211 1
0.313909 0.10725 0
0.33566 0.0982937 0
0.377064 0.0847579 0
0.371272 0.0880527 0
0.368084 0.0900633 0
0.344823 0.0992575 0
0.316919 0.113415 0
0.302697 0.122302 0
0.291534 0.128584 0
0.280239 0.132922 0
0.280621 0.133584 0
0.284093 0.133681 0
0.293056 0.130899 0
0.316687 0.120902 0
0.289533 0.138679 0
0.132579 0.69785 0
0.132635 0.692843 0
0.135001 0.692832 0
0.13371 0.686941 0
0.134141 0.680975 0
0.136403 0.678537 0
0.136137 0.668615 0
0.136855 0.660718 0
0.140195 0.659934 1
0.141147 0.656942 0
0.139211 0.645951 0
0.138992 0.637488 0
0.139699 0.632802 0
0.129203 0.615188 0
0.136006 0.621051 0
0.134341 0.616517 0
0.134156 0.616803 0
0.132804 0.614746 0
0.127295 0.601459 0
0.123744 0.588435 0
0.122327 0.585742 0
0.124908 0.598525 0
0.137759 0.636112 0
0.141679 0.641309 0
0.145966 0.644915 0
0.144304 0.644349 0
0.142198 0.649502 0
0.153121 0.660755 0
0.144752 0.673811 1
0.14472 0.682531 0
0.146503 0.696996 0
0.147912 0.708665 0
0.147499 0.715149 0
0.146019 0.719132 0
0.14621 0.728227 0
0.368575 0.0957034 0
0.461425 0.0783809 0
0.462387 0.0763355 0
0.436578 0.0763792 1
0.413575 0.0785798 0
0.385632 0.0836229 0
0.357819 0.0904036 0
0.34096 0.0952681 0
0.340542 0.0954779 0
0.325138 0.100016 0
0.126739 0.731119 0
0.126154 0.731637 0
0.121869 0.727074 0
0.12056 0.72708 1
0.278106 0.118522 0
0.12986 0.743929 0
0.171124 0.213679 0
0.264515 0.128672 0
0.27216 0.121874 0
0.276392 0.117586 1
0.280224 0.112923 0
0.279187 0.104027 0
0.279983 0.109351 0
0.26899 0.110842 0
0.273972 0.107806 0
0.395985 0.058029 0
0.253095 0.12351 0
0.127094 0.772959 0
0.199373 0.165744 0
0.188381 0.180837 0
0.18237 0.188868 0
0.178236 0.197125 0
0.288763 0.11275 0
0.214797 0.166935 0
0.101002 0.685233 0
0.159271 0.7846 0
0.173612 0.800133 0
0.178338 0.809227 0
0.185274 0.816176 0
0.184308 0.818565 0
0.187514 0.823115 0
0.184907 0.82408 0
0.188081 0.828538 0
0.188312 0.832434 0
0.186556 0.836 0
0.182959 0.838135 0
0.183399 0.84182 0
0.183371 0.845432 0
0.181422 0.844524 0
0.187094 0.849014 1
0.182006 0.850693 0
0.182943 0.850007 0
0.180448 0.850748 0
0.178348 0.851754 0
0.180661 0.853888 0
0.178845 0.849519 0
0.173447 0.844854 0
0.175707 0.844009 0
0.181527 0.849771 0
0.176536 0.844584 0
0.181559 0.848549 0
0.184589 0.851254 0
0.180053 0.851227 0
0.180327 0.852022 1
0.17673 0.848689 0
0.173864 0.842121 0
0.164277 0.829853 0
0.14416 0.798945 0
0.134761 0.778143 0
0.128863 0.760315 0
0.120135 0.741519 0
0.108322 0.716708 0
0.436063 0.0555382 0
0.536098 0.0543419 0
0.0825502 0.36753 0
0.0939909 0.332054 0
0.0602463 0.474122 0
0.0618804 0.575357 0
0.0611638 0.579373 0
0.0576445 0.575264 0
0.0573196 0.597554 0
0.0479858 0.559303 0
0.0771302 0.319952 0
0.443255 0.0342325 0
0.386293 0.0424233 0
0.334082 0.0570605 1
0.259922 0.0915962 0
0.220837 0.114434 0
0.191149 0.135394 0
0.135449 0.191448 0
0.0834742 0.266413 0
0.0311018 0.601588 0
0.0660812 0.720047 0
0.0592787 0.713091 0
0.0579337 0.716233 0
0.0502969 0.276765 0
0.0526391 0.271259 0
0.0374991 0.302778 0
0.0115148 0.381369 0
0 0.56179 0
0.0187087 0.659893 0
0.0375205 0.713699 0
0.0497589 0.74221 0
0.0575588 0.760427 0
0.0627298 0.772381 0
0.0668017 0.780884 0
0.0713265 0.788882 0
0.075442 0.797125 0
0.0810702 0.807044 0
0.0859398 0.81433 1
0.0891645 0.819897 0
0.0957115 0.829706 0
0.101401 0.838569 0
0.105782 0.845693 0
0.11296 0.854386 0
0.119786 0.861495 0
0.12631 0.867372 0
0.132345 0.872512 0
0.12188 0.859824 0
0.146999 0.885788 0
0.155789 0.891319 0
0.176663 0.907854 1
0.303585 0.986986 0
0.646687 1 1
0.969597 0.378875 0
0.837253 0.141424 1
0.55594 0 0
0.396324 0.0104681 0
0.314422 0.0408782 0
0.263359 0.0712352 1
0.206627 0.117308 0
0.116889 0.221735 0
0.0364677 0.450759 0
0.0467757 0.604245 0
0.0556436 0.631305 0
0.0554472 0.62436 0
0.056503 0.618641 0
0.0539924 0.60538 0
0.0482004 0.566056 0
0.25131 0.108302 0
0.0487389 0.556491 0
0.276429 0.0933502 0
0.260379 0.103195 0
0.245804 0.111943 0
0.231246 0.121112 0
0.21571 0.132692 0
0.198615 0.1479 0
0.184503 0.16073 0
0.16875 0.179054 0
0.151681 0.201736 1
0.137672 0.226203 0
0.124822 0.253926 0
0.0968115 0.313386 0
0.0634023 0.568169 0
0.0715485 0.595416 0
0.0743389 0.597235 0
0.0785117 0.606315 0
0.0819097 0.611416 0
0.0855585 0.614401 0
0.089363 0.619961 0
0.0918242 0.623165 0
0.0928233 0.624034 0
0.0938392 0.622799 0
0.0937094 0.611473 1
0.0900136 0.595709 0
0.0843416 0.552533 0
0.079926 0.511092 0
0.0858087 0.431156 0
0.105679 0.340764 0
0.147992 0.243773 0
0.21382 0.157524 0
0.244233 0.12446 0
0.268321 0.102311 0
0.285159 0.0916213 1
0.305823 0.0796267 0
0.328123 0.0660509 0
0.367863 0.0486018 0
0.484068 0.0278446 0
0.734363 0.0964415 0
0.640084 0.0520053 1
0.702084 0.0767675 0
0.499568 0.0240032 0
0.555313 0.0292489 0
0.518785 0.0281173 0
0.68216 0.070973 0
0.699482 0.0825603 0
0.695437 0.0795457 0
0.570369 0.0386657 0
0.602939 0.0464708 0
0.604293 0.0462075 1
0.6044 0.0488113 0
0.609462 0.0498679 0
0.588372 0.052432 0
0.592264 0.0526131 0
0.59529 0.0508749 0
0.598432 0.0493119 0
0.5936 0.0458765 0
0.590785 0.0467206 0
0.576149 0.0451732 0
0.577745 0.0448753 0
0.557686 0.0438592 0
0.556908 0.0437256 0
0.54545 0.0428626 0
0.521253 0.041035 0
0.515358 0.0428753 0
0.510365 0.0454232 0
0.494803 0.045404 0
0.495011 0.0442423 1
0.514136 0.0453269 0
0.494118 0.0429958 0
0.484815 0.0423297 0
0.485744 0.0420237 0
0.483252 0.0434084 0
0.48464 0.0440352 0
0.499951 0.0464084 0
0.476887 0.0472528 0
0.478373 0.0467965 0
0.480655 0.0492869 0
0.484024 0.049567 0
0.475492 0.0518947 0
0.480526 0.0511064 0
0.47687 0.0517979 0
0.470104 0.0521596 0
0.478332 0.0493884 0
0.458151 0.0504323 0
0.453004 0.0485591 0
0.45265 0.0453338 0
0.441972 0.0441361 0
0.423505 0.04506 0
0.398343 0.0487546 0
0.047647 0.529633 0
0.045758 0.523762 0
0.0403803 0.519424 0
0.0361575 0.51042 0
0.0331631 0.507894 0
0.042671 0.510917 0
0.0402328 0.498887 0
0.0339975 0.486129 0
0.0310652 0.473658 0
0.0282997 0.463755 0
0.0251017 0.447727 0
0.0206976 0.438413 0
0.018147 0.431163 0
0.0182084 0.418294 0
0.018563 0.408187 0
0.0184172 0.4088 0
0.0193798 0.389558 0
0.0211088 0.379409 0
0.0241153 0.367341 0
0.0251 0.369191 1
0.0252124 0.363352 0
0.028122 0.358505 0
0.0304244 0.342304 0
0.0388872 0.326978 0
0.04698 0.305915 0
0.0592791 0.282437 0
0.0695518 0.273448 0
0.0876283 0.228704 0
0.121166 0.186637 0
0.143947 0.166621 0
0.163887 0.149132 0
0.198935 0.118048 0
0.219887 0.107735 0
0.26897 0.0718978 0
0.29 0.0647986 0
0.334435 0.045256 0
0.373847 0.0315805 0
0.421975 0.0190813 0
0.411596 0.0204586 0
0.354006 0.0327854 0
0.216397 0.105251 0
0.962747 0.412791 0
0.868135 0.194368 0
0.784387 0.10596 0
0.717181 0.0601123 0
0.661068 0.0335703 0
0.629244 0.0239508 0
0.614336 0.022009 1
0.594389 0.019574 0
0.578261 0.0177555 0
0.559689 0.0181523 0
0.541417 0.0161854 0
0.517333 0.0132504 0
0.498073 0.0145133 1
0.839618 0.836213 0
0.868056 0.796041 0
0.885716 0.771609 0
0.898551 0.751055 1
0.917145 0.727032 0
0.931654 0.698497 0
0.940716 0.659862 0
0.958408 0.618962 0
0.97293 0.577016 0
0.975934 0.566367 0
0.977871 0.554507 0
0.985973 0.517799 1
0.986788 0.509637 0
0.991516 0.507534 0
0.994255 0.465125 0
0.987789 0.402569 0
0.991403 0.388154 0
0.973045 0.317837 0
1 0.425254 0
0.972921 0.310768 0
0.936414 0.232991 0
0.775445 0.048926 0
0.776936 0.0516662 0
0.78882 0.0623751 0
0.786189 0.058897 0
0.785613 0.0580474 0
0.785277 0.0570833 0
0.783038 0.0550924 1
0.790744 0.0645789 0
0.797828 0.0731388 0
0.792128 0.0648636 0
0.794631 0.0680409 0
0.803745 0.0777524 0
0.810109 0.0862104 0
0.808316 0.0830377 0
0.803883 0.0750064 0
0.816058 0.0939391 0
0.823226 0.10188 0
0.830269 0.112657 0
0.83415 0.124297 0
0.842873 0.139458 0
0.851853 0.155184 0
0.858509 0.175067 0
0.853953 0.169435 0
0.874648 0.218517 0
0.880867 0.231945 0
0.907661 0.299298 0
0.88516 0.257411 0
0.908208 0.306338 0
0.908409 0.315938 0
0.912237 0.337183 0
0.91601 0.361055 0
0.914699 0.379465 0
0.917841 0.390298 0
0.91384 0.398992 0
0.92082 0.439171 0
0.912466 0.462941 0
0.918057 0.499446 0
0.911217 0.500121 0
0.910085 0.544854 0
0.902967 0.551672 0
0.903711 0.54123 1
0.888188 0.605269 0
0.873426 0.637425 0
0.855152 0.663316 0
0.846953 0.671701 0
0.827849 0.70071 0
0.814378 0.721004 0
0.788286 0.752524 0
0.764243 0.785934 0
0.685686 0.845043 0
0.727435 0.808302 0
0.708197 0.818052 0
0.627835 0.872687 1
0.668549 0.841272 0
0.651602 0.842108 0
0.637696 0.853141 0
0.599302 0.859546 0
0.599383 0.861668 0
0.53999 0.866141 0
0.49329 0.860933 0
0.493188 0.859702 0
0.442705 0.852942 0
0.402366 0.834513 0
0.383623 0.818996 0
0.33519 0.7915 0
0.296917 0.754739 0
0.268269 0.713266 0
0.233685 0.663091 0
0.209304 0.567292 0
0.211557 0.440084 0
0.25782 0.340773 0
0.227824 0.448084 0
0.252566 0.361036 0
0.47206 0.796284 0
0.359388 0.747083 0
0.322731 0.697036 0
0.323712 0.684793 0
0.310977 0.669073 0
0.271595 0.564621 0
0.367135 0.299746 0
0.306958 0.609062 0
0.293928 0.524626 0
0.307869 0.514452 0
0.317786 0.495017 0
0.486908 0.327693 0
0.524179 0.67848 0
0.444417 0.682169 0
0.435373 0.664762 0
0.367842 0.405559 0
0.352974 0.466036 0
0.399143 0.399703 0
0.505472 0.34456 0
0.616685 0.450268 1
0.5117 0.351398 0
0.451157 0.383939 0
0.395453 0.497563 0
0.533151 0.389328 0
0.507206 0.392385 0
0.579948 0.443924 0
0.539298 0.413083 0
0.512573 0.593361 0
0.542477 0.526335 0
0.554579 0.500314 0
0.502548 0.460765 0
0.512148 0.472954 0
0.51082 0.483871 0
0.497849 0.498661 0
0.512208 0.504746 0
0.496433 0.508483 0
0.495937 0.508432 0
0.495899 0.508546 0
0.495902 0.508518 0
0.495904 0.508519 0
0.495903 0.50852 0
0.495903 0.50852 0
0.495903 0.50852 0
0.495903 0.50852 0
0.495903 0.50852 0
0.495903 0.50852 0
0.495903 0.50852 0
0.495903 0.50852 0
0.495903 0.50852 0
0.495903 0.50852 0
0.495903 0.50852 0
