0.743913 0.752589 0
0.744547 0.752687 0
0.746222 0.750438 0
0.747975 0.746772 0
0.749337 0.745247 0
0.74969 0.747058 0
0.749931 0.746025 0
0.749807 0.746608 0
0.750313 0.74912 0
0.7514 0.74867 0
0.751596 0.746922 0
0.751982 0.747075 0
0.753256 0.746403 1
0.753536 0.745822 0
0.752187 0.747145 0
0.751317 0.748085 0
0.751728 0.747474 0
0.752507 0.747001 0
0.752795 0.747185 0
0.753252 0.747181 0
0.753154 0.747971 0
0.751536 0.749828 0
0.749883 0.750907 0
0.749394 0.751055 0
0.749522 0.750783 0
0.750042 0.750078 0
0.752093 0.748076 0
0.755303 0.745972 0
0.754634 0.745453 0
0.757377 0.743827 0
0.756345 0.743498 0
0.756711 0.742927 0
0.756987 0.742311 0
0.756424 0.742527 0
0.755491 0.74253 0
0.754701 0.741768 0
0.755319 0.739363 0
0.756691 0.737345 0
0.75594 0.737029 0
0.755534 0.736207 0
0.754655 0.735432 0
0.752776 0.735511 0
0.751921 0.734959 0
0.751584 0.733861 0
0.750145 0.733029 0
0.750128 0.730997 0
0.748834 0.729573 0
0.747175 0.728544 0
0.745409 0.726547 0
0.743227 0.724418 0
0.740704 0.723295 0
0.737035 0.721943 0
0.732835 0.719754 0
0.729557 0.717011 0
0.740661 0.70098 0
0.732318 0.704911 0
0.716943 0.712925 0
0.705136 0.717119 0
0.693933 0.720053 0
0.668288 0.73228 0
0.670358 0.727956 1
0.681586 0.719315 0
0.675796 0.724314 0
0.672831 0.730409 0
0.671657 0.735868 0
0.670802 0.741597 0
0.67054 0.747419 0
0.669255 0.754569 0
0.667373 0.762051 0
0.666374 0.769473 0
0.665718 0.777427 0
0.664002 0.786298 0
0.662712 0.794418 0
0.662059 0.801847 0
0.662179 0.80764 0
0.662572 0.814504 0
0.662975 0.820563 0
0.663664 0.825569 0
0.664754 0.829455 0
0.665691 0.832578 0
0.666719 0.834337 0
0.668786 0.837203 0
0.671141 0.841437 0
0.673119 0.845425 0
0.67344 0.846718 0
0.673178 0.847424 0
0.673511 0.849318 0
0.673444 0.850498 0
0.672839 0.850849 0
0.672625 0.851675 0
0.671866 0.853418 0
0.671564 0.85581 0
0.669273 0.856832 0
0.667387 0.857522 0
0.667532 0.857754 0
0.666536 0.859047 0
0.667316 0.858183 0
0.662035 0.860995 0
0.657427 0.862668 0
0.655369 0.863425 0
0.655451 0.864326 0
0.650014 0.868599 0
0.65481 0.870573 1
0.639881 0.877601 0
0.630719 0.882034 0
0.628094 0.885146 0
0.625737 0.889093 1
0.642965 0.88797 0
0.773206 0.833857 0
0.923344 0.671692 0
0.64382 0.154177 0
0.645929 0.150661 0
0.640061 0.145237 0
0.743737 0.181502 0
0.667505 0.147772 1
0.657424 0.142247 0
0.65398 0.138216 0
0.651196 0.134468 0
0.648317 0.130428 0
0.644131 0.126174 0
0.640848 0.122647 0
0.638171 0.119088 0
0.637476 0.115854 0
0.63562 0.112523 0
0.632745 0.108884 0
0.632068 0.105608 0
0.631486 0.102762 1
0.631496 0.100057 0
0.630363 0.0981724 0
0.628526 0.0943657 0
0.62941 0.0922304 0
0.632455 0.0907861 0
0.635081 0.0895862 0
0.636663 0.0879898 0
0.637027 0.0855965 0
0.636406 0.0828814 0
0.636839 0.0801103 0
0.637713 0.0771875 0
0.637001 0.0740125 0
0.63525 0.0707139 0
0.635639 0.067889 0
0.635587 0.0645079 0
0.63666 0.0620968 1
0.634729 0.0589695 0
0.634403 0.0557192 0
0.634132 0.0527201 0
0.630503 0.0492987 0
0.627624 0.0457939 0
0.626373 0.0431289 0
0.624793 0.0404448 0
0.619986 0.0371294 0
0.611467 0.0335604 0
0.388266 0.0358704 0
0.395746 0.0335914 0
0.398862 0.0313304 0
0.406801 0.0288326 0
0.410873 0.0270706 0
0.414935 0.0254861 0
0.416532 0.0242395 0
0.417692 0.0226666 0
0.414679 0.0218297 0
0.41909 0.0191798 0
0.427936 0.0159217 0
0.429589 0.0144794 0
0.437682 0.0121237 0
0.444245 0.00990751 0
0.452658 0.00798961 0
0.459771 0.00682064 0
0.463379 0.00562478 0
0.471529 0.00457059 0
0.479058 0.00335171 0
0.485178 0.00272988 0
0.489154 0.00154996 0
0.493503 0.00195036 0
0.492848 0.00115817 0
0.495383 0.000643691 0
0.499879 0 0
0.508856 0.000334419 0
0.5155 0.000121118 0
0.525236 0.000325757 0
0.531469 0.000962618 0
0.536189 0.00187953 0
0.544023 0.00228496 0
0.551288 0.00244008 0
0.558374 0.00289451 0
0.568106 0.00378436 0
0.596295 0.00695042 0
0.595287 0.00723703 0
0.592236 0.00738401 0
0.588069 0.00743456 0
0.582185 0.00750769 1
0.573446 0.00778321 0
0.563005 0.00796659 0
0.553921 0.00876679 0
0.541379 0.00995624 0
0.525727 0.0109472 0
0.513185 0.012597 0
0.497714 0.013976 0
0.484766 0.0153977 0
0.471424 0.0162785 0
0.450594 0.0189201 1
0.423508 0.0234406 0
0.400707 0.0281978 0
0.35639 0.0405367 0
0.317988 0.0537314 0
0.290638 0.0648616 0
0.28022 0.0689895 0
0.271514 0.0734605 0
0.238652 0.0931356 0
0.227195 0.103653 0
0.227132 0.107894 1
0.239298 0.106435 0
0.262838 0.0984302 1
0.614758 0.0599398 0
0.713481 0.969616 1
0.550581 1 0
0.548548 0.998177 0
0.535559 0.996327 0
0.519241 0.994011 1
0.503364 0.991823 0
0.488037 0.989459 0
0.44488 0.984718 0
0.344034 0.960425 0
0.20479 0.895236 0
0.218868 0.901638 0
0.0192017 0.666843 0
0 0.487179 0
0.0181399 0.41709 0
0.029269 0.392051 1
0.0393836 0.373308 0
0.0483256 0.358987 0
0.0591512 0.3441 0
0.0659955 0.335774 0
0.074729 0.325516 0
0.085022 0.314489 0
0.0914945 0.308201 0
0.103452 0.296913 0
0.111066 0.290472 0
0.124058 0.279944 0
0.128443 0.277848 0
0.131611 0.277184 1
0.127738 0.282201 0
0.107617 0.302103 0
0.0810439 0.333361 0
1 0.706665 1
0.0599243 0.784078 0
0.0557767 0.780642 1
0.0594231 0.786636 0
0.0612913 0.787543 0
0.0667609 0.793192 0
0.075857 0.811008 0
0.0803401 0.813888 0
0.0866814 0.820861 1
0.137693 0.805356 0
0.145497 0.811439 0
0.153346 0.815904 0
0.161855 0.819455 1
0.170473 0.825309 0
0.177412 0.829518 0
0.185446 0.833839 0
0.194319 0.840465 0
0.20325 0.846833 0
0.210085 0.851211 0
0.217382 0.855707 0
0.224268 0.860023 0
0.232832 0.864809 0
0.243549 0.870294 0
0.24861 0.872507 0
0.257547 0.874955 0
0.267926 0.878654 0
0.273674 0.88193 0
0.279126 0.885184 0
0.286098 0.888363 0
0.293285 0.891602 0
0.301015 0.894732 0
0.307473 0.897272 0
0.312187 0.899517 0
0.320128 0.901981 0
0.331871 0.90448 0
0.342442 0.906429 0
0.349503 0.908312 0
0.357108 0.909951 0
0.366013 0.911075 0
0.372067 0.912462 0
0.376216 0.913494 0
0.382047 0.914256 0
0.390006 0.915329 1
0.402552 0.915763 0
0.415823 0.91714 0
0.42137 0.918775 0
0.4271 0.919739 0
0.432898 0.920289 0
0.437445 0.920969 0
0.442478 0.921563 0
0.445629 0.921683 0
0.456193 0.920987 0
0.462597 0.921124 0
0.467658 0.92114 0
0.472669 0.921219 0
0.477939 0.920957 0
0.483589 0.920307 0
0.488744 0.91945 0
0.494034 0.91837 0
0.498101 0.918021 0
0.502072 0.917786 0
0.506451 0.916832 0
0.509141 0.917076 0
0.514684 0.917247 0
0.523676 0.915898 0
0.527464 0.915308 0
0.526122 0.914271 0
0.532486 0.912644 0
0.53396 0.912125 0
0.543165 0.911307 0
0.549585 0.909491 0
0.548225 0.909034 0
0.543448 0.90961 0
0.548787 0.908513 0
0.554791 0.90723 0
0.558903 0.905698 0
0.561287 0.905047 0
0.5625 0.904674 0
0.569214 0.902529 0
0.57382 0.90133 0
0.577106 0.900629 0
0.583613 0.899138 0
0.589255 0.897488 0
0.592122 0.896329 0
0.5955 0.89496 0
0.595226 0.894919 0
0.59716 0.894001 0
0.602122 0.892287 0
0.601811 0.89263 0
0.599278 0.894171 0
0.602737 0.893257 0
0.600274 0.893995 0
0.596653 0.895452 0
0.595535 0.896034 0
0.595744 0.89582 0
0.595484 0.895591 0
0.595395 0.895421 0
0.59518 0.894554 0
0.595865 0.894311 0
0.594094 0.894721 0
0.59415 0.894101 0
0.591369 0.894536 0
0.587255 0.896026 1
0.582332 0.897383 0
0.579512 0.897256 0
0.577151 0.897248 0
0.571274 0.898593 0
0.566098 0.899716 0
0.560939 0.900767 0
0.55373 0.902602 0
0.546096 0.904084 0
0.538967 0.904984 0
0.485766 0.906091 0
0.482512 0.907369 0
0.479706 0.908554 0
0.471859 0.910404 0
0.4689 0.910503 1
0.456167 0.911398 0
0.449755 0.910337 0
0.438558 0.911153 0
0.423043 0.912522 0
0.422643 0.910778 0
0.407203 0.910334 0
0.383961 0.908002 0
0.348338 0.900513 0
0.281756 0.876347 0
0.179927 0.811654 0
0.0896943 0.706948 0
0.0544117 0.63523 0
0.0494389 0.62825 0
0.0507555 0.638228 0
0.0542263 0.655169 0
0.0648102 0.684932 1
0.0834148 0.724265 0
0.100436 0.753843 0
0.112008 0.77158 0
0.13662 0.804003 0
0.187617 0.850924 0
0.243661 0.888676 0
0.314976 0.923229 0
0.375392 0.943087 0
0.622776 0.972994 0
0.753646 0.921039 0
0.73137 0.928095 0
0.735661 0.926975 0
0.726895 0.931715 0
0.712557 0.937142 0
0.703591 0.940335 0
0.697661 0.944593 1
0.692934 0.94682 0
0.693467 0.945332 0
0.692185 0.945343 0
0.691122 0.94563 0
0.692562 0.944452 0
0.69587 0.942985 0
0.699063 0.942182 0
0.702826 0.939828 0
0.707516 0.936073 0
0.711036 0.932934 0
0.712754 0.930895 0
0.71154 0.929773 0
0.708336 0.929009 0
0.702437 0.929381 0
0.698634 0.929099 0
0.694191 0.928958 0
0.694828 0.9292 0
0.701632 0.928946 0
0.682436 0.932855 0
0.606298 0.944329 1
0.560031 0.946012 0
0.541264 0.945715 0
0.525155 0.944211 0
0.50432 0.940768 0
0.488592 0.939611 0
0.509007 0.940114 0
0.49271 0.94033 0
0.474065 0.939361 0
0.451386 0.935641 0
0.431778 0.931865 1
0.418721 0.930002 0
0.409162 0.928348 0
0.290918 0.889478 0
0.0647744 0.661728 0
0.0606624 0.651988 0
0.0674129 0.664222 1
0.0707522 0.665826 0
0.0591209 0.641627 0
0.0637158 0.643799 0
0.854397 0.811133 1
0.053329 0.419014 0
0.0489091 0.592132 0
0.0516874 0.589618 0
0.0515109 0.572527 0
0.0512562 0.556242 0
0.0511213 0.534828 1
0.0540923 0.511208 0
0.0584495 0.485828 0
0.0658401 0.446917 0
0.0810146 0.399524 0
0.110704 0.344016 0
0.174811 0.268232 0
0.406359 0.151608 0
0.635697 0.158805 0
0.723193 0.193084 0
0.77724 0.226725 0
0.804435 0.24975 0
0.814824 0.259636 0
0.819639 0.265555 0
0.803273 0.252899 1
0.764059 0.228652 0
0.698813 0.198899 0
0.646029 0.183143 0
0.626543 0.180981 0
0.613699 0.181867 0
0.61762 0.186625 0
0.634603 0.195323 0
0.627663 0.196253 0
0.628338 0.197786 0
0.633685 0.198377 0
0.646647 0.205404 0
0.653381 0.207537 0
0.658722 0.209429 0
0.668623 0.212993 0
0.67907 0.217429 0
0.685436 0.222359 1
0.689927 0.226451 0
0.696263 0.228802 0
0.700704 0.233925 0
0.704664 0.239238 0
0.707665 0.243163 0
0.712711 0.246469 0
0.716826 0.249257 0
0.72214 0.251953 0
0.725718 0.257688 0
0.729228 0.262234 0
0.73428 0.2666 0
0.739043 0.271145 0
0.739489 0.275147 0
0.74041 0.27872 0
0.743938 0.28308 0
0.747362 0.286497 0
0.749185 0.287675 0
0.745419 0.28738 0
0.852271 0.424931 0
0.772325 0.309554 0
0.868916 0.492826 0
0.610982 0.22799 0
0.624351 0.233132 0
0.640404 0.240027 1
0.657187 0.249585 0
0.659127 0.252126 0
0.659069 0.25314 0
0.657856 0.254278 0
0.653441 0.25312 0
0.651181 0.252675 0
0.650479 0.253511 0
0.648683 0.253957 0
0.645796 0.252868 0
0.638872 0.246733 0
0.629334 0.246304 0
0.63068 0.247518 0
0.624104 0.245388 0
0.621906 0.242062 0
0.620038 0.239572 0
0.614716 0.236065 0
0.611643 0.232734 0
0.610933 0.23049 0
0.607855 0.228807 0
0.602802 0.226916 0
0.605005 0.2247 0
0.59439 0.220249 0
0.594419 0.219213 0
0.589393 0.217102 0
0.581737 0.214734 0
0.571808 0.211206 0
0.565312 0.210734 0
0.556921 0.208814 0
0.548874 0.205393 0
0.54087 0.202413 0
0.530559 0.201388 0
0.522409 0.200459 0
0.51137 0.199036 0
0.49941 0.196812 0
0.492467 0.194999 0
0.484672 0.19448 0
0.475882 0.1929 0
0.468172 0.190969 0
0.461238 0.190685 0
0.450059 0.190868 0
0.439269 0.190525 0
0.432035 0.1924 1
0.425082 0.193209 0
0.410323 0.193737 0
0.407337 0.193072 0
0.410439 0.195331 0
0.404569 0.195971 0
0.396172 0.194297 0
0.391516 0.197876 0
0.385825 0.200954 0
0.383553 0.202324 0
0.376885 0.204525 0
0.36522 0.207313 0
0.357712 0.209734 0
0.352902 0.211768 0
0.342955 0.214586 0
0.332173 0.218186 0
0.325932 0.221254 0
0.320525 0.225105 0
0.316565 0.227042 0
0.309753 0.229205 0
0.302224 0.232509 0
0.297523 0.236217 0
0.291855 0.240365 0
0.286107 0.244922 0
0.278228 0.25094 0
0.274337 0.25443 0
0.26733 0.259186 0
0.26105 0.26364 0
0.255642 0.267644 0
0.251643 0.271733 0
0.24667 0.276483 0
0.240202 0.281859 0
0.236457 0.286103 1
0.233194 0.290002 0
0.2281 0.294726 0
0.222163 0.300462 0
0.217507 0.30572 0
0.214191 0.310187 0
0.211747 0.314892 0
0.209823 0.318793 0
0.205295 0.324109 0
0.199827 0.330579 0
0.195939 0.336557 0
0.191669 0.342502 0
0.188192 0.348239 0
0.184928 0.354316 0
0.180601 0.360509 0
0.176751 0.36565 0
0.173224 0.370881 0
0.169363 0.376098 0
0.166549 0.379578 0
0.165296 0.382122 0
0.162616 0.385649 0
0.15908 0.38939 0
0.156117 0.393061 0
0.153675 0.396068 0
0.151592 0.399347 0
0.147935 0.404573 0
0.28688 0.80364 0
0.287196 0.804502 0
0.288462 0.80612 0
0.280417 0.802137 0
0.270348 0.797043 0
0.258521 0.790475 0
0.253014 0.788387 0
0.243774 0.78154 0
0.243936 0.782971 0
0.23868 0.780233 0
0.120448 0.443402 0
0.251858 0.790201 0
0.239135 0.781391 0
0.12491 0.431211 0
0.118614 0.44533 0
0.245257 0.78979 0
0.105745 0.500187 0
0.105532 0.513219 0
0.111169 0.467521 0
0.107607 0.489548 0
0.105606 0.556044 0
0.109898 0.588646 0
0.102885 0.528039 0
0.105608 0.562234 0
0.107177 0.569841 1
0.110231 0.58919 0
0.120152 0.628183 0
0.131971 0.658994 0
0.147922 0.689055 0
0.160609 0.70856 0
0.17969 0.733599 0
0.216162 0.771372 0
0.264333 0.809483 1
0.293864 0.8282 0
0.305185 0.834365 0
0.308573 0.836703 0
0.304514 0.835643 0
0.287069 0.826604 0
0.26435 0.812061 0
0.238472 0.791558 0
0.221408 0.776894 0
0.209058 0.764753 0
0.212083 0.769429 0
0.189186 0.74474 0
0.155471 0.697163 0
0.132555 0.651855 0
0.121417 0.616869 0
0.113876 0.567216 0
0.113965 0.513151 0
0.11798 0.494758 0
0.12136 0.491595 0
0.123596 0.492113 0
0.125216 0.493034 0
0.125777 0.497916 0
0.12631 0.502027 0
0.126907 0.50731 0
0.128425 0.515377 0
0.129308 0.522093 0
0.129884 0.52841 0
0.130568 0.533527 0
0.131171 0.536049 0
0.132559 0.539748 0
0.133342 0.541625 0
0.133497 0.543164 0
0.135857 0.549957 0
0.135933 0.530084 0
0.138823 0.556959 0
0.138835 0.5457 0
0.13946 0.540297 0
0.141844 0.547596 0
0.147989 0.573998 0
0.146803 0.555658 0
0.744429 0.758609 0
0.625753 0.816359 0
0.455447 0.828507 0
0.256684 0.738288 0
0.1979 0.662492 0
0.198224 0.656937 0
0.200527 0.65756 0
0.201343 0.648425 0
0.205043 0.64988 0
0.21103 0.652567 0
0.216062 0.653954 0
0.224956 0.660466 0
0.229715 0.663973 0
0.235065 0.664344 0
0.24171 0.66606 0
0.247326 0.667899 0
0.254164 0.670843 1
0.263099 0.675524 0
0.269811 0.678398 0
0.278547 0.68015 0
0.278465 0.682067 0
0.282977 0.683007 0
0.28753 0.683539 0
0.302892 0.689037 0
0.319216 0.695145 0
0.329907 0.699239 0
0.339305 0.703027 0
0.345586 0.708762 0
0.353108 0.71386 0
0.364998 0.718392 0
0.37717 0.722542 0
0.387351 0.727677 0
0.400557 0.734363 0
0.415972 0.739589 0
0.429331 0.745389 0
0.441779 0.749203 0
0.45148 0.752115 0
0.465073 0.758472 0
0.470479 0.757295 0
0.483716 0.761035 0
0.488977 0.764597 0
0.485339 0.768833 0
0.488951 0.77026 0
0.487475 0.768943 0
0.499619 0.771246 0
0.511476 0.773089 0
0.520253 0.770929 0
0.531071 0.7688 0
0.54274 0.766606 0
0.552215 0.76492 0
0.562327 0.763883 0
0.567393 0.762169 0
0.580887 0.759693 0
0.588243 0.758813 0
0.598692 0.757074 0
0.603675 0.754789 0
0.613452 0.752515 0
0.617404 0.751596 0
0.619269 0.750818 0
0.623527 0.748643 0
0.6294 0.745471 0
0.630689 0.744518 0
0.637395 0.739953 1
0.64629 0.733425 0
0.656797 0.72488 0
0.666293 0.717214 0
0.677235 0.70785 0
0.680414 0.702704 0
0.688558 0.692602 0
0.700571 0.678891 0
0.765709 0.560501 0
0.74518 0.607567 0
0.73357 0.623337 0
0.705933 0.655498 0
0.701595 0.654236 0
0.698877 0.650735 0
0.701688 0.64049 0
0.703003 0.632863 0
0.703191 0.626381 0
0.703517 0.6152 0
0.704426 0.600585 0
0.708325 0.581453 0
0.712096 0.560872 1
0.708109 0.546855 0
0.706072 0.537811 0
0.701519 0.542057 0
0.697431 0.538524 0
0.689025 0.511437 0
0.681588 0.489745 0
0.673289 0.47429 0
0.667066 0.458983 0
0.652522 0.449612 0
0.64097 0.442048 0
0.630228 0.433793 0
0.62426 0.430226 0
0.609509 0.422672 0
0.591914 0.414678 0
0.579106 0.410633 0
0.567652 0.408533 0
0.54986 0.403324 0
0.535587 0.40184 0
0.518655 0.399166 0
0.512109 0.398567 0
0.512155 0.400181 0
0.50106 0.405402 0
0.490652 0.409868 0
0.479417 0.412732 0
0.463217 0.414451 0
0.453923 0.418495 1
0.445684 0.423355 0
0.434162 0.434785 0
0.426662 0.442352 0
0.418009 0.451897 0
0.411412 0.46194 0
0.401399 0.478351 0
0.399896 0.491659 0
0.402199 0.498469 0
0.400214 0.515756 0
0.404658 0.529983 0
0.411684 0.546365 0
0.419359 0.547521 0
0.427172 0.556022 0
0.44496 0.573822 0
0.448535 0.566965 0
0.454804 0.565092 0
0.473513 0.573133 0
0.488083 0.575255 0
0.473092 0.559061 0
0.483317 0.556992 0
0.492161 0.55513 0
0.502822 0.548863 0
0.51865 0.533304 0
0.518726 0.521806 0
0.515647 0.520349 0
0.499374 0.555164 0
0.511358 0.526879 0
0.511506 0.526755 0
0.511507 0.526682 0
0.511508 0.52667 0
0.511507 0.526669 0
0.511507 0.526668 0
0.511507 0.526668 0
0.511507 0.526668 0
0.511507 0.526668 0
0.511507 0.526668 0
0.511507 0.526668 0
0.511507 0.526668 0
0.511507 0.526668 0
0.511507 0.526668 0
0.511507 0.526668 0
0.511507 0.526668 0
0.511507 0.526668 0
0.511507 0.526668 0
