0.817282 0.548199 0
0.81317 0.51396 0
0.80742 0.511366 0
0.807564 0.51177 0
0.807477 0.511871 0
0.807848 0.512305 0
0.807837 0.512443 0
0.807239 0.512591 0
0.807389 0.512566 0
0.807291 0.512146 0
0.80727 0.511876 0
0.807233 0.511846 0
0.807209 0.511607 1
0.807917 0.503575 0
0.80847 0.497845 0
0.808839 0.489171 0
0.809832 0.477525 0
0.810341 0.471567 0
0.80979 0.467341 0
0.813797 0.453949 0
0.798712 0.47954 0
0.736038 0.755451 0
0.679876 0.736894 0
0.776542 0.417761 0
0.63483 0.736584 0
0.764504 0.417148 0
0.798155 0.381183 0
0.786425 0.37943 0
0.784884 0.376955 1
0.784524 0.376189 0
0.784258 0.375822 0
0.783623 0.375278 0
0.784035 0.374525 0
0.791716 0.387013 0
0.747829 0.421771 0
0.567037 0.666088 0
0.571838 0.688107 0
0.632226 0.644224 0
0.745047 0.374129 0
0.558353 0.673953 0
0.562056 0.685368 0
0.563294 0.680967 0
0.593328 0.678085 0
0.728508 0.472045 0
0.561169 0.680468 1
0.561116 0.678603 0
0.559299 0.675549 0
0.561077 0.674854 0
0.556275 0.673406 0
0.55347 0.677679 0
0.560173 0.668385 0
0.556908 0.670387 0
0.551659 0.677298 0
0.556905 0.672983 0
0.55987 0.668288 0
0.566273 0.645531 0
0.710611 0.43023 0
0.699253 0.475893 0
0.744225 0.460476 0
0.624077 0.63233 0
0.563246 0.658168 0
0.577521 0.650906 0
0.59985 0.646041 0
0.619981 0.644903 0
0.634841 0.644673 0
0.643294 0.642649 0
0.649314 0.646317 0
0.646362 0.649285 0
0.647255 0.65341 0
0.647748 0.656171 0
0.649506 0.656423 0
0.650646 0.659656 0
0.650373 0.662649 0
0.649905 0.673953 0
0.63216 0.636556 0
0.771359 0.408889 0
0.772914 0.404456 0
0.60446 0.733355 0
0.602152 0.734744 0
0.767688 0.361632 0
0.766418 0.388913 0
0.768587 0.383491 0
0.769631 0.382984 1
0.768521 0.384514 0
0.769418 0.38171 0
0.772665 0.380753 0
0.589103 0.746525 0
0.769467 0.332742 0
0.580118 0.75623 0
0.589703 0.759233 0
0.586634 0.761762 1
0.586839 0.762198 0
0.581937 0.756486 0
0.753896 0.281821 0
0.745996 0.295458 0
0.748382 0.295019 0
0.748864 0.295333 0
0.748875 0.295283 0
0.74889 0.295299 1
0.751134 0.296303 0
0.752015 0.297579 0
0.753151 0.299485 0
0.755338 0.300284 0
0.757958 0.306604 0
0.770817 0.366405 0
0.408098 0.765857 0
0.477117 0.766044 0
0.48373 0.775709 0
0.483526 0.776785 1
0.483289 0.774909 0
0.480242 0.762434 0
0.406456 0.769466 0
0.755306 0.269178 0
0.772634 0.331177 0
0.778679 0.32314 0
0.780838 0.325301 0
0.781915 0.326959 1
0.784926 0.328349 0
0.755957 0.333329 0
0.367612 0.679411 0
0.488791 0.777142 0
0.376839 0.715168 0
0.734484 0.335045 0
0.789586 0.333253 0
0.755464 0.335755 0
0.409479 0.809662 0
0.491677 0.80758 0
0.51442 0.800846 0
0.508082 0.812559 0
0.528531 0.802472 0
0.635365 0.315056 0
0.757792 0.482746 0
0.843023 0.520435 0
0.845503 0.520086 0
0.846574 0.526844 0
0.848782 0.535812 0
0.848625 0.54006 0
0.843076 0.543121 0
0.800419 0.52771 0
0.667897 0.91535 0
0.806326 0.810758 0
0.549841 0.79593 0
0.576532 0.798044 0
0.576464 0.812049 0
0.83082 0.787715 0
0.771457 0.522047 0
0.805596 0.533583 0
0.768501 0.530638 0
0.761229 0.729321 0
0.788976 0.708556 0
0.801139 0.690096 0
0.801139 0.682869 0
0.801518 0.677296 0
0.805174 0.674657 0
0.814254 0.668155 0
0.821003 0.668499 0
0.833397 0.661103 0
0.849431 0.659635 0
0.864443 0.64833 0
0.871627 0.649155 0
0.885794 0.641492 0
0.89197 0.637942 0
0.897309 0.632289 0
0.906198 0.630648 0
0.90988 0.628635 0
0.897955 0.620364 0
0.893638 0.617276 0
0.89704 0.615609 0
0.900509 0.615601 0
0.922272 0.611075 0
0.93341 0.601762 0
0.973244 0.594346 0
0.966825 0.581943 0
0.974157 0.578396 0
0.976635 0.572476 0
0.984562 0.566533 0
0.992889 0.556366 0
0.996578 0.527925 0
0.998272 0.451963 0
1 0.411656 0
0.98525 0.388904 0
0.981384 0.380482 0
0.973657 0.363451 0
0.96635 0.357079 0
0.96201 0.352221 0
0.945546 0.342253 0
0.93638 0.33445 0
0.936235 0.328346 0
0.927781 0.319929 0
0.920686 0.313932 0
0.90444 0.310953 0
0.880505 0.304021 0
0.858107 0.306657 0
0.847564 0.300196 0
0.846565 0.299216 0
0.844679 0.298138 0
0.844684 0.295888 0
0.841475 0.295363 0
0.839668 0.292681 0
0.840491 0.291878 0
0.839671 0.290831 0
0.838905 0.290663 0
0.83804 0.290565 1
0.837815 0.288248 0
0.837019 0.286593 0
0.837829 0.283366 0
0.839048 0.279605 0
0.835597 0.271561 0
0.85137 0.247785 0
0.816244 0.131845 0
0.807872 0.136845 0
0.79085 0.143075 0
0.762419 0.148151 0
0.760037 0.149904 0
0.756632 0.155027 0
0.752428 0.158954 0
0.749976 0.162623 1
0.752569 0.167713 0
0.751222 0.172046 0
0.755685 0.178559 0
0.75765 0.182712 0
0.758463 0.189609 0
0.759573 0.195376 0
0.766374 0.202801 0
0.766862 0.208576 0
0.769697 0.216087 0
0.769927 0.219741 1
0.767911 0.222281 0
0.775361 0.236959 0
0.256195 0.759363 0
0.300271 0.764478 0
0.300949 0.765482 0
0.3012 0.765578 0
0.301278 0.765602 0
0.301359 0.765636 1
0.304933 0.76668 0
0.307492 0.765642 0
0.311289 0.766256 0
0.315737 0.769456 0
0.320501 0.77128 0
0.322746 0.773795 0
0.328019 0.774539 0
0.329175 0.786641 0
0.333132 0.790688 0
0.34036 0.792102 0
0.347301 0.791098 0
0.358608 0.793812 0
0.359247 0.798158 0
0.361669 0.799358 1
0.367394 0.801978 0
0.372867 0.803881 0
0.380155 0.804588 0
0.375087 0.817747 0
0.365664 0.835057 0
0.387941 0.819129 0
0.404102 0.807272 0
0.413978 0.812087 0
0.420087 0.814039 0
0.426459 0.812679 0
0.431649 0.815041 0
0.440416 0.814521 1
0.447602 0.827077 0
0.460466 0.848785 0
0.470269 0.850666 0
0.487466 0.857854 0
0.500976 0.858137 0
0.516898 0.859902 0
0.529685 0.846957 0
0.533457 0.8397 0
0.543568 0.832601 0
0.549215 0.820778 0
0.550566 0.802885 0
0.555442 0.794411 0
0.554763 0.795825 0
0.557797 0.791869 1
0.558884 0.791924 0
0.559346 0.791639 0
0.55979 0.79106 0
0.560465 0.790828 0
0.561351 0.790924 0
0.56175 0.790481 0
0.564868 0.792704 0
0.563576 0.790711 0
0.564114 0.790365 0
0.566774 0.791589 0
0.567436 0.79108 0
0.565371 0.789372 0
0.560841 0.783977 0
0.561896 0.784001 0
0.562835 0.78322 0
0.563446 0.785668 0
0.563498 0.783585 0
0.563767 0.78271 0
0.563889 0.783731 0
0.56469 0.784053 0
0.564786 0.784219 0
0.564927 0.784157 0
0.565227 0.784142 0
0.565344 0.784036 1
0.565344 0.784036 0
0.565344 0.784036 0
0.565344 0.784036 0
0.565345 0.784035 0
0.565345 0.784033 0
0.565341 0.784015 0
0.565474 0.784027 0
0.562234 0.784895 0
0.601288 0.829388 0
0.748231 0.620684 0
0.76744 0.623879 0
0.774062 0.607375 0
0.777077 0.607539 0
0.78297 0.606298 0
0.787512 0.622769 0
0.784795 0.613315 0
0.787794 0.607256 0
0.791379 0.610289 0
0.792382 0.605942 0
0.797314 0.603357 0
0.796556 0.601419 0
0.80023 0.603253 0
0.802059 0.601975 0
0.803133 0.605276 0
0.801079 0.601074 0
0.805244 0.584059 0
0.803616 0.587138 0
0.802476 0.577293 0
0.798366 0.57457 0
0.798813 0.561971 0
0.796475 0.559092 0
0.796604 0.556899 0
0.793928 0.559888 0
0.790345 0.563014 0
0.791547 0.563357 0
0.791696 0.559866 0
0.791093 0.559281 0
0.793069 0.551348 1
0.792177 0.55191 0
0.792519 0.551786 0
0.790374 0.552731 0
0.787941 0.554461 0
0.780963 0.557895 0
0.793447 0.590885 0
0.570534 0.0697253 0
0.600145 0.0701737 0
0.596935 0.0674878 0
0.595752 0.0660157 1
0.548619 0 0
0.42354 0.0211079 0
0.381422 0.0344532 0
0.351105 0.065374 1
0.324688 0.0643605 0
0.308256 0.0667849 0
0.268565 0.0828121 0
0.270283 0.0759706 0
0.239722 0.0965105 0
0.233516 0.111788 0
0.217286 0.131604 0
0.177799 0.189639 0
0.173068 0.19778 0
0.154879 0.220015 0
0.153698 0.252286 0
0.150225 0.278354 1
0.145968 0.275805 0
0.119222 0.284262 0
0.129549 0.266744 0
0.0398261 0.336865 0
0.1537 0.641162 0
0 0.329734 0
0.177133 0.667576 0
0.163765 0.698578 0
0.133568 0.51851 0
0.150883 0.675389 0
0.152355 0.688859 0
0.148412 0.690701 0
0.14956 0.688952 0
0.148225 0.687241 0
0.147774 0.686649 0
0.146864 0.686085 0
0.147015 0.686163 0
0.147021 0.686142 0
0.147021 0.686141 0
0.147021 0.686141 1
0.143862 0.685794 0
0.144142 0.68545 0
0.142325 0.68398 0
0.140293 0.683931 0
0.1383 0.683937 0
0.138808 0.680337 0
0.140791 0.67126 0
0.15891 0.685143 0
0.138603 0.508955 0
0.151564 0.704884 0
0.0327873 0.315765 0
0.128185 0.498271 0
0.104522 0.662667 0
0.108349 0.670051 1
0.0986037 0.651566 0
0.0947382 0.633183 0
0.071656 0.336906 0
0.0507311 0.383312 0
0.0665001 0.377725 0
0.071283 0.383313 0
0.0888726 0.386163 0
0.088233 0.387785 0
0.0983538 0.384993 0
0.103873 0.377654 0
0.110513 0.377312 0
0.120684 0.371147 0
0.12689 0.363613 0
0.131715 0.364578 0
0.141028 0.350449 0
0.152312 0.338625 0
0.157673 0.339591 0
0.165892 0.316596 0
0.171341 0.315056 0
0.175858 0.30954 1
0.271593 0.235939 0
0.199736 0.301665 0
0.208492 0.317828 0
0.209822 0.314302 0
0.224908 0.312998 0
0.230835 0.323469 0
0.297408 0.235683 0
0.335477 0.182057 0
0.325584 0.21028 0
0.356131 0.173419 0
0.363077 0.164355 0
0.375489 0.14596 0
0.385685 0.135543 0
0.392988 0.131649 0
0.395964 0.131815 0
0.400852 0.130483 1
0.404336 0.13363 0
0.4046 0.133214 0
0.41241 0.148309 0
0.410167 0.140051 0
0.419129 0.147603 0
0.435208 0.166119 0
0.426079 0.16079 0
0.422049 0.164881 0
0.573087 0.220048 0
0.605181 0.239649 0
0.649343 0.269669 0
0.665608 0.277526 0
0.665451 0.282055 0
0.672225 0.287091 0
0.670508 0.287752 0
0.677117 0.288583 1
0.674229 0.29069 0
0.676847 0.289244 0
0.6779 0.291387 0
0.676129 0.290942 0
0.679862 0.294872 0
0.669234 0.303671 0
0.660699 0.296521 0
0.669819 0.309266 0
0.686724 0.335596 0
0.466468 0.661624 0
0.473178 0.652518 0
0.473226 0.651311 0
0.473029 0.645873 0
0.485499 0.617608 0
0.55676 0.294384 0
0.503954 0.606436 0
0.546388 0.285523 0
0.488236 0.632163 0
0.477474 0.641461 0
0.479322 0.642224 1
0.473597 0.634425 0
0.476497 0.634215 0
0.475413 0.627654 0
0.467457 0.60734 0
0.467005 0.605812 0
0.466638 0.592599 0
0.469452 0.566965 0
0.46766 0.557445 0
0.470489 0.54325 0
0.468856 0.526231 0
0.494439 0.447109 0
0.482209 0.496534 0
0.50918 0.426328 0
0.474306 0.486067 0
0.478002 0.442925 0
0.478133 0.426737 0
0.485194 0.425447 0
0.482928 0.435331 0
0.462162 0.425662 0
0.469151 0.424652 0
0.466247 0.412438 0
0.469411 0.386806 0
0.471991 0.392743 0
0.475393 0.393693 0
0.472042 0.387865 0
0.483404 0.376712 0
0.484282 0.37414 0
0.479615 0.373753 0
0.469828 0.376186 0
0.477849 0.360084 0
0.471049 0.3678 0
0.473125 0.361991 1
0.473598 0.361146 0
0.472607 0.362954 0
0.470849 0.363926 0
0.467514 0.371413 0
0.47082 0.36471 0
0.470881 0.36306 0
0.472533 0.362472 0
0.473069 0.361791 0
0.473083 0.361976 0
0.473118 0.361981 0
0.473114 0.361994 0
0.473085 0.361987 0
0.472709 0.361863 0
0.472137 0.362162 0
0.472 0.36204 0
0.470817 0.360651 0
0.472807 0.361679 0
0.471865 0.35985 0
0.470166 0.360832 0
0.472617 0.36064 0
0.470705 0.361912 0
0.466027 0.360058 0
0.470868 0.360614 0
0.467365 0.362252 0
0.470452 0.358972 0
0.458787 0.363059 0
0.468239 0.358713 0
0.469477 0.361137 0
0.470622 0.36009 0
0.472399 0.361534 0
0.473004 0.361472 0
0.46767 0.359976 0
0.4699 0.359608 0
0.468132 0.360847 0
0.464599 0.361585 0
0.460364 0.363821 0
0.462644 0.363087 0
0.461558 0.370207 0
0.469558 0.427748 0
