0.0524561 0.25318 0
0.0597994 0.243991 0
0.0621626 0.238762 1
0.0654357 0.229522 0
0.0817275 0.23151 0
0.103039 0.229891 0
0.117306 0.228792 0
0.130056 0.224697 0
0.145381 0.213014 0
0.16326 0.197534 0
0.180152 0.186782 1
0.193549 0.178622 0
0.211161 0.165111 0
0.236277 0.148205 0
0.272111 0.126016 0
0.286166 0.115421 0
0.300934 0.107704 0
0.316995 0.106824 0
0.334859 0.109508 0
0.351779 0.112085 0
0.3691 0.109603 0
0.393915 0.10683 0
0.419818 0.098527 0
0.444271 0.104135 0
0.478588 0.105744 0
0.511523 0.10703 0
0.544689 0.106453 0
0.580775 0.113016 0
0.61596 0.122663 0
0.648 0.131693 0
0.68053 0.144215 0
0.725525 0.160295 0
0.765728 0.179969 0
0.790908 0.199877 0
0.799978 0.216262 0
0.817809 0.232753 0
0.8568 0.25662 0
0.878201 0.282649 0
0.899787 0.312696 0
0.928071 0.353631 0
0.937782 0.375418 0
0.945608 0.396743 0
0.952476 0.419062 0
0.956657 0.441284 0
0.958886 0.463815 0
0.961495 0.487972 0
0.96413 0.512932 0
0.964826 0.539305 0
0.964437 0.567531 0
0.958341 0.592356 0
0.952348 0.62127 0
0.941042 0.651165 0
0.926808 0.674041 0
0.897884 0.710997 0
0.892754 0.717655 0
0.890344 0.722232 0
0.889754 0.725303 0
0.888688 0.729013 0
0.886192 0.733676 0
0.882508 0.738497 0
0.868461 0.752288 1
0.884328 0.740232 0
0.883842 0.742587 0
0.903716 0.722795 0
0.906646 0.719981 0
0.904814 0.721184 0
0.922324 0.693309 0
0.945805 0.656468 0
0.958999 0.631068 1
0.965593 0.614391 0
0.968108 0.60055 0
0.959257 0.605136 0
0.927981 0.635275 0
0.868428 0.68566 0
0.796865 0.730836 0
0.730115 0.766214 0
0.660763 0.79891 0
0.608524 0.819382 0
0.56169 0.835406 0
0.519029 0.847232 0
0.502413 0.847651 1
0.505908 0.841069 0
0.504415 0.836289 0
0.49066 0.836857 0
0.473283 0.838756 0
0.470265 0.831865 0
0.465994 0.822092 0
0.460974 0.813493 0
0.444165 0.8098 0
0.429393 0.80283 0
0.417152 0.794601 0
0.410695 0.783844 0
0.401418 0.771554 0
0.379848 0.757809 0
0.360249 0.739071 0
0.341288 0.715054 0
0.316951 0.690247 0
0.294757 0.670459 0
0.262881 0.64643 0
0.224264 0.603215 0
0.199217 0.561722 0
0.176276 0.516645 0
0.152237 0.459781 0
0.140079 0.418192 0
0.136519 0.388947 0
0.132974 0.379123 0
0.126897 0.362913 0
0.11903 0.34073 0
0.1123 0.327027 0
0.108491 0.320635 0
0.0988998 0.310771 0
0.0912915 0.316166 0
0.0891972 0.313688 1
0.0850015 0.309744 0
0.0803067 0.305104 0
0.0745267 0.306712 0
0.0701884 0.302364 0
0.0657917 0.296393 0
0.0612048 0.296375 0
0.0599567 0.297323 0
0.0566511 0.293181 0
0.0494708 0.287847 0
0.0463084 0.285693 0
0.0436548 0.277389 0
0.0467079 0.292653 0
0.0467379 0.293584 0
0.0468322 0.291727 0
0.0460034 0.286288 0
0.0437222 0.279812 0
0.0426868 0.278437 0
0.0457873 0.273999 0
0.0516354 0.25739 0
0.0580071 0.234088 0
0.0636798 0.206691 0
0.0731048 0.185223 0
0.0931509 0.17484 0
0.108222 0.162028 0
0.128477 0.135151 0
0.152748 0.100735 0
0.177612 0.0728132 0
0.201732 0.056125 1
0.223827 0.0466221 0
0.242878 0.0392088 0
0.26248 0.0254171 0
0.283273 0.0141646 0
0.304269 0.00541523 0
0.320106 0 0
0.332509 0.0012923 0
0.342864 0.0100586 0
0.357956 0.0134617 0
0.380061 0.012621 0
0.406041 0.0155545 0
0.425861 0.0217477 0
0.445279 0.0243373 0
0.485425 0.0174429 0
0.510006 0.0291689 0
0.535337 0.0392598 0
0.555773 0.0415898 0
0.583659 0.0485501 1
0.610125 0.0565015 0
0.640971 0.0686651 0
0.676718 0.083526 0
0.707886 0.0977595 0
0.732922 0.10984 0
0.757076 0.127382 0
0.781284 0.148988 0
0.810591 0.170666 0
0.841935 0.194959 0
0.86483 0.217529 1
0.884269 0.239704 0
0.904252 0.267611 0
0.921409 0.298606 0
0.935936 0.330758 0
0.949348 0.360668 0
0.960434 0.390903 0
0.969841 0.424108 0
0.979391 0.457471 0
0.985775 0.490749 0
0.992014 0.520451 0
0.999405 0.566452 0
0.998772 0.594805 0
1 0.629317 0
0.989415 0.668831 0
0.984144 0.682099 0
0.977112 0.698144 0
0.965682 0.717357 0
0.959413 0.725399 0
0.95712 0.729893 0
0.951209 0.738781 0
0.952866 0.738289 0
0.966729 0.724362 0
0.971056 0.721973 0
0.96912 0.728089 0
0.972744 0.725263 0
0.979517 0.717249 0
0.987501 0.706679 0
0.992553 0.698535 0
0.99382 0.698039 0
0.995906 0.650669 0
0.991927 0.628899 0
0.98269 0.620569 0
0.970283 0.624425 0
0.954808 0.641331 0
0.931169 0.672391 0
0.894509 0.715676 0
0.843381 0.764268 0
0.794691 0.800346 0
0.735372 0.833579 0
0.674756 0.859885 0
0.626054 0.869671 0
0.612625 0.866215 0
0.617624 0.859729 0
0.620075 0.855689 0
0.609783 0.85405 0
0.599435 0.849831 0
0.588642 0.844588 0
0.557812 0.846927 0
0.531838 0.843389 0
0.512752 0.836047 1
0.498268 0.825757 0
0.481387 0.816806 0
0.476461 0.800379 0
0.462212 0.781774 0
0.45296 0.7656 0
0.453258 0.749338 0
0.424331 0.750922 0
0.40563 0.744911 0
0.368102 0.743483 0
0.338318 0.740411 1
0.32057 0.733576 0
0.309736 0.722621 0
0.291697 0.716661 0
0.272866 0.71307 0
0.254812 0.709522 0
0.236482 0.705273 0
0.216982 0.699138 0
0.197984 0.695631 0
0.17937 0.690272 0
0.165267 0.684019 0
0.1525 0.678559 0
0.137052 0.676234 0
0.114426 0.67271 0
0.100293 0.666659 1
0.0810577 0.665026 0
0.0644384 0.662976 0
0.063814 0.649937 0
0.0615119 0.644814 0
0.0588734 0.64254 0
0.0549428 0.63984 0
0.048047 0.632237 0
0.0397948 0.622318 0
0.0321828 0.611793 0
0.0256078 0.606894 0
0.0218551 0.597698 0
0.0215329 0.582189 0
0.0213107 0.56686 0
0.0163963 0.558058 0
0.00934106 0.553275 0
0.00291816 0.551217 0
0 0.54732 0
0.000721831 0.535982 1
0.00192215 0.523385 0
0.0267639 0.50128 0
0.042355 0.472317 0
0.0557038 0.433182 0
0.0706631 0.392663 0
0.0839229 0.355265 1
0.0945619 0.324976 0
0.103541 0.29869 0
0.109878 0.276734 0
0.131525 0.243325 0
0.14362 0.219339 0
0.165805 0.192335 0
0.180346 0.174842 0
0.1977 0.153216 0
0.215605 0.135801 0
0.233468 0.125833 0
0.254133 0.116288 0
0.277832 0.10381 0
0.307119 0.0876504 0
0.342577 0.0682475 0
0.365493 0.0589425 0
0.381352 0.0550647 1
0.403664 0.0508991 0
0.438406 0.0417307 0
0.474253 0.0332337 0
0.510324 0.0236927 0
0.521907 0.0308146 0
0.563404 0.0226271 0
0.590447 0.0274759 0
0.62507 0.0313642 0
0.66478 0.0431144 0
0.697713 0.0546886 0
0.740732 0.064444 0
0.805841 0.0814335 0
0.807473 0.105631 0
0.954273 0.158085 0
0.842601 0.154241 0
0.828544 0.183857 0
0.844089 0.227699 0
0.864511 0.267392 0
0.853005 0.30484 0
0.947303 0.388077 0
0.876774 0.379703 0
0.816182 0.421154 0
0.817865 0.467935 0
0.820069 0.516374 0
0.838078 0.806803 0
0.815823 0.544377 0
0.811128 0.546327 0
0.813225 0.680917 0
0.811168 1 0
0.810237 0.847167 0
0.810792 0.75074 0
0.811119 0.748309 0
0.81132 0.723527 0
