0.662129 0.212585 0
0.653177 0.206011 0
0.645849 0.2019 0
0.638784 0.196188 0
0.631224 0.190804 0
0.622969 0.18475 0
0.616261 0.174335 0
0.609856 0.174111 0
0.604638 0.165777 0
0.599565 0.157985 0
0.593408 0.155211 0
0.588552 0.152236 0
0.586132 0.144269 0
0.582516 0.135439 0
0.578824 0.128045 0
0.576742 0.119208 0
0.57627 0.102736 0
0.572915 0.0980609 0
0.571063 0.0931809 0
0.571149 0.0872645 0
0.572944 0.0822993 0
0.57386 0.076268 0
0.573356 0.0673564 0
0.57341 0.0602093 0
0.57372 0.0545598 0
0.575154 0.0510556 0
0.576988 0.0471272 0
0.579038 0.0408566 0
0.58039 0.0365754 0
0.582654 0.0352667 0
0.585485 0.0332345 0
0.586583 0.0290038 0
0.587203 0.0258707 0
0.586333 0.0253971 0
0.586357 0.0228956 0
0.588947 0.0168848 0
0.592308 0.0145225 1
0.595067 0.0138625 0
0.595947 0.0115729 0
0.597055 0.00858906 0
0.599593 0.00696243 0
0.601205 0.00474621 0
0.600484 0.00211072 0
0.596434 0 0
0.575378 0.00401148 0
0.554544 0.00917121 0
0.537217 0.0157565 0
0.522494 0.0204914 0
0.51311 0.0229412 0
0.503172 0.0263528 0
0.492668 0.0307315 0
0.482091 0.0345243 0
0.471546 0.0403909 0
0.46093 0.0476474 0
0.448071 0.0513581 1
0.437036 0.057132 0
0.426715 0.0670665 0
0.415969 0.0760381 0
0.402478 0.084824 0
0.38831 0.09488 0
0.374748 0.101208 0
0.35776 0.111158 0
0.347231 0.125193 0
0.338739 0.13991 0
0.321512 0.158005 0
0.306583 0.179106 0
0.304477 0.19703 1
0.305388 0.211592 0
0.301326 0.22879 0
0.298289 0.246835 0
0.295397 0.259037 0
0.286375 0.273087 0
0.277315 0.290037 0
0.233162 0.31739 0
0.236771 0.335619 0
0.235269 0.350667 0
0.239816 0.367992 0
0.239696 0.378207 0
0.235439 0.388527 1
0.227572 0.409914 0
0.217618 0.430362 0
0.202127 0.447146 0
0.194247 0.464951 0
0.190818 0.48097 0
0.184279 0.498133 0
0.18644 0.519337 0
0.185315 0.537771 0
0.17841 0.55975 0
0.176328 0.572395 0
0.174538 0.589299 0
0.172064 0.610782 0
0.170133 0.625228 0
0.175822 0.645684 0
0.171864 0.657898 0
0.171613 0.672232 0
0.17406 0.690645 0
0.175722 0.711827 0
0.174996 0.729634 0
0.175403 0.743067 0
0.178789 0.757574 0
0.178876 0.767097 0
0.175423 0.779224 0
0.172486 0.792746 1
0.17222 0.805813 0
0.172164 0.819619 0
0.173385 0.832953 0
0.17549 0.84136 0
0.180153 0.849949 0
0.185719 0.858177 0
0.187147 0.864146 0
0.190067 0.870277 0
0.198197 0.879187 0
0.206826 0.888574 0
0.216638 0.899315 0
0.229535 0.910401 0
0.243694 0.920402 0
0.257951 0.929432 0
0.277709 0.938337 0
0.305514 0.947135 0
0.33322 0.95586 0
0.359519 0.964697 0
0.381089 0.971849 0
0.393233 0.975429 1
0.398683 0.977989 0
0.40282 0.984199 0
0.407815 0.987297 0
0.412814 0.987101 0
0.416196 0.98603 0
0.417414 0.984679 0
0.416865 0.982595 0
0.415271 0.980231 0
0.413703 0.978947 0
0.411022 0.976981 0
0.406356 0.972966 0
0.402936 0.968057 0
0.403336 0.964657 0
0.405722 0.961608 0
0.405725 0.955031 0
0.40286 0.947293 1
0.403259 0.940217 0
0.40698 0.9325 0
0.411862 0.925785 0
0.41646 0.918367 0
0.419533 0.909298 0
0.420238 0.899207 0
0.4199 0.887809 0
0.419348 0.874871 0
0.419437 0.861757 0
0.41837 0.850317 1
0.417606 0.835759 0
0.419183 0.821669 0
0.423604 0.804236 0
0.429086 0.789983 0
0.431781 0.773854 0
0.435329 0.758336 0
0.454641 0.738321 0
0.484913 0.714902 0
0.511787 0.693129 0
0.534124 0.672556 0
0.553164 0.650667 0
0.574373 0.625475 0
0.604322 0.597029 0
0.635522 0.566776 0
0.668522 0.533188 0
0.695112 0.499419 0
0.712193 0.465615 0
0.721113 0.442113 0
0.726314 0.422104 0
0.733586 0.392595 0
0.736665 0.36373 0
0.735725 0.344458 0
0.734197 0.324205 0
0.731275 0.304288 0
0.726451 0.28864 0
0.72026 0.273423 0
0.713821 0.260145 0
0.707062 0.250493 0
0.698922 0.243208 0
0.690097 0.233028 0
0.683965 0.226424 0
0.676609 0.215496 0
0.665936 0.206841 0
0.653273 0.195953 0
0.644047 0.187529 0
0.639565 0.183033 0
0.634551 0.174571 0
0.626806 0.161345 0
0.621227 0.154635 0
0.619572 0.150044 0
0.61858 0.141522 0
0.617503 0.134918 0
0.61833 0.129285 0
0.622774 0.119939 0
0.622194 0.119702 0
0.624583 0.11273 0
0.625941 0.111801 0
0.628584 0.109331 0
0.630681 0.106073 0
0.633435 0.0998626 0
0.637265 0.0947356 0
0.640278 0.0928648 0
0.643623 0.0884402 0
0.646171 0.0850194 0
0.648636 0.0825399 0
0.653022 0.0776176 0
0.656252 0.0729749 0
0.659396 0.0690696 0
0.663964 0.0640073 0
0.668036 0.059459 0
0.672859 0.0566043 0
0.680945 0.0538011 0
0.691271 0.0508411 0
0.699631 0.0498267 0
0.713238 0.0527645 0
0.755469 0.0641116 0
0.874955 0.13779 0
0.897688 0.158115 1
0.909403 0.16764 0
0.891025 0.140017 0
0.925597 0.17137 0
1 0.381574 1
0.159571 0.422816 0
0.192912 0.260342 1
0.256046 0.178409 0
0.345352 0.115338 0
0.406457 0.0919487 0
0.426151 0.0898306 0
0.429778 0.0918373 0
0.434036 0.0939885 0
0.449199 0.102033 0
0.446847 0.111264 0
0.436363 0.116864 0
0.432405 0.119802 0
0.420724 0.128428 0
0.427648 0.143211 0
0.42579 0.154603 0
0.421469 0.162622 0
0.414787 0.169515 0
0.408157 0.175804 0
0.405576 0.184495 0
0.398197 0.192383 0
0.390469 0.201278 0
0.385285 0.211588 0
0.38192 0.224931 0
0.374469 0.237581 0
0.361826 0.24622 0
0.365994 0.255033 0
0.368305 0.278612 0
0.357925 0.275853 0
0.345131 0.291712 0
0.335882 0.302524 0
0.329548 0.312371 0
0.325595 0.32403 0
0.312723 0.339136 0
0.293022 0.357089 0
0.273472 0.371719 0
0.27386 0.379274 0
0.260941 0.396965 0
0.246293 0.409151 0
0.229074 0.417411 0
0.234387 0.430402 0
0.228423 0.437737 0
0.213348 0.456337 0
0.20876 0.453564 0
0.207095 0.470646 0
0.190726 0.4849 0
0.16908 0.499374 0
0.150663 0.507583 0
0.138334 0.522081 1
0.127373 0.534343 0
0.113778 0.545871 0
0.0982443 0.557981 0
0.0862489 0.568697 0
0.0794971 0.58041 0
0.0691299 0.593399 0
0.0618277 0.60488 0
0.0501599 0.609276 0
0.0370015 0.615207 0
0.0281043 0.624147 0
0.021341 0.632878 0
0.0158089 0.646187 1
0.00658085 0.6575 0
0 0.6664 0
0.00107714 0.680682 0
0.00164223 0.694551 0
0.00313406 0.710438 0
0.00705034 0.726711 0
0.011937 0.742417 0
0.0412552 0.773467 0
0.0712808 0.804137 0
0.103024 0.834299 1
0.179874 0.889851 0
0.290221 0.943551 0
0.358618 0.965438 0
0.455527 0.984382 0
0.530716 0.992445 0
0.585049 0.994311 0
0.670982 0.983367 0
0.747423 0.970599 0
0.791989 0.959565 0
0.815169 0.952438 1
0.815755 0.952789 0
0.778285 0.961137 0
0.757796 0.971235 0
0.715489 0.981031 0
0.691279 0.989068 0
0.670004 0.994922 0
0.629644 1 0
0.572135 0.998979 0
0.510793 0.993791 0
0.463473 0.987854 0
0.416677 0.97779 0
0.359299 0.96134 0
0.215433 0.906807 0
0.120574 0.844694 0
0.125465 0.838007 0
0.149695 0.835976 1
0.175295 0.835577 0
0.203133 0.837615 0
0.232809 0.839181 0
0.261752 0.841081 0
0.289019 0.84411 0
0.318761 0.84543 0
0.356729 0.845251 0
0.396788 0.841959 0
0.428234 0.840633 0
0.466688 0.834781 0
0.499754 0.829284 0
0.530821 0.822394 0
0.563378 0.813203 0
0.600843 0.801435 0
0.647297 0.786567 0
0.688396 0.770686 0
0.725924 0.751699 0
0.754614 0.72401 0
0.781984 0.713549 0
0.817221 0.682905 0
0.8423 0.653937 0
0.855793 0.629842 1
0.883665 0.598343 0
0.901785 0.571397 0
0.921424 0.541853 0
0.90962 0.529093 0
0.95674 0.419616 0
0.89311 0.503194 0
0.940242 0.33109 0
0.929212 0.356037 0
0.915791 0.371908 0
0.890181 0.400409 1
0.880813 0.378228 0
0.861953 0.387859 0
0.846036 0.38028 0
0.830003 0.37425 0
0.837941 0.366445 0
0.808848 0.364554 0
0.772566 0.357919 0
0.748482 0.364041 0
0.733976 0.359273 0
0.71382 0.358364 0
0.681941 0.354948 0
0.661578 0.354639 0
0.652326 0.356285 0
0.621705 0.357117 0
0.585758 0.356639 0
0.561619 0.356354 0
0.538937 0.356484 0
0.523506 0.356313 0
0.495996 0.357063 0
0.47184 0.35669 0
0.47139 0.356915 0
0.451571 0.356822 0
0.44477 0.357126 0
0.43128 0.357133 0
0.420867 0.357168 0
0.432572 0.357213 0
