0.933663 0.610269 1
0.921036 0.633315 0
0.89966 0.65049 0
0.905825 0.678816 0
0.861917 0.66028 0
0.842672 0.662932 0
0.825229 0.66979 0
0.825424 0.690946 0
0.820578 0.704347 1
0.820578 0.704347 0
0.820578 0.704347 0
0.820578 0.704347 0
0.820578 0.704347 0
0.820578 0.704347 0
0.820578 0.704347 0
0.820578 0.704347 0
0.820578 0.704347 0
0.820579 0.704347 0
0.820563 0.704362 0
0.820476 0.704281 0
0.817715 0.703749 0
0.801856 0.714401 0
0.647529 0.621887 0
0.516515 0.538736 0
0.484456 0.520381 0
0.455742 0.49314 0
0.426654 0.457798 0
0.370643 0.4856 0
0 0.59302 0
0.0105418 0.537071 0
0.0114317 0.534259 0
0.0208226 0.537036 0
0.0224492 0.553382 0
0.0176855 0.560831 0
0.0349416 0.553512 0
0.0378726 0.533828 0
0.29941 0.371515 0
0.291847 0.33654 0
0.303469 0.346111 0
0.309853 0.358202 0
0.31803 0.358764 0
0.370524 0.32798 0
0.35321 0.284672 0
0.38633 0.255349 0
0.396144 0.221144 0
0.450301 0.206506 0
0.466248 0.180645 0
0.488692 0.156132 0
0.504666 0.131158 0
0.510021 0.110716 0
0.525752 0.0982784 1
0.529391 0.0913612 0
0.53742 0.0863882 0
0.572239 0 0
0.04157 0.344875 0
0.0682613 0.373807 0
0.0691777 0.387269 1
0.0723588 0.383452 0
0.0972408 0.386737 0
0.107821 0.819424 0
0.0940355 0.796503 0
0.0974777 0.801665 0
0.0899686 0.808003 0
0.0874629 0.811168 0
0.0873866 0.81304 1
0.0812021 0.809967 0
0.0729204 0.806491 0
0.0726065 0.804265 0
0.0523642 0.818862 0
0.0571115 0.815211 0
0.0543551 0.817357 0
0.0487723 0.829986 0
0.057978 0.821484 0
0.0572612 0.830185 0
0.0611522 0.829754 0
0.0521078 0.840062 0
0.109445 0.828253 0
0.116812 0.824418 0
0.131009 0.836572 0
0.164699 0.841608 0
0.182751 0.8776 0
0.198464 0.861359 0
0.225707 0.864297 0
0.281011 0.901692 0
0.327878 0.924513 0
0.405077 0.973375 0
0.457005 1 0
0.499937 0.992145 0
0.525718 0.991044 0
0.570639 0.991405 0
0.59312 0.967608 0
0.642376 0.973817 0
0.693409 0.90409 0
0.697078 0.856926 0
0.708561 0.831261 0
0.721101 0.824144 0
0.747294 0.796842 0
0.817006 0.66945 0
0.816104 0.690713 0
0.820807 0.706027 0
0.812975 0.702016 0
0.798821 0.698559 0
0.781991 0.692125 0
0.771473 0.683126 0
0.752213 0.616243 0
0.0714112 0.603362 0
0.0191494 0.509214 0
0.02329 0.516274 0
0.0241315 0.529066 0
0.0223175 0.527643 0
0.0187829 0.528273 0
0.0156023 0.530157 0
0.0120041 0.532182 0
0.0114535 0.53221 0
0.0114865 0.532141 0
0.0114805 0.53215 0
0.0114809 0.532148 0
0.0114809 0.532148 0
0.0114809 0.532148 0
0.0114809 0.532148 0
0.0114809 0.532148 1
0.311565 0.315569 0
0.0125603 0.57081 0
0.0435338 0.566562 0
0.30743 0.308922 0
0.29747 0.334963 0
0.290518 0.330412 0
0.290899 0.329989 0
0.290808 0.329957 0
0.290778 0.329934 0
0.290776 0.329928 1
0.301531 0.307478 0
0.325408 0.294107 0
0.332673 0.276944 0
0.320926 0.232804 0
0.35599 0.200196 0
0.403308 0.170285 0
0.418186 0.156386 0
0.491681 0.162864 0
0.498069 0.157621 0
0.504933 0.14497 0
0.532425 0.16894 0
0.737038 0.458913 0
