0.976084 0.270054 0
0.974992 0.26753 0
0.974974 0.26709 0
0.974799 0.266958 0
0.974692 0.266859 1
0.974645 0.266919 0
0.974723 0.26683 0
0.974962 0.268407 0
0.978402 0.260526 0
0.978198 0.260388 0
0.977966 0.260108 0
0.978161 0.271576 0
0.966068 0.258538 0
0.977523 0.259308 0
0.977888 0.260683 0
0.978024 0.260498 0
0.978043 0.260487 0
0.977589 0.260534 0
0.968182 0.255478 0
0.967476 0.256954 0
0.978621 0.267893 0
0.987201 0.251238 0
0.984882 0.251545 0
0.984604 0.251388 0
0.983221 0.251309 0
0.96692 0.237206 0
0.983136 0.250921 0
0.985102 0.251503 0
0.984963 0.25161 0
0.98501 0.251474 0
0.98524 0.249647 0
0.974723 0.271757 0
0.965938 0.236428 0
0.966581 0.236312 0
0.98303 0.249528 0
0.965448 0.236172 0
0.965035 0.237829 0
0.967704 0.234394 0
0.968459 0.255501 1
0.965099 0.233934 0
0.979551 0.247824 0
0.98051 0.247346 0
0.977257 0.242301 0
0.97992 0.244309 0
0.965407 0.235608 0
0.965706 0.236304 0
0.966451 0.236126 0
0.967078 0.235998 0
0.967448 0.236215 0
0.968203 0.236084 0
0.968989 0.236041 0
0.967652 0.234409 0
0.987943 0.254087 0
0.986286 0.26235 0
0.977673 0.261587 0
0.978041 0.260935 0
0.977941 0.259853 0
0.984992 0.2639 0
0.965215 0.258057 0
0.988737 0.261726 0
0.978019 0.261333 0
0.994368 0.26003 0
0.977844 0.260458 0
0.984001 0.250807 0
0.983646 0.251547 0
0.977687 0.260325 0
0.97803 0.260975 0
0.978095 0.260916 0
0.978084 0.260929 1
0.978091 0.260944 0
0.97811 0.260942 0
0.978095 0.260992 0
0.978076 0.261826 0
0.982907 0.266282 0
0.978144 0.261678 0
0.983264 0.266523 0
0.978549 0.261691 0
0.978413 0.260986 0
0.978536 0.260506 0
0.983386 0.264526 0
0.984291 0.263135 0
0.984205 0.262453 0
0.984215 0.261975 0
0.984147 0.261939 0
0.984133 0.261916 1
0.984239 0.261974 0
0.984339 0.261908 0
0.984929 0.261981 0
0.984888 0.2619 0
0.985066 0.261841 0
0.984917 0.261777 0
0.984677 0.261706 0
0.984593 0.261691 0
0.985011 0.261698 0
0.984818 0.261574 0
0.985488 0.261566 0
0.986174 0.261441 0
0.986001 0.261191 0
0.987188 0.261 0
0.986695 0.260885 0
0.986671 0.260768 0
0.986254 0.260947 0
0.988429 0.260362 0
0.987773 0.260545 0
0.987419 0.260665 0
0.98929 0.259689 0
0.990977 0.259677 0
0.993481 0.259647 0
0.993285 0.259446 0
0.99544 0.258153 0
0.995663 0.25699 0
0.99613 0.257799 0
0.996563 0.258072 0
0.996507 0.257875 0
0.997545 0.257599 0
0.998139 0.257235 0
0.997369 0.256544 0
0.99702 0.254083 0
0.998314 0.254007 0
0.997986 0.255853 0
0.997635 0.255727 1
0.997609 0.255594 0
0.997785 0.255446 0
0.997678 0.255608 0
0.997678 0.25567 0
0.997772 0.255499 0
0.997781 0.253761 0
0.997327 0.255101 0
0.995876 0.25425 0
0.996888 0.254226 0
0.99564 0.254125 0
0.997367 0.255112 0
0.994077 0.254023 0
0.991032 0.250846 0
0.99467 0.254642 0
0.997029 0.254086 0
0.994424 0.253818 0
0.997391 0.254465 0
0.99456 0.253612 0
0.996531 0.254018 0
0.993133 0.251178 0
0.997449 0.25381 0
0.992754 0.253292 0
0.995275 0.253573 0
0.992217 0.254786 0
0.994337 0.254891 0
0.992472 0.250693 0
0.994766 0.254877 0
0.989885 0.25467 0
0.990412 0.255265 0
0.991127 0.253021 0
0.989481 0.254894 0
0.987637 0.256391 0
0.987588 0.249644 0
0.987274 0.254541 0
0.990493 0.255092 0
0.988263 0.2542 0
0.986192 0.25339 0
0.985975 0.252729 0
0.985554 0.252745 0
0.985758 0.25235 0
0.984986 0.252225 0
0.985071 0.252072 0
0.985248 0.251768 0
0.985012 0.2516 1
0.985028 0.251522 0
0.985051 0.251495 0
0.98501 0.251584 0
0.985012 0.2516 0
0.985012 0.2516 0
0.985012 0.2516 0
0.985012 0.2516 0
0.985012 0.2516 0
0.985012 0.2516 0
0.985008 0.2516 0
0.984989 0.251571 0
0.985072 0.251552 0
0.984853 0.251942 0
0.987835 0.251255 0
0.968886 0.233894 0
0.987676 0.248751 0
0.980167 0.24558 0
0.965151 0.235434 0
0.966651 0.236049 0
0.966481 0.236003 0
0.966309 0.235702 0
0.966095 0.235317 0
0.965676 0.234979 0
0.966666 0.234265 0
0.965999 0.233757 0
0.966378 0.234224 0
0.965794 0.233518 0
0.966141 0.233854 0
0.966011 0.233455 0
0.96627 0.233104 0
0.96632 0.232501 0
0.966302 0.232434 0
0.965794 0.232265 0
0.966178 0.232184 0
0.966185 0.232686 0
0.965952 0.232067 0
0.965841 0.23266 0
0.965841 0.232166 0
0.965848 0.232349 0
0.965706 0.232097 0
0.965299 0.232152 0
0.96556 0.231835 0
0.965179 0.231737 0
0.96507 0.231602 0
0.964952 0.231432 0
0.965162 0.231464 0
0.965419 0.231242 0
0.965328 0.231112 0
0.965622 0.231366 0
0.965649 0.231342 1
0.965626 0.231266 0
0.965778 0.231412 0
0.965959 0.231597 0
0.965795 0.231662 0
0.965966 0.230919 0
0.965369 0.23071 0
0.965513 0.231007 0
0.966042 0.231162 0
0.966289 0.231371 0
0.966752 0.231285 0
0.966993 0.231126 0
0.967223 0.231154 0
0.966876 0.232164 0
0.967179 0.232734 0
0.968389 0.232739 0
0.968744 0.233075 0
0.968635 0.233398 0
0.969612 0.233702 0
0.970119 0.234005 0
0.969626 0.234397 0
0.969841 0.234425 0
0.970037 0.234814 0
0.969665 0.23505 0
0.970876 0.234905 0
0.971245 0.234807 0
0.973131 0.234043 0
0.973064 0.234171 0
0.976238 0.232354 0
0.972045 0.232653 0
0.98418 0.242121 0
0.981808 0.246526 0
0.988004 0.242382 0
0.987289 0.243278 0
0.986909 0.243421 0
0.987541 0.243713 0
0.987752 0.246461 0
0.987767 0.244814 0
0.987813 0.244968 0
0.987595 0.245081 0
0.987878 0.244158 0
0.98286 0.249576 0
0.987857 0.245376 0
0.982921 0.248408 0
0.986353 0.245559 0
0.994115 0.24849 0
0.98695 0.246463 0
0.993334 0.249512 0
0.986101 0.247383 0
0.990585 0.24861 0
0.985694 0.245607 0
0.991056 0.250656 0
0.984961 0.24762 1
0.987494 0.256313 0
0.984135 0.247176 0
0.99446 0.249244 0
0.98525 0.247019 0
0.982591 0.249436 0
0.985444 0.246687 0
0.980837 0.250932 0
0.982691 0.250315 0
0.983052 0.249756 0
0.986168 0.244702 0
0.981492 0.250448 0
0.981991 0.249922 0
0.981924 0.249306 0
1 0.253435 0
0.980827 0.251191 0
0.981088 0.250476 0
0.981226 0.250376 0
0.981203 0.250281 0
0.980997 0.250237 0
0.981177 0.249977 0
0.980996 0.249057 0
0.981091 0.24922 0
0.981128 0.249791 0
0.980908 0.249877 0
0.980764 0.248899 0
0.980772 0.249576 1
0.980798 0.249537 0
0.980763 0.24956 0
0.980792 0.249502 0
0.980774 0.249447 0
0.98094 0.249242 0
0.979922 0.248345 0
0.958648 0.234968 0
0.95925 0.237233 0
0.958459 0.237337 0
0.958455 0.237414 0
0.959098 0.235956 0
0.957007 0.237347 0
0.957264 0.2374 0
0.957284 0.237499 0
0.957298 0.237106 0
0.956981 0.237429 0
0.956443 0.237677 0
0.956126 0.237735 0
0.955809 0.2378 0
0.955704 0.237835 0
0.955671 0.237927 0
0.955609 0.23802 1
0.955575 0.23799 0
0.955509 0.23802 0
0.95689 0.237221 0
0.956483 0.237476 0
0.956425 0.237636 0
0.956257 0.237741 0
0.956259 0.237737 0
0.956685 0.237015 0
0.956773 0.237669 0
0.957498 0.237212 0
0.957479 0.237728 0
0.956945 0.23849 0
0.975698 0.237879 0
0.975414 0.23754 0
0.975209 0.238406 0
0.975413 0.239373 1
0.974258 0.24082 0
0.982853 0.24977 0
0.983057 0.255002 0
0.983619 0.256883 0
0.983124 0.257232 0
0.982929 0.257745 0
0.982824 0.258136 0
0.982388 0.258413 0
0.982098 0.258806 0
0.982054 0.259133 0
0.981942 0.259492 0
0.9816 0.259611 1
0.982219 0.258509 0
0.976476 0.255675 0
0.976013 0.255441 0
0.973997 0.263021 0
0.975306 0.262887 0
0.975015 0.262616 0
0.975235 0.263817 0
0.974416 0.263432 0
0.974964 0.263661 0
0.974972 0.263293 0
0.974978 0.26343 0
0.974932 0.26345 1
0.974952 0.263435 0
0.973267 0.262426 0
0.95902 0.260888 0
0.961041 0.25482 0
0.968342 0.248718 0
0.973811 0.263606 0
0.973552 0.262993 0
0.970865 0.254147 0
0.970034 0.254258 0
0.969818 0.25441 0
0.969553 0.254537 0
0.969372 0.25458 1
0.969426 0.254409 0
0.969369 0.254453 0
0.969355 0.254423 0
0.969474 0.254221 0
0.968806 0.253892 0
0.960375 0.251028 0
0.960011 0.25096 0
0.959947 0.250904 0
0.959798 0.251085 0
0.959709 0.251262 0
0.959498 0.251432 0
0.959196 0.25137 1
0.959217 0.251421 0
0.958409 0.252705 0
0.95046 0.256316 0
0.948366 0.257822 0
0.94441 0.259425 0
0.943468 0.260205 0
0.942943 0.261194 0
0.941795 0.261625 0
0.939882 0.261982 0
0.939644 0.262945 0
0.938702 0.263957 0
0.938777 0.265166 0
0.939575 0.266361 0
0.938885 0.267256 1
0.937645 0.267541 0
0.936667 0.268468 0
0.935179 0.269029 0
0.934973 0.269321 0
0.928876 0.272276 0
0.922807 0.279042 0
0.921566 0.280684 0
0.921415 0.281398 0
0.920933 0.281599 0
0.920401 0.282211 1
0.920391 0.282205 0
0.920226 0.282295 0
0.92017 0.282436 0
0.91808 0.283904 0
0.915039 0.286179 0
0.908904 0.288954 0
0.906422 0.288696 0
0.905494 0.288216 0
0.903979 0.287842 0
0.90322 0.287969 0
0.902748 0.287869 0
0.902234 0.287803 0
0.901558 0.287498 0
0.901167 0.287436 1
0.90115 0.287494 0
0.901182 0.287462 0
0.901238 0.287808 0
0.900928 0.288396 0
0.90473 0.291989 0
0.885897 0.307302 0
0.887606 0.306946 0
0.887221 0.308022 0
0.88732 0.307872 0
0.887355 0.307794 0
0.887255 0.307587 0
0.886999 0.307938 0
0.886605 0.308219 0
0.886746 0.308477 0
0.886672 0.308642 0
0.886875 0.308719 0
0.887009 0.308752 0
0.887248 0.308774 1
0.888117 0.309292 0
0.889023 0.309432 0
0.890065 0.30976 0
0.891257 0.310171 0
0.892137 0.310542 0
0.893514 0.310168 0
0.894927 0.309861 0
0.896535 0.309052 0
0.899022 0.308991 0
0.900736 0.308481 0
0.902756 0.307243 0
0.904415 0.306464 1
0.905667 0.307549 0
0.908943 0.308579 0
0.908898 0.313157 0
0.91084 0.312814 0
0.912454 0.31356 0
0.914441 0.314038 0
0.916065 0.314539 0
0.918378 0.314138 1
0.9223 0.313935 0
0.924338 0.311293 0
0.928311 0.308865 0
0.930308 0.305588 0
0.930768 0.30102 0
0.93283 0.300114 0
0.934124 0.29838 0
0.933802 0.294045 1
0.933803 0.294044 0
0.93379 0.294039 0
0.933937 0.294213 0
0.935165 0.29504 0
0.933688 0.301034 0
0.899324 0.278065 1
0.897883 0.276295 0
0.894025 0.27785 0
0.892222 0.278172 0
0.889568 0.282185 0
0.888358 0.284493 0
0.887227 0.283546 0
0.886802 0.285457 0
0.885601 0.287291 0
0.884465 0.288551 0
0.884375 0.290458 1
0.883717 0.290885 0
0.882286 0.28975 0
0.88388 0.290381 0
0.884132 0.290516 0
0.882779 0.290909 0
0.877823 0.289311 0
0.820471 0.327981 0
0.813657 0.330162 0
0.812025 0.329856 0
0.811567 0.33009 0
0.811217 0.330265 0
0.810984 0.330276 1
0.811094 0.330272 0
0.811342 0.330661 0
0.816148 0.334677 0
0.750582 0.350473 0
0.746954 0.345433 0
0.747218 0.345068 0
0.74703 0.345169 0
0.746925 0.345202 0
0.746967 0.345181 0
0.746871 0.345225 0
0.746864 0.345231 0
0.746864 0.345231 1
0.746956 0.3453 0
0.748302 0.344903 0
0.753433 0.341155 0
0.718664 0.382057 0
0.722191 0.374281 0
0.721872 0.374887 0
0.721886 0.374904 0
0.721882 0.374907 0
0.721882 0.374907 0
0.721882 0.374907 0
0.721882 0.374907 0
0.721882 0.374907 0
0.721882 0.374907 0
0.721882 0.374907 1
0.721651 0.375425 0
0.721211 0.376311 0
0.72065 0.376825 0
0.720588 0.377785 0
0.720977 0.378563 0
0.72059 0.379124 0
0.720165 0.379664 0
0.720014 0.380539 0
0.719784 0.381192 0
0.719653 0.381915 0
0.719114 0.383093 0
0.72002 0.385168 0
0.719685 0.388113 0
0.719094 0.389715 0
0.718441 0.391262 0
0.718172 0.393889 1
0.716646 0.394777 0
0.715285 0.396237 0
0.713511 0.397049 0
0.711703 0.398503 0
0.708566 0.397997 0
0.706228 0.398641 0
0.705394 0.394287 0
0.703528 0.393808 1
0.703528 0.393808 0
0.703528 0.393807 0
0.703527 0.393806 0
0.703499 0.393805 0
0.703295 0.393823 0
0.702975 0.396533 0
0.710951 0.358453 0
0.709967 0.356803 0
0.708822 0.355549 0
0.708393 0.354997 1
0.710238 0.356274 0
0.713118 0.353776 0
0.717375 0.323147 0
0.717881 0.326263 0
0.717541 0.325803 0
0.717665 0.325876 1
0.718783 0.326773 0
0.720929 0.326256 0
0.721765 0.326998 0
0.72325 0.327223 0
0.724329 0.327519 0
0.725191 0.32754 1
0.728273 0.331722 0
0.730053 0.33506 0
0.732191 0.336267 0
0.734817 0.338815 0
0.736824 0.343509 0
0.742383 0.345771 1
0.73909 0.348356 0
0.779641 0.343973 0
0.776778 0.343246 0
0.777319 0.343702 1
0.777517 0.344958 0
0.779041 0.346674 0
0.777795 0.346647 0
0.79765 0.339001 0
0.79724 0.339064 0
0.797257 0.33881 1
0.799455 0.340728 0
0.796886 0.348083 0
0.783772 0.355486 0
0.783372 0.358432 0
0.781452 0.360239 0
0.780639 0.361619 1
0.776582 0.365879 0
0.77018 0.366387 0
0.765172 0.367636 0
0.759893 0.367131 1
0.757149 0.36939 0
0.755819 0.370177 0
0.741066 0.36785 0
0.737768 0.368231 0
0.734598 0.367721 0
0.733731 0.368398 1
0.733731 0.368399 0
0.733744 0.368399 0
0.733667 0.368565 0
0.73349 0.369163 0
0.731874 0.365607 0
0.706543 0.353886 1
0.703815 0.351888 0
0.695845 0.349721 0
0.68955 0.348485 0
0.685929 0.34706 0
0.681944 0.344194 0
0.676958 0.342622 1
0.670862 0.343041 0
0.665021 0.341984 0
0.656175 0.342957 0
0.649699 0.341121 0
0.644517 0.342745 0
0.637886 0.339535 1
0.629758 0.344199 0
0.621251 0.346494 0
0.610555 0.3451 0
0.601685 0.344919 0
0.594899 0.340888 0
0.585842 0.339434 1
0.578304 0.34004 0
0.564252 0.331564 0
0.551168 0.321658 0
0.546498 0.318591 0
0.536067 0.313976 0
0.530086 0.308707 1
0.524735 0.310424 0
0.519298 0.312069 0
0.513004 0.311984 0
0.494939 0.302818 0
0.500743 0.311246 0
0.476726 0.2962 0
0.47465 0.29654 0
0.465539 0.290112 1
0.455056 0.287723 0
0.445739 0.288142 0
0.437375 0.281918 0
0.426514 0.280308 0
0.411949 0.266362 0
0.396174 0.257668 1
0.382431 0.251757 0
0.368138 0.248992 0
0.362137 0.243007 0
0.349748 0.237232 0
0.341107 0.232471 0
0.33502 0.226056 1
0.320547 0.225168 0
0.311356 0.218466 0
0.299231 0.215511 0
0.28804 0.208834 0
0.274057 0.205176 0
0.269163 0.200188 1
0.257666 0.194702 0
0.254615 0.190196 0
0.23607 0.17713 0
0.223172 0.168436 1
0.217506 0.164435 0
0.212897 0.160791 0
0.199724 0.154683 0
0.177659 0.147664 0
0.165232 0.137161 0
0.164093 0.132819 1
0.143999 0.124761 0
0.138458 0.119533 0
0.128247 0.10888 0
0.120332 0.0997606 1
0.0983836 0.0930449 0
0.0857558 0.0808382 0
0.0509314 0.0652884 0
0.0823828 0.0750272 1
0.0763417 0.0702229 0
0.0725715 0.0661185 0
0.0586876 0.0549706 0
0.0402099 0.030367 1
0.039581 0.0283468 0
0.0326268 0.0296033 0
0 0.00468812 0
0.00509193 0 1
0.00861087 0.00643635 0
0.0145552 0.0182003 0
0.0187313 0.0179839 0
0.0213032 0.0178337 1
0.0565651 0.0167782 0
0.064588 0.0220496 0
0.0706644 0.0260023 0
0.0744269 0.0240149 0
0.0800771 0.0305816 0
0.0823654 0.0292265 1
0.0838797 0.0250437 0
0.088386 0.0230813 0
0.0968279 0.0286413 0
0.103585 0.0294021 0
0.116509 0.0454227 0
0.129509 0.063929 1
0.137273 0.0580273 0
0.160236 0.0480606 1
0.171889 0.0507753 0
0.177393 0.0512533 0
0.192051 0.0574206 0
0.203671 0.0626057 1
0.212449 0.0750181 0
0.22784 0.0934094 0
0.231169 0.0930692 0
0.234612 0.0924907 1
0.245539 0.0902687 0
0.262428 0.0997205 0
0.269562 0.101176 0
0.280332 0.107949 1
0.289662 0.109839 0
0.298384 0.113109 0
0.309538 0.124366 0
0.316818 0.124263 0
0.324976 0.128271 0
0.334269 0.134592 0
0.337046 0.136901 0
0.344512 0.141815 0
0.357581 0.150925 0
0.361734 0.156645 1
0.369212 0.158263 0
0.377311 0.16464 0
0.388472 0.167618 0
0.394817 0.175509 0
0.403174 0.180778 0
0.409159 0.1839 1
0.418645 0.18434 0
0.429721 0.183065 0
0.444755 0.180948 0
0.454293 0.181185 0
0.456762 0.184785 0
0.467925 0.184169 1
0.477126 0.183391 0
0.489848 0.183252 0
0.493457 0.18266 0
0.499204 0.185281 0
0.508302 0.187508 0
0.514622 0.187195 1
0.520369 0.18612 0
0.530196 0.186474 0
0.533485 0.188512 0
0.539934 0.188613 0
0.542523 0.18982 0
0.547002 0.191517 1
0.551281 0.193766 0
0.554813 0.194737 0
0.56094 0.19735 0
0.566518 0.199999 0
0.570841 0.200684 0
0.574476 0.202792 0
0.579837 0.205235 0
0.582645 0.207034 1
0.588289 0.210913 0
0.589865 0.211894 0
0.593601 0.212972 0
0.599799 0.218882 0
0.611196 0.226831 0
0.624329 0.233634 0
0.635624 0.243468 0
0.636274 0.244252 1
0.636902 0.24524 0
0.636855 0.246074 0
0.637501 0.24673 0
0.632379 0.233319 0
0.730316 0.266323 0
0.719131 0.274172 1
0.728288 0.276057 0
0.749427 0.279775 0
0.755913 0.283919 0
0.760378 0.286902 1
0.767471 0.28722 0
0.771957 0.289804 0
0.774575 0.293973 0
0.779802 0.29534 0
0.782069 0.300903 0
0.783726 0.304206 1
0.783986 0.304042 0
0.784994 0.30369 0
0.78944 0.303947 0
0.801167 0.325608 0
0.805061 0.329005 0
0.805196 0.329039 1
0.805092 0.328446 0
0.80104 0.328391 0
0.823353 0.371286 0
0.823643 0.372522 0
0.82416 0.372272 0
0.824482 0.372364 1
0.823983 0.372443 0
0.829272 0.370523 0
0.819303 0.428587 0
0.825744 0.418053 0
0.826738 0.418439 0
0.826719 0.418651 1
0.827807 0.424818 0
0.82872 0.439367 0
0.826801 0.449415 0
0.824901 0.457165 0
0.82539 0.466428 0
0.821539 0.474239 1
0.821638 0.474444 0
0.821417 0.474627 0
0.825693 0.469755 0
0.816974 0.553295 0
0.813207 0.551118 0
0.813331 0.551363 0
0.813088 0.551503 0
0.813083 0.551564 1
0.813323 0.551561 0
0.811496 0.55095 0
0.806407 0.582622 0
0.804957 0.584138 0
0.804689 0.584167 0
0.804657 0.584135 1
0.804519 0.584256 0
0.80433 0.584413 0
0.804161 0.58466 0
0.803973 0.58485 0
0.803764 0.58504 0
0.804319 0.586516 0
0.787307 0.617935 0
0.785972 0.616487 1
0.784459 0.618035 0
0.762859 0.65998 0
0.757945 0.65802 0
0.757748 0.65837 0
0.757636 0.658409 0
0.757626 0.658398 0
0.757625 0.658398 0
0.757625 0.658398 1
0.756732 0.665416 0
0.75319 0.66924 0
0.751086 0.676622 0
0.748049 0.680839 0
0.742981 0.685792 0
0.737208 0.689679 1
0.734948 0.694967 0
0.734597 0.698994 0
0.731904 0.702123 0
0.728818 0.706609 0
0.725634 0.712127 0
0.724043 0.713856 0
0.721261 0.717966 0
0.71819 0.719305 0
0.714709 0.723229 0
0.71123 0.72384 0
0.707371 0.726599 0
0.704902 0.728079 1
0.70316 0.732363 0
0.702148 0.734647 0
0.701192 0.739698 0
0.699073 0.743844 0
0.696556 0.746725 0
0.692916 0.751323 0
0.690533 0.752544 0
0.688026 0.755847 0
0.686421 0.758191 0
0.681325 0.762775 0
0.678156 0.764999 0
0.676794 0.766616 0
0.673729 0.768069 0
0.671698 0.768678 1
0.671054 0.770193 0
0.669852 0.770749 0
0.667748 0.771531 0
0.665796 0.772739 0
0.664326 0.772889 0
0.663526 0.776649 0
0.663309 0.777229 0
0.6625 0.77641 0
0.662141 0.776923 0
0.662333 0.778227 0
0.662538 0.77931 0
0.661769 0.780378 0
0.660765 0.779624 0
0.659434 0.779991 0
0.660361 0.78242 0
0.660841 0.783263 0
0.66104 0.783786 0
0.660786 0.784005 1
0.659954 0.784335 0
0.658669 0.784997 0
0.658355 0.785442 0
0.658794 0.785516 0
0.658769 0.78553 0
0.658797 0.785917 0
0.659071 0.786387 0
0.658715 0.786961 0
0.658296 0.787596 0
0.65826 0.788056 0
0.658188 0.788654 0
0.657945 0.789038 0
0.656705 0.78833 0
0.656363 0.789 0
0.656343 0.789798 0
0.656854 0.790232 0
0.657139 0.790501 0
0.657156 0.79077 0
0.657681 0.790991 0
0.657579 0.790953 0
0.656812 0.791 0
0.656474 0.791457 0
0.655402 0.791832 0
0.655642 0.791607 0
0.655714 0.791362 0
0.654909 0.791014 0
0.653724 0.790986 0
0.653356 0.790494 1
0.652587 0.790438 0
0.651412 0.789826 0
0.651105 0.789151 0
0.65059 0.789047 0
0.649762 0.787937 0
0.648144 0.78762 0
0.64646 0.786252 0
0.645317 0.784459 0
0.64408 0.783592 0
0.643484 0.782304 0
0.642785 0.780037 0
0.63839 0.77842 1
0.640291 0.776805 0
0.639764 0.774315 0
0.63977 0.771805 0
0.640021 0.768225 0
0.640527 0.765307 0
0.640107 0.763762 0
0.641021 0.760343 0
0.640553 0.758353 0
0.640442 0.755838 0
0.640049 0.753041 0
0.640104 0.750484 0
0.64131 0.747146 0
0.641774 0.744094 0
0.6417 0.741988 1
0.641974 0.739228 0
0.642087 0.735399 0
0.64346 0.731902 0
0.645261 0.726925 0
0.646043 0.724589 0
0.647245 0.721347 0
0.649639 0.717418 0
0.651447 0.714905 0
0.653406 0.710996 0
0.654843 0.70831 1
0.65725 0.703695 0
0.659562 0.700643 0
0.661719 0.697657 0
0.664426 0.693334 0
0.66882 0.690444 0
0.670063 0.686611 0
0.672577 0.683962 0
0.678055 0.679894 0
0.683456 0.676941 0
0.685341 0.674884 0
0.685442 0.672908 0
0.686446 0.670664 0
0.689344 0.667905 0
0.690759 0.66569 1
0.691265 0.661912 0
0.693915 0.658984 0
0.693892 0.657151 0
0.694937 0.654638 0
0.696744 0.652487 0
0.699107 0.651052 0
0.700376 0.647978 0
0.70162 0.646104 0
0.702543 0.644008 0
0.704169 0.642138 0
0.703912 0.640699 0
0.7048 0.639872 0
0.708761 0.637226 0
0.707321 0.636733 1
0.708244 0.635344 0
0.711066 0.631372 0
0.711866 0.629198 0
0.713327 0.627379 0
0.715376 0.626012 0
0.718656 0.62314 0
0.724806 0.620148 0
0.729099 0.616556 0
0.737852 0.615933 0
0.745327 0.617859 0
0.747886 0.616798 0
0.749376 0.616595 1
0.751857 0.614069 0
0.753307 0.612 0
0.756621 0.610294 0
0.760335 0.606845 0
0.764174 0.605667 0
0.768502 0.603993 0
0.778 0.611202 0
0.777587 0.610968 0
0.781698 0.613328 0
0.783287 0.614479 1
0.782957 0.612765 0
0.783789 0.610964 0
0.784972 0.608844 0
0.786917 0.608836 0
0.788019 0.609143 0
0.789303 0.609832 0
0.78971 0.610489 0
0.790311 0.611106 0
0.790109 0.612161 0
0.790251 0.612615 0
0.790416 0.612985 0
0.790302 0.613421 0
0.790188 0.613965 0
0.790142 0.614197 1
0.790591 0.614057 0
0.790893 0.614201 0
0.791073 0.614302 0
0.791483 0.614222 0
0.792202 0.614296 0
0.793503 0.614418 0
0.795691 0.614931 0
0.79681 0.615844 0
0.797326 0.617106 0
0.797785 0.618558 0
0.797476 0.619554 0
0.796803 0.620475 1
0.796827 0.620581 0
0.796933 0.62076 0
0.796977 0.620885 0
0.796951 0.620934 0
0.797076 0.621105 0
0.797012 0.621203 0
0.796576 0.619802 0
0.796433 0.605917 0
0.789309 0.603953 0
0.774012 0.580174 0
0.807976 0.567398 0
0.809705 0.568826 1
0.809679 0.568806 0
0.809513 0.568666 0
0.808265 0.569503 0
0.803225 0.496412 0
0.815647 0.500492 0
0.816653 0.499514 0
0.816519 0.499334 0
0.81646 0.499538 0
0.816437 0.499496 0
0.816584 0.499177 1
0.816584 0.499175 0
0.816552 0.499188 0
0.816367 0.499274 0
0.816032 0.499183 0
0.815194 0.503202 0
0.788333 0.51857 0
0.815692 0.393816 0
0.824758 0.393465 0
0.824603 0.394397 0
0.82451 0.394445 0
0.82419 0.394359 0
0.8242 0.39418 1
0.824073 0.393393 0
0.817494 0.392803 0
0.777834 0.321376 0
0.824012 0.397737 0
0.815248 0.344004 0
0.81252 0.341667 0
0.807556 0.335342 0
0.807084 0.335239 0
0.793514 0.333961 0
0.793036 0.336433 0
0.79331 0.336225 0
0.7934 0.336334 1
0.793397 0.336332 0
0.793387 0.336346 0
0.793397 0.336334 0
0.793395 0.336335 0
0.793366 0.336358 0
0.793516 0.336299 0
0.787367 0.337142 0
0.748222 0.308658 0
0.74717 0.314362 0
0.746425 0.313859 0
0.746366 0.313529 0
0.746239 0.313522 0
0.745887 0.313177 0
0.745649 0.313242 0
0.745557 0.31327 0
0.745499 0.313224 1
0.745497 0.313222 0
0.745485 0.313221 0
0.745463 0.313135 0
0.745665 0.31284 0
0.745847 0.312701 0
0.745832 0.312729 0
0.745658 0.312702 0
0.747036 0.307299 0
0.704536 0.279445 0
0.710007 0.277767 0
0.710478 0.276721 0
0.71061 0.276892 1
0.71051 0.276755 0
0.710281 0.276259 0
0.705236 0.279678 0
0.686463 0.251467 0
0.679206 0.241458 0
0.67334 0.237054 0
0.672551 0.234032 0
0.672221 0.233312 0
0.671659 0.23275 0
0.671722 0.232074 1
0.671551 0.230558 0
0.670405 0.227549 0
0.668264 0.225001 0
0.666254 0.222506 0
0.662432 0.219223 0
0.658516 0.217055 0
0.656652 0.215325 0
0.651642 0.21001 0
0.65238 0.208643 0
0.652612 0.208239 1
0.652703 0.207734 0
0.652728 0.20715 0
0.652432 0.206322 0
0.65211 0.20592 0
0.65396 0.205628 0
0.657857 0.206556 0
0.658206 0.205917 0
0.656261 0.203267 0
0.659166 0.204467 0
0.663298 0.20478 0
0.661933 0.203821 0
0.659739 0.203046 1
