0.955666 0.0787586 1
0.958758 0.0736896 0
0.960416 0.0747063 0
0.964589 0.0634374 0
0.967938 0.0560733 0
0.972207 0.04941 0
0.977631 0.038336 1
0.982577 0.0305252 0
0.986179 0.0263358 0
0.990735 0.0235885 0
0.993447 0.0202642 0
0.996653 0.0163379 0
1 0.0146932 1
0.995784 0.0111963 0
0.995554 0.00877493 0
0.99516 0.00751775 0
0.997889 0.00856988 0
0.99889 0.0108189 0
0.992325 0.0062684 1
0.984453 0.00123825 0
0.988018 0.00467257 0
0.98287 0.000665505 0
0.981994 0.00102575 0
0.977154 0 0
0.9753 0.000962102 0
0.975491 0.00230472 0
0.976272 0.00357282 0
0.975251 0.00484611 0
0.971128 0.00541428 0
0.968564 0.00701014 0
0.967257 0.00977459 1
0.96457 0.0142704 0
0.961773 0.0184319 0
0.960901 0.0230305 0
0.957693 0.0285901 0
0.953688 0.0342309 0
0.950351 0.0379932 0
0.947413 0.0429094 0
0.943214 0.0500988 1
0.937117 0.056361 0
0.936498 0.0631341 0
0.925052 0.0686554 0
0.922392 0.076056 0
0.919874 0.0836672 0
0.912698 0.0898743 0
0.907318 0.099041 0
0.904406 0.109713 1
0.902659 0.120104 0
0.901692 0.131134 0
0.898489 0.143998 0
0.895534 0.15698 0
0.892156 0.167798 0
0.885032 0.177022 0
0.874794 0.201641 0
0.864099 0.230581 0
0.854069 0.269005 0
0.843811 0.302338 1
0.835003 0.332276 0
0.832677 0.370345 0
0.833213 0.400159 0
0.830556 0.424053 0
0.825476 0.44284 0
0.822813 0.457968 0
0.821234 0.471104 0
0.817365 0.480267 0
0.81453 0.484999 0
0.811091 0.488582 1
0.804664 0.499418 0
0.806824 0.499551 0
0.805093 0.510852 0
0.801555 0.523725 0
0.798747 0.537981 0
0.799071 0.553647 0
0.801714 0.563957 0
0.80288 0.569535 0
0.800826 0.577074 0
0.802473 0.583579 0
0.805953 0.590311 0
0.809904 0.597435 1
0.812095 0.601939 0
0.814832 0.604537 0
0.817362 0.606295 0
0.819297 0.607336 0
0.820049 0.606354 0
0.825046 0.610968 0
0.824796 0.615343 0
0.833737 0.617523 0
0.824942 0.620325 0
0.821641 0.6262 0
0.817448 0.634437 0
0.825093 0.63908 0
0.824441 0.643211 0
0.841623 0.645738 0
0.839189 0.649228 0
0.822795 0.653852 0
0.807608 0.658334 0
0.805811 0.663977 0
0.805844 0.670593 0
0.809453 0.675474 0
0.812383 0.676245 0
0.816325 0.686009 1
0.817437 0.693503 0
0.815719 0.697383 0
0.813495 0.699053 0
0.814836 0.702723 0
0.814482 0.70911 0
0.810963 0.713736 0
0.817457 0.724206 0
0.819895 0.735031 0
0.822238 0.745109 0
0.826254 0.75603 0
0.831572 0.768626 0
0.835783 0.787928 0
0.83484 0.799824 0
0.834495 0.813189 0
0.830977 0.826195 0
0.826661 0.840032 1
0.822353 0.849764 0
0.818069 0.857629 0
0.815927 0.865213 0
0.812921 0.871674 0
0.811333 0.881308 0
0.813817 0.894452 1
0.815447 0.901618 0
0.816942 0.913154 0
0.814022 0.917965 0
0.817392 0.925641 0
0.814359 0.933534 0
0.81472 0.942675 1
0.812336 0.94481 0
0.808988 0.948088 0
0.809505 0.953585 0
0.810195 0.953998 0
0.806371 0.95158 0
0.809427 0.949629 0
0.811076 0.949753 0
0.813125 0.956333 1
0.814534 0.956932 0
0.815437 0.956729 0
0.815873 0.953308 0
0.813717 0.944697 0
0.813024 0.944786 0
0.812482 0.933351 0
0.81699 0.939089 0
0.819609 0.944813 0
0.818752 0.94192 0
0.819509 0.938261 1
0.823459 0.935759 0
0.823492 0.932576 0
0.823272 0.932248 0
0.823075 0.929817 0
0.8217 0.922946 0
0.824583 0.918956 0
0.823507 0.916141 0
0.823301 0.91212 0
0.826643 0.908895 0
0.830844 0.905662 0
0.828157 0.899344 0
0.82372 0.895699 1
0.82685 0.894417 0
0.826695 0.889301 0
0.8252 0.88722 0
0.823663 0.881682 0
0.818842 0.876835 0
0.814812 0.87152 0
0.81182 0.865073 0
0.80693 0.85756 0
0.801393 0.848803 0
0.794678 0.839666 1
0.786466 0.827167 0
0.779593 0.814231 0
0.771206 0.800238 0
0.753534 0.78468 0
0.742965 0.773421 0
0.73573 0.761334 1
0.724968 0.742842 0
0.714523 0.722076 0
0.707404 0.704174 0
0.700681 0.689676 0
0.692041 0.674917 0
0.682721 0.661031 0
0.676306 0.646148 0
0.669682 0.632476 0
0.661039 0.620301 0
0.653296 0.609139 0
0.644987 0.594209 0
0.637421 0.577127 1
0.62856 0.563103 0
0.620827 0.551334 0
0.611897 0.539829 0
0.599629 0.524863 0
0.585508 0.50813 0
0.571076 0.492899 0
0.557067 0.480138 0
0.54185 0.468014 0
0.526983 0.455377 0
0.5136 0.446436 1
0.498669 0.440883 0
0.481717 0.435489 0
0.465035 0.427165 0
0.449631 0.413558 0
0.436024 0.400612 0
0.423125 0.39481 0
0.409905 0.389771 0
0.398361 0.383743 0
0.386923 0.378901 0
0.374193 0.371992 1
0.361698 0.365821 0
0.349737 0.361142 0
0.337061 0.356535 0
0.324312 0.351909 0
0.31245 0.344813 0
0.301557 0.342102 0
0.290229 0.340381 0
0.276871 0.335221 0
0.26438 0.333925 0
0.254953 0.334205 1
0.243359 0.330355 0
0.230935 0.326509 0
0.218927 0.324855 0
0.210387 0.32418 0
0.201154 0.325006 0
0.191932 0.32341 0
0.183064 0.321173 0
0.176483 0.317671 0
0.170086 0.312151 0
0.163742 0.31182 0
0.157113 0.313069 0
0.150203 0.311809 1
0.14551 0.311511 0
0.141064 0.314799 0
0.134829 0.318446 0
0.127479 0.321452 0
0.120798 0.325051 0
0.116505 0.326361 0
0.112702 0.322077 0
0.107177 0.318541 0
0.101661 0.32139 0
0.0932447 0.324442 0
0.087862 0.323868 0
0.0838803 0.322794 1
0.0792361 0.325754 0
0.0759232 0.330287 0
0.0743873 0.335036 0
0.070266 0.337615 0
0.0663666 0.341932 0
0.0643595 0.348405 0
0.0617299 0.355392 0
0.0618263 0.362904 0
0.0614984 0.369421 0
0.0576521 0.374789 0
0.0552354 0.381468 0
0.0524925 0.388152 1
0.0492608 0.394745 0
0.0475958 0.404677 0
0.0450543 0.414336 0
0.0426884 0.425262 0
0.040783 0.435955 0
0.0392503 0.44532 0
0.0377962 0.454617 0
0.0367271 0.464865 0
0.0359906 0.475173 0
0.0378734 0.485986 0
0.0402249 0.498369 0
0.0421888 0.509592 0
0.0427954 0.519521 0
0.042384 0.528582 1
0.0411669 0.537019 0
0.0416986 0.545354 0
0.0432513 0.553815 0
0.0456582 0.56222 0
0.0476337 0.570157 0
0.0497137 0.577731 0
0.0503055 0.581832 0
0.0484827 0.583469 0
0.0474302 0.585523 0
0.0497309 0.588947 0
0.0519395 0.5908 0
0.0540405 0.593207 1
0.0561328 0.595995 0
0.0470393 0.599334 0
0.0480134 0.60106 0
0.0496719 0.604389 0
0.0506828 0.606956 0
0.0511644 0.606898 0
0.0515179 0.605827 0
0.0524561 0.606425 0
0.0531053 0.60762 0
0.053363 0.607639 0
0.0551295 0.606261 0
0.0545622 0.603749 1
0.0571297 0.601428 0
0.0548096 0.597128 0
0.0573169 0.594418 0
0.0583689 0.591753 0
0.0593554 0.592658 0
0.0540525 0.593871 0
0.0479539 0.599768 0
0.0490271 0.611264 0
0.050733 0.625293 0
0.0494332 0.635716 0
0.048903 0.642451 0
0.0528088 0.648256 0
0.0572092 0.653585 0
0.0615317 0.656348 1
0.0649231 0.659221 0
0.0653545 0.657555 0
0.0548919 0.652262 0
0.064502 0.655624 0
0.0636475 0.652529 0
0.07152 0.644051 0
0.0679914 0.644731 0
0.0658906 0.644913 0
0.0631786 0.643051 0
0.0546622 0.644274 0
0.0559064 0.640984 0
0.0529707 0.638475 0
0.0493639 0.636706 0
0.0462833 0.635951 0
0.0365008 0.626668 0
0.0377372 0.628 1
0.0382241 0.625032 0
0.0487203 0.623466 0
0.0362122 0.618499 0
0.0471636 0.618485 0
0.0458789 0.613674 0
0.0437314 0.606428 0
0.0424095 0.60294 0
0.037401 0.59873 0
0.0372325 0.594022 0
0.0423226 0.593488 0
0.0413863 0.591919 0
0.0419306 0.592046 1
0.0445688 0.586928 0
0.0394084 0.586095 0
0.0408222 0.582561 0
0.0364543 0.580868 0
0.0368348 0.578329 0
0.0413178 0.57297 0
0.0374546 0.573087 0
0.0386907 0.564238 0
0.0378652 0.568647 0
0.0380734 0.56246 0
0.0381929 0.559094 0
0.0355149 0.553385 0
0.0368096 0.544089 0
0.0354834 0.541261 1
0.0359842 0.539407 0
0.0351529 0.535028 0
0.0351506 0.528032 0
0.0398358 0.51989 0
0.0386554 0.512488 0
0.032728 0.506902 0
0.0312451 0.503391 0
0.0377338 0.503608 0
0.0375846 0.507698 0
0.0378802 0.51006 0
0.0411842 0.511854 0
0.0423631 0.511305 0
0.0419261 0.508727 0
0.0412907 0.506027 0
0.0388815 0.506137 0
0.0388597 0.505802 0
0.0382741 0.506558 0
0.0372445 0.506527 0
0.0357936 0.505421 0
0.0316928 0.504637 0
0.0228668 0.503206 0
0.019167 0.501538 1
0.0180389 0.50135 0
0.0162379 0.501344 0
0.0133108 0.50043 0
0.0136064 0.500141 0
0.0103946 0.497163 0
0.00499509 0.494976 0
0.00279921 0.493021 0
0.00247292 0.491767 0
0 0.491689 0
0.00285314 0.493338 0
0.0108483 0.493067 0
0.00718592 0.490847 1
0.00832506 0.488476 0
0.00702493 0.48539 0
0.00554896 0.482385 0
0.00432901 0.478756 0
0.00563905 0.475936 0
0.000258774 0.473306 0
0.00682236 0.471097 0
0.00966092 0.468847 0
0.0116672 0.465817 0
0.013319 0.462086 0
0.0149814 0.458017 0
0.0175938 0.455664 0
0.0202254 0.452952 0
0.0225971 0.448049 0
0.0236576 0.443365 0
0.0241646 0.440227 1
0.027657 0.439022 0
0.0321823 0.436732 0
0.0347177 0.433546 0
0.0387175 0.430623 0
0.0430294 0.427779 0
0.0432927 0.420316 0
0.0429139 0.41418 0
0.0434654 0.409365 0
0.0442514 0.404122 0
0.0453917 0.398576 0
0.0492663 0.397639 0
0.0509508 0.394432 0
0.0521876 0.390292 0
0.0539722 0.384278 0
0.0557223 0.383309 0
0.050765 0.375179 1
0.0519272 0.374063 0
0.0531837 0.371409 0
0.0537482 0.368781 0
0.0569569 0.36952 0
0.0581934 0.366395 0
0.0576927 0.35747 0
0.060544 0.359769 0
0.0645697 0.361719 0
0.063324 0.35567 0
0.0617339 0.350846 0
0.0606623 0.345329 0
0.0596713 0.339935 1
0.0611109 0.33794 0
0.0628294 0.335615 0
0.0613277 0.327293 0
0.0664158 0.32624 0
0.0646845 0.317577 0
0.0653505 0.311635 0
0.0673363 0.306544 0
0.0699337 0.301548 0
0.0717263 0.296141 1
