0.762788 0.155205 0
0.760275 0.153524 0
0.762783 0.15155 1
0.769672 0.149064 0
0.772664 0.148581 0
0.769135 0.150078 0
0.774275 0.148931 0
0.776668 0.148927 0
0.771433 0.150113 0
0.773572 0.150935 0
0.782521 0.149352 0
0.784168 0.148781 0
0.784122 0.147904 0
0.784435 0.146069 0
0.784988 0.14461 0
0.785038 0.143343 0
0.785143 0.141861 0
0.785903 0.140869 0
0.78645 0.139832 0
0.787385 0.139466 0
0.788197 0.140124 0
0.789075 0.139582 0
0.790586 0.137481 0
0.792552 0.136677 0
0.792821 0.135933 1
0.794104 0.135794 0
0.796513 0.135456 0
0.799588 0.134019 0
0.800577 0.134323 0
0.802899 0.133789 0
0.804307 0.134603 0
0.805956 0.135149 0
0.806955 0.135353 0
0.807034 0.135578 0
0.807159 0.1363 0
0.806652 0.136825 0
0.807105 0.136256 0
0.808581 0.134945 0
0.810113 0.135437 0
0.811082 0.137074 0
0.811525 0.139057 0
0.812897 0.141706 0
0.811951 0.143513 0
0.809265 0.145951 0
0.807278 0.146635 1
0.805173 0.148802 0
0.804633 0.149035 0
0.803417 0.151096 0
0.802767 0.154649 0
0.802046 0.157965 0
0.79817 0.161403 0
0.797245 0.163752 0
0.797758 0.166004 0
0.801931 0.172354 0
0.810683 0.185481 1
0.809338 0.19215 0
0.809368 0.202447 0
0.815819 0.215271 0
0.821478 0.228762 0
0.823291 0.238834 0
0.818317 0.242098 1
0.817004 0.248864 0
0.815204 0.257191 0
0.811986 0.267801 0
0.809407 0.27716 0
0.8082 0.287581 0
0.80595 0.298158 0
0.803099 0.311443 0
0.800977 0.325144 1
0.79993 0.338702 0
0.798213 0.352937 0
0.797844 0.369024 0
0.790944 0.379101 0
0.782288 0.386905 0
0.773153 0.392365 0
0.762861 0.39949 0
0.754366 0.40691 1
0.746758 0.413826 0
0.741268 0.420317 0
0.736005 0.4245 0
0.730195 0.426866 0
0.721278 0.430148 0
0.712009 0.434489 0
0.704024 0.439815 0
0.698813 0.443742 0
0.69258 0.445463 0
0.685524 0.448222 1
0.679813 0.451862 0
0.675687 0.455924 0
0.670071 0.458793 0
0.661915 0.460507 0
0.648395 0.461595 0
0.638505 0.461228 0
0.630557 0.460498 0
0.622353 0.458383 0
0.611201 0.455658 0
0.597358 0.446927 1
0.588666 0.447565 0
0.579027 0.443993 0
0.568693 0.437521 0
0.546378 0.424191 0
0.521894 0.412887 0
0.503847 0.407883 0
0.490089 0.405305 0
0.48892 0.40999 1
0.479376 0.408932 0
0.468665 0.406619 0
0.453577 0.401841 0
0.434126 0.394342 0
0.416949 0.386021 0
0.401459 0.379153 0
0.388963 0.374309 0
0.376234 0.373274 0
0.363349 0.370903 0
0.348296 0.366614 1
0.331497 0.362108 0
0.312076 0.355251 0
0.294422 0.348479 0
0.278053 0.341771 0
0.264276 0.338409 0
0.253899 0.337387 0
0.245146 0.337966 0
0.236806 0.3376 0
0.228477 0.336519 0
0.220332 0.336684 0
0.210987 0.335697 0
0.201842 0.3359 1
0.19173 0.333074 0
0.186318 0.331595 0
0.178478 0.339252 0
0.167649 0.336093 0
0.161078 0.331627 0
0.154077 0.325718 0
0.146168 0.321654 0
0.138269 0.321876 0
0.127496 0.321557 0
0.119084 0.322132 1
0.115263 0.324175 0
0.111294 0.324822 0
0.105239 0.324248 0
0.0993644 0.322943 0
0.0900437 0.32121 0
0.0838093 0.316588 0
0.0747416 0.312503 0
0.0661419 0.308405 0
0.0574959 0.303394 0
0.0485123 0.299618 1
0.0418704 0.297911 0
0.0376335 0.295997 0
0.033957 0.29354 0
0.0294531 0.290421 0
0.0266617 0.286612 0
0.0242036 0.281406 0
0.0206658 0.276211 0
0.0156213 0.270851 0
0.0103749 0.265869 0
0.00616422 0.26204 0
0.00263922 0.257579 0
0.000544536 0.254545 1
0.000204949 0.2514 0
0.000405621 0.248738 0
0 0.247198 0
0.00140381 0.246633 0
0.00417536 0.244323 0
0.00596553 0.241714 0
0.00629385 0.241344 0
0.00617006 0.238461 0
0.00623065 0.235662 0
0.00638205 0.235613 1
0.00954643 0.235939 0
0.0124018 0.236333 0
0.0152808 0.237047 0
0.0173724 0.235426 0
0.0174715 0.237124 0
0.0185239 0.235828 1
0.0201531 0.234974 0
0.0210405 0.233999 0
0.021625 0.232112 0
0.0215895 0.231402 0
0.0200346 0.230143 0
0.0188856 0.228207 0
0.0176389 0.226465 0
0.0171184 0.225531 0
0.017352 0.22443 0
0.0183246 0.223389 0
0.0184672 0.222765 0
0.0162409 0.221627 1
0.0149819 0.220961 0
0.0149241 0.220881 0
0.0151954 0.220084 0
0.0142434 0.218319 0
0.0126408 0.217068 0
0.0105178 0.214557 0
0.00817266 0.212811 0
0.00779704 0.210797 0
0.00917148 0.209392 0
0.0101616 0.209255 0
0.0111362 0.207203 0
0.0112097 0.205046 1
0.0116023 0.20448 0
0.0131127 0.205306 0
0.0160142 0.206744 0
0.0208336 0.207934 0
0.0228366 0.203507 0
0.0262734 0.201848 1
0.0317056 0.201556 0
0.0334142 0.203035 0
0.0359804 0.20365 0
0.0434147 0.199708 0
0.0550101 0.19661 0
0.0664629 0.195515 1
0.0754747 0.190709 0
0.0820076 0.189423 0
0.0896255 0.189038 0
0.0964257 0.190043 0
0.103135 0.188108 0
0.109165 0.187101 1
0.111866 0.183799 0
0.120415 0.184414 0
0.128083 0.184081 0
0.134933 0.184983 0
0.140066 0.185601 0
0.148943 0.186216 1
0.158497 0.188789 0
0.169317 0.192763 0
0.17831 0.193488 0
0.183339 0.191625 0
0.19909 0.198671 0
0.203496 0.198262 1
0.213148 0.201977 0
0.222878 0.206712 0
0.234312 0.211484 0
0.243869 0.214577 0
0.255109 0.22099 0
0.266141 0.227775 1
0.275379 0.233166 0
0.288814 0.241954 0
0.299983 0.249287 0
0.306634 0.253055 1
0.319407 0.263403 0
0.332328 0.277891 0
0.342201 0.291051 0
0.336815 0.30098 1
0.323743 0.307609 0
0.304057 0.32249 1
0.295918 0.3272 0
0.297575 0.334368 0
0.298882 0.338495 0
0.299901 0.337972 0
0.304901 0.339377 0
0.317162 0.353804 0
0.316462 0.354223 0
0.32164 0.361932 1
0.273664 0.308811 0
0.300922 0.329561 0
0.328227 0.348757 0
0.354787 0.367518 0
0.375914 0.383764 0
0.397941 0.397567 1
0.407867 0.402817 0
0.419351 0.40986 0
0.429851 0.417153 0
0.440035 0.422198 0
0.450734 0.429091 0
0.459037 0.43386 0
0.469518 0.43909 0
0.482473 0.445915 0
0.487548 0.448763 0
0.49701 0.448818 1
0.50721 0.454545 0
0.515052 0.46003 0
0.523804 0.464482 0
0.533579 0.46813 0
0.543134 0.4716 0
0.553352 0.474758 0
0.562902 0.477808 0
0.571884 0.481018 1
0.583403 0.484535 0
0.596231 0.487893 0
0.607233 0.490182 0
0.615878 0.491846 0
0.625766 0.49308 0
0.635424 0.493481 0
0.644864 0.494537 0
0.662328 0.494726 0
0.672518 0.495446 0
0.678625 0.496289 0
0.684193 0.495254 0
0.689213 0.496997 0
0.696064 0.500219 0
0.702472 0.500673 1
0.710634 0.500551 0
0.720053 0.50291 0
0.727422 0.50491 0
0.737207 0.506433 0
0.740276 0.502963 0
0.745294 0.503534 0
0.751504 0.50423 0
0.756211 0.505294 0
0.761397 0.504255 0
0.767311 0.5025 0
0.77128 0.499862 0
0.773482 0.49631 0
0.777507 0.495901 0
0.781565 0.496707 0
0.785593 0.494796 0
0.788486 0.499149 1
0.787878 0.506879 0
0.789308 0.50538 0
0.791737 0.50325 0
0.794623 0.500006 0
0.796597 0.496131 0
0.797826 0.494768 0
0.798872 0.494218 0
0.801159 0.489169 0
0.804136 0.485322 0
0.81046 0.482489 0
0.813746 0.481519 0
0.811904 0.479034 0
0.809802 0.474015 0
0.811887 0.470904 0
0.813778 0.468521 0
0.815437 0.46435 0
0.816255 0.461723 0
0.816269 0.460708 0
0.814527 0.460466 0
0.812935 0.459969 0
0.812375 0.458969 0
0.812236 0.457158 0
0.810138 0.457136 0
0.808071 0.456407 0
0.807378 0.454943 0
0.807933 0.456275 1
0.803531 0.459494 0
0.802748 0.458555 0
0.803849 0.459691 0
0.804101 0.462001 0
0.802184 0.464046 0
0.802133 0.465159 0
0.804582 0.464824 0
0.808375 0.465157 0
0.814521 0.470786 0
0.817558 0.474212 0
0.82443 0.479559 0
0.832476 0.481802 1
0.837056 0.48761 0
0.841245 0.494791 0
0.846079 0.504356 0
0.852779 0.510326 0
0.857617 0.51468 0
0.861796 0.522821 0
0.864376 0.530157 0
0.86758 0.539387 0
0.870238 0.550804 0
0.873597 0.561578 1
0.876763 0.569706 0
0.878263 0.578393 0
0.879678 0.589103 0
0.883117 0.600767 0
0.885694 0.615476 0
0.890195 0.62314 1
0.892326 0.634567 0
0.896407 0.635038 0
0.89504 0.648422 0
0.895817 0.667983 0
0.899669 0.665673 0
0.90052 0.679204 0
0.90073 0.693827 0
0.901463 0.706264 1
0.902181 0.716917 0
0.903283 0.725162 0
0.90298 0.736904 0
0.903074 0.751516 0
0.90441 0.7641 0
0.902807 0.773923 1
0.900814 0.78529 0
0.899958 0.793871 0
0.899763 0.803187 0
0.899446 0.809068 0
0.899521 0.812844 0
0.898471 0.820147 1
0.900837 0.825376 0
0.901361 0.828375 0
0.899657 0.82924 0
0.89959 0.829981 0
0.887211 0.862799 0
0.888408 0.849319 0
0.889141 0.841934 0
0.887885 0.839924 0
0.88716 0.841115 0
0.887418 0.839199 0
0.88626 0.836285 0
0.884729 0.838587 1
0.886686 0.83899 0
0.89008 0.835117 0
0.891107 0.833808 0
0.890708 0.833 0
0.891916 0.831341 0
0.892159 0.828517 0
0.889748 0.825372 0
0.887432 0.821124 0
0.885932 0.815522 0
0.884625 0.810339 0
0.881911 0.804721 0
0.881285 0.802338 0
0.882859 0.801419 0
0.885938 0.803974 0
0.884825 0.800418 0
0.882189 0.794748 0
0.88436 0.799821 0
0.88563 0.808356 1
0.888209 0.807554 0
0.893635 0.79939 0
0.900262 0.796037 0
0.901043 0.794078 0
0.900748 0.790127 0
0.905572 0.784276 0
0.904218 0.783977 0
0.901365 0.784609 1
0.901334 0.789112 0
0.900751 0.790161 0
0.902201 0.7865 0
0.902911 0.784255 0
0.903023 0.785745 0
0.903209 0.785422 0
0.904222 0.780217 0
0.9047 0.775442 0
0.90411 0.776997 0
0.904555 0.773659 0
0.905306 0.76946 0
0.904933 0.776754 1
0.905166 0.769394 0
0.900009 0.793008 0
0.902135 0.78618 0
0.903757 0.77739 0
0.906672 0.773686 0
0.909878 0.764876 0
0.911757 0.753305 0
0.914758 0.744768 1
0.91803 0.732612 0
0.920479 0.720362 0
0.921985 0.71279 0
0.921807 0.705718 0
0.921791 0.697495 0
0.922395 0.688589 0
0.920524 0.681666 0
0.922261 0.677681 1
0.924131 0.667975 0
0.925461 0.657811 0
0.925565 0.648012 0
0.925703 0.641106 0
0.927501 0.634461 0
0.928565 0.619371 0
0.929901 0.598091 0
0.930191 0.573806 0
0.930475 0.555701 0
0.928688 0.539617 1
0.925211 0.521065 0
0.922772 0.503475 0
0.921485 0.483841 0
0.92034 0.465684 0
0.920077 0.458132 0
0.921403 0.458668 0
0.920183 0.444411 0
0.918408 0.440033 0
0.918406 0.436728 0
0.919638 0.432496 0
0.920742 0.425744 0
0.922402 0.415652 1
0.923371 0.407738 0
0.92301 0.405857 0
0.92394 0.39539 0
0.923611 0.385129 0
0.921155 0.376995 0
0.919205 0.372502 0
0.92161 0.366892 0
0.922993 0.365943 0
0.92506 0.355684 0
0.920313 0.345332 0
0.91512 0.337981 0
0.910593 0.329125 0
0.90674 0.316561 0
0.902589 0.304695 1
0.897902 0.294418 0
0.892002 0.28502 0
0.88736 0.278917 0
0.883387 0.265342 0
0.88746 0.264843 0
0.879142 0.25503 0
0.87553 0.249195 0
0.872275 0.244392 0
0.869441 0.238183 0
0.870386 0.233465 0
0.879637 0.232841 0
0.883663 0.230745 0
0.884846 0.22802 0
0.886337 0.223073 1
0.885714 0.215935 0
0.885735 0.212564 0
0.886615 0.208577 0
0.888381 0.204526 0
0.887952 0.201843 0
0.882406 0.201456 0
0.88571 0.190228 0
0.891607 0.186481 0
0.891608 0.172786 0
0.89422 0.167006 0
0.894395 0.160312 0
0.890818 0.15167 0
0.884282 0.140329 0
0.881929 0.132717 1
0.882091 0.128209 0
0.880584 0.121856 0
0.881686 0.124245 0
0.882005 0.118778 0
0.883293 0.119807 0
0.884057 0.116781 0
0.884871 0.113354 0
0.884526 0.109217 0
0.88589 0.104305 0
0.883823 0.0964387 0
0.880042 0.0876263 0
0.879492 0.081813 0
0.882588 0.0761186 0
0.887444 0.0709592 1
0.885598 0.0635154 0
0.882891 0.057112 0
0.885821 0.055901 0
0.887118 0.0503744 0
0.887178 0.0464531 0
0.886674 0.0448109 0
0.888756 0.0431342 0
0.890062 0.0385118 0
0.889966 0.0377819 0
0.895734 0.0314714 0
0.888187 0.0223499 0
0.889134 0.0222786 0
0.888851 0.0226363 0
0.895756 0.0168666 1
0.898616 0.016043 0
0.891008 0.0149743 0
0.894875 0.00926431 0
0.898435 0.00820265 0
0.900056 0.00784903 0
0.900662 0.0054891 0
0.897165 0.00164127 0
0.893795 0 0
0.89287 0.0001572 0
0.894227 0.00293691 0
0.894988 0.00501133 0
0.891354 0.00389453 0
0.894622 0.00156905 0
0.890861 2.95229e-05 1
0.88765 0.000661937 0
0.885232 0.00182795 0
0.883714 0.00232089 0
0.883916 0.00355927 0
0.883614 0.00547866 0
0.883387 0.00779324 0
0.888437 0.0102629 0
0.886995 0.0119825 0
0.888674 0.015674 0
0.891843 0.0185168 1
0.892408 0.0207155 0
0.893405 0.0236384 0
0.895067 0.0266701 0
0.896355 0.0299273 0
0.898369 0.0337907 0
0.900177 0.0370985 0
0.900811 0.0389865 0
0.900459 0.0423284 0
0.901038 0.046332 0
0.902552 0.0504394 1
0.904 0.0540438 0
0.904941 0.057912 0
0.908818 0.065088 0
0.912358 0.0719457 0
0.914617 0.0775783 0
0.917101 0.0839103 0
0.916168 0.0886211 0
0.91409 0.0927104 0
0.911732 0.0969287 0
0.910479 0.100453 0
0.908828 0.103944 0
0.905645 0.106382 0
0.902641 0.108254 0
0.899515 0.110207 1
0.895778 0.113193 0
0.892794 0.114876 0
0.89087 0.116355 0
0.890073 0.117467 0
0.889685 0.120916 0
0.889939 0.126762 0
0.889551 0.127894 0
0.888801 0.126433 0
0.887926 0.125697 0
0.887207 0.12676 0
0.887131 0.126447 0
0.887156 0.12672 0
0.88705 0.127617 0
0.886718 0.128901 0
0.886285 0.130955 0
0.886371 0.133695 0
0.886207 0.130671 0
0.886537 0.129909 0
0.885993 0.13136 0
0.885331 0.132877 0
0.884208 0.135966 0
0.884134 0.138698 0
0.884534 0.136397 0
0.886624 0.135982 0
0.886395 0.136328 0
0.885268 0.138528 1
0.885537 0.140752 0
0.885789 0.14157 0
0.885077 0.140861 0
0.885171 0.14079 0
0.885048 0.141874 0
0.884773 0.14312 0
0.884933 0.14397 0
0.886011 0.144618 0
0.887693 0.1452 0
0.889859 0.146956 0
0.891557 0.149468 0
0.892149 0.154097 0
0.891381 0.157354 0
0.890247 0.156667 0
0.88984 0.157343 0
0.887366 0.158181 0
0.883758 0.156543 0
0.882232 0.15274 0
0.880858 0.146108 0
0.878997 0.143856 0
0.880683 0.142687 0
0.878274 0.147568 1
0.879362 0.146473 0
0.879707 0.138492 0
0.880017 0.133098 0
0.8817 0.129451 0
0.882954 0.122769 0
0.884444 0.115218 0
0.885017 0.109436 0
0.885379 0.103868 1
0.887169 0.100419 0
0.890355 0.0975787 0
0.893298 0.0958691 0
0.895278 0.094217 0
0.898187 0.0925499 0
0.898502 0.0892036 0
0.899515 0.0867375 0
0.901195 0.0851386 0
0.904534 0.084451 0
0.906875 0.0830096 0
0.909577 0.0808367 0
0.913004 0.0791296 1
0.915268 0.0786049 0
0.917154 0.077453 0
0.920275 0.0762701 0
0.922191 0.0759873 0
0.924773 0.0747418 0
0.928292 0.0738999 0
0.930179 0.0727821 0
0.930922 0.0722042 0
0.93167 0.0722098 0
0.933237 0.0700055 0
0.935241 0.0694413 0
0.937802 0.0702049 1
0.940505 0.0707252 0
0.943373 0.0704148 0
0.945374 0.0706476 0
0.943362 0.0712907 0
0.949836 0.0698168 0
0.952619 0.0693766 0
0.955402 0.0704508 0
0.953884 0.0702144 0
0.956945 0.0753292 0
0.958093 0.0788388 0
0.961111 0.0770863 0
0.963066 0.077507 1
0.962556 0.0783591 0
0.962062 0.0784133 0
0.962152 0.0796653 0
0.963634 0.0820966 0
0.965763 0.0824905 0
0.964717 0.0958291 0
0.96677 0.100896 0
0.963544 0.099831 0
0.967763 0.0980912 0
0.970879 0.0949893 0
0.972357 0.0924965 0
0.975311 0.093322 1
0.977429 0.102869 0
0.980853 0.109544 0
0.982338 0.11149 0
0.980506 0.111054 0
0.979532 0.114226 0
0.98155 0.120256 0
0.982067 0.123222 0
0.984903 0.129297 0
0.979292 0.13069 0
0.973777 0.132412 0
0.985976 0.148024 0
0.975359 0.140981 0
0.978424 0.147518 0
0.980919 0.152949 0
0.983144 0.158895 0
0.986306 0.161775 1
0.986013 0.163259 0
0.988466 0.167519 0
0.989339 0.169667 0
0.989687 0.166702 0
0.991385 0.165955 0
0.992942 0.165224 0
0.994791 0.166649 0
0.996493 0.16822 0
0.994515 0.163135 0
0.997933 0.165392 0
0.997058 0.165693 0
0.997553 0.167402 0
0.997701 0.167103 0
0.998309 0.166696 0
0.99748 0.167673 0
0.995761 0.167631 1
0.996418 0.168039 0
0.997548 0.170299 0
0.997576 0.173268 0
0.997737 0.172418 0
0.998498 0.17176 0
0.998805 0.170331 0
0.999232 0.169726 0
1 0.169896 0
0.998782 0.16958 0
0.996474 0.168247 0
0.995066 0.167679 0
0.993813 0.165967 0
0.990772 0.160711 0
0.989521 0.161008 0
0.98621 0.159362 0
0.98226 0.154946 0
0.979808 0.152615 0
0.97667 0.150512 1
0.972458 0.148952 0
0.967439 0.147176 0
0.961713 0.144122 0
0.953749 0.13963 0
0.954382 0.142748 0
0.957287 0.148148 0
0.955956 0.151826 0
0.952383 0.149085 0
0.945389 0.143553 0
0.942017 0.1434 0
0.940749 0.146907 0
0.942885 0.153401 1
0.940238 0.154795 0
0.941438 0.163327 0
0.936121 0.159927 0
0.933174 0.159635 0
0.931129 0.161212 0
0.928941 0.162905 0
0.926991 0.163587 0
0.925491 0.165138 0
0.923824 0.167478 0
0.922114 0.170255 0
0.920906 0.172293 0
0.920037 0.172967 0
0.920777 0.176006 0
0.917945 0.178359 1
0.916145 0.177766 0
0.914529 0.174895 0
0.913131 0.172816 0
0.911788 0.171769 0
0.912428 0.171384 0
0.912212 0.171325 0
0.910638 0.169881 0
0.909452 0.165797 0
0.908833 0.162949 0
0.90781 0.159953 0
0.906985 0.157786 0
0.906863 0.158054 0
0.905251 0.154892 0
0.902925 0.150883 0
0.90248 0.150949 0
0.901167 0.148852 1
0.898752 0.147317 0
0.894961 0.143125 0
0.893438 0.141214 0
0.892212 0.14024 0
0.888829 0.137627 0
0.885957 0.135242 0
0.885088 0.133942 0
0.885017 0.133632 0
0.883632 0.132523 0
0.880524 0.1302 0
0.878415 0.129417 0
0.875221 0.126479 0
0.872487 0.123937 0
0.869685 0.120852 0
0.868433 0.120157 0
0.877851 0.136013 1
0.868279 0.12251 0
0.868894 0.120873 0
0.868133 0.120972 0
0.867801 0.120682 0
0.868963 0.121912 0
0.867357 0.120822 0
0.866257 0.120663 0
0.865065 0.119874 0
0.862501 0.119181 0
0.859555 0.119804 0
0.858349 0.122299 0
0.858139 0.124656 1
0.850135 0.120612 0
0.844233 0.118757 0
0.844511 0.122077 0
0.840815 0.123404 0
0.836166 0.127515 0
0.833994 0.130664 0
