0.776837 0.245486 0
0.777075 0.248966 0
0.781354 0.246565 0
0.792039 0.237148 0
0.797673 0.231677 0
0.801128 0.23086 0
0.804881 0.229611 0
0.800425 0.217215 0
0.806208 0.207427 0
0.816906 0.19602 0
0.82742 0.187976 1
0.831004 0.180331 0
0.835192 0.170504 0
0.840593 0.160254 0
0.847338 0.149396 0
0.851229 0.144951 0
0.856141 0.139617 0
0.864113 0.129226 0
0.87553 0.121395 0
0.898895 0.115687 0
0.906822 0.110955 0
0.899402 0.0985506 0
0.932808 0.0927156 1
0.920254 0.0799569 0
0.937396 0.103149 0
0.929422 0.0899661 0
0.937713 0.0912231 0
0.943825 0.090492 0
0.953961 0.0930536 0
0.951014 0.100608 0
0.950706 0.104138 0
0.953919 0.105085 0
0.959608 0.111426 0
0.964762 0.122099 0
0.965812 0.127979 0
0.963184 0.12786 0
0.970648 0.137906 1
0.967011 0.143434 0
0.973712 0.158743 0
0.9827 0.164943 0
0.991796 0.167055 0
0.993891 0.174503 0
1 0.182308 0
0.989823 0.195953 0
0.959955 0.222957 0
0.943345 0.247431 0
0.93347 0.277749 1
0.922226 0.310189 0
0.903242 0.333591 0
0.884905 0.356294 0
0.868941 0.380798 0
0.857169 0.404621 0
0.84517 0.426592 0
0.833739 0.446714 0
0.824126 0.473076 0
0.81225 0.500253 0
0.799519 0.525791 1
0.789515 0.549367 0
0.783362 0.566056 0
0.773749 0.580462 0
0.758347 0.598621 0
0.744315 0.612454 0
0.729999 0.623777 0
0.71552 0.636072 0
0.704869 0.644307 0
0.695729 0.647589 0
0.680451 0.650216 1
0.663244 0.655165 0
0.648278 0.659743 0
0.63567 0.660678 0
0.625692 0.660997 0
0.612751 0.666136 0
0.597615 0.669876 1
0.584761 0.670078 0
0.575052 0.672902 0
0.565433 0.672499 0
0.553407 0.670974 0
0.53739 0.66868 0
0.522219 0.66394 1
0.508775 0.656712 0
0.49222 0.642552 0
0.47962 0.636854 0
0.466875 0.631155 0
0.455179 0.624807 0
0.44172 0.616445 0
0.429355 0.606847 0
0.417608 0.599911 1
0.405508 0.588211 0
0.393532 0.573121 0
0.380754 0.56104 0
0.36643 0.549614 0
0.351878 0.531794 0
0.335762 0.511638 0
0.318945 0.494553 0
0.302343 0.476922 1
0.285747 0.455512 0
0.272085 0.435532 0
0.261674 0.417052 0
0.247334 0.398692 0
0.230878 0.380791 0
0.215048 0.361043 0
0.202796 0.340278 0
0.190352 0.320719 0
0.176082 0.302381 0
0.162818 0.282103 0
0.151537 0.261388 0
0.1393 0.241627 0
0.122779 0.221327 0
0.0999694 0.198428 0
0.0971809 0.180643 0
0.0934797 0.16495 0
0.0867923 0.157125 0
0.0834125 0.151704 1
0.07678 0.140961 0
0.0706591 0.129122 0
0.0659276 0.122052 0
0.0618373 0.116646 0
0.0583149 0.110593 0
0.056394 0.103941 0
0.0536666 0.0963533 0
0.0500341 0.0891181 0
0.0475082 0.0849459 0
0.0461076 0.082211 0
0.0429994 0.0776551 0
0.0401326 0.073986 0
0.0386973 0.0730733 0
0.0378385 0.0730722 0
0.0366292 0.0713793 0
0.0340533 0.0681391 1
0.0332046 0.0694106 0
0.0350053 0.0731743 0
0.0363298 0.0755706 0
0.0371034 0.078515 0
0.0358188 0.0847038 0
0.0367068 0.087814 0
0.0401111 0.0895926 0
0.0428422 0.0956754 0
0.0484986 0.106282 0
0.0526497 0.122799 0
0.0566857 0.13806 0
0.0638553 0.151257 0
0.0738008 0.161176 0
0.0839573 0.165066 0
0.0865093 0.170681 0
0.0985197 0.175055 0
0.106523 0.179615 0
0.115441 0.181843 1
0.135097 0.192165 0
0.164167 0.211147 0
0.189776 0.22645 0
0.214769 0.241141 0
0.237208 0.257407 0
0.255508 0.265337 1
0.271281 0.270573 0
0.286676 0.272125 0
0.302698 0.269118 0
0.316574 0.267587 0
0.327603 0.268804 0
0.336806 0.271875 0
0.34782 0.26969 0
0.365981 0.263337 0
0.387461 0.263622 0
0.403996 0.262052 0
0.419819 0.263232 0
0.434192 0.255774 1
0.44432 0.257683 0
0.456413 0.25815 0
0.474469 0.254088 0
0.488439 0.246762 0
0.494057 0.232565 0
0.514233 0.241062 0
0.528891 0.246026 0
0.53839 0.249997 0
0.553652 0.250426 0
0.566581 0.250289 0
0.570446 0.25097 0
0.574792 0.248986 0
0.579898 0.236828 0
0.594108 0.233801 0
0.601275 0.235524 0
0.614171 0.227468 1
0.63898 0.232364 0
0.650276 0.232182 0
0.65031 0.235285 0
0.658612 0.231782 0
0.660786 0.215819 0
0.679088 0.22206 0
0.680007 0.210992 0
0.685941 0.202928 0
0.690848 0.199358 0
0.696548 0.195669 0
0.709424 0.195399 0
0.726663 0.19173 1
0.736396 0.185817 0
0.734106 0.178376 0
0.748751 0.174194 0
0.769366 0.161366 0
0.771116 0.162572 0
0.768755 0.15431 0
0.78402 0.145294 0
0.793316 0.138844 0
0.802911 0.132287 0
0.815673 0.121387 1
0.824421 0.110602 0
0.833258 0.101313 0
0.840566 0.0883199 0
0.850796 0.0728396 0
0.865367 0.0602905 0
0.876861 0.0434996 0
0.895228 0.0199188 0
0.898448 0.0167439 0
0.905443 0.0158982 0
0.912187 0.0113422 0
0.924986 0.00924968 0
0.931449 0.0111224 1
0.938848 0.0107022 0
0.941385 0.0112628 0
0.944389 0.0148325 0
0.951735 0.0212535 1
0.954924 0.0293434 0
0.965504 0.0429704 0
0.968289 0.0481787 0
0.971262 0.052954 0
0.978184 0.0559127 0
0.985139 0.0581171 0
0.988464 0.0596754 0
0.990086 0.0647274 0
0.990763 0.072551 0
0.991788 0.0797188 0
0.992106 0.0858069 0
0.991747 0.0875379 1
0.990932 0.0969746 0
0.98942 0.10687 0
0.987608 0.114693 0
0.984804 0.121361 0
0.980668 0.13249 0
0.975046 0.143553 0
0.97111 0.155026 0
0.971028 0.167012 1
0.967481 0.183204 0
0.943808 0.205468 0
0.919497 0.228773 0
0.902744 0.250718 0
0.884846 0.277828 0
0.86496 0.311515 0
0.84647 0.345174 0
0.831997 0.377108 0
0.821266 0.412204 0
0.817693 0.434896 1
0.805793 0.458891 0
0.784472 0.491016 0
0.766609 0.522195 0
0.750571 0.542072 0
0.741065 0.558922 0
0.733905 0.577433 0
0.72079 0.593296 0
0.705772 0.602978 0
0.696953 0.613331 0
0.680914 0.625075 1
0.657824 0.629 0
0.64417 0.630473 0
0.639556 0.628533 0
0.629992 0.623615 0
0.607684 0.626991 0
0.585677 0.636026 0
0.569023 0.637937 0
0.552918 0.633367 0
0.533878 0.634513 0
0.518244 0.635366 0
0.496565 0.634243 0
0.488871 0.63256 1
0.476069 0.634237 0
0.468175 0.628153 0
0.452409 0.615098 0
0.437502 0.613247 0
0.420012 0.607041 0
0.405375 0.59788 0
0.394182 0.586722 0
0.379239 0.575147 0
0.358681 0.562673 0
0.337588 0.549044 0
0.31863 0.532373 0
0.306373 0.515958 0
0.293726 0.502252 0
0.274526 0.484131 1
0.256571 0.461486 0
0.245397 0.443276 0
0.227133 0.426803 0
0.214967 0.406896 0
0.194917 0.379979 0
0.171663 0.348406 0
0.159441 0.328243 0
0.144922 0.302549 0
0.136071 0.276415 0
0.119237 0.252304 0
0.0971955 0.227893 0
0.076681 0.203769 0
0.0512297 0.171391 0
0.0354946 0.138657 0
0.0327954 0.119104 0
0.0317703 0.104679 0
0.0306583 0.0963113 0
0.0335533 0.088223 0
0.0309471 0.0745027 0
0.0307932 0.0652254 0
0.0314993 0.0617144 0
0.0285864 0.0553484 1
0.0273167 0.0477636 0
0.0252881 0.0440224 0
0.0208829 0.0440651 0
0.0162432 0.0399603 0
0.0129704 0.0373435 0
0.00847243 0.0366832 0
0.00489209 0.0370215 0
0.00186367 0.0420936 1
0.00073641 0.0483392 0
0.000754173 0.0488072 0
0 0.054041 0
0.00198675 0.0617929 0
0.00460705 0.0669978 0
0.00216663 0.0635975 0
0.000815282 0.0625275 0
0.000553425 0.0642103 1
0.00487769 0.0703566 0
0.00941627 0.0782015 0
0.0129215 0.0853148 0
0.0159303 0.0908044 0
0.0213533 0.0969814 0
0.028816 0.102864 0
0.0412453 0.106766 0
0.0560881 0.109473 1
0.0765068 0.129834 0
0.0880481 0.146327 0
0.107753 0.160991 0
0.13504 0.176865 0
0.155751 0.198035 0
0.170884 0.211823 0
0.190976 0.22074 0
0.21294 0.227678 0
0.222889 0.233904 0
0.242699 0.240612 0
0.24956 0.246436 0
0.25482 0.250134 0
0.267491 0.256575 0
0.29713 0.265582 1
0.326216 0.275142 0
0.315283 0.281733 0
0.335201 0.283001 0
0.35506 0.279141 0
0.377804 0.2728 0
0.396763 0.271759 0
0.411289 0.268374 0
0.417508 0.273245 0
0.428943 0.274725 0
0.444417 0.273118 0
0.45965 0.268981 0
0.471749 0.266291 0
0.486517 0.264654 0
0.506325 0.26352 1
0.520912 0.261352 0
0.527294 0.257571 0
0.540252 0.25863 0
0.560834 0.256409 0
0.577048 0.252846 0
0.584114 0.247798 0
0.59072 0.245784 0
0.611546 0.240291 0
0.631803 0.23144 0
0.638516 0.233453 0
0.649609 0.234195 0
0.661988 0.229928 0
0.673946 0.225088 0
0.691921 0.216899 0
0.70647 0.211397 0
0.71357 0.208972 0
0.72856 0.202114 0
0.743877 0.192484 0
0.754902 0.186809 0
0.78064 0.17373 1
0.788927 0.171916 0
0.798261 0.166469 0
0.810615 0.1588 0
0.821163 0.150537 0
0.826446 0.147139 0
0.827246 0.147582 0
0.830087 0.143272 0
0.842198 0.130338 0
0.851893 0.121711 0
0.853894 0.120438 0
0.862767 0.106197 0
0.875535 0.0858455 0
0.882276 0.0712367 0
0.887441 0.0576258 0
0.889257 0.0514991 0
0.910927 0.0256988 0
0.916421 0.0130373 0
0.918883 0.00988082 1
0.918624 0.00961662 0
0.920697 0.00980319 0
0.924255 0.00731094 0
0.924812 0.0055541 0
0.924067 0.00093913 0
0.927864 0 0
0.931565 0.00292892 0
0.932387 0.0103032 0
0.936292 0.0114952 0
0.941884 0.0137215 1
0.940545 0.0178093 0
0.942779 0.0205073 0
0.945887 0.0252932 0
0.950205 0.0270659 0
0.950846 0.0336493 0
0.948147 0.040675 0
0.946839 0.0498346 0
0.943765 0.0609596 0
0.935696 0.071466 0
0.930461 0.0844347 0
0.92774 0.0882992 0
0.932313 0.0918721 0
0.93121 0.100295 0
0.927704 0.110312 1
0.908516 0.127299 0
0.887867 0.159922 0
0.869135 0.207496 0
0.842346 0.231619 0
0.814454 0.252516 0
0.796402 0.280554 0
0.78713 0.307989 0
0.775024 0.337687 0
0.766466 0.372613 0
0.755742 0.411721 0
0.743489 0.440467 0
0.74237 0.459817 0
0.728989 0.479448 0
0.725547 0.494925 0
0.69178 0.528809 0
0.660742 0.552681 1
0.668235 0.538189 0
0.684793 0.538146 1
0.642705 0.561532 0
0.646159 0.557913 0
0.599881 0.588391 0
0.569038 0.597202 0
0.554119 0.592619 0
0.556354 0.591742 0
0.553987 0.58637 0
0.538949 0.582653 1
0.515539 0.581538 0
0.50253 0.583479 0
0.499366 0.577097 0
0.472696 0.580131 0
0.443982 0.583293 0
0.423522 0.572565 0
0.412264 0.568277 0
0.403177 0.565494 0
0.391535 0.562748 0
0.3793 0.556798 1
0.366689 0.552036 0
0.343946 0.542497 0
0.320994 0.509726 0
0.312974 0.512138 0
0.303858 0.51262 0
0.297515 0.502795 0
0.290709 0.482204 0
0.272003 0.461914 1
0.265574 0.463647 0
0.247845 0.431778 0
0.253341 0.430332 0
0.229481 0.409571 0
0.222778 0.403752 0
0.20892 0.375547 0
0.189857 0.350543 0
0.180684 0.334074 0
0.170214 0.323104 0
0.16571 0.319185 1
0.160773 0.313598 0
0.14519 0.294176 0
0.141422 0.260945 0
0.126066 0.250052 0
0.117632 0.236964 0
0.101957 0.222709 0
0.0784601 0.200536 0
0.0603731 0.17894 0
0.0584772 0.168745 0
0.0623824 0.155889 1
0.0614245 0.149064 0
0.0492897 0.152475 0
0.0503527 0.156563 0
0.0544403 0.15456 0
0.0574078 0.145493 0
0.0575194 0.139195 0
0.0476061 0.128573 0
0.0436394 0.126264 0
0.0375687 0.12321 0
0.0262327 0.114559 1
0.0261379 0.107912 0
0.0243906 0.105333 0
0.021988 0.104523 0
0.0171054 0.106947 0
0.0155717 0.110002 0
0.0130263 0.105875 0
0.0110853 0.110413 0
0.0103565 0.117255 0
0.00821097 0.117957 0
0.00999767 0.110216 0
0.00988818 0.118795 0
0.0114558 0.125686 0
0.0170449 0.130793 0
0.0212079 0.144585 1
0.0335607 0.148577 0
0.0475475 0.16209 0
0.0570409 0.168423 0
0.0685269 0.177861 0
0.0736771 0.179318 0
0.0710919 0.182142 0
0.0838484 0.19066 0
0.11035 0.209368 1
