0.913458 0.209699 0
0.899714 0.164243 0
0.875586 0.150427 0
0.853799 0.12764 0
0.830553 0.111171 0
0.814904 0.108256 0
0.783153 0.0914049 1
0.761812 0.079453 0
0.731201 0.0755522 0
0.68985 0.0597184 0
0.667823 0.0432822 0
0.641043 0.0445046 0
0.589388 0.00674265 0
0.543626 0.0154809 0
0.493405 0.00479767 0
0.462948 0.0128893 0
0.418586 0.010789 1
0.390566 0.0206578 0
0.362521 0.0424828 0
0.324606 0.0497824 0
0.282673 0.0294172 0
0.269091 0.0482945 0
0.242174 0.0524214 0
0.217246 0.0525594 0
0.191281 0.0682386 1
0.172416 0.0705697 0
0.152594 0.0691796 0
0.126531 0.0763233 0
0.103455 0.0862765 0
0.0959806 0.166582 0
0.0835661 0.1941 0
0.0870507 0.221014 0
0.0726852 0.250968 0
0.0700668 0.271996 0
0.0610762 0.310289 0
0.0373652 0.350205 0
0.0513162 0.37206 1
0.0486079 0.388077 0
0.0465294 0.405829 0
0.0455078 0.423524 0
0.0500025 0.44361 0
0.0563282 0.461685 0
0.0728327 0.470861 0
0.0782596 0.484288 0
0.0897767 0.483556 0
0.104247 0.484407 0
0.120484 0.490444 0
0.128688 0.490339 0
0.135887 0.492107 1
0.150804 0.486724 0
0.195311 0.495154 0
0.228793 0.496516 0
0.255085 0.529478 0
0.307623 0.554032 0
0.336741 0.583118 1
0.363312 0.589725 0
0.383257 0.589234 0
0.408423 0.593104 0
0.438216 0.599693 0
0.471418 0.583512 0
0.511937 0.5818 0
0.536034 0.579196 0
0.613692 0.605092 0
0.732219 0.562171 0
0.76804 0.574357 0
0.777031 0.585964 0
0.806137 0.580791 0
0.822067 0.58262 0
0.837464 0.578108 0
0.858862 0.584336 0
0.87399 0.57883 1
0.890593 0.575883 0
0.903096 0.559469 0
0.917945 0.554347 0
0.929172 0.535491 0
0.935357 0.509999 0
0.94499 0.494661 0
0.964472 0.476709 0
0.972046 0.456795 0
0.984447 0.439261 0
0.971865 0.406381 0
0.97395 0.37975 0
0.9801 0.35573 1
0.991188 0.338523 0
0.991345 0.319726 0
0.993642 0.301306 0
1 0.278516 0
0.984789 0.264454 0
0.976771 0.254927 0
0.961153 0.238551 0
0.945376 0.231443 0
0.931575 0.227274 0
0.923727 0.214239 1
0.912351 0.198884 0
0.906203 0.19123 0
0.885224 0.170484 0
0.86375 0.165867 0
0.852215 0.141682 0
0.825962 0.146578 0
0.798738 0.12206 0
0.754746 0.110399 0
0.721487 0.0760229 0
0.706024 0.0589278 0
0.685106 0.0455477 0
0.658688 0.0390162 0
0.627598 0.0450556 0
0.604698 0.0329509 1
0.565737 0.0161453 0
0.497933 0.0150919 0
0.440073 0.0222248 0
0.388908 0 0
0.379514 0.0462586 0
0.355548 0.0654243 0
0.32641 0.0711573 0
0.288773 0.0752908 0
0.25633 0.0921717 0
0.228676 0.106776 0
0.191926 0.110975 0
0.169599 0.116609 0
0.14879 0.132188 0
0.137489 0.133517 1
0.128756 0.156777 0
0.115118 0.173956 0
0.11758 0.195765 0
0.0990925 0.216563 0
0.0883365 0.248759 0
0.079201 0.270354 0
0.0632824 0.310335 0
0.0209023 0.359688 0
0.0106612 0.399617 0
0 0.43634 0
0.0162764 0.529159 0
0.0426683 0.544869 0
0.0641409 0.55743 0
0.0823255 0.557888 0
0.107279 0.560689 0
0.118209 0.549727 1
0.134161 0.562225 0
0.145062 0.569806 0
0.158669 0.575694 0
0.180007 0.589265 0
0.191461 0.584981 0
0.227842 0.596159 0
0.247645 0.638667 0
0.27158 0.649787 0
0.316992 0.67894 0
0.318974 0.677282 0
0.354724 0.665074 0
0.418399 0.6937 0
0.427718 0.667943 0
0.463185 0.66605 0
0.484228 0.658669 0
0.518291 0.666462 1
0.57974 0.671894 0
0.647495 0.676724 0
0.68532 0.653268 0
0.70142 0.652364 1
0.714094 0.64375 0
0.728248 0.651836 0
0.741993 0.647653 0
0.756014 0.636297 0
0.765676 0.633109 0
0.771671 0.651511 0
0.790659 0.637089 0
0.864766 0.569829 0
