0.559798 0.226756 1
0.557493 0.230518 0
0.552552 0.234049 0
0.548356 0.235675 0
0.545972 0.241526 0
0.53299 0.242237 0
0.531261 0.238526 0
0.539669 0.260561 0
0.545772 0.276113 0
0.532107 0.28367 0
0.545804 0.297163 0
0.533252 0.304242 0
0.499401 0.289916 0
0.493692 0.299006 0
0.492397 0.310977 0
0.494177 0.3203 0
0.498261 0.322087 0
0.611676 0.327677 0
0.665424 0.297095 0
0.695544 0.267605 0
0.707952 0.269749 0
0.712637 0.267007 0
0.7178 0.265363 0
0.722488 0.26273 0
0.736657 0.258848 0
0.735887 0.253643 0
0.747977 0.229866 0
0.762824 0.236475 0
0.774329 0.235063 0
0.78051 0.241869 0
0.787781 0.227353 0
0.800318 0.2244 0
0.812452 0.221609 0
0.821199 0.21483 0
0.825676 0.219637 0
0.828937 0.23959 0
0.847184 0.222405 0
0.849147 0.230781 0
0.855635 0.240714 0
0.864856 0.238834 0
0.8724 0.245517 0
0.878913 0.248566 0
0.883456 0.252515 0
0.899722 0.248803 0
0.912554 0.240495 0
0.91387 0.259443 0
0.907457 0.279417 0
0.923321 0.261338 0
0.923297 0.27763 0
0.93336 0.289808 0
0.949134 0.275773 0
0.950409 0.291116 0
0.954304 0.297898 0
0.952422 0.313293 0
0.950585 0.324951 0
0.958824 0.33577 0
0.970303 0.340996 0
0.966462 0.357748 0
0.966738 0.362021 0
0.965224 0.368154 1
0.966978 0.383468 0
0.989949 0.398951 0
0.969236 0.409818 0
1 0.427318 0
0.964161 0.435147 0
0.97787 0.483579 0
0.972131 0.503992 0
0.961318 0.517842 0
0.948945 0.527986 0
0.929507 0.538674 0
0.918322 0.556413 0
0.905673 0.576451 0
0.890785 0.593154 0
0.868696 0.570856 0
0.852052 0.582011 0
0.848932 0.588018 0
0.824178 0.575423 0
0.775073 0.549569 0
0.776152 0.576965 0
0.768385 0.592144 0
0.759787 0.589955 0
0.750801 0.603662 0
0.73975 0.596791 0
0.723515 0.593341 0
0.704689 0.59872 0
0.690167 0.591217 0
0.676433 0.584569 0
0.655826 0.584755 0
0.639851 0.579413 0
0.627359 0.57842 1
0.616468 0.576488 0
0.602265 0.575255 0
0.59065 0.565591 0
0.580779 0.5591 0
0.567377 0.557259 0
0.545259 0.562573 0
0.527337 0.562873 0
0.51247 0.572077 0
0.495886 0.584264 0
0.480129 0.588848 0
0.463264 0.59165 0
0.451876 0.600941 0
0.437652 0.597001 0
0.426339 0.601067 0
0.415128 0.596686 0
0.405895 0.59845 0
0.39825 0.589337 0
0.393935 0.578974 0
0.387373 0.572819 0
0.417777 0.533825 0
0.403055 0.535948 0
0.397331 0.528283 0
0.394664 0.520341 0
0.394596 0.507139 0
0.391669 0.496074 0
0.392165 0.475961 0
0.378792 0.48361 0
0.364166 0.492752 0
0.364068 0.488847 0
0.368061 0.477335 0
0.373046 0.459634 0
0.356169 0.454962 0
0.360817 0.420624 0
0.397927 0.372719 0
0.399246 0.350692 0
0.407165 0.332981 0
0.419902 0.293421 0
0.423921 0.268105 0
0.41698 0.259574 0
0.408492 0.248268 0
0.398698 0.252234 0
0.397987 0.238416 0
0.388935 0.228441 0
0.382955 0.229955 0
0.36902 0.224576 0
0.355886 0.222146 0
0.349255 0.226569 0
0.33697 0.228048 0
0.326237 0.233455 0
0.31735 0.230584 0
0.318045 0.221225 1
0.311294 0.220594 0
0.3064 0.214098 0
0.295576 0.207356 0
0.293344 0.200709 0
0.29227 0.195426 0
0.286012 0.190759 0
0.279986 0.187292 0
0.279529 0.17627 0
0.277507 0.168926 0
0.268939 0.165951 0
0.26904 0.151082 0
0.263408 0.1355 0
0.256659 0.117505 0
0.253 0.105142 0
0.24438 0.0943754 0
0.242074 0.0733809 0
0.229882 0.070173 0
0.221617 0.0642485 0
0.209653 0.0446789 0
0.201329 0.0379161 0
0.192387 0.0313072 0
0.184798 0.0201863 0
0.175361 0.0157601 0
0.167419 0.013287 0
0.159719 0.00887698 1
0.157416 0.00547704 0
0.159947 0.00904123 0
0.158829 0.00993531 0
0.138344 0.0151815 0
0.13405 0.00913525 0
0.1299 0.0100167 0
0.111238 0.00477882 0
0.0945132 0 0
0.0971275 0.0111661 0
0.0789592 0.0291074 0
0.0770083 0.0351994 0
0.0579631 0.0359857 0
0.0643831 0.067853 0
0.0424559 0.0665245 0
0.0174535 0.0563473 0
0.00760787 0.0701398 0
0.00803933 0.0872111 0
0 0.103135 0
0.0148037 0.129278 0
0.00626614 0.145361 0
0.00464048 0.158976 0
0.0103298 0.173415 1
0.0157913 0.185713 0
0.0052814 0.205123 0
0.0038805 0.21908 0
0.0047685 0.236723 0
0.0101835 0.248755 0
0.0201049 0.260143 0
0.0339986 0.26765 0
0.0493942 0.273015 0
0.0630948 0.287401 0
0.0735676 0.290205 0
0.0840428 0.288682 0
0.105841 0.299452 0
0.127065 0.315995 0
0.141685 0.327849 0
0.145659 0.330295 0
0.148664 0.332454 0
0.14735 0.331644 0
0.149816 0.33327 0
0.150189 0.333519 0
0.147137 0.331535 0
0.149112 0.332757 0
0.150283 0.333727 1
0.152039 0.332677 0
0.149905 0.325971 0
0.149998 0.312664 0
0.153724 0.302447 0
0.159801 0.29986 0
0.164392 0.294453 0
0.175062 0.29561 0
0.178751 0.290067 0
0.186747 0.285143 0
0.200521 0.284814 0
0.219344 0.288833 0
0.197561 0.317813 0
0.187679 0.328362 0
0.177943 0.336768 0
0.173065 0.341146 0
0.173987 0.342901 0
0.16681 0.342934 0
0.166061 0.343927 0
0.16664 0.344306 1
0.166352 0.344596 0
0.166421 0.344466 0
0.166509 0.344491 0
0.167206 0.34437 0
0.171901 0.357834 0
0.135113 0.435361 0
0.13516 0.44116 0
0.138067 0.443029 0
0.140895 0.442746 1
0.135101 0.463821 1
0.13636 0.478838 1
0.136376 0.478947 0
0.135985 0.479981 0
0.142663 0.477956 0
0.14677 0.647814 0
0.169131 0.65914 0
0.179593 0.663762 0
0.185986 0.673384 0
0.193535 0.681861 0
0.204252 0.692596 0
0.216065 0.690227 0
0.222608 0.692827 0
0.236426 0.701123 0
0.242677 0.699318 0
0.247605 0.698009 0
0.240734 0.672642 0
0.247926 0.672906 0
0.256445 0.665083 0
0.257545 0.662478 0
0.316308 0.653345 0
0.314545 0.641399 0
0.304532 0.631857 0
0.300653 0.631139 0
0.287761 0.628164 0
0.288858 0.624871 0
0.291113 0.622526 0
0.292757 0.61525 0
0.293953 0.606677 0
0.295667 0.59637 0
0.295821 0.586744 0
0.28971 0.579896 0
0.295485 0.568305 0
0.292266 0.561331 0
0.293779 0.551966 0
0.28957 0.542964 0
0.288816 0.531287 0
0.299136 0.525736 0
0.298095 0.519435 1
0.297972 0.519174 0
0.296456 0.515509 0
0.296437 0.510961 0
0.295555 0.504943 0
0.294809 0.501842 0
0.293203 0.499559 0
0.283756 0.489671 0
0.278723 0.487366 0
0.267382 0.467798 0
0.165965 0.449413 0
0.16369 0.451347 0
0.163431 0.45128 0
0.161254 0.448474 0
0.15654 0.445732 0
0.15391 0.445128 0
0.149964 0.443767 1
0.144574 0.463657 1
0.12147 0.469558 1
0.119591 0.469618 0
0.118543 0.47052 0
0.117528 0.470239 0
0.116233 0.470203 0
0.11538 0.470971 0
0.114319 0.471419 0
0.11216 0.471276 0
0.110902 0.471708 0
0.107013 0.468024 0
0.0718096 0.494469 0
0.0498364 0.516625 0
0.0391701 0.530522 0
0.0300363 0.548309 0
0.0087621 0.578362 0
0.0128031 0.582422 0
0.0102532 0.581598 0
0.012192 0.577707 0
0.0105554 0.5896 0
0.00977191 0.59632 0
0.00801854 0.605694 0
0.0101707 0.605654 0
0.00972106 0.612032 0
0.0123324 0.616516 1
0.0226877 0.624062 0
0.0278755 0.637101 0
0.0410697 0.645491 0
0.0418409 0.674252 0
0.0602043 0.664486 0
0.0761622 0.673648 0
0.0950226 0.675462 0
0.101722 0.678772 0
0.110162 0.677644 0
0.114058 0.684299 0
0.130804 0.683236 0
0.139815 0.694605 0
0.133982 0.738659 0
0.155435 0.737985 0
0.186446 0.701268 0
0.199431 0.695945 0
0.209521 0.70249 0
0.220153 0.702892 0
0.234295 0.694531 0
0.24723 0.687555 0
0.265012 0.678227 0
0.267766 0.664624 0
0.281356 0.658621 0
0.289963 0.646481 1
