0.636523 0.216011 1
0.638114 0.212942 0
0.641903 0.209836 0
0.644316 0.205278 0
0.648444 0.202667 0
0.651977 0.200305 0
0.654202 0.193536 0
0.658465 0.190411 0
0.661444 0.189837 0
0.666174 0.184964 0
0.670405 0.183725 0
0.675247 0.179336 0
0.681639 0.173984 0
0.684408 0.172639 0
0.692815 0.165358 0
0.699083 0.16556 0
0.703916 0.162407 0
0.708267 0.159935 0
0.715205 0.158318 0
0.718614 0.157025 0
0.723832 0.15364 0
0.728094 0.151932 0
0.734588 0.152829 0
0.737495 0.149916 0
0.740711 0.147534 0
0.741836 0.143423 0
0.745629 0.141873 0
0.748043 0.13803 0
0.756745 0.139047 0
0.765509 0.138253 0
0.774337 0.136031 0
0.763386 0.131042 0
0.771215 0.131605 0
0.771936 0.127706 0
0.775623 0.123236 0
0.772824 0.121574 0
0.77067 0.12024 1
0.77067 0.12024 0
0.77067 0.12024 0
0.770656 0.120246 0
0.770738 0.12014 0
0.773176 0.119718 0
0.776493 0.119802 0
0.782045 0.120689 0
0.786819 0.123848 0
0.790942 0.124607 0
0.791717 0.126463 0
0.791469 0.127894 0
0.79912 0.126402 0
0.789537 0.135747 0
0.791397 0.137817 0
0.790085 0.138213 0
0.798686 0.138132 0
0.802889 0.133942 0
0.813043 0.130405 0
0.815416 0.134062 0
0.811935 0.130776 0
0.845413 0.0775974 0
0.862962 0.0572291 0
0.870997 0.0547491 0
0.87225 0.0521214 0
0.87525 0.0469674 0
0.894431 0.0541443 0
0.898839 0.0242903 0
0.901465 0.0252412 0
0.902495 0.0232437 0
0.902403 0.0209442 0
0.917698 0.0257332 0
0.917625 0.0182534 0
0.926193 0.018078 0
0.923794 0.0126876 0
0.927214 0.010685 0
0.930763 0.0104787 0
0.935724 0.00926885 0
0.940242 0.00603963 0
0.941937 0.00559833 0
0.94534 0.00588353 0
0.948258 0.00480266 0
0.951833 0.00257834 0
0.951418 0.00222638 0
0.951167 0 0
0.951356 0.00102974 0
0.951454 0.001506 0
0.951448 0.00155875 0
0.951387 0.0012613 0
0.95154 0.00176817 0
0.951584 0.00209103 0
0.951589 0.00205553 0
0.951766 0.00225791 0
0.951776 0.00226498 0
0.951777 0.00226501 0
0.951777 0.00226499 0
0.951777 0.00226499 1
0.949283 0.00519602 0
0.949075 0.0104397 0
0.951865 0.0247617 0
0.948588 0.0280904 0
0.951665 0.0394239 0
0.951809 0.049417 0
0.94204 0.0741961 0
0.948337 0.0775507 0
0.949807 0.0798845 0
0.94298 0.0775971 0
0.955311 0.0990979 0
0.955074 0.105123 0
0.950954 0.10254 0
0.93888 0.106234 0
0.933387 0.115544 0
0.925494 0.117488 0
0.924728 0.127421 0
0.920367 0.13243 0
0.912157 0.128866 0
0.91084 0.133448 0
0.907216 0.133339 0
0.906462 0.133129 0
0.906464 0.133248 0
0.906442 0.133267 0
0.906439 0.13327 0
0.906439 0.133271 1
0.906353 0.134266 0
0.905942 0.135594 0
0.905418 0.136553 0
0.901604 0.137377 0
0.898558 0.138311 0
0.899487 0.142378 0
0.894393 0.140525 0
0.891762 0.147278 0
0.889 0.147182 0
0.88727 0.150985 0
0.886255 0.156659 0
0.882046 0.158198 0
0.874629 0.155987 0
0.873785 0.162429 0
0.86871 0.165721 0
0.863 0.168015 0
0.858788 0.168981 0
0.858484 0.170274 0
0.855465 0.170851 0
0.858643 0.176125 0
0.862603 0.181773 0
0.861339 0.183472 0
0.862369 0.188653 0
0.836087 0.191611 0
0.831205 0.191782 0
0.832139 0.193661 0
0.831192 0.198704 0
0.827012 0.201362 0
0.825467 0.204274 0
0.823114 0.206219 0
0.82231 0.208946 0
0.822953 0.211665 0
0.823249 0.213281 0
0.823313 0.214756 0
0.824358 0.216319 0
0.824257 0.217438 1
0.823828 0.218833 0
0.824051 0.219976 0
0.824144 0.220631 0
0.825092 0.222648 0
0.826039 0.224344 0
0.827636 0.223784 0
0.828775 0.226777 0
0.829388 0.229579 0
0.835227 0.232907 0
0.836627 0.236515 0
0.841256 0.24119 0
0.844074 0.24588 0
0.848937 0.250086 0
0.850635 0.254669 0
0.857324 0.256319 0
0.851662 0.266785 0
0.858418 0.265757 0
0.866196 0.268065 0
0.866199 0.272308 0
0.867637 0.273709 0
0.882645 0.275608 0
0.874816 0.278492 0
0.874518 0.284141 0
0.875892 0.282064 0
0.881492 0.283789 0
0.880294 0.285767 1
0.879859 0.283931 0
0.880252 0.285826 0
0.880399 0.286331 0
0.877596 0.295012 0
0.76325 0.294052 0
0.765135 0.291919 0
0.758209 0.291634 0
0.753722 0.292741 0
0.748914 0.292443 0
0.745723 0.293598 1
0.743455 0.292327 0
0.741318 0.29631 0
0.688926 0.316056 0
0.687118 0.317933 0
0.678813 0.327275 0
0.679312 0.324412 1
0.667789 0.330525 0
0.646607 0.340021 0
0.609219 0.371143 0
0.604028 0.373128 0
0.595711 0.398992 1
0.573875 0.359028 0
0.571887 0.366002 0
0.56421 0.369752 1
0.549841 0.370306 1
0.515783 0.384198 0
0.519805 0.379161 1
0.506648 0.389751 0
0.493992 0.377338 1
0.478974 0.392682 0
0.463075 0.394769 0
0.433033 0.381371 1
0.419013 0.387991 0
0.407015 0.395963 0
0.396259 0.4023 0
0.374568 0.402625 0
0.357675 0.399665 0
0.323638 0.392814 0
0.317119 0.387836 0
0.314672 0.384918 0
0.310386 0.380901 0
0.301043 0.374676 1
0.298689 0.375454 0
0.295403 0.376184 0
0.29457 0.378027 0
0.288584 0.380841 0
0.286324 0.384414 0
0.278071 0.391934 0
0.274591 0.398025 0
0.267631 0.408388 0
0.262381 0.413958 0
0.263406 0.417586 0
0.251216 0.428504 0
0.236645 0.422933 0
0.095935 0.43 0
0.0563814 0.389322 0
0.0444227 0.368168 0
0.0431191 0.365534 0
0.0400061 0.36038 0
0.0405567 0.362058 0
0.0399564 0.364446 0
0.0377484 0.360119 0
0.0358081 0.358177 0
0.0334006 0.359354 0
0.0327811 0.353894 0
0.0302557 0.351538 1
0.0273942 0.35195 0
0.0278094 0.350076 0
0.0250887 0.349329 0
0.0226618 0.348138 0
0.0186648 0.354101 0
0.0154464 0.349534 0
0.0117346 0.351186 0
0.00661276 0.345612 0
0.0136984 0.339797 0
0.00366614 0.336791 0
0 0.332633 0
0.0113344 0.326498 0
0.0145024 0.320824 0
0.0184128 0.317851 0
0.0154849 0.308635 0
0.0042912 0.300433 0
0.0228889 0.298341 0
0.044379 0.312689 0
0.0466309 0.304634 0
0.047662 0.289089 0
0.0526913 0.288573 0
0.0462492 0.279557 0
0.0687111 0.286847 0
0.0719996 0.281745 0
0.0911032 0.289165 0
0.0969286 0.289669 0
0.101733 0.288473 0
0.11076 0.289861 0
0.124891 0.296224 0
0.131283 0.296684 0
0.13816 0.295933 0
0.14729 0.300531 0
0.154332 0.300109 0
0.157013 0.297898 1
0.15696 0.297863 0
0.156466 0.297201 0
0.158851 0.295004 0
0.153154 0.275175 0
0.0440251 0.216652 0
0.0353557 0.213145 0
0.0370999 0.219155 0
0.0386274 0.21931 0
0.039459 0.218592 0
0.0414083 0.21798 0
0.041307 0.217468 0
0.0421542 0.220157 0
0.0426935 0.219933 0
0.0396346 0.218484 0
0.0391788 0.218108 0
0.0361868 0.218469 0
0.0328804 0.216384 0
0.0345483 0.217998 0
0.03386 0.217401 0
0.0296843 0.21481 0
0.0290303 0.214381 0
0.0282872 0.21495 0
0.0254581 0.214429 0
0.019952 0.211536 0
0.0217109 0.21314 0
0.0239974 0.214501 0
0.0239944 0.214071 0
0.021438 0.211483 0
0.0231983 0.212517 0
0.0257532 0.214792 0
0.0273977 0.213639 0
0.0300495 0.212992 0
0.0274118 0.209652 0
0.0277762 0.205375 0
0.0310649 0.210101 0
0.0321434 0.207647 0
0.0335988 0.206355 0
0.0352416 0.207751 0
0.0357967 0.207061 0
0.0364611 0.207025 1
0.0367684 0.206502 0
0.0370832 0.206284 0
0.0374181 0.206309 0
0.0378997 0.203715 0
0.0394898 0.202942 0
0.0392611 0.201129 0
0.0394067 0.203974 0
0.0406834 0.201585 0
0.0422576 0.199899 0
0.0440254 0.19747 0
0.0456179 0.196563 0
0.0455228 0.192179 0
0.0520443 0.194231 0
0.0558558 0.190097 0
0.0594213 0.188217 0
0.0650639 0.18904 0
0.072796 0.193014 0
0.0780699 0.195427 0
0.0843773 0.19536 0
0.0907881 0.20131 0
0.0966522 0.201093 0
0.100726 0.199342 0
0.108077 0.206038 0
0.111546 0.203316 0
0.113246 0.198043 0
0.123727 0.208059 0
0.130612 0.211226 0
0.137018 0.208056 0
0.144792 0.218833 0
0.14641 0.213212 0
0.163996 0.2227 0
0.155973 0.221946 1
0.156166 0.220686 0
0.165318 0.213657 0
0.188459 0.199665 0
0.253905 0.20504 0
0.286777 0.225815 0
0.301839 0.230668 0
0.372153 0.295753 0
0.377524 0.300331 0
0.380576 0.304811 0
0.38285 0.308187 1
0.394407 0.304729 0
0.454836 0.320065 0
0.477029 0.346456 1
0.511118 0.363539 1
0.55689 0.373074 1
0.578969 0.401794 1
0.614333 0.427952 1
0.613811 0.438641 0
0.624513 0.438589 0
0.701142 0.459076 1
0.734553 0.470737 1
0.743446 0.46619 0
0.835391 0.500699 0
0.836794 0.50881 0
0.84802 0.511974 0
0.849395 0.515146 0
0.859571 0.521949 0
0.863153 0.534762 0
0.870045 0.557652 0
0.882791 0.575414 0
0.889821 0.584463 0
0.896376 0.587992 0
0.901405 0.591966 0
0.903638 0.595466 0
0.907269 0.598228 0
0.904628 0.597568 0
0.901116 0.593928 0
0.903478 0.593296 0
0.903938 0.588585 0
0.906911 0.596406 0
0.903417 0.600257 0
0.905979 0.600935 0
0.910305 0.597112 0
0.908708 0.596637 0
0.910229 0.599973 0
0.912096 0.60202 1
0.922127 0.602664 0
0.926309 0.597979 0
0.934327 0.597706 0
0.925823 0.587896 0
0.897691 0.590192 0
0.89639 0.608202 0
0.983691 0.617321 0
0.970397 0.617556 0
0.897096 0.627801 0
0.882736 0.620896 0
0.876913 0.625154 0
1 0.622979 0
0.894799 0.648026 0
0.888787 0.661699 0
0.875259 0.670726 0
0.955929 0.591861 0
0.89908 0.678063 0
0.878309 0.67288 0
0.875608 0.67173 0
0.863921 0.655541 0
0.875784 0.682861 0
0.867152 0.659274 0
0.859478 0.649332 0
0.859199 0.642051 0
0.85563 0.627063 0
0.854247 0.621022 0
0.857732 0.607282 0
0.86094 0.606484 0
0.847155 0.603581 0
0.853213 0.607389 0
0.850167 0.603268 0
0.841594 0.608484 0
0.835843 0.610928 0
0.830062 0.613371 0
0.827358 0.61139 0
0.81881 0.623608 0
0.81046 0.625912 0
0.804102 0.62383 0
0.799988 0.612228 0
0.791793 0.619737 0
0.782711 0.627648 0
0.779852 0.620826 0
0.78335 0.60628 0
0.779194 0.596465 0
0.76872 0.595266 0
0.769486 0.587505 0
0.76935 0.578645 0
0.748284 0.587002 0
0.726003 0.595344 0
0.749697 0.570472 0
0.733785 0.572287 0
0.733048 0.565741 0
0.739121 0.550188 0
0.725006 0.551181 0
0.721913 0.546107 1
0.727779 0.532327 0
0.728593 0.523944 0
0.726795 0.499493 0
0.724909 0.492093 0
0.7261 0.49113 0
0.727023 0.486749 0
0.728113 0.484304 1
0.728625 0.486975 0
0.723592 0.467115 1
0.723539 0.467038 0
0.722173 0.467327 0
0.707427 0.42893 0
0.715201 0.42773 0
0.710399 0.433237 1
0.715751 0.427463 0
0.721366 0.412019 0
0.721608 0.402463 0
0.728104 0.388561 0
0.731041 0.381389 0
0.729404 0.372864 0
0.731304 0.36922 0
0.726995 0.3628 0
0.727217 0.358783 0
0.726854 0.357118 0
0.727155 0.353067 1
