0.180111 0.205365 1
0.174687 0.2144 0
0.160058 0.22626 0
0.164491 0.225034 0
0.171844 0.224397 0
0.160718 0.240344 0
0.171866 0.23229 0
0.17288 0.234885 0
0.173861 0.229006 0
0.171008 0.238631 0
0.166084 0.243795 0
0.160607 0.255706 0
0.155603 0.263949 0
0.151862 0.271431 0
0.150061 0.279356 0
0.130129 0.293724 0
0.122311 0.300328 0
0.117918 0.30956 0
0.111101 0.316456 0
0.103695 0.315517 0
0.0980078 0.326325 0
0.0960752 0.314612 0
0.0792754 0.329546 0
0.0791517 0.327571 0
0.069586 0.342116 0
0.0692832 0.330003 0
0.0767791 0.299375 0
0.0816909 0.276176 0
0.0880513 0.257267 0
0.104823 0.224388 0
0.123137 0.19328 1
0.15493 0.156325 0
0.207552 0.101318 0
0.229768 0.0848821 0
0.292621 0.0526722 0
0.412341 0.00853507 0
0.453222 0 0
0.593542 0.0025235 0
0.661825 0.0268413 0
0.687342 0.0322112 0
0.687478 0.0330362 0
0.73429 0.0550555 0
0.679494 0.0334262 0
0.707063 0.0579627 0
0.659758 0.0393681 0
0.642086 0.0342652 0
0.605368 0.0302886 0
0.631998 0.0460542 0
0.558964 0.0383162 0
0.567724 0.0447885 0
0.589799 0.0492537 1
0.427153 0.0544156 0
0.360991 0.0694192 0
0.51527 0.0704235 0
0.413558 0.0753257 0
0.426544 0.0818008 1
0.471774 0.0866223 1
0.539942 0.103312 1
0.565219 0.118216 1
0.563417 0.132497 0
0.500599 0.128889 1
0.513398 0.135985 0
0.566875 0.148845 0
0.589337 0.164712 0
0.533834 0.15447 0
0.288758 0.834606 1
0.207709 0.76264 0
0.260655 0.805752 0
0.274923 0.808657 0
0.273335 0.800749 0
0.235624 0.762483 0
0.148622 0.615173 0
0.134492 0.511953 0
0.143193 0.573884 0
0.142326 0.56136 0
0.144029 0.565213 0
0.14934 0.585428 0
0.159124 0.617248 0
0.158539 0.614379 0
0.160498 0.620233 0
0.165066 0.631855 0
0.169506 0.64094 0
0.171614 0.648515 0
0.166727 0.634088 0
0.171502 0.646044 0
0.177364 0.661967 0
0.185575 0.680316 0
0.189854 0.690018 0
0.194193 0.69719 0
0.199072 0.694277 0
0.195729 0.681685 0
0.191152 0.661485 0
0.186843 0.644788 0
0.184132 0.6371 0
0.183545 0.627922 0
0.184589 0.620013 0
0.185265 0.610711 0
0.185036 0.610823 0
0.18586 0.59721 0
0.186371 0.591018 0
0.18734 0.594126 0
0.185696 0.585094 0
0.187146 0.577354 0
0.185672 0.571952 0
0.183827 0.567915 0
0.183758 0.56102 0
0.186292 0.560915 0
0.180472 0.557654 0
0.178106 0.541269 0
0.175785 0.532081 0
0.176717 0.540914 0
0.172936 0.47191 0
0.172414 0.432444 0
0.174839 0.411361 0
0.17805 0.401226 0
0.182454 0.352993 0
0.192139 0.325655 0
0.198406 0.306509 0
0.202497 0.290349 0
0.201554 0.287749 0
0.210656 0.272738 0
0.227824 0.248692 0
0.230504 0.243357 0
0.229568 0.239931 0
0.229932 0.232461 0
0.21882 0.242312 0
0.210573 0.251475 0
0.198071 0.262153 0
0.187682 0.26544 0
0.179024 0.272056 0
0.166542 0.288665 0
0.15315 0.302775 0
0.143654 0.319421 0
0.129439 0.349869 0
0.119784 0.36395 0
0.108924 0.388795 0
0.103855 0.403601 0
0.0964847 0.412852 0
0.0885733 0.420648 0
0.0819843 0.432752 0
0.0765904 0.445929 0
0.0720874 0.443864 0
0.0694413 0.44735 0
0.0671742 0.439042 0
0.0672897 0.408191 0
0.0654397 0.398127 0
0.0671082 0.37374 0
0.068099 0.352966 0
0.0654861 0.347756 0
0.0588109 0.366907 0
0.0566889 0.353805 0
0.0704609 0.683723 0
0.070907 0.695612 0
0.0730248 0.709624 0
0.0730025 0.722682 0
0.0760302 0.738467 0
0.0792093 0.747967 0
0.0836574 0.76553 0
0.088987 0.780035 0
0.0936946 0.79219 0
0.0909529 0.794304 0
0.0918753 0.800605 0
0.0882403 0.798818 0
0.0897697 0.802752 0
0.0896399 0.799577 0
0.0882291 0.795276 0
0.0737675 0.773216 0
0.0592637 0.750292 0
0.0301613 0.689263 0
0 0.582999 0
0.0179909 0.336906 0
1 0.432874 0
0.88929 0.188252 1
0.945991 0.279225 0
0.993955 0.438447 0
0.280896 0.937688 0
0.34426 0.964534 0
0.322514 0.955142 0
0.371315 0.966804 0
0.386003 0.969039 1
0.427473 0.974854 0
0.427101 0.974217 0
0.388439 0.963561 0
0.350107 0.949937 0
0.307094 0.928564 0
0.278411 0.910899 0
0.264625 0.899992 0
0.257046 0.892001 0
0.249739 0.884485 0
0.248611 0.883263 0
0.250733 0.881899 0
0.24501 0.874615 0
0.241123 0.869658 0
0.239222 0.866327 1
0.244093 0.871042 0
0.245559 0.872261 0
0.253124 0.876946 0
0.254617 0.878978 0
0.258972 0.883054 0
0.262018 0.886224 0
0.267206 0.891845 0
0.273849 0.897033 0
0.28015 0.902163 0
0.286596 0.908466 0
0.294284 0.914147 0
0.3032 0.920562 0
0.314959 0.93136 0
0.326182 0.941567 0
0.334045 0.945653 0
0.342082 0.950147 0
0.34729 0.956249 0
0.361625 0.961894 0
0.374051 0.966291 0
0.382026 0.970519 0
0.394371 0.977786 1
0.404357 0.981562 0
0.413988 0.984495 0
0.425013 0.986524 0
0.436022 0.988705 0
0.444048 0.990412 0
0.453424 0.993262 0
0.463942 0.995533 0
0.477235 0.997369 0
0.484421 0.997575 0
0.48814 0.997199 0
0.497862 0.997462 0
0.504075 0.997448 0
0.516915 0.997553 0
0.533515 1 0
0.53853 0.999314 0
0.54185 0.99942 0
0.54489 0.997005 0
0.54949 0.994653 0
0.531786 0.995485 0
0.533319 0.994673 0
0.628782 0.974771 0
0.619199 0.976271 0
0.64164 0.972369 0
0.651151 0.966944 0
0.654529 0.961843 0
0.663102 0.956134 0
0.676213 0.950223 0
0.673911 0.950462 0
0.680052 0.947657 0
0.6917 0.940028 0
0.697439 0.935269 0
0.704542 0.930452 0
0.707566 0.928277 0
0.705793 0.929636 0
0.709496 0.928527 0
0.712977 0.928129 0
0.718883 0.926405 0
0.721951 0.925398 0
0.720634 0.924349 0
0.72909 0.921485 0
0.730908 0.921047 0
0.738582 0.915637 0
0.759599 0.903171 0
0.77844 0.894003 0
0.785629 0.887601 0
0.803396 0.871073 0
0.829888 0.846787 0
0.833898 0.842618 0
0.947675 0.660746 1
0.859332 0.810796 0
0.835417 0.830711 0
0.861998 0.801196 0
0.863484 0.794187 0
0.859149 0.793096 0
0.871912 0.774965 0
0.875897 0.768296 0
0.858543 0.786823 0
0.838264 0.797047 0
0.839899 0.784439 0
0.849247 0.763687 0
0.853284 0.746989 0
0.838062 0.760092 0
0.830037 0.760791 0
0.818573 0.765461 0
0.746954 0.830467 0
0.854307 0.679412 0
0.846619 0.675108 0
0.84972 0.652603 0
0.844117 0.645355 0
0.837787 0.644302 0
0.833767 0.633734 0
0.831975 0.62177 0
0.831255 0.606599 0
0.829901 0.598702 0
0.826691 0.594729 0
0.82663 0.57922 0
0.826994 0.561368 0
0.828582 0.54903 0
0.827679 0.541496 0
0.824904 0.526583 0
0.826304 0.497658 0
0.826649 0.487141 0
0.825759 0.488313 0
0.824002 0.472183 0
0.824417 0.453538 0
0.820952 0.432584 0
0.825423 0.432392 0
0.823465 0.423008 0
0.824723 0.411951 0
0.826423 0.402128 0
0.826436 0.392783 0
0.82322 0.380522 0
0.820149 0.368865 0
0.819901 0.360724 0
0.817048 0.349554 0
0.820654 0.347131 0
0.814907 0.33708 0
0.808743 0.330139 0
0.804253 0.322489 0
0.808283 0.318062 0
0.804704 0.309441 0
0.802187 0.29978 0
0.798304 0.29306 0
0.803794 0.288826 0
0.793538 0.27662 0
0.788296 0.270986 0
0.777876 0.247206 0
0.771196 0.247426 0
0.772166 0.239807 0
0.763395 0.229465 0
0.753749 0.217472 0
0.748442 0.213288 0
0.740799 0.206049 0
0.73088 0.196089 0
0.720438 0.186623 0
0.721036 0.179915 1
0.689946 0.162273 0
0.674814 0.1524 0
0.661222 0.144401 0
0.645486 0.137361 0
0.629833 0.130011 0
0.611934 0.123277 0
0.590005 0.114669 0
0.575536 0.107307 1
0.547453 0.104244 1
0.54946 0.10515 0
0.546747 0.101186 0
0.503946 0.0945537 1
0.28894 0.159967 0
0.320585 0.141147 0
0.351082 0.124918 0
0.416851 0.106302 0
0.419366 0.106685 0
0.472315 0.100902 1
0.438638 0.103743 0
0.431078 0.105292 0
0.42966 0.105362 0
0.454634 0.0999534 0
0.439169 0.0976564 1
0.431129 0.107598 0
0.451356 0.101783 0
0.41344 0.113171 0
0.397343 0.126593 0
0.358178 0.148756 0
0.336932 0.152131 0
0.318295 0.176708 0
0.30211 0.186911 0
0.300947 0.193123 0
0.266566 0.224239 0
0.253647 0.240525 0
0.235682 0.257883 0
0.216948 0.290978 0
0.21206 0.316516 0
0.195586 0.341179 0
0.186764 0.375042 0
0.178757 0.417477 0
0.174943 0.456181 0
0.174396 0.483407 0
0.174619 0.51559 0
0.176572 0.55102 0
0.178269 0.570343 0
0.186866 0.59811 0
0.186568 0.612315 0
0.1934 0.623339 0
0.191643 0.622705 0
0.193748 0.640374 0
0.202898 0.653529 0
0.209774 0.670598 0
0.224988 0.687236 0
0.223813 0.701221 0
0.241153 0.714622 0
0.232276 0.709942 0
0.268238 0.739729 0
0.284603 0.753015 0
0.311021 0.767217 0
0.31384 0.763742 0
0.347258 0.782716 0
0.353773 0.78512 0
0.366785 0.781945 0
0.428192 0.796867 0
0.455681 0.796492 0
0.489248 0.787867 0
0.481528 0.78913 0
0.494092 0.787701 0
0.52886 0.774427 0
0.570246 0.758334 0
0.607326 0.733702 0
0.680636 0.674106 0
0.680538 0.652807 0
0.672658 0.632002 0
0.719431 0.520185 0
0.633676 0.320687 0
0.689662 0.52843 0
0.653353 0.392866 0
0.665396 0.439976 0
0.525586 0.340882 0
0.545716 0.389737 0
0.532673 0.405922 0
0.537055 0.439807 0
0.527501 0.449523 0
0.505567 0.460967 0
0.499476 0.489306 0
0.498928 0.48862 0
0.498806 0.488901 0
0.498801 0.488947 0
0.4988 0.48897 0
0.498799 0.48897 0
0.498799 0.48897 0
0.498799 0.48897 0
0.498799 0.48897 0
0.498799 0.48897 0
0.498799 0.48897 0
0.498799 0.48897 0
0.498799 0.48897 0
0.498799 0.48897 0
0.498799 0.48897 0
0.498799 0.48897 1
