0.171608 0.716421 1
0.171624 0.716401 0
0.171638 0.716346 0
0.171964 0.716088 0
0.169767 0.718181 0
0.511098 0.747984 0
0.581795 0.771092 0
0.176427 0.731004 0
0.527756 0.770862 0
0.55536 0.760774 0
0.562539 0.752279 0
0.556408 0.749574 0
0.563411 0.746719 0
0.565051 0.73919 0
0.567465 0.735931 0
0.568711 0.724296 0
0.58006 0.720583 0
0.579164 0.730088 0
0.579635 0.725853 0
0.582766 0.725334 1
0.562619 0.723337 0
0.606371 0.622818 1
0.636082 0.603052 0
0.557982 0.482351 1
0.530842 0.717642 0
0.575925 0.728075 0
0.578065 0.7265 0
0.571158 0.729129 0
0.562497 0.733858 0
0.549872 0.742698 0
0.547068 0.741387 0
0.542831 0.740194 0
0.527513 0.756689 0
0.506153 0.771356 0
0.48373 0.771336 0
0.461581 0.785782 0
0.45541 0.788159 0
0.44564 0.794769 0
0.445641 0.808175 0
0.444055 0.815052 0
0.445349 0.815521 0
0.446049 0.824583 0
0.441015 0.821375 0
0.440688 0.826908 0
0.441049 0.839828 0
0.454288 0.849231 0
0.584516 0.775805 0
0.493147 0.802109 0
0.594286 0.781878 0
0.758419 0.385872 0
0.615076 0.421429 0
0.609956 0.415749 0
0.620245 0.398414 0
0.591235 0.416537 0
0.603415 0.401077 0
0.575378 0.424025 1
0.549412 0.397071 1
0.618539 0.372528 0
0.605385 0.377961 0
0.604354 0.379736 0
0.59876 0.383822 0
0.59368 0.382227 0
0.591001 0.382224 0
0.592642 0.380991 0
0.596646 0.382055 0
0.606608 0.358804 0
0.589177 0.372942 0
0.606362 0.398518 0
0.401976 0 0
0.105783 0.509232 0
0.0764378 0.612166 0
0.0709959 0.591752 0
0.0741299 0.607102 0
0.0713955 0.5979 0
0.0680624 0.587957 0
0.0778706 0.618671 0
0.0626841 0.633432 0
0.0634498 0.587991 0
0.0931381 0.539499 0
0.278931 0.119126 0
0.226061 0.127872 0
0.0530113 0.547806 0
0.061574 0.588432 0
0.0662078 0.60265 0
0.0596791 0.58743 0
0.0644304 0.60197 0
0.0649838 0.601282 0
0.059216 0.59198 0
0.0570778 0.588482 0
0.044099 0.579339 0
0.0186093 0.550476 0
0 0.538132 0
0.00976612 0.560177 0
0.0357954 0.589008 0
0.0322692 0.589103 0
0.00343639 0.566839 0
0.0483862 0.606462 0
0.0599332 0.607771 1
0.0284013 0.644795 0
0.0347792 0.635968 0
0.0229427 0.66164 0
0.0162833 0.698569 0
0.183444 0.836027 1
0.399037 0.898151 1
0.416004 0.924099 0
0.569512 1 0
0.622449 0.70904 1
0.623904 0.707162 0
0.632192 0.719256 0
0.578083 0.604026 0
0.593725 0.614434 0
0.599097 0.617663 0
0.599751 0.618516 0
0.599767 0.618632 0
0.599797 0.618638 1
0.597113 0.617011 0
0.583897 0.606859 0
0.540376 0.580977 0
0.42326 0.433622 0
0.517423 0.887861 0
0.208485 0.757089 0
0.206488 0.72787 0
0.28938 0.754353 0
0.219134 0.745066 0
0.294521 0.727548 0
0.19304 0.727585 0
0.342027 0.432759 0
0.264274 0.660057 0
0.203106 0.708638 0
0.311883 0.73324 0
0.235652 0.688451 0
0.223961 0.691354 0
0.228595 0.685608 0
0.235498 0.68188 0
0.241259 0.686405 0
0.250413 0.67779 0
0.309375 0.708849 0
0.243854 0.668215 0
0.317733 0.720181 0
0.322737 0.724296 0
0.327319 0.732632 0
0.330597 0.738321 0
0.333465 0.743268 0
0.341013 0.739425 0
0.344138 0.746724 0
0.349615 0.74493 0
0.354551 0.74853 0
0.361095 0.744962 0
0.374165 0.751312 0
0.381447 0.748894 0
0.405577 0.751461 0
0.461843 0.734992 0
0.387722 0.789714 0
0.220352 0.596258 0
0.185466 0.668846 0
0.185443 0.661027 0
0.18277 0.657759 0
0.180005 0.656826 0
0.1763 0.656966 0
0.176006 0.651284 0
0.170834 0.648553 0
0.164808 0.644104 0
0.16293 0.640825 0
0.181404 0.643085 0
0.217402 0.796204 0
0.213686 0.803723 0
0.212766 0.803201 0
0.211947 0.804315 0
0.212023 0.804728 0
0.211792 0.805687 0
0.21126 0.806071 0
0.211129 0.806883 0
0.210275 0.807029 0
0.200692 0.81159 0
0.360741 0.825399 0
0.139891 0.599468 0
0.121613 0.608491 0
0.116478 0.60876 0
0.112334 0.608075 0
0.110908 0.605519 0
0.106622 0.606216 0
0.102794 0.606223 0
0.0985393 0.605164 0
0.0951548 0.605197 1
0.096554 0.60186 0
0.0946802 0.603303 0
0.0936132 0.603129 0
0.0932563 0.601995 0
0.0953673 0.596399 0
0.0933461 0.596729 0
0.096211 0.590271 0
0.093055 0.591787 0
0.0914889 0.592312 0
0.0888147 0.593747 0
0.0943145 0.580013 0
0.0925776 0.56734 0
0.0941396 0.562034 0
0.0905195 0.556902 0
0.0938393 0.538512 0
0.0955103 0.518067 0
0.0994935 0.498423 0
0.106983 0.477217 0
0.102842 0.44901 0
0.100568 0.433797 0
0.100339 0.412511 0
0.0991298 0.403596 0
0.111023 0.387151 0
0.442824 0.287276 0
0.498499 0.32678 0
0.496095 0.32121 0
0.501664 0.332128 0
0.494731 0.330826 0
0.505612 0.350263 0
0.510641 0.360559 0
0.513465 0.36506 0
0.510659 0.369637 0
0.513503 0.375959 0
0.518198 0.380502 0
0.522156 0.386424 0
0.525916 0.389392 1
0.566359 0.419012 0
0.565341 0.417493 1
0.555194 0.424018 0
0.508446 0.38056 0
0.507284 0.391838 0
0.506579 0.389762 0
0.505744 0.390224 0
0.505251 0.389885 0
0.501401 0.395384 0
0.486925 0.404824 0
0.480821 0.409663 0
0.482526 0.416483 0
0.478903 0.430371 0
0.48146 0.48612 0
0.529015 0.528368 0
0.535266 0.520665 0
0.535615 0.51911 0
0.537188 0.516067 0
0.540362 0.512583 0
0.545043 0.507337 1
0.545979 0.506566 0
0.547609 0.507794 0
0.548297 0.506788 0
0.550295 0.507645 0
0.546815 0.504378 0
0.555865 0.514193 0
0.554437 0.50956 0
0.554636 0.508095 0
0.556037 0.508803 0
0.560161 0.512428 0
0.556797 0.505164 0
0.484475 0.56809 0
0.579693 0.528568 0
0.225235 0.765708 0
0.4722 0.818003 0
0.437901 0.80973 0
0.444115 0.82584 0
0.443851 0.822898 0
0.432698 0.813235 0
0.314002 0.797417 0
0.316863 0.814676 0
0.32362 0.818153 0
0.325695 0.822402 0
0.329613 0.823287 0
0.334837 0.827312 0
0.338221 0.829939 0
0.343232 0.832395 0
0.346336 0.834128 0
0.344841 0.835767 0
0.352657 0.836005 0
0.355135 0.838148 0
0.35651 0.842561 0
0.362026 0.844589 0
0.363928 0.844502 0
0.365548 0.846746 0
0.372233 0.849649 0
0.377865 0.855219 0
0.37847 0.870502 0
0.384549 0.873152 0
0.388257 0.877148 0
0.389373 0.879116 0
0.391905 0.882383 0
0.393365 0.887173 1
0.393325 0.887143 0
0.393155 0.88676 0
0.392934 0.886294 0
0.392733 0.885969 0
0.392766 0.886275 0
0.392968 0.886549 0
0.393083 0.887006 0
0.391005 0.884661 0
0.39056 0.884775 0
0.387543 0.883048 0
0.383906 0.87971 0
0.386171 0.882652 0
0.371664 0.886679 0
0.207747 0.830806 0
0.19247 0.822905 0
0.191264 0.826867 0
0.190556 0.827642 0
0.189675 0.828505 1
0.189211 0.827895 0
0.189875 0.825058 0
0.191508 0.822249 0
0.131321 0.637416 0
0.105965 0.622731 0
0.10727 0.630123 0
0.103554 0.631164 0
0.098406 0.62781 0
0.100466 0.63198 0
0.0921036 0.625553 0
0.0906701 0.628081 0
0.092071 0.580864 0
0.090653 0.580497 0
0.0965197 0.56341 0
0.0847716 0.586051 0
0.0812819 0.621191 0
0.08168 0.617471 0
0.0802888 0.606715 0
0.0834299 0.569226 0
0.0830981 0.548939 0
0.0857086 0.535431 0
0.0856542 0.517438 0
0.0937726 0.493164 0
0.0965123 0.47017 0
0.0998285 0.450663 0
0.116436 0.436857 0
0.129724 0.391735 0
0.165445 0.35688 0
0.345169 0.348229 0
0.36135 0.349201 0
0.373319 0.346605 0
0.387974 0.358913 0
0.396528 0.35696 0
0.401519 0.355228 0
0.409626 0.362072 0
0.416406 0.371114 0
0.421032 0.37766 0
0.427385 0.401449 0
0.438429 0.411668 0
0.500081 0.425272 0
0.494976 0.432581 0
0.467795 0.427087 0
0.519494 0.550986 0
0.510384 0.517932 0
0.514122 0.52086 0
0.517093 0.536452 0
0.426138 0.438392 0
0.454114 0.455514 0
0.458481 0.466427 0
0.503218 0.530655 0
0.505738 0.533379 0
0.47387 0.529571 0
0.245961 0.741792 1
0.249469 0.738891 0
0.250337 0.737298 0
0.253167 0.735794 0
0.255248 0.731598 0
0.255308 0.731129 0
0.258434 0.726968 0
0.257712 0.724083 0
0.259526 0.720681 0
0.260883 0.718478 0
0.263279 0.714567 0
0.267435 0.706842 0
0.272585 0.703066 0
0.270566 0.703112 0
0.274704 0.698308 0
0.286145 0.69207 0
0.298976 0.697057 0
0.258491 0.684824 0
0.372791 0.547298 0
0.401724 0.581445 0
0.392021 0.576916 0
0.327175 0.661949 0
0.321714 0.648702 0
0.317976 0.637368 0
0.337206 0.603374 0
0.332523 0.633536 0
0.338938 0.634387 0
0.344817 0.629155 0
0.351062 0.631847 0
0.358275 0.620551 0
0.368963 0.614269 0
0.370701 0.61997 1
