0.653629 0.774741 1
0.659278 0.771727 0
0.665089 0.765701 0
0.663903 0.770468 0
0.657041 0.776258 0
0.656797 0.771367 0
0.640303 0.772722 0
0.662625 0.758816 0
0.666896 0.758029 0
0.666843 0.763509 0
0.661532 0.760427 0
0.199981 0.434201 1
0.641883 0.767932 0
0.603966 0.785425 0
0.273583 0.291388 0
0.206863 0.399774 0
0.25156 0.312022 0
0.23309 0.330687 0
0.217656 0.348847 0
0.212645 0.35086 0
0.225463 0.320271 0
0.238865 0.293373 1
0.404917 0.174912 0
0.556911 0.158113 0
0.486946 0.148127 0
0.446302 0.146688 0
0.528008 0.134373 0
0.507819 0.129077 0
0.477202 0.12495 0
0.492711 0.120874 1
0.489011 0.115883 0
0.48576 0.115748 0
0.488253 0.109496 0
0.480516 0.106486 0
0.47653 0.103974 0
0.473325 0.0999983 0
0.467911 0.0958775 0
0.457016 0.094242 0
0.45302 0.0928862 0
0.429903 0.0890522 0
0.426367 0.0888826 0
0.420616 0.0871442 0
0.410092 0.0848803 0
0.397878 0.081808 0
0.383404 0.078306 0
0.372443 0.0771331 0
0.365306 0.0762202 0
0.358855 0.0735672 0
0.353835 0.0713062 0
0.349806 0.0672993 0
0.348981 0.0614442 0
0.34806 0.0587214 0
0.345759 0.0574989 0
0.342863 0.0557482 0
0.331044 0.0572507 0
0.297991 0.0653818 0
0.243872 0.0884642 0
0.217008 0.103696 0
0.281961 0.0641198 0
0.441159 0.0133795 0
0.506293 0.00628515 1
0.528231 0.986382 1
0.527286 0.992315 0
0.524138 0.997594 0
0.524211 0.998072 0
0.52331 0.999017 0
0.51381 1 0
0.498972 0.99752 0
0.484892 0.995969 0
0.466566 0.991321 0
0.448831 0.988281 0
0.429062 0.985606 0
0.401265 0.979607 0
0.3684 0.969884 0
0.340522 0.962454 0
0.302291 0.947333 0
0.245167 0.915671 0
0.191944 0.87825 0
0.145149 0.839044 0
0.106747 0.799769 0
0.106606 0.808448 0
0.0604895 0.738094 0
0.0736731 0.766844 0
0.0681133 0.759572 0
0.07085 0.765777 0
0.0933357 0.804555 0
0.0606536 0.749184 0
0.0456508 0.719953 0
0.0404016 0.710279 0
0.0399119 0.710179 0
0.0349093 0.697148 0
0.0294158 0.68634 0
0.00288691 0.577778 0
0.00418981 0.584497 0
0 0.531415 0
0.00178905 0.551846 0
0.00572579 0.57735 0
0.0117659 0.603158 0
0.0180745 0.619148 0
0.0217492 0.616667 0
0.0241556 0.606639 0
0.0316337 0.623216 0
0.037717 0.629311 0
0.0392824 0.609068 0
0.0432586 0.6056 0
0.0493279 0.610154 0
0.0553861 0.60752 0
0.0601161 0.611229 0
0.0606397 0.597062 0
0.0622735 0.583802 0
0.0631579 0.555602 0
0.0674036 0.523384 1
0.0740307 0.496658 0
0.0828749 0.465257 0
0.0941994 0.434091 0
0.108738 0.402568 0
0.12533 0.375693 0
0.135224 0.361708 0
0.148843 0.348997 0
0.161219 0.341619 0
0.249281 0.232278 0
0.425151 0.148483 0
0.450644 0.148123 0
0.457702 0.147894 0
0.471746 0.150482 0
0.471453 0.151825 0
0.470271 0.151787 0
0.477146 0.150422 0
0.47236 0.151244 0
0.462611 0.155208 0
0.466321 0.159251 0
0.437843 0.160868 0
0.432026 0.164729 0
0.422772 0.168462 0
0.411005 0.170764 0
0.402254 0.172295 0
0.3892 0.177027 0
0.375538 0.181817 0
0.362195 0.186176 0
0.355399 0.186882 0
0.345124 0.191009 0
0.334862 0.1936 0
0.329091 0.193235 0
0.328853 0.186095 0
0.323127 0.186765 0
0.316107 0.184276 0
0.306567 0.185223 0
0.297578 0.186275 0
0.287049 0.187652 0
0.276444 0.19039 0
0.266613 0.193655 0
0.256036 0.195884 0
0.23728 0.20832 0
0.231746 0.207757 0
0.221138 0.215544 0
0.209075 0.222962 0
0.19928 0.232885 0
0.185782 0.240072 0
0.172971 0.258205 0
0.153905 0.272714 0
0.139282 0.286285 0
0.131202 0.296636 0
0.121387 0.308499 0
0.112699 0.318497 0
0.111646 0.319502 0
0.0984466 0.343113 0
0.0880379 0.362042 0
0.0827767 0.376156 0
0.0770685 0.389621 0
0.0707325 0.408674 0
0.0613724 0.4378 0
0.0529389 0.477166 0
0.049968 0.51543 1
0.0478536 0.5119 0
0.0907783 0.689215 0
0.977951 0.545131 0
0.973323 0.389355 1
0.989892 0.479819 0
0.99165 0.483076 0
0.966411 0.334951 0
1 0.473017 0
0.980637 0.356322 0
0.901811 0.210453 0
0.876433 0.18089 0
0.825543 0.130005 0
0.77553 0.0881052 0
0.738293 0.0634845 0
0.71267 0.0463887 0
0.675025 0.0267138 0
0.690891 0.0284889 0
0.669595 0.0157522 0
0.667141 0.0144135 0
0.643662 0.00249668 0
0.621436 0.00045832 0
0.607144 0.000179888 0
0.588865 0 0
0.566108 0.00256456 0
0.546707 0.00291533 0
0.540566 0.00727311 1
0.542455 0.0176463 0
0.543585 0.0257373 0
0.540984 0.0333862 0
0.535123 0.0415658 0
0.529773 0.0480586 0
0.533712 0.0560271 0
0.658843 0.0847347 0
0.918531 0.317906 0
0.88048 0.261646 0
0.866054 0.251461 0
0.918851 0.359232 0
0.886831 0.297359 0
0.927429 0.406761 0
0.931464 0.451205 0
0.931134 0.460733 0
0.932158 0.470092 0
0.931396 0.513514 0
0.926276 0.517338 0
0.921768 0.523963 0
0.918297 0.529454 0
0.91561 0.535528 0
0.914182 0.533055 0
0.913493 0.510565 0
0.909885 0.468926 0
0.905864 0.476322 0
0.905027 0.478046 0
0.904194 0.474644 0
0.904346 0.486313 0
0.903974 0.489403 0
0.90278 0.490398 0
0.899366 0.493687 0
0.901234 0.490802 0
0.899404 0.48332 0
0.900362 0.476766 0
0.899844 0.470847 0
0.899457 0.463803 0
0.90224 0.460637 0
0.899429 0.45517 0
0.896456 0.448467 0
0.895248 0.431685 0
0.36067 0.145708 1
0.895599 0.413969 0
0.892915 0.400848 0
0.890679 0.387819 0
0.890268 0.384824 1
0.887257 0.37525 0
0.883624 0.362714 0
0.87621 0.346375 0
0.865793 0.334214 0
0.85798 0.319661 0
0.848277 0.304976 0
0.838425 0.294377 0
0.829256 0.280702 0
0.819318 0.266419 0
0.805385 0.250168 0
0.793084 0.237987 0
0.789578 0.233411 0
0.781516 0.225939 0
0.762407 0.212212 0
0.750015 0.20316 0
0.735868 0.192664 0
0.719901 0.186015 0
0.708947 0.183437 0
0.70102 0.183094 0
0.694049 0.183864 0
0.685351 0.181085 0
0.676143 0.178285 0
0.665634 0.176925 0
0.653368 0.173844 0
0.639316 0.168159 0
0.624537 0.164613 0
0.60755 0.157286 0
0.595725 0.155409 0
0.58416 0.151467 0
0.574257 0.147486 0
0.563558 0.141713 0
0.555064 0.134126 0
0.537977 0.132341 0
0.523426 0.129574 0
0.492708 0.12094 1
0.406897 0.135171 1
0.339566 0.160296 1
0.227503 0.233271 0
0.137352 0.363544 0
0.109043 0.516938 0
0.11998 0.597126 0
0.160323 0.706176 0
0.216776 0.786867 0
0.27812 0.840397 0
0.320527 0.867477 0
0.377816 0.896285 0
0.402017 0.905933 0
0.436672 0.918328 0
0.470431 0.927634 0
0.489855 0.932082 0
0.522836 0.937568 1
0.556806 0.93916 0
0.592333 0.937835 0
0.627154 0.937647 0
0.656964 0.932746 0
0.686094 0.926326 0
0.709772 0.917775 0
0.737142 0.906706 0
0.77272 0.889356 0
0.819246 0.859203 0
0.861088 0.824993 0
0.893953 0.790011 0
0.92591 0.744802 0
0.956334 0.690608 0
0.972314 0.648452 0
0.979083 0.621088 0
0.985149 0.589379 0
0.986017 0.573897 0
0.989364 0.566454 0
0.989022 0.567448 0
0.985716 0.57795 0
0.98774 0.576798 0
0.983937 0.588364 0
0.983853 0.594514 0
0.975771 0.614696 0
0.964201 0.638358 0
0.954496 0.65621 0
0.130957 0.764694 0
0.182037 0.816627 0
0.289929 0.883756 0
0.388641 0.912514 0
0.533725 0.921443 0
0.758761 0.838397 0
0.772106 0.817783 0
0.758018 0.821067 0
0.745292 0.825953 0
0.712497 0.841728 1
0.696568 0.852616 0
0.686016 0.860874 0
0.655457 0.872711 0
0.608173 0.882939 0
0.586146 0.884834 0
0.559284 0.886307 0
0.55358 0.884429 0
0.520627 0.882121 0
0.490076 0.876636 0
0.484942 0.873835 0
0.442579 0.862256 0
0.405093 0.850243 0
0.365985 0.83236 0
0.319156 0.804534 0
0.198303 0.297222 1
0.163564 0.370066 0
0.146524 0.449448 0
0.159379 0.576117 0
0.275083 0.748371 0
0.27277 0.741874 0
0.253942 0.717775 0
0.232909 0.690425 0
0.217184 0.662385 0
0.207914 0.639767 0
0.199859 0.616873 0
0.198056 0.599716 0
0.19465 0.578432 0
0.193197 0.557815 0
0.19617 0.540037 0
0.199905 0.511432 0
0.204801 0.489308 0
0.208471 0.466147 0
0.218951 0.430575 1
0.23307 0.403154 0
0.253023 0.373637 0
0.277523 0.342402 0
0.314958 0.307611 0
0.3607 0.28103 0
0.40687 0.260604 0
0.474509 0.244269 0
0.525166 0.251755 0
0.576894 0.261422 0
0.616219 0.278658 0
0.648959 0.295329 0
0.6681 0.326271 0
0.676241 0.343872 0
0.70067 0.39174 0
0.706149 0.444468 0
0.695163 0.498241 0
0.669502 0.536192 0
0.620613 0.589108 0
0.551712 0.614286 0
0.492594 0.606083 0
0.554633 0.574602 0
0.470355 0.54209 0
0.539359 0.517952 0
0.495105 0.504272 0
0.512325 0.504075 0
0.507842 0.496091 0
0.507883 0.4959 0
0.507944 0.495889 0
0.507947 0.495889 0
0.507947 0.495889 0
0.507947 0.495889 0
0.507947 0.495889 0
0.507947 0.495889 0
0.507947 0.495889 0
0.507947 0.495889 0
0.507947 0.495889 0
0.507947 0.495889 0
0.507947 0.495889 1
