0.489974 0.415242 1
0.488312 0.410524 0
0.493301 0.404413 0
0.492538 0.400096 0
0.494133 0.397968 0
0.489727 0.39249 0
0.4901 0.391522 0
0.490177 0.389536 0
0.491278 0.38747 0
0.491572 0.384271 0
0.492768 0.383044 0
0.492839 0.380886 0
0.492186 0.377304 0
0.491069 0.372859 0
0.489892 0.371218 0
0.491275 0.370485 0
0.491624 0.369638 0
0.490223 0.366575 0
0.487394 0.363757 0
0.487357 0.365736 0
0.534952 0.375905 0
0.545353 0.376993 0
0.552254 0.373137 0
0.559124 0.384414 0
0.561985 0.387508 0
0.568847 0.388475 0
0.574309 0.387733 0
0.564592 0.393454 0
0.48406 0.3556 0
0.459696 0.340303 0
0.449394 0.335606 0
0.422707 0.324965 0
0.394346 0.322173 0
0.397364 0.320835 0
0.396225 0.321202 0
0.394874 0.321438 0
0.385343 0.324437 0
0.392072 0.323626 0
0.408462 0.325405 0
0.416171 0.327302 0
0.407771 0.326384 0
0.398485 0.324568 0
0.400057 0.326496 0
0.398372 0.326984 0
0.398879 0.327396 0
0.399147 0.327969 0
0.405959 0.329255 0
0.406161 0.329152 0
0.411541 0.331573 0
0.438958 0.335215 0
0.488071 0.461604 0
0.486363 0.472743 0
0.486183 0.472992 0
0.486566 0.471798 0
0.486905 0.469971 0
0.486672 0.467678 0
0.486118 0.465287 0
0.485406 0.462719 0
0.485632 0.461024 0
0.484779 0.464229 0
0.485027 0.463259 0
0.485153 0.461851 0
0.484646 0.460295 0
0.48503 0.458999 0
0.48588 0.45753 0
0.485907 0.455315 0
0.486542 0.457569 0
0.48722 0.459648 0
0.48697 0.459302 0
0.486675 0.458757 0
0.486541 0.458103 0
0.486731 0.456773 0
0.488404 0.456681 0
0.48965 0.454625 0
0.489987 0.45382 0
0.489995 0.450888 0
0.49061 0.447786 0
0.496021 0.444806 0
0.501166 0.443536 0
0.492226 0.445289 0
0.492636 0.443643 0
0.492968 0.442345 0
0.493489 0.440923 0
0.492945 0.439463 0
0.493193 0.437506 0
0.492653 0.435092 0
0.491724 0.433991 0
0.493912 0.431151 0
0.492884 0.429318 0
0.493152 0.427941 0
0.494218 0.427227 0
0.493553 0.427196 0
0.505281 0.436562 0
0.441502 0.328676 0
0.493416 0.427662 0
0.497741 0.413193 0
0.446494 0.3257 0
0.474127 0.354852 0
0.464914 0.333535 0
0.507151 0.40284 0
0.492839 0.416024 0
0.471814 0.32921 0
0.474245 0.340203 0
0.468464 0.32981 0
0.469638 0.329959 0
0.471416 0.329559 0
0.463182 0.322617 0
0.466699 0.323022 0
0.465886 0.321704 0
0.464174 0.327406 0
0.492546 0.402086 0
0.492334 0.413353 0
0.491407 0.414694 0
0.492421 0.41441 0
0.495135 0.414515 0
0.497221 0.411164 0
0.509969 0.397178 0
0.630783 0.404869 0
0.675853 0.426295 0
0.63262 0.407579 0
0.492901 0.319145 0
0.480992 0.313746 0
0.480282 0.312736 0
0.476774 0.310847 0
0.475504 0.309792 0
0.475558 0.309134 0
0.480064 0.309935 0
0.494158 0.314762 0
0.511933 0.314527 0
0.619626 0.397487 0
0.555106 0.316276 0
0.631648 0.406007 0
0.644961 0.413398 0
0.641268 0.411611 0
0.639671 0.411977 0
0.641512 0.414356 0
0.644493 0.416764 0
0.644508 0.417639 0
0.642343 0.416935 0
0.64343 0.418532 0
0.644971 0.421442 0
0.645108 0.424214 0
0.64579 0.425763 0
0.645001 0.427862 0
0.645911 0.429366 0
0.642949 0.43023 0
0.642306 0.431787 0
0.642635 0.443358 0
0.637158 0.443967 0
0.635421 0.445755 0
0.627188 0.449649 0
0.618098 0.457411 0
0.575307 0.476895 0
0.576156 0.494232 0
0.640312 0.454725 0
0.402404 0.310078 0
0.389 0.315474 0
0.38351 0.318771 0
0.380754 0.320279 0
0.378833 0.321308 0
0.380319 0.320504 0
0.384428 0.318329 0
0.389925 0.314158 0
0.405076 0.311691 0
0.629904 0.430536 0
0.50857 0.472935 0
0.508406 0.484813 0
0.512502 0.479599 0
0.511955 0.480988 0
0.51546 0.476976 0
0.512866 0.484092 0
0.508818 0.490577 0
0.511799 0.487415 0
0.515272 0.48422 0
0.50892 0.493578 0
0.50859 0.493356 0
0.500112 0.499869 0
0.499262 0.501978 0
0.498677 0.503163 0
0.500745 0.502535 0
0.502106 0.502396 0
0.502687 0.502679 0
0.503596 0.503095 0
0.506634 0.502124 0
0.517681 0.495218 0
0.550721 0.508314 0
0.425423 0.289864 0
0.405002 0.290469 0
0.394701 0.295244 0
0.399684 0.286902 0
0.477443 0.30108 0
0.398769 0.28837 0
0.401546 0.278334 0
0.391797 0.223537 0
0.643232 0.336159 0
0.676776 0.380023 0
0.67655 0.369632 0
0.663314 0.339832 0
0.682269 0.367499 0
0.694987 0.382965 0
0.693062 0.374042 0
0.676528 0.334681 0
0.664556 0.308023 0
0.683376 0.331994 0
0.680889 0.320631 0
0.723058 0.390076 0
0.705256 0.349898 0
0.692265 0.31483 0
0.73746 0.384608 0
0.775563 0.437408 0
0.793367 0.419205 0
0.786743 0.44107 0
0.787531 0.443932 0
0.78778 0.446961 0
0.790112 0.449343 0
0.791056 0.451183 1
0.77463 0.442965 0
0.824492 0.391575 0
0.483352 0.147394 0
0.836085 0.310892 0
0.833374 0.309859 0
0.814744 0.240383 0
0.814099 0.309839 0
0.820956 0.305698 0
0.75292 0.199162 0
0.504305 0.158496 0
0.468715 0.149269 0
0.471125 0.147094 0
0.474281 0.144187 0
0.475725 0.141374 1
0.513941 0.124556 0
0.836908 0.274887 1
0.836548 0.274855 0
0.837836 0.275887 0
0.811323 0.29202 0
0.825254 0.45306 0
0.830721 0.439216 1
0.826086 0.450467 1
0.822084 0.459258 1
0.808844 0.479376 1
0.808804 0.479391 0
0.809033 0.479752 0
0.808598 0.478246 0
0.790612 0.496848 0
0.795378 0.498254 0
0.794808 0.498614 0
0.794944 0.498728 0
0.794924 0.498747 0
0.794957 0.498843 0
0.795007 0.499026 0
0.795102 0.499289 0
0.795304 0.499679 1
0.798727 0.497852 0
0.759532 0.533471 0
0.755156 0.536062 0
0.754957 0.535503 1
0.755173 0.535204 0
0.752463 0.540835 0
0.719037 0.558985 1
0.630633 0.583458 0
0.63008 0.587721 1
0.6352 0.583068 0
0.685664 0.571837 0
0.700376 0.565898 1
0.683092 0.57206 0
0.615542 0.580862 0
0.608169 0.583956 0
0.681583 0.574018 0
0.604128 0.586124 1
0.521286 0.576319 1
0.481678 0.563026 1
0.457169 0.551223 1
0.412693 0.522439 0
0.423013 0.528599 1
0.413848 0.521896 1
0.414102 0.521796 0
0.411177 0.51727 0
0.396807 0.514951 0
0.389416 0.50785 0
0.387603 0.506584 0
0.387393 0.506362 0
0.382327 0.501091 1
0.381513 0.501914 0
0.380846 0.502782 0
0.380146 0.503423 0
0.379256 0.504234 0
0.378059 0.504367 0
0.37631 0.504085 0
0.375156 0.503706 0
0.370585 0.500048 0
0.3654 0.493032 0
0.364728 0.492237 0
0.364339 0.491952 1
0.372559 0.505787 0
0.363017 0.492658 0
0.361644 0.495218 0
0.360122 0.494728 0
0.358731 0.495108 0
0.357452 0.495927 0
0.356294 0.491863 0
0.342238 0.469613 1
0.340745 0.46919 0
0.339556 0.470029 0
0.340412 0.475502 0
0.343878 0.477863 0
0.301815 0.291854 0
0.330831 0.489042 0
0.335488 0.476367 0
0.333005 0.476261 0
0.331177 0.473746 0
0.330375 0.470186 0
0.330561 0.46836 0
0.331248 0.465897 0
0.328961 0.467654 0
0.328019 0.465079 0
0.312042 0.456826 0
0.316374 0.320509 0
0.339008 0.301935 0
0.341727 0.28928 0
0.343746 0.283951 0
0.344265 0.282857 0
0.343321 0.284537 0
0.342695 0.285906 0
0.340648 0.291079 0
0.341999 0.286194 0
0.340811 0.288811 0
0.338687 0.295164 0
0.340647 0.28907 0
0.340091 0.29001 0
0.339159 0.29248 0
0.337067 0.298805 0
0.334681 0.30502 0
0.338139 0.294941 0
0.339506 0.289938 0
0.341039 0.28532 0
0.342136 0.282569 0
0.341602 0.283002 0
0.339629 0.288355 0
0.336964 0.292347 0
0.332257 0.309176 0
0.335856 0.293677 0
0.334167 0.301843 0
0.335333 0.297441 0
0.337131 0.291773 0
0.338152 0.286811 0
0.33632 0.288541 0
0.312645 0.315047 0
0.320599 0.486153 0
0.325653 0.458584 0
0.315421 0.466294 0
0.268326 0.299013 0
0.301811 0.463327 0
0.312873 0.46336 0
0.324484 0.461125 0
0.318191 0.329433 0
0.327735 0.308089 0
0.326651 0.306061 0
0.326427 0.302197 0
0.324628 0.304982 0
0.323503 0.303002 0
0.297112 0.300855 0
0.279532 0.291191 0
0.280107 0.289297 0
0.27719 0.285128 0
0.277015 0.284911 0
0.278665 0.28799 0
0.276432 0.284529 1
0.272635 0.300617 0
0.555093 0.0376923 1
0.672442 0.101075 0
0.676479 0.098271 0
0.683922 0.0994997 0
0.698082 0.10301 0
0.689235 0.100947 0
0.679359 0.0977636 0
0.676381 0.0967133 0
0.680131 0.0971785 0
0.668143 0.093876 0
0.662117 0.0917353 0
0.673607 0.0941766 0
0.649363 0.0877406 0
0.657085 0.0884223 0
0.633626 0.0818593 0
0.642504 0.0834833 0
0.641861 0.0834927 0
0.631728 0.0800028 0
0.625476 0.0752769 0
0.609969 0.0715271 0
0.647042 0.0836518 0
0.61417 0.073686 0
0.605197 0.0259513 0
0.608431 0.0204248 1
0.604287 0.0197147 1
0.59426 0.0201728 1
0.594237 0.0200565 0
0.594302 0.0199637 0
0.594443 0.0199596 0
0.59426 0.0198388 0
0.594338 0.019735 0
0.593977 0.0200478 0
0.594799 0.020295 0
0.594728 0.0196039 0
0.594239 0.020754 0
0.594121 0.0194538 0
0.595431 0.0198017 0
0.599539 0.0130224 0
0.594518 0.0576646 0
0.606886 0.0620363 0
0.599718 0.0115424 0
0.595547 0.0200341 0
0.593753 0.0194082 0
0.593968 0.0185839 0
0.605347 0.019612 0
0.594636 0.0167091 0
0.594225 0.0184906 0
0.594856 0.0181497 0
0.595837 0.0203838 0
0.594271 0.0184033 0
0.594468 0.0182231 0
0.595429 0.0184928 0
0.59544 0.018426 0
0.595516 0.0183873 0
0.594564 0.0180611 0
0.595033 0.0182388 0
0.595184 0.0131693 0
0.607689 0.0642458 0
0.539073 0.0391637 0
0.538776 0.0351313 0
0.540152 0.0347404 0
0.53857 0.0353855 0
0.535069 0.0376293 0
0.532774 0.0399958 0
0.533369 0.0408754 0
0.532362 0.0517482 0
0.49451 0.0777657 0
0.501903 0.0733444 0
0.515688 0.0585463 0
0.624972 0.062348 0
0 0.381056 0
0.12709 0.19934 0
0.176377 0.216383 0
0.223773 0.225981 0
0.209527 0.222148 0
0.221488 0.22362 0
0.237591 0.225663 0
0.239273 0.225644 0
0.226915 0.222527 0
0.220123 0.220524 0
0.230413 0.221133 0
0.185585 0.209455 0
0.206434 0.215019 0
0.2326 0.220687 0
0.22329 0.218129 0
0.212318 0.215594 0
0.225073 0.217874 0
0.233273 0.220114 0
0.223563 0.218015 0
0.205172 0.210947 0
0.226375 0.217157 0
0.228912 0.217072 0
0.303581 0.231581 0
0.147314 0.211089 0
0.610098 0.0675737 0
0.5056 0.066089 0
0.499221 0.0705725 0
0.495538 0.074333 0
0.484836 0.0796811 0
0.477845 0.0817662 0
0.475425 0.0830301 0
0.477151 0.0822343 0
0.476913 0.0823813 0
0.47933 0.0814401 0
0.476094 0.0827349 0
0.477463 0.0820604 0
0.479679 0.080985 0
0.478129 0.0819946 0
0.491169 0.0767538 0
0.490263 0.076987 0
0.480968 0.0804641 0
0.482291 0.0800085 0
0.48364 0.0793774 0
0.486073 0.0783788 0
0.489179 0.0770951 0
0.490594 0.0761214 0
0.48901 0.0772167 0
0.485199 0.0786071 0
0.486398 0.0781616 0
0.484884 0.0787205 0
0.483683 0.0793222 0
0.48101 0.0805374 0
0.483766 0.0794555 0
0.480868 0.0803783 0
0.485361 0.0787541 0
0.48362 0.078921 0
0.49127 0.0760262 0
0.478587 0.0812569 0
0.480958 0.0805797 0
0.483772 0.0788581 0
0.480327 0.080589 0
0.481151 0.0800627 0
0.485402 0.0790557 0
0.477838 0.0820303 0
0.483109 0.0791106 0
0.488797 0.0773909 0
0.493588 0.0725106 0
0.518891 0.061241 0
0.627606 0.0627316 0
0.0927442 0.188295 0
0.135111 0.173219 0
0.18258 0.197696 0
0.186999 0.198561 0
0.215975 0.207153 0
0.142146 0.176435 0
0.202948 0.203676 0
0.217627 0.211788 0
0.224864 0.213723 0
0.217053 0.210913 0
0.164278 0.190538 0
0.189819 0.200879 0
0.229082 0.214493 0
0.210713 0.209237 0
0.219889 0.211515 0
0.201284 0.206042 0
0.224067 0.214214 0
0.232693 0.216895 0
0.224119 0.214927 0
0.240447 0.219517 0
0.243927 0.22038 0
0.25911 0.224531 0
0.252568 0.222491 0
0.245096 0.220367 0
0.254188 0.222931 0
0.23651 0.217989 0
0.211544 0.209308 0
0.232133 0.215211 0
0.201037 0.202853 0
0.232294 0.214955 0
0.238748 0.216467 0
0.229525 0.213039 0
0.203716 0.202403 0
0.177521 0.190164 0
0.223316 0.208531 0
0.229479 0.212361 0
0.247377 0.217783 0
0.255777 0.220391 0
0.263913 0.222662 0
0.266328 0.223274 0
0.2595 0.220513 0
0.247115 0.216082 0
0.239445 0.212519 0
0.242086 0.212927 0
0.234403 0.208922 0
0.225017 0.202573 0
0.197552 0.190172 0
0.214937 0.197891 0
0.233943 0.204874 0
0.229363 0.203666 0
0.20678 0.188022 0
0.184506 0.171631 0
0.174083 0.161266 0
0.225429 0.195009 0
0.212551 0.186341 0
0.225597 0.193919 0
0.234157 0.198052 0
0.228459 0.189518 0
0.183982 0.153329 0
0.229322 0.188097 0
0.236908 0.194503 0
0.242293 0.192918 0
0.177728 0.175165 0
0.470766 0.0595223 0
0.48238 0.0753768 0
0.488522 0.0727111 0
0.483576 0.0741835 0
0.505188 0.0616353 0
0.54082 0.0076732 0
0.592748 0.00213295 0
0.600275 0.00779902 0
0.601168 0.00766542 0
0.603426 0.0089244 0
0.606117 0.0107217 0
0.632773 0.030771 0
0.626157 0.0296846 0
0.627022 0.0291516 0
0.626311 0.0281094 0
0.625388 0.0269194 0
0.627396 0.0272842 0
0.629368 0.027773 0
0.607041 0.00744777 0
0.60724 0.00885349 0
0.608452 0.0124122 0
0.609007 0.0153756 0
0.608932 0.0125383 0
0.609731 0.0166111 0
0.610009 0.0159485 0
0.61097 0.0123477 0
0.611616 0.0111685 0
0.623179 0.0173733 0
0.62007 0.0169489 0
0.616577 0.01709 0
0.614473 0.0174299 0
0.611475 0.01869 1
0.607557 0.0200718 1
0.600844 0.0209371 1
0.590877 0.0215185 1
0.560886 0.0150365 0
0.561033 0.0244735 1
0.546378 0.00122405 0
0.49421 0.0383011 0
0.496456 0.035757 1
0.30587 0.178811 1
0.351649 0.551527 1
0.353051 0.554296 0
0.354629 0.560537 0
0.656654 0.640728 0
0.655491 0.633541 0
0.648611 0.628968 0
0.796407 0.563342 0
0.922741 0 0
0.779445 0.0938429 0
0.820476 0.0811345 0
0.805446 0.0955342 0
0.807434 0.0988001 0
0.808551 0.104492 0
0.813305 0.105699 0
0.819768 0.110093 0
0.822081 0.110091 0
0.832652 0.11224 0
0.836399 0.11773 0
0.853068 0.122778 0
0.846327 0.121335 0
0.850878 0.126849 0
0.865325 0.140759 0
0.862297 0.140753 0
0.885201 0.155659 0
0.871988 0.152133 0
0.884261 0.162063 0
0.888406 0.168918 0
0.905063 0.206962 0
0.911189 0.27936 0
0.916755 0.289575 0
0.908357 0.280386 0
0.899142 0.27589 0
0.886263 0.262599 0
0.894658 0.218598 0
0.89223 0.212774 0
0.891478 0.214219 0
0.891338 0.2167 0
0.891894 0.226491 0
0.891311 0.233228 0
0.890427 0.226382 0
0.888763 0.21789 0
0.888159 0.214716 0
0.889296 0.240395 0
0.890405 0.234619 0
0.889468 0.242646 0
0.890052 0.242384 0
0.889701 0.244717 0
0.889976 0.245839 0
0.891159 0.246984 0
0.890151 0.253986 0
0.889925 0.255678 0
0.892275 0.270929 0
0.89363 0.269066 0
0.888682 0.265966 1
0.581012 0.61387 0
0.602406 0.613779 0
0.561575 0.614228 0
0.561814 0.613211 0
0.573624 0.615248 0
0.661072 0.618909 0
0.662515 0.619645 0
0.660058 0.623032 0
0.558226 0.616518 0
0.564265 0.616745 0
0.531124 0.616071 0
1 0.248519 0
0.910602 0.22292 0
0.914519 0.22209 0
0.909306 0.206624 0
0.907386 0.202035 0
0.902797 0.194136 0
0.905894 0.199191 0
0.905359 0.196531 0
0.905862 0.200401 0
0.902995 0.198531 0
0.907828 0.203501 0
0.926273 0.273489 0
0.926611 0.281967 0
0.926559 0.2893 0
0.916703 0.283367 0
0.920954 0.295195 0
0.924091 0.303486 0
0.928636 0.315699 0
0.95317 0.327326 0
0.785219 0.555113 0
0.575189 0.606424 0
0.640815 0.613847 0
0.595312 0.600838 0
0.565687 0.608411 0
0.570557 0.603748 0
0.561814 0.605076 0
0.566902 0.604271 0
0.568847 0.603447 0
0.569331 0.602692 0
0.601274 0.599579 0
0.623718 0.608636 0
0.62468 0.606845 1
0.639538 0.618504 0
0.679961 0.604838 0
0.699985 0.595358 0
0.738476 0.579977 0
0.748531 0.569702 0
0.749635 0.570967 0
0.757822 0.561424 0
0.760201 0.559572 1
0.760527 0.560556 0
0.770657 0.555831 0
0.830397 0.516715 0
0.759373 0.564451 0
0.889275 0.441009 0
0.846721 0.502236 0
0.829631 0.521417 0
0.839371 0.519859 0
0.908907 0.420026 0
0.907522 0.434372 0
0.895285 0.435617 0
0.810231 0.513222 0
0.593848 0.598778 1
0.456476 0.562487 0
0.364684 0.481485 1
0.348496 0.454214 1
0.360763 0.472174 0
0.380955 0.496891 1
0.41435 0.527906 1
0.454401 0.554299 1
0.502633 0.575275 1
0.572897 0.61099 0
0.58771 0.591553 0
0.709001 0.569018 1
0.800957 0.505044 1
0.829023 0.467065 1
0.843424 0.44788 0
0.83699 0.445706 0
0.835361 0.444428 1
0.835316 0.445294 0
0.834376 0.445217 0
0.827503 0.443513 0
0.828036 0.442979 0
0.82797 0.442924 1
0.828023 0.442862 0
0.828849 0.443595 0
0.811368 0.449324 0
0.812193 0.451133 0
0.8124 0.451376 0
0.812456 0.451398 1
0.755643 0.511894 1
0.799081 0.466724 1
0.810157 0.453298 0
0.810685 0.452246 0
0.80946 0.45084 0
0.800494 0.465016 0
0.80048 0.464728 0
0.800172 0.464259 0
0.798916 0.464242 0
0.797389 0.465136 0
0.796978 0.467396 0
0.79631 0.467265 0
0.80188 0.469428 0
0.744546 0.502599 0
0.749156 0.503067 0
0.748142 0.50223 0
0.745147 0.506139 0
0.743688 0.507209 0
0.742261 0.507667 0
0.715563 0.521814 0
0.715523 0.524773 0
0.715453 0.525411 0
0.7154 0.52548 0
0.715401 0.525485 1
0.715117 0.525384 0
0.715064 0.52524 0
0.715555 0.525942 0
0.714787 0.525189 0
0.715688 0.524437 0
0.712408 0.503351 0
0.606485 0.534851 0
0.607477 0.547832 0
0.610588 0.551909 1
0.610807 0.551619 0
0.608972 0.549837 0
0.6 0.550244 0
0.451777 0.492454 0
0.462849 0.510138 0
0.462468 0.512362 0
0.462319 0.512252 1
0.463055 0.510673 0
0.463097 0.503622 0
0.438939 0.467075 0
0.43047 0.471116 0
0.442597 0.463919 0
0.462505 0.5107 0
0.46193 0.509044 0
0.462678 0.507926 0
0.464287 0.51276 0
0.464008 0.513491 0
0.462295 0.506169 0
0.461127 0.507197 0
0.45928 0.510897 0
0.463193 0.500459 0
0.439029 0.470225 0
0.44683 0.469545 0
0.463061 0.502715 0
0.447493 0.468442 0
0.44762 0.468735 0
0.443687 0.471563 0
0.434363 0.467941 0
0.381962 0.332215 0
0.410783 0.343156 0
0.425881 0.35664 0
0.468597 0.466487 0
0.463544 0.464631 0
0.468559 0.46194 0
0.469952 0.458214 0
0.47379 0.457514 0
0.474654 0.454377 0
0.463562 0.454806 0
0.411548 0.337866 0
0.387208 0.328011 0
0.393829 0.325185 0
0.396741 0.32522 0
0.417454 0.332802 0
0.460442 0.359714 0
0.493363 0.450957 0
0.493002 0.450166 0
0.494806 0.449634 0
0.495436 0.448587 0
0.496483 0.448378 0
0.499058 0.448521 0
0.500428 0.447577 0
0.501954 0.448127 0
0.503697 0.446244 0
0.504906 0.446584 0
0.506904 0.444679 0
0.530051 0.429748 0
0.511108 0.443436 0
0.509989 0.445122 0
0.510551 0.446054 0
0.511756 0.446506 0
0.512009 0.447461 0
0.51398 0.44666 0
0.515198 0.447175 0
0.516554 0.448231 0
0.51619 0.449447 0
0.517631 0.448939 0
0.52652 0.443872 0
0.541217 0.437199 0
0.549643 0.434078 0
0.548985 0.438398 0
0.55526 0.436021 0
0.558764 0.436081 0
0.567621 0.432237 0
0.569805 0.432443 0
0.574249 0.432441 0
0.575588 0.432359 0
0.576898 0.433222 0
0.577454 0.433667 0
0.580865 0.431914 0
0.587621 0.428015 0
0.587362 0.42931 0
0.587319 0.43065 0
0.586107 0.432733 0
0.58652 0.433604 0
0.585791 0.435003 0
0.58506 0.436835 0
0.584047 0.437567 0
0.584369 0.438265 0
0.581211 0.440449 0
0.573243 0.448771 0
0.569273 0.449081 0
0.54723 0.461 0
0.520388 0.465117 0
0.51383 0.471397 0
0.508484 0.474085 0
0.556281 0.450695 0
0.52169 0.464576 0
0.512618 0.472953 0
0.511716 0.474053 0
0.512801 0.472936 0
0.514604 0.470849 0
0.516835 0.467932 0
0.519004 0.464917 0
0.519399 0.460477 0
0.519945 0.457372 0
0.520978 0.456973 0
0.539308 0.435801 0
0.702217 0.458005 0
0.701755 0.457927 0
0.537797 0.434963 0
0.521012 0.445322 0
0.521789 0.439943 0
0.524099 0.434884 0
0.530704 0.424991 0
0.422221 0.315266 0
0.504367 0.447578 0
0.527293 0.424397 0
0.519208 0.429826 0
0.518904 0.428614 0
0.520328 0.426315 0
0.524768 0.419445 0
0.528764 0.410534 0
0.527293 0.414147 0
0.52303 0.417914 0
0.523821 0.419722 0
0.524548 0.421984 0
0.523328 0.423809 0
0.524932 0.423519 0
0.522566 0.42876 0
0.52138 0.430978 0
0.521683 0.430987 0
0.521733 0.432386 0
0.522894 0.432232 0
0.523201 0.432062 0
0.522035 0.432766 0
0.519743 0.433107 0
0.521212 0.431169 0
0.524136 0.424133 0
0.522296 0.42285 0
0.521793 0.422814 0
0.520405 0.423846 0
0.520488 0.423947 0
0.519998 0.424059 0
0.519411 0.424391 0
0.519662 0.423722 0
0.519927 0.423454 0
0.519549 0.424103 0
0.518477 0.424386 0
0.518056 0.424021 0
0.515831 0.424365 0
0.519217 0.427813 0
0.518084 0.425642 0
0.516023 0.425579 0
0.515535 0.424176 0
0.514898 0.424394 0
0.515679 0.425006 0
0.516155 0.426118 0
0.515668 0.428289 0
0.51705 0.429542 0
0.51676 0.4322 0
0.51933 0.433144 0
0.518377 0.435542 0
0.518862 0.437861 0
0.519403 0.44048 0
0.520197 0.444096 0
0.521025 0.445967 0
0.522131 0.449396 0
0.523153 0.452285 0
0.524726 0.455122 0
0.522561 0.46012 0
0.520913 0.468753 0
0.552869 0.449851 0
0.722281 0.452055 0
0.659042 0.432969 0
0.5223 0.470072 0
0.52165 0.479647 0
0.505794 0.494692 0
0.699966 0.444291 0
0.392716 0.315465 0
0.399246 0.309523 0
0.401033 0.308831 0
0.400629 0.308722 0
0.40067 0.308781 0
0.400697 0.308609 0
0.400721 0.308246 0
0.401167 0.30731 0
0.40178 0.307272 0
0.402227 0.307051 0
0.399817 0.309739 0
0.390907 0.319086 0
0.38504 0.21995 0
0.39081 0.214053 0
0.396334 0.194833 0
0.39395 0.200331 0
0.397924 0.188395 0
0.392938 0.206807 0
0.39813 0.190052 0
0.391913 0.205936 0
0.386962 0.21684 0
0.380873 0.225754 0
0.439417 0.319656 0
0.409882 0.313551 0
0.414774 0.315243 0
0.411701 0.313911 0
0.416744 0.316426 0
0.41209 0.315814 0
0.41237 0.316201 0
0.414403 0.317439 0
0.418989 0.319421 0
0.42502 0.322489 0
0.428267 0.32521 0
0.42644 0.326458 0
0.434553 0.329925 0
0.444079 0.335109 0
0.443023 0.33692 0
0.437772 0.334095 0
0.446133 0.341765 0
0.449304 0.345145 0
0.457129 0.358341 0
0.462904 0.365064 0
0.468337 0.375349 0
0.467157 0.373114 0
0.465721 0.371761 0
0.46795 0.376205 0
0.463704 0.368787 0
0.463925 0.368269 0
0.464927 0.367958 0
0.46464 0.366678 0
0.464907 0.366551 0
0.465563 0.367311 0
0.467495 0.369592 0
0.469034 0.369874 0
0.471187 0.375274 0
0.472083 0.375425 0
0.473713 0.379463 0
0.474266 0.378587 0
0.475475 0.379576 0
0.479081 0.385796 0
0.472456 0.367866 0
0.469324 0.365772 0
0.469341 0.364992 0
0.470818 0.367671 0
0.471967 0.369872 0
0.472203 0.370548 0
0.473977 0.371244 0
0.472464 0.370261 0
0.473117 0.369592 0
0.472033 0.367801 0
0.471196 0.369143 0
0.471833 0.368461 0
0.46953 0.367053 0
0.46881 0.366735 0
0.468266 0.366364 0
0.467245 0.365151 0
0.467806 0.366208 0
0.471488 0.374392 0
0.440789 0.361541 0
0.729042 0.527908 0
0.691153 0.481035 0
0.748526 0.475372 0
0.755271 0.48161 0
0.758047 0.483519 0
0.766186 0.493515 0
0.762875 0.487536 0
0.762901 0.48816 0
0.760587 0.484236 0
0.750783 0.478024 0
0.754855 0.480553 0
0.75646 0.481456 0
0.754268 0.480291 0
0.751226 0.478414 0
0.752349 0.479295 0
0.750919 0.478138 0
0.745768 0.475854 0
0.743838 0.475093 0
0.736345 0.471866 0
0.72819 0.473394 0
0.513165 0.419788 0
0.53981 0.413239 0
0.54564 0.411713 0
0.547269 0.42457 0
0.540202 0.433269 0
0.55107 0.432088 0
0.56081 0.434681 0
0.566991 0.438054 0
0.574022 0.449508 0
0.587529 0.457211 0
0.589552 0.461114 0
0.586395 0.46723 0
0.575104 0.480562 0
0.574145 0.483936 0
0.572936 0.486239 0
0.575918 0.492138 0
0.515491 0.481855 0
0.512958 0.488502 0
0.523144 0.475898 0
0.50077 0.494247 0
0.505718 0.49415 0
0.497029 0.503465 0
0.495911 0.50495 0
0.511808 0.49963 0
0.479445 0.336508 0
0.407025 0.305285 0
0.401587 0.305244 0
0.401694 0.306193 0
0.404199 0.304157 0
0.404785 0.303315 0
0.406487 0.304211 0
0.405246 0.305255 0
0.419447 0.296405 0
0.506118 0.50231 0
0.413761 0.306069 0
0.412159 0.303918 0
0.415472 0.304552 0
0.414875 0.303847 0
0.417495 0.304115 0
0.418434 0.304932 0
0.418951 0.303845 0
0.420771 0.305086 0
0.421163 0.304714 0
0.421493 0.305126 0
0.425565 0.306594 0
0.435202 0.303857 0
0.529696 0.448908 0
0.516679 0.448952 0
0.519615 0.443769 0
0.518364 0.444728 0
0.518754 0.441394 0
0.516817 0.441398 0
0.517591 0.433985 0
0.518036 0.434174 0
0.515721 0.430853 0
0.519086 0.433303 0
0.517274 0.429254 0
0.515488 0.431495 0
0.52082 0.42949 0
0.520848 0.423291 0
0.519563 0.420549 0
0.527998 0.410543 0
0.5249 0.409809 0
0.527471 0.389056 0
0.524328 0.384573 0
0.520143 0.353522 0
0.526589 0.362928 0
0.53337 0.3682 0
0.532721 0.363403 0
0.540844 0.374624 0
0.54512 0.369555 0
0.54843 0.360607 0
0.546723 0.361339 0
0.563057 0.35066 0
0.561315 0.353091 0
0.579323 0.3416 0
0.57861 0.347891 0
0.590333 0.340517 0
0.594838 0.341514 0
0.601479 0.335203 1
