0.164034 0.584045 1
0.162711 0.576279 0
0.157666 0.567434 0
0.153331 0.55397 0
0.146586 0.521961 0
0.144315 0.471751 0
0.149474 0.405133 0
0.158126 0.336299 0
0.176545 0.297437 0
0.196247 0.270502 0
0.221009 0.248261 0
0.236737 0.232711 0
0.25521 0.217494 0
0.268541 0.206811 0
0.283241 0.19455 0
0.301605 0.178795 0
0.324391 0.163987 0
0.349358 0.155967 0
0.379439 0.14894 0
0.411176 0.141276 0
0.441393 0.13143 0
0.475904 0.12502 0
0.517625 0.121893 0
0.562342 0.114561 0
0.603458 0.118254 0
0.649094 0.130208 0
0.702384 0.14676 0
0.766679 0.175032 0
0.838389 0.228074 0
0.88099 0.272078 0
0.885636 0.280751 0
0.868199 0.269513 0
0.856549 0.264441 0
0.844748 0.259342 0
0.831993 0.253932 0
0.812383 0.245216 0
0.790413 0.237228 0
0.768761 0.229179 0
0.750158 0.227222 0
0.736395 0.226914 0
0.719044 0.231278 0
0.697776 0.23206 0
0.684145 0.232281 0
0.674803 0.228668 0
0.661021 0.224896 0
0.651414 0.224257 0
0.651428 0.215241 0
0.658559 0.203392 0
0.67971 0.191796 0
0.722674 0.181954 0
0.781094 0.185321 0
0.836458 0.202607 0
0.908679 0.249492 0
0.965696 0.324888 0
1 0.436382 1
0.505008 0.837854 0
0.546642 0.858376 0
0.606432 0.874724 0
0.690498 0.880164 0
0.790176 0.864588 0
0.898025 0.820667 0
0.940773 0.798875 0
0.952875 0.79869 0
0.947775 0.807792 0
0.941822 0.822193 0
0.920683 0.846471 0
0.882596 0.879671 0
0.850109 0.906135 0
0.830969 0.928591 0
0.803606 0.951811 0
0.765553 0.9679 0
0.744116 0.9792 0
0.713632 0.989202 0
0.691365 0.995687 0
0.673452 1 1
0.550597 0.986192 0
0.451692 0.965954 0
0.342339 0.924604 0
0.202331 0.837298 0
0.0593116 0.664868 0
0 0.448152 0
0.0338966 0.25479 0
0.114456 0.112898 0
0.201912 0.0323273 0
0.26203 0 1
0.249465 0.0239575 0
0.211485 0.0713073 0
0.167701 0.136162 0
0.121003 0.233044 0
0.0889603 0.4394 0
0.318774 0.795341 0
0.282641 0.762001 0
0.244605 0.712626 0
0.212703 0.659263 0
0.18762 0.595515 0
0.169688 0.497186 0
0.171779 0.456199 0
0.191756 0.479188 0
0.20556 0.478328 0
0.21537 0.467897 0
0.229131 0.454323 0
0.246568 0.439657 0
0.262665 0.427212 0
0.275778 0.413157 0
0.288919 0.396605 0
0.308437 0.375165 0
0.339781 0.362954 0
0.378606 0.329324 0
0.404612 0.335765 0
0.530043 0.6071 0
0.616325 0.599111 0
0.726797 0.188561 0
0.791441 0.214722 0
0.84789 0.253465 0
0.933183 0.484896 0
0.958532 0.426303 0
0.951718 0.421264 0
0.948796 0.41958 0
0.954502 0.417134 1
0.922678 0.418855 0
0.911759 0.419439 0
0.882241 0.419131 0
0.853754 0.419026 0
0.827196 0.419403 0
0.807733 0.419335 0
0.798389 0.419274 0
0.771555 0.419328 0
0.730532 0.4193 0
0.692029 0.419316 0
0.656977 0.419318 0
0.605068 0.419315 0
0.550449 0.419313 0
0.534985 0.419314 0
0.531528 0.419315 0
0.530317 0.419315 0
0.529768 0.419315 0
0.529668 0.419315 1
