0.135625 1 1
0.125413 0.993137 0
0.132762 0.990009 0
0.127001 0.984632 0
0.112171 0.977003 0
0.100793 0.962554 0
0.0927167 0.954991 0
0.0808636 0.944484 0
0.0856898 0.934948 0
0.0648081 0.91287 0
0.0583356 0.89782 0
0.0428872 0.875674 0
0.0429199 0.861877 0
0.0448636 0.855499 0
0.0344206 0.840987 0
0.0365596 0.828058 0
0.0413467 0.820685 0
0.045474 0.811821 0
0.0622307 0.827252 0
0.0649795 0.815683 0
0.0964737 0.836592 0
0.117328 0.857689 0
0.113525 0.848948 0
0.108149 0.834908 0
0.118693 0.829986 0
0.155592 0.879684 0
0.144851 0.848424 0
0.198823 0.902142 0
0.195029 0.889288 0
0.186021 0.870524 0
0.179884 0.859816 0
0.183967 0.851353 0
0.19848 0.862093 0
0.207577 0.865426 0
0.212252 0.866608 0
0.222464 0.869108 0
0.221594 0.859251 0
0.225291 0.860441 0
0.236447 0.866634 0
0.239564 0.864768 0
0.239673 0.855243 0
0.248368 0.857483 0
0.252586 0.853834 0
0.259637 0.848936 0
0.262256 0.842512 0
0.263984 0.844204 0
0.261174 0.834289 0
0.272414 0.839674 0
0.274843 0.833825 0
0.279763 0.829389 0
0.284692 0.82498 0
0.288526 0.821392 0
0.293333 0.820848 0
0.29859 0.816103 0
0.299165 0.80945 0
0.308702 0.806344 0
0.311419 0.801787 0
0.316036 0.800474 0
0.3178 0.798518 1
0.320666 0.797747 0
0.323491 0.792892 0
0.327865 0.788576 0
0.330525 0.787319 0
0.334036 0.784909 0
0.343541 0.777267 0
0.353269 0.774068 0
0.353768 0.766042 0
0.363149 0.75663 0
0.366969 0.749804 0
0.373216 0.742941 0
0.379976 0.735985 0
0.38651 0.729298 0
0.393011 0.722289 0
0.401394 0.713419 0
0.411366 0.709109 0
0.413804 0.702535 0
0.419254 0.693361 0
0.42687 0.67541 0
0.432228 0.672875 0
0.437056 0.668433 0
0.444444 0.664029 0
0.451356 0.664106 0
0.460524 0.65888 0
0.461815 0.648935 0
0.463344 0.64168 0
0.470405 0.641768 0
0.473385 0.632753 0
0.473607 0.621471 1
0.478101 0.614716 0
0.480625 0.610694 0
0.483598 0.599954 0
0.485582 0.594326 0
0.49255 0.588965 0
0.49354 0.581309 0
0.502526 0.575422 0
0.506791 0.56508 0
0.529647 0.56528 0
0.541086 0.560784 0
0.545672 0.555223 0
0.542783 0.548927 0
0.53303 0.542616 0
0.522345 0.537071 0
0.543302 0.537689 0
0.535133 0.534273 0
0.533171 0.531207 0
0.538116 0.528155 0
0.532852 0.530104 0
0.53817 0.525776 0
0.532952 0.52206 0
0.525518 0.519272 0
0.521382 0.509858 0
0.476973 0.506749 0
0.465436 0.488139 0
0.485054 0.492003 0
0.521752 0.479528 0
0.533414 0.472965 0
0.520352 0.477252 0
0.510029 0.477099 0
0.504437 0.475178 1
0.523484 0.451244 0
0.525683 0.434162 0
0.534083 0.399607 0
0.556609 0.393335 0
0.557357 0.372424 0
0.571338 0.363223 0
0.575898 0.347145 0
0.592424 0.334659 0
0.603276 0.32451 0
0.620913 0.317592 0
0.642343 0.329295 0
0.660744 0.32837 0
0.666475 0.339723 0
0.690623 0.342339 0
0.699827 0.345062 0
0.711961 0.340327 0
0.727941 0.342819 0
0.727805 0.342907 0
0.738027 0.350654 0
0.745763 0.353271 0
0.752488 0.349234 0
0.758358 0.344954 1
0.760644 0.344099 0
0.763731 0.343298 0
0.763196 0.339233 0
0.764328 0.337359 0
0.767387 0.337487 0
0.770237 0.337397 0
0.771926 0.33526 0
0.778235 0.337154 0
0.790567 0.342938 0
0.782887 0.334435 0
0.785552 0.33251 0
0.785982 0.329199 0
0.786509 0.326527 0
0.802368 0.330179 0
0.799802 0.323437 0
0.80928 0.322816 0
0.800935 0.310738 0
0.799447 0.304928 0
0.797182 0.298273 0
0.802685 0.295012 0
0.801231 0.289976 0
0.806322 0.28797 0
0.824485 0.289614 0
0.829764 0.287104 0
0.838446 0.284716 0
0.839024 0.281448 0
0.842573 0.277825 0
0.854305 0.277233 0
0.847489 0.26459 0
0.848672 0.26014 0
0.855141 0.255913 0
0.842587 0.24997 0
0.835287 0.245507 0
0.838275 0.243419 0
0.822635 0.241048 0
0.815163 0.240423 0
0.810707 0.242334 1
0.808943 0.236882 0
0.810488 0.242102 0
0.810669 0.242288 0
0.810621 0.24211 0
0.809943 0.242445 0
0.801528 0.229141 0
0.7942 0.215325 0
0.778218 0.201824 0
0.763612 0.188918 0
0.748488 0.186316 0
0.733268 0.184436 0
0.704872 0.172436 0
0.675706 0.166638 0
0.647938 0.157501 0
0.623989 0.163251 0
0.603542 0.169502 0
0.590727 0.178324 0
0.566788 0.188106 0
0.556985 0.199991 0
0.530418 0.238108 0
0.501625 0.280589 0
0.502164 0.280244 0
0.496843 0.277234 0
0.485389 0.277016 0
0.486811 0.280778 0
0.48897 0.282641 0
0.493484 0.261868 0
0.49429 0.251336 0
0.506035 0.198509 0
0.542047 0.202987 0
0.539388 0.185909 0
0.538979 0.189541 0
0.547457 0.199562 0
0.571906 0.204868 0
0.591665 0.197566 0
0.524923 0.112001 0
0.562502 0.1197 0
0.533962 0.0796568 0
0.504329 0.0383322 0
0.509107 0.0163639 0
0.482551 0.010367 0
0.449931 0 0
0.400515 0.0113264 0
0.354618 0.040244 0
0.334765 0.0453656 0
0.23333 0.113589 0
0.126983 0.152732 0
0.195634 0.140322 0
0.237699 0.132965 0
0.216974 0.150835 0
0.217276 0.158994 0
0.260691 0.146328 0
0.276538 0.145488 0
0.241408 0.1716 0
0.21414 0.178893 0
0.231277 0.188694 0
0.237507 0.201726 0
0.223591 0.212913 0
0.219738 0.219267 0
0.205575 0.223771 0
0.202732 0.229083 0
0.187248 0.240297 0
0.179172 0.253177 0
0.175584 0.263628 0
0.174508 0.275504 0
0.185759 0.291092 0
0.179424 0.299792 0
0.16851 0.302073 0
0.153505 0.294132 0
0.0240165 0.19769 0
0.0309673 0.196565 0
0.0312852 0.196623 0
0.0312223 0.197137 0
0.0314303 0.197687 0
0.0317173 0.198112 0
0.0317067 0.198608 0
0.0319737 0.199176 0
0.0319556 0.19904 0
0.0328995 0.19913 0
0.0333741 0.199847 0
0.033594 0.19993 0
0.0326941 0.201801 0
0.0336534 0.202085 0
0.0333172 0.202695 0
0.0335923 0.202468 0
0.0334439 0.202631 0
0.0333904 0.203022 0
0.0324073 0.203958 0
0.0330696 0.204127 0
0.0326807 0.205034 0
0.031969 0.207807 0
0.0341473 0.205444 0
0.0340489 0.208245 0
0.039186 0.216021 0
0.0405048 0.212023 0
0.0355428 0.202398 1
0.00344162 0.189033 0
0.00408699 0.186973 0
0.00350952 0.184548 0
0.00171354 0.182472 0
0.000489216 0.180535 0
0 0.17813 0
0.0002686 0.178328 0
0.00163273 0.177749 0
0.00313635 0.176675 1
0.00242072 0.174471 0
0.000878235 0.171582 0
0.00208113 0.169539 0
0.0034647 0.169163 0
0.00441615 0.166499 0
0.00495797 0.16354 0
0.00675802 0.163277 0
0.00940642 0.164569 0
0.0119928 0.16656 0
0.0137631 0.165953 0
0.0156254 0.165213 0
0.0170956 0.164613 0
0.0181736 0.163479 0
0.0207594 0.165388 0
0.0223035 0.164143 0
0.0252142 0.163686 0
0.027526 0.163302 0
0.0300873 0.163233 0
0.0316225 0.163864 0
0.0332309 0.165855 0
0.0344432 0.167999 0
0.0349702 0.170325 0
0.0375103 0.170787 0
0.0351138 0.174748 0
0.0380316 0.176373 0
0.0372528 0.178495 1
0.0369663 0.178823 0
0.0370147 0.179224 0
0.0369641 0.17954 0
0.036583 0.179769 0
0.0366632 0.180148 0
0.0368962 0.180306 0
0.0361165 0.180496 0
0.0366637 0.181172 0
0.0364887 0.181393 0
0.0355958 0.182383 0
0.0353126 0.183233 0
0.0344111 0.184168 0
0.0334438 0.184943 0
0.0326593 0.185266 0
0.0326632 0.186911 0
0.0336271 0.188351 0
0.0334293 0.189225 0
0.0310481 0.189283 0
0.0309922 0.190115 0
0.0328466 0.19119 0
0.0315287 0.191551 0
0.031821 0.192363 0
0.0314789 0.193051 0
0.0308762 0.193973 0
0.0309799 0.195143 0
0.0309052 0.195942 0
0.0312359 0.196837 0
0.0312309 0.197458 0
0.0315975 0.198139 0
0.0322959 0.199473 0
0.0324235 0.200078 0
0.0331867 0.201078 0
0.0340055 0.201542 1
