0.0253001 0.604018 1
0.00279056 0.649187 0
0.0171807 0.679939 0
0.00933604 0.70136 0
0.0267228 0.703988 0
0.0331166 0.724257 0
0.0371993 0.744323 0
0.0366192 0.771468 0
0.0259765 0.822012 0
0.0203114 0.853463 0
0.0204472 0.888997 0
0.0232099 0.91733 0
0.0565581 0.925159 0
0.0829404 0.942517 0
0.0935957 0.967876 0
0.1079 0.978695 0
0.148775 0.977538 0
0.191923 0.969848 0
0.245836 0.960298 0
0.318619 0.937517 0
0.382623 0.939229 0
0.435256 0.94955 0
0.47819 0.98458 0
0.516234 0.992691 0
0.582047 0.951702 0
0.593475 0.966801 0
0.576618 0.977551 0
0.626179 0.955089 0
0.652745 0.948771 1
0.647916 0.933063 0
0.646371 0.926196 0
0.642227 0.908539 0
0.622043 0.905665 0
0.644543 0.867683 0
0.671322 0.835618 0
0.762507 0.782658 0
0.714835 0.780562 0
0.744584 0.730433 0
0.814123 0.66362 0
0.841852 0.652802 0
0.833218 0.625094 0
0.844154 0.602726 0
0.845039 0.576054 0
0.851131 0.553852 0
0.874605 0.537082 0
0.883161 0.51017 0
0.882978 0.47213 0
0.859176 0.42606 0
0.867695 0.391658 0
0.874272 0.355373 0
0.882158 0.32547 0
0.881341 0.305175 0
0.88214 0.306096 0
0.883054 0.30107 0
0.885881 0.287934 0
0.886253 0.2448 0
0.882109 0.20936 0
0.847847 0.166473 0
0.822018 0.151424 0
0.784649 0.10872 0
0.743313 0.0961954 0
0.702188 0.0812921 0
0.673295 0.0961719 0
0.629605 0.0970471 0
0.592552 0.0777104 0
0.545841 0.0496846 0
0.4807 0.0311139 0
0.423302 0 0
0.327695 0.0152917 0
0.311956 0.00301574 0
0.277079 0.0153558 0
0.254595 0.0177805 0
0.224373 0.0336652 1
0.221407 0.0488818 0
0.222885 0.0640048 0
0.225045 0.0734616 0
0.200785 0.101529 0
0.208663 0.114331 0
0.220147 0.133706 0
0.160875 0.190458 0
0.0603351 0.237718 0
0.0654356 0.283759 0
0.0634235 0.311683 0
0.0502575 0.332707 0
0.0464704 0.369876 0
0.0241766 0.394485 0
0.0131331 0.42151 0
0.00977559 0.46184 0
0.00494589 0.502691 0
0.0023053 0.544994 0
0 0.584793 0
0.0222496 0.606365 0
0.0257079 0.658254 0
0.0080732 0.697512 0
0.0414197 0.711168 0
0.0712608 0.713573 0
0.100394 0.721625 0
0.116901 0.739682 0
0.125401 0.759925 0
0.123155 0.789206 0
0.1503 0.806399 0
0.149047 0.836037 0
0.173823 0.846993 0
0.176059 0.872915 0
0.205064 0.886618 0
0.243727 0.884833 0
0.240839 0.913173 0
0.277715 0.906894 0
0.328464 0.919034 0
0.378061 0.909902 0
0.413699 0.919372 0
0.449914 0.935999 0
0.498044 0.952318 0
0.547266 0.987274 0
0.565383 0.995029 0
0.59024 0.996336 0
0.584869 1 0
0.607074 0.987197 0
0.619302 0.936309 0
0.682495 0.911755 0
0.690758 0.885455 0
0.690654 0.86873 0
0.685508 0.847984 0
0.713959 0.818766 0
0.759748 0.777918 0
0.821856 0.733407 0
0.830789 0.714124 0
0.835848 0.693259 0
0.862702 0.679456 0
0.852446 0.654379 0
0.868267 0.638685 0
0.854842 0.605906 0
0.880673 0.598688 0
0.878577 0.572294 0
0.875141 0.531928 0
0.881708 0.508621 0
0.875681 0.461197 0
0.889345 0.437506 0
0.886601 0.403978 0
0.886308 0.376963 0
0.886981 0.350451 0
0.883451 0.328228 0
0.881154 0.306883 1
