0.999535 0.460851 1
1 0.468933 0
0.998262 0.475583 0
0.999565 0.472639 0
0.994201 0.492729 0
0.976661 0.519313 0
0.968783 0.548298 0
0.962045 0.549113 0
0.961198 0.55385 0
0.94335 0.560849 0
0.917459 0.57596 0
0.897638 0.612611 0
0.868996 0.620615 0
0.868267 0.660337 0
0.849609 0.679973 0
0.834264 0.698468 0
0.832955 0.720487 0
0.805709 0.736134 0
0.788572 0.750892 0
0.773116 0.765904 0
0.761 0.788393 0
0.747743 0.81021 0
0.728753 0.829011 1
0.706261 0.862542 0
0.674426 0.903104 0
0.650159 0.937515 0
0.630635 0.942711 0
0.62218 0.92262 0
0.617094 0.882867 0
0.5968 0.862835 0
0.595723 0.827816 0
0.549158 0.803219 0
0.524674 0.787466 0
0.497279 0.779627 0
0.449304 0.788554 0
0.437821 0.762084 0
0.416194 0.74913 0
0.385504 0.763843 0
0.356833 0.770611 0
0.329083 0.764919 0
0.294847 0.760066 0
0.271636 0.756781 0
0.265178 0.735152 0
0.245793 0.731195 0
0.220395 0.743039 0
0.198731 0.736849 0
0.179968 0.736732 0
0.160291 0.753116 0
0.128733 0.667365 1
0.118896 0.659384 0
0.10034 0.652113 0
0.0882427 0.65067 0
0.0657529 0.658442 0
0.0459989 0.642184 0
0.0237868 0.614575 0
0.022191 0.61535 0
0.0486248 0.563106 0
0.0506713 0.551254 0
0.027315 0.564892 0
0.02501 0.56101 0
0.029967 0.54351 0
0.0159259 0.547727 0
0 0.556395 0
0.0010064 0.555388 0
0.0101905 0.5645 0
0.0374425 0.395633 0
0.0869945 0.381611 0
0.11496 0.388187 0
0.125829 0.368839 0
0.136104 0.34623 0
0.151648 0.324611 0
0.175174 0.303496 0
0.186952 0.225153 0
0.195675 0.174163 0
0.221448 0.13388 0
0.242488 0.121042 0
0.235484 0.0929814 0
0.268116 0.053196 0
0.290293 0.02937 0
0.311469 0.00283042 0
0.342 0 0
0.364345 0.0183742 0
0.380725 0.0189147 0
0.408877 0.0141472 0
0.426481 0.0240766 0
0.450132 0.0462865 0
0.473603 0.0390583 0
0.496519 0.0368434 0
0.526126 0.0483331 0
0.538723 0.0609566 0
0.563458 0.0683483 0
0.583959 0.0719843 0
0.606458 0.0767056 0
0.619806 0.0816924 1
0.644548 0.0979815 0
0.664773 0.127141 0
0.678524 0.160341 0
0.700209 0.184511 0
0.725522 0.213686 0
0.736505 0.25149 0
0.750355 0.287571 0
0.775196 0.334374 0
0.784425 0.334326 0
0.793891 0.340559 0
0.801534 0.349615 0
0.81449 0.356184 0
0.832599 0.365571 0
0.873887 0.344279 0
0.883986 0.380304 0
0.894879 0.420706 0
0.904632 0.450885 0
0.908117 0.462124 0
0.920143 0.451554 0
0.934299 0.460677 0
0.93243 0.495703 0
0.920982 0.493405 0
0.922817 0.499538 0
0.915706 0.499371 0
0.914505 0.519985 0
0.894438 0.522847 0
0.894013 0.558793 0
0.861758 0.56157 0
0.853764 0.591247 0
0.839385 0.624017 0
0.828612 0.647138 0
0.803821 0.661158 0
0.828534 0.706208 0
0.815747 0.729952 0
0.776285 0.738085 0
0.74327 0.749682 0
0.724359 0.776497 0
0.712332 0.811211 0
0.713819 0.835047 0
0.696793 0.844214 0
0.688188 0.865088 0
0.680942 0.881856 0
0.647678 0.897436 0
0.625775 0.889782 0
0.60101 0.884127 0
0.571897 0.89287 0
0.543997 0.866894 0
0.523078 0.842876 0
0.507506 0.833859 0
0.480152 0.834044 0
0.455645 0.812623 0
0.425458 0.805353 0
0.408065 0.793485 0
0.364849 0.802435 0
0.340579 0.799578 0
0.317069 0.787153 0
0.300077 0.782799 0
0.2745 0.779052 0
0.256842 0.77024 0
0.216941 0.765741 0
0.199496 0.753975 0
0.18201 0.735349 1
0.172815 0.738741 0
0.145454 0.750199 0
0.110493 0.653717 0
0.0945425 0.659276 0
0.0851364 0.640929 0
0.0567244 0.647661 0
0.0389177 0.641964 0
0.0494552 0.596473 0
0.0482896 0.582874 0
0.029594 0.588481 0
0.0115944 0.582696 0
0.00586994 0.570948 0
0.00743343 0.556451 0
0.00322772 0.544419 0
0.00216632 0.542417 0
0.0228659 0.523447 0
0.0522078 0.416167 0
0.0457606 0.410617 0
0.03962 0.424949 0
0.0708793 0.386489 0
0.0791387 0.344844 0
0.0983451 0.32122 0
0.112468 0.302602 0
0.122402 0.277511 0
0.127031 0.261815 1
0.146066 0.233007 0
0.170282 0.209757 0
0.200365 0.162108 0
0.219724 0.162773 0
0.241701 0.138799 0
0.270513 0.10292 0
0.299547 0.0860694 0
0.320672 0.0818377 0
0.334055 0.0757057 0
0.363573 0.0633801 0
0.395083 0.0550209 0
0.411439 0.068646 0
0.435427 0.0611438 0
0.464962 0.0691882 0
0.483717 0.0643367 0
0.507734 0.0722555 0
0.521654 0.0867804 0
0.555463 0.0901499 0
0.584695 0.118243 0
0.617128 0.143226 0
0.623049 0.164486 0
0.65324 0.177692 0
0.679431 0.214484 0
0.706556 0.238735 0
0.738965 0.274845 0
0.762873 0.309428 0
0.763375 0.347158 0
0.791588 0.38616 0
0.80229 0.397946 0
0.81643 0.401637 0
0.828301 0.399581 0
0.839439 0.398225 0
0.844409 0.403027 0
0.887693 0.394404 0
0.890216 0.429408 0
0.894461 0.439011 0
0.921898 0.440002 0
0.933763 0.46358 0
0.942813 0.492975 0
0.9522 0.513473 0
0.96201 0.539543 0
0.954188 0.537434 0
0.97446 0.555864 0
0.972866 0.567127 0
0.967751 0.570438 0
0.96764 0.59371 0
0.948675 0.596651 0
0.945717 0.622849 0
0.92283 0.648882 0
0.909696 0.665135 0
0.890762 0.682388 0
0.871688 0.697403 0
0.854822 0.721523 0
0.850611 0.740533 0
0.835168 0.76665 0
0.814412 0.785981 0
0.7876 0.78664 0
0.760889 0.797284 0
0.75542 0.827658 0
0.724275 0.859864 0
0.714349 0.866364 0
0.685322 0.89437 0
0.661117 0.904133 0
0.65087 0.909614 0
0.637254 0.913238 0
0.621989 0.92038 0
0.614018 0.92275 0
0.611588 0.908221 0
0.57333 0.901085 0
0.544314 0.920418 0
0.524282 0.912664 0
0.479219 0.923134 0
0.442005 0.911769 0
0.415126 0.885707 0
0.396927 0.840067 0
0.37177 0.808901 0
0.351936 0.781155 0
0.32116 0.772568 0
0.2988 0.750112 0
0.284032 0.719574 0
0.263307 0.696249 0
0.219241 0.676287 0
0.17546 0.705669 0
0.17787 0.691252 0
0.166049 0.687437 0
0.157815 0.686611 0
0.151093 0.686932 0
0.14281 0.680475 0
0.137636 0.676568 1
0.158094 0.691807 0
0.103675 0.527794 0
0.0957394 0.512005 0
0.0913324 0.515194 0
0.0806164 0.491802 0
0.0708703 0.490519 0
0.069044 0.482856 0
0.0639406 0.472669 0
0.0630116 0.46843 0
0.0624065 0.467347 0
0.0620186 0.466632 0
0.0619799 0.466558 0
0.0619585 0.466532 1
