0.720291 0.0607555 1
0.741487 0.0748512 0
0.761543 0.081506 0
0.784279 0.0954542 0
0.786967 0.145221 0
0.795642 0.204746 0
0.809531 0.254261 0
0.809479 0.297579 0
0.825174 0.328417 0
0.840752 0.343389 0
0.859647 0.35908 0
0.886303 0.361256 0
0.891373 0.402221 0
0.903413 0.432109 0
0.920145 0.431179 0
0.938869 0.432873 0
0.947234 0.429886 0
0.956421 0.429598 0
0.962542 0.435344 1
0.971827 0.448942 0
0.977017 0.458513 0
0.992728 0.468116 0
0.998669 0.481175 0
0.991951 0.49905 0
0.987237 0.523202 0
0.987426 0.534276 0
0.986567 0.54813 0
0.981975 0.559767 0
0.979014 0.600351 0
0.951264 0.626045 0
0.938791 0.650245 0
0.919339 0.672637 0
0.906332 0.699153 0
0.893506 0.720516 0
0.870457 0.740712 0
0.86063 0.784027 0
0.839614 0.817417 0
0.823923 0.848869 0
0.807872 0.863714 0
0.785068 0.864581 0
0.763273 0.893098 0
0.74765 0.911535 0
0.72638 0.908053 0
0.70296 0.90522 0
0.681677 0.887384 0
0.665576 0.893889 0
0.646273 0.904326 0
0.624566 0.888316 0
0.608369 0.891918 0
0.590392 0.901038 0
0.565739 0.904747 0
0.54559 0.904835 0
0.518839 0.907541 0
0.499814 0.91996 0
0.478742 0.919015 0
0.458824 0.906304 0
0.434791 0.900108 1
0.421211 0.877822 0
0.392769 0.870144 0
0.382385 0.849191 0
0.353353 0.827014 0
0.33228 0.807425 0
0.307975 0.790162 0
0.293103 0.764937 0
0.271975 0.732777 0
0.258045 0.696751 0
0.235141 0.669015 0
0.216504 0.646004 0
0.201529 0.637435 0
0.180319 0.642408 0
0.159292 0.624792 0
0.138686 0.591923 0
0.118781 0.591356 0
0.107195 0.585217 0
0.100917 0.55108 0
0.0826854 0.543657 0
0.067985 0.544165 0
0.0613358 0.536881 0
0.0528766 0.536242 0
0.0425455 0.53021 0
0.0418401 0.528287 1
0.0423258 0.521835 0
0.043806 0.499231 0
0.0480646 0.475721 0
0.05324 0.472174 0
0.0572337 0.45483 0
0.047146 0.401683 0
0.0379313 0.363751 0
0.0398764 0.329285 0
0.0488725 0.308501 0
0.0632634 0.283126 0
0.0762136 0.259425 0
0.0808801 0.223394 0
0.0947834 0.206335 0
0.121279 0.183396 0
0.144235 0.167333 0
0.189163 0.131585 0
0.1924 0.12006 0
0.196487 0.113352 0
0.203769 0.0941219 0
0.228251 0.0898286 0
0.241066 0.0718026 0
0.265465 0.0752084 0
0.280521 0.0758626 1
0.30633 0.0610531 0
0.3275 0.0472772 0
0.35053 0.0252317 0
0.372321 0.0172271 0
0.394269 0 0
0.432423 0.0137489 0
0.464363 0.0459592 0
0.496731 0.0243829 0
0.528479 0.00954657 0
0.555689 0.0122573 0
0.584518 0.0197425 0
0.609388 0.0262915 0
0.632083 0.0211116 0
0.644246 0.0248655 0
0.669919 0.00421503 0
0.691328 0.00213038 0
0.722792 0.0219115 0
0.740542 0.0713985 0
0.759491 0.100143 0
0.764176 0.125271 0
0.782016 0.13202 0
0.787249 0.170749 0
0.800644 0.182964 0
0.812214 0.20568 0
0.823568 0.25201 0
0.823407 0.448947 0
0.839597 0.439813 0
0.851057 0.418886 0
0.869311 0.421958 0
0.896105 0.462672 0
0.909712 0.46954 0
0.932833 0.474976 0
0.947014 0.472753 0
0.95261 0.469401 0
0.962011 0.472448 0
0.967653 0.472198 0
0.982383 0.496431 0
0.977529 0.510654 0
0.972063 0.528832 0
0.962335 0.542433 0
0.952217 0.557558 0
0.945781 0.560436 0
0.92717 0.566939 0
0.918096 0.594525 0
0.917716 0.616788 0
0.897809 0.641265 0
0.902396 0.659834 0
0.903148 0.682289 0
0.891991 0.704324 0
0.870268 0.725056 0
0.853633 0.743892 0
0.839828 0.755988 0
0.823467 0.771377 0
0.804528 0.783923 0
0.782085 0.791285 0
0.765203 0.820328 0
0.754214 0.858488 0
0.729159 0.863853 0
0.717073 0.863957 0
0.693597 0.879143 0
0.674963 0.898511 0
0.660451 0.900997 0
0.635129 0.888717 0
0.613989 0.891771 0
0.593802 0.910173 0
0.576487 0.925242 0
0.56199 0.930041 0
0.534015 0.914987 0
0.518627 0.925873 0
0.495769 0.929855 0
0.476496 0.918934 0
0.45937 0.863314 0
0.428591 0.861678 0
0.40875 0.862303 0
0.386838 0.847524 0
0.36741 0.84632 0
0.34719 0.830004 0
0.326838 0.79429 0
0.307888 0.794253 0
0.281221 0.799177 0
0.269198 0.775229 0
0.225444 0.762371 0
0.242438 0.70439 0
0.216417 0.680197 0
0.171801 0.660696 0
0.178742 0.612739 0
0.142396 0.609418 0
0.130005 0.59922 0
0.113142 0.556514 0
0.0921017 0.559555 0
0.0817475 0.555013 0
0.0710227 0.550906 0
0.0453015 0.544271 0
0.0420445 0.552119 0
0.0253615 0.543533 0
0.0144573 0.554507 0
0.0232281 0.533326 0
0.0238057 0.531692 0
0.023676 0.531677 1
0.0063509 0.514013 0
0 0.486926 0
0.0102416 0.481084 0
0.0154014 0.452588 0
0.0180988 0.416766 0
0.0212423 0.401101 0
0.0402595 0.372683 0
0.0438835 0.330967 0
0.0592483 0.301659 0
0.0726996 0.262137 0
0.0942535 0.245971 0
0.100555 0.22582 1
0.120656 0.201432 0
0.137053 0.181488 0
0.152645 0.154348 0
0.188217 0.141556 0
0.202335 0.125026 0
0.216934 0.0914336 0
0.227856 0.0884489 0
0.24249 0.0759907 0
0.261735 0.0801401 0
0.290379 0.058187 0
0.299097 0.0540623 0
0.337784 0.046046 0
0.369021 0.0329703 0
0.388346 0.0433665 0
0.42258 0.0487978 0
0.444363 0.0529183 0
0.474301 0.0531482 0
0.502606 0.0560489 0
0.532291 0.0651916 0
0.556564 0.0644188 0
0.569915 0.0740749 0
0.60353 0.0590491 0
0.622808 0.0348696 0
0.643127 0.0372457 0
0.671086 0.0487113 0
0.686271 0.0582565 0
0.715562 0.064309 0
0.728282 0.0683956 0
0.757 0.0966806 0
0.746806 0.144906 0
0.774716 0.175919 0
0.782598 0.220608 0
0.79279 0.264484 0
0.786571 0.501533 0
0.793454 0.491317 0
0.823534 0.503474 0
0.845411 0.493422 0
0.858318 0.489526 0
0.875596 0.497269 0
0.898683 0.498286 0
0.904872 0.498049 0
0.918045 0.452939 0
0.940649 0.465496 0
0.954374 0.474807 0
0.96363 0.483895 0
0.983742 0.495439 0
0.999337 0.517066 0
0.999855 0.524994 0
1 0.547147 0
0.981676 0.563466 0
0.973973 0.578303 0
0.951555 0.584247 0
0.937879 0.603227 0
0.922216 0.622041 0
0.921967 0.652971 0
0.915008 0.659163 0
0.914742 0.665282 0
0.89791 0.679875 0
0.872003 0.697179 0
0.878182 0.707152 0
0.856717 0.728325 0
0.846179 0.748489 1
