0.207063 0.239014 0
0.269591 0.27077 0
0.262876 0.27424 0
0.263187 0.274675 0
0.263137 0.274688 0
0.263151 0.274693 0
0.263156 0.274709 0
0.263196 0.2747 0
0.262963 0.274633 0
0.264053 0.277413 0
0.187583 0.308283 0
0.1919 0.304901 0
0.192692 0.304748 0
0.192367 0.304841 0
0.192955 0.305336 0
0.192298 0.304267 0
0.192291 0.303594 0
0.193125 0.303838 0
0.193147 0.303509 0
0.19376 0.303897 0
0.19375 0.304356 0
0.194454 0.30534 0
0.193033 0.30434 0
0.194368 0.305226 0
0.19467 0.305881 0
0.194795 0.306197 0
0.194478 0.30581 0
0.193731 0.305838 0
0.194958 0.307621 0
0.19367 0.306004 0
0.194554 0.306841 0
0.194723 0.307407 0
0.194831 0.307591 0
0.19486 0.307765 0
0.194948 0.307807 1
0.19523 0.307789 0
0.195226 0.307731 0
0.195104 0.307551 0
0.194855 0.307313 0
0.194395 0.308857 0
0.193926 0.308769 0
0.193783 0.309078 0
0.192606 0.30541 0
0.191012 0.305111 0
0.190358 0.30537 0
0.188727 0.305206 0
0.189097 0.302298 0
0.188527 0.302002 0
0.188813 0.300996 0
0.188447 0.300584 0
0.187698 0.29827 0
0.187221 0.295929 0
0.18743 0.29445 0
0.187444 0.298568 0
0.18514 0.304495 0
0.182276 0.265176 0
0.18459 0.267881 0
0.186552 0.267244 0
0.187634 0.298738 0
0.190824 0.299418 0
0.184836 0.267825 0
0.19477 0.299314 0
0.180381 0.267926 0
0.185135 0.268643 0
0.185533 0.26881 0
0.185308 0.268683 0
0.186385 0.267757 0
0.190507 0.303056 0
0.175274 0.266351 0
0.186203 0.267867 0
0.18642 0.269616 0
0.184541 0.267436 0
0.184004 0.269555 0
0.187447 0.292031 0
0.187703 0.298594 0
0.183892 0.266941 0
0.186739 0.267316 0
0.181933 0.2956 0
0.190641 0.195156 0
0.190522 0.195284 0
0.190609 0.195293 0
0.190787 0.195295 0
0.191251 0.195162 0
0.191333 0.195231 0
0.191266 0.19525 0
0.190996 0.195328 0
0.191022 0.195295 0
0.19102 0.195208 0
0.191331 0.195275 0
0.191387 0.195156 0
0.191505 0.19514 0
0.191765 0.195053 0
0.191796 0.195046 0
0.19181 0.195039 0
0.191829 0.195033 0
0.191827 0.195033 0
0.191805 0.195042 0
0.191837 0.195021 0
0.191813 0.195016 0
0.191793 0.194975 0
0.191778 0.19497 0
0.191812 0.194995 0
0.191839 0.19503 1
0.191838 0.195099 0
0.191887 0.19505 0
0.191858 0.19499 0
0.191609 0.195121 0
0.190059 0.19593 0
0.175131 0.205885 0
0.266514 0.259022 0
0.258572 0.275546 0
0.258706 0.27325 0
0.259207 0.273039 0
0.259248 0.273079 0
0.259269 0.273003 0
0.259079 0.272998 0
0.258934 0.272459 0
0.258794 0.271975 0
0.258673 0.271664 0
0.258806 0.27256 0
0.258873 0.272422 0
0.258936 0.272374 0
0.259181 0.27211 0
0.259109 0.272148 0
0.259051 0.2722 0
0.259156 0.272333 0
0.258305 0.271973 0
0.258925 0.272181 0
0.258263 0.27172 0
0.26043 0.275615 0
0.194569 0.269909 0
0.19299 0.274933 0
0.189447 0.267515 0
0.18763 0.263044 0
0.174165 0.301406 0
0.258375 0.272937 0
0.258284 0.27164 0
0.258383 0.271622 0
0.259053 0.271052 0
0.263983 0.268081 0
0.192825 0.27188 0
0.190759 0.292496 0
0.193347 0.275128 0
0.191244 0.267269 0
0.190147 0.267949 0
0.190685 0.267523 0
0.191815 0.270583 0
0.18429 0.294498 0
0.193264 0.206086 0
0.192375 0.19602 0
0.192023 0.195577 0
0.191971 0.195694 0
0.19229 0.195725 0
0.178844 0.195506 0
0.189233 0.269996 0
0.189795 0.291394 0
0.194409 0.278988 0
0.191133 0.297707 0
0.188456 0.264677 0
0.187874 0.265849 0
0.193022 0.283556 0
0.191408 0.296068 0
0.190754 0.296902 0
0.184466 0.269863 0
0.18959 0.273625 0
0.193053 0.282198 0
0.191159 0.294618 0
0.191789 0.292661 0
0.192069 0.294376 0
0.192867 0.296853 0
0.193597 0.297078 0
0.19345 0.294753 0
0.193141 0.29666 0
0.193137 0.297217 0
0.192778 0.296887 0
0.189156 0.293552 0
0.184419 0.266821 0
0.183174 0.265825 0
0.188406 0.291939 0
0.189575 0.290481 0
0.188458 0.291574 0
0.187858 0.291457 0
0.187541 0.290581 0
0.186613 0.291447 0
0.185754 0.289132 0
0.185208 0.287147 0
0.184504 0.285494 0
0.182824 0.289184 0
0.181309 0.283714 0
0.183379 0.325404 0
0.187219 0.324557 0
0.184583 0.321325 0
0.18328 0.281358 0
0.181526 0.289323 0
0.181163 0.281462 0
0.175207 0.27668 0
0.191563 0.337715 0
0.182607 0.320469 0
0.179215 0.276793 0
0.193067 0.343959 0
0.191513 0.332287 0
0.189927 0.329921 0
0.190124 0.334472 0
0.191565 0.33513 0
0.188779 0.331876 0
0.201013 0.353882 0
0.189497 0.334141 0
0.191938 0.338681 0
0.192246 0.338641 0
0.192867 0.339172 0
0.191913 0.339226 0
0.191468 0.336655 0
0.191085 0.340591 0
0.191695 0.338915 0
0.192042 0.338453 0
0.191834 0.338899 0
0.191521 0.338165 0
0.191172 0.337795 0
0.189872 0.340402 0
0.17499 0.276698 0
0.185041 0.275663 0
0.184912 0.275085 0
0.185269 0.274847 0
0.185283 0.274947 0
0.18414 0.275895 0
0.185577 0.274733 0
0.185754 0.274471 0
0.185622 0.274516 0
0.186106 0.274211 1
0.185488 0.275737 0
0.185716 0.276753 0
0.184926 0.277945 0
0.185932 0.277857 0
0.187266 0.275881 0
0.186641 0.277191 0
0.186622 0.278311 0
0.187516 0.275478 0
0.186064 0.280187 0
0.186867 0.278254 0
0.186477 0.279539 0
0.188316 0.275652 0
0.186933 0.271504 0
0.187851 0.273502 0
0.187432 0.278362 0
0.187994 0.273725 0
0.188201 0.272709 0
0.18877 0.273311 0
0.189035 0.273739 0
0.18898 0.27347 0
0.188688 0.273056 0
0.189391 0.27375 0
0.188995 0.274273 0
0.189193 0.272561 0
0.189289 0.274266 0
0.189014 0.272713 0
0.188676 0.271884 0
0.190499 0.273638 0
0.18679 0.287367 0
0.189055 0.272719 0
0.191135 0.275 0
0.187102 0.272121 0
0.178081 0.281679 0
0.177478 0.200499 0
0.189932 0.195959 0
0.191783 0.194597 0
0.192023 0.19494 0
0.191828 0.195194 0
0.190693 0.19466 0
0.179509 0.200631 0
0.171909 0.294651 0
0.191993 0.202383 0
0.195935 0.276909 0
0.192329 0.275441 0
0.189142 0.292499 0
0.188191 0.270769 0
0.184807 0.283025 0
0.184153 0.19502 0
0.17741 0.269296 0
0.261489 0.270501 0
0.260438 0.274376 0
0.260044 0.27411 0
0.259934 0.274116 0
0.259734 0.274109 0
0.259918 0.274135 0
0.260198 0.274262 0
0.260329 0.274584 0
0.260305 0.275753 0
0.255573 0.271413 0
0.192611 0.276818 0
0.190333 0.274048 0
0.189615 0.273069 0
0.188955 0.272179 0
0.188769 0.271529 0
0.18918 0.272503 0
0.189382 0.273439 0
0.189673 0.27404 0
0.189776 0.275687 0
0.186295 0.286019 0
0.186361 0.330929 0
0.189608 0.336721 0
0.190373 0.339871 0
0.192182 0.344526 0
0.195462 0.347797 0
0.199483 0.352785 0
0.199654 0.354398 0
0.199663 0.353909 0
0.198647 0.352777 0
0.200373 0.35512 0
0.200195 0.354942 0
0.200172 0.354774 0
0.199888 0.35421 0
0.201665 0.355088 0
0.200776 0.355102 1
0.200369 0.354488 0
0.200091 0.354177 0
0.201142 0.353826 0
0.200571 0.353754 0
0.203013 0.353703 0
0.198821 0.353414 0
0.199303 0.353864 0
0.199233 0.353211 0
0.197241 0.357083 0
0.170881 0.285813 0
0.176748 0.27269 0
0.188562 0.274155 0
0.182369 0.269959 0
0.182266 0.27113 0
0.187075 0.271275 0
0.187323 0.270869 0
0.190822 0.275909 0
0.191083 0.275742 0
0.191355 0.273907 0
0.192257 0.273436 0
0.191522 0.271283 0
0.192089 0.271868 1
0.192262 0.271859 0
0.192817 0.271831 0
0.193304 0.271695 0
0.193322 0.272955 0
0.201525 0.276466 0
0.190283 0.346427 0
0.186282 0.339714 0
0.191273 0.335264 0
0.182796 0.348926 0
0.191094 0.275848 0
0.192379 0.271958 0
0.192156 0.271851 0
0.19212 0.271851 0
0.192238 0.271881 0
0.193951 0.272275 0
0.189722 0.267109 0
0.189239 0.189177 0
0.191051 0.186791 0
0.1875 0.264346 0
0.186079 0.202463 0
0.232299 0.120206 0
0.235244 0.125832 0
0.317178 0.173569 0
0.319112 0.162234 1
0.319531 0.162331 0
0.323276 0.161932 0
0.35278 0.161901 0
0.559308 0.102762 0
0.555414 0.0896502 0
0.552523 0.0876477 0
0.553267 0.0910434 0
0.553396 0.107327 0
0.325246 0.181549 0
0.321173 0.159452 0
0.321707 0.161134 0
0.321921 0.160748 0
0.321436 0.160685 0
0.322781 0.158869 0
0.334592 0.147662 0
0.218964 0.277474 0
0.214949 0.270816 0
0.214819 0.270073 0
0.216948 0.267613 0
0.226478 0.244945 0
0.22758 0.242967 0
0.245566 0.245071 0
0.24325 0.242218 0
0.243773 0.244179 0
0.226724 0.242038 0
0.226809 0.242465 0
0.226826 0.242536 0
0.226842 0.242554 0
0.226926 0.242591 0
0.226949 0.242681 0
0.227031 0.242808 0
0.227061 0.242819 0
0.227124 0.242995 0
0.227219 0.243204 0
0.227272 0.243415 0
0.22717 0.243521 0
0.227281 0.243672 0
0.227467 0.243539 1
0.227682 0.244034 0
0.227881 0.244674 0
0.228153 0.244911 0
0.228559 0.245364 0
0.229393 0.245117 0
0.229615 0.245362 0
0.229817 0.245612 0
0.230849 0.246207 0
0.227579 0.251755 0
0.207309 0.201712 0
0.199545 0.195796 0
0.19899 0.196451 0
0.198955 0.196421 0
0.198888 0.196451 0
0.199197 0.194628 0
0.199183 0.195443 0
0.199863 0.197026 0
0.196744 0.191498 0
0.197962 0.193258 0
0.197248 0.191347 0
0.198766 0.196199 0
0.193821 0.18017 0
0.218707 0.25704 0
0.201055 0.199937 0
0.198719 0.197792 0
0.198463 0.19793 0
0.201681 0.200476 0
0.241233 0.139592 0
0.247825 0.13556 0
0.247435 0.133928 0
0.263819 0.12357 0
0.227734 0.252899 0
0.232608 0.256085 0
0.26782 0.121395 0
0.249603 0.138041 0
0.230914 0.124547 0
0.246824 0.252897 0
0.23979 0.242186 0
0.239384 0.242225 0
0.239424 0.242233 0
0.239422 0.242228 0
0.239422 0.242227 1
0.239528 0.242465 0
0.239723 0.242894 0
0.239713 0.243788 0
0.238856 0.24443 0
0.238038 0.244107 0
0.238345 0.244275 0
0.235217 0.257674 0
0.193436 0.184985 0
0.233172 0.259423 0
0.196027 0.189844 0
0.198265 0.197812 0
0.19482 0.187965 0
0.234404 0.129591 0
0.246258 0.131829 0
0.245027 0.13016 0
0.245112 0.130167 0
0.244832 0.129664 0
0.244843 0.129379 0
0.244867 0.129155 0
0.244704 0.129 1
0.242344 0.127821 0
0.238049 0.125547 0
0.235547 0.125795 0
0.214322 0.119598 0
0.220781 0.122295 0
0.214669 0.119515 1
0.215018 0.11855 0
0.215421 0.116699 0
0.214099 0.116107 0
0.214538 0.114836 0
0.21409 0.113907 0
0.214992 0.112466 0
0.214857 0.111609 0
0.215656 0.110745 0
0.215452 0.109994 0
0.216762 0.108615 0
0.212689 0.106949 0
0.215368 0.107024 1
0.213351 0.101434 0
0.210105 0.0980694 0
0.204248 0.0921485 0
0.218133 0.071125 0
0.262984 0.0614058 0
0.27438 0.0500825 0
0.292251 0.0529054 0
0.316879 0.0532576 0
0.341276 0.0671889 0
0.337887 0.0695335 1
0.337392 0.0694927 0
0.338174 0.0695603 0
0.334821 0.0665225 0
0.315267 0.0654102 0
0.557033 0.0234412 0
0.533871 0.0447586 0
0.529487 0.0518116 0
0.528923 0.0566487 0
0.527951 0.0584304 0
0.527642 0.060497 1
0.527642 0.060497 0
0.527642 0.0604969 0
0.527642 0.0604967 0
0.527643 0.0604968 0
0.527646 0.0604946 0
0.527652 0.0604811 0
0.527743 0.0604358 0
0.527949 0.0602284 0
0.528755 0.0600178 0
0.533954 0.0588821 0
0.526305 0.027136 0
0.755475 0.0792424 0
0.761058 0.0808008 0
0.760541 0.0803834 0
0.760473 0.0803123 0
0.760389 0.0804193 1
0.760381 0.0810852 0
0.763789 0.0847333 0
0.77043 0.0919517 0
0.795426 0.107354 0
0.857146 0.0997872 0
0.796371 0.110519 0
0.767829 0.0933178 0
0.772351 0.0946721 0
0.766742 0.0936249 0
0.850553 0.109573 0
0.852201 0.109557 0
0.853377 0.107843 0
0.856748 0.106506 0
0.859039 0.105142 0
0.861246 0.102522 0
0.859898 0.104819 0
0.86061 0.105154 0
0.866902 0.0984593 1
0.846456 0.122571 0
0.756909 0.110908 0
0.741323 0.0955168 0
0.735479 0.092902 0
0.733594 0.0953076 0
0.730182 0.094792 0
0.726785 0.0942906 0
0.723088 0.0952778 0
0.720121 0.0971957 0
0.717799 0.0968654 1
0.717799 0.0968669 0
0.717795 0.0968498 0
0.717402 0.0974952 0
0.718082 0.0990053 0
0.705109 0.131166 0
0.406715 0.282848 0
0.382788 0.290844 0
0.297982 0.157447 0
0.285164 0.146246 0
0.286322 0.1467 1
0.28704 0.145742 0
0.278781 0.161535 0
0.111297 0.168401 0
0.108213 0.167627 1
0.235852 0.20004 0
0.360754 0.252121 1
0.283797 0.141015 0
0.276647 0.149455 0
0.389186 0.285447 0
0.374386 0.301594 1
0.374753 0.301391 0
0.417976 0.320133 0
0.0404694 0.247099 0
0.0670278 0.239311 1
0.0645031 0.247762 0
0.0207371 0.223809 1
0.0195175 0.221684 0
0.0225437 0.220574 0
0.0188847 0.217439 0
0.0261816 0.217356 0
0.0964719 0.195279 0
0.102234 0.202878 1
0.102908 0.201617 0
0.219234 0.199855 0
0.209604 0.183925 0
0.210719 0.180983 0
0.215037 0.181991 0
0.251204 0.164975 0
0.208763 0.183921 0
0.209735 0.181087 1
0.219055 0.178432 0
0.0502903 0.207492 0
0.0630083 0.206913 0
0.0578938 0.206885 0
0.053803 0.208648 0
0.052016 0.211776 1
0.0520439 0.207169 0
0.0732129 0.183984 0
0.215561 0.184951 0
0.0527345 0.399746 0
0.0476991 0.362931 0
0.046725 0.361288 0
0.0479484 0.364331 0
0.049924 0.367156 1
0.04268 0.384573 0
0.0327175 0.411325 0
0.0432638 0.435087 0
0.0420367 0.459605 1
0.0414687 0.476126 0
0.0376783 0.496679 1
0 0.514759 0
0.731841 0.443079 1
0.735516 0.452352 0
0.738009 0.460485 0
0.741224 0.472031 0
0.740941 0.487248 1
0.739069 0.486814 0
0.735706 0.486028 0
0.735897 0.488046 0
0.733509 0.488481 0
0.735027 0.491503 0
0.734268 0.49252 1
0.733323 0.498566 0
0.731798 0.502199 0
0.730059 0.506792 0
0.728956 0.51007 0
0.726938 0.512684 0
0.726603 0.516045 0
0.723161 0.521184 0
0.718307 0.522734 0
0.716118 0.527011 0
0.711384 0.527971 0
0.694003 0.538693 0
0.691587 0.540339 1
0.694453 0.540682 0
0.691372 0.541815 0
0.696385 0.542877 0
0.693499 0.54469 0
0.692816 0.545338 0
0.691335 0.545796 0
0.701368 0.549587 0
0.713198 0.555118 0
0.706944 0.554544 0
0.717707 0.56001 0
0.716519 0.562048 0
0.716202 0.56405 0
0.710875 0.566084 0
0.687927 0.589094 1
0.723349 0.574668 0
0.71109 0.578008 0
0.708935 0.575674 0
0.698674 0.593205 0
0.704433 0.590159 0
0.710473 0.590278 0
0.698748 0.578725 0
0.700789 0.603113 0
0.723846 0.59148 0
0.768108 0.627644 0
0.744419 0.612391 0
0.742134 0.611702 0
0.750587 0.62422 0
0.74989 0.635403 0
0.736977 0.622802 0
0.731548 0.619576 0
0.717066 0.615919 0
0.721441 0.615683 1
0.725204 0.618393 0
0.685501 0.664508 0
0.643504 0.648491 0
0.640181 0.640209 0
0.633443 0.637899 0
0.63543 0.625861 0
0.637003 0.618022 0
0.637632 0.612219 0
0.639478 0.608996 0
0.630714 0.612839 0
0.617133 0.613129 0
0.673679 0.572168 0
0.686183 0.56591 0
0.685893 0.568043 0
0.728302 0.621083 0
0.72972 0.635455 0
0.579612 0.613844 0
0.611459 0.598088 0
0.59528 0.598186 0
0.679547 0.568228 1
0.592909 0.602817 0
0.619777 0.582294 0
0.596597 0.5885 0
0.584493 0.590813 0
0.645721 0.564876 0
0.628824 0.566778 0
0.607379 0.571217 0
0.639485 0.555611 0
0.635963 0.550568 0
0.642662 0.544254 0
0.650198 0.538143 0
0.648688 0.535283 0
0.651828 0.53076 0
0.656981 0.526443 0
0.657001 0.523207 0
0.675685 0.51276 1
0.645524 0.513015 0
0.668507 0.386684 0
0.676831 0.393499 0
0.677566 0.393 0
0.677568 0.392993 0
0.677568 0.392993 0
0.677568 0.392993 0
0.677568 0.392993 1
0.675515 0.391095 0
0.670596 0.395774 0
0.667921 0.398775 0
0.667257 0.403562 0
0.66264 0.400123 0
0.659138 0.405245 0
0.65605 0.405972 0
0.652858 0.405513 0
0.648531 0.404988 0
0.643421 0.400784 0
0.65126 0.423405 0
0.637643 0.400755 0
0.637001 0.405918 0
0.626711 0.402112 0
0.646726 0.358576 0
0.703038 0.389505 0
0.707879 0.386547 0
0.632214 0.435981 0
0.629092 0.442611 0
0.626767 0.431565 0
0.621817 0.429015 0
0.621658 0.433998 0
0.619102 0.436009 0
0.618178 0.439528 1
0.610784 0.436235 0
0.578684 0.425813 0
0.572705 0.420461 0
0.564657 0.421871 0
0.556121 0.427841 0
0.551603 0.421389 0
0.547717 0.433887 0
0.538756 0.441208 0
0.53245 0.432471 0
0.528607 0.434102 0
0.523291 0.43858 0
0.519887 0.437335 0
0.514409 0.436144 0
0.510919 0.443124 0
0.508269 0.444627 0
0.500631 0.442857 0
0.495787 0.46219 0
0.49489 0.446497 0
0.491004 0.455576 0
0.489167 0.450949 1
0.486112 0.450501 0
0.479919 0.452406 0
0.474647 0.45206 0
0.468855 0.45259 0
0.462615 0.454784 0
0.458602 0.457856 0
0.460244 0.455949 0
0.441018 0.46956 0
0.253369 0.322026 0
0.245409 0.320225 0
0.246133 0.319836 0
0.2458 0.319019 0
0.245694 0.318024 0
0.244885 0.317125 0
0.24427 0.316172 0
0.243466 0.314754 0
0.242045 0.313564 0
0.2417 0.313178 0
0.240958 0.312354 0
0.239862 0.31122 0
0.239027 0.310474 0
0.238663 0.309516 0
0.23793 0.308768 0
0.237127 0.308352 1
0.237127 0.308352 0
0.237125 0.308349 0
0.237114 0.308342 0
0.237122 0.308347 0
0.237121 0.308325 0
0.236825 0.308141 0
0.236761 0.308106 0
0.236569 0.308099 0
0.236185 0.307277 0
0.232332 0.315164 0
0.225843 0.231184 0
0.222934 0.236681 0
0.212935 0.19994 0
0.20578 0.199098 0
0.203954 0.199193 0
0.206514 0.200876 0
0.208317 0.207025 0
0.234652 0.151991 0
0.393078 0.136445 0
0.393963 0.112302 0
0.394602 0.110553 0
0.395042 0.109662 0
0.394964 0.110216 0
0.394667 0.109919 0
0.39493 0.109707 0
0.395108 0.109511 1
0.401618 0.109768 0
0.410891 0.10911 0
0.42518 0.109341 0
0.433953 0.103712 0
0.450302 0.102979 0
0.470569 0.0945154 0
0.482733 0.0919443 0
0.494382 0.0893745 0
0.501233 0.0865392 0
0.512348 0.0786788 1
0.512489 0.0785338 0
0.512269 0.0793193 0
0.506605 0.0760126 0
0.738069 0 0
0.710608 0.0338017 0
0.717579 0.0361714 0
0.717006 0.0372417 0
0.717212 0.0375044 0
0.71725 0.0375153 0
0.717248 0.0375172 0
0.717248 0.0375174 0
0.717248 0.0375174 0
0.717248 0.0375174 0
0.717248 0.0375174 0
0.717248 0.0375174 0
0.717248 0.0375174 0
0.717248 0.0375174 0
0.717248 0.0375174 1
0.719176 0.0338406 0
0.721188 0.0257346 0
0.708366 0.0171331 0
0.710308 0.00952232 0
0.737337 0.0104058 0
0.751615 0.00670772 0
0.771415 0.00494154 0
0.779047 0.00603211 0
0.781328 0.00571009 0
0.798488 0.0124764 0
0.801618 0.0144441 0
0.816737 0.0249443 0
0.821194 0.0268611 0
0.825435 0.032415 1
0.803293 0.00693918 0
0.835046 0.0344328 0
0.83638 0.0357508 0
0.839771 0.0357031 0
0.842636 0.0380607 0
0.844962 0.0391262 0
0.849073 0.0420924 0
0.850027 0.0417074 0
0.852871 0.0446012 0
0.855429 0.0451339 0
0.856825 0.0484602 0
0.864413 0.0560149 0
0.871886 0.0687867 0
0.873559 0.0807027 0
0.874441 0.0846349 0
0.874861 0.084832 1
0.875845 0.0842855 0
0.877351 0.0831898 0
0.877987 0.0828317 0
0.878473 0.0825657 0
0.879119 0.0819958 0
0.879468 0.0820883 0
0.880516 0.0814957 0
0.882136 0.080521 0
0.883045 0.0802321 0
0.884244 0.0796887 0
0.885141 0.0792438 0
0.886063 0.0789375 0
0.885905 0.0795451 0
0.88708 0.0786463 0
0.88733 0.0785164 0
0.887313 0.0786937 0
0.887315 0.0784564 0
0.887545 0.0781506 0
0.888175 0.0782665 0
0.889063 0.0779363 0
0.888642 0.0784333 0
0.887934 0.0785757 0
0.888155 0.078622 0
0.889021 0.0782104 0
0.88957 0.0780243 0
0.890305 0.0773859 0
0.89065 0.077242 0
0.890789 0.0773688 0
0.891103 0.0772489 0
0.89113 0.0772644 0
0.891009 0.0773978 0
0.890926 0.0775077 0
0.891868 0.0768201 0
0.891763 0.0768837 0
0.892131 0.0764893 0
0.892115 0.0766085 0
0.892426 0.0765551 0
0.892683 0.0765482 0
0.892725 0.076582 0
0.892616 0.0766526 0
0.892587 0.0767027 0
0.892579 0.0766569 0
0.892848 0.0767513 0
0.89286 0.0770489 0
0.892814 0.0768901 0
0.893364 0.0761382 0
0.894024 0.0760051 0
0.902964 0.0766294 0
0.901206 0.0760079 0
0.90144 0.0758647 0
0.900044 0.0754508 0
0.897504 0.0764027 0
0.896203 0.0766635 0
0.895037 0.0766212 1
0.895056 0.076601 0
0.895699 0.0770703 0
0.896519 0.077266 0
0.89623 0.0774386 0
0.895894 0.0774057 0
0.896216 0.077642 0
0.897146 0.0741587 0
0.924762 0.0829057 0
0.94459 0.0902531 0
0.973171 0.109672 0
0.948946 0.093239 0
0.956391 0.101821 0
1 0.150368 0
0.800078 0.286174 0
0.829746 0.290356 0
0.826785 0.29623 0
0.826859 0.296201 0
0.826796 0.296581 0
0.826896 0.296769 0
0.826811 0.297116 0
0.82687 0.297419 0
0.826855 0.297598 0
0.827007 0.297368 0
0.826864 0.297605 1
0.824975 0.298002 0
0.823219 0.298914 0
0.821873 0.300286 0
0.806378 0.310661 0
0.766753 0.313338 0
0.750772 0.318925 0
0.740213 0.325766 0
0.738495 0.327403 0
0.736576 0.328688 0
0.736076 0.330103 1
0.736076 0.330101 0
0.73608 0.330065 0
0.736001 0.329831 0
0.735701 0.329896 0
0.735431 0.329609 0
0.735683 0.329368 0
0.73567 0.329575 0
0.735558 0.329211 0
0.735576 0.328587 0
0.736838 0.326744 0
0.741907 0.322126 0
0.757067 0.307962 0
0.578348 0.150171 0
0.577115 0.163977 0
0.580992 0.164353 0
0.580973 0.166372 0
0.582239 0.164085 0
0.581943 0.166389 0
0.58271 0.166991 0
0.579638 0.167151 0
0.593452 0.187094 0
0.303945 0.2164 0
0.282412 0.256733 0
0.942094 0.200561 0
0.288057 0.252738 0
0.294679 0.223451 0
0.29257 0.225148 0
0.292168 0.225451 0
0.292209 0.225487 0
0.292206 0.22548 0
0.292205 0.22548 0
0.292205 0.22548 0
0.292205 0.22548 0
0.292205 0.22548 1
0.29219 0.22562 0
0.292319 0.225839 0
0.292552 0.225498 0
0.292035 0.22542 0
0.292274 0.225549 0
0.292422 0.2256 0
0.29271 0.226412 0
0.293742 0.223846 0
0.28623 0.241677 0
0.205767 0.159978 0
0.204883 0.165709 0
0.205069 0.165403 0
0.205102 0.165425 0
0.205099 0.165428 1
0.205118 0.165156 0
0.205202 0.165134 0
0.205201 0.165267 0
0.205208 0.165253 0
0.205184 0.165271 0
0.205176 0.165276 0
0.205201 0.165383 0
0.20353 0.164838 0
0.206328 0.224964 0
0.208097 0.224501 0
0.208383 0.224371 0
0.20842 0.224368 0
0.208423 0.224363 0
0.208423 0.224363 0
0.208423 0.224363 0
0.208423 0.224363 0
0.208423 0.224363 0
0.208423 0.224363 0
0.208423 0.224363 0
0.208423 0.224363 0
0.208423 0.224363 0
0.208423 0.224363 0
0.208423 0.224363 0
0.208423 0.224363 0
0.208423 0.224363 0
0.208423 0.224363 0
0.208423 0.224363 0
0.208423 0.224363 1
0.208438 0.224293 0
0.208554 0.224132 0
0.208715 0.223992 0
0.208762 0.223573 0
0.208796 0.223344 0
0.209777 0.223682 0
0.20387 0.223647 0
0.181783 0.149472 0
0.26857 0.243636 0
0.268801 0.245443 0
0.269279 0.245789 0
0.269265 0.245872 0
0.269054 0.245694 0
0.268219 0.245555 0
0.267463 0.245352 0
0.266767 0.244491 0
0.267359 0.244769 0
0.267612 0.244928 0
0.267408 0.244892 0
0.267251 0.244929 0
0.266876 0.244332 0
0.265559 0.24338 0
0.264958 0.242998 0
0.264848 0.242877 1
0.264895 0.242363 0
0.265111 0.241708 0
0.264938 0.241351 0
0.268151 0.242641 0
0.272609 0.251888 0
0.274843 0.264621 0
0.27457 0.266988 0
0.276459 0.269958 0
0.276283 0.272794 0
0.27612 0.275977 0
0.277843 0.279308 0
0.274548 0.289112 0
0.275528 0.290814 0
0.273614 0.293186 0
0.273022 0.294347 0
0.273176 0.295687 0
0.27301 0.297222 0
0.271964 0.298451 0
0.271305 0.299786 0
0.271176 0.300116 0
0.270862 0.300818 0
0.270546 0.301389 1
0.270779 0.301554 0
0.270706 0.301941 0
0.271295 0.302843 0
0.274314 0.310995 0
0.264049 0.215311 0
0.224107 0.210629 0
0.226459 0.211718 0
0.228786 0.208859 0
0.231726 0.206997 0
0.188367 0.175651 0
0.188771 0.17846 0
0.154661 0.186888 0
0.156324 0.180926 0
0.155112 0.18071 0
0.154499 0.181188 0
0.156799 0.171717 0
0.259011 0.198314 0
0.260412 0.211186 0
0.258869 0.210377 0
0.257028 0.2115 0
0.256433 0.212444 0
0.256179 0.212715 0
0.254989 0.213201 0
0.254475 0.213904 0
0.253205 0.214471 0
0.25245 0.214485 0
0.251166 0.215381 0
0.25089 0.21522 0
0.250468 0.21596 0
0.249171 0.21686 0
0.248558 0.217085 0
0.24823 0.217368 1
0.247253 0.217433 0
0.245696 0.216705 0
0.244881 0.218258 0
0.24257 0.218218 0
0.243444 0.219664 0
0.240853 0.220433 0
0.237749 0.222208 0
0.234585 0.22552 0
0.234667 0.226947 0
0.234753 0.228496 0
0.235153 0.229045 0
0.235418 0.229845 0
0.235624 0.230446 0
0.23594 0.230728 1
0.236397 0.230645 0
0.236992 0.230503 0
0.237655 0.230522 0
0.238072 0.230349 0
0.238463 0.230604 0
0.238774 0.231082 0
0.239405 0.231042 0
0.239924 0.231792 0
0.240105 0.232515 0
0.243317 0.231381 0
0.242896 0.232243 0
0.241543 0.233001 0
0.243151 0.23278 0
0.242247 0.23323 1
