0.457861 0.138416 0
0.49152 0.141103 0
0.45045 0.133728 0
0.460633 0.130897 0
0.463478 0.128743 0
0.520554 0.132268 0
0.517544 0.128566 0
0.490439 0.121241 0
0.463271 0.114695 0
0.426827 0.108688 0
0.397698 0.105333 0
0.378873 0.102152 0
0.35961 0.0984924 0
0.363594 0.0987541 0
0.360713 0.100589 0
0.340511 0.0993089 0
0.35014 0.099763 0
0.347465 0.099982 0
0.33774 0.098388 0
0.332033 0.095867 0
0.32479 0.0931667 0
0.304184 0.0886035 0
0.281463 0.0824293 0
0.258247 0.0781435 0
0.254569 0.0770905 1
0.262617 0.0769912 0
0.264324 0.0766414 0
0.245589 0.0743894 0
0.250824 0.0758722 0
0.25579 0.0814927 0
0.248644 0.0849717 0
0.237117 0.0897827 0
0.222973 0.0932899 0
0.216619 0.0994822 0
0.244259 0.11062 0
0.270414 0.115218 0
0.254431 0.111282 0
0.248524 0.108209 0
0.24927 0.103852 0
0.224392 0.0965968 0
0.198707 0.087963 0
0.184109 0.0800258 0
0.170809 0.0770468 0
0.184744 0.0780876 0
0.194378 0.077277 0
0.202271 0.0759141 0
0.201108 0.0726155 0
0.21796 0.0707254 0
0.238593 0.0682151 0
0.244258 0.0617748 0
0.225407 0.0536774 0
0.205481 0.04732 0
0.204112 0.0456106 0
0.247648 0.0499902 0
0.272298 0.0533774 0
0.302422 0.0604169 0
0.347621 0.0656543 0
0.360803 0.0749047 0
0.366967 0.0882977 0
0.367732 0.100577 0
0.374756 0.112113 0
0.383681 0.124549 0
0.362921 0.134484 1
0.338426 0.132841 0
0.323223 0.132706 0
0.339856 0.137256 0
0.331903 0.139939 0
0.305407 0.140623 0
0.300057 0.142132 0
0.276431 0.144047 0
0.28479 0.147386 0
0.292868 0.1512 0
0.300731 0.154536 0
0.344258 0.166415 0
0.365769 0.171308 0
0.377614 0.174951 0
0.396823 0.180813 0
0.411811 0.196853 0
0.337312 0.190384 1
0.413177 0.187948 0
0.425578 0.192391 0
0.440915 0.197447 0
0.449073 0.19821 0
0.455203 0.198023 0
0.437214 0.194766 0
0.406871 0.189764 0
0.396613 0.186464 0
0.347773 0.183372 0
0.316147 0.179248 0
0.300324 0.177917 0
0.291079 0.174966 0
0.279407 0.172216 0
0.270968 0.170196 0
0.257477 0.16557 0
0.251754 0.159779 0
0.239091 0.157168 0
0.229813 0.151619 0
0.242436 0.153258 0
0.257758 0.155924 0
0.259252 0.159595 0
0.265352 0.162586 0
0.308396 0.159685 0
0.325425 0.159052 0
0.349789 0.161148 0
0.347139 0.158499 0
0.333753 0.154772 0
0.327511 0.152543 0
0.319368 0.148962 0
0.307779 0.144574 0
0.299934 0.136222 0
0.296392 0.128823 0
0.278312 0.123119 0
0.265053 0.11857 1
0.222748 0.109861 0
0.237199 0.108074 0
0.184208 0.0996727 0
0.25583 0.0961183 1
0.456021 0.102254 0
0.587206 0.10582 1
0.583748 0.104826 0
0.554705 0.0989893 0
0.504263 0.0941012 0
0.5088 0.0926686 0
0.52806 0.0918768 0
0.54914 0.0865823 0
0.557562 0.0801109 0
0.549211 0.0729404 0
0.553833 0.0722396 0
0.590806 0.0796221 1
0.571641 0.0775103 0
0.570303 0.0797437 0
0.582986 0.0858646 0
0.590814 0.0897866 0
0.584595 0.0908721 0
0.583126 0.0911007 1
0.629657 0.0966768 0
0.64466 0.0992911 0
0.59084 0.0955867 0
0.432368 0.0798658 0
0.294126 0.0719122 0
0.261146 0.0706279 0
0.25708 0.071433 0
0.256383 0.070681 1
0.264053 0.0778204 0
0.275755 0.087632 0
0.321504 0.100363 0
0.328547 0.105253 0
0.34083 0.109317 0
0.322918 0.106635 0
0.307612 0.103102 0
0.286773 0.0989006 0
0.265722 0.0908958 0
0.231977 0.0809449 0
0.222451 0.0742375 0
0.231752 0.0704311 0
0.255831 0.0653709 0
0.281835 0.0605118 0
0.301987 0.0565891 0
0.300615 0.0486506 0
0.324017 0.0436266 0
0.340985 0.0372508 1
0.368457 0.0337429 0
0.389225 0.0299791 0
0.407573 0.0285831 0
0.397131 0.0277773 0
0.356496 0.0281044 0
0.37937 0.0369306 0
0.407983 0.0487847 0
0.423059 0.0526923 0
0.409275 0.0578041 0
0.458689 0.0709126 0
0.46875 0.0849272 0
0.474077 0.0977236 0
0.480735 0.106801 0
0.493394 0.114136 0
0.500888 0.119028 0
0.505555 0.122032 0
0.501081 0.125871 0
0.491774 0.129295 0
0.471323 0.130169 0
0.466829 0.133933 0
0.467712 0.139006 0
0.477877 0.146211 0
0.486625 0.155925 0
0.454317 0.159175 0
0.409247 0.158612 0
0.367754 0.158699 0
0.347604 0.158875 0
0.325869 0.157898 0
0.286765 0.155318 0
0.244688 0.149736 0
0.242956 0.148015 0
0.256924 0.150518 0
0.277139 0.154152 0
0.283801 0.156779 1
0.290808 0.160312 0
0.318102 0.164038 0
0.338433 0.166824 0
0.359928 0.173097 0
0.372992 0.176818 0
0.391288 0.181961 0
0.401517 0.186371 0
0.403585 0.188483 0
0.385478 0.186219 0
0.363661 0.183824 0
0.348664 0.181637 0
0.341427 0.179684 0
0.330126 0.177299 0
0.321833 0.174495 0
0.315273 0.171826 0
0.298643 0.168658 0
0.285442 0.167652 0
0.272472 0.164018 0
0.256372 0.15719 0
0.277851 0.151903 0
0.257945 0.144825 0
0.279549 0.144834 0
0.306118 0.144851 0
0.280717 0.138069 0
0.292053 0.138248 0
0.279831 0.142925 0
0.2634 0.153273 0
0.255845 0.166723 0
0.25796 0.175396 0
0.255582 0.182417 0
0.21651 0.182481 0
0.160229 0.181234 0
0.123964 0.179633 0
0.119639 0.176168 0
0.111257 0.172573 0
0.0961771 0.169711 0
0.0803309 0.16914 0
0.0727907 0.169823 0
0.0911753 0.171341 0
0.106374 0.17168 0
0.10906 0.169685 0
0.118588 0.166896 0
0.168962 0.16913 0
0.207794 0.165 0
0.263725 0.151626 0
0.258951 0.142689 0
0.245576 0.136699 0
0.23218 0.137478 0
0.269014 0.134959 0
0.297149 0.138353 0
0.339583 0.149317 0
0.362384 0.158638 0
0.357512 0.16285 0
0.340341 0.165471 0
0.336606 0.168242 0
0.33279 0.167659 0
0.326494 0.155796 0
0.344271 0.157634 0
0.343978 0.158529 0
0.34467 0.160681 0
0.341338 0.161622 0
0.318593 0.161441 0
0.272845 0.159934 0
0.280015 0.156259 0
0.293623 0.156004 0
0.269057 0.152761 0
0.218433 0.1471 0
0.181147 0.145038 0
0.16374 0.146526 0
0.161777 0.146322 0
0.156545 0.144593 0
0.177227 0.139333 0
0.173211 0.139681 0
0.16874 0.147236 0
0.179637 0.148171 0
0.17928 0.149699 0
0.16894 0.151541 0
0.171089 0.152626 0
0.159039 0.156818 0
0.146879 0.159059 0
0.150955 0.159527 0
0.155435 0.159034 0
0.148487 0.165056 0
0.163852 0.168516 0
0.184373 0.166383 0
0.225062 0.166295 0
0.151876 0.17393 0
0.18946 0.170044 0
0.192078 0.168886 0
0.211363 0.168267 0
0.218736 0.168156 0
0.235749 0.173061 0
0.249581 0.180546 0
0.260905 0.18591 0
0.262453 0.189134 0
0.256338 0.190438 0
0.302014 0.197011 0
0.340649 0.201964 0
0.318927 0.205394 0
0.274581 0.202589 0
0.26941 0.203342 0
0.269283 0.203758 0
0.248163 0.202731 0
0.245155 0.202442 1
0.288826 0.199499 0
0.295933 0.197893 0
0.309573 0.196735 0
0.307232 0.196579 0
0.290676 0.199928 0
0.301845 0.202377 0
0.285023 0.206534 0
0.265149 0.204957 0
0.262675 0.201215 0
0.267415 0.201105 0
0.254478 0.195608 0
0.256129 0.187401 0
0.259515 0.183707 0
0.271728 0.179862 0
0.2553 0.172388 0
0.281707 0.172886 0
0.30348 0.171623 0
0.318199 0.171904 0
0.359131 0.167404 0
0.344807 0.158174 0
0.321289 0.147047 0
0.317569 0.140362 0
0.286997 0.139026 0
0.285253 0.139162 0
0.36442 0.143979 0
0.367998 0.146131 1
0.324317 0.152253 0
0.312532 0.159239 0
0.308182 0.160785 0
0.291117 0.161448 0
0.298698 0.168431 0
0.30028 0.178352 0
0.293624 0.178397 0
0.289229 0.173194 0
0.295449 0.168723 0
0.262523 0.166619 0
0.252188 0.164518 0
0.22318 0.163314 0
0.235255 0.160839 0
0.207506 0.160543 0
0.225037 0.162214 0
0.237889 0.166908 0
0.256725 0.166396 0
0.245102 0.16345 0
0.216689 0.163313 0
0.188848 0.164689 0
0.199635 0.164127 0
0.268149 0.166694 0
0.319202 0.174408 0
0.349625 0.177676 0
0.35683 0.177701 0
0.345412 0.178381 0
0.332958 0.179959 0
0.320171 0.178921 0
0.293711 0.172588 0
0.284052 0.165315 0
0.288307 0.160473 0
0.295233 0.158868 0
0.287753 0.156262 0
0.297528 0.151796 0
0.265244 0.147955 0
0.243755 0.146988 1
0.218454 0.144402 0
0.241271 0.144744 1
0.434585 0.152759 0
0.569154 0.161979 1
0.564102 0.162467 0
0.567461 0.159668 0
0.542793 0.156169 0
0.56598 0.156142 0
0.505144 0.148631 0
0.518244 0.14932 0
0.573377 0.149427 0
0.577821 0.153569 1
0.702398 0.153096 0
0.704882 0.165296 0
0.815227 0.169074 0
0.85275 0.178112 0
0.886318 0.179413 0
0.723542 0.183538 0
1 0.170622 0
0.838077 0.15862 0
0.643513 0.145217 0
0.575216 0.13649 1
0.514221 0.138278 0
0.399906 0.131566 0
0.325827 0.139553 0
0.244019 0.136763 1
0.266952 0.136952 0
0.211183 0.138549 0
0.263339 0.135529 0
0.268658 0.130506 0
0.283308 0.137928 0
0.257812 0.14752 1
0.268805 0.144605 0
0.243385 0.152372 0
0.218476 0.153748 0
0.191271 0.152261 0
0.192774 0.157342 0
0.177188 0.159292 0
0.184161 0.161344 0
0.20423 0.163778 0
0.239792 0.165825 0
0.188387 0.172653 0
0.231028 0.171941 0
0.251625 0.170658 0
0.282621 0.171158 0
0.317098 0.171498 0
0.343423 0.170961 0
0.390905 0.171703 0
0.431177 0.190661 0
0.46497 0.191306 0
0.482324 0.190036 0
0.489444 0.198954 0
0.452537 0.198531 0
0.393107 0.189007 0
0.357446 0.185214 0
0.334069 0.184545 0
0.320616 0.185918 0
0.303318 0.188963 0
0.282371 0.191 0
0.272682 0.190619 0
0.25624 0.190879 0
0.244137 0.188488 0
0.225244 0.18441 0
0.20735 0.182306 0
0.209031 0.176877 0
0.192244 0.172107 0
0.188489 0.168594 0
0.176861 0.164783 0
0.171915 0.161929 0
0.175502 0.157715 0
0.171173 0.156007 0
0.180329 0.153896 0
0.189852 0.152048 0
0.210777 0.149242 0
0.24361 0.144881 0
0.258895 0.139861 0
0.2673 0.134167 0
0.278194 0.129876 0
0.288602 0.124774 0
0.278444 0.119324 0
0.280796 0.115363 0
0.27732 0.11161 0
0.289203 0.109037 0
0.290928 0.109626 0
0.291652 0.107403 0
0.292981 0.107217 0
0.276809 0.103625 0
0.269412 0.099616 0
0.257226 0.0946028 0
0.251836 0.0941917 0
0.265228 0.0965111 0
0.275821 0.100878 1
0.259322 0.0964185 0
0.262025 0.0929378 0
0.259771 0.0898717 0
0.258181 0.0880378 0
0.270357 0.0864584 0
0.293899 0.0849132 0
0.327533 0.0851945 0
0.340595 0.0844239 0
0.42211 0.0871709 0
0.578483 0.100564 0
0.647919 0.108341 0
0.655372 0.112836 0
0.652544 0.113842 0
0.681247 0.116596 0
0.703471 0.11967 0
0.71222 0.119449 0
0.70788 0.117923 0
0.673564 0.115879 0
0.645548 0.115119 0
0.591648 0.11046 1
0.597587 0.116578 0
0.599352 0.118729 0
0.590584 0.12018 0
0.574761 0.120034 0
0.552896 0.119822 0
0.554089 0.121471 0
0.558621 0.12448 0
0.548731 0.127823 0
0.564032 0.133801 0
0.574044 0.13804 1
0.412141 0.129166 0
0.245239 0.123369 1
0.233118 0.131813 0
0.251036 0.13602 1
0.247087 0.138836 0
0.243123 0.145073 0
0.240084 0.145772 0
0.238055 0.144247 0
0.256448 0.144109 0
0.265316 0.141785 0
0.258944 0.13739 0
0.26409 0.133809 0
0.270601 0.126187 0
0.287405 0.12346 0
0.284039 0.118165 0
0.265088 0.113244 0
0.274721 0.109401 0
0.296914 0.107817 0
0.305642 0.107339 0
0.355288 0.113042 0
0.442571 0.123166 0
0.472404 0.128828 0
0.476343 0.133265 0
0.499031 0.137095 0
0.495172 0.14045 0
0.458837 0.145101 0
0.42744 0.150204 0
0.397666 0.152929 0
0.362667 0.149346 0
0.350692 0.149268 0
0.348464 0.151059 0
0.358103 0.153878 0
0.303118 0.156805 0
0.283002 0.15853 0
0.280568 0.158488 0
0.28809 0.155994 0
0.279485 0.152678 0
0.264899 0.148963 0
0.257974 0.146249 0
0.253962 0.142523 0
0.250918 0.138814 0
0.233712 0.134206 0
0.228994 0.131843 0
0.216434 0.127968 0
0.208504 0.12298 0
0.191599 0.121855 0
0.190831 0.122037 0
0.194233 0.12062 0
0.180813 0.114082 0
0.182665 0.109037 0
0.171771 0.105392 0
0.155772 0.10015 0
0.169252 0.0979661 0
0.189018 0.0967973 0
0.197931 0.0956285 0
0.196395 0.0925166 0
0.19464 0.0843153 0
0.202966 0.0757413 0
0.207721 0.0723216 0
0.207858 0.070561 0
0.217128 0.0684956 0
0.236671 0.0685856 0
0.264136 0.0663674 0
0.29491 0.0640139 0
0.308169 0.0606359 0
0.305672 0.0602086 0
0.307186 0.0613885 0
0.30268 0.0618044 1
0.315271 0.0693435 0
0.335578 0.0795007 0
0.369701 0.0897691 0
0.360091 0.0888638 0
0.324424 0.0825865 0
0.307856 0.0787894 0
0.225371 0.0642072 0
0.207688 0.056963 0
0.220578 0.056308 0
0.217501 0.056336 0
0.225067 0.0554517 0
0.24021 0.0530525 0
0.255379 0.0497586 0
0.270255 0.0447493 1
0.256737 0.0387216 0
0.256619 0.0361902 0
0.261323 0.0402488 0
0.325199 0.0438452 0
0.345208 0.0457351 0
0.507737 0.0573952 0
0.565433 0.0644031 0
0.559398 0.068422 0
0.531245 0.0662049 0
0.541995 0.0682511 0
0.614934 0.0762562 0
0.594788 0.0811743 1
0.613748 0.0882216 0
0.628589 0.0946074 0
0.634285 0.0942491 0
0.641102 0.0963068 0
0.661543 0.0988272 0
0.671392 0.105971 0
0.642841 0.114064 0
0.63066 0.11929 0
0.620627 0.124726 0
0.617344 0.126042 0
0.618471 0.123283 0
0.594167 0.126229 0
0.57521 0.133678 0
0.552294 0.137657 0
0.5822 0.147791 0
0.584451 0.154749 1
0.581785 0.15947 0
0.591377 0.166954 0
0.573652 0.173609 0
0.461283 0.174179 0
0.311072 0.171305 0
0.304534 0.17659 0
0.29282 0.182536 0
0.284067 0.187835 0
0.292102 0.196232 0
0.317242 0.201872 0
0.305981 0.201919 0
0.275161 0.199775 1
0.248606 0.196619 0
0.263966 0.196902 0
0.251892 0.194523 0
0.242446 0.19349 0
0.209629 0.189188 0
0.183926 0.185897 0
0.216651 0.184916 0
0.228156 0.184595 0
0.259983 0.186366 0
0.254296 0.185058 0
0.298747 0.186336 0
0.358003 0.191126 0
0.391538 0.193056 0
0.426768 0.196217 0
0.462406 0.199633 0
0.473894 0.200328 0
0.479787 0.200632 0
0.505594 0.203448 0
0.506897 0.206283 0
0.516487 0.208764 0
0.526187 0.20873 0
0.524814 0.209373 0
0.548592 0.209801 0
0.5413 0.20998 0
0.561654 0.209949 0
0.558934 0.208924 0
0.520296 0.208086 0
0.510382 0.206686 0
0.509704 0.206084 0
0.544975 0.206868 0
0.575788 0.206116 0
0.554985 0.20501 0
0.529669 0.203002 0
0.525894 0.201815 0
0.499043 0.197502 0
0.484497 0.19426 0
0.436917 0.188545 0
0.403448 0.182631 0
0.366533 0.180147 0
0.357865 0.176182 0
0.357802 0.166433 0
0.406982 0.162977 0
0.394095 0.157596 0
0.40611 0.156285 0
0.319476 0.151028 0
0.305639 0.150177 0
0.306104 0.148789 0
0.338154 0.145959 0
0.344375 0.144246 0
0.318201 0.139766 0
0.282041 0.131644 0
0.270682 0.120886 0
0.277471 0.113732 0
0.26059 0.108277 1
0.244784 0.104539 0
0.201784 0.0972111 0
0.194067 0.0933686 0
0.223223 0.0910125 0
0.26679 0.0950953 0
0.249945 0.0885161 1
0.423044 0.103555 0
0.576705 0.109075 1
0.63173 0.119162 0
0.64822 0.125739 0
0.60974 0.122495 0
0.608389 0.117592 0
0.597552 0.118853 0
0.59831 0.118735 0
0.572819 0.117721 0
0.58179 0.120098 1
0.584544 0.123829 0
0.540945 0.12696 0
0.560604 0.134472 0
0.56882 0.143587 0
0.567165 0.153878 0
0.572686 0.166028 1
0.579579 0.168975 0
0.568559 0.173734 1
0.43331 0.166453 0
0.239128 0.152609 1
0.224756 0.154723 0
0.220905 0.155568 0
0.227071 0.161529 0
0.251156 0.170227 1
0.254054 0.177628 0
0.244983 0.17652 0
0.247889 0.173367 0
0.239641 0.170436 0
0.231189 0.167579 0
0.238475 0.163922 0
0.218656 0.160338 0
0.217534 0.159268 0
0.231515 0.159564 0
0.210685 0.155317 0
0.265873 0.151796 0
0.351974 0.144366 0
0.413207 0.133928 0
0.435792 0.125024 0
0.487711 0.121726 0
0.535678 0.119208 0
0.556029 0.119489 0
0.520832 0.120429 0
0.540457 0.124844 0
0.55899 0.130304 0
0.548311 0.136894 0
0.531933 0.141237 0
0.505686 0.144664 0
0.477723 0.147851 0
0.44769 0.147957 0
0.438622 0.147767 0
0.427458 0.148104 0
0.418129 0.149631 0
0.39475 0.145817 0
0.379531 0.145016 0
0.336605 0.14417 0
0.350103 0.143238 0
0.327391 0.145643 0
0.293401 0.143765 0
0.283376 0.142579 0
0.271751 0.141708 0
0.251925 0.143709 0
0.24775 0.149065 0
0.240624 0.148984 0
0.243612 0.149894 0
0.240779 0.150889 0
0.243681 0.153619 0
0.259814 0.160835 0
0.265629 0.169381 0
0.242361 0.171339 0
0.235528 0.171765 0
0.218391 0.172611 0
0.215021 0.174088 0
0.167622 0.175366 0
0.056085 0.171447 0
0.0550773 0.173175 0
0.129022 0.176747 0
0.129197 0.17308 0
0.0816487 0.165601 0
0.105685 0.155601 0
0.123916 0.142331 0
0.148693 0.134682 0
0.149057 0.121602 0
0.185484 0.111325 0
0.154586 0.101016 0
0.199719 0.0989095 0
0.121131 0.08618 0
0 0.0835028 0
0.0713788 0.0871474 0
0.195442 0.0905528 0
0.250069 0.0939464 1
0.29778 0.0912856 0
0.340133 0.0902199 0
0.334377 0.0933324 0
0.285311 0.0868135 0
0.256585 0.0836813 0
0.24875 0.0797191 1
0.425713 0.09062 0
0.577231 0.100743 1
0.508648 0.10146 0
0.473813 0.0952694 0
0.469657 0.0885151 0
0.426396 0.0805407 0
0.346411 0.0769245 0
0.250968 0.0730558 1
0.255583 0.0678094 0
0.223984 0.0682681 0
0.1632 0.0670093 0
0.199658 0.0726493 0
0.156116 0.080307 0
0.171617 0.0914594 0
0.159762 0.100527 0
0.169913 0.106116 0
0.190991 0.111781 0
0.237124 0.124146 0
0.23919 0.138162 0
0.254738 0.149098 0
0.214208 0.154137 0
0.223892 0.160233 0
0.250152 0.160234 0
0.24053 0.158461 0
0.278322 0.1664 0
0.294577 0.169865 0
0.2817 0.174969 0
0.277859 0.182032 0
0.298455 0.184406 0
0.32473 0.183267 0
0.345197 0.181225 0
0.351488 0.175393 0
0.347703 0.17035 0
0.350782 0.160282 1
0.342789 0.151938 0
0.336389 0.143211 0
0.355772 0.138407 0
0.375933 0.134747 0
0.412901 0.138 0
0.444896 0.142774 0
0.488713 0.146983 0
0.505023 0.152825 0
0.468725 0.164796 0
0.431302 0.170415 0
0.412333 0.164752 0
0.413444 0.161181 0
0.381449 0.155748 0
0.379268 0.151238 0
0.324369 0.146472 0
0.323238 0.146599 0
0.354395 0.146479 0
0.332685 0.145527 0
0.306272 0.145123 0
0.286003 0.145046 0
0.256233 0.144418 0
0.258776 0.143993 0
0.267007 0.145554 0
0.276314 0.146518 0
0.272083 0.14752 0
0.262211 0.147166 0
0.256204 0.145583 0
0.257111 0.143899 0
0.2566 0.141916 0
0.250715 0.140034 0
0.243662 0.136625 0
0.236429 0.132342 0
0.224476 0.126244 0
0.217766 0.120307 0
0.21393 0.114244 0
0.198382 0.106027 0
0.194926 0.0979554 0
0.209404 0.101233 0
0.231846 0.106858 0
0.246519 0.110931 0
0.271561 0.113857 0
0.301715 0.115629 0
0.354032 0.11945 0
0.358518 0.11732 0
0.34994 0.114349 0
0.352254 0.117228 0
0.32633 0.116064 0
0.329815 0.115558 0
0.338912 0.113891 0
0.338134 0.112515 0
0.33146 0.112826 0
0.323961 0.11154 0
0.311914 0.108211 0
0.308606 0.106216 0
0.288629 0.101271 0
0.300024 0.0980922 0
0.295498 0.0945477 0
0.291197 0.0932031 0
0.281374 0.0903367 0
0.271691 0.0877163 0
0.280235 0.086923 0
0.266392 0.0855727 0
0.258152 0.0857248 0
0.252221 0.0892999 1
0.232269 0.0893149 0
0.22348 0.0904251 0
0.219869 0.0906076 0
0.209031 0.093002 0
0.199732 0.0974534 0
0.192173 0.101846 0
0.207144 0.110709 0
0.226403 0.124175 0
0.237297 0.133229 0
0.239038 0.138901 0
0.231079 0.143367 0
0.244102 0.148985 0
0.261324 0.155808 0
0.271143 0.162752 0
0.278881 0.167179 0
0.276679 0.167247 0
0.283151 0.166064 0
0.287438 0.163319 0
0.283238 0.161482 0
0.271653 0.159307 0
0.257841 0.154859 0
0.255037 0.154777 0
0.272665 0.155944 0
0.300295 0.156695 0
0.319552 0.154258 0
0.344342 0.148747 0
0.378997 0.143575 0
0.396135 0.138015 0
0.408293 0.131251 0
0.418792 0.12414 0
0.43091 0.120587 0
0.453462 0.122159 0
0.481321 0.126402 0
0.48969 0.131179 0
0.517199 0.133694 0
0.508478 0.136961 0
0.495063 0.140773 0
0.48835 0.144302 0
0.473102 0.149169 0
0.461215 0.152407 0
0.448768 0.1528 0
0.436776 0.152851 0
0.429534 0.151813 0
0.418775 0.148615 0
0.399551 0.148287 0
0.381617 0.146186 0
0.371618 0.144998 0
0.351928 0.14598 1
0.326562 0.145441 0
0.312931 0.14481 0
0.295382 0.144981 0
0.287233 0.145003 0
0.267846 0.145486 0
0.272925 0.146728 0
0.26418 0.148409 0
0.261558 0.147556 0
0.266055 0.147235 0
0.265088 0.151106 0
0.264793 0.155852 0
0.259579 0.158515 0
0.264014 0.16205 0
0.250951 0.163527 0
0.269962 0.168578 0
0.291987 0.172527 0
0.293668 0.17324 0
0.295447 0.172648 0
0.31766 0.175252 0
0.322684 0.17944 0
0.325247 0.183975 0
0.358339 0.18551 0
0.373869 0.187803 0
0.376691 0.191933 0
0.376733 0.195332 0
0.368433 0.195123 0
0.384504 0.196032 0
0.363166 0.195271 0
0.342547 0.194088 0
0.335748 0.192627 0
0.315591 0.186283 0
0.294861 0.18022 0
0.257692 0.187183 0
0.252557 0.175424 1
0.252763 0.170817 0
0.258167 0.161882 0
0.259051 0.155225 0
0.251477 0.151295 1
0.283688 0.157041 0
0.372314 0.16701 0
0.494992 0.176644 0
0.552317 0.181932 0
0.575799 0.183204 0
0.580481 0.181669 1
0.573778 0.178828 0
0.572078 0.17764 0
0.569919 0.17794 0
0.562444 0.176347 0
0.561942 0.174785 0
0.554439 0.17506 0
0.571955 0.177681 0
0.586968 0.181036 1
0.581161 0.179327 0
0.612971 0.182205 0
0.615237 0.181838 0
0.608224 0.182727 0
0.585656 0.18156 0
0.590033 0.189469 0
0.597096 0.19694 0
0.58267 0.192347 1
0.552743 0.190392 0
0.495313 0.188313 0
0.353845 0.183849 0
0.2838 0.183066 0
0.270806 0.185511 0
0.264315 0.189092 0
0.261084 0.191475 0
0.264542 0.195968 1
0.29075 0.207208 0
0.309525 0.213964 0
0.30305 0.214002 0
0.31481 0.21494 0
0.334251 0.214741 0
0.348109 0.213141 0
0.342048 0.210136 0
0.336558 0.208398 0
0.338385 0.207308 0
0.33754 0.201461 0
0.333558 0.200315 0
0.326186 0.197551 0
0.310964 0.191297 0
0.308924 0.186403 0
0.310348 0.182195 0
0.324658 0.177878 0
0.345301 0.174027 0
0.369513 0.17129 0
0.388725 0.170305 0
0.404862 0.16982 0
0.449373 0.173905 0
0.457766 0.171218 0
0.464791 0.170544 0
0.493744 0.170585 0
0.550332 0.174695 0
0.59759 0.182235 0
0.594485 0.184317 0
0.553778 0.178221 0
0.512758 0.167667 0
0.485513 0.158727 0
0.434529 0.145712 0
0.376692 0.139208 0
0.363142 0.138466 0
0.363397 0.135693 0
0.341942 0.131485 0
0.355028 0.12813 0
0.353796 0.124305 0
0.361075 0.114242 0
0.315431 0.103793 0
0.31196 0.0955866 0
0.308404 0.0893748 0
0.269043 0.0840129 0
0.240722 0.0793917 0
0.234623 0.065476 0
0.24353 0.0573385 0
0.234011 0.0545129 0
0.232699 0.0407649 0
0.247808 0.0327256 0
0.218772 0.0198334 0
0.191944 0.0141249 0
0.210088 0.00891437 0
0.204338 0.0014676 0
0.260468 0.0104819 0
0.302666 0.0110787 0
0.316972 0.00872661 0
0.356072 0.00400021 0
0.301151 0.00610437 0
0.275971 0.00737028 0
0.278733 0.0166631 0
0.257452 0.00864753 0
0.274351 0.00850581 0
0.265919 0.00768124 0
0.265523 0 0
0.278168 0.00795642 0
0.272394 0.0050756 0
0.297148 0.00757759 0
0.309116 0.0143674 0
0.296648 0.0107968 1
0.251407 0.00831566 0
0.242897 0.0150032 0
0.236718 0.0143302 0
0.230331 0.0195831 0
0.240069 0.0258119 0
0.212109 0.0169922 0
0.225963 0.0249143 0
0.240827 0.0317239 0
0.260575 0.0392646 0
0.24426 0.0354549 0
0.21503 0.0344388 0
0.215056 0.0358822 0
0.241947 0.047259 0
0.20269 0.0370476 0
0.229226 0.0451194 0
0.246149 0.0567714 0
0.253379 0.0616335 0
0.25871 0.0490727 1
0.278118 0.0525248 0
0.310557 0.0604781 0
0.399299 0.0691107 0
0.458764 0.0872641 0
0.551129 0.115007 0
0.578597 0.116846 1
0.612267 0.126286 0
0.576072 0.134672 1
0.410178 0.134391 0
0.247227 0.127991 1
0.223437 0.134078 0
0.253874 0.140118 0
0.318821 0.153087 0
0.26798 0.164866 0
0.30433 0.175204 0
0.333196 0.186046 0
0.333851 0.196346 0
0.296294 0.198098 0
0.302113 0.198621 0
0.302949 0.194191 0
0.294462 0.190112 0
0.260677 0.194173 0
0.256656 0.192816 0
0.339228 0.189876 0
0.351857 0.186932 0
0.359892 0.193816 0
0.386296 0.190575 0
0.421134 0.186261 0
0.428247 0.189112 0
0.461204 0.194006 0
0.461047 0.196553 0
0.451834 0.196756 0
0.443246 0.19979 0
0.462651 0.193624 0
0.458985 0.192701 0
0.476975 0.197619 0
0.458596 0.202082 0
0.466782 0.194317 0
0.466372 0.196142 0
0.427005 0.19751 0
0.457228 0.204558 0
0.436332 0.204621 0
0.416662 0.20643 0
0.416193 0.207517 0
0.423548 0.212124 0
0.400937 0.212214 0
0.373715 0.212051 0
0.362721 0.205443 0
0.371877 0.207408 0
0.34182 0.200418 0
0.314633 0.195672 0
0.329662 0.194441 0
0.292849 0.187478 0
0.238212 0.173948 0
0.218639 0.175981 0
0.280931 0.179893 0
0.259306 0.178073 0
0.338424 0.182786 0
0.298032 0.173713 0
0.331345 0.171711 0
0.2414 0.171862 0
0.394424 0.170659 0
0.322364 0.169541 0
0.364344 0.164813 0
0.377583 0.154096 0
0.348248 0.157121 0
0.332237 0.156648 0
0.339297 0.153379 0
0.363695 0.143997 0
0.443524 0.154644 0
0.428774 0.150765 0
0.459191 0.162617 0
0.470238 0.162742 0
0.470715 0.156845 0
0.463952 0.168177 0
0.41744 0.151819 0
0.389042 0.135385 0
0.391076 0.156689 0
0.339879 0.138093 0
0.321383 0.134906 0
0.298207 0.121096 0
0.261156 0.142011 1
0.207373 0.124751 0
0.279315 0.134163 0
0.286354 0.126521 0
