0.943208 0.110954 1
0.939027 0.12929 0
0.916311 0.157457 0
0.900578 0.174543 0
0.895161 0.182521 0
0.89174 0.200738 0
0.88558 0.212263 0
0.88103 0.219454 0
0.868678 0.234432 0
0.843206 0.254706 0
0.795477 0.293286 0
0.727639 0.334957 0
0.685982 0.358765 0
0.691552 0.347223 0
0.696025 0.352918 0
0.679152 0.375815 0
0.660654 0.40648 0
0.636703 0.436251 0
0.616778 0.46454 0
0.593003 0.483298 0
0.577281 0.491569 0
0.577809 0.493874 0
0.551145 0.512888 0
0.503513 0.546315 0
0.46736 0.574753 0
0.445714 0.599778 0
0.427511 0.613375 0
0.416104 0.599232 0
0.413032 0.565628 0
0.407437 0.541051 0
0.399261 0.528347 0
0.380367 0.525179 0
0.355196 0.513766 0
0.339167 0.505244 0
0.317264 0.505851 0
0.296172 0.489252 0
0.27098 0.463304 0
0.231846 0.435994 0
0.190965 0.394115 1
0.17098 0.371045 0
0.145244 0.357326 0
0.125055 0.336069 0
0.110471 0.301735 0
0.0957431 0.278354 0
0.0836312 0.248999 0
0.0749877 0.208836 0
0.0679038 0.187253 1
0.070132 0.179758 0
0.0703951 0.171436 0
0.0645236 0.171979 0
0.0577742 0.180281 0
0.0477996 0.187035 0
0.0381506 0.190799 0
0.0311711 0.182375 0
0.025266 0.163392 0
0.0250497 0.159284 0
0.0253154 0.183169 0
0.0220606 0.198825 0
0.0186806 0.192393 0
0.0165516 0.18695 0
0.0192027 0.177662 0
0.0221513 0.15823 0
0.018856 0.144767 0
0.0165717 0.133806 0
0.0206734 0.123241 0
0.0278653 0.109033 0
0.0371868 0.101215 1
0.045278 0.112991 0
0.0575137 0.111195 0
0.0681038 0.0985755 0
0.0854272 0.100813 0
0.106679 0.11719 0
0.133579 0.120315 0
0.168319 0.110594 0
0.207277 0.0965072 0
0.245575 0.0658457 0
0.274485 0.00407039 0
0.307823 0.0063442 0
0.339331 0 1
0.359371 0.00587239 0
0.37703 0.0250837 0
0.39227 0.0461126 0
0.412354 0.0569376 0
0.437798 0.0591194 0
0.454524 0.0719309 0
0.468344 0.0944141 0
0.504106 0.11419 0
0.541184 0.126933 0
0.561026 0.140574 0
0.589444 0.148838 0
0.627238 0.15838 0
0.652668 0.169569 0
0.670582 0.167946 0
0.698313 0.167939 0
0.733141 0.17674 0
0.757525 0.192002 0
0.763246 0.214134 0
0.770835 0.225382 0
0.786414 0.223635 0
0.790106 0.210296 0
0.797122 0.202351 0
0.811139 0.20062 0
0.815583 0.194527 1
0.813344 0.196839 0
0.816145 0.18723 0
0.821289 0.176722 0
0.837309 0.1661 0
0.859699 0.153334 0
0.87552 0.143678 0
0.883401 0.14318 0
0.885428 0.146389 0
0.895848 0.151511 0
0.910696 0.148879 0
0.917814 0.149981 0
0.909659 0.161988 0
0.893813 0.175882 0
0.883736 0.187196 0
0.87672 0.195478 0
0.866182 0.203169 0
0.846412 0.219648 0
0.814434 0.245913 0
0.781131 0.272197 0
0.756711 0.293423 0
0.73187 0.318375 0
0.705886 0.354116 0
0.683745 0.383602 0
0.672047 0.393674 0
0.658935 0.418115 0
0.635376 0.449307 0
0.599244 0.481684 0
0.551222 0.505257 0
0.514757 0.553431 0
0.492293 0.564 0
0.471725 0.576232 0
0.457485 0.583908 0
0.444016 0.591709 0
0.428938 0.593056 0
0.41049 0.58615 0
0.393407 0.585278 0
0.37783 0.58368 0
0.368195 0.570054 0
0.356053 0.556844 0
0.336857 0.550505 0
0.314004 0.538661 0
0.296883 0.517893 0
0.275008 0.497581 0
0.256972 0.479358 0
0.21558 0.442632 0
0.18586 0.413558 0
0.158002 0.39079 0
0.136225 0.368921 0
0.118216 0.338448 0
0.101661 0.312547 0
0.085629 0.287078 0
0.075406 0.249092 0
0.068536 0.216682 0
0.0608991 0.207318 0
0.055532 0.203129 0
0.0477742 0.197386 0
0.0417429 0.191133 0
0.032548 0.191045 0
0.0188938 0.195931 0
0.00437604 0.188975 0
0.00673562 0.162913 0
0.00801391 0.148637 0
0.000812278 0.159319 0
0 0.162582 0
0.000185395 0.155377 0
0.00282324 0.146737 0
0.00417004 0.139948 0
0.00316109 0.131237 0
0.00577484 0.109578 0
0.0149618 0.0868864 0
0.00880825 0.084389 0
0.00579419 0.0817644 1
0.0194184 0.0825991 0
0.0430133 0.0681336 0
0.059936 0.0600082 0
0.0710547 0.0623299 0
0.0808158 0.0739042 0
0.0981022 0.0796966 0
0.136804 0.0605236 0
0.178022 0.0406397 0
0.211324 0.031793 0
0.235303 0.0295743 0
0.264637 0.0222761 0
0.299219 0.0179281 0
0.327317 0.017298 0
0.347798 0.0192571 0
0.377301 0.0223888 0
0.40156 0.0439324 0
0.413004 0.0832471 0
0.430115 0.105585 0
0.463094 0.110967 0
0.496108 0.119473 0
0.529839 0.130545 0
0.549117 0.150042 0
0.580642 0.166262 0
0.635899 0.16853 0
0.679328 0.171813 0
0.698799 0.188043 1
0.701981 0.210677 0
0.726812 0.215953 0
0.744613 0.224643 0
0.762434 0.233496 0
0.777303 0.227817 0
0.784555 0.219526 0
0.785843 0.223399 0
0.796224 0.221819 0
0.81391 0.205624 0
0.827209 0.188141 0
0.839513 0.177119 0
0.855445 0.165172 0
0.877314 0.149794 0
0.917654 0.126009 0
0.923795 0.123038 0
0.939518 0.11908 0
0.961451 0.106331 0
0.984863 0.10084 1
0.997071 0.107082 0
1 0.112734 0
0.986556 0.123091 0
0.969814 0.140185 0
0.961448 0.142891 0
0.952908 0.160802 0
0.938228 0.177711 0
0.917097 0.191662 0
0.891352 0.209824 0
0.865357 0.227729 0
0.829721 0.258043 0
0.783945 0.3031 0
0.756881 0.345861 0
0.739324 0.378359 0
0.725378 0.400217 0
0.70222 0.434965 0
0.681956 0.472657 0
0.662001 0.507221 1
0.638215 0.518268 0
0.615319 0.530966 0
0.578382 0.551533 0
0.533637 0.581484 0
0.5077 0.597859 0
0.491129 0.605673 0
0.472476 0.602883 0
0.450887 0.604563 0
0.417299 0.622121 0
0.392403 0.630381 1
0.395103 0.622883 0
0.394007 0.615692 0
0.383767 0.617714 0
0.371927 0.627187 0
0.36316 0.640254 0
0.352305 0.653005 0
0.346113 0.65581 0
0.349364 0.650368 1
0.324844 0.622317 0
0.301197 0.602725 0
0.277725 0.586891 0
0.256284 0.578148 0
0.238718 0.568257 0
0.225708 0.551176 0
0.206524 0.542647 0
0.183552 0.544015 0
0.165872 0.536001 0
0.150214 0.519326 0
0.141608 0.503159 0
0.133934 0.491013 1
0.115728 0.458766 0
0.100823 0.421259 0
0.0863337 0.391082 0
0.0635338 0.373079 0
0.0551573 0.36192 0
0.0504053 0.346226 0
0.0437118 0.343375 0
0.0192898 0.34809 1
0.0227198 0.313136 0
0.0269089 0.281654 0
0.0251373 0.261626 0
0.030309 0.235741 0
0.0308368 0.220522 0
0.0233728 0.206992 0
0.017672 0.184906 0
0.0295566 0.15611 0
