0.941326 0.117567 1
0.941326 0.117567 0
0.941326 0.117567 0
0.941327 0.117567 0
0.941326 0.117569 0
0.941325 0.117557 0
0.941285 0.117757 0
0.940364 0.117557 0
0.937317 0.123616 0
0.915598 0.150021 0
0.860785 0.327882 0
0.769771 0.401921 0
0.77555 0.397979 0
0.777284 0.386782 0
0.772696 0.378452 0
0.768105 0.382271 0
0.727606 0.415298 0
0.695428 0.431915 0
0.664557 0.449806 0
0.623277 0.469905 0
0.595942 0.488225 0
0.576239 0.50603 0
0.555816 0.533542 0
0.506734 0.538442 0
0.461487 0.559204 0
0.44047 0.576879 0
0.437792 0.589655 0
0.424833 0.587222 0
0.429517 0.55652 0
0.419876 0.518718 0
0.407633 0.513717 0
0.401473 0.506784 0
0.378469 0.482419 0
0.365205 0.467623 0
0.344074 0.462472 0
0.320299 0.440586 0
0.309683 0.428939 0
0.272912 0.398026 0
0.234499 0.383633 1
0.229741 0.371853 0
0.21914 0.336816 0
0.216507 0.311526 0
0.207027 0.274354 0
0.186845 0.256341 0
0.163076 0.228977 0
0.138161 0.201484 0
0.118867 0.18926 1
0.11354 0.185025 0
0.106659 0.182642 0
0.100167 0.181737 0
0.0873374 0.183836 0
0.0783799 0.185784 0
0.0680353 0.189192 0
0.0448973 0.186228 0
0.0406859 0.186299 0
0.0494762 0.166088 0
0.02372 0.21053 0
0.0263173 0.232745 0
0.0114276 0.217054 0
0.0115467 0.206223 0
0.00806917 0.207732 0
0.00155687 0.20038 0
0.0110194 0.164686 0
0.0156599 0.149255 0
0.0660899 0.118916 0
0.077486 0.110339 0
0.0900046 0.108416 1
0.0993604 0.10968 0
0.106308 0.111622 0
0.127028 0.0976285 0
0.15956 0.0669387 0
0.172905 0.0692793 0
0.210351 0.0425422 0
0.23599 0.0361392 0
0.275177 0.0366631 0
0.305452 0.0248575 0
0.312976 0.0065915 0
0.344302 0.0192729 0
0.373907 0.0133117 1
0.392738 0.0188295 0
0.417126 0.0274569 0
0.437258 0.0379046 0
0.459126 0.0500849 0
0.486881 0.0584014 0
0.517311 0.0683678 0
0.52687 0.0982661 0
0.562315 0.107227 0
0.593488 0.107536 0
0.6097 0.10919 0
0.629896 0.130112 0
0.650673 0.132725 0
0.666398 0.153049 0
0.693735 0.164653 0
0.711216 0.174464 0
0.728746 0.191288 0
0.74238 0.189129 0
0.755871 0.198674 0
0.767406 0.210349 0
0.782503 0.208208 0
0.792221 0.203043 0
0.803721 0.197192 0
0.812392 0.200244 0
0.821407 0.196094 1
0.829409 0.198744 0
0.838194 0.197521 0
0.85448 0.19705 0
0.861738 0.187987 0
0.874711 0.184858 0
0.883932 0.181726 0
0.892413 0.179861 0
0.915099 0.184787 0
0.927113 0.184344 0
0.944641 0.17892 0
0.958299 0.171096 0
0.964755 0.164245 0
0.940838 0.170854 0
0.936292 0.170934 0
0.932576 0.178568 0
0.923349 0.188359 0
0.919297 0.201914 0
0.906415 0.216422 0
0.881411 0.288527 0
0.834798 0.347438 0
0.814389 0.380922 0
0.792483 0.402183 0
0.774865 0.418644 0
0.744458 0.426625 0
0.710986 0.437925 0
0.666971 0.449695 0
0.618841 0.465915 0
0.599765 0.488065 0
0.538742 0.513306 0
0.51125 0.533753 0
0.482489 0.541911 0
0.459884 0.561967 0
0.443831 0.574997 0
0.434377 0.575297 0
0.432589 0.561281 0
0.417389 0.567195 0
0.410082 0.547024 0
0.393798 0.526946 0
0.381743 0.508187 0
0.371583 0.506186 0
0.361616 0.483009 0
0.346042 0.465408 0
0.302447 0.426872 0
0.284826 0.38665 0
0.23686 0.387975 0
0.233317 0.385706 0
0.226492 0.368639 0
0.213565 0.368385 0
0.213915 0.319547 0
0.193024 0.267361 0
0.177543 0.251221 0
0.150585 0.224234 0
0.124124 0.193061 0
0.120045 0.201654 0
0.107242 0.194826 0
0.0959146 0.192412 0
0.0859268 0.190833 0
0.0802465 0.185294 0
0.0659709 0.187094 0
0.0509351 0.18753 0
0.0518778 0.183299 0
0.0525618 0.163217 0
0.0322225 0.172509 0
0.021378 0.170433 0
0.0190092 0.163507 0
0.0183583 0.151896 0
0.0258685 0.134768 0
0.0304376 0.122775 0
0.0408236 0.109521 0
0.0664713 0.095906 0
0.0612249 0.093779 0
0.0605073 0.0901397 1
0.0653224 0.0854054 0
0.100919 0.0540532 0
0.137532 0.028868 0
0.159593 0.0184387 0
0.176252 0.0128501 0
0.196929 0.00276923 0
0.219378 0.000881719 0
0.251147 0 0
0.258638 0.0159447 0
0.299372 0.015749 0
0.313912 0.0207895 0
0.346659 0.0301574 0
0.362619 0.0295653 0
0.409104 0.0314062 0
0.433438 0.0234036 0
0.45973 0.0365347 0
0.492145 0.0520272 0
0.510147 0.0717651 0
0.542286 0.0743689 0
0.560346 0.0963153 0
0.588224 0.109247 0
0.611702 0.126577 0
0.640787 0.139277 0
0.669848 0.156151 0
0.693378 0.174752 0
0.711673 0.190002 1
0.718201 0.201862 0
0.729381 0.20063 0
0.739142 0.213241 0
0.757482 0.208061 0
0.768788 0.205572 0
0.785663 0.208036 0
0.799287 0.20809 0
0.81855 0.213285 0
0.829155 0.210648 0
0.832331 0.199134 0
0.84153 0.196782 0
0.85287 0.193811 0
0.870951 0.198776 0
0.898434 0.205722 0
0.914467 0.204256 0
0.994054 0.101861 0
0.980778 0.107538 0
0.980467 0.108064 1
0.991938 0.105002 0
1 0.106154 0
0.995136 0.111195 0
0.989894 0.119462 0
0.989135 0.129232 0
0.998241 0.134556 0
0.991185 0.169069 0
0.978497 0.204553 0
0.960691 0.2261 0
0.93897 0.25504 0
0.908073 0.333265 0
0.818303 0.43541 0
0.790404 0.433274 0
0.757057 0.456342 0
0.736233 0.455844 0
0.712209 0.475801 0
0.694931 0.485062 0
0.677097 0.48991 1
0.654747 0.50029 0
0.633233 0.528303 0
0.598526 0.554126 0
0.561579 0.55969 0
0.543621 0.575076 0
0.516541 0.591152 0
0.494759 0.58831 0
0.471039 0.593062 0
0.447168 0.597873 0
0.423775 0.605635 1
0.422867 0.597614 0
0.412396 0.601722 0
0.409663 0.612616 0
0.404535 0.616395 0
0.396298 0.607281 0
0.391627 0.61277 0
0.386599 0.638485 0
0.383335 0.624415 1
0.366117 0.616641 0
0.338247 0.61522 0
0.327226 0.608353 0
0.306333 0.588442 0
0.289097 0.569597 0
0.267144 0.551849 0
0.257737 0.533535 0
0.237496 0.532487 0
0.220854 0.516953 0
0.205884 0.501284 0
0.195799 0.486093 0
0.180911 0.474681 1
0.164842 0.469008 0
0.134777 0.453405 0
0.122527 0.435232 0
0.105498 0.420085 0
0.0893685 0.412834 0
0.0737997 0.40117 0
0.0791122 0.358352 0
0.0731881 0.340386 1
0.0564593 0.338086 0
0.0489135 0.317803 0
0.0402163 0.309181 0
0.0303669 0.298187 0
0.0301943 0.293139 0
0.0270324 0.289334 0
0 0.25171 0
0.0828351 0.159997 0
