1 0 1
0.999467 0.00126504 0
0.998763 0.0067772 0
0.9983 0.0101 0
0.997186 0.0133621 0
0.995858 0.0176326 0
0.995855 0.02046 0
0.993517 0.0235096 0
0.994544 0.0301177 0
0.994745 0.032528 0
0.994547 0.0363258 0
0.99255 0.0395562 0
0.991972 0.0434803 0
0.994402 0.0477682 0
0.994862 0.0512485 0
0.992856 0.0541196 0
0.990494 0.0560802 0
0.989872 0.0592732 0
0.992399 0.0624973 0
0.992326 0.0649734 0
0.991469 0.0678218 0
0.989699 0.069975 0
0.988795 0.0713904 0
0.989124 0.0735676 0
0.989015 0.0740924 0
0.989787 0.0750274 0
0.990496 0.0781387 0
0.989212 0.0802343 0
0.990414 0.0830731 0
0.990196 0.0849503 0
0.989659 0.0853325 0
0.98901 0.0864611 0
0.98918 0.0880328 0
0.98809 0.0881708 0
0.989099 0.0910138 0
0.987484 0.0914556 0
0.988314 0.091994 0
0.987304 0.0942643 0
0.987147 0.0953882 0
0.987015 0.0959875 0
0.986378 0.0974361 0
0.985523 0.0978106 1
0.984933 0.0982483 0
0.984303 0.0981443 0
0.983599 0.0980637 0
0.982942 0.0975231 0
0.983058 0.0981088 0
0.981379 0.0977886 0
0.980066 0.0967459 0
0.981465 0.0983161 0
0.980145 0.0978064 0
0.9772 0.0974739 0
0.977695 0.0949495 0
0.972802 0.0988096 0
0.975622 0.0980117 0
0.973844 0.0961861 0
0.971485 0.0955973 0
0.970268 0.0953594 0
0.969024 0.0946796 0
0.966958 0.0939683 0
0.964711 0.093604 0
0.96239 0.0935448 0
0.959893 0.0919619 0
0.955762 0.0878119 0
0.953188 0.0867108 0
0.950973 0.0871068 0
0.950349 0.0887237 0
0.946785 0.0850859 0
0.945888 0.0853556 0
0.943608 0.0868258 0
0.934521 0.0772809 0
0.92993 0.0756093 0
0.926578 0.0753634 0
0.92142 0.073821 0
0.918723 0.0704446 0
0.895614 0.0585766 0
0.894704 0.0646371 0
0.886409 0.062169 0
0.882527 0.0628469 0
0.870959 0.0601001 0
0.863014 0.0601742 0
0.856637 0.0607368 0
0.850357 0.0626431 0
0.838507 0.0611848 0
0.83839 0.0680543 0
0.809675 0.0635329 0
0.808419 0.0722094 0
0.78581 0.0705284 0
0.787157 0.0798407 0
0.774275 0.0838175 0
0.773417 0.0883136 0
0.767505 0.0929746 0
0.767168 0.0962299 0
0.778644 0.0968491 0
0.761801 0.109065 0
0.759239 0.111889 0
0.756578 0.115444 0
0.760565 0.114322 0
0.755069 0.122953 0
0.753469 0.129991 0
0.757742 0.132824 0
0.759758 0.135149 0
0.762185 0.1375 0
0.763685 0.140814 0
0.766039 0.144335 0
0.768095 0.145767 0
0.77269 0.146977 0
0.772994 0.153307 0
0.779625 0.155573 0
0.78158 0.159416 0
0.783499 0.162874 1
0.784441 0.164965 0
0.785791 0.167503 0
0.787927 0.172533 0
0.789894 0.172633 0
0.794054 0.176034 0
0.795962 0.181505 0
0.798437 0.186335 0
0.804428 0.189517 0
0.807308 0.191727 0
0.811495 0.195638 0
0.83952 0.217497 0
0.839782 0.225988 0
0.838299 0.233439 0
0.8514 0.243372 0
0.854329 0.251447 0
0.855099 0.258802 0
0.857989 0.263041 1
0.884115 0.295526 1
0.885091 0.299168 0
0.887448 0.303438 0
0.890207 0.305779 0
0.891009 0.309494 0
0.895699 0.312593 0
0.892927 0.319656 0
0.894083 0.323506 0
0.895771 0.326805 0
0.902511 0.329556 0
0.904475 0.333993 0
0.906341 0.338355 0
0.90919 0.345297 0
0.911629 0.350293 0
0.91399 0.353849 0
0.91678 0.357115 0
0.919985 0.364579 0
0.91781 0.36379 0
0.965515 0.36907 1
0.967001 0.372176 0
0.962193 0.377149 0
0.959964 0.380519 0
0.96021 0.385668 0
0.96088 0.388709 0
0.961868 0.393556 0
0.965224 0.396184 0
0.967322 0.400789 0
0.970047 0.400903 0
0.931492 0.411356 1
0.931119 0.41519 0
0.931964 0.420683 0
0.932763 0.424935 0
0.933191 0.429917 0
0.93575 0.433333 0
0.936 0.437822 0
0.934815 0.443257 0
0.936616 0.443727 0
0.984681 0.442307 0
0.978956 0.448654 0
0.978695 0.452747 0
0.982767 0.45496 0
0.98855 0.459081 0
0.980159 0.46642 0
0.980239 0.47017 0
0.979818 0.477039 0
0.980039 0.481684 0
0.978828 0.486536 1
0.965414 0.515597 0
0.972356 0.518629 0
0.972263 0.519824 0
0.969909 0.521455 0
0.971039 0.526389 1
0.969709 0.529066 0
0.966856 0.530482 0
0.966993 0.533594 0
0.966649 0.536954 0
0.956956 0.534062 0
0.95848 0.539102 0
0.96249 0.546929 0
0.947787 0.541929 0
0.944346 0.544908 0
0.945531 0.551574 0
0.944419 0.560199 0
0.938282 0.562279 1
0.914951 0.579117 1
0.90927 0.5811 0
0.906121 0.586234 0
0.901485 0.589574 0
0.893257 0.589935 0
0.893387 0.599244 0
0.884855 0.597211 0
0.880665 0.600568 0
0.882542 0.609927 0
0.875896 0.607692 0
0.872175 0.610052 0
0.871515 0.617224 0
0.867715 0.618081 0
0.866011 0.622932 0
0.863546 0.630182 1
0.860633 0.634175 0
0.854963 0.633668 0
0.854278 0.641616 0
0.851269 0.643018 0
0.84599 0.650422 0
0.842502 0.650689 0
0.840632 0.657224 0
0.836767 0.659054 0
0.832757 0.665089 0
0.827388 0.667234 0
0.822972 0.671406 0
0.817519 0.676392 0
0.812384 0.681703 0
0.810363 0.687062 0
0.80527 0.69225 0
0.799018 0.695307 0
0.794764 0.702251 1
0.790321 0.706322 0
0.786101 0.710038 0
0.782045 0.713847 0
0.778706 0.718587 0
0.775344 0.725887 0
0.770319 0.727386 0
0.765496 0.727809 0
0.763731 0.733541 0
0.757731 0.735281 0
0.752452 0.737253 0
0.74911 0.743949 0
0.745764 0.747709 0
0.741682 0.747855 0
0.731532 0.746503 0
0.72779 0.750788 0
0.72482 0.757119 0
0.718522 0.760082 0
0.713847 0.762064 0
0.70767 0.763754 0
0.702564 0.766579 1
0.698166 0.766988 0
0.689973 0.772335 0
0.68419 0.77789 0
0.679306 0.780262 0
0.673811 0.782976 0
0.667914 0.785531 0
0.661858 0.784652 0
0.656209 0.786814 0
0.65039 0.787733 0
0.644539 0.785552 0
0.639309 0.787746 0
0.633294 0.785834 1
0.49036 0.670441 1
0.487417 0.668731 0
0.47899 0.663451 0
0.477127 0.65912 0
0.472572 0.654685 0
0.465692 0.650414 0
0.463624 0.646744 0
0.458275 0.643616 0
0.455885 0.641706 0
0.456016 0.640957 0
0.448083 0.62698 0
0.446013 0.622978 0
0.439482 0.624314 0
0.440199 0.6135 0
0.438702 0.614027 0
0.435511 0.60503 0
0.431107 0.605636 0
0.430826 0.597166 0
0.429645 0.590025 0
0.426967 0.583889 1
0.474471 0.46257 1
0.479586 0.456523 0
0.485553 0.452199 0
0.490219 0.446857 0
0.496929 0.445248 0
0.497205 0.438117 0
0.507505 0.437537 0
0.514082 0.433638 0
0.517114 0.42646 1
0.522899 0.426289 0
0.528257 0.426985 0
0.534722 0.427979 0
0.54279 0.426896 0
0.54928 0.422918 0
0.559911 0.417691 0
0.571244 0.408451 1
0.578592 0.40811 0
0.587153 0.413448 0
0.592742 0.420803 0
0.596483 0.428 0
0.603429 0.429321 0
0.609375 0.432884 0
0.608174 0.440999 0
0.613553 0.444973 0
0.618741 0.448207 0
0.620349 0.455074 0
0.626994 0.459084 0
0.634438 0.46475 0
0.635757 0.472838 0
0.65654 0.484413 0
0.662712 0.495283 0
0.667032 0.503292 0
0.680288 0.525475 0
0.684685 0.533693 0
0.685147 0.546963 0
0.686944 0.55508 0
0.683408 0.562659 0
0.68334 0.571048 0
0.682282 0.575366 0
0.682673 0.579423 0
0.68242 0.584507 1
0.681834 0.592082 0
0.681015 0.603854 0
0.679572 0.613592 0
0.674922 0.619407 0
0.67278 0.627131 0
0.670196 0.636412 0
0.668159 0.642357 0
0.665579 0.652677 0
0.661263 0.657475 0
0.659264 0.664366 0
0.657557 0.671698 0
0.655257 0.678989 0
0.652063 0.68568 0
0.648772 0.691811 0
0.646115 0.695358 0
0.642197 0.701062 0
0.638658 0.702556 0
0.631854 0.709408 0
0.63075 0.711094 0
0.62385 0.719078 0
0.62209 0.720559 0
0.616782 0.726018 1
0.615023 0.728099 0
0.612286 0.729619 0
0.610219 0.731376 0
0.60612 0.733015 0
0.602784 0.735787 0
0.601061 0.738008 0
0.594627 0.742551 0
0.585213 0.749169 0
0.57249 0.756798 0
0.557494 0.765739 0
0.561173 0.763882 0
0.56233 0.766294 0
0.555757 0.769996 0
0.542939 0.776642 0
0.542559 0.777171 1
0.535925 0.776763 0
0.417705 0.722495 1
0.411383 0.719002 0
0.407612 0.716608 0
0.40083 0.708083 0
0.392098 0.697707 0
0.389221 0.696998 0
0.381006 0.686439 0
0.37727 0.682497 0
0.371469 0.675922 0
0.37043 0.667509 0
0.364156 0.667205 0
0.363259 0.661975 0
0.36083 0.655854 0
0.361628 0.651194 0
0.356426 0.647916 0
0.357832 0.636531 0
0.354502 0.631394 0
0.351698 0.624593 0
0.345814 0.618314 0
0.345192 0.610387 0
0.341767 0.607104 0
0.341804 0.6019 0
0.341841 0.596568 0
0.339341 0.590057 0
0.336624 0.584216 1
0.552985 0.292606 1
0.558388 0.292514 0
0.564821 0.293194 0
0.567742 0.294994 0
0.576362 0.294728 0
0.577782 0.298602 0
0.580008 0.303002 0
0.584808 0.305125 0
0.59596 0.304142 0
0.598586 0.308797 0
0.604059 0.313574 0
0.606053 0.319556 0
0.616536 0.325122 0
0.623044 0.327312 0
0.62668 0.337075 0
0.636172 0.347304 0
0.641009 0.359854 0
0.644347 0.365489 0
0.648223 0.371268 0
0.652308 0.382113 1
0.65733 0.394855 0
0.659569 0.402923 0
0.664037 0.422607 0
0.667552 0.429021 0
0.670289 0.439238 0
0.667087 0.452727 0
0.675175 0.461541 0
0.670853 0.476889 0
0.676236 0.491898 0
0.661339 0.512438 0
0.650394 0.536362 0
0.64584 0.544305 0
0.64349 0.552031 0
0.63963 0.55712 1
0.63324 0.561933 0
0.623954 0.571223 0
0.624934 0.578521 0
0.619947 0.586543 0
0.614901 0.594008 0
0.609874 0.598881 0
0.604771 0.602717 0
0.598118 0.604482 0
0.588611 0.606429 0
0.583681 0.611667 0
0.574954 0.614426 0
0.570765 0.619963 0
0.568331 0.623345 0
0.566855 0.631503 0
0.562303 0.637872 0
0.562467 0.645322 0
0.563201 0.651699 0
0.564263 0.656524 1
0.526969 0.708288 0
0.523201 0.71497 0
0.521957 0.715603 0
0.521232 0.717452 0
0.52009 0.718959 0
0.520005 0.719332 0
0.519263 0.720682 0
0.518761 0.721339 1
0.519069 0.724109 0
0.517894 0.726463 0
0.516561 0.72905 0
0.514593 0.731591 0
0.510738 0.733644 0
0.506812 0.737592 0
0.50378 0.740616 0
0.500075 0.744271 0
0.497986 0.748871 0
0.491498 0.755416 0
0.464881 0.768264 0
0.462738 0.777817 0
0.451501 0.780115 0
0.451709 0.782527 0
0.446207 0.784039 0
0.440548 0.785088 0
0.43449 0.785861 0
0.429086 0.786396 1
0.425314 0.800201 0
0.407363 0.83403 0
0.403037 0.82423 0
0.403901 0.829783 0
0.395829 0.829022 0
0.390634 0.831678 0
0.380807 0.829146 0
0.374849 0.825082 1
0.355897 0.780355 0
0.354759 0.784354 0
0.351285 0.785865 0
0.347736 0.782596 0
0.339849 0.782262 0
0.329542 0.778897 0
0.325012 0.774061 1
0.329352 0.770234 0
0.318421 0.771047 0
0.311579 0.769235 0
0.306203 0.767367 0
0.301076 0.766382 0
0.292871 0.76529 0
0.291683 0.758644 0
0.278729 0.759658 0
0.277463 0.754458 0
0.274903 0.751539 0
0.283036 0.739742 0
0.284518 0.731856 0
0.284688 0.726803 0
0.278525 0.725377 0
0.266356 0.726078 0
0.279653 0.713748 0
0.275092 0.708583 0
0.27511 0.700804 0
0.264834 0.698839 0
0.254596 0.691734 0
0.244104 0.687534 0
0.220581 0.685175 0
0.222625 0.674453 0
0.221935 0.665486 0
0.223629 0.657051 0
0.227874 0.64775 0
0.232767 0.639187 0
0.238915 0.630396 0
0.246206 0.620404 0
0.25493 0.614193 0
0.260126 0.605527 1
0.380356 0.376118 1
0.385185 0.37223 0
0.391374 0.369177 0
0.391975 0.363482 0
0.39904 0.362522 0
0.400466 0.358183 0
0.405151 0.355133 0
0.40889 0.352616 0
0.410931 0.343764 0
0.415628 0.342478 0
0.420593 0.336476 0
0.425525 0.32797 0
0.432578 0.326089 0
0.43958 0.32557 0
0.448791 0.323995 0
0.456753 0.325412 0
0.464398 0.327184 0
0.471184 0.328769 0
0.475128 0.332807 0
0.48054 0.334534 0
0.484812 0.335597 0
0.490287 0.338114 0
0.49551 0.338358 0
0.498983 0.341978 0
0.503391 0.344867 1
0.511449 0.350267 0
0.518156 0.355024 0
0.520749 0.360001 0
0.530294 0.364797 0
0.535611 0.369951 1
0.607041 0.465593 0
0.607022 0.4636 0
0.604814 0.468992 0
0.609393 0.470011 0
0.610679 0.474611 0
0.612477 0.478439 0
0.617023 0.481715 0
0.617168 0.486467 0
0.616861 0.492348 0
0.618597 0.49833 0
0.618877 0.504759 1
0.617542 0.507915 0
0.612703 0.51104 0
0.604912 0.51691 0
0.595221 0.52192 0
0.59065 0.52351 0
0.585012 0.525757 0
0.583557 0.529306 0
0.579766 0.530549 0
0.576459 0.532911 0
0.573215 0.534627 0
0.570863 0.539557 0
0.567586 0.54133 0
0.564705 0.545075 0
0.560497 0.547873 0
0.554104 0.550654 0
0.548967 0.554753 0
0.540515 0.561335 0
0.534129 0.56402 0
0.528047 0.565635 0
0.522191 0.566653 1
0.519412 0.564793 0
0.514161 0.563811 0
0.511112 0.559572 0
0.508905 0.556884 0
0.507541 0.551906 0
0.503455 0.551412 0
0.501129 0.548394 0
0.500043 0.545018 0
0.496496 0.544171 0
0.495306 0.539707 0
0.4922 0.5394 0
0.493259 0.54022 0
0.4318 0.517135 0
0.425636 0.517182 0
0.424902 0.517933 0
0.424842 0.517859 0
0.42483 0.517855 0
0.424829 0.517854 0
0.424829 0.517854 1
0.421667 0.516472 0
0.419551 0.514729 0
0.417716 0.514867 0
0.415288 0.512653 0
0.411635 0.510921 0
0.409849 0.509732 0
0.404639 0.505989 0
0.399389 0.504301 0
0.39562 0.502603 0
0.393054 0.500923 0
0.389602 0.499703 0
0.382074 0.497931 0
0.377792 0.494495 0
0.371167 0.493653 0
0.369225 0.493291 0
0.366773 0.490517 0
0.313658 0.487691 0
0.310787 0.483816 0
0.30882 0.483547 0
0.30735 0.483821 0
0.306692 0.48375 0
0.304979 0.483628 0
0.303775 0.483335 0
0.303184 0.483119 0
0.303196 0.483099 0
0.303195 0.483102 1
0.299578 0.481474 0
0.295655 0.479845 0
0.291157 0.477958 0
0.293495 0.461098 0
0.294875 0.453738 0
0.292415 0.447354 0
0.289132 0.440245 0
0.285487 0.43477 0
0.277139 0.43187 0
0.281031 0.421086 0
0.277327 0.413773 0
0.276385 0.410892 0
0.274237 0.404535 0
0.279499 0.395766 0
0.277171 0.392899 0
0.279854 0.385547 0
0.277673 0.380918 0
0.281832 0.38069 0
0.284538 0.371232 1
0.283284 0.366886 0
0.282774 0.362628 0
0.280777 0.356503 0
0.278943 0.350608 0
0.280842 0.345934 0
0.277441 0.340407 0
0.274974 0.335092 0
0.273884 0.330426 0
0.269632 0.327388 0
0.271279 0.321943 0
0.268316 0.316202 0
0.266841 0.310003 0
0.265352 0.305782 0
0.259738 0.29928 0
0.249274 0.299009 0
0.227035 0.302491 0
0.178914 0.327012 0
0.159878 0.338293 0
0.155815 0.337792 0
0.144229 0.343377 0
0.135644 0.346422 0
0.13423 0.34464 0
0.132364 0.344551 0
0.128926 0.348115 0
0.121433 0.350516 0
0.107652 0.356723 0
0.0963554 0.36676 0
0.0893396 0.370671 0
0.0829932 0.371116 0
0.0705809 0.376502 0
0.0529519 0.373996 0
0.0501637 0.376608 0
0.05493 0.373613 0
0.0533501 0.370095 0
0.044321 0.370331 0
0.0380035 0.369266 0
0.0364071 0.359773 0
0.0323353 0.356837 0
0.029308 0.352457 0
0.0292394 0.352829 0
0.0309242 0.350191 0
0.0339109 0.347613 0
0.0319625 0.345143 0
0.038737 0.340386 0
0.035166 0.338805 0
0.0276597 0.33492 0
0.0300321 0.331734 0
0.0286552 0.331138 0
0.0285392 0.330044 0
0.0289312 0.327039 0
0.0293051 0.325261 0
0.0296463 0.32595 0
0.0279542 0.326144 0
0.0224302 0.325369 0
0.0210283 0.324969 0
0.0222904 0.323622 0
0.024272 0.322516 0
0.0243751 0.320582 0
0.023957 0.320208 1
0.0239558 0.320208 0
0.0239541 0.320204 0
0.0239497 0.32017 0
0.0237902 0.320154 0
0.0244813 0.31961 0
0.0247818 0.316721 0
0.0242267 0.317113 0
0.0229155 0.316465 0
0.0230179 0.317082 0
0.0238493 0.316489 0
0.0238115 0.315523 0
0.0233367 0.315649 0
0.0195671 0.313927 0
0.0199902 0.315837 0
0.0208283 0.316347 0
0.0218113 0.317611 0
0.0226004 0.319115 0
0.0213142 0.313918 0
0.0111277 0.309838 0
0.0054314 0.310919 0
0.0107825 0.315266 0
0.0145843 0.315745 0
0.0145051 0.317086 0
0.0173105 0.318488 0
0.0216063 0.319919 0
0.0191804 0.31779 0
0.0153222 0.309076 0
0.00827659 0.302153 0
0 0.301611 0
0.0311056 0.309401 0
0.0397915 0.310187 0
0.0451232 0.305157 0
0.0476805 0.305336 0
0.0498314 0.299799 0
0.0524323 0.294139 0
0.056252 0.288474 0
0.0565119 0.283696 0
0.0600624 0.275543 0
0.0671849 0.26147 0
0.0712026 0.255854 0
0.0741009 0.254498 0
0.07726 0.250229 0
0.0800646 0.254535 0
0.0947008 0.242019 0
0.0952137 0.239854 0
0.108798 0.216801 0
0.122899 0.202445 0
0.136077 0.192482 0
0.149911 0.174611 0
0.161493 0.165753 0
0.173862 0.161118 0
0.186799 0.163301 0
0.203112 0.152614 0
0.212461 0.152229 0
0.220018 0.148093 0
0.231829 0.147058 0
0.250157 0.14248 0
0.261253 0.141023 0
0.275273 0.133068 0
0.281858 0.129873 0
0.292139 0.126479 0
0.313253 0.116876 0
0.33646 0.106261 0
0.342773 0.108273 0
0.446162 0.0825748 0
0.493574 0.0959833 0
0.487002 0.0977987 0
0.447106 0.0853832 0
0.45955 0.0877209 0
0.453556 0.0855104 0
0.448067 0.0836288 0
0.443793 0.0821988 0
0.441423 0.08416 0
0.447752 0.0859739 0
0.452939 0.088534 0
0.455392 0.0837178 0
0.467166 0.0861916 0
0.497746 0.0857948 0
0.489537 0.0901594 0
0.487024 0.0904431 0
0.490446 0.0895356 0
0.492786 0.0891285 0
0.48358 0.0877751 0
0.456483 0.0804437 0
0.459775 0.0776783 0
0.474982 0.0868155 0
0.460813 0.0781357 0
0.46083 0.0742804 0
0.466206 0.073609 0
0.471783 0.0744384 0
0.474308 0.0745202 0
0.473784 0.0748177 0
0.469907 0.072986 0
0.472187 0.0718932 0
0.470729 0.0694826 0
0.474375 0.068371 0
0.473398 0.0697593 0
0.474672 0.0675616 0
0.474927 0.0676324 0
0.47004 0.0676401 0
0.467297 0.0658392 0
0.466193 0.0655845 0
0.465577 0.0659573 0
0.468825 0.0691472 0
0.469004 0.0701261 0
0.469412 0.0723497 0
0.470413 0.0729368 0
0.471313 0.074215 0
0.469668 0.073955 0
0.468376 0.0734351 0
0.461375 0.0730305 0
0.462677 0.0732354 0
0.463242 0.07422 0
0.464343 0.0738238 0
0.465622 0.0739151 0
0.464964 0.0716748 0
0.464493 0.0692626 0
0.465016 0.0688796 0
0.463589 0.0697566 0
0.459594 0.0666543 0
0.459808 0.0658296 0
0.462664 0.067761 0
0.456737 0.0662255 0
0.465945 0.048625 0
0.468628 0.0530566 0
0.466162 0.054544 0
0.465846 0.0514793 0
0.46806 0.0521116 0
0.474187 0.0544535 0
0.474857 0.0521611 0
0.477014 0.0508127 0
0.47596 0.0515319 0
0.474853 0.0525463 0
0.472221 0.0542602 0
0.46959 0.0566013 0
0.469468 0.0578771 0
0.470236 0.0587877 0
0.470141 0.0600687 0
0.470624 0.062904 0
0.471249 0.0661295 0
0.471489 0.0673046 0
0.471003 0.0687251 0
0.471596 0.0709488 0
0.46936 0.0726204 0
0.473632 0.0754404 0
0.472963 0.0753626 0
0.478957 0.0772877 0
0.481953 0.0751938 0
0.485303 0.0723492 0
0.486715 0.0743238 0
0.486596 0.0755276 0
0.48528 0.0767245 0
0.486733 0.0769229 0
0.486936 0.0778346 0
0.485599 0.0790809 0
0.484405 0.0790456 0
0.484851 0.0809003 0
0.483873 0.0827904 0
0.483717 0.0829277 0
0.483734 0.0829375 0
0.483722 0.0829297 0
0.483675 0.0826846 0
0.483485 0.0818491 0
0.483009 0.0806365 0
0.48322 0.080026 0
0.48369 0.0822665 0
0.48374 0.0827371 0
0.483065 0.0818282 0
0.486593 0.0789978 0
0.485506 0.0723504 0
0.490143 0.0732827 0
0.492815 0.0737885 0
0.49377 0.0718036 0
0.495813 0.0707201 0
0.495744 0.0700052 0
0.496847 0.0692682 0
0.494073 0.0708058 0
0.495103 0.0678575 0
0.483386 0.077093 0
0.484633 0.0750349 0
0.483781 0.0801451 0
0.485131 0.0786413 0
0.485192 0.0790127 0
0.485419 0.0800978 0
0.485578 0.0798976 0
0.485466 0.0796428 0
0.485153 0.0793719 0
0.484955 0.0796687 0
0.485612 0.0803384 0
0.487139 0.0796576 0
0.487918 0.080161 0
0.487414 0.0803048 0
0.48643 0.0821303 0
0.484289 0.0831725 0
0.483864 0.0830623 0
0.484739 0.0822748 0
0.483739 0.0829518 1
