0.523658 0.910434 1
0.527261 0.907733 0
0.532359 0.910688 0
0.538301 0.913537 0
0.54105 0.918064 0
0.540534 0.925274 0
0.534237 0.927011 0
0.527721 0.927494 0
0.520095 0.932455 0
0.520628 0.939502 0
0.52595 0.942837 0
0.533098 0.944748 0
0.540019 0.94802 0
0.541517 0.955101 0
0.530853 0.956485 0
0.534666 0.962744 0
0.539846 0.968972 0
0.534523 0.976151 0
0.527973 0.973933 0
0.521992 0.969529 0
0.516874 0.964629 0
0.508659 0.963679 0
0.508051 0.971304 0
0.510913 0.977307 0
0.516138 0.983234 0
0.520407 0.989733 0
0.51459 0.994222 0
0.506894 0.988757 0
0.505916 1 0
0.499515 0.998094 0
0.497426 0.985936 0
0.492426 0.991408 0
0.48683 0.999729 0
0.480763 0.995426 0
0.483386 0.986274 0
0.485698 0.978668 0
0.488282 0.97283 0
0.48362 0.965116 0
0.477849 0.970282 0
0.473443 0.976645 0
0.470362 0.982616 0
0.464424 0.9899 0
0.461154 0.981473 0
0.453901 0.982296 0
0.461697 0.97014 0
0.454957 0.970071 0
0.448048 0.971296 0
0.462741 0.960799 0
0.454763 0.958691 0
0.445717 0.958859 0
0.461681 0.952073 0
0.451356 0.947375 0
0.466158 0.944934 0
0.433174 0.944333 0
0.455874 0.938662 0
0.459663 0.932581 0
0.441969 0.935911 0
0.444484 0.930981 0
0.448631 0.925739 0
0.450649 0.918844 0
0.444937 0.914925 0
0.436619 0.916962 0
0.432122 0.920374 0
0.426112 0.923329 0
0.418988 0.922695 0
0.413901 0.916664 0
0.419882 0.910039 0
0.420832 0.90546 0
0.427713 0.899306 0
0.427775 0.891928 0
0.422427 0.889789 0
0.412046 0.894623 0
0.405383 0.895547 0
0.401721 0.890643 0
0.404791 0.884187 0
0.396217 0.878938 0
0.402214 0.873056 0
0.404699 0.867201 0
0.401585 0.862511 0
0.393624 0.8626 0
0.387699 0.859732 0
0.393072 0.851124 0
0.389852 0.847286 0
0.383389 0.846589 0
0.37753 0.844219 0
0.377841 0.835795 0
0.380382 0.830725 0
0.386861 0.823788 0
0.37138 0.824114 0
0.376117 0.818823 0
0.371966 0.814221 0
0.379332 0.809085 0
0.373121 0.804238 0
0.368899 0.798271 0
0.376882 0.794657 0
0.383815 0.794042 0
0.387621 0.792033 0
0.389846 0.786035 0
0.38277 0.782036 0
0.376773 0.777372 0
0.383153 0.772386 0
0.382023 0.76647 0
0.386195 0.762765 0
0.393238 0.764136 0
0.396275 0.760071 0
0.402386 0.765572 0
0.408549 0.765924 0
0.41361 0.763631 0
0.419379 0.758226 0
0.419265 0.752512 0
0.422759 0.748549 1
0.427901 0.746906 0
0.435215 0.745919 0
0.441716 0.751642 0
0.444983 0.752535 0
0.449588 0.75097 0
0.45442 0.746585 0
0.460503 0.744891 0
0.466705 0.744348 0
0.470944 0.744028 0
0.474205 0.743608 0
0.514187 0.734931 0
0.518426 0.734095 0
0.522132 0.733399 0
0.528747 0.732227 0
0.533888 0.731401 0
0.538771 0.730691 0
0.541719 0.73031 1
0.583095 0.732546 0
0.586142 0.733621 0
0.590522 0.735846 0
0.594429 0.738622 0
0.59892 0.740123 0
0.604182 0.738993 0
0.60773 0.73413 0
0.608889 0.72932 0
0.611144 0.724282 1
0.618716 0.723873 0
0.623309 0.72646 0
0.62675 0.731487 0
0.633543 0.730711 0
0.637624 0.725178 0
0.641189 0.721357 0
0.644338 0.718034 0
0.650562 0.717162 0
0.651887 0.716534 0
0.659178 0.677975 0
0.660464 0.676602 0
0.663913 0.673601 0
0.666069 0.667086 0
0.668562 0.664329 1
0.673817 0.662891 0
0.678277 0.66224 0
0.682861 0.664249 0
0.686195 0.667316 0
0.68841 0.669021 0
0.70651 0.701372 0
0.708547 0.701758 0
0.713978 0.702854 0
0.718584 0.70307 1
0.723152 0.701521 0
0.727573 0.698576 0
0.731088 0.695168 0
0.733532 0.691357 0
0.735001 0.688267 0
0.734234 0.653369 0
0.735459 0.650682 0
0.736685 0.645608 0
0.736847 0.640708 0
0.739733 0.635863 0
0.745533 0.63366 0
0.748518 0.631941 0
0.754332 0.634704 0
0.758927 0.635259 0
0.762056 0.635246 1
0.785397 0.637019 0
0.788703 0.63875 0
0.792965 0.640841 1
0.798788 0.639869 0
0.802821 0.636627 0
0.802246 0.630767 0
0.800173 0.624732 0
0.803126 0.620468 0
0.809375 0.620549 0
0.815302 0.622517 0
0.819978 0.619846 0
0.822163 0.614473 0
0.82138 0.608302 0
0.819436 0.603248 0
0.816927 0.598551 0
0.815261 0.593923 0
0.814243 0.590046 1
0.8056 0.563482 1
0.805889 0.560262 0
0.806491 0.555794 0
0.807805 0.550408 0
0.81159 0.543922 0
0.812276 0.540118 0
0.809984 0.533666 0
0.807357 0.528639 0
0.807269 0.523007 0
0.810567 0.518911 0
0.816227 0.515963 1
0.818205 0.51113 0
0.816632 0.506748 0
0.81073 0.500686 0
0.812667 0.493752 0
0.816205 0.490171 0
0.818563 0.485545 0
0.8174 0.480144 0
0.811596 0.476263 0
0.812041 0.469955 0
0.814248 0.465839 0
0.816032 0.46017 0
0.815825 0.454632 0
0.81571 0.44923 0
0.81586 0.442178 0
0.816063 0.436364 0
0.816351 0.429174 0
0.816638 0.422387 0
0.8169 0.416514 0
0.817244 0.409786 0
0.817498 0.404591 1
0.817813 0.398979 0
0.818262 0.393264 0
0.818789 0.387926 0
0.819089 0.382591 0
0.815093 0.375144 0
0.814379 0.370467 0
0.820678 0.364636 0
0.818847 0.359505 0
0.81607 0.354655 0
0.816386 0.349286 0
0.820432 0.343902 0
0.822796 0.338521 0
0.821384 0.333128 0
0.818374 0.329592 0
0.811921 0.325494 0
0.81048 0.322052 1
0.816949 0.31458 0
0.816076 0.308047 0
0.81527 0.303293 0
0.8132 0.297487 0
0.813488 0.291906 0
0.815689 0.286505 0
0.812866 0.278912 0
0.812369 0.272864 0
0.813302 0.267699 0
0.813931 0.262004 0
0.814535 0.255969 0
0.815044 0.249824 0
0.815169 0.244022 0
0.818013 0.239038 0
0.818871 0.23363 0
0.819661 0.228821 0
0.820388 0.222929 0
0.821683 0.214545 0
0.822204 0.211413 0
0.824247 0.20665 0
0.822668 0.200322 0
0.82239 0.194595 0
0.817286 0.188233 0
0.821421 0.185274 0
0.815255 0.18093 0
0.816403 0.174892 0
0.812995 0.171623 0
0.808948 0.169421 0
0.801731 0.16858 0
0.796237 0.166452 1
0.789504 0.164954 0
0.780762 0.167002 0
0.463285 0.278063 1
0.459985 0.279426 0
0.455126 0.282596 0
0.449435 0.286715 0
0.446346 0.289851 0
0.442469 0.297306 1
0.44067 0.302158 0
0.439727 0.308951 0
0.43983 0.315647 0
0.440543 0.321331 0
0.441982 0.327596 0
0.444245 0.334266 0
0.446871 0.340196 0
0.449985 0.345822 0
0.454106 0.351959 0
0.458109 0.357051 0
0.462725 0.362129 0
0.467056 0.366261 0
0.472624 0.370897 0
0.478018 0.374853 0
0.483807 0.37859 0
0.489227 0.381652 0
0.496399 0.385103 0
0.50319 0.387873 0
0.508853 0.389795 0
0.516193 0.391878 0
0.523111 0.393531 0
0.530378 0.395123 1
0.53675 0.396528 0
0.54352 0.398121 0
0.550948 0.399996 0
0.55757 0.401832 0
0.613239 0.418459 1
0.618789 0.417024 0
0.624944 0.414116 0
0.630208 0.410357 0
0.634912 0.406646 0
0.641118 0.400946 0
0.645151 0.396889 0
0.650822 0.390675 0
0.656382 0.384622 0
0.661276 0.378951 0
0.666791 0.372316 0
0.671088 0.3668 0
0.676785 0.359253 0
0.680504 0.354013 0
0.684142 0.34844 0
0.687548 0.342885 0
0.691924 0.335248 0
0.694609 0.330098 0
0.697537 0.323965 0
0.700365 0.317602 0
0.702686 0.311373 0
0.70426 0.306623 0
0.706555 0.298519 0
0.708164 0.291846 0
0.709822 0.284688 1
0.710447 0.279602 0
0.710711 0.273648 0
0.710634 0.26794 0
0.710167 0.260918 0
0.709444 0.254602 0
0.708052 0.246519 0
0.70643 0.240211 0
0.70475 0.235324 0
0.702092 0.228971 0
0.699699 0.224396 0
0.695945 0.21827 0
0.692187 0.212893 0
0.688636 0.208301 0
0.68421 0.203164 0
0.679894 0.198739 0
0.676431 0.194435 0
0.673045 0.191559 0
0.668776 0.187794 1
0.664761 0.183916 0
0.660177 0.179669 0
0.655339 0.175269 0
0.650581 0.17046 0
0.648022 0.165603 0
0.641903 0.163906 0
0.63396 0.158815 0
0.630603 0.156786 0
0.624086 0.153288 0
0.616833 0.149786 0
0.609746 0.146773 0
0.60544 0.145258 1
0.591854 0.141445 0
0.587159 0.140443 0
0.579979 0.139455 0
0.572514 0.139151 0
0.567107 0.139301 0
0.559832 0.140041 0
0.553748 0.140989 0
0.546596 0.142616 0
0.539859 0.144532 0
0.534285 0.14646 0
0.528074 0.149092 0
0.521663 0.152411 0
0.517282 0.155077 1
0.38168 0.314402 1
0.379564 0.318792 0
0.376978 0.325044 0
0.375002 0.331076 0
0.373868 0.335971 0
0.372934 0.342867 0
0.372529 0.348786 0
0.372609 0.356879 0
0.373283 0.364422 0
0.374546 0.371576 0
0.376464 0.378369 0
0.379115 0.384889 0
0.382815 0.391612 0
0.38729 0.397873 0
0.392327 0.403428 0
0.397026 0.407449 0
0.403006 0.411615 1
0.409797 0.415565 0
0.416424 0.418839 0
0.423529 0.421874 0
0.431136 0.424721 0
0.43785 0.426945 0
0.445151 0.429087 0
0.452354 0.430964 0
0.460762 0.432929 0
0.469259 0.434717 0
0.475199 0.435804 0
0.482185 0.436905 1
0.489853 0.437831 0
0.499495 0.438714 0
0.503951 0.438962 0
0.513403 0.439014 0
0.519755 0.438676 0
0.526719 0.437873 0
0.534179 0.436444 0
0.5412 0.43436 0
0.546904 0.432045 0
0.553252 0.428636 1
0.616641 0.379508 0
0.620522 0.37278 0
0.623165 0.366565 0
0.625167 0.360285 0
0.627245 0.351585 0
0.628784 0.343458 1
0.629886 0.336118 0
0.63052 0.330462 0
0.63099 0.323112 0
0.631227 0.315199 0
0.631292 0.307989 0
0.631223 0.300472 0
0.63106 0.29372 0
0.630802 0.287284 0
0.630449 0.281307 0
0.629967 0.274887 0
0.629511 0.269013 0
0.628996 0.262462 0
0.62857 0.256349 0
0.62822 0.25017 1
0.62807 0.244318 0
0.628076 0.24008 0
0.628134 0.237781 0
0.715761 0.153697 1
0.717441 0.150597 0
0.719683 0.146568 0
0.721852 0.141948 0
0.722557 0.137164 0
0.721675 0.132188 0
0.718876 0.12773 0
0.715595 0.12387 0
0.711449 0.119264 0
0.707765 0.114771 0
0.704073 0.110465 0
0.700331 0.106512 0
0.695792 0.102666 0
0.690881 0.0988817 0
0.685654 0.0951265 0
0.680418 0.0915747 0
0.674227 0.0876918 0
0.669688 0.0850191 0
0.665195 0.0826047 0
0.659513 0.0796698 0
0.65493 0.0771638 0
0.649718 0.0744614 0
0.645075 0.0719263 1
0.640458 0.0691937 0
0.635588 0.0662039 0
0.63128 0.0634915 0
0.62822 0.0614419 0
0.636803 0.00974178 0
0.636405 0.0067711 0
0.635433 0.00222113 0
0.632242 0 0
0.627017 8.58989e-05 0
0.622886 0.000709744 0
0.620489 0.00107558 1
0.59429 0.043448 0
0.591347 0.043565 0
0.586707 0.0441024 0
0.583229 0.0441922 0
0.577391 0.0397911 0
0.57232 0.0329984 0
0.568157 0.0312129 1
0.56492 0.0379352 0
0.558377 0.0304657 0
0.553859 0.031269 0
0.548841 0.0344254 0
0.545669 0.0389333 0
0.540968 0.041453 0
0.534446 0.0393234 0
0.528397 0.0375337 0
0.523489 0.0395695 0
0.520328 0.0450159 0
0.516838 0.0486215 0
0.513708 0.0531442 0
0.511288 0.0593392 0
0.505162 0.0585872 0
0.497805 0.0537707 0
0.494864 0.0593556 0
0.491272 0.066243 0
0.487589 0.0683465 0
0.481766 0.0691192 0
0.47562 0.0738064 0
0.470875 0.0774424 0
0.466364 0.0810656 0
0.46213 0.0851546 0
0.458108 0.0887686 0
0.454971 0.0932718 0
0.451647 0.098455 0
0.448959 0.103031 1
0.381072 0.487763 1
0.382293 0.4942 0
0.384423 0.498616 0
0.387213 0.503759 0
0.390387 0.51085 0
0.392871 0.514899 0
0.397668 0.518282 0
0.401991 0.52168 0
0.405642 0.524421 0
0.408686 0.528465 0
0.416016 0.528914 0
0.421883 0.530879 0
0.427546 0.532695 0
0.433082 0.534226 0
0.438719 0.535024 0
0.443732 0.535496 0
0.450336 0.535537 0
0.45753 0.535273 0
0.463554 0.53476 0
0.470255 0.533836 0
0.47908 0.53227 0
0.484308 0.53092 0
0.490606 0.528908 0
0.496069 0.526891 1
0.502049 0.52433 0
0.508181 0.521363 0
0.514531 0.517944 0
0.518913 0.515213 0
0.524057 0.511603 0
0.532412 0.505188 0
0.5394 0.499332 0
0.546219 0.493088 1
0.552364 0.486946 0
0.559031 0.479695 0
0.565563 0.471982 0
0.570686 0.46523 0
0.575605 0.458135 0
0.579155 0.452045 0
0.582458 0.445073 0
0.584821 0.43835 0
0.586574 0.43084 0
0.587555 0.424155 0
0.588392 0.416338 1
0.589297 0.408642 0
0.590154 0.400713 0
0.59042 0.392716 0
0.589922 0.38486 0
0.589119 0.377195 0
0.588193 0.368749 0
0.587452 0.361961 0
0.586605 0.354776 1
0.585657 0.347925 0
0.584446 0.340497 0
0.583097 0.333703 0
0.581488 0.326708 0
0.579735 0.320041 0
0.577689 0.313418 0
0.575626 0.3075 0
0.572789 0.300234 0
0.569847 0.29361 0
0.56706 0.287955 0
0.563769 0.281958 0
0.560296 0.27624 0
0.556597 0.270866 0
0.552705 0.265772 0
0.548494 0.260666 0
0.544269 0.255825 1
0.539408 0.251281 0
0.535236 0.247549 0
0.530725 0.244055 0
0.526364 0.23969 0
0.522708 0.236435 0
0.515823 0.235248 0
0.512466 0.230815 0
0.508603 0.227162 0
0.502349 0.226739 0
0.497241 0.223609 0
0.493333 0.218882 0
0.486996 0.21922 0
0.482162 0.216721 0
0.475786 0.21533 0
0.471595 0.211837 0
0.46654 0.209928 1
0.45845 0.20944 0
0.452356 0.207387 0
0.44697 0.206191 0
0.441493 0.20757 0
0.435383 0.205877 0
0.43064 0.202412 0
0.425917 0.200946 0
0.418504 0.205498 0
0.413456 0.204875 0
0.407853 0.202119 0
0.402888 0.203251 0
0.398927 0.209401 0
0.391945 0.208159 0
0.385704 0.202658 0
0.380418 0.203428 0
0.377172 0.207394 0
0.376389 0.214193 0
0.372188 0.219166 0
0.36625 0.219994 0
0.361867 0.214635 0
0.356749 0.213992 0
0.352184 0.216692 0
0.350725 0.222642 0
0.350795 0.227778 0
0.35282 0.235398 0
0.353144 0.240527 1
0.335742 0.234737 0
0.334965 0.239074 0
0.333797 0.243605 0
0.331121 0.247743 0
0.326995 0.25345 0
0.321278 0.261341 0
0.317083 0.267066 0
0.312816 0.273018 0
0.309538 0.277702 0
0.306255 0.282539 0
0.303046 0.287469 0
0.300083 0.292226 0
0.296889 0.297694 0
0.294195 0.30255 0
0.291449 0.307974 0
0.288933 0.313043 0
0.286115 0.318237 0
0.283071 0.323378 0
0.284623 0.327975 0
0.277777 0.335316 1
0.276766 0.339526 0
0.276157 0.344823 0
0.27443 0.351098 0
0.272628 0.356855 0
0.270904 0.362004 0
0.269014 0.367251 0
0.267922 0.372815 0
0.267408 0.378682 0
0.266886 0.384814 0
0.265025 0.391242 0
0.261462 0.396289 0
0.260674 0.40218 0
0.264094 0.406604 0
0.26432 0.412187 0
0.261815 0.419053 0
0.25492 0.421454 0
0.252865 0.426985 0
0.252544 0.432634 0
0.259573 0.436826 0
0.262808 0.4419 0
0.261048 0.446303 0
0.252304 0.448725 0
0.245291 0.451442 0
0.244443 0.455926 0
0.252158 0.462283 0
0.250137 0.469836 0
0.241372 0.471924 0
0.238794 0.476346 0
0.242202 0.483355 0
0.24331 0.48807 0
0.246978 0.501637 0
0.240934 0.500684 0
0.233474 0.502036 0
0.229727 0.507724 0
0.233904 0.513241 0
0.241432 0.516455 0
0.246769 0.524357 0
0.242901 0.528353 0
0.227921 0.529604 0
0.231356 0.532468 0
0.231733 0.538693 0
0.239087 0.543946 0
0.243718 0.54698 0
0.252659 0.554125 1
0.246247 0.558942 0
0.23322 0.555005 0
0.240584 0.567317 0
0.234063 0.563276 0
0.227346 0.562912 0
0.227515 0.571102 0
0.228012 0.579189 0
0.220245 0.580974 0
0.215912 0.573429 0
0.213873 0.56274 0
0.212064 0.555343 0
0.205842 0.562908 0
0.201491 0.553414 0
0.197795 0.545871 0
0.190971 0.547621 0
0.188015 0.555754 0
0.193559 0.56177 0
0.193447 0.567278 0
0.186686 0.564971 0
0.198234 0.574849 0
0.198538 0.582269 0
0.190417 0.579064 0
0.189644 0.588778 0
0.182516 0.588452 0
0.179554 0.580207 0
0.17614 0.573234 0
0.170493 0.578554 0
0.16391 0.584106 0
0.15726 0.581291 0
0.154065 0.573679 0
0.157902 0.569138 0
0.164988 0.566396 0
0.166573 0.559314 0
0.156809 0.557218 0
0.14636 0.558049 0
0.14622 0.552879 0
0.150646 0.546095 0
0.159902 0.541407 0
0.163967 0.537002 0
0.164403 0.530735 0
0.157787 0.528296 0
0.149617 0.523382 0
0.146175 0.518018 0
0.15292 0.50935 0
0.149017 0.50406 0
0.150991 0.497731 0
0.148993 0.492088 0
0.143995 0.488736 0
0.137658 0.488522 0
0.132637 0.484918 0
0.127954 0.479725 0
0.127265 0.474136 0
0.132779 0.467017 0
0.13339 0.460357 0
0.129375 0.455704 0
0.123846 0.456348 0
0.115813 0.455214 0
0.110042 0.451497 0
0.113907 0.444283 0
0.117507 0.439028 0
0.108161 0.436816 0
0.102614 0.433296 0
0.103 0.428152 0
0.111357 0.425092 0
0.116501 0.420729 0
0.113813 0.414751 0
0.104172 0.410114 0
0.102557 0.405168 0
0.11031 0.402166 0
0.11221 0.395457 0
0.108806 0.389743 0
0.102532 0.385719 0
0.100266 0.380979 0
0.105232 0.374585 0
0.112052 0.37071 0
0.116184 0.366479 0
0.114988 0.361243 0
0.111771 0.355572 0
0.108604 0.35112 0
0.101654 0.347806 0
0.092576 0.345806 0
0.088025 0.342725 0
0.0870092 0.336717 0
0.0887505 0.330425 0
0.0927349 0.326315 0
0.0997578 0.324028 0
0.106927 0.319544 0
0.106043 0.314761 0
0.0996868 0.310371 0
0.0922813 0.308546 0
0.0902148 0.303265 0
0.0913917 0.297106 0
0.093553 0.290782 0
0.0924183 0.284645 0
0.0912422 0.277053 0
0.0911081 0.272058 0
0.0900149 0.265854 0
0.0828332 0.265425 0
0.0661151 0.263417 0
0.0667704 0.258556 0
0.0670999 0.252276 0
0.0545089 0.255332 0
0.0500239 0.253032 0
0.049317 0.246387 0
0.0519936 0.239522 0
0.0551897 0.23085 0
0.0534647 0.225608 0
0.0501707 0.220911 0
0.0418866 0.222412 0
0.0365703 0.217975 0
0.0311895 0.208697 0
0.0278911 0.214333 0
0.0257329 0.224763 0
0.022152 0.224898 0
0.0158712 0.215301 0
0.00807328 0.216975 0
0.00249949 0.214505 0
0 0.209763 0
0.000505282 0.202629 0
0.00944761 0.202409 0
0.015026 0.197526 0
0.0109481 0.190936 0
0.00518102 0.186487 0
0.00818224 0.180007 0
0.014415 0.177925 0
0.0356806 0.187114 0
0.0333144 0.182869 0
0.0311199 0.179026 0
0.0271133 0.173374 0
0.0229057 0.161742 0
0.0222231 0.155725 0
0.0288267 0.148762 0
0.0356406 0.147963 0
0.0421446 0.153698 0
0.0512079 0.160328 0
0.0507811 0.164531 0
0.0421014 0.166132 0
0.0490045 0.171551 0
0.0653452 0.15361 0
0.0632944 0.143197 0
0.0632014 0.138097 0
0.0699545 0.13561 0
0.0723484 0.137261 0
0.0801531 0.152297 0
0.0844588 0.154101 0
0.0883974 0.15731 0
0.0860402 0.164854 0
0.0814756 0.169446 0
0.077743 0.173557 0
0.0738257 0.181567 0
0.0740847 0.187099 0
0.0790965 0.189236 0
0.085568 0.189662 0
0.0980516 0.182222 0
0.100344 0.183602 0
0.100532 0.191111 0
0.0980442 0.199794 0
0.106792 0.1995 0
0.106918 0.207666 0
0.10498 0.214771 0
0.114529 0.213891 0
0.119109 0.209555 0
0.124765 0.201238 0
0.127537 0.185421 0
0.130549 0.192474 0
0.134812 0.195992 0
0.140342 0.195883 0
0.142668 0.188987 0
0.148405 0.187748 0
0.150749 0.193024 0
0.15587 0.200924 0
0.147831 0.204894 0
0.142834 0.210692 0
0.141873 0.217454 0
0.149256 0.2259 0
0.144735 0.232839 0
0.153415 0.23381 0
0.151585 0.240779 0
0.158415 0.240831 0
0.165338 0.238567 0
0.162662 0.22715 0
0.163375 0.220038 0
0.170176 0.226215 0
0.178131 0.212847 0
0.17716 0.204181 0
0.174025 0.20008 0
0.17807 0.19601 0
0.176905 0.186351 0
0.190144 0.190989 0
0.186588 0.184859 0
0.192451 0.183583 0
0.189239 0.174409 0
0.180767 0.177433 0
0.159112 0.164577 0
0.165587 0.163938 0
0.156292 0.157178 0
0.160089 0.149949 0
0.162923 0.146479 0
0.171466 0.144997 0
0.17368 0.140706 0
0.166508 0.136623 0
0.168732 0.129815 0
0.161593 0.126571 0
0.155284 0.125484 0
0.150847 0.132385 0
0.141685 0.140359 0
0.140524 0.135987 0
0.138875 0.129323 0
0.136335 0.120972 0
0.130361 0.119876 0
0.126048 0.127069 0
0.123955 0.125446 1
