0.863124 0.829427 1
0.864525 0.830469 0
0.867067 0.831364 0
0.875469 0.82117 0
0.879375 0.818436 0
0.874829 0.828583 0
0.884704 0.820543 0
0.888589 0.819871 0
0.883574 0.833089 0
0.886326 0.830887 0
0.89935 0.816224 0
0.90067 0.815144 0
0.90405 0.815177 0
0.907807 0.813343 0
0.912676 0.811683 0
0.916012 0.810668 0
0.919085 0.808803 0
0.921118 0.80606 0
0.922351 0.803086 0
0.924589 0.800983 0
0.927804 0.800082 0
0.932133 0.796821 0
0.935672 0.79431 0
0.934881 0.789883 0
0.935385 0.786457 0
0.938333 0.784847 0
0.937832 0.781588 0
0.937611 0.779373 0
0.93786 0.777962 0
0.937076 0.777197 0
0.93678 0.775541 0
0.936003 0.775216 0
0.935045 0.774514 0
0.934935 0.774528 1
0.933868 0.774194 0
0.933036 0.772199 0
0.932075 0.769129 0
0.930758 0.769067 0
0.929876 0.766043 0
0.927761 0.7649 0
0.923202 0.763436 0
0.920887 0.760642 0
0.91622 0.760212 0
0.911388 0.758907 0
0.906044 0.760935 0
0.901034 0.76099 0
0.895869 0.762341 0
0.891628 0.761643 0
0.883853 0.764305 0
0.878393 0.763357 0
0.867972 0.769357 0
0.864039 0.765208 0
0.857708 0.764656 0
0.853919 0.760735 0
0.847937 0.762209 0
0.841132 0.760225 0
0.828601 0.766331 0
0.822743 0.762923 0
0.809572 0.765792 0
0.804552 0.762025 0
0.794874 0.745072 0
0.785816 0.737561 0
0.779966 0.732287 0
0.771102 0.725738 0
0.765346 0.724933 1
0.759056 0.727569 0
0.752752 0.730145 0
0.748115 0.729745 0
0.738158 0.738766 0
0.731523 0.743542 0
0.72568 0.747819 0
0.719626 0.749699 0
0.712131 0.75237 0
0.706517 0.754127 0
0.702627 0.754531 0
0.696717 0.75366 0
0.691391 0.752125 0
0.68654 0.748847 0
0.682423 0.746851 0
0.678719 0.7466 0
0.675829 0.74443 0
0.670883 0.743956 0
0.665026 0.741293 0
0.65942 0.737392 1
0.65866 0.734945 0
0.656405 0.731954 0
0.656358 0.727509 0
0.654795 0.725177 0
0.652836 0.719865 0
0.653053 0.715402 0
0.649648 0.71133 0
0.646889 0.705991 0
0.645119 0.700897 0
0.642921 0.6971 0
0.643364 0.689262 0
0.64099 0.683033 0
0.638581 0.674926 1
0.638436 0.670516 0
0.641681 0.664445 0
0.642038 0.657916 0
0.645169 0.65171 0
0.645031 0.646319 0
0.641529 0.64316 0
0.642252 0.637827 0
0.642973 0.632759 0
0.644241 0.62504 1
0.753885 0.33634 0
0.753953 0.322682 0
0.755612 0.319218 0
0.758595 0.316255 0
0.762736 0.3136 0
0.762366 0.309138 0
0.764853 0.306779 0
0.766301 0.303196 1
0.768142 0.298579 0
0.771898 0.291896 0
0.773819 0.286966 0
0.778282 0.282142 0
0.780397 0.276976 0
0.783396 0.27194 0
0.783857 0.266219 0
0.783293 0.261578 0
0.784999 0.25433 0
0.784554 0.250015 0
0.785819 0.244281 0
0.788521 0.239454 0
0.790936 0.234261 0
0.798122 0.231174 0
0.79409 0.227167 0
0.799757 0.221707 0
0.801371 0.217932 1
0.800817 0.213468 0
0.800431 0.208969 0
0.805206 0.206676 0
0.807183 0.202464 0
0.806627 0.197262 0
0.80873 0.192664 0
0.804654 0.185379 0
0.806582 0.180117 0
0.808757 0.174713 0
0.809311 0.16921 0
0.809612 0.161838 0
0.813145 0.158935 0
0.81355 0.152613 0
0.817246 0.147111 0
0.822443 0.143033 0
0.825784 0.140198 0
0.828167 0.134956 0
0.832602 0.132873 0
0.833626 0.128286 1
0.834158 0.124456 0
0.83708 0.119694 0
0.835358 0.11371 0
0.83982 0.112098 0
0.841195 0.107973 0
0.843698 0.101517 0
0.845108 0.0976531 0
0.84641 0.0946786 0
0.847671 0.0902513 0
0.850575 0.0872857 0
0.851759 0.0841205 0
0.855729 0.079753 0
0.857486 0.0766702 0
0.859369 0.0726738 0
0.859872 0.0692291 1
0.863061 0.0640676 0
0.862415 0.0588024 0
0.865348 0.0524246 0
0.86527 0.0454062 0
0.866957 0.0380584 0
0.874957 0.0293673 0
0.881916 0.0203331 0
0.883727 0.0141566 0
0.887507 0.0101269 0
0.888898 0.00462214 0
0.892628 0.00261487 0
0.897523 0 0
0.904125 0.0120679 0
0.907583 0.00951301 0
0.909926 0.00994107 0
0.909829 0.0157948 0
0.913147 0.0196176 0
0.91692 0.0220022 0
0.918521 0.025948 1
0.923606 0.0244573 0
0.926064 0.0250157 0
0.92498 0.0276657 0
0.925063 0.0279602 0
0.925164 0.0300059 0
0.926722 0.0353084 0
0.926817 0.0398941 0
0.925348 0.0423325 0
0.927174 0.0469944 0
0.924828 0.0493641 0
0.926116 0.054833 0
0.92721 0.0632072 0
0.927235 0.065644 0
0.924553 0.0757292 0
0.921048 0.0806281 0
0.919571 0.0886658 0
0.915825 0.096709 0
0.914181 0.0996697 0
0.910416 0.107502 1
0.913906 0.115117 0
0.916874 0.120944 0
0.916517 0.126141 0
0.912832 0.131747 0
0.912294 0.139544 0
0.912816 0.145968 0
0.913317 0.15284 0
0.915099 0.159031 0
0.914173 0.166464 0
0.910868 0.172675 0
0.911915 0.178069 0
0.915435 0.181254 0
0.915849 0.188656 0
0.916257 0.193934 0
0.916629 0.199266 0
0.916926 0.204678 0
0.917092 0.208798 0
0.917086 0.213534 0
0.916788 0.216802 1
0.918961 0.222335 0
0.918079 0.226837 0
0.919587 0.231956 0
0.922052 0.239257 0
0.918284 0.24433 0
0.920249 0.251355 0
0.918375 0.257396 0
0.914469 0.262203 0
0.914147 0.266331 0
0.913368 0.272249 0
0.909828 0.277043 0
0.90895 0.28145 1
0.90968 0.286947 0
0.907702 0.28906 0
0.9063 0.294562 0
0.905122 0.299351 0
0.904198 0.301898 0
0.902127 0.30841 0
0.899718 0.315358 0
0.896302 0.32353 1
0.895087 0.324543 0
0.893734 0.330093 0
0.504334 0.687966 0
0.499531 0.694996 0
0.499383 0.694332 0
0.499304 0.69438 1
0.497829 0.69843 0
0.495732 0.703985 0
0.498855 0.714322 0
0.498099 0.719391 0
0.493112 0.724105 0
0.540601 0.769535 1
0.541327 0.772412 0
0.539786 0.776909 0
0.534324 0.782743 0
0.532134 0.787604 0
0.52771 0.790365 0
0.525003 0.795342 0
0.521756 0.79822 0
0.523794 0.803655 0
0.524262 0.80596 0
0.525681 0.807729 0
0.521742 0.810317 0
0.519858 0.81403 0
0.518649 0.820417 0
0.514682 0.820288 0
0.512038 0.824191 0
0.511319 0.829552 0
0.511021 0.833034 0
0.503058 0.835178 0
0.502038 0.840623 0
0.500398 0.844878 0
0.500099 0.850161 0
0.49785 0.856006 0
0.493535 0.859744 0
0.490254 0.863625 0
0.486302 0.867559 0
0.483167 0.870854 0
0.478453 0.87414 0
0.477135 0.878274 0
0.475789 0.883999 0
0.471664 0.885907 0
0.467689 0.89173 0
0.466136 0.894225 0
0.462602 0.896068 0
0.461046 0.900682 0
0.453354 0.897461 0
0.44841 0.897571 1
0.446259 0.899468 0
0.443304 0.906759 0
0.441915 0.912902 0
0.441115 0.916542 0
0.438842 0.920202 0
0.437343 0.922765 0
0.43495 0.927147 0
0.432687 0.93376 0
0.429672 0.94143 0
0.424223 0.942404 0
0.423885 0.953731 0
0.424296 0.966325 0
0.419917 0.96844 0
0.413808 0.973918 0
0.412107 0.983485 0
0.411825 0.990929 0
0.404833 0.993592 0
0.40718 0.999469 0
0.405447 0.998313 0
0.401653 1 0
0.395699 0.9986 0
0.392391 0.999617 0
0.387044 0.996043 0
0.386573 0.993198 0
0.383368 0.9917 0
0.376052 0.988611 0
0.369943 0.983357 0
0.365089 0.98371 0
0.363677 0.982372 0
0.36085 0.978701 0
0.357401 0.974591 0
0.354395 0.972124 0
0.34725 0.964343 0
0.34468 0.961308 1
0.344468 0.961088 0
0.344029 0.957999 0
0.343629 0.953699 0
0.341545 0.949083 0
0.340691 0.944433 0
0.341763 0.942621 0
0.340786 0.938057 0
0.340961 0.933512 0
0.341575 0.931916 0
0.338891 0.918866 0
0.337615 0.913588 0
0.336468 0.91005 0
0.336162 0.907776 0
0.334026 0.902249 0
0.332167 0.900419 0
0.329615 0.900807 0
0.326529 0.899317 1
0.322918 0.898775 0
0.317694 0.897133 0
0.31262 0.897316 0
0.308784 0.89796 0
0.30371 0.895122 0
0.29741 0.892218 0
0.292488 0.887165 0
0.287431 0.887504 0
0.283507 0.887426 0
0.276806 0.888425 0
0.27402 0.88208 0
0.268961 0.875591 0
0.264121 0.872304 0
0.259717 0.866284 0
0.252389 0.868908 0
0.249868 0.864081 0
0.242171 0.862855 0
0.237133 0.857088 0
0.230937 0.853645 0
0.229352 0.845727 0
0.22332 0.846256 0
0.218502 0.846476 0
0.212449 0.846773 0
0.206336 0.841214 0
0.201931 0.841584 0
0.197619 0.83726 1
0.191553 0.838012 0
0.181597 0.84627 0
0.173411 0.849461 0
0.167484 0.85091 0
0.161508 0.847937 0
0.154306 0.849463 0
0.146188 0.851295 0
0.138073 0.859296 0
0.132653 0.856225 0
0.124569 0.861304 0
0.114044 0.87213 0
0.113767 0.860332 0
0.114608 0.843365 0
0.0892471 0.899591 0
0.0604908 0.929403 0
0.0441806 0.934836 0
0.0466575 0.923168 0
0.070322 0.861533 0
0.00135347 0.779443 1
0.0201877 0.785117 0
0.0270413 0.791316 0
0.0250665 0.798128 0
0.0234871 0.802059 0
0.0234141 0.808174 0
0.023679 0.813111 0
0.015124 0.818364 0
0 0.841891 0
0.00520895 0.845078 0
0.00808744 0.841051 0
0.00950487 0.837877 0
0.0111246 0.837451 0
0.0129066 0.835622 0
0.0133535 0.832574 0
0.0151109 0.833458 0
0.018919 0.835169 0
0.0240642 0.834165 1
0.0254706 0.834879 0
0.0271541 0.828873 0
0.0308795 0.828716 0
0.0340739 0.828765 0
0.0367746 0.825986 0
0.0406645 0.824902 0
0.0379278 0.815854 0
0.0295198 0.802515 0
0.0348915 0.801451 0
0.0544743 0.807381 0
0.0637274 0.803898 0
0.0655539 0.800072 0
0.0657897 0.788652 0
0.0722555 0.787884 1
0.0740745 0.787854 0
0.0734922 0.784485 0
0.0755453 0.782542 0
0.0763526 0.781383 0
0.0779421 0.784342 0
0.080823 0.787753 0
0.083628 0.788248 0
0.0830057 0.785878 0
0.0835828 0.786497 0
0.0852889 0.788217 0
0.0871922 0.786838 0
0.0883382 0.787321 0
0.0916533 0.789534 0
0.0934942 0.786423 0
0.0973682 0.789643 0
0.0991655 0.774192 1
0.105827 0.777755 0
0.112715 0.778435 0
0.119628 0.777285 0
0.123868 0.77067 0
0.127335 0.753918 0
0.137872 0.756371 0
0.144945 0.7528 0
0.151573 0.746732 0
0.153006 0.742134 0
0.153696 0.735503 0
0.157075 0.732295 0
0.164063 0.729235 0
0.166786 0.722729 0
0.167968 0.720563 0
0.173108 0.716044 0
0.175668 0.713093 0
0.178777 0.710677 0
0.182263 0.709523 0
0.184042 0.706483 0
0.188672 0.703978 0
0.199473 0.70159 0
0.207168 0.69542 1
0.213072 0.690349 0
0.21838 0.689068 0
0.223104 0.68475 0
0.227844 0.6811 0
0.234085 0.675679 0
0.237707 0.670451 0
0.243613 0.671672 0
0.248009 0.674239 0
0.252123 0.668276 0
0.25305 0.662449 0
0.253355 0.661783 0
0.257116 0.657723 0
0.257526 0.652219 0
0.258233 0.6468 0
0.259916 0.642214 0
0.259404 0.640592 0
0.263118 0.634535 0
0.263981 0.628737 0
0.267352 0.623624 0
0.270989 0.619107 0
0.271115 0.614991 0
0.272837 0.611777 0
0.290031 0.606603 0
0.473431 0.409689 1
0.296159 0.596423 0
0.287443 0.592002 0
0.291305 0.587396 0
0.295296 0.581307 0
0.300231 0.575699 0
0.306609 0.572967 0
0.307176 0.569957 0
0.313942 0.565165 0
0.311586 0.560424 1
0.313096 0.559009 0
0.314334 0.554528 0
0.312678 0.549013 0
0.311326 0.54232 0
0.30422 0.537188 0
0.302618 0.534691 0
0.297463 0.531438 0
0.293582 0.52761 0
0.291623 0.522571 0
0.287652 0.518572 0
0.288283 0.514251 0
0.285964 0.51053 0
0.279575 0.510759 0
0.277345 0.508103 0
0.272315 0.508051 0
0.274062 0.502575 0
0.269989 0.501196 0
0.266759 0.491968 0
0.261642 0.48612 0
0.258004 0.481463 0
0.255111 0.477622 0
0.249353 0.472477 0
0.243316 0.468842 0
0.240485 0.464972 0
0.238292 0.460119 1
0.228563 0.459674 0
0.224832 0.456669 0
0.218109 0.455888 0
0.216208 0.452495 0
0.208738 0.451488 0
0.204204 0.449602 0
0.200704 0.445853 0
0.200635 0.440805 0
0.195735 0.432814 0
0.191672 0.428174 0
0.193578 0.422761 0
0.197332 0.417001 0
0.197629 0.409594 0
0.200314 0.404849 0
0.196495 0.401442 0
0.1989 0.396087 0
0.196298 0.392079 0
0.191651 0.388735 0
0.186575 0.38437 0
0.185471 0.380518 0
0.181196 0.376359 0
0.176656 0.370631 0
0.187778 0.363995 0
0.178878 0.361173 0
0.173877 0.359359 0
0.176042 0.354761 0
0.173747 0.350928 0
0.173537 0.347129 0
0.176097 0.343741 1
0.179551 0.339632 0
0.180452 0.337224 0
0.181383 0.333598 0
0.186715 0.327687 0
0.187367 0.323392 0
0.189777 0.31928 0
0.190948 0.314121 0
0.191976 0.309014 0
0.193955 0.307031 0
0.197344 0.30382 0
0.199929 0.301901 0
0.199739 0.29652 0
0.200583 0.29341 0
0.201618 0.290087 0
0.205514 0.287993 0
0.206865 0.284166 0
0.213092 0.280903 0
0.215382 0.279177 0
0.21642 0.274353 0
0.217179 0.271321 0
0.221647 0.266743 0
0.223407 0.264314 0
0.224906 0.259932 0
0.229562 0.255427 0
0.230848 0.24979 0
0.234043 0.246111 0
0.23722 0.241765 1
0.240466 0.236917 0
0.239735 0.228988 0
0.241777 0.223768 0
0.241687 0.219205 0
0.242972 0.213256 0
0.248191 0.210461 0
0.249345 0.202275 0
0.250685 0.194443 0
0.25498 0.184526 0
0.257856 0.17809 0
0.260176 0.174836 0
0.264705 0.165032 0
0.269115 0.15418 0
0.27462 0.146807 0
0.279068 0.139917 0
0.286959 0.129512 0
0.292808 0.123541 0
0.296138 0.12127 0
0.301417 0.114718 0
0.306394 0.110024 0
0.306243 0.108354 0
0.305059 0.104298 0
0.302658 0.101132 0
0.303015 0.0886944 0
0.307452 0.0817829 0
0.3086 0.0816721 0
0.309523 0.0807606 0
0.309356 0.0775478 0
0.307459 0.0767656 0
0.306878 0.0731759 0
0.304871 0.0712434 0
0.30501 0.0672041 0
0.304917 0.062102 0
0.30368 0.0586231 0
0.303214 0.0611964 0
0.304104 0.0580455 0
0.302273 0.0575017 0
0.303018 0.054328 0
0.302787 0.0560218 0
0.304828 0.052266 0
0.304861 0.0547764 0
0.305742 0.0546582 0
0.304598 0.0558769 0
0.304654 0.0534159 0
0.303788 0.0511412 0
0.303383 0.0552412 0
0.302485 0.0557943 0
0.301449 0.0557436 0
0.302083 0.0548794 0
0.3028 0.0537754 0
0.304739 0.050908 0
0.303904 0.0515434 0
0.302261 0.049654 0
0.300724 0.0500924 0
0.298556 0.050162 1
0.295489 0.0469599 0
0.293338 0.0405761 0
0.295049 0.0401792 0
0.292658 0.0383031 0
0.287975 0.0304559 0
0.289063 0.0266679 0
0.28744 0.0244238 0
0.309346 0.0581435 0
0.313675 0.0558964 0
0.313396 0.0567862 0
0.320162 0.0565071 0
0.320421 0.062653 0
0.321047 0.0702626 0
0.32019 0.0774266 0
0.316191 0.0841978 0
0.320656 0.09137 0
0.322759 0.0959656 0
0.322845 0.105645 0
0.321446 0.113402 0
0.324348 0.120109 0
0.325783 0.127698 0
0.326637 0.13169 0
0.333056 0.139723 0
0.336776 0.148632 0
0.343487 0.156187 0
0.346669 0.166337 0
0.348384 0.175035 0
0.350971 0.184951 0
0.356796 0.192729 0
0.357936 0.201104 0
0.355981 0.208198 0
0.36148 0.217033 0
0.359929 0.227984 0
0.360895 0.232982 0
0.362156 0.240034 0
0.362329 0.242701 0
0.362068 0.247167 0
0.362459 0.250871 1
0.364473 0.255513 0
0.365597 0.257145 0
0.365332 0.259852 0
0.36656 0.262636 0
0.367686 0.263333 0
0.368592 0.265233 0
0.370126 0.270475 0
0.373016 0.276694 0
0.378718 0.279755 0
0.373778 0.283066 0
0.376247 0.290069 0
0.375702 0.296114 0
0.377805 0.300753 0
0.382732 0.30945 0
0.390156 0.313189 0
0.391391 0.316529 0
0.388578 0.323618 0
0.392072 0.328734 0
0.394481 0.331901 0
0.397193 0.33875 0
0.400772 0.347979 0
0.403236 0.356251 0
0.406817 0.360004 0
0.408219 0.365808 0
0.410685 0.369378 0
0.413009 0.374368 0
0.417621 0.376431 0
0.420543 0.380845 1
0.420965 0.383875 0
0.420217 0.387942 0
0.417581 0.392516 0
0.415295 0.399756 0
0.413337 0.409727 0
0.415008 0.417556 0
0.417928 0.42072 0
0.417928 0.428096 0
0.42425 0.432405 0
0.431906 0.437487 0
0.440345 0.439542 0
0.442918 0.441685 0
0.448769 0.441714 1
0.451006 0.444452 0
0.452809 0.447034 0
0.45496 0.445305 0
0.4569 0.447603 0
0.456294 0.458145 0
0.460242 0.458259 0
0.467067 0.45648 0
0.46993 0.460161 0
0.472063 0.461095 0
0.475401 0.462087 0
0.479248 0.463953 0
0.481521 0.464291 0
0.484334 0.464745 0
0.48543 0.463547 0
0.488766 0.464629 0
0.493255 0.461886 0
0.494758 0.460081 0
0.496603 0.458979 0
0.498399 0.458501 0
0.499328 0.458578 0
0.501744 0.457281 0
0.503682 0.455938 0
0.504552 0.455678 1
0.506011 0.458438 0
0.509941 0.462584 0
0.511685 0.467946 0
0.515768 0.471027 0
0.517236 0.475064 0
0.519703 0.480394 0
0.521574 0.482796 0
0.523742 0.489431 0
0.528359 0.495172 1
0.530006 0.49529 0
0.531924 0.494217 0
0.534062 0.492487 0
0.535965 0.490941 0
0.539807 0.491083 0
0.543492 0.490193 0
0.545828 0.488202 0
0.54949 0.48723 0
0.557279 0.483366 0
0.55958 0.483556 0
0.565588 0.480697 0
0.572631 0.475186 0
0.576791 0.471411 0
0.58274 0.470578 0
0.593246 0.469739 0
0.604504 0.469811 0
0.607539 0.466122 0
0.613594 0.464232 0
0.620116 0.463278 0
0.623134 0.460697 0
0.627209 0.462416 0
0.629881 0.461511 0
0.634708 0.462094 0
0.638838 0.459448 0
0.640908 0.460167 0
0.646114 0.458154 0
0.648558 0.459197 0
0.652808 0.459412 0
0.657416 0.458059 0
0.659712 0.457098 0
0.66033 0.454985 0
0.663019 0.455401 0
0.664238 0.454876 1
0.665512 0.455093 0
0.667023 0.455694 0
0.666705 0.456424 0
0.666137 0.456234 0
0.667832 0.456057 0
0.668053 0.458171 0
0.670128 0.460065 0
0.671758 0.454051 0
0.672822 0.453416 0
0.673895 0.452446 0
0.675615 0.453675 0
0.677808 0.454315 0
0.679703 0.45594 0
0.682036 0.459824 0
0.682884 0.459148 0
0.687275 0.462161 0
0.68479 0.479666 0
0.685013 0.484053 0
0.687596 0.481119 0
0.694302 0.473266 0
0.695816 0.475015 0
0.695464 0.485627 0
0.692047 0.496106 0
0.692016 0.50323 0
0.694265 0.509515 0
0.702009 0.503236 0
0.703416 0.50955 0
0.70728 0.512223 0
0.711767 0.51366 0
0.720143 0.506959 0
0.705264 0.539684 1
0.718985 0.536388 0
0.726258 0.528754 0
0.729001 0.535563 0
0.73416 0.534624 0
0.738012 0.534898 0
0.741666 0.536141 0
0.746631 0.535834 0
0.748985 0.538433 0
0.753754 0.539744 0
0.759167 0.543199 0
0.761673 0.546199 0
0.763299 0.546591 0
0.768732 0.552524 0
0.774342 0.555096 0
0.777253 0.555693 0
0.780315 0.559332 0
0.782818 0.561464 0
0.785651 0.563552 1
