0.0724813 0.797874 1
0.085729 0.801718 0
0.0980201 0.792381 0
0.10904 0.803639 0
0.125678 0.808681 0
0.164921 0.805768 0
0.210844 0.807163 0
0.230845 0.821073 0
0.262858 0.816689 0
0.297581 0.793177 0
0.320942 0.794591 0
0.344768 0.796011 0
0.361364 0.807881 0
0.388437 0.80766 0
0.420583 0.801407 0
0.440454 0.811342 0
0.471159 0.80819 0
0.492285 0.7978 0
0.518133 0.78687 0
0.546214 0.796946 0
0.574073 0.786526 0
0.586151 0.765942 0
0.58682 0.739205 0
0.607844 0.723233 0
0.61363 0.690004 0
0.622842 0.6646 0
0.660709 0.657248 0
0.686848 0.640787 0
0.70645 0.621292 0
0.726433 0.61267 0
0.732205 0.591747 0
0.745087 0.569243 0
0.760116 0.539729 0
0.766301 0.514062 0
0.783286 0.503937 0
0.791176 0.481531 0
0.817607 0.470716 0
0.825886 0.443245 0
0.838893 0.419916 0
0.852182 0.395728 1
0.85808 0.385592 0
0.861441 0.375318 0
0.875101 0.371574 0
0.877054 0.358471 0
0.885545 0.346638 0
0.88555 0.32717 0
0.894418 0.3072 0
0.900513 0.27455 0
0.894229 0.239884 0
0.908299 0.21403 0
0.888343 0.177557 0
0.895623 0.148528 0
0.91736 0.0882762 0
0.951017 0.0720947 0
0.940106 0.0706875 0
0.924905 0.0664507 0
0.920458 0.0620879 0
0.916934 0.0567977 0
0.917236 0.0534834 0
0.907952 0.0545241 0
0.895647 0.0463623 0
0.873165 0.0358866 0
0.85906 0.0335026 0
0.825852 0.035065 0
0.802548 0.0264629 0
0.768291 0.0292706 0
0.746651 0.055835 0
0.698735 0.0495956 0
0.695092 0.05966 0
0.678669 0.0690497 0
0.671017 0.0794317 0
0.649702 0.0899546 0
0.611222 0.0897767 0
0.587966 0.11043 0
0.576324 0.114383 0
0.550653 0.132595 0
0.526819 0.137541 0
0.506511 0.142785 0
0.486292 0.149572 0
0.468327 0.148557 1
0.464901 0.148657 0
0.447952 0.160745 0
0.438398 0.164394 0
0.424172 0.171355 0
0.413091 0.176497 0
0.39825 0.18087 0
0.380401 0.188841 0
0.35308 0.194981 0
0.332686 0.198202 0
0.307659 0.198631 0
0.246093 0.196148 0
0.235971 0.220935 0
0.206527 0.226887 0
0.198016 0.246901 0
0.182112 0.26585 0
0.183054 0.283854 0
0.180914 0.302781 0
0.172147 0.316961 0
0.157684 0.331764 0
0.141068 0.343598 0
0.133393 0.357997 0
0.122752 0.362986 0
0.106256 0.377443 0
0.0982118 0.386112 0
0.0892142 0.398107 1
0.0804219 0.413902 0
0.0723546 0.429092 0
0.0648815 0.441879 0
0.0507492 0.461036 0
0.0384382 0.475847 0
0.0226921 0.493198 0
0.0210191 0.51528 0
0.0361206 0.54518 0
0.0308725 0.560592 0
0.0175117 0.564307 0
0.0217719 0.574989 0
0.0448885 0.614823 0
0.0330775 0.633157 0
0.0203131 0.631903 0
0.0218292 0.633102 0
0.0165066 0.643476 0
0.0134735 0.660811 0
0.0127119 0.670954 0
0 0.686591 0
0.0262499 0.691848 0
0.0410561 0.701622 0
0.031536 0.722272 0
0.0548206 0.740009 0
0.06025 0.761996 0
0.0613038 0.766783 0
0.0762295 0.77972 0
0.10182 0.785589 0
0.130283 0.786311 0
0.16037 0.784806 0
0.174166 0.778377 0
0.19336 0.767974 0
0.209584 0.75666 0
0.224804 0.754562 0
0.252725 0.753165 1
0.275914 0.765534 0
0.29884 0.768566 0
0.323871 0.773979 0
0.351377 0.789363 0
0.371804 0.785756 0
0.397399 0.781398 0
0.421693 0.784314 0
0.436907 0.773724 0
0.460642 0.773687 0
0.486916 0.763916 0
0.521147 0.773456 0
0.546892 0.772188 0
0.569643 0.760716 0
0.596475 0.752257 0
0.627295 0.748895 0
0.633502 0.742566 0
0.641451 0.720873 0
0.660544 0.708143 0
0.672301 0.697309 1
0.683572 0.686477 0
0.692055 0.667069 0
0.710268 0.656453 0
0.732804 0.629171 0
0.747072 0.601783 0
0.737031 0.561807 0
0.703829 0.51894 0
0.721904 0.505598 0
0.719214 0.477266 0
0.742258 0.459665 0
0.737418 0.423568 0
0.751129 0.401252 0
0.767799 0.37873 0
0.772329 0.363792 0
0.770293 0.334976 0
0.78483 0.305653 0
0.7959 0.290961 0
0.810199 0.269007 0
0.827453 0.262946 0
0.859181 0.222753 0
0.879639 0.212107 0
0.90386 0.192268 0
0.909686 0.15719 0
0.915609 0.10888 0
0.920674 0.0752068 0
0.923154 0.0754254 0
0.928746 0.0670154 0
0.937535 0.069913 0
0.936814 0.0741393 0
0.928892 0.0704666 0
0.933752 0.0671708 0
0.919589 0.0470183 0
0.89848 0.0321612 0
0.868063 0.0195342 0
0.865275 0.0135786 0
0.84498 0.00839811 0
0.825033 0.0133614 0
0.804481 0.00711333 0
0.780847 0 0
0.750419 0.00605874 1
0.716762 0.0279151 0
0.694085 0.0403227 0
0.68269 0.0568679 0
0.674944 0.0670881 0
0.648148 0.0740284 0
0.609778 0.0663968 0
0.579258 0.0720593 0
0.537097 0.0600049 0
0.517438 0.0676643 0
0.496769 0.0700737 0
0.476796 0.0748051 0
0.455211 0.0864528 0
0.436889 0.0846094 0
0.4271 0.0962802 0
0.414872 0.0966081 0
0.403059 0.10501 1
0.388958 0.113104 0
0.373556 0.122668 0
0.351282 0.131953 0
0.333456 0.141901 0
0.30486 0.152019 0
0.287688 0.168468 0
0.280967 0.193449 0
0.271552 0.208181 0
0.275877 0.241579 0
0.270468 0.265767 0
0.270201 0.288562 1
0.247823 0.287778 0
0.24377 0.306503 0
0.222328 0.320561 0
0.202143 0.323084 0
0.194968 0.331999 0
0.195486 0.356236 0
0.182436 0.369239 0
0.167258 0.391902 0
0.164931 0.417257 0
0.145339 0.429054 0
0.131346 0.44698 0
0.117283 0.453197 0
0.10541 0.470021 0
0.104065 0.484439 0
0.0921087 0.500594 0
0.0787204 0.530913 0
0.0512679 0.533396 0
0.0610426 0.566543 0
0.0547607 0.586492 0
0.0462029 0.593075 1
0.038456 0.601687 0
0.0412757 0.610639 0
0.0372361 0.618241 0
0.0316345 0.634186 0
0.0243145 0.640861 0
0.0140031 0.654292 0
0.00910578 0.662161 0
0.00941352 0.675329 0
0.0156992 0.694408 0
0.0261567 0.706734 0
0.0459922 0.715422 0
0.0550957 0.724893 0
0.0573754 0.742639 0
0.0580276 0.75415 0
0.0607665 0.766768 0
0.0766469 0.769675 0
0.113024 0.786439 0
0.145533 0.824831 0
0.196827 0.815276 0
0.245323 0.856611 0
0.293418 0.861299 0
0.318012 0.863506 0
0.344544 0.859119 0
0.361745 0.860012 0
0.363896 0.850816 0
0.403336 0.859424 0
0.411774 0.858377 0
0.435529 0.856383 1
0.456751 0.853846 0
0.481294 0.857437 0
0.502899 0.856652 0
0.53347 0.84892 0
0.556621 0.849611 0
0.586752 0.841343 0
0.603901 0.821535 0
0.600645 0.789217 0
0.581542 0.753728 0
0.571305 0.713899 0
0.574749 0.669123 0
0.589447 0.647673 0
0.60824 0.629674 0
0.61708 0.613103 0
0.622604 0.594325 1
0.641683 0.593515 0
0.634087 0.568949 0
0.652089 0.556876 0
0.674357 0.547577 0
0.682606 0.529176 0
0.692009 0.508697 0
0.702552 0.451148 0
0.716936 0.423224 0
0.72655 0.402951 0
0.737479 0.387741 0
0.753316 0.361431 0
0.784359 0.347064 0
0.792727 0.341698 1
0.803139 0.303491 0
0.825271 0.296604 0
0.839281 0.284656 0
0.855169 0.262736 0
0.872084 0.232944 0
0.894269 0.195129 0
0.911465 0.165724 0
0.918051 0.143522 0
0.929243 0.101778 0
0.953566 0.113887 0
0.981737 0.12542 1
1 0.103383 0
0.980605 0.0791445 0
0.97775 0.0570361 0
0.979126 0.0524784 1
