0.429208 0.856533 1
0.43202 0.85255 0
0.442607 0.831078 0
0.449453 0.820266 0
0.466196 0.794429 0
0.484408 0.77035 0
0.496587 0.756311 0
0.510598 0.740015 0
0.524598 0.718227 0
0.530149 0.70214 0
0.533569 0.686458 0
0.54039 0.664843 0
0.549236 0.647929 0
0.558866 0.636855 0
0.571006 0.62846 0
0.585284 0.62235 0
0.720849 0.673307 1
0.73396 0.668896 0
0.747536 0.663756 0
0.756405 0.655378 0
0.772443 0.644076 0
0.783064 0.639877 0
0.79129 0.627451 0
0.795857 0.612459 0
0.805192 0.604341 0
0.818049 0.597762 0
0.820876 0.584376 0
0.823331 0.56898 0
0.834178 0.558317 0
0.835181 0.546716 0
0.833936 0.534343 0
0.743795 0.433368 0
0.745946 0.422197 0
0.748129 0.407839 0
0.745737 0.395575 0
0.755875 0.384658 0
0.755469 0.366766 0
0.753496 0.352504 0
0.757728 0.338736 0
0.759876 0.322652 0
0.759101 0.305578 0
0.759075 0.291486 0
0.760607 0.275061 0
0.763878 0.257535 0
0.769649 0.238252 0
0.774344 0.219669 0
0.772646 0.200408 0
0.767982 0.18411 0
0.761264 0.166373 0
0.752886 0.143804 0
0.758525 0.0731737 0
0.743003 0.0497183 0
0.725676 0.0373459 0
0.72526 0.0246768 0
0.713357 0.0090849 1
0.700895 0.0247689 0
0.690218 0.0190845 0
0.685283 0.00501366 0
0.669943 0 0
0.658228 0.0131234 0
0.643531 0.0109582 0
0.632618 0.000196021 0
0.61807 0.00522692 0
0.593951 0.0147762 0
0.570735 0.0235393 0
0.543228 0.0367214 0
0.515322 0.0495928 0
0.489209 0.063766 0
0.467697 0.0775206 0
0.445772 0.0921953 0
0.421294 0.110091 0
0.398506 0.125341 0
0.371793 0.137221 0
0.349577 0.146331 0
0.332644 0.153083 0
0.319052 0.159457 0
0.303163 0.168668 0
0.284571 0.17781 0
0.268123 0.186118 0
0.255402 0.19488 0
0.243281 0.20494 0
0.594767 0.837714 1
0.215516 0.277111 0
0.198402 0.285572 0
0.136297 0.277265 0
0.117332 0.289256 0
0.105544 0.300145 0
0.0930816 0.314225 0
0.083387 0.327994 1
0.0776617 0.341951 0
0.0734685 0.359264 0
0.0686462 0.38215 0
0.0630981 0.397036 0
0.0576203 0.413064 0
0.0463081 0.426127 0
0.0457908 0.441019 0
0.0436913 0.453502 0
0.0426569 0.473132 0
0.0413704 0.491077 0
0.0313519 0.505745 0
0.0350896 0.519476 0
0.0323728 0.53875 0
0.0299572 0.554425 0
0.0241441 0.572479 0
0.0290538 0.588601 0
0.0315266 0.603524 0
0.0327882 0.617382 0
0.0333185 0.633856 0
0.0321589 0.66066 0
0.0305708 0.678111 0
0.0342272 0.672558 0
0.0330532 0.724494 0
0.038901 0.722796 0
0.0414332 0.743598 0
0.0447184 0.763138 0
0.0487767 0.782066 1
0.0553677 0.802996 0
0.0624551 0.819494 0
0.0768634 0.844017 0
0.085049 0.853045 0
0.0952454 0.861268 0
0.107621 0.87659 0
0.108377 0.889852 0
0.12061 0.891247 0
0.136668 0.882327 0
0.150508 0.875561 1
0.156556 0.888886 0
0.150231 0.902256 0
0.139182 0.911096 0
0.131222 0.923825 0
0.142909 0.934027 0
0.155727 0.937932 0
0.171315 0.933204 0
0.177018 0.947035 0
0.190348 0.953063 0
0.203494 0.957883 0
0.214797 0.965906 0
0.228506 0.960353 0
0.243112 0.954907 0
0.254334 0.947645 0
0.269405 0.935888 0
0.283224 0.927794 0
0.296598 0.921122 0
0.318548 0.905605 0
0.333464 0.891592 0
0.357165 0.867065 0
0.365656 0.860107 0
0.377052 0.849238 0
0.386917 0.836922 0
0.394858 0.821395 0
0.406781 0.813616 0
0 0.842519 1
0.502063 0.80717 1
0.512606 0.798058 0
0.525211 0.785367 0
0.539115 0.768364 0
0.55258 0.756343 0
0.568304 0.744909 1
0.582075 0.739565 0
0.595665 0.733102 0
0.611444 0.72344 0
0.627198 0.711046 0
0.642405 0.699044 0
0.656027 0.680817 0
0.666633 0.661618 0
0.67555 0.646357 0
0.684278 0.631337 0
0.691967 0.615649 0
0.69992 0.602411 0
0.709808 0.593663 0
0.71945 0.582118 0
0.728754 0.567885 0
0.739189 0.554246 0
0.748198 0.543108 0
0.757564 0.532769 0
0.770479 0.522542 0
0.77707 0.512766 0
0.787499 0.501702 0
0.812001 0.477715 0
0.82031 0.461287 0
0.832225 0.446957 0
0.838584 0.433026 0
0.845011 0.414397 0
0.849621 0.395932 0
0.852593 0.377445 0
0.853925 0.358568 0
0.854807 0.339728 1
0.854154 0.318688 0
0.852107 0.300776 0
0.850794 0.283578 0
0.846612 0.262227 0
0.838857 0.237064 0
0.833103 0.219637 0
0.827493 0.203341 0
0.82055 0.184884 0
0.811998 0.16471 0
0.803617 0.149562 0
0.794673 0.135624 0
0.781856 0.120775 0
0.7598 0.109168 0
0.73626 0.100799 0
0.715837 0.0921992 0
0.712551 0.0798427 0
0.695775 0.0861847 0
0.68521 0.0790852 0
0.688079 0.065834 0
0.674992 0.0620206 0
0.659709 0.0743801 0
0.650077 0.0622791 0
0.639599 0.0564317 0
0.628253 0.0683823 0
0.616392 0.0563836 0
0.605798 0.0659035 0
0.592211 0.0592308 0
0.576789 0.0714875 1
0.53951 0.087212 0
0.52265 0.0954726 0
0.509261 0.102314 0
0.478335 0.118481 0
0.459872 0.128073 0
0.443363 0.137345 0
0.729882 0.748384 1
0.391251 0.169335 0
0.375161 0.179072 0
0.351867 0.191851 0
0.332953 0.202002 0
0.315057 0.211399 0
0.295265 0.222225 0
0.277331 0.231336 0
0.25768 0.23944 0
0.233407 0.244894 0
0.198814 0.24587 0
0.181131 0.250266 0
0.171539 0.261187 0
0.167398 0.281378 0
0.163572 0.294964 0
0.159093 0.309266 0
0.153049 0.321901 0
0.143573 0.334126 0
0.134184 0.345154 0
0.126403 0.359247 0
0.121195 0.376865 0
0.116861 0.389966 0
0.109621 0.405424 0
0.104268 0.420571 0
0.0999012 0.435458 0
0.0952744 0.449459 0
0.0912645 0.465387 0
0.086334 0.479741 0
0.0837374 0.494276 0
0.0893042 0.511717 0
0.0931639 0.5253 0
0.0770055 0.541392 0
0.0764491 0.558568 0
0.074836 0.573843 0
0.0746707 0.586441 0
0.0769326 0.601172 0
0.0771809 0.618536 0
0.0745216 0.64029 0
0.0744101 0.657729 0
0.0790731 0.679402 0
0.0814893 0.694989 0
0.0814466 0.723253 0
0.0903315 0.736025 0
0.0874446 0.754939 0
0.0956819 0.772649 0
0.0996818 0.792214 0
0.0471005 0.949729 0
0.0567026 0.968687 0
0.0729712 0.979351 0
0.085955 0.969728 0
0.0981519 0.955852 0
0.109033 0.955236 0
0.0997748 0.990406 0
0.113199 0.98018 0
0.126533 0.970299 0
0.127226 0.994495 0
0.139352 0.994698 0
0.150025 0.977671 0
0.162022 0.996225 0
0.176409 1 0
0.188897 0.991873 0
0.21278 0.921674 0
0.22356 0.908036 0
0.227185 0.893391 0
0.245316 0.894997 0
0.257745 0.883443 0
0.269024 0.869546 1
0.285385 0.848748 0
0.297065 0.835561 0
0.30755 0.825693 0
0.325513 0.809882 0
0.339177 0.797941 0
0.351614 0.787886 0
0.364268 0.778149 0
0.376002 0.769565 0
0.388763 0.761193 0
0.409417 0.748145 0
0.421191 0.739735 0
0.436408 0.728776 1
0.45831 0.712906 0
0.47369 0.703086 0
0.485496 0.696891 0
0.573186 0.699959 0
0.584009 0.693455 0
0.595735 0.686776 0
0.61233 0.676769 0
0.623869 0.666811 0
0.630369 0.651421 0
0.63652 0.637064 0
0.639778 0.622233 0
0.650873 0.610224 0
0.659598 0.59677 0
0.666841 0.583109 0
0.676866 0.570782 0
0.687561 0.557686 0
0.694387 0.543531 0
0.704177 0.528031 0
0.713913 0.516711 0
0.725852 0.506405 0
0.73418 0.495641 0
0.745874 0.485369 0
0.756019 0.477914 0
0.780499 0.457166 0
0.785546 0.446751 0
0.792876 0.431551 0
0.802864 0.406102 0
0.805627 0.388955 0
0.80757 0.372083 0
0.808803 0.352037 0
0.809571 0.336092 0
0.808357 0.317425 0
0.806819 0.297951 0
0.805518 0.2815 0
0.801631 0.262645 0
0.795226 0.24869 0
0.738569 0.228758 0
0.727912 0.217107 0
0.719135 0.203116 0
0.709441 0.18895 0
0.700264 0.177693 0
0.685498 0.158222 0
0.683485 0.144346 0
0.667948 0.137776 0
0.660878 0.12635 0
0.648214 0.128519 0
0.635362 0.124542 0
0.625955 0.133425 0
0.637015 0.150645 0
0.639861 0.164475 1
0.631943 0.175739 0
0.614464 0.16478 0
0.610441 0.182178 0
0.599278 0.183678 0
0.592109 0.168218 0
0.587117 0.152144 0
0.571033 0.154144 0
0.560086 0.164482 0
0.545371 0.169376 0
0.526884 0.171556 0
0.507985 0.174654 0
0.489719 0.178481 0
0.476365 0.181458 0
0.459794 0.185211 0
0.44236 0.190606 0
0.427283 0.196486 0
0.411508 0.203297 0
0.391019 0.213447 0
0.370826 0.228467 0
0.355974 0.234131 0
0.331887 0.246896 0
0.31481 0.256177 0
0.296281 0.26603 0
0.281458 0.2743 0
0.272984 0.295202 1
0.256268 0.295275 0
0.258878 0.315007 0
0.238523 0.325525 0
0.246712 0.340892 0
0.227339 0.34732 0
0.226158 0.361756 0
0.210309 0.372177 0
0.204819 0.383726 0
0.196157 0.395023 0
0.179703 0.406705 0
0.170822 0.414739 0
0.177796 0.435499 0
0.189807 0.456065 0
0.189367 0.459585 1
0.15201 0.47272 0
0.147996 0.490069 0
0.138923 0.50126 0
0.138959 0.518629 0
0.138142 0.530857 0
0.132741 0.544831 0
0.120622 0.5573 0
0.124726 0.572625 0
0.123044 0.585903 0
0.126643 0.600811 0
0.117694 0.618066 0
0.11354 0.644124 0
0.115005 0.658271 0
0.127443 0.681184 0
0.122803 0.683391 0
0.130002 0.736823 0
0.122966 0.723528 0
0.127709 0.751031 0
0.132595 0.768419 0
0.133997 0.781445 0
0.139793 0.806402 1
0.127104 0.817924 0
0.051238 0.888008 0
0.0668197 0.903719 0
0.0609988 0.913293 0
0.0760525 0.920127 1
