0.420968 0.252395 1
0.438629 0.23972 0
0.460522 0.228783 0
0.479817 0.219202 0
0.502936 0.205879 0
0.524097 0.190265 0
0.543831 0.176646 0
0.564816 0.162495 0
0.589096 0.145558 0
0.614261 0.125132 0
0.63617 0.105149 1
0.655423 0.0885582 0
0.674868 0.0716716 0
0.698825 0.0573613 0
0.720309 0.045158 0
0.738633 0.0352291 0
0.755177 0.0298988 0
0.772267 0.0202869 0
0.781017 0.00470899 0
0.79682 0 0
0.808959 0.0148032 0
0.823343 0.00458972 0
0.838655 0.00799605 0
0.857664 0.0127857 0
0.88139 0.0146508 0
0.892926 0.0196587 1
0.908343 0.0370963 0
0.922546 0.0558644 0
0.791169 0.251153 0
0.781377 0.269656 0
0.775237 0.28621 0
0.773093 0.306237 0
0.767349 0.323476 0
0.759309 0.339732 0
0.75253 0.35825 0
0.748635 0.379219 0
0.739053 0.389329 0
0.733143 0.404112 0
0.729549 0.423383 0
0.71785 0.437969 0
0.708639 0.455608 0
0.697226 0.473688 0
0.685656 0.48777 0
0.679864 0.503448 0
0.670719 0.517601 0
0.660345 0.534652 0
0.650015 0.551696 0
0.639799 0.566962 0
0.624718 0.582258 0
0.605779 0.595885 0
0.593976 0.609425 0
0.591369 0.657801 0
0.577361 0.672175 0
0.560903 0.683441 0
0.540635 0.698682 0
0.521676 0.710336 0
0.505638 0.718785 1
0.482562 0.724874 0
0.462392 0.732945 0
0.441999 0.742947 0
0.423313 0.751339 0
0.401078 0.759845 0
0.379389 0.768739 0
0.361497 0.779348 0
0.345492 0.788433 0
0.328494 0.797982 0
0.310124 0.80723 1
0.250906 0.791408 0
0.234097 0.803221 0
0.219897 0.818124 0
0.207577 0.834643 0
0.19913 0.850682 0
0.181616 0.864587 0
0.162731 0.858904 1
0.154136 0.870552 0
0.155849 0.890728 0
0.151552 0.907024 0
0.145894 0.9197 0
0.135951 0.92866 0
0.120541 0.931665 0
0.10947 0.923358 0
0.109313 0.904344 0
0.0924934 0.895187 0
0.0829781 0.877566 0
0.0866118 0.862833 0
0.0795828 0.852671 0
0.0654941 0.840599 0
0.058453 0.819828 0
0.0550519 0.796285 0
0.0648091 0.780787 0
0.0831908 0.77655 0
0.0507935 0.745458 0
0.0619133 0.723487 0
0.0668258 0.707615 0
0.0763484 0.692271 0
0.0842989 0.677558 0
0.0855774 0.656544 0
0.0909565 0.638676 0
0.0930871 0.61682 0
0.10079 0.602204 0
0.11559 0.594205 0
0.129068 0.577612 0
0.13806 0.562148 0
0.139753 0.543523 0
0.147656 0.526816 0
0.156213 0.509845 0
0.165006 0.489099 0
0.179834 0.475731 0
0.19569 0.462855 0
0.216049 0.446564 0
0.235314 0.426954 0
0.25143 0.411308 0
0.268705 0.394169 0
0.286853 0.377578 0
0.303282 0.3648 0
0.322529 0.352144 0
0.34062 0.339455 0
0.357718 0.325045 0
0.375211 0.311344 0
0.392149 0.301144 0
0.411772 0.293152 0
0.437331 0.28628 0
0.463038 0.2762 0
0.48787 0.266146 0
0.512625 0.257027 0
0.538984 0.255122 0
0.571857 0.26391 0
0.601598 0.255816 0
0.634243 0.241691 0
0.662601 0.224334 0
0.691325 0.213116 0
0.707975 0.20405 0
0.724675 0.189851 0
0.744527 0.170291 0
0.758584 0.150041 0
0.76602 0.115869 0
0.78131 0.0953645 0
0.797399 0.0812004 0
0.81279 0.0767081 0
0.825965 0.0722878 0
0.839281 0.0715806 0
0.856143 0.0792237 0
0.871791 0.0858626 0
0.884677 0.0937612 0
0.853689 0.176326 0
0.847117 0.196186 0
0.847432 0.213969 0
0.848864 0.247626 0
0.847758 0.266372 0
0.845233 0.299746 0
0.840942 0.316486 0
0.840566 0.334438 0
0.835677 0.352038 0
0.82449 0.374559 0
0.812665 0.400326 0
0.804753 0.422887 0
0.553439 0.0986925 1
0.79601 0.464508 0
0.773548 0.478713 0
0.76335 0.498876 0
0.770592 0.509921 0
0.733262 0.530925 0
0.73317 0.55472 0
0.716654 0.568343 0
0.695081 0.570248 0
0.682765 0.579765 0
0.67326 0.596912 0
0.657239 0.610578 0
0.643284 0.621449 0
0.627155 0.63274 0
0.607529 0.637113 0
0.57681 0.633584 0
0.552184 0.640209 0
0.53197 0.651643 0
0.513322 0.661539 0
0.497873 0.66847 0
0.480742 0.678615 0
0.458065 0.690203 0
0.434391 0.699273 0
0.411902 0.70816 0
0.392706 0.717185 0
0.364925 0.725516 0
0.343581 0.735203 0
0.318534 0.746844 0
0.304042 0.756182 0
0.291303 0.768457 0
0.282569 0.790535 0
0.278315 0.811102 0
0.269938 0.834128 0
0.259329 0.851477 0
0.247535 0.87172 0
0.235886 0.887306 0
0.218983 0.90551 0
0.208258 0.923122 0
0.197918 0.933895 0
0.18537 0.944962 0
0.16492 0.961079 0
0.147403 0.975531 0
0.113683 0.991744 0
0.100682 0.990069 0
0.0888155 1 0
0.0744301 0.995212 0
0.0645943 0.979508 1
0.0540459 0.964787 0
0.0464392 0.949227 0
0.0431791 0.935487 0
0.038506 0.893167 0
0.0344939 0.872187 0
0.0279528 0.854495 0
0.0215705 0.831122 0
0.0170866 0.805707 0
0.0231084 0.782574 0
0.00927227 0.751475 0
0 0.733731 1
0.00518671 0.694514 0
0.017865 0.67203 0
0.0251864 0.662801 0
0.0625471 0.654711 0
0.111441 0.661306 0
0.121987 0.636958 0
0.140492 0.621221 0
0.156543 0.609214 0
0.340319 0.875401 1
0.0966113 0.54431 1
0.169844 0.555786 0
0.174679 0.54035 0
0.18887 0.523461 0
0.202672 0.507628 0
0.219028 0.488966 0
0.234949 0.474565 0
0.248198 0.458017 0
0.262935 0.444341 0
0.282047 0.432623 0
0.299839 0.419585 0
0.316179 0.406403 0
0.332037 0.394502 0
0.349011 0.379326 0
0.368191 0.364636 0
0.386278 0.353471 0
0.407608 0.344649 0
0.426603 0.337827 0
0.445061 0.327885 0
0.47049 0.315693 0
0.495324 0.305822 0
0.518749 0.296087 0
0.540181 0.281341 0
0.561424 0.232852 0
0.580462 0.219426 0
0.598502 0.207707 0
0.615527 0.194417 0
0.639984 0.179145 0
0.658932 0.1678 0
0.676193 0.155538 0
0.694893 0.142204 0
0.710702 0.131939 0
0.725115 0.126163 0
0.78465 0.14153 0
0.794119 0.125224 0
0.807488 0.131716 0
0.822079 0.117012 0
0.833934 0.123567 0
0.841164 0.137524 1
0.855747 0.130419 0
0.875171 0.128506 0
0.892407 0.136379 0
0.895971 0.158235 0
0.900557 0.180627 0
0.900212 0.204267 0
0.900365 0.226561 0
0.898898 0.250661 0
0.897484 0.271019 0
0.890125 0.301673 0
0.88275 0.321202 0
0.870317 0.349712 0
0.870257 0.383405 0
0.851105 0.395221 0
0.835538 0.41232 1
