0.218044 0.337177 1
0.217841 0.337185 0
0.217666 0.337208 0
0.217782 0.337187 0
0.217752 0.33724 0
0.217408 0.337256 0
0.21728 0.337677 0
0.212223 0.335664 0
0.206612 0.372532 0
0.206701 0.375748 0
0.207087 0.37566 0
0.207108 0.375642 0
0.207101 0.375642 0
0.207042 0.375606 0
0.207088 0.37563 0
0.207071 0.375584 0
0.206901 0.375378 0
0.207069 0.3754 0
0.207296 0.375169 0
0.207401 0.375329 0
0.207115 0.375647 1
0.206115 0.376387 0
0.20602 0.376714 0
0.206244 0.376945 0
0.205339 0.377361 0
0.2054 0.378334 0
0.205028 0.379081 0
0.203946 0.378801 0
0.203686 0.37959 0
0.203372 0.380426 0
0.201925 0.38161 0
0.200588 0.384915 0
0.197241 0.393382 0
0.197356 0.393055 0
0.194708 0.395407 0
0.195132 0.395525 0
0.192283 0.396882 0
0.189944 0.397634 0
0.189345 0.397856 0
0.189244 0.397892 0
0.189178 0.397908 1
0.189174 0.397799 0
0.189184 0.397734 0
0.189448 0.398318 0
0.188939 0.397813 0
0.188946 0.398034 0
0.188858 0.39796 0
0.190437 0.394682 0
0.189921 0.39583 0
0.189987 0.395642 0
0.19016 0.395033 0
0.190003 0.393976 0
0.190585 0.392434 0
0.192286 0.387669 0
0.201502 0.361638 0
0.198192 0.36602 0
0.205754 0.336728 0
0.189571 0.325699 0
0.187353 0.322855 0
0.186976 0.329453 0
0.187353 0.322574 0
0.187187 0.322338 1
0.187778 0.323277 0
0.187173 0.325982 0
0.188706 0.324491 0
0.187945 0.322046 0
0.188171 0.321854 0
0.187676 0.321925 0
0.188289 0.321594 0
0.187822 0.321838 0
0.188007 0.32079 0
0.19934 0.331517 0
0.184445 0.276375 0
0.186459 0.281603 0
0.186511 0.282158 0
0.186387 0.282056 0
0.186273 0.282041 0
0.186321 0.282035 0
0.186239 0.281827 0
0.186395 0.28202 0
0.186443 0.282027 0
0.186442 0.282037 1
0.186468 0.281963 0
0.186105 0.280434 0
0.185975 0.27993 0
0.185469 0.280039 0
0.185221 0.279103 0
0.185524 0.278665 0
0.185039 0.277143 0
0.185344 0.276529 0
0.185712 0.2751 0
0.186838 0.273974 0
0.187029 0.272371 0
0.187148 0.270906 0
0.188108 0.270522 0
0.188775 0.269749 0
0.189328 0.269289 0
0.190229 0.268142 0
0.190853 0.26782 0
0.19153 0.267107 0
0.191882 0.266873 0
0.192427 0.267277 0
0.192921 0.26717 1
0.192436 0.26691 0
0.192293 0.266503 0
0.193365 0.26649 0
0.194486 0.266559 0
0.194854 0.266463 0
0.195989 0.266513 0
0.198068 0.270471 0
0.199363 0.27101 0
0.201051 0.270435 0
0.201915 0.271015 0
0.201228 0.270656 0
0.201763 0.271104 0
0.202896 0.271735 0
0.202376 0.272119 0
0.204173 0.27797 0
0.204374 0.276161 0
0.20432 0.273472 0
0.203984 0.274095 0
0.204714 0.274256 0
0.20501 0.274571 1
0.204847 0.274691 0
0.204867 0.27491 0
0.204803 0.274792 0
0.204714 0.275311 0
0.203991 0.276257 0
0.204056 0.279635 0
0.204196 0.278471 0
0.203551 0.282901 0
0.2043 0.279167 0
0.204604 0.283814 0
0.204374 0.285449 0
0.204399 0.285509 0
0.204605 0.285833 0
0.204616 0.285845 0
0.204615 0.285837 0
0.20459 0.285795 0
0.204555 0.285733 0
0.204635 0.285847 0
0.204631 0.285817 0
0.204622 0.285854 1
0.204806 0.28547 0
0.204885 0.285737 0
0.204441 0.285332 0
0.204595 0.285732 0
0.204897 0.284853 0
0.205904 0.308526 0
0.207758 0.306776 0
0.208038 0.306757 0
0.207548 0.306501 0
0.207319 0.307283 0
0.208286 0.306956 0
0.206967 0.306801 0
0.199575 0.342188 0
0.19993 0.343372 0
0.199656 0.342972 0
0.197387 0.344824 0
0.198773 0.344378 0
0.197403 0.344883 0
0.198782 0.344723 0
0.198272 0.344984 0
0.19719 0.345298 1
0.197204 0.345594 0
0.196355 0.346049 0
0.196602 0.346059 0
0.196177 0.34681 0
0.196946 0.346488 0
0.197864 0.348233 0
0.197192 0.347427 0
0.201847 0.347865 0
0.182529 0.3749 0
0.189901 0.376413 0
0.199681 0.350082 0
0.184531 0.375488 0
0.184935 0.373086 0
0.184095 0.371242 0
0.184126 0.371555 0
0.183954 0.371124 0
0.184007 0.371233 0
0.184074 0.371588 0
0.184039 0.371315 0
0.183937 0.371011 1
0.183227 0.370985 0
0.181493 0.372467 0
0.181172 0.377113 0
0.181472 0.378222 0
0.180582 0.381549 0
0.179839 0.380961 0
0.18208 0.384491 0
0.180513 0.385149 0
0.1811 0.387261 0
0.18098 0.385284 0
0.179943 0.388287 0
0.179451 0.391403 0
0.179084 0.394269 0
0.178443 0.396633 0
0.178982 0.396396 0
0.178738 0.395624 0
0.179269 0.397436 0
0.178162 0.396883 0
0.17997 0.398124 0
0.180106 0.398033 0
0.180396 0.398265 1
0.180332 0.398412 0
0.180395 0.398401 0
0.180412 0.398363 0
0.180501 0.398319 0
0.180498 0.398462 0
0.18059 0.39847 0
0.180383 0.39853 0
0.180276 0.398671 0
0.180333 0.398413 0
0.18025 0.398396 0
0.180341 0.398339 0
0.180271 0.398459 0
0.180299 0.398547 0
0.180177 0.39856 0
0.180547 0.398602 0
0.180808 0.398797 0
0.173258 0.397538 0
0.186636 0.365263 0
0.185769 0.364592 0
0.185829 0.364622 1
0.185882 0.364179 0
0.186006 0.363828 0
0.185285 0.363329 0
0.185838 0.361996 0
0.185027 0.360315 0
0.184866 0.358576 0
0.184124 0.357188 0
0.183318 0.354731 0
0.183426 0.353391 0
0.183213 0.352668 0
0.183284 0.351619 0
0.18338 0.349662 0
0.18414 0.348571 0
0.183632 0.347018 0
0.184014 0.345775 0
0.185691 0.34473 0
0.185081 0.343422 0
0.186192 0.343436 0
0.186727 0.342145 0
0.18828 0.342261 1
0.187515 0.341062 0
0.188451 0.342359 0
0.188311 0.342234 0
0.188572 0.342191 0
0.188302 0.342247 0
0.188499 0.342296 0
0.188269 0.342277 0
0.188614 0.342408 0
0.187626 0.342121 0
0.203691 0.317225 0
0.209826 0.309574 0
0.208764 0.308776 0
0.208427 0.311519 0
0.208849 0.308667 0
0.208338 0.311179 0
0.208788 0.308728 0
0.208773 0.308637 0
0.208775 0.308635 0
0.208833 0.308716 0
0.208753 0.308615 0
0.208764 0.308625 1
0.208763 0.308631 0
0.208686 0.308611 0
0.20887 0.308658 0
0.208709 0.308477 0
0.209007 0.308796 0
0.208487 0.30844 0
0.209102 0.308802 0
0.208629 0.308353 0
0.207764 0.31209 0
0.223634 0.313725 0
0.225076 0.31479 0
0.228664 0.308235 0
0.228403 0.307798 0
0.228399 0.307865 0
0.228294 0.307828 0
0.228295 0.30771 0
0.228365 0.307671 0
0.228464 0.307613 0
0.228544 0.30761 0
0.228664 0.30754 1
0.228687 0.307582 0
0.228761 0.307596 0
0.22872 0.30756 0
0.22813 0.308026 0
0.225654 0.310784 0
0.217067 0.320105 0
0.209385 0.309052 0
0.209953 0.311331 0
0.218994 0.318805 0
0.215441 0.324306 0
0.176014 0.342589 0
0.180427 0.338381 0
0.179431 0.339741 0
0.180851 0.332405 0
0.216143 0.427059 0
0.216041 0.423834 0
0.218877 0.427079 0
0.219675 0.427924 0
0.219387 0.427484 0
0.219678 0.427697 0
0.219694 0.427751 1
0.217553 0.428155 0
0.215855 0.428564 0
0.21696 0.427116 0
0.217111 0.427827 0
0.219938 0.429975 0
0.217252 0.428581 0
0.214215 0.427003 0
0.215826 0.428063 0
0.2209 0.423478 0
0.217789 0.424776 0
0.218624 0.431379 0
0.21366 0.425898 0
0.212969 0.426698 0
0.211958 0.426768 0
0.209587 0.42727 0
0.185712 0.423901 0
0.199983 0.42788 0
0.180737 0.423215 0
0.183721 0.396559 0
0.186798 0.397947 1
0.186277 0.397636 0
0.184261 0.39871 0
0.16187 0.359015 0
0.171128 0.350152 0
0.169171 0.343927 0
0.192975 0.339876 0
0.194965 0.345461 0
0.191256 0.342063 0
0.193178 0.342561 0
0.19095 0.341607 0
0.190832 0.341783 0
0.189853 0.341939 0
0.189411 0.342447 0
0.193034 0.341301 0
0.224918 0.31719 0
0.222711 0.312925 0
0.223907 0.31243 0
0.219564 0.311687 0
0.253374 0.32354 0
0.254892 0.320776 1
0.253635 0.318046 0
0.324795 0.275919 0
0.321881 0.274676 0
0.321824 0.273527 0
0.316658 0.269234 0
0.315135 0.269307 0
0.315051 0.269716 0
0.31738 0.270643 0
0.317195 0.271195 0
0.316028 0.270452 0
0.316571 0.270694 0
0.316475 0.271282 0
0.317211 0.271267 0
0.317637 0.271947 0
0.315458 0.272396 0
0.315208 0.271713 0
0.315232 0.271335 0
0.314949 0.271426 0
0.315528 0.271331 0
0.314956 0.271498 0
0.314896 0.271443 1
0.314413 0.271667 0
0.314001 0.271381 0
0.314187 0.271291 0
0.314187 0.271239 0
0.313992 0.27068 0
0.313705 0.269306 0
0.315687 0.273918 0
0.263502 0.310359 0
0.311008 0.288637 0
0.207554 0.306473 0
0.217866 0.301264 0
0.217042 0.300993 0
0.21714 0.301073 0
0.217189 0.300949 0
0.217136 0.300963 0
0.217522 0.300622 0
0.217572 0.300627 0
0.21788 0.300439 0
0.218088 0.300257 0
0.218349 0.300144 1
0.218369 0.300124 0
0.218392 0.300107 0
0.218418 0.300069 0
0.218401 0.300071 0
0.218407 0.300053 0
0.218365 0.300049 0
0.218392 0.300023 0
0.218406 0.299994 0
0.218505 0.300024 0
0.218345 0.301109 0
0.222287 0.311415 0
0.224151 0.372411 0
0.262891 0.317075 0
0.268015 0.319713 0
0.268178 0.319404 0
0.26814 0.319385 0
0.268139 0.319337 0
0.268214 0.319281 0
0.268269 0.319223 0
0.268295 0.31922 0
0.268309 0.319202 1
0.26805 0.318899 0
0.267835 0.318314 0
0.267669 0.31814 0
0.267556 0.31752 0
0.267523 0.317777 0
0.268253 0.318416 0
0.266287 0.315474 0
0.266684 0.315422 0
0.266236 0.313588 0
0.265995 0.313017 0
0.266096 0.31153 0
0.265831 0.311239 0
0.26587 0.311538 0
0.266295 0.311063 0
0.265682 0.30968 0
0.265625 0.309267 0
0.26581 0.309847 0
0.265417 0.309206 0
0.265207 0.308719 0
0.264963 0.308078 1
0.265133 0.307836 0
0.265404 0.307507 0
0.264737 0.307533 0
0.269803 0.309579 0
0.220026 0.295481 0
0.209837 0.3498 0
0.251575 0.325932 0
0.265522 0.309132 0
0.266518 0.306787 0
0.266892 0.306269 0
0.267264 0.305713 0
0.269082 0.304329 0
0.269756 0.302351 0
0.269624 0.302046 0
0.273778 0.295062 0
0.220651 0.306699 0
0.283108 0.301444 0
0.269982 0.288217 0
0.26607 0.286402 0
0.265676 0.2856 1
0.265571 0.28561 0
0.265406 0.285899 0
0.265782 0.285978 0
0.270946 0.287856 0
0.291163 0.299434 0
0.19505 0.194375 0
0.200634 0.192561 0
0.198885 0.194157 0
0.202749 0.187674 0
0.199499 0.192149 0
0.200057 0.192436 0
0.200846 0.191177 0
0.198515 0.194405 0
0.199555 0.19226 0
0.199933 0.191527 0
0.201206 0.189746 0
0.202361 0.188723 0
0.203433 0.186235 0
0.20346 0.186521 0
0.20338 0.18483 0
0.203455 0.186218 1
0.202023 0.186696 0
0.204811 0.188904 0
0.201056 0.189809 0
0.207679 0.192129 0
0.209997 0.188228 0
0.208832 0.195377 0
0.213838 0.185025 0
0.215602 0.186907 0
0.218464 0.192972 0
0.218523 0.199089 0
0.219777 0.19365 0
0.225564 0.165165 0
0.372684 0.022867 0
0.413523 0.0970851 0
0.409725 0.0950629 0
0.425985 0.1126 0
0.414732 0.108845 0
0.414163 0.112807 0
0.41532 0.11783 0
0.416755 0.122345 1
0.416897 0.122839 0
0.416805 0.122649 0
0.416713 0.122366 0
0.416745 0.122345 0
0.416706 0.122353 0
0.416949 0.122534 0
0.412979 0.119307 0
0.402036 0.122485 0
0.370482 0.0534232 0
0.803045 0.218533 0
0.802772 0.134758 0
0.802568 0.13622 0
0.803022 0.13657 0
0.802942 0.136647 0
0.803114 0.137456 0
0.804729 0.137277 0
0.805433 0.137767 0
0.805776 0.138064 0
0.806629 0.138125 0
0.806923 0.138602 0
0.807189 0.138609 1
0.809183 0.140037 0
0.810743 0.141815 0
0.809213 0.141208 0
0.810983 0.142015 0
0.808861 0.140398 0
0.809119 0.140943 0
0.810012 0.141875 0
0.811206 0.142983 0
0.812119 0.143995 0
0.81751 0.143969 0
0.824643 0.172376 0
0.946148 0.158213 0
0.946547 0.1602 0
0.946553 0.159891 0
0.947028 0.159662 0
0.947676 0.159279 0
0.948209 0.159196 0
0.948195 0.15934 0
0.948852 0.159023 0
0.949328 0.158963 1
0.949328 0.158963 0
0.949328 0.158963 0
0.949328 0.158963 0
0.949328 0.158963 0
0.949328 0.158963 0
0.949328 0.158963 0
0.949328 0.158963 0
0.949328 0.158963 0
0.949327 0.158963 0
0.949326 0.158964 0
0.94932 0.158971 0
0.949298 0.158998 0
0.949134 0.15914 0
0.948643 0.160036 0
0.946678 0.160693 0
0.95294 0.169571 0
0.285642 0.103248 0
0.30526 0.214871 0
0.299774 0.211418 0
0.298789 0.213017 1
0.299358 0.2131 0
0.292113 0.205282 0
0.00776793 0.237459 0
0.0502377 0.268773 0
0.0634316 0.251917 0
0.332509 0.400637 0
0.279998 0.420296 0
0.286157 0.419779 0
0.284385 0.42434 0
0.283289 0.426259 0
0.283741 0.422495 0
0.286827 0.422911 0
0.328201 0.390892 0
0.0530685 0.220104 0
0.0437981 0.270112 0
0.0462622 0.274834 0
0.0459113 0.275065 0
0.0459476 0.275147 0
0.0459535 0.275145 0
0.0459674 0.275137 0
0.0459561 0.275149 1
0.0375318 0.276159 0
0.031783 0.281996 0
0.031442 0.293151 0
0.0315118 0.296496 0
0.0294392 0.302132 0
0.0254018 0.307103 0
0.0219249 0.31531 0
0.0190663 0.321946 0
0.00781577 0.32357 0
0.00433295 0.330144 0
0.000698402 0.335705 0
0 0.342214 0
0.00293375 0.348991 0
0.00326298 0.355429 0
0.0105764 0.361837 0
0.0143173 0.369876 0
0.0181282 0.378269 0
0.0261444 0.385578 0
0.0303994 0.389297 0
0.0346173 0.393961 1
0.0346124 0.393992 0
0.0347826 0.394222 0
0.0354702 0.395129 0
0.0354124 0.395358 0
0.0370338 0.397624 0
0.0393829 0.399201 0
0.0408692 0.402057 0
0.0421699 0.403416 0
0.0201829 0.404879 0
0.79397 0.537131 0
0.795432 0.589977 0
0.795482 0.585125 0
0.794737 0.587837 0
0.795895 0.589506 0
0.79722 0.590008 0
0.798084 0.591503 0
0.798593 0.593986 0
0.798975 0.595804 0
0.799667 0.597493 0
0.800145 0.599453 0
0.800711 0.600507 1
0.801212 0.604703 0
0.800355 0.60983 0
0.801457 0.613053 0
0.801918 0.616466 0
0.799203 0.621187 0
0.799794 0.623483 0
0.79621 0.626975 0
0.794609 0.631412 0
0.790551 0.635546 0
0.788191 0.635932 0
0.784687 0.638153 0
0.786267 0.64253 0
0.78487 0.64589 0
0.792866 0.650864 0
0.751181 0.679244 0
0.74966 0.683289 0
0.749075 0.68498 0
0.748944 0.685381 0
0.748803 0.685742 0
0.748803 0.685796 1
0.751199 0.683841 0
0.746669 0.682819 0
0.752288 0.685293 0
0.754903 0.684143 0
0.745668 0.68471 0
0.815302 0.688351 0
0.771027 0.679215 0
0.820822 0.710717 0
0.785403 0.690216 0
0.801361 0.697826 0
0.791894 0.696201 0
0.812311 0.711935 0
0.803137 0.710203 0
0.801685 0.715335 0
0.798281 0.718131 0
0.796118 0.721352 0
0.792394 0.723394 0
0.791022 0.725789 0
0.787695 0.72805 0
0.783685 0.729635 1
0.784869 0.737655 0
0.783484 0.740257 0
0.780819 0.742144 0
0.776329 0.74026 0
0.775932 0.748996 0
0.774963 0.753012 0
0.779161 0.809695 0
0.768778 0.723251 0
0.763151 0.739609 0
0.760656 0.736936 0
0.757886 0.737096 0
0.758012 0.725468 0
0.756248 0.723371 0
0.754514 0.720606 0
0.752196 0.720918 0
0.754484 0.711776 0
0.749962 0.714431 0
0.748389 0.71281 0
0.749063 0.704039 0
0.746314 0.702385 0
0.748298 0.694901 1
0.747751 0.695655 0
0.745014 0.698017 0
0.69927 0.708761 0
0.706272 0.685754 0
0.707103 0.678722 0
0.719795 0.660468 0
0.700248 0.681639 0
0.703038 0.670965 0
0.697888 0.672677 0
0.699019 0.669556 0
0.699157 0.666034 0
0.695401 0.665316 0
0.695052 0.662875 0
0.696465 0.659216 0
0.698283 0.655647 0
0.704793 0.6491 0
0.710042 0.642676 0
0.719054 0.630593 0
0.721986 0.627563 0
0.723279 0.624268 1
0.703756 0.627958 0
0.692451 0.630241 0
0.693656 0.623764 0
0.702721 0.61439 0
0.715562 0.607368 0
0.712916 0.604466 0
0.713313 0.599535 0
0.713088 0.59676 0
0.712057 0.591926 0
0.711733 0.589141 0
0.712061 0.585595 0
0.710372 0.58426 0
0.709118 0.578048 0
0.709855 0.573212 0
0.710408 0.570564 0
0.71019 0.567012 0
0.708642 0.56219 0
0.709742 0.55698 0
0.70818 0.550149 0
0.708045 0.541981 0
0.708323 0.534914 1
0.705463 0.53066 0
0.701723 0.528645 0
0.692701 0.527583 0
0.687259 0.52525 0
0.680757 0.524542 0
0.678911 0.522002 0
0.665548 0.524317 0
0.662178 0.524657 0
0.65846 0.523207 0
0.646819 0.532466 0
0.64279 0.532081 0
0.637746 0.534042 0
0.635844 0.532255 0
0.629527 0.534967 0
0.625107 0.537456 0
0.621806 0.538823 0
0.618972 0.541498 0
0.613489 0.545991 0
0.610042 0.544785 0
0.606768 0.546996 1
0.598426 0.546811 0
0.580708 0.543234 0
0.568529 0.539732 0
0.561466 0.540398 0
0.540799 0.538714 0
0.53615 0.5396 0
0.530885 0.537524 0
0.50408 0.532749 0
0.4828 0.535314 0
0.481138 0.531338 0
0.472398 0.531705 0
0.466006 0.529151 0
0.456915 0.527751 0
0.450486 0.523823 0
0.445271 0.52198 0
0.438335 0.51778 0
0.435624 0.515103 0
0.430655 0.507552 0
0.417748 0.495213 0
0.417003 0.484103 1
0.414224 0.483032 0
0.4144 0.480088 0
0.411305 0.479622 0
0.410547 0.477084 0
0.409165 0.474932 0
0.40818 0.472132 0
0.405648 0.470508 0
0.407374 0.472483 0
0.387882 0.492914 0
0.255789 0.356322 0
0.262773 0.352589 0
0.261585 0.353707 0
0.260121 0.353107 0
0.25965 0.354294 0
0.258589 0.354376 0
0.257837 0.355055 0
0.257122 0.354907 0
0.256546 0.355352 0
0.255887 0.355608 0
0.255212 0.355822 0
0.254515 0.355827 1
0.254509 0.355824 0
0.25448 0.355859 0
0.254682 0.355846 0
0.254073 0.353858 0
0.400019 0.198804 0
0.417463 0.189109 0
0.418585 0.185822 0
0.421115 0.18306 0
0.425165 0.177185 0
0.427762 0.174663 0
0.430846 0.169158 0
0.432834 0.165108 0
0.433143 0.164634 0
0.43343 0.164261 0
0.433546 0.16389 0
0.43374 0.164135 0
0.431653 0.165406 0
0.432256 0.165233 0
0.433447 0.163881 0
0.433728 0.163659 1
0.436836 0.164953 0
0.440703 0.166527 0
0.444203 0.168319 0
0.450576 0.169184 0
0.457213 0.170287 0
0.463716 0.172096 0
0.467077 0.171955 0
0.472625 0.170856 0
0.453835 0.157753 0
0.678966 0.120187 0
0.676201 0.100316 0
0.68217 0.101386 0
0.696333 0.105925 0
0.694069 0.10454 0
0.70166 0.106319 0
0.705641 0.107112 0
0.705812 0.107213 0
0.705041 0.106897 0
0.706313 0.106901 0
0.709512 0.107844 0
0.711102 0.109014 1
0.71227 0.107551 0
0.710577 0.10568 0
0.707229 0.0920746 0
0.710087 0.0862321 0
0.715253 0.0861247 0
0.714816 0.0762281 0
0.70453 0.0539349 0
0.755201 0 0
0.772489 0.000309714 0
0.804245 0.00707619 0
0.834363 0.0143422 0
0.844282 0.0194135 0
0.87801 0.0437139 0
0.882716 0.0486098 0
0.890433 0.0604421 0
0.89286 0.064792 0
0.896899 0.0725564 0
0.898326 0.0764653 0
0.899499 0.0807371 0
0.902864 0.0849605 1
0.908997 0.085368 0
0.91112 0.0857001 0
0.91389 0.0854865 0
0.916156 0.0865133 0
0.9182 0.0862518 0
0.92428 0.0887278 0
0.926828 0.0892867 0
0.928203 0.0898786 0
0.930574 0.0901287 0
0.9319 0.0915823 0
0.935318 0.0915157 0
0.941002 0.0976097 0
0.955703 0.148861 0
0.955642 0.148783 0
0.955643 0.148803 0
0.955645 0.148805 0
0.955645 0.148805 0
0.955645 0.148805 0
0.955645 0.148805 0
0.955645 0.148805 1
0.955997 0.148884 0
0.956129 0.14644 0
0.956617 0.145377 0
0.95685 0.144512 0
0.95711 0.143573 0
0.958477 0.141278 0
0.959562 0.140686 0
0.957448 0.150434 0
0.957314 0.150774 0
0.957442 0.150857 0
0.95747 0.150941 0
0.957521 0.15098 0
0.957587 0.151072 0
0.95776 0.151454 0
0.959287 0.151657 0
0.959418 0.151738 0
0.958862 0.151779 0
0.958022 0.151434 0
0.957836 0.15155 0
0.957854 0.15166 0
0.957906 0.151833 1
0.958154 0.151849 0
0.962074 0.151954 0
0.96182 0.152041 0
0.965284 0.152842 0
0.963135 0.151824 0
0.966095 0.130914 0
0.965036 0.134053 0
0.967147 0.15248 0
0.969085 0.129552 0
0.965425 0.151499 0
0.965378 0.152617 0
0.966112 0.133056 0
0.966838 0.131092 0
0.966745 0.130867 0
0.966802 0.130737 0
0.966507 0.13082 0
0.966535 0.130747 0
0.966359 0.130905 0
0.966455 0.130743 0
0.966694 0.13066 1
0.966845 0.130621 0
0.966692 0.130678 0
0.966694 0.13066 0
0.966694 0.13066 0
0.966694 0.13066 0
0.966694 0.13066 0
0.966694 0.13066 0
0.966693 0.13066 0
0.966698 0.130665 0
0.966661 0.130633 0
0.96629 0.130611 0
0.969205 0.132595 0
0.97213 0.155558 0
0.972818 0.158917 0
0.975985 0.163233 0
0.976139 0.165252 0
0.977836 0.181101 0
0.977986 0.182912 0
0.97725 0.184357 0
0.978092 0.182235 0
0.973707 0.190595 1
0.977803 0.197087 0
0.980129 0.205446 0
0.981017 0.206905 0
0.982243 0.210151 0
0.983441 0.214622 0
0.987112 0.22643 0
0.985305 0.220377 0
0.983612 0.220221 0
1 0.261776 0
0.858172 0.37126 0
0.825319 0.415364 0
0.826084 0.414387 0
0.826647 0.416496 0
0.826663 0.416885 0
0.826707 0.417067 0
0.826925 0.417419 0
0.827037 0.417541 0
0.827363 0.417441 0
0.828015 0.41736 0
0.827027 0.417558 1
0.82659 0.417482 0
0.827187 0.418101 0
0.827891 0.418214 0
0.82778 0.418613 0
0.827302 0.415395 0
0.825818 0.41662 0
0.827699 0.412255 0
0.832106 0.393485 0
0.584551 0.287701 0
0.522065 0.344241 0
0.52241 0.334609 0
0.520953 0.33753 0
0.520578 0.338217 0
0.519278 0.339001 0
0.517707 0.339271 0
0.517741 0.340237 0
0.517131 0.342583 0
0.516806 0.343821 0
0.516734 0.344252 0
0.51642 0.345137 1
0.51642 0.345137 0
0.51642 0.345137 0
0.516422 0.345139 0
0.516431 0.345144 0
0.516433 0.345353 0
0.516453 0.345266 0
0.516424 0.345137 0
0.51642 0.345138 0
0.51642 0.345138 0
0.516423 0.345145 0
0.516399 0.345165 0
0.516619 0.345283 0
0.52007 0.347401 0
0.551326 0.312814 0
0.285842 0.332158 0
0.277216 0.323209 0
0.277456 0.32347 0
0.273636 0.328701 0
0.257078 0.280074 0
0.257878 0.277583 0
0.259164 0.279081 1
0.259141 0.279042 0
0.258985 0.278866 0
0.258632 0.278341 0
0.258587 0.278169 0
0.25918 0.278284 0
0.258239 0.277508 0
0.259086 0.277927 0
0.259304 0.278412 0
0.259399 0.278534 0
0.259426 0.278542 0
0.259465 0.27859 0
0.259518 0.278202 0
0.259672 0.278479 0
0.260077 0.277977 0
0.258489 0.278487 0
0.264094 0.261606 0
0.18355 0.297057 0
0.187635 0.294265 0
0.187184 0.293965 0
0.187279 0.293879 1
0.187279 0.293879 0
0.187279 0.293879 0
0.187279 0.293879 0
0.187279 0.293879 0
0.187279 0.293879 0
0.187279 0.293879 0
0.187279 0.293879 0
0.18728 0.29388 0
0.18728 0.293869 0
0.187451 0.293964 0
0.187528 0.293985 0
0.18763 0.294006 0
0.187671 0.294052 0
0.187784 0.294088 0
0.187808 0.294003 0
0.186693 0.293343 0
0.181495 0.298495 0
0.221918 0.297006 0
0.223679 0.297762 0
0.223646 0.298015 0
0.223677 0.298034 1
0.223824 0.297945 0
0.224191 0.298061 0
0.224538 0.298074 0
0.224835 0.297328 0
0.224869 0.296817 0
0.22528 0.296766 0
0.225474 0.296372 0
0.225575 0.295785 0
0.225939 0.295703 0
0.22487 0.296322 0
0.259187 0.282106 0
0.257144 0.283553 0
0.256791 0.283896 0
0.254368 0.284391 0
0.288008 0.326781 0
0.275523 0.322493 0
0.275096 0.320328 0
0.274821 0.32065 0
0.274758 0.320745 0
0.274726 0.320783 1
0.275633 0.320929 0
0.276799 0.321997 0
0.278165 0.321898 0
0.278838 0.322935 0
0.279669 0.323339 0
0.281987 0.32492 0
0.282728 0.326525 0
0.28299 0.327503 0
0.28728 0.32897 0
0.303483 0.343768 0
0.313667 0.358121 0
0.285851 0.38315 0
0.282683 0.386551 0
0.282364 0.386699 0
0.282295 0.386699 0
0.282302 0.386712 0
0.28231 0.38672 0
0.282249 0.386766 0
0.282306 0.386737 0
0.282299 0.386712 1
0.282439 0.387007 0
0.282313 0.386941 0
0.282813 0.387487 0
0.283439 0.388616 0
0.283732 0.388798 0
0.284363 0.390062 0
0.286514 0.3927 0
0.28896 0.395619 0
0.290644 0.397166 0
0.29136 0.398921 0
0.291477 0.401347 0
0.293923 0.402241 0
0.295598 0.403731 0
0.298371 0.40256 0
0.301982 0.403773 0
0.297173 0.408074 0
0.269534 0.330099 0
0.265208 0.328522 0
0.265222 0.328798 0
0.264894 0.328798 0
0.264762 0.328834 1
0.264574 0.331095 0
0.246238 0.289038 0
0.247961 0.292598 0
0.247813 0.29317 0
0.248142 0.293878 0
0.24796 0.294632 0
0.247723 0.295249 0
0.247657 0.295515 0
0.247546 0.295303 0
0.247516 0.295463 0
0.247678 0.295929 0
0.247721 0.296146 0
0.247787 0.296243 0
0.247809 0.296417 0
0.248361 0.296909 0
0.248291 0.29762 0
0.248747 0.298101 0
0.24876 0.298646 0
0.249081 0.298984 0
0.249252 0.299428 1
0.24925 0.299821 0
0.248773 0.300307 0
0.248759 0.300757 0
0.248753 0.301179 0
0.248615 0.301457 0
0.24834 0.301906 0
0.248505 0.302443 0
0.248192 0.303136 0
0.248193 0.303694 0
0.248026 0.304144 0
0.248255 0.305246 0
0.248207 0.305987 0
0.248637 0.306254 0
0.248781 0.306844 0
0.248958 0.307924 0
0.249189 0.308302 0
0.249187 0.308518 0
0.249292 0.308853 0
0.249213 0.308985 0
0.249136 0.30918 0
0.249402 0.309973 1
