0.682383 0.397767 1
0.680789 0.397084 0
0.682188 0.39879 0
0.682058 0.399519 0
0.683042 0.400058 0
0.683393 0.401423 0
0.684168 0.402615 0
0.685729 0.403844 0
0.686875 0.405823 0
0.689282 0.407251 0
0.689979 0.408293 0
0.692968 0.412463 0
0.70486 0.417152 0
0.755102 0.47183 0
0.747524 0.469361 0
0.748633 0.467513 0
0.748677 0.467916 0
0.748595 0.467955 0
0.74858 0.467891 0
0.748619 0.468133 0
0.748553 0.468093 1
0.749102 0.469101 0
0.751724 0.469657 0
0.750765 0.470877 0
0.755911 0.472218 0
0.756671 0.472889 0
0.759141 0.474368 0
0.7619 0.475392 0
0.761287 0.477281 0
0.76319 0.47866 0
0.765037 0.480567 0
0.763829 0.481659 0
0.76963 0.484175 0
0.764474 0.484951 0
0.766593 0.48641 0
0.767577 0.488779 0
0.768075 0.489975 0
0.764784 0.49088 0
0.761096 0.492063 0
0.767018 0.496264 0
0.761905 0.496814 0
0.760979 0.497952 1
0.759644 0.501677 0
0.753792 0.503979 0
0.751384 0.507775 0
0.752331 0.510585 0
0.751022 0.513433 0
0.748559 0.515389 0
0.746284 0.518162 0
0.744219 0.519782 0
0.744134 0.523455 0
0.740161 0.527004 0
0.737824 0.526943 0
0.736119 0.530246 0
0.736877 0.535042 0
0.731453 0.532908 0
0.729161 0.535973 0
0.72928 0.541342 0
0.725978 0.54174 0
0.722906 0.542612 0
0.718834 0.540448 0
0.716795 0.539995 1
0.714156 0.541429 0
0.711645 0.542308 0
0.704632 0.541246 0
0.692927 0.540724 0
0.689417 0.539816 0
0.67181 0.533454 0
0.667106 0.530513 0
0.663791 0.52952 0
0.660864 0.530223 0
0.659345 0.527088 0
0.657347 0.524939 0
0.654866 0.526494 0
0.653695 0.523959 0
0.65299 0.520465 0
0.651984 0.515929 0
0.650407 0.51544 0
0.648143 0.51668 0
0.646741 0.515033 0
0.645065 0.514324 0
0.643168 0.509838 0
0.641697 0.51056 1
0.641513 0.510611 0
0.641374 0.510703 0
0.641246 0.510768 0
0.64111 0.510816 0
0.639943 0.512331 0
0.633265 0.516297 0
0.567985 0.524095 0
0.573983 0.522533 0
0.574274 0.522948 0
0.574327 0.522876 0
0.574346 0.52286 0
0.574344 0.522859 0
0.574344 0.522859 0
0.574344 0.522859 0
0.574344 0.522859 0
0.574344 0.522859 0
0.574344 0.522859 0
0.574344 0.522859 0
0.574344 0.522859 0
0.574344 0.522859 1
0.575147 0.521309 0
0.607942 0.508199 0
0.614304 0.518264 0
0.30898 0.237612 0
0.349608 0.252848 0
0.386631 0.277366 0
0.365571 0.257394 0
0.346799 0.239789 0
0.316136 0.215413 0
0.243613 0.17417 0
0.486831 0.339011 0
0.793934 0.370835 0
0.817306 0.382613 0
0.812947 0.380924 0
0.81324 0.381144 0
0.813212 0.381221 0
0.813201 0.381224 0
0.8132 0.381224 0
0.8132 0.381224 0
0.8132 0.381224 0
0.8132 0.381224 1
0.812822 0.381365 0
0.812643 0.380856 0
0.812214 0.381328 0
0.814731 0.380314 0
0.806206 0.393664 0
0.666336 0.183092 0
0.614015 0.201702 0
0.340581 0.116514 0
0.332175 0.130346 0
0.338343 0.133189 0
0.338058 0.12447 0
0.346258 0.114713 0
0.351482 0.116519 0
0.366717 0.178485 0
0.355038 0.159109 0
0.359785 0.160293 0
0.374233 0.131907 0
0.373672 0.140749 0
0.37038 0.147038 0
0.373628 0.161865 0
0.371252 0.163415 1
0.374098 0.16298 0
0.371354 0.163142 0
0.372331 0.162865 0
0.373919 0.161592 0
0.372471 0.16241 0
0.37854 0.156313 0
0.501084 0.0934054 0
0.716715 0.0301606 0
0.715255 0 0
0.70353 0.0543381 0
0.831006 0.0153536 0
0.8112 0.393355 0
0.809396 0.411027 0
0.811369 0.41354 0
0.811153 0.415039 0
0.811027 0.417098 0
0.811187 0.419539 0
0.813878 0.421935 0
0.833448 0.425505 0
0.991877 0.307391 1
0.99255 0.302663 0
0.986779 0.312031 0
0.990858 0.321937 0
1 0.336962 0
0.993585 0.336887 0
0.995373 0.348263 0
0.99686 0.358269 0
0.98909 0.371027 0
0.986432 0.378587 0
0.974201 0.383945 0
0.971938 0.394131 0
0.963249 0.400218 0
0.94617 0.40688 0
0.944546 0.430636 0
0.715651 0.425885 0
0.743794 0.462582 0
0.742993 0.462223 0
0.743368 0.462794 0
0.743383 0.462862 0
0.743309 0.462746 0
0.743456 0.462975 1
0.741475 0.462721 0
0.740431 0.462646 0
0.737134 0.461925 0
0.7371 0.462952 0
0.735849 0.464477 0
0.734482 0.463612 0
0.734086 0.465657 0
0.733901 0.466042 0
0.733824 0.466875 0
0.735023 0.466337 0
0.718636 0.459108 0
0.777737 0.47174 0
0.770942 0.474547 0
0.7697 0.475542 0
0.783919 0.481965 0
0.798639 0.486073 0
0.830516 0.488073 0
0.72268 0.709472 0
0.708629 0.733341 0
0.710322 0.732927 1
0.806167 0.492125 0
0.806947 0.498072 0
0.703087 0.759038 0
0.714139 0.736636 0
0.710895 0.740221 0
0.710998 0.741283 0
0.711535 0.743233 0
0.711132 0.745105 0
0.711269 0.747939 0
0.709172 0.750805 0
0.707791 0.75216 0
0.709001 0.758362 0
0.712445 0.762057 0
0.711985 0.764919 0
0.709798 0.769212 0
0.709457 0.772502 0
0.712565 0.776916 0
0.710716 0.781966 0
0.70807 0.785023 0
0.707781 0.789406 0
0.705965 0.792718 1
0.705759 0.799211 0
0.70645 0.80721 0
0.697434 0.817542 0
0.700076 0.815639 0
0.696798 0.820345 0
0.697237 0.824815 0
0.69725 0.826011 0
0.690856 0.832583 0
0.686231 0.839616 0
0.681453 0.850836 0
0.679502 0.84576 0
0.678091 0.842702 0
0.678216 0.844231 0
0.676375 0.843896 0
0.6735 0.849273 0
0.675754 0.845158 0
0.633941 0.84224 0
0.686482 0.508446 0
0.678248 0.495674 0
0.675191 0.494744 1
0.674265 0.496096 0
0.673651 0.495133 0
0.649783 0.47895 0
0.645555 0.476998 0
0.642186 0.46158 0
0.676024 0.509788 0
0.671456 0.513432 0
0.632124 0.439297 0
0.630089 0.472382 0
0.623657 0.471822 0
0.617733 0.47095 0
0.61237 0.47145 0
0.610091 0.470698 0
0.604909 0.441917 0
0.605611 0.440388 0
0.602035 0.442895 0
0.598827 0.44177 0
0.595268 0.444363 0
0.591165 0.445653 0
0.588443 0.447638 0
0.584679 0.449309 1
0.579364 0.450308 0
0.575675 0.453341 0
0.569104 0.451061 0
0.564911 0.451518 0
0.565503 0.45787 0
0.563007 0.457765 0
0.559747 0.457702 0
0.57014 0.466993 0
0.576126 0.475788 0
0.575022 0.478762 0
0.572768 0.479283 0
0.57018 0.479446 0
0.568183 0.479617 0
0.564671 0.47905 0
0.563543 0.481891 0
0.562366 0.486168 0
0.5582 0.483899 0
0.555721 0.485647 0
0.554055 0.490929 0
0.550607 0.488966 0
0.548254 0.490698 1
0.545076 0.491258 0
0.540699 0.491112 0
0.540423 0.497626 0
0.519539 0.475734 0
0.658253 0.320386 0
0.620593 0.361785 0
0.623709 0.353259 0
0.714294 0.365189 0
0.630935 0.34635 0
0.708186 0.361801 0
0.644052 0.353002 0
0.645098 0.345059 0
0.719708 0.364172 0
0.656585 0.345819 0
0.860602 0.350903 0
0.877622 0.348902 0
0.878744 0.347225 0
0.879622 0.346205 0
0.882577 0.345252 0
0.883411 0.3443 1
0.88598 0.342805 0
0.892168 0.34596 0
0.892562 0.339325 0
0.896116 0.340318 0
0.900987 0.337725 0
0.903863 0.335846 0
0.909224 0.330943 0
0.912884 0.329 0
0.918851 0.325527 0
0.921837 0.324113 0
0.920863 0.319113 0
0.919156 0.314048 0
0.925921 0.316056 0
0.918652 0.303318 0
0.921275 0.30124 0
0.923883 0.301481 0
0.926096 0.308034 0
0.926044 0.523248 0
0.924821 0.307463 0
0.929153 0.304309 0
0.930712 0.305835 1
0.930712 0.305835 0
0.930712 0.305835 0
0.930712 0.305835 0
0.930712 0.305835 0
0.930712 0.305835 0
0.930712 0.305835 0
0.930712 0.305835 0
0.930712 0.305835 0
0.930711 0.305833 0
0.930672 0.305839 0
0.930214 0.306134 0
0.921792 0.305123 0
0.832215 0.703413 0
0.765865 0.701307 0
0.76538 0.695987 0
0.7649 0.695541 0
0.764781 0.695897 0
0.764849 0.695632 0
0.764916 0.695427 0
0.764886 0.695376 1
0.771108 0.691647 0
0.774218 0.684792 0
0.774388 0.679155 0
0.776801 0.67495 0
0.774299 0.668755 0
0.772281 0.663346 0
0.772293 0.65395 0
0.812932 0.628888 0
0.738483 0.493021 0
0.73523 0.493771 0
0.735444 0.495536 0
0.73594 0.497097 0
0.725095 0.495745 0
0.719398 0.494465 0
0.676899 0.459449 0
0.704914 0.489296 0
0.667742 0.476091 0
0.663751 0.47614 0
0.663531 0.476804 0
0.662551 0.477817 0
0.661869 0.478197 1
0.660795 0.476965 0
0.659639 0.472609 0
0.657752 0.47057 0
0.653433 0.460398 0
0.651909 0.45719 0
0.650549 0.456826 0
0.648181 0.451987 0
0.646278 0.451201 0
0.644002 0.449272 0
0.64138 0.447647 0
0.639621 0.448048 0
0.638331 0.450733 0
0.635459 0.45303 0
0.633721 0.454389 0
0.630138 0.457076 0
0.627474 0.458432 0
0.624681 0.46025 0
0.61984 0.461596 0
0.61735 0.462401 0
0.613723 0.461906 1
0.611579 0.461846 0
0.610214 0.463012 0
0.608354 0.463173 0
0.607021 0.466546 0
0.617897 0.453047 0
0 0.523546 0
0.244277 0.404434 0
0.224439 0.437418 0
0.203218 0.436842 0
0.17504 0.436198 0
0.182667 0.429921 0
0.173944 0.422189 0
0.18228 0.412375 0
0.189594 0.397917 0
0.204598 0.390147 0
0.208626 0.367908 0
0.225024 0.349208 0
0.260352 0.319891 0
0.266445 0.305547 0
0.278075 0.292097 0
0.281718 0.286706 1
0.279145 0.282428 0
0.283046 0.28227 0
0.285929 0.288214 0
0.216018 0.266494 0
0.57813 0.504582 0
0.573862 0.477524 0
0.57927 0.480863 0
0.585968 0.487479 0
0.586718 0.489354 0
0.587224 0.491107 0
0.588997 0.493518 0
0.589392 0.494721 0
0.588692 0.49661 0
0.587785 0.497611 0
0.58695 0.49941 0
0.586587 0.500899 0
0.5852 0.503957 0
0.583919 0.506052 0
0.584001 0.507901 0
0.582857 0.510553 0
0.582523 0.512981 1
0.582489 0.512977 0
0.583517 0.513231 0
0.580549 0.531701 0
0.57187 0.534442 0
0.570296 0.535474 0
0.569954 0.535944 0
0.569286 0.536679 0
0.569039 0.537199 0
0.573245 0.550679 0
0.57163 0.550983 0
0.571867 0.55113 0
0.571924 0.551182 0
0.571936 0.551191 0
0.571935 0.551194 0
0.571935 0.551194 0
0.571935 0.551194 0
0.571935 0.551194 0
0.571935 0.551194 0
0.571935 0.551194 0
0.571935 0.551194 1
0.572075 0.551676 0
0.573017 0.550761 0
0.57368 0.55009 0
0.574454 0.549998 0
0.574798 0.54959 0
0.575526 0.549262 0
0.576145 0.54892 0
0.575234 0.546545 0
0.594525 0.533665 0
0.58453 0.535755 0
0.590713 0.535675 0
0.580646 0.547561 0
0.580528 0.546746 0
0.580276 0.545684 0
0.581198 0.545714 0
0.581604 0.544503 0
0.583416 0.545227 0
0.583218 0.54391 0
0.583631 0.542806 0
0.583686 0.542174 0
0.584048 0.541296 1
0.584048 0.541296 0
0.584047 0.541297 0
0.584066 0.541301 0
0.584146 0.541278 0
0.58457 0.541958 0
0.588497 0.543784 0
0.552571 0.55152 0
0.548643 0.54749 0
0.548602 0.548522 0
0.547525 0.548133 0
0.547253 0.54862 0
0.54667 0.548914 0
0.546214 0.548405 0
0.54547 0.548064 0
0.544962 0.547324 0
0.544418 0.5481 0
0.544198 0.54799 0
0.543616 0.547506 0
0.543421 0.547808 0
0.543119 0.547858 1
0.541142 0.548062 0
0.540038 0.54855 0
0.537839 0.549116 0
0.536114 0.549019 0
0.534796 0.548559 0
0.532249 0.549768 0
0.529792 0.548773 0
0.528185 0.548777 0
0.526229 0.548506 0
0.524069 0.548188 0
0.520828 0.54745 0
0.519565 0.54661 0
0.517643 0.545764 0
0.514843 0.543743 0
0.512715 0.543724 0
0.511086 0.541687 0
0.510187 0.541084 0
0.508955 0.540132 0
0.508269 0.540428 0
0.506479 0.538118 0
0.505694 0.537048 1
0.505107 0.537093 0
0.504101 0.537384 0
0.50278 0.538684 0
0.501379 0.540326 0
0.49984 0.54139 0
0.499194 0.541253 0
0.498293 0.54058 0
0.495543 0.543981 0
0.492713 0.545837 0
0.492352 0.544594 0
0.490223 0.545166 0
0.487836 0.545921 0
0.48633 0.545889 0
0.484192 0.547369 0
0.483086 0.545907 0
0.481684 0.54542 0
0.479395 0.545633 0
0.477815 0.542048 0
0.476315 0.540939 0
0.474668 0.539653 1
0.474215 0.539232 0
0.473626 0.539266 0
0.472966 0.539199 0
0.472807 0.538691 0
0.472489 0.538306 0
0.471656 0.537937 0
0.470329 0.538846 0
0.468432 0.539649 0
0.466438 0.540864 0
0.464819 0.540624 0
0.464103 0.54021 0
0.462933 0.540238 0
0.461619 0.540817 0
0.460791 0.541142 0
0.460058 0.540975 0
0.45983 0.540432 0
0.458838 0.540808 0
0.458401 0.54058 0
0.458042 0.540081 0
0.457496 0.539711 0
0.457792 0.539085 1
0.457732 0.539028 0
0.45767 0.538977 0
0.457304 0.538744 0
0.457607 0.538915 0
0.457711 0.539001 0
0.457443 0.538756 0
0.457064 0.53837 0
0.457091 0.538391 0
0.456823 0.538219 0
0.45688 0.537451 0
0.455039 0.541172 0
0.476513 0.528697 0
0.476854 0.526502 0
0.477093 0.526413 0
0.477386 0.526173 0
0.477394 0.526196 0
0.477394 0.526195 0
0.477391 0.526193 0
0.477378 0.526212 0
0.477395 0.526196 0
0.477395 0.526194 1
0.477594 0.525722 0
0.477749 0.525359 0
0.478083 0.524987 0
0.478346 0.5248 0
0.479134 0.523908 0
0.479367 0.523664 0
0.479893 0.523135 0
0.479905 0.522877 0
0.480592 0.52238 0
0.480882 0.52173 0
0.480905 0.521156 0
0.480413 0.521445 0
0.481288 0.520325 0
0.481577 0.519834 0
0.48273 0.518744 0
0.483575 0.517035 0
0.484057 0.516523 0
0.484209 0.516167 0
0.484337 0.515734 0
0.484429 0.515409 1
0.484287 0.515138 0
0.484486 0.51486 0
0.484189 0.514682 0
0.483776 0.514505 0
0.484148 0.514319 0
0.484331 0.51319 0
0.484743 0.512109 0
0.485031 0.510644 0
0.484344 0.509994 0
0.484155 0.509303 0
0.484092 0.508805 0
0.483957 0.508319 0
0.483743 0.507542 0
0.483599 0.507177 0
0.483258 0.50622 0
0.482973 0.50405 0
0.482347 0.503642 0
0.481985 0.502318 0
0.482052 0.502089 0
0.481867 0.501466 0
0.481836 0.500958 1
0.481518 0.500756 0
0.481258 0.501177 0
0.481118 0.501613 0
0.481206 0.501739 0
0.480955 0.501868 0
0.480527 0.501879 0
0.480379 0.502131 0
0.480203 0.502301 0
0.480085 0.502452 0
0.479936 0.502834 0
0.479924 0.502971 0
0.479836 0.503555 0
0.4796 0.503653 0
0.479457 0.504235 0
0.479599 0.505276 0
0.479248 0.506642 0
0.479165 0.504874 0
0.478632 0.504915 0
0.478376 0.505423 0
0.478421 0.505902 1
0.478407 0.505915 0
0.478368 0.505909 0
0.47812 0.505925 0
0.477454 0.505195 0
0.477443 0.506483 0
0.476697 0.506856 0
0.474832 0.507411 0
0.474304 0.507466 0
0.474385 0.507993 0
0.474293 0.508288 0
0.472922 0.508122 0
0.472172 0.508142 0
0.472266 0.507927 0
0.471972 0.508107 0
0.471978 0.508162 0
0.471951 0.508114 0
0.472539 0.507852 0
0.472901 0.508042 0
0.47234 0.508039 0
0.472376 0.508388 0
0.47195 0.508184 1
0.471966 0.508044 0
0.472964 0.508759 0
0.473141 0.509095 0
0.47319 0.509462 0
0.473422 0.509408 0
0.473737 0.509596 0
0.474146 0.509582 0
0.474097 0.509764 0
0.4739 0.509786 0
0.473984 0.510023 0
0.473859 0.510189 0
0.473742 0.510387 0
0.474108 0.51133 0
0.474665 0.511884 0
0.474989 0.512363 0
0.475012 0.512511 0
0.47476 0.512073 0
0.474762 0.512424 0
0.475038 0.51297 0
0.475071 0.513608 1
0.474838 0.51363 0
0.474618 0.513683 0
0.474383 0.513745 0
0.474106 0.514036 0
0.473581 0.514275 0
0.473063 0.5143 0
0.472685 0.514524 0
0.472498 0.514788 0
0.472032 0.514957 0
0.471772 0.515117 0
0.471265 0.515034 0
0.471007 0.515065 0
0.470718 0.515147 0
0.470481 0.515099 0
0.470057 0.515103 0
0.469766 0.51508 0
0.46951 0.515295 0
0.46936 0.515246 0
0.469096 0.515301 0
0.468925 0.515171 0
0.468746 0.515009 1
0.468745 0.51501 0
0.468742 0.515009 0
0.468682 0.515037 0
0.468711 0.515189 0
0.466017 0.513511 0
0.462647 0.510827 0
0.461847 0.510352 0
0.461664 0.510045 0
0.461706 0.510186 0
0.461339 0.510035 0
0.461029 0.509388 0
0.460789 0.508282 0
0.460624 0.50845 0
0.460501 0.508351 0
0.460294 0.507723 0
0.460134 0.507644 0
0.459967 0.506628 0
0.459693 0.505227 0
0.459765 0.504268 0
0.458825 0.503622 0
0.458674 0.503799 1
