0.909046 0.230108 1
0.912145 0.22485 0
0.921864 0.222801 0
0.929671 0.218966 0
0.929837 0.212936 0
0.942097 0.200973 0
0.943951 0.184235 0
0.939278 0.173037 0
0.93145 0.162578 0
0.917113 0.157335 0
0.911327 0.147374 0
0.896509 0.140117 0
0.884297 0.132723 0
0.869504 0.133832 0
0.852863 0.131926 0
0.830004 0.124222 0
0.814915 0.124517 0
0.786511 0.12795 0
0.768866 0.138269 0
0.750088 0.14052 0
0.735454 0.142279 0
0.721872 0.149467 1
0.714019 0.15323 0
0.679346 0.144312 0
0.650472 0.131911 0
0.598125 0.112199 0
0.575651 0.099513 0
0.486228 0.0546809 0
0.471159 0.0671515 0
0.407287 0.0442214 0
0.391507 0.038515 0
0.384353 0.0416473 0
0.432264 0.104317 0
0.44648 0.123437 0
0.445161 0.131935 0
0.43615 0.135999 0
0.436596 0.144809 0
0.433102 0.151798 0
0.430623 0.157337 0
0.423058 0.16007 0
0.420424 0.166033 0
0.412625 0.169803 0
0.408453 0.173562 0
0.404263 0.179174 1
0.406911 0.18931 0
0.40272 0.196734 0
0.400788 0.205875 0
0.401011 0.21935 0
0.392546 0.224926 0
0.390144 0.231261 0
0.382908 0.235905 0
0.374484 0.239741 0
0.370818 0.246844 0
0.365945 0.253459 0
0.319601 0.26486 0
0.30248 0.256088 0
0.295249 0.258768 0
0.284623 0.266609 0
0.273989 0.268797 0
0.24686 0.259736 0
0.234357 0.260729 0
0.219871 0.260018 0
0.182127 0.26234 0
0.174927 0.262697 0
0.16796 0.264142 0
0.164293 0.266161 1
0.159577 0.265379 0
0.152994 0.266618 0
0.149325 0.266119 0
0.145804 0.263995 0
0.146766 0.268991 0
0.150699 0.269766 0
0.142253 0.265058 0
0.141752 0.264226 0
0.142665 0.261635 0
0.155554 0.276175 0
0.168241 0.280479 0
0.188475 0.295062 0
0.201879 0.296651 0
0.212776 0.301021 0
0.224024 0.313577 0
0.236463 0.324147 0
0.247881 0.336129 0
0.291319 0.355511 0
0.381842 0.380498 0
0.419744 0.400987 0
0.464821 0.414906 0
0.491523 0.428501 1
0.516492 0.433918 0
0.546559 0.420829 0
0.571985 0.41467 0
0.611842 0.416948 0
0.629094 0.414819 0
0.634674 0.411247 0
0.637519 0.405218 0
0.635231 0.397309 0
0.635172 0.389128 0
0.641007 0.383747 0
0.641481 0.375068 0
0.645468 0.367906 0
0.64878 0.360601 0
0.656969 0.350649 0
0.666508 0.346566 0
0.671448 0.341321 0
0.675745 0.332038 0
0.673998 0.320823 0
0.693705 0.316794 0
0.70775 0.31346 0
0.710033 0.313021 1
0.712682 0.309076 0
0.715546 0.308061 0
0.720491 0.303562 0
0.723953 0.297422 0
0.730268 0.291744 0
0.73226 0.284149 0
0.746354 0.281753 0
0.760989 0.281615 0
0.772483 0.271089 0
0.786511 0.274309 0
0.809319 0.274309 0
0.823503 0.268797 0
0.831692 0.251793 0
0.846034 0.246456 0
0.855891 0.23839 0
0.866795 0.222291 0
0.877639 0.212088 0
0.88945 0.206612 0
0.907362 0.198287 0
0.915406 0.193631 0
0.925281 0.18384 0
0.926701 0.179399 1
0.926701 0.179399 0
0.926701 0.179399 0
0.926701 0.179399 0
0.926701 0.179399 0
0.926701 0.179399 0
0.926701 0.179398 0
0.926698 0.179402 0
0.926663 0.179371 0
0.926729 0.179038 0
0.915715 0.170962 0
0.889658 0.155006 0
0.844155 0.141443 0
0.812231 0.13761 0
0.776796 0.146292 0
0.764467 0.143692 0
0.687972 0.133564 0
0.643074 0.12326 0
0.602892 0.0876193 0
0.573276 0.0837946 0
0.532104 0.0767314 0
0.475601 0.0626246 0
0.421696 0.0506453 1
0.416479 0.0579676 0
0.407197 0.0624215 0
0.396975 0.06524 0
0.408627 0.0821199 0
0.387898 0.0791514 0
0.400809 0.0959296 0
0.388564 0.102026 0
0.356383 0.0855779 0
0.414377 0.133666 0
0.406847 0.1419 0
0.387257 0.137871 0
0.402705 0.155314 0
0.354551 0.132743 0
0.370466 0.151628 0
0.393953 0.194894 0
0.396847 0.205084 0
0.389474 0.213818 0
0.382987 0.237971 0
0.334593 0.248053 0
0.334975 0.245385 0
0.334332 0.24549 0
0.334041 0.245564 1
0.33196 0.251189 0
0.322942 0.256671 0
0.318495 0.26322 0
0.324326 0.275568 0
0.324862 0.283366 0
0.32371 0.287213 0
0.303461 0.280253 0
0.282554 0.275773 0
0.263335 0.280204 0
0.254779 0.284569 0
0.246895 0.2726 0
0.104668 0.219499 0
0.0968859 0.223107 0
0.0889928 0.218117 0
0.0786393 0.225382 0
0.0644892 0.225008 0
0.0597894 0.223825 0
0.0568397 0.22699 0
0.0483539 0.225762 0
0.0422068 0.224083 0
0.0381697 0.2233 0
0.0371212 0.223317 1
0.0295085 0.218658 0
0.0224285 0.216825 0
0.0155075 0.216673 0
0.0140977 0.215938 0
0.0026982 0.206491 0
0.0022602 0.210732 0
0.00862615 0.219117 0
0 0.219508 0
0.00642782 0.232627 0
0.0579397 0.248137 0
0.0822572 0.271562 0
0.217082 0.400364 0
0.229608 0.381688 0
0.275981 0.392442 0
0.350683 0.417683 0
0.405674 0.43539 0
0.436198 0.428756 0
0.55852 0.466756 0
0.586514 0.462127 0
0.605555 0.459878 0
0.618771 0.452653 1
0.628699 0.450392 0
0.630791 0.443327 0
0.638835 0.442105 0
0.646669 0.437174 0
0.651454 0.434651 0
0.65546 0.42977 0
0.662509 0.425255 0
0.669564 0.416175 0
0.677095 0.407565 0
0.677133 0.396214 0
0.686658 0.39661 0
0.690562 0.390854 0
0.692793 0.383984 0
0.693644 0.375487 0
0.697756 0.366018 0
0.704012 0.363883 0
0.702301 0.352597 0
0.706733 0.351425 0
0.711775 0.3463 0
0.714036 0.340601 0
0.717213 0.336923 0
0.721167 0.331187 1
0.736036 0.333831 0
0.752938 0.324405 0
0.768957 0.316186 0
0.785364 0.307826 0
0.802637 0.3076 0
0.808311 0.298253 0
0.826986 0.29614 0
0.841689 0.289697 0
0.865912 0.277785 0
0.905057 0.273973 0
0.930582 0.26971 0
0.95415 0.26264 0
0.984662 0.253246 0
0.994488 0.238619 0
0.996996 0.226832 0
1 0.209278 0
0.991113 0.200633 0
0.969882 0.171373 0
0.965312 0.164717 0
0.963312 0.162759 0
0.963278 0.162481 0
0.963235 0.162488 1
0.964407 0.157044 0
0.966648 0.151405 0
0.965301 0.148856 0
0.964411 0.144882 0
0.960522 0.143694 0
0.958568 0.139942 0
0.955602 0.135506 0
0.951241 0.128403 0
0.949646 0.14422 0
0.79717 0.120564 0
0.763592 0.130722 0
0.697753 0.107807 0
0.675665 0.122881 0
0.645555 0.106024 0
0.618805 0.105601 0
0.570171 0.0623999 0
0.511108 0.0474951 0
0.468048 0.031123 0
0.415498 0 0
0.400149 0.00106411 0
0.390126 0.00732619 0
0.380153 0.00881351 1
0.377234 0.0124797 0
0.373487 0.0108316 0
0.370312 0.0173667 0
0.364721 0.0209086 0
0.355296 0.0194841 0
0.348753 0.0239403 0
0.341144 0.0357874 0
0.340551 0.0496792 0
0.326689 0.0632983 0
0.353111 0.106589 0
0.384051 0.143866 0
0.316326 0.104632 0
0.327257 0.124906 0
0.350028 0.146834 0
0.355515 0.155668 0
0.381694 0.178008 0
0.373807 0.182905 0
0.371572 0.192357 0
0.358449 0.200293 0
0.346714 0.203688 0
0.345787 0.210426 0
0.331316 0.212494 1
