0.216819 0.361979 0
0.250511 0.344192 0
0.267488 0.314391 0
0.280687 0.290836 0
0.284463 0.28183 0
0.276154 0.268598 0
0.282722 0.252652 0
0.314042 0.22741 0
0.298879 0.220923 0
0.284937 0.212734 0
0.400041 0.106548 0
0.383383 0.104929 0
0.375449 0.0976352 1
0.37405 0.0949825 0
0.369392 0.0945469 0
0.400171 0.075977 0
0.401435 0.0717117 0
0.42071 0.0587635 0
0.445374 0.0606536 0
0.461855 0.066895 0
0.495881 0.0762495 0
0.546961 0.0919328 0
0.583322 0.104143 0
0.635915 0.114434 0
0.689292 0.115806 0
0.69537 0.154874 0
0.726752 0.173714 0
0.759746 0.193763 0
0.789399 0.231436 0
0.811158 0.275401 0
0.860289 0.308563 0
0.879202 0.34912 0
0.899101 0.388358 0
0.931401 0.417655 0
0.913162 0.420255 0
0.89948 0.429606 0
0.880686 0.428815 0
0.854065 0.432825 0
0.848461 0.444723 0
0.835305 0.451346 0
0.829337 0.465382 0
0.83981 0.488421 0
0.809008 0.485406 0
0.817373 0.509607 0
0.830327 0.533852 0
0.818901 0.550959 0
0.798868 0.553333 0
0.771184 0.559819 0
0.760937 0.574138 0
0.756081 0.591369 0
0.738715 0.600275 0
0.73417 0.620106 0
0.735876 0.644849 0
0.728806 0.658195 0
0.734751 0.67914 0
0.615401 0.736303 0
0.517285 0.790954 0
0.515174 0.799228 0
0.506017 0.810423 0
0.508527 0.817605 0
0.507225 0.825603 1
0.503962 0.830667 0
0.493498 0.839892 0
0.45604 0.867246 0
0.418981 0.882703 0
0.410055 0.898487 0
0.396189 0.900794 0
0.392414 0.909125 0
0.386517 0.911113 1
0.389935 0.908432 0
0.338194 0.911181 1
0.338612 0.908848 0
0.379135 0.910736 0
0.342842 0.910019 0
0.3447 0.917554 0
0.372338 0.916376 0
0.347739 0.91904 0
0.347837 0.928328 0
0.367444 0.931201 0
0.360635 0.924689 0
0.357858 0.925742 1
0.357844 0.925749 0
0.35821 0.926534 0
0.362151 0.930231 0
0.367708 0.955843 0
0.43754 0.971183 0
0.488843 0.957847 0
0.524565 0.94706 0
0.34096 0.857068 1
0.554199 0.935205 0
0.573577 0.915604 0
0.330717 0.8466 0
0.33108 0.83361 0
0.344511 0.828034 0
0.170607 0.706071 0
0.127442 0.650416 0
0.154026 0.663094 1
0.151071 0.650188 0
0.158187 0.646038 0
0.162695 0.634984 0
0.173359 0.636469 0
0.175111 0.624005 0
0.175705 0.611461 0
0.179867 0.60078 0
0.194783 0.605063 0
0.191246 0.583086 0
0.202982 0.588102 0
0.208881 0.584562 0
0.214111 0.583303 0
0.222055 0.573927 0
0.229752 0.571755 1
0.230936 0.568068 0
0.234848 0.56784 0
0.240859 0.564019 0
0.243654 0.56293 0
0.248062 0.555955 0
0.269369 0.465836 0
0.259733 0.423079 0
0.273954 0.395533 0
0.275854 0.380468 0
0.277826 0.362054 0
0.273888 0.345121 0
0.268708 0.335268 1
0.271598 0.325456 0
0.272373 0.314799 0
0.269621 0.305449 0
0.274646 0.291508 0
0.26827 0.28367 0
0.276076 0.263352 0
0.287726 0.240706 0
0.295618 0.219754 0
0.384861 0.113785 0
0.396958 0.115051 0
0.395013 0.0885486 0
0.40933 0.0772991 0
0.417477 0.0565667 0
0.427273 0.044978 0
0.427479 0.0332183 0
0.434325 0.025843 0
0.43313 0.0196225 0
0.431992 0.0116336 0
0.425426 0 0
0.449603 0.00165054 0
0.48212 0.0116138 0
0.521821 0.0286694 0
0.550333 0.0558055 0
0.559571 0.0650063 1
0.590922 0.0739717 0
0.605877 0.0761482 0
0.66534 0.0950872 0
0.696801 0.10859 0
0.727469 0.140615 0
0.749018 0.164823 0
0.885933 0.232677 0
0.893698 0.272217 0
0.930592 0.32281 0
0.967299 0.361978 0
0.961157 0.404751 0
0.961275 0.42535 0
0.948295 0.430988 0
0.919258 0.417261 0
0.91676 0.436696 0
0.912955 0.449685 0
0.903562 0.459832 0
0.885678 0.469096 0
0.890523 0.497972 0
0.876148 0.509449 0
0.875905 0.532343 0
0.873172 0.552176 0
0.862185 0.563436 0
0.839568 0.571772 0
0.837507 0.589038 0
0.851501 0.617549 0
0.812943 0.616539 0
0.800563 0.621927 0
0.799316 0.640629 0
0.795522 0.657155 1
0.799164 0.672812 0
0.793781 0.695709 0
0.793397 0.71608 0
0.772562 0.723367 0
0.782143 0.746605 0
0.782767 0.762941 0
0.807949 0.779822 0
0.804007 0.800707 1
0.797622 0.815573 0
0.783613 0.821075 0
0.807093 0.856708 0
0.797234 0.870624 1
0.790662 0.886102 0
0.785287 0.904821 0
0.778323 0.907554 0
0.772266 0.924662 0
0.784759 0.94287 0
0.7642 0.943159 1
0.765143 0.948412 0
0.765887 0.956549 0
0.755382 0.960928 0
0.746901 0.964637 0
0.732045 0.966477 0
0.720814 0.968992 0
0.706959 0.968831 0
0.694974 0.968786 0
0.688372 0.97167 0
0.673307 0.971281 1
0.663676 0.974134 0
0.653545 0.976201 0
0.644282 0.973763 0
0.627861 0.969864 0
0.526023 0.982443 0
0.540097 0.979721 0
0.552932 0.967594 0
0.584641 0.961501 0
0.584428 0.95158 0
0.574988 0.944583 1
0.210895 0.848466 0
0.163255 0.793368 0
0.165547 0.782723 0
0.167862 0.768093 1
0 0.470085 0
0.0443646 0.39376 1
0.0374181 0.429922 0
0.0500461 0.448164 1
0.0591938 0.451702 0
0.064113 0.45872 0
0.0864232 0.471171 0
0.123434 0.534114 0
0.161181 0.579761 0
0.238206 0.731914 0
0.232342 0.702874 0
0.208665 0.621716 0
0.301389 0.734947 0
0.278928 0.729207 0
0.345884 0.775732 0
0.34798 0.771917 1
0.346764 0.75486 0
0.361289 0.748103 0
0.366894 0.743149 0
0.37391 0.734455 1
0.365973 0.712127 0
0.363009 0.689922 0
0.353087 0.662025 0
0.31893 0.623909 0
0.309283 0.616547 0
0.282946 0.552874 0
0.276916 0.568873 0
0.277484 0.579331 1
0.278087 0.576898 0
0.305439 0.56762 0
0.226782 0.322173 0
0.217547 0.336078 0
0.208398 0.330872 0
0.202821 0.32688 0
0.20505 0.318599 0
0.199964 0.314094 1
0.202271 0.3116 0
0.222123 0.254102 0
0.252533 0.196375 0
0.29505 0.158888 0
0.293079 0.148462 0
0.317595 0.142182 0
0.332733 0.130176 0
0.33483 0.1175 0
0.34296 0.108592 0
0.349064 0.0953703 1
0.344038 0.0902729 0
0.318247 0.0701551 0
0.524705 0.0342065 0
0.62512 0.0601735 0
0.671861 0.0824544 0
0.717841 0.0835855 0
0.750977 0.0997314 0
0.771285 0.113449 0
0.804613 0.126975 0
0.844308 0.163968 1
0.908313 0.220982 0
0.914853 0.257499 0
0.936348 0.287865 0
0.960899 0.335071 0
1 0.390027 0
0.996792 0.414888 1
0.961863 0.394943 0
0.966621 0.414414 0
0.964734 0.427472 0
0.951159 0.422396 0
0.946281 0.433653 0
0.952764 0.452914 0
0.909155 0.436905 0
0.923118 0.469979 0
0.897979 0.480055 0
0.875837 0.491316 0
0.803289 0.475678 0
0.868034 0.529823 0
0.776563 0.511377 0
0.732194 0.514471 0
0.653638 0.493668 0
0.74114 0.558852 0
0.700435 0.567592 0
0.611148 0.538831 0
0.499042 0.494632 0
0.473786 0.481475 1
