0.0492505 0.394161 1
0.060935 0.343572 0
0.119047 0.299539 1
0.115129 0.22235 0
0.585502 0.212108 0
0.673071 0.260916 0
0.678938 0.27181 1
0.697477 0.271116 0
0.737515 0.284772 0
0.809338 0.336465 0
0.815551 0.336488 1
0.827035 0.339264 0
0.843032 0.341336 0
0.859661 0.348685 0
0.863631 0.358942 0
0.878025 0.36866 0
0.891658 0.36811 1
0.901524 0.368106 0
0.906271 0.364796 0
0.900501 0.350714 0
0.900498 0.339279 0
0.909409 0.346419 0
0.91292 0.339691 0
0.907091 0.325115 0
0.928109 0.354165 0
0.948239 0.358239 0
0.937124 0.354218 1
0.937776 0.351615 0
0.944023 0.356676 0
0.880059 0.251923 0
0.865246 0.241047 0
0.852417 0.235618 0
0.846164 0.242298 1
0.852454 0.223299 0
0.718915 0.0803755 0
0.683159 0.0832916 0
0.66227 0.076475 0
0.638455 0.0533008 0
0.424619 0.0358778 0
0.388526 0 0
0.354104 0.0112101 0
0.364202 0.0210949 0
0.36798 0.0309854 1
0.371933 0.0357441 0
0.379042 0.0408444 0
0.380613 0.0441338 0
0.38627 0.0507572 0
0.3872 0.0530121 0
0.366687 0.0444521 0
0.249282 0.145 0
0.244749 0.134063 0
0.245926 0.134197 0
0.246294 0.134581 1
0.246399 0.135782 0
0.257899 0.161373 0
0.258614 0.176357 0
0.263904 0.187983 0
0.227613 0.221585 0
0.261348 0.211304 0
0.238896 0.241466 0
0.27658 0.220587 0
0.153324 0.457692 0
0.126378 0.46107 0
0.119518 0.470161 0
0.122822 0.471008 0
0.13969 0.475863 0
0.156697 0.487429 0
0.178695 0.494081 0
0.197732 0.496478 0
0.20101 0.49819 0
0.212585 0.71075 0
0.194229 0.711246 0
0.191486 0.709241 0
0.226 0.698109 0
0.262224 0.912469 0
0.269529 0.891053 0
0.266512 0.607455 0
0.469164 0.940299 0
0.574982 0.853605 0
0.558299 0.861322 0
0.55359 0.884149 0
0.553676 0.883561 0
0.55414 0.88159 0
0.554355 0.879255 0
0.556191 0.867916 1
0.557663 0.865301 0
0.573838 0.850216 0
0.577545 0.844165 0
0.580021 0.833545 0
0.557575 0.829501 0
0.551235 0.813096 0
0.539115 0.808511 0
0.529148 0.69168 0
0.515158 0.803398 0
0.506477 0.729778 0
0.497795 0.720814 0
0.496447 0.733896 0
0.488821 0.730755 0
0.4883 0.742398 0
0.481185 0.741558 0
0.473091 0.747491 0
0.434319 0.719503 0
0.402448 0.712606 0
0.337576 0.748366 0
0.303219 0.77994 0
0.287141 0.816764 0
0.283241 0.822337 1
0.28308 0.821445 0
0.283398 0.821843 0
0.282644 0.821095 0
0.282793 0.8126 0
0.37465 0.791258 0
0.110152 0.693718 0
0.0949477 0.691784 0
0.0918802 0.688691 0
0.0910123 0.689556 0
0.0904172 0.700685 0
0 0.515313 0
0.0458087 0.461769 0
0.00957337 0.473918 0
0.0380398 0.447111 0
0.0389907 0.438024 0
0.0308745 0.418397 0
0.0976198 0.333484 0
0.129961 0.219651 0
0.148307 0.205014 0
0.189215 0.154792 0
0.506018 0.15198 0
0.517369 0.133216 1
0.522098 0.129599 0
0.54497 0.145951 0
0.701547 0.208843 0
0.731097 0.210267 0
0.759589 0.215091 0
0.771739 0.21003 0
0.780096 0.199436 0
0.79099 0.191291 0
0.790103 0.179413 0
0.865767 0.327365 0
0.891718 0.328667 0
0.894444 0.33639 0
0.897338 0.339045 0
0.898373 0.329204 0
0.896029 0.314673 0
0.900315 0.319618 0
0.898283 0.302416 0
0.896945 0.294698 0
0.897855 0.292581 0
0.896971 0.282995 0
0.896334 0.282449 0
0.895839 0.277097 1
0.894276 0.273207 0
0.889139 0.272176 0
0.874461 0.270074 0
0.830049 0.206639 0
0.845476 0.215547 0
0.755266 0.0859917 0
0.734759 0.0821269 0
0.71895 0.0774749 0
0.701425 0.0718186 0
0.672887 0.0740824 0
0.656858 0.0658955 0
0.531213 0.0320342 0
0.466902 0.00602118 0
0.452389 0.0148197 1
0.446436 0.0141227 0
0.439718 0.0161221 0
0.435434 0.0181947 0
0.438647 0.0249672 0
0.42774 0.026633 0
0.423612 0.0324765 0
0.449201 0.0325564 0
0.253392 0.144782 0
0.246221 0.133489 0
0.245945 0.131752 0
0.249743 0.13443 0
0.247193 0.144387 0
0.255157 0.161754 0
0.261061 0.179465 0
0.248592 0.198141 0
0.2267 0.217104 0
0.227549 0.228522 0
0.241067 0.234899 0
0.253297 0.237198 0
0.28066 0.269212 0
0.185036 0.409356 0
0.114926 0.463931 0
0.119605 0.468277 0
0.120597 0.468908 1
0.133058 0.478304 0
0.145806 0.480827 0
0.159726 0.494404 0
0.183153 0.499913 0
0.21043 0.499025 0
0.221471 0.509542 0
0.242696 0.501964 0
0.239997 0.50989 0
0.18921 0.746868 0
0.199042 0.729112 0
0.298188 0.512618 0
0.262957 0.519202 0
0.670516 0.769196 0
0.455201 0.92094 0
0.448551 0.955719 0
0.450033 0.946076 0
0.625598 0.787029 0
0.584117 0.805693 0
0.583274 0.833013 0
0.589032 0.820738 0
0.588997 0.808896 0
0.584898 0.797658 0
0.574173 0.790815 0
0.564814 0.795549 0
0.553439 0.795793 0
0.54567 0.79921 1
0.534058 0.694762 0
0.514412 0.827221 0
0.508746 0.735239 0
0.500211 0.703088 0
0.490393 0.699815 0
0.480439 0.701135 0
0.477264 0.72324 0
0.486976 0.755127 0
0.497781 0.766994 0
0.497574 0.770608 1
0.483558 0.769005 0
0.451831 0.749447 0
0.417663 0.737877 0
0.395684 0.747076 0
0.39776 0.779645 0
0.39895 0.812692 1
0.39893 0.812576 0
0.397643 0.81198 0
0.393042 0.805786 0
0.379901 0.781027 0
0.129713 0.678728 0
0.0926097 0.688736 0
0.0931784 0.690378 0
0.0881549 0.69225 1
0.0917027 0.689628 0
0.0827264 0.650427 0
0.0489237 0.467593 0
0.0106915 0.478798 0
0.0312328 0.462976 0
0.0470673 0.448274 1
0.0337061 0.440002 0
0.0349317 0.429219 0
0.121917 0.252833 0
0.138972 0.206983 0
0.172073 0.189694 0
0.18963 0.173059 1
0.296432 0.106057 0
0.297732 0.0991257 1
0.299157 0.112264 0
0.520907 0.12211 0
0.522898 0.110668 0
0.749274 0.209141 0
0.765767 0.210496 0
0.771717 0.206344 0
0.782024 0.203845 0
0.788373 0.194094 0
0.789261 0.192943 0
0.787113 0.165612 0
0.881402 0.316553 0
0.891892 0.32756 0
0.89396 0.33232 0
0.894702 0.330468 0
0.893358 0.320214 0
0.895002 0.315463 0
0.888385 0.299402 0
0.812234 0.181245 0
0.811197 0.176879 0
0.811586 0.176663 1
0.809584 0.180824 0
0.806188 0.183368 0
0.804243 0.191008 0
0.803998 0.194259 0
0.803474 0.201273 0
0.818433 0.202752 0
0.744635 0.116838 0
0.713277 0.0963056 0
0.688533 0.0957247 0
0.663204 0.0890151 0
0.653834 0.0737969 0
0.631777 0.0710922 0
0.613314 0.0709418 0
0.595696 0.0676257 1
0.559947 0.032827 0
0.431723 0.0231801 0
0.44041 0.0244106 0
0.446686 0.0251676 0
0.439412 0.0331942 0
0.436042 0.0376351 0
0.437639 0.0346028 0
0.435756 0.0369607 0
0.426847 0.045638 0
0.406786 0.0741918 0
0.246512 0.124176 0
0.247332 0.137247 0
0.249207 0.139401 0
0.258601 0.16548 0
0.253164 0.197338 0
0.244402 0.206316 0
0.233745 0.216693 0
0.233393 0.218945 1
0.240193 0.229347 0
0.244683 0.243426 0
0.258943 0.25692 0
0.166875 0.430087 0
0.121705 0.470649 0
0.121479 0.464926 0
0.144913 0.494461 0
0.0745355 0.698089 1
0.14629 0.480652 0
0.00666512 0.77325 0
0.174193 0.708922 0
0.0374327 0.829068 0
0.185626 0.707495 0
0.192072 0.711818 1
0.193273 0.71167 0
0.184332 0.707369 0
0.271553 0.909561 0
0.305132 0.865866 1
0.319168 0.897018 0
0.328932 0.914298 0
0.333022 0.93528 0
0.322228 0.951715 0
0.325819 0.956181 0
0.361171 0.968175 0
0.343777 0.962466 0
0.347138 0.996666 0
0.538882 0.920535 0
0.379492 1 0
0.561138 0.775375 0
0.531747 0.767704 1
0.492267 0.426617 0
0.457761 0.436167 1
0.441165 0.470956 0
0.452151 0.508255 0
0.430331 0.51983 0
0.397186 0.509308 1
0.39198 0.519264 0
0.391801 0.565723 0
0.372473 0.58445 0
0.381603 0.604635 0
0.396154 0.643293 0
0.397597 0.677399 0
0.36666 0.667416 0
0.34701 0.679832 0
0.409334 0.716198 0
0.393523 0.749744 0
0.373345 0.773734 0
0.30655 0.710095 0
