0.886556 0.649941 0
0.883251 0.611071 0
0.901041 0.548234 1
0.895759 0.570501 0
0.880903 0.495483 0
0.877558 0.485807 0
0.916912 0.488705 0
0.938648 0.444785 0
0.962139 0.422262 0
0.944773 0.447643 0
0.948096 0.445845 0
0.957599 0.430354 0
0.920373 0.419935 0
0.916966 0.413003 0
0.899879 0.399679 0
0.911883 0.354945 0
0.901933 0.341806 0
0.888547 0.322403 0
0.876419 0.320684 0
0.838122 0.295573 0
0.811624 0.212284 0
0.72586 0.129572 0
0.643341 0.0917134 0
0.702202 0.129887 0
0.686708 0.140891 0
0.662611 0.137657 0
0.67451 0.154433 0
0.628332 0.146039 0
0.654348 0.162859 0
0.638615 0.183019 0
0.63705 0.192648 0
0.64646 0.214954 0
0.60033 0.18635 0
0.618689 0.173286 0
0.600771 0.168259 0
0.592431 0.176487 0
0.610451 0.210286 0
0.609904 0.243615 0
0.596857 0.246111 0
0.593 0.26822 0
0.594848 0.299669 0
0.559919 0.341306 0
0.561603 0.351278 0
0.56594 0.382675 0
0.568092 0.391625 0
0.523521 0.401638 0
0.50568 0.382397 0
0.469998 0.396931 0
0.461363 0.444382 0
0.419976 0.450805 0
0.373911 0.440716 0
0.335042 0.431428 0
0.279265 0.420739 1
0.239518 0.401869 0
0.175942 0.376537 0
0.151614 0.359943 0
0.12401 0.353697 0
0.0960303 0.345986 0
0.09886 0.363659 0
0.11986 0.405077 0
0.128977 0.417088 0
0.111008 0.407986 0
0.123519 0.406303 0
0.154797 0.431615 0
0.16332 0.460603 0
0.153709 0.507324 0
0.120516 0.513827 0
0.0811597 0.463763 0
0.0610068 0.430192 0
0.0585754 0.422161 0
0.0513728 0.407141 1
0.0363273 0.368518 0
0.039374 0.361252 0
0.0363583 0.36832 0
0.0482033 0.354704 1
0.0963172 0.336011 0
0.105685 0.294916 0
0.066181 0.275265 0
0.0715973 0.268272 1
0.438073 0.688635 0
0.557886 0.951527 1
0.462485 0.955415 0
0.334713 0.924022 1
0.330504 0.891948 0
0.319065 0.862542 0
0.308534 0.840583 0
0.263102 0.794448 0
0.196442 0.741353 0
0.16553 0.715157 0
0.142156 0.705237 0
0.0958047 0.681843 0
0.147956 0.740441 0
0.22186 0.814455 0
0.290466 0.878874 0
0.278104 0.862725 0
0.214991 0.780347 0
0.15316 0.724981 0
0.137201 0.707508 0
0.185771 0.746028 0
0.23418 0.793467 0
0.244285 0.781792 0
0.250276 0.769185 0
0.300798 0.782242 0
0.345466 0.797497 0
0.345483 0.787376 0
0.363855 0.775245 0
0.38817 0.766977 0
0.438612 0.789346 0
0.504224 0.825303 0
0.54389 0.834017 0
0.582094 0.827606 1
0.558304 0.761024 0
0.606919 0.743904 0
0.6576 0.74276 0
0.700964 0.738566 0
0.749948 0.741581 0
0.745836 0.715462 0
0.764394 0.682121 0
0.772066 0.657005 0
0.795002 0.662819 0
0.807951 0.683361 0
0.836725 0.706983 0
0.859386 0.681665 0
0.859743 0.653482 0
0.903427 0.616967 0
0.893946 0.610413 0
0.906363 0.591455 0
0.940426 0.566389 0
0.953194 0.554722 0
0.960488 0.529118 0
0.963723 0.498629 0
0.948061 0.494806 0
0.929439 0.46219 0
1 0.500853 0
0.989808 0.478071 0
0.965382 0.456035 0
0.965555 0.432757 0
0.97709 0.392261 0
0.975344 0.371861 1
0.931831 0.363628 0
0.88786 0.326126 0
0.871289 0.285441 0
0.833085 0.25678 0
0.811894 0.171321 0
0.796081 0.151434 0
0.70472 0.103549 0
0.731582 0.121671 0
0.707275 0.0811798 0
0.681226 0.0646262 0
0.672838 0.12052 0
0.671806 0.142082 0
0.678676 0.166904 0
0.682129 0.150055 0
0.625418 0.113519 0
0.627155 0.112713 0
0.622357 0.0927793 0
0.626077 0.103751 0
0.6808 0.15423 0
0.681695 0.191229 0
0.666049 0.205882 0
0.635959 0.207551 0
0.606032 0.218858 0
0.615919 0.254254 0
0.603925 0.299118 0
0.60702 0.337159 0
0.61436 0.376474 0
0.585843 0.390572 0
0.557077 0.400577 0
0.531222 0.412791 0
0.492151 0.415305 0
0.485224 0.420185 0
0.492 0.436847 0
0.438017 0.403266 0
0.370032 0.362244 0
0.329557 0.340453 1
0.327031 0.351401 0
0.310769 0.351789 0
0.262135 0.320157 0
0.246531 0.333115 0
0.212174 0.309503 0
0.17319 0.297878 0
0.128652 0.286198 0
0.0847142 0.271675 0
0.0686432 0.290286 0
0.0930945 0.335895 0
0.0889293 0.335125 0
0.157722 0.379988 1
0.15294 0.372329 0
0.128145 0.333127 1
0.258903 0.594528 0
0.410575 0.911368 1
0.508764 0.911898 0
0.598153 0.904869 1
0.629102 0.919967 0
0.636491 0.899303 0
0.641753 0.840235 0
0.711036 0.851938 1
0.698107 0.859006 0
0.68381 0.881247 1
0.65839 0.9165 0
0.611709 0.925602 1
0.395368 0.856372 0
0.141586 0.743945 1
0.113979 0.691923 0
0.0894009 0.597826 1
0.0468139 0.597143 0
0.039444 0.647704 0
0.04729 0.65233 0
0.0266097 0.614697 0
0 0.574497 0
0.00705574 0.580809 0
0.00968172 0.591487 0
0.0700435 0.661226 0
0.113847 0.68893 0
0.145524 0.687174 1
0.197586 0.743141 0
0.203005 0.764272 0
0.200362 0.75184 0
0.107106 0.678104 0
0.0915865 0.664296 0
0.0924056 0.674697 0
0.0912632 0.660628 0
0.166435 0.700129 0
0.247061 0.767236 0
0.226303 0.762355 0
0.249144 0.78351 0
0.25715 0.780359 0
0.276301 0.77086 0
0.3122 0.781836 0
0.334401 0.795683 0
0.366902 0.8038 1
0.431295 0.81588 0
0.482146 0.823014 0
0.52033 0.806322 0
0.552904 0.792819 0
0.542681 0.766807 0
0.527397 0.72582 0
0.565336 0.704323 0
0.608219 0.695604 0
0.703874 0.717341 0
0.711646 0.704973 0
0.731165 0.6948 0
0.744773 0.686632 0
0.748477 0.680719 0
0.755829 0.702273 0
0.777612 0.726652 0
0.823069 0.697594 1
0.846696 0.647857 0
0.856977 0.622706 0
0.873656 0.603612 0
0.873152 0.570406 0
0.878779 0.554779 0
0.905384 0.556861 0
0.944273 0.566421 0
0.948961 0.560593 0
0.920287 0.52209 0
0.920004 0.490353 0
0.950714 0.476765 0
0.956627 0.432777 0
0.958764 0.421014 0
0.948312 0.411277 0
0.932612 0.398092 0
0.928169 0.409168 0
0.94621 0.383514 0
0.917823 0.343863 0
0.876349 0.310331 0
0.847506 0.261255 0
0.811644 0.147803 0
0.71861 0.0319631 1
0.642737 0.0102036 0
0.582163 0.0361946 0
0.57283 0.00819856 0
0.496746 0 1
0.577563 0.00759767 0
0.608619 0.0035926 0
0.604415 0.0480327 0
0.635887 0.0700778 0
0.638945 0.0611615 0
0.633261 0.0893237 1
0.60618 0.0976459 0
0.618203 0.0989341 0
0.638719 0.0870262 0
0.62951 0.0998193 0
0.606065 0.110271 0
0.575828 0.141437 0
0.564916 0.156219 0
0.54275 0.190539 0
0.534371 0.225894 0
0.550592 0.299849 0
0.585031 0.369043 0
0.605947 0.419043 0
0.50781 0.351128 0
0.536756 0.426797 0
0.595002 0.509119 0
0.59783 0.536504 0
0.552498 0.508851 0
0.552685 0.531571 0
0.513469 0.50663 0
0.537036 0.538024 1
0.519247 0.555287 0
0.482942 0.54391 1
0.40916 0.524778 0
0.27754 0.439214 0
0.221803 0.421816 0
0.215182 0.437909 0
0.123504 0.364816 0
0.20797 0.475176 0
0.142697 0.451938 0
0.122147 0.423072 0
