0 0.480534 0
0.0183819 0.457886 0
0.00118203 0.438404 0
0.00234628 0.409737 0
0.0190773 0.38293 0
0.0558184 0.355486 0
0.056501 0.344824 1
0.0530954 0.345644 0
0.0202147 0.342272 0
0.722294 0.312376 0
0.174788 0.000503146 0
0.288416 0.0655629 0
0.291469 0.0638924 0
0.305232 0.069056 0
0.312334 0.0740826 1
0.320953 0.0504478 0
0.32767 0.0266467 0
0.344708 0.0159648 0
0.378058 0 0
0.401899 0.00228511 0
0.482504 0.0164156 0
0.393475 0.0424602 0
0.48959 0.0487569 1
0.492358 0.0534882 0
0.492546 0.0597718 0
0.487823 0.063001 0
0.488373 0.065981 0
0.48585 0.0690203 0
0.490043 0.0736998 0
0.487863 0.0663032 0
0.491272 0.0690337 0
0.490584 0.0682328 0
0.489737 0.0668171 0
0.500714 0.0671522 0
0.537175 0.0846962 0
0.522207 0.162406 0
0.499541 0.190743 0
0.476925 0.202311 0
0.476355 0.247552 0
0.7948 0.581535 0
0.756802 0.578748 0
0.708252 0.583713 0
0.659238 0.597295 0
0.628942 0.611299 0
0.628717 0.647913 0
0.580878 0.657876 0
0.558894 0.683051 1
0.539761 0.693537 0
0.514735 0.721517 0
0.493 0.726321 0
0.476289 0.731805 0
0.458974 0.741205 0
0.427719 0.751727 0
0.404412 0.754434 0
0.377441 0.755945 0
0.364844 0.768558 0
0.351165 0.789536 0
0.358921 0.854064 0
0.36704 0.873618 0
0.348213 0.875261 0
0.32372 0.869326 1
0.279974 0.87014 0
0.246906 0.885246 0
0.237088 0.959216 0
0.262635 0.248291 0
0.208854 0.228456 0
0.207174 0.229297 1
0.195436 0.226243 0
0.185404 0.225146 0
0.169936 0.217225 0
0.154479 0.206773 0
0.149532 0.202582 0
0.141098 0.198963 1
0.138678 0.197608 0
0.137084 0.19694 0
0.131812 0.194521 0
0.126444 0.189825 0
0.122761 0.178878 0
0.114129 0.17589 0
0.105203 0.172219 0
0.0968168 0.168796 0
0.0801058 0.18387 0
0.0184695 0.181723 0
0.074165 0.574233 0
0.04762 0.574448 0
0.0396249 0.555725 0
0.0262262 0.523063 1
0.0448277 0.504335 0
0.0393895 0.478637 0
0.0354033 0.458137 0
0.0386563 0.427639 0
0.0660362 0.411886 0
0.735115 0.361211 0
0.0330396 0.444418 0
0.731708 0.373895 0
0.802818 0.321085 0
0.812434 0.323403 0
0.814056 0.321287 0
0.814414 0.320729 0
0.814509 0.320656 0
0.814505 0.320654 1
0.828081 0.290951 0
0.823556 0.253582 0
0.798576 0.23046 0
0.778946 0.20415 1
0.758708 0.188867 0
0.720222 0.141534 0
0.362712 0.0622817 0
0.330624 0.102944 1
0.376138 0.093747 0
0.385093 0.0944931 0
0.410021 0.0989262 0
0.435193 0.0876905 0
0.454513 0.0836765 0
0.488017 0.0830474 0
0.476378 0.0854127 0
0.48036 0.0852074 1
0.480622 0.0859736 0
0.4794 0.0897791 0
0.48128 0.0974537 0
0.478884 0.106405 0
0.475293 0.126929 0
0.476521 0.136247 0
0.482867 0.160601 0
0.500488 0.137255 0
1 0.561072 0
0.885082 0.591304 0
0.869031 0.594207 0
0.854597 0.602746 1
0.828832 0.630893 0
0.799187 0.640667 0
0.766463 0.65364 0
0.736012 0.660622 0
0.718665 0.687482 0
0.690435 0.708791 0
0.647079 0.726088 0
0.637083 0.787397 0
0.539447 0.756374 0
0.512807 0.761058 0
0.497647 0.769498 0
0.500468 0.805896 0
0.474319 0.8108 0
0.452835 0.801963 0
0.432279 0.809854 0
0.422057 0.825876 0
0.398673 0.844833 0
0.359519 0.810201 0
0.307422 0.887019 0
