0.753072 0.336735 1
0.743653 0.326713 0
0.736411 0.313203 0
0.721932 0.302223 0
0.715605 0.29688 0
0.706312 0.291664 0
0.70834 0.269575 0
0.0968772 0.393302 1
0.629546 0.279166 0
0.646427 0.272198 0
0.641358 0.265878 0
0.603197 0.250994 0
0.0605883 0.405793 1
0.581157 0.239454 0
0.583091 0.241538 0
0.575584 0.234872 0
0.554505 0.241745 0
0.542411 0.241247 0
0.525774 0.242642 0
0.508808 0.248368 0
0.49674 0.260429 0
0.486026 0.267342 0
0.474742 0.279219 0
0.47032 0.261161 0
0.468692 0.240773 0
0.462171 0.238697 0
0.454788 0.235183 0
0.446626 0.221033 0
0.44118 0.223044 0
0.433495 0.210139 0
0.415232 0.184962 0
0.387493 0.136335 0
0.366149 0.102874 0
0.332268 0.0537452 0
0.306168 0.0362687 0
0.299312 0.0353226 0
0.278851 0.0309614 0
0.268699 0.0243616 0
0.247782 0.0173865 0
0.210463 0.00779278 0
0.197628 0.0101691 0
0.183423 0.00664876 0
0.16171 0.00814243 0
0.152109 0.00132661 0
0.139515 0.000106161 0
0.130774 0 0
0.124569 0.00427224 0
0.123695 0.00825329 0
0.115905 0.0102352 1
0.112669 0.0174938 0
0.113237 0.0245229 0
0.0976647 0.0283317 0
0.0864715 0.0354634 0
0.0840991 0.0418772 0
0.0736282 0.0420722 0
0.0664377 0.0446387 0
0.059317 0.0549551 0
0.0537645 0.0584484 0
0.0456247 0.0654983 0
0.0298945 0.0773365 0
0.0129034 0.0856552 0
0.0194307 0.0853565 0
0.0187175 0.100423 0
0.0198588 0.121631 0
0.0177928 0.144905 0
0.0260656 0.152589 0
0.0304544 0.167974 0
0.0262639 0.172447 0
0.00729995 0.193381 0
0 0.239659 0
0.0146237 0.284545 0
0.0199663 0.306317 0
0.0242238 0.328258 0
0.0274193 0.333366 0
0.0330092 0.347213 1
0.0899768 0.453586 1
0.0819302 0.484468 0
0.0738205 0.51645 0
0.0878264 0.536509 0
0.106572 0.549391 0
0.117538 0.563967 0
0.122966 0.580392 0
0.109871 0.600906 0
0.11558 0.625034 0
0.120332 0.639326 0
0.123024 0.651337 0
0.130982 0.663493 0
0.147116 0.672498 0
0.1657 0.67294 0
0.186362 0.676256 0
0.197778 0.68301 0
0.213463 0.692761 0
0.224604 0.702686 0
0.242321 0.7058 0
0.267995 0.711183 0
0.271274 0.718629 0
0.267119 0.727408 0
0.288669 0.731643 0
0.30939 0.7409 0
0.319297 0.746879 0
0.336999 0.748941 0
0.339848 0.75117 0
0.343739 0.755465 0
0.34663 0.764501 0
0.354864 0.766352 0
0.358522 0.770514 0
0.368623 0.772598 0
0.379187 0.776444 0
0.386762 0.781572 0
0.397017 0.786781 0
0.40885 0.79352 0
0.416078 0.795428 0
0.427947 0.79017 0
0.449195 0.798064 0
0.471418 0.790213 0
0.491471 0.782563 0
0.513946 0.789444 0
0.541174 0.793438 0
0.541848 0.809706 0
0.536379 0.814988 0
0.556335 0.835187 0
0.579018 0.865731 0
0.582411 0.857284 0
0.589377 0.859775 0
0.604152 0.880232 0
0.625233 0.924123 0
0.651963 0.938495 0
0.669046 0.949521 0
0.68964 0.948333 0
0.701238 0.939594 0
0.712766 0.935992 0
0.727182 0.945011 0
0.738623 0.952954 0
0.743392 0.987951 0
0.761978 0.996457 0
0.778712 0.987899 0
0.789225 0.980762 0
0.796358 0.979746 1
0.802177 0.97656 0
0.807118 0.969251 0
0.817619 0.9806 0
0.823699 0.989624 0
0.832832 0.990562 0
0.842565 0.989332 0
0.856592 0.998296 0
0.867907 1 0
0.873613 0.984855 0
0.875825 0.969893 0
0.88022 0.948744 0
0.886073 0.92789 0
0.88865 0.910122 0
0.903301 0.900803 0
0.898828 0.87649 0
0.905396 0.862945 0
0.903809 0.849949 0
0.89845 0.825116 0
0.902139 0.809164 0
0.909629 0.79843 0
0.914721 0.788479 0
0.910947 0.771469 0
0.904948 0.749501 0
0.915642 0.652714 0
0.886456 0.604751 0
0.907674 0.565769 0
0.906001 0.536655 0
0.907541 0.519909 0
0.881 0.514528 0
0.897541 0.483574 0
0.894104 0.470105 0
0.890251 0.452037 0
0.8862 0.435114 0
0.889831 0.400172 0
0.893469 0.365535 0
0.872582 0.369724 0
0.840032 0.388501 0
0.821948 0.385089 0
0.848608 0.32819 0
0.844924 0.315029 0
0.820326 0.329388 0
0.811974 0.312204 0
0.789236 0.317436 0
0.768781 0.308457 0
0.754442 0.300428 0
0.732902 0.303084 0
0.716862 0.303748 0
0.704849 0.301156 0
0.692159 0.288668 0
0.680239 0.283113 0
0.669523 0.278971 0
0.652945 0.269052 0
0.637804 0.270166 0
0.627905 0.273617 0
0.620117 0.283422 0
0.60915 0.277326 0
0.596884 0.255019 0
0.588832 0.236267 0
0.569673 0.227237 0
0.555256 0.230867 0
0.527172 0.239823 0
0.514051 0.24198 0
0.497258 0.25441 0
0.491945 0.243661 0
0.477627 0.254864 0
0.474633 0.23548 0
0.467547 0.219783 0
0.458811 0.232599 0
0.436562 0.221693 0
0.397391 0.155425 0
0.0904764 0.331414 1
0.403417 0.112704 0
0.360119 0.109244 0
0.33992 0.0966939 0
0.312815 0.0775584 0
0.295995 0.0656082 0
0.295949 0.0672086 0
0.293446 0.0736389 0
0.280223 0.0732871 0
0.276299 0.0756486 0
0.291349 0.0924397 0
0.278747 0.0774419 0
0.271223 0.0799973 0
0.258692 0.0697962 0
0.260019 0.0764336 0
0.256045 0.0807292 0
0.251995 0.0776564 0
0.223129 0.0749105 0
0.191062 0.0782544 0
0.1781 0.0845707 0
0.170697 0.0868739 0
0.173085 0.104586 0
0.166605 0.110369 0
0.158426 0.108639 0
0.151928 0.112889 0
0.148467 0.121987 0
0.148372 0.139626 0
0.153495 0.142646 0
0.152217 0.143008 0
0.142251 0.157939 0
0.14017 0.167443 0
0.140891 0.187102 0
0.14244 0.20542 0
0.173076 0.189293 0
0.194383 0.212564 0
0.205818 0.23686 0
0.20583 0.290918 0
0.213473 0.31102 0
0.207218 0.353512 0
0.17062 0.383462 0
0.179179 0.390845 0
0.189968 0.419052 0
0.177806 0.453695 0
0.181899 0.475547 0
0.198084 0.509806 0
0.202179 0.532007 0
0.203227 0.558947 0
0.206776 0.57578 0
0.209306 0.592709 0
0.207655 0.610013 0
0.208908 0.621292 0
0.222689 0.621799 0
0.230353 0.62642 0
0.228938 0.640753 0
0.23606 0.641844 0
0.247334 0.636228 0
0.257573 0.643069 0
0.264376 0.655012 0
0.268982 0.663764 0
0.274418 0.666372 0
0.297824 0.675583 0
0.304579 0.677508 0
0.310384 0.6749 0
0.315515 0.690632 0
0.330588 0.709091 0
0.334514 0.725323 0
0.351596 0.737781 0
0.356492 0.743135 0
0.364348 0.759683 0
0.367415 0.749617 0
0.372643 0.747192 0
0.38815 0.741978 0
0.394119 0.749715 0
0.406275 0.751598 0
0.424599 0.759073 0
0.431567 0.741279 0
0.447709 0.74356 0
0.455476 0.74459 0
0.467081 0.745115 0
0.4798 0.75573 0
0.488621 0.773311 0
0.498597 0.766438 0
0.505939 0.769777 0
0.516072 0.769345 0
0.526965 0.776101 0
0.539728 0.788114 0
0.541353 0.788756 0
0.5559 0.818805 0
0.562448 0.82137 0
0.585079 0.861749 0
0.597421 0.865375 0
0.638257 0.875572 0
0.666663 0.892878 0
0.676889 0.903472 0
0.687756 0.918042 0
0.69406 0.92936 0
0.711385 0.927977 0
0.713666 0.922747 0
0.719084 0.909062 0
0.729589 0.905494 0
0.73903 0.923635 0
0.736389 0.948907 0
0.751837 0.921387 0
0.754808 0.902449 0
0.760599 0.896616 0
0.763109 0.891724 0
0.773014 0.882022 0
0.777104 0.866331 0
0.783622 0.857551 0
0.795134 0.863872 0
0.801392 0.856084 0
0.807838 0.847744 0
0.811621 0.833576 0
0.82641 0.809567 0
0.827439 0.811578 0
0.836219 0.816819 0
0.837337 0.811747 0
0.845749 0.799298 0
0.841149 0.782422 0
0.846102 0.775155 0
0.852408 0.766187 0
0.848912 0.752409 0
0.846705 0.730433 0
0.849449 0.71493 0
0.848051 0.704071 0
0.852879 0.69477 1
0.855774 0.667255 0
0.855559 0.627542 0
0.860747 0.591253 0
0.866926 0.564675 0
0.876152 0.530237 0
0.887994 0.508791 0
0.88909 0.484112 0
0.882467 0.467024 0
0.8674 0.443961 0
0.852307 0.429609 0
0.850987 0.411188 0
0.861396 0.384023 0
0.857964 0.37043 0
0.85332 0.356817 0
0.844861 0.345811 0
0.835343 0.346378 0
0.811195 0.339798 0
0.726803 0.392 0
0.712831 0.377776 0
0.704149 0.341621 0
0.692712 0.351243 0
0.67841 0.358373 0
0.65584 0.357699 0
0.653429 0.337881 0
0.635026 0.333231 0
0.621232 0.337344 0
0.6117 0.33843 0
0.606687 0.3203 0
0.593879 0.321515 0
0.583433 0.320741 0
0.568478 0.325865 0
0.562482 0.324038 0
0.54964 0.319367 0
0.543322 0.312614 1
0.535424 0.309435 0
0.530525 0.31002 0
0.5256 0.303083 0
0.513441 0.302502 0
0.504331 0.30372 0
0.496639 0.291415 0
0.484357 0.289711 0
0.473163 0.276565 0
0.467411 0.265327 0
0.459905 0.259011 0
0.45418 0.254851 0
0.440794 0.250528 0
0.421507 0.234182 0
0.415393 0.231794 0
0.416488 0.232863 0
0.405049 0.226428 0
0.388405 0.228783 0
0.371615 0.220974 0
0.361093 0.220029 0
0.350294 0.205901 0
0.319442 0.175669 0
0.305489 0.163853 0
0.271006 0.140834 0
0.227244 0.0721613 0
0.208253 0.0677031 0
0.170594 0.0636533 0
0.168728 0.0635782 0
0.152895 0.0586021 0
0.150545 0.0628519 0
0.15294 0.0677244 0
0.158905 0.0781361 0
0.159481 0.0913571 0
0.161521 0.110174 0
0.146334 0.108618 0
0.137594 0.114089 0
0.140672 0.133032 0
0.137962 0.143103 0
0.121733 0.13975 0
0.115768 0.15316 0
0.119257 0.179402 0
0.112172 0.17744 0
0.123812 0.213315 0
0.120293 0.222786 0
0.113227 0.24814 0
0.10823 0.264051 0
0.104644 0.275329 1
0.103162 0.273738 0
0.145143 0.272567 0
0.176302 0.31376 0
0.15554 0.341726 0
0.14047 0.354735 1
0.146442 0.360512 0
0.175466 0.372624 0
0.211394 0.38674 0
0.192578 0.487337 0
0.143406 0.534529 0
0.15091 0.584264 0
0.122259 0.6165 0
0.114543 0.639882 0
0.102947 0.662274 0
0.112317 0.659875 0
0.120326 0.695565 0
0.125648 0.691109 0
0.127705 0.714827 0
0.13648 0.726414 0
0.15032 0.719227 0
0.162452 0.733545 0
0.161935 0.751431 0
0.180228 0.764169 0
0.179022 0.7718 0
0.204518 0.792674 0
0.195861 0.795656 0
0.221941 0.773676 0
0.238953 0.78588 0
0.256615 0.761493 0
0.274938 0.758132 0
0.287096 0.760703 0
0.291997 0.771799 0
0.306367 0.782178 0
0.316394 0.775913 0
0.326326 0.772674 1
