0 0.624679 1
0.00482394 0.6322 0
0.00761116 0.641196 0
0.00712122 0.64626 0
0.009223 0.653839 0
0.0109459 0.66665 0
0.0145973 0.677211 0
0.0206587 0.683311 0
0.0227708 0.694225 0
0.0270951 0.709474 0
0.0610641 0.710049 0
0.105019 0.716416 0
0.129274 0.733153 0
0.133253 0.740147 0
0.152283 0.743535 0
0.155636 0.739863 0
0.160951 0.775399 0
0.292094 0.836922 0
0.311977 0.817265 0
0.327243 0.821805 0
0.341276 0.844907 0
0.356874 0.863937 0
0.382861 0.879779 0
0.406141 0.891346 0
0.421949 0.886581 0
0.455808 0.897312 0
0.491079 0.911461 0
0.521689 0.905139 0
0.542764 0.888895 0
0.560152 0.868468 0
0.599038 0.85952 0
0.62052 0.875918 0
0.642523 0.884065 0
0.659582 0.883728 1
0.685136 0.869105 0
0.713098 0.854026 0
0.742861 0.85007 0
0.758371 0.848082 0
0.780636 0.84532 0
0.801294 0.851193 0
0.837475 0.847556 0
0.857488 0.826098 0
0.86478 0.812744 0
0.883166 0.787415 0
0.898542 0.769985 0
0.91478 0.746086 0
0.917789 0.714479 0
0.936301 0.69719 0
0.94244 0.674443 0
0.984387 0.662105 0
1 0.626757 0
0.967692 0.564595 0
0.950951 0.542331 0
0.928333 0.523469 0
0.917633 0.499069 0
0.913389 0.466432 0
0.904105 0.442148 0
0.892558 0.409189 0
0.869027 0.380958 0
0.865856 0.359947 0
0.87521 0.345409 0
0.88059 0.323159 0
0.879132 0.300105 0
0.886803 0.280973 0
0.892901 0.250984 0
0.891161 0.22318 0
0.887774 0.196374 0
0.908005 0.155417 0
0.902993 0.130056 0
0.901631 0.112942 0
0.896835 0.0850221 0
0.891003 0.0791108 0
0.887566 0.0765726 0
0.878759 0.0713338 0
0.869585 0.0695044 0
0.854988 0.0651116 0
0.849516 0.0627534 0
0.837927 0.0646714 0
0.83067 0.0614079 0
0.82533 0.0612333 1
0.800357 0.0602521 0
0.789524 0.0680694 0
0.76352 0.0546957 0
0.740722 0.0479662 0
0.725049 0.0473076 0
0.698698 0.0304386 0
0.68587 0.0366904 0
0.656939 0.0476232 0
0.634047 0.0475743 0
0.615134 0.0488154 0
0.601605 0.0548505 0
0.583304 0.0491727 0
0.564879 0.0541215 0
0.53926 0.0486512 0
0.527481 0.0644704 0
0.510423 0.0727642 0
0.4903 0.0961732 0
0.48453 0.111167 0
0.475033 0.117667 0
0.47157 0.137 0
0.456778 0.150739 0
0.429855 0.163784 0
0.420315 0.174812 0
0.395487 0.174565 0
0.374927 0.178772 0
0.352884 0.191181 0
0.342563 0.206542 0
0.337717 0.218764 0
0.339362 0.238193 0
0.335927 0.256746 0
0.329717 0.279461 0
0.320512 0.304221 0
0.318263 0.319541 0
0.321045 0.334954 0
0.300349 0.343206 0
0.292789 0.363302 0
0.279837 0.378691 0
0.26849 0.389015 0
0.281291 0.419306 0
0.27654 0.427387 0
0.262107 0.443394 0
0.237253 0.466718 0
0.217653 0.477447 0
0.194509 0.492544 0
0.185292 0.50675 0
0.173562 0.51432 0
0.162902 0.541728 0
0.124281 0.574549 0
0.0947042 0.605715 0
0.0638777 0.61949 0
0.0569746 0.636644 0
0.0594568 0.646933 0
0.0558806 0.655475 0
0.0597572 0.665421 0
0.0827006 0.676843 0
0.0862812 0.690604 0
0.105525 0.696681 0
0.1165 0.706912 0
0.121389 0.716684 0
0.146743 0.725677 0
0.171732 0.735747 0
0.194912 0.745723 0
0.225234 0.761565 0
0.248803 0.771304 0
0.25979 0.775741 1
0.262264 0.767079 0
0.26458 0.747699 0
0.273012 0.743111 0
0.296173 0.756339 0
0.300862 0.782098 0
0.329944 0.808634 0
0.343047 0.830823 0
0.373583 0.835519 0
0.386813 0.855094 0
0.418909 0.856727 0
0.435945 0.859236 0
0.462598 0.853103 0
0.49195 0.847973 0
0.51891 0.859244 0
0.543851 0.851336 0
0.570213 0.842233 0
0.592556 0.833538 0
0.615492 0.8326 0
0.633047 0.823508 0
0.674394 0.813581 0
0.690917 0.792189 0
0.711075 0.761379 0
0.693703 0.733831 0
0.74393 0.738423 0
0.757746 0.728426 0
0.789716 0.729492 0
0.804672 0.725296 0
0.82357 0.725474 0
0.8528 0.720239 0
0.869988 0.708915 0
0.872698 0.691341 0
0.887601 0.676642 0
0.896662 0.667191 0
0.898411 0.637224 0
0.898654 0.611033 0
0.913188 0.587687 0
0.913023 0.570795 0
0.91482 0.547937 0
0.916336 0.530754 0
0.909345 0.50064 0
0.908009 0.482322 0
0.888645 0.454736 0
0.915323 0.427542 0
0.907006 0.40732 0
0.916292 0.394462 0
0.911569 0.373283 0
0.893743 0.346189 0
0.927126 0.336773 0
0.94361 0.33255 0
0.936509 0.301579 0
0.935857 0.285479 0
0.949583 0.257646 0
0.973178 0.227619 0
0.965806 0.177593 0
0.960019 0.124025 0
0.964743 0.128858 0
0.969646 0.121204 0
0.973774 0.119369 0
0.976804 0.114 0
0.975011 0.079746 0
0.936694 0.0643718 0
0.945328 0.0450075 0
0.9229 0.0395439 0
0.901778 0.0461493 0
0.899476 0.027855 0
0.872961 0.0229395 0
0.84544 0 0
0.79945 0.0145852 0
0.757644 0.00048925 0
0.73354 0.00660013 0
0.706785 0.0272073 0
0.690584 0.0467188 0
0.669084 0.0421099 0
0.654593 0.0479736 0
0.634044 0.0528681 0
0.612443 0.0474478 0
0.588193 0.0528832 0
0.567586 0.0457611 0
0.553155 0.0582304 0
0.532124 0.0529483 0
0.513654 0.0568794 0
0.495959 0.0651837 0
0.482837 0.0725252 1
0.461678 0.0849188 0
0.437116 0.100515 0
0.41657 0.122665 0
0.39973 0.129995 0
0.385121 0.141019 0
0.369653 0.150915 0
0.353432 0.165527 0
0.33936 0.179467 0
0.324321 0.194838 0
0.310109 0.209258 0
0.298967 0.222104 0
0.28848 0.237398 0
0.273172 0.24606 0
0.270273 0.260044 0
0.260764 0.275193 1
0.25072 0.284048 0
0.2387 0.299219 0
0.225028 0.305243 0
0.219497 0.319463 0
0.203284 0.335894 0
0.191169 0.358306 0
0.188563 0.381615 0
0.162517 0.397063 0
0.147734 0.422216 0
0.139284 0.441837 0
0.121029 0.463177 0
0.112906 0.46451 0
0.095651 0.483599 0
0.0865405 0.500805 0
0.0730628 0.535518 0
0.0351134 0.557989 0
0.0316181 0.581446 0
0.0127469 0.613453 0
0.00117004 0.625712 0
0.00430416 0.632113 0
0.00698619 0.641131 0
0.00261303 0.6483 0
0.00018355 0.658729 0
0.00946321 0.66577 0
0.0112071 0.673143 0
0.0146189 0.681261 0
0.0291523 0.696344 0
0.0394697 0.701967 0
0.0473185 0.720362 0
0.0615843 0.715376 0
0.0757694 0.717027 0
0.065324 0.726763 0
0.0639811 0.74058 0
0.0657491 0.736404 0
0.0733474 0.730456 0
0.0827026 0.734679 0
0.0972361 0.706349 0
0.349688 0.796513 0
0.371708 0.792542 0
0.38647 0.777331 0
0.404359 0.777364 0
0.42153 0.769685 0
0.440734 0.765332 0
0.460742 0.769982 0
0.472947 0.763959 0
0.492868 0.758302 0
0.513701 0.754713 0
0.532821 0.760348 0
0.550665 0.754038 0
0.566163 0.754812 1
0.582585 0.746439 0
0.598704 0.738726 0
0.627317 0.733345 0
0.643762 0.719399 0
0.674938 0.709614 0
0.679427 0.689647 0
0.709112 0.686524 0
0.746204 0.684089 0
0.79338 0.715843 0
0.862678 0.72749 0
0.854145 0.706879 0
0.85743 0.685017 0
0.861277 0.659454 0
0.906925 0.660418 0
0.912989 0.645939 0
0.901275 0.62551 0
0.915271 0.611902 1
0.92191 0.592931 0
0.924212 0.573497 0
0.923938 0.551814 0
0.931863 0.531223 0
0.943754 0.513182 0
0.941683 0.492251 0
0.962008 0.473546 0
0.994152 0.46003 0
0.979003 0.426482 0
0.950334 0.392973 0
0.951114 0.372498 0
0.937629 0.342917 0
0.941768 0.334588 0
0.948085 0.313344 0
0.948721 0.289228 0
0.957536 0.258694 0
0.967749 0.214636 0
0.962506 0.180234 0
0.959171 0.143176 1
