0.0204947 0.0359605 1
0.0224945 0.0368552 0
0 0.052892 0
0.00213972 0.0558411 0
0.00763894 0.0617301 0
0.00716751 0.0798899 0
0.0090071 0.0949163 0
0.0276722 0.103008 0
0.0521093 0.0921467 0
0.0537756 0.138394 0
0.0564228 0.18716 0
0.0622029 0.230743 0
0.0480629 0.282669 0
0.0452399 0.349816 0
0.069118 0.404401 0
0.0676698 0.433386 0
0.0687621 0.480684 0
0.0661043 0.505496 0
0.0828461 0.549382 0
0.0820591 0.592065 0
0.131775 0.641252 0
0.147532 0.696376 0
0.197494 0.745177 0
0.212307 0.816626 0
0.226354 0.860195 1
0.241258 0.867755 0
0.249885 0.875366 0
0.273894 0.888833 0
0.292025 0.888372 0
0.325565 0.903669 0
0.341693 0.932387 0
0.361763 0.960396 0
0.379993 0.99081 0
0.408085 0.996667 0
0.443745 0.99168 0
0.462292 1 0
0.493033 0.972103 0
0.539187 0.979677 0
0.56434 0.959445 0
0.606345 0.941427 0
0.658152 0.932756 0
0.682047 0.917298 0
0.741752 0.90129 0
0.814935 0.906448 0
0.857252 0.886976 0
0.873304 0.860637 0
0.884965 0.813953 0
0.890512 0.806503 0
0.893057 0.79976 0
0.897276 0.776837 0
0.850545 0.765615 0
0.83652 0.797683 0
0.813923 0.762163 0
0.789934 0.758227 0
0.779568 0.756754 0
0.76455 0.748471 0
0.750868 0.737316 0
0.742672 0.721578 0
0.733241 0.678091 0
0.715487 0.661466 0
0.688709 0.632112 0
0.685578 0.604802 0
0.668299 0.572956 0
0.658825 0.525667 0
0.663814 0.460299 0
0.654806 0.423192 0
0.656466 0.368926 0
0.613991 0.355734 0
0.600789 0.317569 0
0.575362 0.294084 0
0.540454 0.284651 0
0.494195 0.286163 0
0.470789 0.254792 0
0.440413 0.237007 0
0.419429 0.207244 0
0.397119 0.173469 0
0.377386 0.140207 1
0.361447 0.134906 0
0.349771 0.111044 0
0.330195 0.121001 0
0.308108 0.113018 0
0.284113 0.0925622 0
0.252656 0.059418 0
0.22654 0.045965 0
0.194184 0.0535791 0
0.156318 0.0380191 0
0.132983 0.0424779 0
0.078935 0.010075 0
0.0359825 0 0
0.0170283 0.0305768 0
0.0199423 0.0355502 0
0.0204296 0.035862 0
0.0201534 0.0360781 0
0.023565 0.0378683 0
0.0309573 0.0438051 0
0.0422646 0.0454328 0
0.054155 0.0342853 0
0.059838 0.0382325 0
0.0668063 0.0613777 0
0.0675183 0.0841741 0
0.0597747 0.129292 0
0.0596251 0.179014 0
0.0683676 0.232052 0
0.0602413 0.371386 0
0.0745533 0.399749 0
0.0918915 0.440829 0
0.106823 0.481058 0
0.104191 0.501215 0
0.129849 0.546636 0
0.138915 0.596174 0
0.157313 0.639351 0
0.206752 0.695711 0
0.212955 0.738503 0
0.216237 0.783624 0
0.215054 0.810862 0
0.24116 0.827402 0
0.271267 0.809296 0
0.289945 0.814997 0
0.317968 0.803696 0
0.353345 0.787337 0
0.379306 0.805101 0
0.40603 0.839365 0
0.428265 0.86136 0
0.457215 0.869185 0
0.490731 0.841199 0
0.519844 0.844413 0
0.550529 0.832103 0
0.565428 0.858234 0
0.58454 0.846909 0
0.612234 0.882757 0
0.652088 0.804335 0
0.670055 0.823645 0
0.721709 0.811534 0
0.750241 0.779062 0
0.78529 0.785733 0
0.825392 0.787589 0
0.887455 0.782424 0
0.903427 0.747297 1
