0.141189 0.0870941 1
0.12646 0.106631 0
0.0875582 0.122854 0
0.0603857 0.152191 0
0.0447036 0.173719 0
0.0436918 0.209521 0
0.0181003 0.228786 0
0.0205577 0.262476 0
0.0673026 0.328807 0
0.0464587 0.350881 0
0.0567935 0.387871 0
0.0725926 0.429872 0
0.0669995 0.450341 0
0.0711561 0.496043 0
0.0824132 0.535677 0
0.0662395 0.560067 0
0.0687191 0.598402 0
0.0890925 0.634431 0
0.0970605 0.669159 0
0.0995257 0.69864 1
0.10684 0.711918 0
0.126841 0.748257 0
0.137538 0.773126 0
0.151229 0.798143 0
0.166271 0.824439 0
0.195303 0.842635 0
0.213361 0.853638 0
0.243601 0.86501 0
0.263758 0.892383 0
0.283375 0.896363 0
0.308631 0.92269 0
0.335946 0.948982 0
0.369393 0.966921 0
0.385171 0.985297 0
0.423578 0.978765 0
0.449235 1 0
0.484084 0.984582 0
0.509792 0.984987 0
0.558728 0.971095 0
0.603149 0.954627 0
0.61425 0.956608 0
0.629519 0.967831 0
0.650155 0.944527 0
0.67833 0.963621 0
0.661636 0.958939 1
0.650455 0.942321 0
0.634999 0.923073 0
0.632897 0.91242 0
0.624741 0.885595 0
0.625537 0.857711 0
0.617898 0.833704 0
0.623125 0.802705 0
0.659475 0.758502 0
0.679237 0.723819 0
0.692867 0.674919 0
0.692153 0.655959 0
0.687097 0.634364 0
0.643021 0.612543 0
0.616942 0.588184 0
0.577177 0.548247 0
0.555013 0.524338 0
0.563365 0.494152 0
0.566471 0.463333 0
0.552846 0.429856 0
0.561403 0.418771 0
0.560754 0.414862 0
0.544256 0.393944 0
0.526184 0.378557 0
0.532701 0.360845 0
0.517235 0.326045 0
0.518893 0.316083 0
0.500013 0.304147 0
0.451732 0.227702 0
0.439834 0.202473 0
0.434597 0.178488 0
0.417679 0.154994 0
0.411532 0.132021 0
0.395391 0.124039 0
0.386416 0.0973307 0
0.373319 0.0804028 0
0.357251 0.0701802 0
0.340112 0.0529752 0
0.319787 0.052778 0
0.30835 0.0324364 0
0.285457 0.0204445 0
0.261189 0 0
0.24701 0.00363752 0
0.227053 0.00983737 0
0.216076 0.0371685 0
0.199412 0.0525762 0
0.174388 0.0505388 0
0.157606 0.0574009 0
0.150871 0.0948876 0
0.106616 0.100899 0
0.113698 0.114314 0
0.0907801 0.136032 0
0.0658654 0.146771 0
0.0415227 0.173588 0
0.0277189 0.200768 0
0.0189857 0.233114 0
0.012468 0.254902 0
0.00579291 0.280568 0
0 0.301057 0
0.0046387 0.331624 0
0.0144501 0.358015 0
0.0541947 0.392477 0
0.0625557 0.4376 0
0.0437041 0.493602 0
0.0663012 0.530461 0
0.0551878 0.580748 0
0.0863583 0.619776 0
0.122162 0.684004 0
0.124327 0.722985 0
0.121156 0.727611 0
0.122957 0.733806 0
0.13321 0.745277 0
0.147938 0.769855 0
0.170833 0.794925 0
0.195925 0.813884 0
0.220397 0.828652 0
0.234634 0.848131 0
0.261358 0.859045 0
0.276775 0.867757 0
0.31205 0.89696 0
0.331273 0.918865 0
0.369677 0.94283 0
0.416325 0.947742 0
0.495539 0.936852 0
0.575356 0.959594 0
0.601782 0.950449 0
0.611991 0.960676 0
0.640521 0.956427 0
0.716627 0.945636 0
0.72492 0.950444 0
0.727776 0.954533 0
0.702242 0.943254 0
0.681699 0.891578 0
0.685983 0.866021 0
0.72238 0.850409 0
0.72514 0.830067 0
0.712829 0.801926 0
0.72129 0.786009 0
0.721578 0.754357 0
0.73756 0.732374 0
0.723851 0.698832 0
0.714119 0.67522 0
0.695642 0.654537 0
0.702832 0.643002 0
0.667495 0.608739 0
0.668231 0.594388 0
0.645641 0.572508 0
0.602542 0.546741 0
0.596208 0.515582 0
0.585719 0.472781 0
0.58143 0.430675 0
0.556263 0.390114 0
0.571107 0.372259 0
0.561436 0.346309 0
0.572247 0.322102 0
0.574222 0.312821 0
0.561398 0.312625 0
0.536604 0.306446 0
0.51103 0.257615 0
0.503968 0.254421 0
0.489409 0.240244 1
