0.257696 0.186422 1
0.248543 0.184001 0
0.239738 0.188682 0
0.248066 0.198978 0
0.232928 0.201509 0
0.23212 0.210827 0
0.245068 0.214743 0
0.238104 0.226081 0
0.248235 0.231742 0
0.259109 0.230142 0
0.268103 0.223059 0
0.276928 0.216797 0
0.287669 0.219656 0
0.291318 0.229594 0
0.284253 0.240363 0
0.298281 0.24386 0
0.297288 0.254458 0
0.284207 0.259022 0
0.292887 0.270209 0
0.283714 0.278243 0
0.2694 0.275834 0
0.269713 0.28733 0
0.255878 0.286836 0
0.251995 0.296905 0
0.26239 0.305051 0
0.252687 0.313669 0
0.257612 0.323728 0
0.266752 0.328941 0
0.27825 0.322854 0
0.290229 0.321701 0
0.291982 0.332332 0
0.289324 0.345215 0
0.297513 0.352782 0
0.30784 0.353476 0
0.315763 0.345436 0
0.322027 0.336833 0
0.332228 0.336626 0
0.342231 0.340509 1
0.344032 0.350481 0
0.340235 0.362143 0
0.341918 0.373787 0
0.352143 0.377587 0
0.361823 0.372127 0
0.371702 0.369207 0
0.379946 0.376927 0
0.380276 0.389079 0
0.387547 0.395897 0
0.399105 0.395786 0
0.406801 0.4027 0
0.412879 0.412513 0
0.422721 0.419036 0
0.430599 0.426568 0
0.432384 0.437248 0
0.435912 0.447014 0
0.445317 0.453487 0
0.455816 0.453808 0
0.467109 0.447829 0
0.479515 0.445508 0
0.487878 0.450342 0
0.485467 0.463612 0
0.498482 0.462112 0
0.502925 0.47067 0
0.50099 0.482471 0
0.495049 0.490368 0
0.482137 0.488372 0
0.483081 0.502751 0
0.471326 0.499205 0
0.460929 0.49233 0
0.452419 0.500312 0
0.459499 0.513119 0
0.446924 0.515491 0
0.447508 0.527543 0
0.458188 0.531936 0
0.473015 0.531162 0
0.469695 0.539697 1
0.45821 0.554838 0
0.468811 0.558452 0
0.464275 0.571975 0
0.477899 0.569955 0
0.486132 0.561803 0
0.493442 0.54966 0
0.504873 0.544871 0
0.512926 0.554611 0
0.516003 0.567694 0
0.520694 0.578194 0
0.53109 0.576894 0
0.540646 0.570271 0
0.541986 0.558483 0
0.556401 0.558267 0
0.554929 0.547528 0
0.545259 0.537872 0
0.551589 0.52863 0
0.546915 0.518157 0
0.553728 0.508109 0
0.571042 0.5128 0
0.57026 0.503395 0
0.569275 0.492172 0
0.589341 0.494687 0
0.586381 0.482707 0
0.598936 0.483893 0
0.602028 0.47278 0
0.599383 0.461092 0
0.595728 0.450092 0
0.585209 0.453958 0
0.5771 0.451781 0
0.570211 0.444243 0
0.567638 0.435772 0
0.578387 0.426647 0
0.579052 0.417447 0
0.576618 0.4083 0
0.568225 0.404148 0
0.555205 0.409684 0
0.542663 0.410636 1
0.533851 0.404371 0
0.531437 0.39273 0
0.523584 0.388518 0
0.513944 0.382279 0
0.506586 0.374577 0
0.49747 0.36491 0
0.489153 0.35448 0
0.48112 0.342707 0
0.473084 0.329634 0
0.465451 0.316261 0
0.458254 0.303502 0
0.450751 0.290121 0
0.444289 0.278286 0
0.438356 0.266795 0
0.433234 0.256284 0
0.430019 0.248416 0
0.426256 0.237403 0
0.423027 0.226767 0
0.420003 0.215752 0
0.415703 0.199603 0
0.413752 0.188368 0
0.4117 0.176378 0
0.410547 0.165652 0
0.424358 0.0943325 0
0.42031 0.0840683 0
0.413617 0.0716722 0
0.407234 0.0648323 0
0.399877 0.0572429 0
0.393845 0.0508531 0
0.376756 0.040256 0
0.376213 0.0369084 0
0.365754 0.0309275 0
0.354802 0.0262969 0
0.344777 0.0214323 0
0.334181 0.0179588 0
0.325392 0.0127681 0
0.313946 0.012946 1
0.302085 0.00655938 0
0.29318 0.0111954 0
0.28596 0.00248449 0
0.275534 0.00684321 0
0.266261 0 0
0.254798 0.00484212 0
0.244917 0.00110398 0
0.233331 0.00242436 0
0.221862 0.00437001 0
0.210793 0.00819966 0
0.200806 0.0149548 0
0.187396 0.0688434 0
0.178897 0.0784301 0
0.169944 0.0877205 0
0.161046 0.0980679 0
0.153145 0.108563 0
0.145861 0.120705 0
0.139343 0.131899 0
0.132872 0.143596 0
0.127245 0.153059 0
0.201369 0.723758 0
0.041453 0.186151 0
0.0374998 0.198216 0
0.0322932 0.207387 0
0.029108 0.217192 0
0.0267605 0.226615 0
0.0258639 0.236728 0
0.0254074 0.247963 0
0.0244643 0.258141 0
0.0236179 0.26961 0
0.0231597 0.281031 0
0.0228088 0.294052 0
0.0222927 0.30859 0
0.0216442 0.32301 0
0.0208782 0.338066 0
0.0202897 0.353454 0
0.0201002 0.366183 0
0.0202324 0.380193 1
0.0208798 0.393911 0
0.0218559 0.4061 0
0.0231438 0.416379 0
0.0253197 0.427918 0
0.0275466 0.436882 0
0.0321775 0.449474 0
0.0367348 0.460441 0
0.043895 0.47591 0
0.0500944 0.487857 0
0.057102 0.499837 0
0.0651553 0.511997 0
0.0712071 0.519672 0
0.078064 0.527117 0
0.0824334 0.531287 0
0.0196496 0.679681 0
0.0255846 0.679314 0
0.0352275 0.676774 0
0.0433227 0.668723 0
0.0446045 0.656173 0
0.0380817 0.647357 0
0.0333988 0.639207 0
0.0374138 0.629854 0
0.0458844 0.623825 0
0.054696 0.628745 0
0.0640915 0.625673 0
0.0718003 0.631032 0
0.0748072 0.64293 0
0.0786857 0.654455 0
0.0863837 0.656774 0
0.0957376 0.648846 0
0.101093 0.646459 0
0.180955 0.63568 0
0.185317 0.637584 0
0.194153 0.642498 0
0.203791 0.648157 0
0.212353 0.652666 0
0.222164 0.657244 1
0.231017 0.660332 0
0.240483 0.662749 0
0.252932 0.664681 0
0.265577 0.66601 0
0.275483 0.666439 0
0.286764 0.666156 0
0.297361 0.665204 0
0.306951 0.663695 0
0.317604 0.66166 0
0.328237 0.659899 0
0.337045 0.656 0
0.346218 0.652403 0
0.355041 0.648483 0
0.364228 0.643654 0
0.374264 0.63802 0
0.38084 0.631302 0
0.387392 0.622636 0
0.391478 0.612405 0
0.39205 0.602968 0
0.391111 0.592085 0
0.390524 0.581986 0
0.390465 0.575873 0
0.509781 0.237217 0
0.508965 0.223661 0
0.505336 0.208368 0
0.502317 0.200843 0
0.491306 0.180428 0
0.48481 0.170988 0
0.477214 0.161296 0
0.468913 0.151896 0
0.461238 0.144167 0
0.454562 0.138118 0
0.445357 0.13254 0
0.436381 0.130718 0
0.425846 0.128712 0
0.413932 0.126219 0
0.400226 0.12274 0
0.389418 0.119185 1
0.379862 0.115303 0
0.367416 0.110655 0
0.359362 0.10712 0
0.348497 0.100801 0
0.339977 0.0974628 0
0.327098 0.093274 0
0.316847 0.0882534 0
0.308537 0.0854905 0
0.297361 0.0890764 0
0.288203 0.0879031 0
0.28095 0.0816334 0
0.279682 0.0695634 0
0.271669 0.0649913 0
0.261313 0.0661633 0
0.254401 0.0567357 0
0.245354 0.050671 0
0.234014 0.0482878 0
0.223898 0.0473249 0
0.212367 0.045566 0
0.198129 0.0423501 0
0.187378 0.039428 0
0.177289 0.0368417 0
0.164033 0.0371237 0
0.152958 0.042824 0
0.149029 0.051953 0
0.13841 0.0603927 0
0.130554 0.0681051 0
0.120631 0.0770513 0
0.111622 0.0873607 0
0.103 0.0988024 0
0.0945531 0.110965 0
0.0882973 0.122669 0
0.0825766 0.137756 0
0.079672 0.149738 0
0.0782916 0.162844 0
0.0799295 0.173311 0
0.0807977 0.186366 1
0.0800232 0.197703 0
0.0785397 0.209565 0
0.0772241 0.221679 0
0.0766523 0.23334 0
0.0767563 0.246929 0
0.0781233 0.259874 0
0.0800492 0.271918 0
0.0818665 0.282277 0
0.0838043 0.292155 0
0.0866068 0.303185 0
0.089593 0.314263 0
0.093018 0.326133 0
0.0975097 0.340379 0
0.10086 0.351753 0
0.103831 0.363344 0
0.107056 0.377171 0
0.110078 0.391679 0
0.112316 0.402766 0
0.115242 0.416363 0
0.11736 0.426802 0
0.12108 0.445983 0
0.123277 0.459436 0
0.12441 0.468942 0
0.125154 0.481034 0
0.129822 0.496991 0
0.133681 0.511465 0
0.131215 0.515725 0
0.135094 0.527313 0
0.13841 0.531031 0
0.0632211 0.707263 0
0.0717339 0.708543 0
0.0801899 0.708736 0
0.0905946 0.718632 0
0.0939985 0.720187 0
0.14098 0.583454 0
0.143287 0.587169 0
0.14403 0.588407 1
0.114133 0.720822 0
0.119067 0.714869 0
0.120334 0.708251 0
0.12717 0.6967 0
0.133864 0.693133 0
0.138618 0.691001 0
0.186009 0.576539 0
0.190626 0.574143 0
0.197095 0.565502 0
0.206989 0.563904 0
0.214555 0.564517 0
0.221747 0.571372 0
0.230666 0.575417 0
0.240946 0.578124 0
0.249548 0.579107 0
0.261872 0.569465 0
0.272782 0.564336 0
0.280314 0.560279 0
0.291139 0.557692 0
0.296598 0.549657 0
0.29939 0.534398 0
0.311296 0.538948 0
0.315744 0.532853 0
0.309809 0.515008 0
0.312951 0.507963 0
0.327708 0.511975 0
0.324464 0.497686 0
0.32782 0.490511 0
0.339905 0.495948 0
0.348542 0.498576 0
0.360473 0.49377 0
0.369747 0.488386 0
0.379992 0.478975 0
0.528225 0.317474 0
0.53631 0.305413 0
0.540229 0.299656 0
0.547368 0.289363 0
0.550291 0.279015 1
0.556158 0.274035 0
0.568457 0.271502 0
0.573403 0.262649 0
0.582397 0.259139 0
0.586431 0.249119 0
0.584444 0.237663 0
0.583471 0.229947 0
0.587756 0.218642 0
0.599154 0.215777 0
0.604208 0.208045 0
0.600762 0.199597 0
0.596642 0.191488 0
0.609357 0.175867 0
0.601898 0.156295 0
0.600689 0.162743 0
0.613189 0.159669 0
0.614941 0.145316 0
0.606897 0.13744 0
0.604256 0.128356 0
0.61897 0.122338 0
0.618434 0.109081 0
0.622108 0.0997594 0
0.630691 0.0999885 0
0.629257 0.0855317 0
0.63889 0.0844798 0
0.648587 0.0823301 0
0.656416 0.0898291 0
0.66728 0.087604 0
0.677371 0.0972564 0
0.685965 0.0940209 0
0.6958 0.100974 0
0.701137 0.107569 0
0.70764 0.117294 0
0.715249 0.127215 0
0.721758 0.137061 0
0.727476 0.147206 0
0.731491 0.155978 1
0.734838 0.165036 0
0.73876 0.174063 0
0.723938 0.187211 0
0.740861 0.191414 0
0.741245 0.19999 0
0.737278 0.211282 0
0.735117 0.22085 0
0.732981 0.230228 0
0.732195 0.241138 0
0.73314 0.249724 0
0.733479 0.260656 0
0.73649 0.270915 0
0.73742 0.283837 0
0.740957 0.293328 0
0.743939 0.303723 0
0.747955 0.314298 0
0.750626 0.323833 0
0.753898 0.33192 0
0.760561 0.345093 0
0.764429 0.352944 0
0.769564 0.364302 0
0.774659 0.375867 0
0.779299 0.387029 0
0.783761 0.397577 0
0.786918 0.40541 0
0.790007 0.414106 0
0.793192 0.423758 0
0.7966 0.432977 0
0.797679 0.441276 0
0.798189 0.451625 0
0.799066 0.459278 0
0.799351 0.470419 0
0.799346 0.483353 0
0.799069 0.493242 0
0.798479 0.505574 0
0.79757 0.51605 0
0.79648 0.52502 0
0.794829 0.534483 1
0.792505 0.543664 0
0.789257 0.55371 0
0.786092 0.561384 0
0.778987 0.569611 0
0.772949 0.577736 0
0.766499 0.586279 0
0.760404 0.594237 0
0 0.555449 0
0.748443 0.613769 0
0.746493 0.622285 0
0.744336 0.631305 0
0.74156 0.641832 0
0.737888 0.65416 0
0.735255 0.662055 0
0.732673 0.669433 0
0.731312 0.67337 0
0.692229 0.757818 0
0.700124 0.772009 0
0.699189 0.777632 0
0.696631 0.78346 0
0.687052 0.787999 0
0.68235 0.795146 0
0.68279 0.805439 0
0.684098 0.815446 0
0.683173 0.82513 0
0.67961 0.834803 0
0.678292 0.845286 0
0.681907 0.854176 0
0.683345 0.863173 0
0.676797 0.873276 0
0.672339 0.88203 0
0.67637 0.891107 0
0.683936 0.897664 0
0.684066 0.908826 0
0.676399 0.917889 0
0.680068 0.928398 0
0.680111 0.940665 1
0.679467 0.952536 0
0.677727 0.965752 0
0.667917 0.971764 0
0.657889 0.966839 0
0.654512 0.9535 0
0.645067 0.956141 0
0.642415 0.945227 0
0.635039 0.938579 0
0.626793 0.94507 0
0.617772 0.944667 0
0.626684 0.959856 0
0.627272 0.966946 0
0.635297 0.97572 0
0.640696 0.989276 0
0.645224 1 0
0.626249 0.991538 0
0.608891 0.974012 0
0.595055 0.956484 0
0.58219 0.946357 0
0.567705 0.938246 0
0.55485 0.932182 0
0.539689 0.925757 0
0.523375 0.919192 0
0.505606 0.912436 0
0.501409 0.921429 0
0.49511 0.926538 0
0.485799 0.925178 0
0.485073 0.912678 0
0.47326 0.915139 0
0.46887 0.907097 0
0.470499 0.896404 0
0.479696 0.892219 0
0.489063 0.889053 0
0.497389 0.883687 0
0.495337 0.873535 0
0.487909 0.86736 0
0.479223 0.865532 0
0.473119 0.868597 1
