0.166443 0 0
0.169665 0.00361946 0
0.173161 0.0103884 1
0.176734 0.0207769 0
0.174115 0.0305649 0
0.160463 0.031591 0
0.161485 0.0450325 0
0.155063 0.0530594 0
0.143549 0.0544849 0
0.129838 0.0619751 0
0.0930077 0.0282551 0
0.119032 0.0095109 0
0.109663 0.00889565 0
0.0994531 0.0440837 0
0.107749 0.0484851 0
0.119383 0.0370127 0
0.124794 0.0242227 0
0.094773 0.0365079 0
0.123805 0.0165619 0
0.101735 0.0130824 0
0.108656 0.0272118 0
0.0958151 0.0193091 0
0.123202 0.031783 0
0.114411 0.0440482 0
0.083856 0.123121 1
0.0802198 0.127508 0
0.0698656 0.13459 0
0.0717271 0.142426 0
0.0746046 0.148338 0
0.0899159 0.152284 0
0.0907784 0.160233 0
0.0913839 0.168002 0
0.0904134 0.177318 0
0.0855061 0.186469 0
0.0785053 0.189757 0
0.0655108 0.179899 0
0.0619778 0.182314 0
0.0631349 0.198645 0
0.0548124 0.2034 0
0.04634 0.202574 0
0.0413716 0.18811 0
0.0351192 0.18745 0
0.0268136 0.199021 0
0.0185147 0.196019 0
0.0101342 0.188175 0
0.0133135 0.179849 0
0.017775 0.163126 0
0.0116432 0.162782 0
0.0031477 0.164414 1
0 0.163905 0
0.449942 0.914269 0
0.454923 0.916155 0
0.457884 0.915654 0
0.466953 0.917656 0
0.470774 0.919801 0
0.480246 0.929506 0
0.481267 0.950007 0
0.498974 0.926346 0
0.504152 0.925641 0
0.511099 0.931656 0
0.502592 0.962747 0
0.524801 0.95232 0
0.523549 0.96126 0
0.549216 0.954914 0
0.540185 0.97071 1
0.545777 0.975127 0
0.560795 0.966783 0
0.565621 0.977911 0
0.571117 0.977376 0
0.571078 1 0
0.589848 0.990756 0
0.59304 0.977547 0
0.594366 0.97513 0
0.602863 0.967503 0
0.604962 0.958804 0
0.606919 0.953118 0
0.589214 0.949273 0
0.5831 0.941417 0
0.603286 0.928961 0
0.592134 0.925693 0
0.582523 0.919235 0
0.573008 0.911157 0
0.573838 0.906984 0
0.59009 0.900725 0
0.598278 0.895782 0
0.579991 0.881006 0
0.584489 0.876835 0
0.580938 0.865278 0
0.593234 0.857996 0
0.598986 0.84794 0
0.602225 0.839396 0
0.606471 0.823485 0
0.609716 0.815624 0
0.615439 0.803141 0
0.619938 0.792616 0
0.625775 0.781735 0
0.629353 0.771719 0
0.632862 0.756165 0
0.637879 0.751502 1
0.639768 0.741006 0
0.642399 0.732739 0
0.645205 0.722423 0
0.647434 0.707687 0
0.648621 0.698635 0
0.648872 0.694313 0
0.649536 0.676715 0
0.650047 0.664653 0
0.651187 0.649606 0
0.652628 0.63523 0
0.655172 0.621738 0
0.657615 0.611035 0
0.660392 0.601819 0
0.665459 0.589252 0
0.670346 0.578244 0
0.675666 0.569964 0
0.681856 0.561134 0
0.687097 0.552177 0
0.694963 0.544358 0
0.68945 0.532915 0
0.693929 0.526747 0
0.695476 0.520012 0
0.697265 0.505559 0
0.711798 0.511276 0
0.719101 0.509199 0
0.728602 0.503426 0
0.730938 0.49258 0
0.72229 0.481196 0
0.720079 0.470456 0
0.719883 0.46418 0
0.727303 0.457523 0
0.738524 0.452693 0
0.745763 0.445337 0
0.733754 0.436234 0
0.73075 0.428178 0
0.735538 0.417812 0
0.723929 0.412115 0
0.732316 0.40128 0
0.723573 0.39305 0
0.712884 0.385033 0
0.70833 0.378468 0
0.705994 0.367978 0
0.700601 0.361905 0
0.696552 0.35281 0
0.689791 0.344378 0
0.685241 0.336762 0
0.676165 0.322932 0
0.675624 0.315101 0
0.668011 0.313178 0
0.662069 0.301131 0
0.656198 0.291816 0
0.650918 0.284464 0
0.641713 0.277741 0
0.641888 0.265496 0
0.638177 0.255556 0
0.631356 0.247848 0
0.629514 0.238511 0
0.626443 0.229472 0
0.621801 0.223419 0
0.618343 0.213108 0
0.614291 0.204228 0
0.611343 0.19686 0
0.604507 0.192313 0
0.598206 0.18662 0
0.592487 0.179097 0
0.587747 0.173849 0
0.578133 0.169186 0
0.567382 0.175532 1
0.559311 0.181411 0
0.551055 0.178779 0
0.540657 0.175258 0
0.532824 0.178545 0
0.525196 0.183977 0
0.519382 0.188863 0
0.514719 0.19958 0
0.509131 0.207959 0
0.504203 0.213998 0
0.500222 0.221504 0
0.497309 0.230743 0
0.495236 0.238369 0
0.493661 0.249879 0
0.490988 0.261174 0
0.488298 0.271037 0
0.485312 0.281612 0
0.482448 0.293198 0
0.480142 0.303116 0
0.478483 0.312818 0
0.476786 0.32626 0
0.476455 0.335845 0
0.475971 0.343732 0
0.473842 0.351216 0
0.470369 0.35787 0
0.466404 0.366926 0
0.460329 0.378008 0
0.455605 0.384982 0
0.448883 0.394878 0
0.440993 0.404918 0
0.431898 0.415141 0
0.423036 0.424438 0
0.416952 0.43066 0
0.410828 0.436131 0
0.402454 0.443268 0
0.392574 0.451539 0
0.386947 0.456145 0
0.379851 0.46174 0
0.373028 0.467548 0
0.366168 0.473329 0
0.360265 0.478434 0
0.354079 0.484246 0
0.345911 0.492273 0
0.337966 0.499917 0
0.33035 0.507542 0
0.323339 0.514955 0
0.31507 0.523841 0
0.308276 0.530517 0
0.302291 0.536244 0
0.301921 0.551168 0
0.298688 0.556455 0
0.293354 0.560609 0
0.279068 0.561654 1
0.273799 0.57506 0
0.262878 0.577677 0
0.253289 0.579269 0
0.248911 0.583773 0
0.244655 0.593955 0
0.241162 0.603676 0
0.245133 0.611195 0
0.253572 0.61738 0
0.261098 0.628464 0
0.259819 0.63804 0
0.252653 0.642397 0
0.243472 0.646209 0
0.235057 0.652025 0
0.238006 0.662303 0
0.246567 0.671554 0
0.250893 0.679489 0
0.24687 0.686355 0
0.23432 0.692258 0
0.236578 0.702546 0
0.239132 0.709734 0
0.246134 0.721096 0
0.247719 0.732983 1
0.260528 0.733971 0
0.26453 0.741989 0
0.27188 0.750757 0
0.276864 0.762101 0
0.272044 0.772749 0
0.265396 0.781418 0
0.264425 0.789396 0
0.282019 0.79622 0
0.278643 0.804619 0
0.27272 0.811107 0
0.262551 0.818858 0
0.260094 0.827102 0
0.260778 0.833126 0
0.272936 0.851274 0
0.27997 0.85413 0
0.286227 0.855503 0
0.294234 0.852438 0
0.299936 0.845342 0
0.305789 0.836869 0
0.316188 0.835627 0
0.324795 0.848132 0
0.33561 0.852936 0
0.341084 0.852169 0
0.351613 0.848208 0
0.344633 0.828727 0
0.343693 0.814876 0
0.359283 0.826469 0
0.366656 0.826391 0
0.374612 0.824217 0
0.376196 0.814957 0
0.371958 0.804404 0
0.370058 0.792067 0
0.382238 0.785029 0
0.387697 0.77888 0
0.399512 0.781684 0
0.408361 0.77633 0
0.414569 0.773632 0
0.42494 0.767082 0
0.435025 0.761275 0
0.443884 0.756109 0
0.453953 0.750232 0
0.462938 0.74507 0
0.472272 0.739582 0
0.48038 0.734054 0
0.491725 0.727474 0
0.508042 0.717069 0
0.516581 0.711584 0
0.524162 0.706643 0
0.534601 0.699687 0
0.543857 0.693668 0
0.551211 0.689202 0
0.563349 0.682375 0
0.573921 0.677231 0
0.585791 0.671318 0
0.596867 0.666664 0
0.701531 0.665319 0
0.71118 0.660277 0
0.720634 0.65444 0
0.731356 0.646631 0
0.738908 0.640093 0
0.74533 0.633635 0
0.754557 0.623367 0
0.761477 0.607443 0
0.766916 0.612241 0
0.397355 0.357263 0
0.77864 0.588152 0
0.788522 0.589749 0
0.792492 0.57384 1
0.807076 0.5719 0
0.81161 0.56685 0
0.814499 0.55887 0
0.810718 0.548688 0
0.820283 0.541857 0
0.840141 0.541248 0
0.820405 0.527308 0
0.833481 0.523307 0
0.850553 0.519125 0
0.852671 0.514743 0
0.841609 0.503782 0
0.844542 0.495779 0
0.864364 0.498138 0
0.854548 0.484237 0
0.864001 0.474568 0
0.873701 0.472464 0
0.862929 0.459021 0
0.855898 0.452377 0
0.857712 0.446865 0
0.880367 0.44829 0
0.861843 0.432258 0
0.874564 0.424892 0
0.870626 0.417558 0
0.847333 0.417582 0
0.857688 0.408931 0
0.863868 0.395927 0
0.850289 0.394082 0
0.859779 0.373254 0
0.85736 0.367131 0
0.852429 0.358567 0
0.845212 0.349597 0
0.85146 0.344748 0
0.844102 0.334081 0
0.841029 0.325254 0
0.8339 0.310988 0
0.834584 0.306136 0
0.832183 0.298838 0
0.827919 0.288068 0
0.823377 0.277378 0
0.817749 0.266274 0
0.813729 0.258929 0
0.808902 0.250053 1
0.802687 0.24197 0
0.796712 0.234351 0
0.788809 0.226782 0
0.781586 0.222101 0
0.783045 0.208865 0
0.775837 0.202245 0
0.764235 0.198966 0
0.755172 0.193495 0
0.753978 0.177282 0
0.746328 0.177051 0
0.735449 0.179777 0
0.734512 0.173503 0
0.727202 0.167107 0
0.725599 0.167339 0
