0.516389 0.901498 0
0.472393 0.924817 0
0.474476 0.925354 0
0.483201 0.942704 0
0.480298 0.928115 0
0.469779 0.949437 0
0.460306 0.937725 0
0.460072 0.936888 0
0.459916 0.93559 0
0.459929 0.937607 0
0.456661 0.940584 1
0.452904 0.950957 0
0.439644 0.940501 0
0.429969 0.949954 0
0.419395 0.949022 0
0.411733 0.958735 0
0.397017 0.955154 0
0.379258 0.963779 0
0.367466 0.967848 0
0.356731 0.963818 0
0.344451 0.965987 0
0.330038 0.967994 0
0.310783 0.971435 0
0.280867 0.976202 0
0.251368 1 0
0.204446 0.969216 0
0.226626 0.970794 0
0.23581 0.965464 0
0.224307 0.970946 0
0.208225 0.969406 0
0.19692 0.973983 0
0.210429 0.968003 0
0.209904 0.968216 0
0.20549 0.971896 0
0.207834 0.972993 0
0.215503 0.965422 0
0.220163 0.964535 0
0.212556 0.971797 0
0.195807 0.975147 0
0.189646 0.975602 0
0.177961 0.980562 1
0.175476 0.965995 0
0.163248 0.958266 0
0.161214 0.95012 0
0.15514 0.929465 0
0.142298 0.916888 0
0.122561 0.899423 0
0.172143 0.866924 0
0.138677 0.863806 0
0.155589 0.845157 0
0.130672 0.833019 0
0.148017 0.808538 0
0.179714 0.726575 0
0.156127 0.717401 0
0.137939 0.707712 0
0.143169 0.704778 0
0.137828 0.691348 0
0.132476 0.686307 0
0.135145 0.681137 0
0.134234 0.668552 0
0.127468 0.659916 0
0.127797 0.650279 0
0.128758 0.630756 0
0.136866 0.610494 0
0.103962 0.545189 0
0.0913083 0.5324 0
0.0785447 0.517819 0
0.0922264 0.490263 0
0.0938903 0.487522 0
0.0952949 0.477716 0
0.100248 0.485265 0
0.106563 0.487184 0
0.10543 0.45661 0
0.11588 0.450853 0
0.119879 0.444706 0
0.123117 0.444748 0
0.124913 0.443944 0
0.1305 0.438979 0
0.131094 0.437906 0
0.135574 0.435996 0
0.137261 0.434551 1
0.143434 0.435711 0
0.144715 0.435922 0
0.155668 0.434567 0
0.164698 0.435781 0
0.17692 0.43808 0
0.185732 0.430118 0
0.193873 0.431203 0
0.207889 0.434598 0
0.219028 0.42391 0
0.235396 0.428624 0
0.252727 0.419577 0
0.263649 0.406472 0
0.283939 0.408555 0
0.305089 0.408275 0
0.310273 0.398057 0
0.328604 0.399072 0
0.342146 0.389408 0
0.365343 0.389825 0
0.379242 0.386084 0
0.387976 0.371108 0
0.40506 0.369755 0
0.41941 0.370943 0
0.434083 0.367444 0
0.461234 0.352742 0
0.505649 0.339767 0
0.505678 0.336747 0
0.523469 0.33243 0
0.524442 0.327857 0
0.528928 0.326373 0
0.528724 0.326211 1
0.533815 0.324976 0
0.538377 0.325672 0
0.537623 0.3411 0
0.544622 0.34837 0
0.549189 0.354413 0
0.554297 0.360562 0
0.552926 0.370252 0
0.569845 0.373557 0
0.56429 0.385847 0
0.560063 0.396485 0
0.546191 0.404649 0
0.538242 0.411915 0
0.540353 0.42204 0
0.611002 0.431537 0
0.517539 0.468818 0
0.500352 0.505039 0
0.526729 0.515915 0
0.534513 0.531618 0
0.541667 0.545581 0
0.555071 0.565613 0
0.572592 0.574204 0
0.580851 0.593011 0
0.583045 0.609899 0
0.59064 0.62213 0
0.584743 0.637901 0
0.597132 0.646576 0
0.605141 0.655133 0
0.5986 0.668751 0
0.583232 0.676322 0
0.571417 0.685497 0
0.567875 0.696938 0
0.556871 0.702346 0
0.544827 0.706496 0
0.538669 0.713711 0
0.539245 0.725939 0
0.531457 0.73101 0
0.532471 0.741058 0
0.526089 0.748425 0
0.547269 0.756907 0
0.523578 0.76056 0
0.51786 0.767099 0
0.529148 0.780677 0
0.528199 0.783053 0
0.536126 0.791383 0
0.532726 0.792469 0
0.521669 0.796049 0
0.514034 0.877845 0
0.516133 0.88629 0
0.516875 0.891101 0
0.502002 0.888196 0
0.488674 0.882336 0
0.483174 0.8847 0
0.480253 0.863332 0
0.427792 0.793723 0
0.378569 0.874891 0
0.359189 0.866748 0
0.336975 0.856457 0
0.32082 0.858519 0
0.299768 0.866176 0
0.302763 0.881234 0
0.271677 0.8812 0
0.272524 0.897045 0
0.261778 0.89322 0
0.257355 0.894345 0
0.251881 0.897085 0
0.246535 0.89875 0
0.239956 0.895912 0
0.234193 0.897702 0
0.225126 0.901115 0
0.218609 0.903022 0
0.215877 0.900731 0
0.210704 0.899129 0
0.206633 0.899237 0
0.200796 0.900786 0
0.192962 0.905535 0
0.184975 0.912338 0
0.183777 0.903751 0
0.18283 0.893267 0
0.175817 0.879664 0
0.17958 0.864507 0
0.179124 0.847118 0
0.172981 0.828933 0
0.164916 0.805106 0
0.158229 0.787436 0
0.157545 0.769095 0
0.144598 0.754679 1
0.141753 0.747448 0
0.142765 0.74178 0
0.147702 0.732259 0
0.142873 0.724211 0
0.143574 0.71243 0
0.14216 0.708237 0
0.146929 0.697964 0
0.1476 0.686366 0
0.148205 0.673891 0
0.14709 0.662282 0
0.152566 0.648191 0
0.145435 0.638863 0
0.152483 0.631022 0
0.141851 0.61239 0
0.141317 0.601278 0
0.1308 0.590105 0
0.131741 0.576178 0
0.129797 0.570356 0
0.11674 0.560929 0
0.12411 0.552384 0
0.116395 0.537113 0
0.135226 0.538558 0
0.15378 0.539101 0
0.141527 0.523795 0
0.144762 0.512709 0
0.156044 0.507073 0
0.151279 0.494997 0
0.147983 0.489829 0
0.16981 0.481637 0
0.1933 0.464418 0
0.198722 0.446675 0
0.20256 0.435232 0
0.199374 0.42846 0
0.200231 0.424113 0
0.214901 0.42115 0
0.228321 0.419435 0
0.243942 0.415033 0
0.2498 0.39163 0
0.265747 0.385675 0
0.283618 0.381656 0
0.301398 0.371732 0
0.329568 0.382904 0
0.350352 0.37672 0
0.370151 0.382399 0
0.375966 0.365559 0
0.397577 0.370186 0
0.410832 0.363994 0
0.422652 0.352422 0
0.434158 0.357565 0
0.446442 0.348875 0
0.459034 0.341704 0
0.471557 0.32285 0
0.481403 0.306873 0
0.511612 0.293782 0
0.520035 0.288787 0
0.549309 0.355991 0
0.530378 0.36039 0
0.536184 0.367166 0
0.543983 0.372799 0
0.550439 0.376333 0
0.552185 0.382442 0
0.555221 0.393885 0
0.553275 0.404084 0
0.551328 0.411702 0
0.551912 0.418205 0
0.547656 0.433768 0
0.54747 0.444621 0
0.547974 0.455166 1
0.561964 0.473904 0
0.587592 0.47922 0
0.602161 0.494207 0
0.61799 0.514725 0
0.63236 0.527266 0
0.635472 0.539263 1
0.633965 0.547051 0
0.643015 0.557516 0
0.638985 0.568643 0
0.637938 0.576815 0
0.636223 0.581367 0
0.637052 0.589007 0
0.63246 0.597797 0
0.603247 0.612443 0
0.596192 0.623317 0
0.578919 0.637396 0
0.562743 0.648136 0
0.553786 0.65498 0
0.540997 0.663402 0
0.531284 0.678431 0
0.517132 0.681604 0
0.505456 0.696908 0
0.493964 0.70723 0
0.486157 0.715296 0
0.488363 0.717682 0
0.481485 0.724152 0
0.480634 0.740435 0
0.471364 0.754026 0
0.464802 0.7683 0
0.46708 0.780715 0
0.463584 0.784349 0
0.466575 0.792621 0
0.468126 0.802524 0
0.467424 0.808548 0
0.469959 0.816231 0
0.469731 0.821034 0
0.466074 0.823892 0
0.461284 0.826541 0
0.457543 0.831258 0
0.448577 0.835682 0
0.443295 0.839412 0
0.437219 0.840766 1
0.432545 0.841314 0
0.430146 0.84007 0
0.41994 0.840359 0
0.402004 0.840068 0
0.38613 0.841818 0
0.366056 0.844437 0
0.35439 0.847969 0
0.337357 0.852935 0
0.335497 0.858602 0
0.289449 0.880406 0
0.263673 0.892783 0
0.250999 0.903911 0
0.262845 0.898594 0
0.262417 0.899987 0
0.253766 0.904105 0
0.2518 0.902163 0
0.252634 0.898062 0
0.25543 0.895938 0
0.261321 0.889607 0
0.255576 0.880179 0
0.254386 0.874454 0
0.256543 0.872552 0
0.258523 0.865479 0
0.250612 0.86733 0
0.239891 0.85041 0
0.244567 0.83645 0
0.233917 0.829756 0
0.236721 0.80298 0
0.227256 0.784723 0
0.221831 0.779175 0
0.195867 0.729962 0
0.163779 0.718454 0
0.153763 0.709862 0
0.13759 0.703179 0
0.119795 0.701011 0
0.117338 0.693516 0
0.121401 0.684745 0
0.116832 0.675006 0
0.122543 0.664454 0
0.119809 0.656442 0
0.117395 0.647948 0
0.114592 0.638517 0
0.105567 0.631225 0
0.111658 0.620546 0
0.101509 0.603848 0
0.0997994 0.593772 0
0.0892305 0.556417 0
0.0859111 0.54429 0
0.0826303 0.535465 0
0.0644345 0.504418 0
0.058305 0.48003 0
0.0637311 0.452662 0
0.10581 0.420525 0
0.114675 0.416148 0
0.115806 0.414832 0
0.115942 0.414508 1
0.119359 0.410055 0
0.122722 0.401882 0
0.126437 0.401173 0
0.128585 0.396298 0
0.139768 0.391565 0
0.155031 0.383196 0
0.158859 0.383747 0
0.176104 0.371692 0
0.183633 0.373443 0
0.191691 0.374573 0
0.200648 0.37117 0
0.209021 0.365523 1
0.209577 0.366182 0
0.231183 0.372662 0
0.23744 0.369237 0
0.242352 0.365647 0
0.255949 0.371623 0
0.263678 0.377406 0
0.274117 0.368558 0
0.359006 0.40733 0
0.377663 0.406223 0
0.398197 0.405269 0
0.400326 0.390244 0
0.415198 0.381322 0
0.436308 0.367457 0
0.448444 0.355535 0
0.469775 0.349556 0
0.50907 0.338141 0
0.511223 0.337363 0
0.516949 0.332087 0
0.516861 0.33343 0
0.516183 0.334723 0
0.516267 0.337734 0
0.517774 0.341408 0
0.514967 0.347834 0
0.488769 0.346237 0
0.486927 0.360538 0
0.479167 0.360896 0
0.482265 0.373345 0
0.47761 0.37749 0
0.481491 0.385933 0
0.496802 0.398502 0
0.498777 0.410878 0
0.509695 0.428146 0
0.510746 0.444961 0
0.508607 0.45993 0
0.507254 0.483583 0
0.518528 0.497099 0
0.525769 0.517405 0
0.526844 0.537627 0
0.529715 0.558991 0
0.541089 0.574164 0
0.576313 0.578382 0
0.607691 0.585591 0
0.621134 0.598969 0
0.619742 0.617559 0
0.621825 0.631608 0
0.630267 0.644295 0
0.626867 0.656359 0
0.626525 0.667854 0
0.630626 0.6808 0
0.623672 0.690232 0
0.622511 0.697165 0
0.618826 0.706422 0
0.617366 0.714708 0
0.611781 0.721557 1
0.617061 0.733356 0
0.611945 0.738987 0
0.619203 0.749346 0
0.617957 0.758204 0
0.620065 0.76555 0
0.623743 0.778701 0
0.620997 0.790838 0
0.611527 0.797991 0
0.610221 0.807233 0
0.605412 0.815464 0
0.605577 0.826477 0
0.597137 0.828781 0
0.582782 0.83 0
0.578283 0.832616 0
0.571899 0.834875 0
0.560926 0.83558 1
0.558515 0.837424 0
0.554044 0.838201 0
0.544405 0.839971 0
0.536038 0.838301 0
0.530495 0.835144 0
0.532004 0.832302 0
0.544133 0.852963 0
0.372032 0.80283 0
0.347136 0.800854 0
0.334236 0.815847 0
0.322394 0.835964 0
0.322856 0.85712 0
0.286033 0.855655 0
0.280645 0.877074 0
0.263267 0.883391 0
0.242802 0.89063 0
0.224756 0.899492 0
0.211803 0.90098 0
0.21842 0.912725 0
0.211197 0.913791 0
0.211049 0.915962 0
0.204103 0.921033 0
0.208818 0.923797 0
0.169326 0.91943 0
0.184345 0.911883 0
0.164698 0.909379 0
0.166965 0.899409 0
0.158512 0.898019 0
0.158836 0.897537 0
0.151857 0.900156 0
0.143956 0.904659 0
0.141137 0.899133 0
0.123181 0.893415 0
0.119967 0.882243 0
0.111559 0.873931 0
0.0919379 0.864201 0
0.0872785 0.852541 0
0.0821361 0.830573 0
0.0641951 0.822836 0
0.0705911 0.800574 0
0.0669331 0.79475 0
0.0680048 0.782038 0
0.0682666 0.771448 0
0.0682722 0.760886 1
0.0461277 0.7578 0
0.0415595 0.744263 0
0.0426264 0.727396 0
0.0297886 0.717532 0
0.0241086 0.709028 0
0.0193288 0.697383 0
0.00565419 0.696438 0
0.000880444 0.686251 0
0.00126373 0.668937 0
0 0.663211 0
0.004082 0.654827 0
0.00508239 0.649956 0
0.00770956 0.64 0
0.00731025 0.634559 0
0.0112597 0.62677 0
0.0143741 0.621396 1
0.0161286 0.615002 0
0.0184134 0.603263 0
0.0171166 0.600849 0
0.0125206 0.58588 0
0.0296317 0.573131 0
0.0271554 0.573121 0
0.0314749 0.567083 0
0.0380608 0.544732 0
0.0550137 0.547499 0
0.0666539 0.533084 0
0.0637036 0.524657 0
0.0711633 0.516422 0
0.0948235 0.531511 0
0.171515 0.50087 0
0.158307 0.541222 0
0.206183 0.413202 0
0.151623 0.345696 0
0.219933 0.322716 0
0.231532 0.321407 0
0.241336 0.326209 0
0.253904 0.314365 0
0.267223 0.311366 0
0.278323 0.315265 0
0.279569 0.308343 0
0.285066 0.300913 0
0.295863 0.299858 0
0.30605 0.28191 0
0.313867 0.279562 0
0.318446 0.259736 0
0.325307 0.254191 1
0.331536 0.25342 0
0.333484 0.244442 0
0.343849 0.252269 0
0.348489 0.243036 0
0.35479 0.241684 0
0.357192 0.235759 0
0.356751 0.214766 0
0.364835 0.218961 0
0.363172 0.216391 0
0.365353 0.212533 0
0.36607 0.210314 0
0.361111 0.206436 0
0.353973 0.205523 0
0.351057 0.194696 0
0.346028 0.189478 0
0.355138 0.182728 0
0.351637 0.182245 0
0.353874 0.17066 0
0.355668 0.169555 0
0.363298 0.166462 0
0.375593 0.152689 0
0.368869 0.146217 0
0.377207 0.134497 0
0.370915 0.137287 0
0.367153 0.132676 0
0.35433 0.130217 0
0.370734 0.109144 0
0.36521 0.124624 0
0.35498 0.123469 0
0.386637 0.102341 0
0.372848 0.10187 0
0.37995 0.0870016 0
0.373248 0.0902491 0
0.370427 0.072671 0
0.373524 0.0682867 0
0.354297 0.0664838 0
0.370975 0.0498636 0
0.357165 0.0464665 0
0.355476 0.0309486 0
0.349879 0.0210368 0
0.345571 0.0153768 0
0.34186 0.0119267 1
0.334355 0.0174654 0
0.333927 0.0119056 0
0.329693 0.0116 0
0.330778 0 0
0.318801 0.00681656 0
0.313987 0.00934497 0
0.318579 0.00406105 0
0.297717 0.0128143 0
0.29698 0.00726072 0
0.289352 0.0123313 0
0.282994 0.0112375 0
0.278854 0.0127433 0
0.275928 0.00722935 0
0.268584 0.0122007 0
0.266349 0.000445405 0
0.255969 0.00729758 0
0.246608 0.00878655 0
0.255877 0.00273091 0
0.249622 0.00267558 0
0.241635 0.0105248 0
0.237306 0.00899013 1
