0.32911 0.954722 0
0.3262 0.949548 0
0.324173 0.947875 0
0.292643 0.963713 0
0.303007 0.961503 0
0.298539 0.953928 0
0.284805 0.958745 0
0.301828 0.943436 0
0.297024 0.938938 0
0.292086 0.943652 0
0.282725 0.944918 0
0.284455 0.935954 0
0.278766 0.933327 1
0.272162 0.939357 0
0.266294 0.93565 0
0.267768 0.926259 0
0.276658 0.92236 0
0.272997 0.910862 0
0.278768 0.907109 0
0.283807 0.910261 0
0.289792 0.918909 0
0.291681 0.916077 0
0.299977 0.92142 0
0.30021 0.911073 0
0.306984 0.912693 0
0.310987 0.912392 0
0.317861 0.916282 0
0.314429 0.925216 0
0.285734 0.888498 0
0.294329 0.894047 0
0.294353 0.887212 0
0.288705 0.87842 0
0.305873 0.895383 0
0.304682 0.886569 0
0.313456 0.89149 0
0.302173 0.874512 0
0.300665 0.866706 0
0.305599 0.857191 0
0.310222 0.865462 0
0.313763 0.877854 0
0.322557 0.89107 0
0.319605 0.872336 0
0.320885 0.858474 0
0.326272 0.866317 0
0.31882 0.84983 0
0.329633 0.877894 0
0.329374 0.849295 0
0.335595 0.857257 0
0.342233 0.855335 0
0.341401 0.866203 0
0.349263 0.860421 0
0.343732 0.880451 0
0.34462 0.896578 0
0.3541 0.87083 0
0.359818 0.921495 0
0.34647 0.872122 0
0.377779 0.906539 0
0.367547 0.914098 0
0.379896 0.914944 0
0.394814 0.902273 0
0.38773 0.920396 0
0.378929 0.922748 0
0.37191 0.92709 0
0.382565 0.927823 0
0.392283 0.913853 0
0.402647 0.907875 0
0.404233 0.914072 0
0.414487 0.911091 0
0.396636 0.926441 0
0.405174 0.922928 0
0.414342 0.921017 0
0.416483 0.926729 0
0.404796 0.932267 0
0.401344 0.935777 0
0.41303 0.938172 0
0.372915 0.939564 0
0.391247 0.937604 0
0.36478 0.943245 0
0.393593 0.945814 0
0.376835 0.953244 0
0.373618 0.96043 0
0.372764 0.968685 0
0.390016 0.971447 0
0.391941 0.976357 0
0.395772 0.982113 1
0.413304 0.982871 0
0.416002 0.989424 0
0.417197 0.992664 0
0.419718 0.999719 0
0.426257 1 0
0.434191 0.994297 0
0.440334 0.999386 0
0.445603 0.993009 0
0.443522 0.984753 0
0.450272 0.981354 0
0.456241 0.98472 0
0.462207 0.994624 0
0.465265 0.993884 0
0.475048 0.988702 0
0.47648 0.984583 0
0.475716 0.978054 0
0.487696 0.977055 0
0.482918 0.970722 0
0.482881 0.962759 0
0.487428 0.959374 0
0.493441 0.960285 0
0.499412 0.956879 0
0.500539 0.943069 0
0.502435 0.938336 1
0.505249 0.931443 0
0.509483 0.929329 0
0.516424 0.930983 0
0.526819 0.933563 0
0.531129 0.929761 0
0.53596 0.926069 0
0.539956 0.917899 0
0.544222 0.916458 0
0.546869 0.908994 0
0.548578 0.900653 0
0.554548 0.90017 0
0.561646 0.900829 0
0.56804 0.899119 0
0.574213 0.896178 0
0.577002 0.891534 0
0.575969 0.886017 0
0.571923 0.882724 0
0.564359 0.881488 0
0.551911 0.881258 0
0.548774 0.87725 0
0.547979 0.874142 0
0.557641 0.868081 0
0.558894 0.863072 0
0.551679 0.859572 0
0.542179 0.857167 0
0.53541 0.853326 0
0.528743 0.848771 0
0.522824 0.844694 0
0.516951 0.841538 0
0.512407 0.839091 0
0.515567 0.832136 0
0.515441 0.826087 0
0.506562 0.823121 0
0.499991 0.81872 0
0.504255 0.811834 0
0.503212 0.806347 0
0.49753 0.803069 0
0.498764 0.790517 0
0.49725 0.786511 0
0.491906 0.782388 0
0.486655 0.779118 0
0.484591 0.773976 0
0.48363 0.768624 0
0.483184 0.764886 0
0.483134 0.75833 0
0.482045 0.750648 1
0.481045 0.743334 0
0.481112 0.736741 0
0.4838 0.729922 0
0.486965 0.723659 0
0.487712 0.718858 0
0.48653 0.715916 0
0.478201 0.713496 0
0.472118 0.71297 0
0.466198 0.711287 0
0.460738 0.708522 0
0.454816 0.704428 0
0.450979 0.700685 0
0.445746 0.694596 0
0.440578 0.689018 0
0.437377 0.685559 0
0.432244 0.67994 0
0.954477 0.463437 0
0.420542 0.669926 0
0.416185 0.666603 0
0.409409 0.661459 0
0.403319 0.657119 0
0.401444 0.655248 0
0.395497 0.650279 0
0.389333 0.645002 0
0.383382 0.639818 0
0.379307 0.636136 0
0.371617 0.629153 0
0.365773 0.623731 0
0.362726 0.620795 0
0.357011 0.615432 0
0.352195 0.611509 0
0.348303 0.608503 0
0.343525 0.605557 0
0.340755 0.601758 1
0.338618 0.596692 0
0.335926 0.593263 0
0.336295 0.584678 0
0.334467 0.581296 0
0.329522 0.57486 0
0.326681 0.570118 0
0.324643 0.565634 0
0.322392 0.559634 0
0.320125 0.553708 0
0.319317 0.550941 0
0.317784 0.545237 0
0.3164 0.538851 0
0.314938 0.532005 0
0.31382 0.526379 0
0.312989 0.521829 0
0.28643 0.330668 0
0.288429 0.326257 0
0.290527 0.3232 0
0.297692 0.315117 0
0.300814 0.312037 0
0.430233 0.223313 0
0.436323 0.220497 0
0.442424 0.217997 0
0.448552 0.215949 0
0.454858 0.214213 0
0.461413 0.212746 0
0.466837 0.211626 0
0.474676 0.210752 0
0.480671 0.210215 0
0.486741 0.210037 0
0.491952 0.210058 0
0.500391 0.210363 0
0.506346 0.210715 0
0.514966 0.211397 0
0.520873 0.211978 0
0.526546 0.212613 0
0.533654 0.21356 0
0.539562 0.214314 0
0.544452 0.215 0
0.5535 0.216774 0
0.560499 0.210344 0
0.564513 0.216789 0
0.569022 0.217824 0
0.575341 0.219143 0
0.580416 0.220642 0
0.58558 0.220722 0
0.593 0.221016 0
0.594887 0.221124 0
0.794544 0.206686 0
0.795375 0.203664 0
0.796594 0.199205 0
0.797843 0.193768 0
0.79874 0.188902 0
0.799601 0.183884 0
0.799895 0.181841 0
0.787199 0.14759 0
0.787167 0.144354 0
0.785543 0.138074 0
0.786052 0.13295 0
0.788552 0.128174 1
0.79209 0.125265 0
0.798921 0.124879 0
0.802536 0.120899 0
0.806843 0.11899 0
0.811609 0.119309 0
0.815548 0.123345 0
0.818421 0.128651 0
0.819134 0.12946 0
0.818799 0.133919 0
0.860779 0.17218 1
0.862571 0.169324 0
0.862709 0.168307 0
0.872975 0.177763 0
0.871429 0.164345 0
0.874015 0.163638 0
0.87873 0.162014 0
0.883086 0.164123 0
0.883167 0.174935 0
0.889084 0.175719 0
0.892 0.17953 0
0.894116 0.186549 0
0.892956 0.192281 0
0.886051 0.196164 0
0.884669 0.200991 0
0.885406 0.206738 0
0.885963 0.209853 0
0.824931 0.251639 0
0.82526 0.253102 1
0.825552 0.254152 0
0.888821 0.22707 0
0.889628 0.231067 0
0.890081 0.233004 0
0.828588 0.264334 0
0.89589 0.242009 0
0.90222 0.245232 0
0.898971 0.249345 0
0.898924 0.251898 0
0.834297 0.28629 0
0.834493 0.28671 0
0.834692 0.287606 0
0.906563 0.269666 0
0.90875 0.274219 0
0.910124 0.277743 0
0.911824 0.28281 0
0.912714 0.286181 0
0.913744 0.291308 1
0.914266 0.293772 0
0.873505 0.381074 0
0.873879 0.382739 0
0.875469 0.389747 0
0.876325 0.393461 0
0.877849 0.399725 0
0.87926 0.405645 0
0.88078 0.412061 0
0.882151 0.417894 0
0.88408 0.426222 0
0.885557 0.432748 0
0.886411 0.436528 1
0.887848 0.442721 0
0.889682 0.450153 0
0.890711 0.454783 0
0.892136 0.460655 0
0.893536 0.466967 0
0.893094 0.472552 0
0.892346 0.476336 0
0.890254 0.482277 0
0.889353 0.486029 0
0.888956 0.488524 0
0.855274 0.511414 0
0.853254 0.511647 0
0.855266 0.511763 0
0.91188 0.511687 0
0.913245 0.513863 0
0.915463 0.517453 0
0.918535 0.522386 0
0.92153 0.527128 1
0.924409 0.531684 0
0.926836 0.535558 0
0.932003 0.543937 0
0.935344 0.549433 0
0.939347 0.556066 0
0.942118 0.560452 0
0.944799 0.564222 0
0.947578 0.56847 0
0.949394 0.576627 0
0.950364 0.581644 0
0.951891 0.586032 0
0.955166 0.589658 0
0.961106 0.592568 0
0.96779 0.595429 0
0.970895 0.60139 0
0.972163 0.606404 0
0.9722 0.610992 0
0.968222 0.61856 0
0.96791 0.623052 0
0.9699 0.629197 1
0.973977 0.636098 0
0.979931 0.63387 0
0.98371 0.637458 0
0.986116 0.642686 0
0.987398 0.650204 0
0.987278 0.656247 0
0.985225 0.661637 0
0.977766 0.663397 0
0.980561 0.673537 0
0.976204 0.677794 0
0.968383 0.679192 0
0.962645 0.677989 0
0.957105 0.677871 0
0.952101 0.679934 0
0.949113 0.683794 0
0.947708 0.688534 0
0.949129 0.694162 0
0.953799 0.698169 0
0.961235 0.69962 0
0.960414 0.705319 0
0.967363 0.706379 0
0.974094 0.710315 0
0.976781 0.716156 0
0.974697 0.721145 1
0.971009 0.724315 0
0.961979 0.724065 0
0.952016 0.725946 0
0.943959 0.727773 0
0.94768 0.731105 0
0.959665 0.740504 0
0.961249 0.746268 0
0.961726 0.752213 0
0.959457 0.756986 0
0.955413 0.760186 0
0.94926 0.762124 0
0.943345 0.765089 0
0.938737 0.770951 0
0.935665 0.777772 0
0.932117 0.782885 0
0.927427 0.784813 0
0.922082 0.784293 0
0.917142 0.78223 0
0.913359 0.778335 0
0.910871 0.772985 0
0.908868 0.76772 0
0.904679 0.761641 0
0.89909 0.755024 0
0.894881 0.750178 0
0.88999 0.744468 0
0.886986 0.74141 0
0.882952 0.737272 0
0.876973 0.731127 0
0.872826 0.727308 0
0.868243 0.723285 0
0.86299 0.718962 0
0.856246 0.713828 0
0.849725 0.709216 0
0.843246 0.704883 0
0.836675 0.700625 0
0.82991 0.696351 0
0.822634 0.691764 0
0.817526 0.688521 0
0.812931 0.685555 0
0.807977 0.682294 0
0.803366 0.679117 0
0.798713 0.675731 0
0.794377 0.672433 0
0.790062 0.669053 0
0.785545 0.665497 0
0.780565 0.661578 0
0.775409 0.657635 0
0.769388 0.653118 0
0.766256 0.650837 0
0.746153 0.678037 0
0.74569 0.678104 0
0.745435 0.678022 0
0.750616 0.637603 0
0.749373 0.636267 0
0.743395 0.62975 0
0.738537 0.624389 0
0.734651 0.620089 0
0.72955 0.614376 1
0.724714 0.608907 0
0.720635 0.604213 0
0.716054 0.598852 0
0.710913 0.592758 0
0.706055 0.586998 0
0.701498 0.581902 0
0.698871 0.578164 0
0.695845 0.573483 0
0.692756 0.568437 0
0.689608 0.563142 0
0.68675 0.557398 0
0.6842 0.552134 0
0.681797 0.546912 0
0.679136 0.540842 0
0.676636 0.534938 0
0.674665 0.529788 0
0.672875 0.524198 0
0.671272 0.518543 0
0.669817 0.512751 0
0.668627 0.507512 0
0.667322 0.501142 0
0.666231 0.49501 0
0.665183 0.488299 0
0.664341 0.481926 0
0.66364 0.475362 0
0.663055 0.468504 0
0.662599 0.461401 0
0.662334 0.454782 0
0.662222 0.448026 0
0.662273 0.441237 0
0.662453 0.435002 0
0.662765 0.428745 0
0.663275 0.421301 0
0.663811 0.414813 0
0.664496 0.407652 0
0.665263 0.400597 0
0.666094 0.39381 0
0.667061 0.386682 0
0.668102 0.379584 0
0.669096 0.373422 0
0.670245 0.366933 0
0.671278 0.361517 0
0.673988 0.348214 0
0.675068 0.343035 0
0.676403 0.336908 0
0.67777 0.331221 0
0.679369 0.32505 0
0.679502 0.320875 0
0.67936 0.315875 0
0.680492 0.310408 0
0.682905 0.304436 0
0.686163 0.299779 0
0.690477 0.295578 0
0.695131 0.291591 0
0.700549 0.287739 0
0.705679 0.283328 0
0.707837 0.279264 0
0.70577 0.272284 0
0.701492 0.266947 0
0.69616 0.267135 0
0.691711 0.264815 0
0.689524 0.259444 0
0.690313 0.252307 0
0.691552 0.246814 0
0.691479 0.240334 0
0.690493 0.232923 0
0.689413 0.226456 0
0.688393 0.221223 0
0.687237 0.215817 0
0.685825 0.209701 0
0.684393 0.204043 0
0.682707 0.198068 0
0.681037 0.192373 0
0.67933 0.185457 0
0.678643 0.178972 0
0.679101 0.173034 0
0.679002 0.167663 0
0.677222 0.162519 0
0.673707 0.158315 0
0.669129 0.155656 0
0.662684 0.154194 0
0.657115 0.150777 0
0.65363 0.145947 0
0.652089 0.140036 0
0.653586 0.133853 0
0.656019 0.12769 0
0.655686 0.122717 0
0.652646 0.118313 0
0.64796 0.116013 0
0.641157 0.115033 0
0.635798 0.112108 0
0.630559 0.106863 0
0.626246 0.101534 0
0.621848 0.0949266 0
0.618248 0.0881428 0
0.615597 0.0814487 1
0.613721 0.0747464 0
0.611385 0.070027 0
0.608036 0.0659282 0
0.603481 0.0630795 0
0.598035 0.0634843 0
0.59346 0.069771 0
0.590081 0.0759411 0
0.587832 0.0817158 0
0.58457 0.085615 0
0.579516 0.0851091 0
0.574079 0.083881 0
0.570388 0.0796499 0
0.56926 0.0733393 0
0.568712 0.0647375 0
0.566362 0.0556537 0
0.564632 0.0502045 0
0.561603 0.0461021 0
0.556566 0.0425974 0
0.550783 0.0414501 0
0.544958 0.0415494 1
0.538427 0.0431711 0
0.532336 0.0455669 0
0.528068 0.0504482 0
0.524605 0.0557009 0
0.519393 0.0596124 0
0.513716 0.059865 0
0.510491 0.0528061 0
0.503852 0.0565282 0
0.498022 0.0556058 0
0.494297 0.0509058 0
0.493124 0.0457491 0
0.495663 0.0395417 0
0.49879 0.0347097 0
0.500353 0.0296353 0
0.498262 0.0232816 0
0.493844 0.0197093 0
0.487769 0.0226444 0
0.484015 0.0170154 0
0.478076 0.0176107 0
0.473834 0.0225905 0
0.472477 0.02855 0
0.469091 0.033041 0
0.463308 0.0366541 0
0.457008 0.0366289 0
0.451219 0.0339027 0
0.446373 0.0299816 0
0.442051 0.0247567 0
0.437907 0.0205995 0
0.433314 0.0168051 0
0.427514 0.0124739 0
0.422734 0.00901789 0
0.417937 0.00538709 1
0.41279 0.00200116 0
0.407517 0.000154481 0
0.401861 0 0
0.396106 0.00135054 0
0.390863 0.00403107 0
0.386227 0.0081267 0
0.382871 0.0138228 0
0.380563 0.0197111 0
0.376329 0.0244492 0
0.370252 0.0254957 0
0.364236 0.0238616 0
0.35881 0.0243704 0
0.354479 0.0274029 0
0.351153 0.0319682 0
0.349568 0.0372728 0
0.350638 0.0431388 0
0.353377 0.0479152 0
0.355882 0.0532296 0
0.355077 0.058799 0
0.351786 0.0641286 0
0.347941 0.0692971 0
0.345015 0.0745059 0
0.342591 0.0793144 0
0.3395 0.0850522 0
0.336185 0.0907312 0
0.332857 0.0961857 0
0.329262 0.101876 0
0.325931 0.107269 0
0.322698 0.112349 0
0.319263 0.117644 1
0.315742 0.123063 0
0.3121 0.128734 0
0.308584 0.134369 0
0.305554 0.139467 0
0.302852 0.144426 0
0.300183 0.149948 0
0.297471 0.156444 0
0.295222 0.16252 0
0.293655 0.167754 0
0.292227 0.173463 0
0.290587 0.180429 0
0.28906 0.187577 0
0.289797 0.193102 0
0.293471 0.197705 0
0.297502 0.202737 0
0.297703 0.207911 0
0.288573 0.213057 0
0.28863 0.217876 0
0.290492 0.223465 0
0.294856 0.227494 0
0.302781 0.227597 0
0.30792 0.230412 0
0.308338 0.236333 0
0.306992 0.242351 0
0.309779 0.247125 0
0.314757 0.250079 0
0.320211 0.249959 0
0.328561 0.245686 1
0.33461 0.247319 0
0.339545 0.250377 0
0.343108 0.255191 0
0.343436 0.260794 0
0.340789 0.266668 0
0.341895 0.271553 0
0.346378 0.275194 0
0.352823 0.275076 0
0.35816 0.277532 0
0.360763 0.282922 0
0.362112 0.289324 0
0.365936 0.294496 0
0.370219 0.299372 0
0.374423 0.304055 0
0.378513 0.308477 0
0.382826 0.31292 0
0.388104 0.318152 0
0.393085 0.322861 0
0.398005 0.327352 0
0.403658 0.33257 0
0.408304 0.338048 0
0.412083 0.340964 0
0.417432 0.34268 0
0.422805 0.344959 0
0.426635 0.349193 0
0.430442 0.355738 0
0.436569 0.359263 0
0.443043 0.361439 0
0.450814 0.360794 0
0.456566 0.365498 0
0.462776 0.364107 0
0.468645 0.359214 0
0.474861 0.360911 0
0.481132 0.363524 0
0.48263 0.367753 0
0.477346 0.372599 0
0.481564 0.377214 0
0.482076 0.389666 0
0.47194 0.378958 0
0.478617 0.398605 0
0.474892 0.39972 0
0.46889 0.396563 0
0.461785 0.393978 0
0.453327 0.393753 0
0.44905 0.398076 0
0.450356 0.404664 0
0.45354 0.409997 0
0.456143 0.415508 0
0.456009 0.422079 0
0.452501 0.426768 0
0.447094 0.426534 0
0.441618 0.419782 0
0.436634 0.427433 0
0.43192 0.426621 0
0.430848 0.418478 0
0.428957 0.411155 0
0.423535 0.408171 0
0.417511 0.409897 0
0.414657 0.41617 0
0.411345 0.422309 0
0.404472 0.422829 0
0.399532 0.418087 0
0.396231 0.412221 0
0.390052 0.408251 0
0.383693 0.40709 0
0.377497 0.406524 0
0.372061 0.4058 0
0.364215 0.404514 1
0.356224 0.403242 0
0.350217 0.402445 0
0.343264 0.401548 0
0.337723 0.400991 0
0.331642 0.400912 0
0.325275 0.401036 0
0.318745 0.40118 0
0.312991 0.401386 0
0.307102 0.402027 0
0.300681 0.403063 0
0.296 0.40261 0
0.289458 0.401147 0
0.283793 0.402547 0
0.278659 0.406567 0
0.272728 0.408413 0
0.267473 0.406201 0
0.263938 0.400841 0
0.258739 0.39804 0
0.252391 0.398522 0
0.247784 0.402239 0
0.244281 0.407533 0
0.238217 0.40977 0
0.231826 0.408354 0
0.228138 0.404002 0
0.224891 0.398968 0
0.219463 0.39687 0
0.213261 0.398373 0
0.208823 0.403853 0
0.204279 0.408629 0
0.198703 0.410349 0
0.192567 0.409628 0
0.188363 0.404741 0
0.185965 0.399078 0
0.181616 0.39659 0
0.175678 0.397558 0
0.170521 0.400408 0
0.164454 0.408312 0
0.159672 0.412272 0
0.154701 0.411701 0
0.150346 0.408411 0
0.14484 0.405116 0
0.137548 0.40567 0
0.133207 0.401536 0
0.130263 0.394423 0
0.1261 0.392268 0
0.118616 0.400427 0
0.115967 0.399713 0
0.11317 0.382194 0
0.107651 0.381 0
0.100432 0.381905 0
0.0966219 0.378443 0
0.0938486 0.371498 0
0.0959451 0.365821 0
0.101873 0.361899 0
0.103564 0.356664 0
0.09968 0.350819 0
0.0905776 0.351347 0
0.0899535 0.343824 0
0.0854917 0.339105 0
0.0785288 0.337776 0
0.0756608 0.3433 0
0.0728245 0.350731 0
0.0667741 0.353421 0
0.0629009 0.3466 0
0.0609295 0.338531 0
0.0551567 0.335217 1
0.0490869 0.33732 0
0.0436937 0.340419 0
0.0440138 0.347582 0
0.0464617 0.353777 0
0.0469789 0.361253 0
0.0429682 0.366256 0
0.0360083 0.366286 0
0.0313459 0.361358 0
0.0273891 0.354628 0
0.0210379 0.354692 0
0.0165568 0.360113 0
0.0130682 0.365941 0
0.0185183 0.373734 0
0.0159865 0.378639 0
0.00707264 0.37901 0
0.00448586 0.385431 0
0.00640442 0.39099 0
0.0122728 0.394859 0
0.0195203 0.398063 0
0.0232757 0.402048 0
0.0251893 0.409304 0
0.0221006 0.413546 0
0.0159087 0.415929 0
0.00839541 0.415302 0
0.00276184 0.417881 0
0 0.423192 1
0.00795198 0.43007 0
0.00328804 0.434991 0
0.001816 0.441422 0
0.00529699 0.447066 0
0.0105347 0.449353 0
0.0161176 0.448579 0
0.0253313 0.446667 0
0.027191 0.451767 0
0.0340223 0.455049 0
0.0335978 0.460854 0
0.0309481 0.465863 0
0.0265766 0.469859 0
0.0199812 0.474431 0
0.0172346 0.481101 0
0.0166251 0.488224 0
0.0191037 0.491217 0
0.023748 0.493879 0
0.0300364 0.493569 0
0.036927 0.498066 0
0.0394367 0.502531 0
0.0410286 0.508976 0
0.0439528 0.515862 0
0.0469571 0.524861 0
0.0504947 0.526419 0
0.0579796 0.52793 0
0.0608936 0.53229 0
0.0621446 0.537461 0
0.0610892 0.543408 1
0.0579856 0.550161 0
0.0585533 0.554574 0
0.0614559 0.559528 0
0.0626623 0.565803 0
0.0618932 0.57258 0
0.0594099 0.578436 0
0.0567545 0.583818 0
0.055713 0.58925 0
0.0565378 0.594296 0
0.0601174 0.599683 0
0.0640813 0.60526 0
0.0661157 0.611358 0
0.0654984 0.617698 0
0.0606054 0.622783 0
0.0595638 0.628653 0
0.062153 0.634378 1
0.064859 0.640483 0
0.0689041 0.644298 0
0.0747446 0.645405 0
0.0797436 0.643577 0
0.0865729 0.643604 0
0.0919989 0.646751 0
0.0912516 0.654609 0
0.0993541 0.655322 0
0.101106 0.661723 0
0.0986662 0.666713 0
0.0900398 0.668185 0
0.0870263 0.670697 0
0.0959675 0.676532 0
0.0996269 0.68346 0
0.0947241 0.687489 0
0.0873508 0.685615 0
0.0846674 0.690246 0
0.079351 0.69207 0
0.0755047 0.684525 0
0.0700978 0.691189 1
0.0668496 0.681612 0
0.0629549 0.684174 0
0.0599495 0.686962 0
