0.172294 0.615248 0
0.180995 0.655781 0
0.194529 0.704865 0
0.207519 0.734168 0
0.201116 0.758342 0
0.223772 0.770969 0
0.256338 0.793668 0
0.273777 0.824014 0
0.291929 0.853668 0
0.327602 0.875899 0
0.351894 0.905713 1
0.373627 0.920468 0
0.415857 0.939756 0
0.441572 0.948334 0
0.471315 0.950393 0
0.509066 0.966123 0
0.541003 0.971999 0
0.576161 0.98108 0
0.610964 0.985793 0
0.641167 0.981096 0
0.68175 0.999793 0
0.748736 1 0
0.798111 0.996896 0
0.814165 0.982492 0
0.830241 0.982598 0
0.866053 0.950243 0
0.880518 0.955128 0
0.894844 0.934264 0
0.923409 0.919018 1
0.906996 0.904237 0
0.912423 0.90309 0
0.892211 0.882641 0
0.88045 0.869852 0
0.873184 0.824928 0
0.873771 0.776721 0
0.841679 0.733966 0
0.86662 0.694284 0
0.839253 0.648796 0
0.83275 0.572172 0
0.824957 0.529175 0
0.783912 0.497603 0
0.773041 0.456291 0
0.752514 0.430482 0
0.736122 0.353276 0
0.724728 0.314704 1
0.717291 0.306864 0
0.71209 0.282459 0
0.695782 0.256269 0
0.67187 0.235774 0
0.673969 0.198076 0
0.660397 0.201764 0
0.629292 0.207231 0
0.603923 0.185815 0
0.596604 0.18013 0
0.579393 0.149314 0
0.549824 0.121199 0
0.522663 0.0985033 0
0.494328 0.0874543 0
0.454331 0.0820083 0
0.42284 0.07515 0
0.384579 0.0774199 0
0.333709 0.0865317 0
0.286871 0.0880946 0
0.263724 0.0833595 0
0.247401 0.0746316 0
0.243712 0.0406465 0
0.283398 0 0
0.225491 0.0423991 0
0.15995 0.0442859 1
0.151368 0.0421185 0
0.147938 0.0406738 0
0.134942 0.0365513 0
0.142966 0.042995 0
0.150439 0.0527477 0
0.160975 0.0519682 0
0.164522 0.0601842 0
0.173671 0.0677581 0
0.179472 0.0691801 0
0.170054 0.10014 0
0.158531 0.153411 0
0.0749519 0.238949 0
0 0.295956 0
0.00785347 0.327061 0
0.0165914 0.36082 0
0.0325011 0.389261 0
0.0474223 0.418154 0
0.0680566 0.45813 0
0.0786463 0.487887 0
0.101837 0.52443 0
0.143398 0.573839 0
0.143584 0.60667 0
0.14406 0.644147 0
0.171992 0.69311 0
0.177439 0.7301 0
0.166612 0.748914 0
0.179105 0.764721 0
0.187199 0.768726 0
0.252928 0.773286 0
0.306974 0.823399 0
0.379234 0.825392 0
0.418961 0.857339 0
0.436562 0.87758 0
0.459072 0.883376 0
0.473265 0.896493 0
0.470257 0.914819 0
0.514024 0.908712 0
0.554495 0.907242 0
0.576719 0.911935 0
0.629225 0.911226 0
0.6503 0.92603 0
0.695368 0.932419 0
0.73479 0.960573 0
0.785233 0.973597 0
0.891613 0.94766 0
0.905895 0.955921 0
0.910684 0.961443 0
0.903878 0.971533 0
0.97602 0.928571 0
0.928353 0.87369 0
0.922705 0.821373 0
0.945646 0.775484 0
0.948266 0.739775 0
0.914205 0.720631 0
0.933072 0.684171 0
0.903124 0.669261 0
0.892626 0.637073 0
0.889894 0.602575 0
0.874905 0.583384 0
0.861395 0.551576 0
0.859382 0.514484 0
0.849064 0.481225 0
0.824236 0.446777 0
0.794118 0.412038 0
0.767994 0.371576 0
0.73326 0.317301 0
0.723209 0.302117 0
0.705124 0.287374 0
0.687864 0.278093 0
0.648033 0.277782 0
0.631523 0.260939 0
0.596439 0.281512 0
0.568447 0.271841 0
0.487599 0.21859 0
