0.263158 0.234371 0
0.263256 0.215918 0
0.261806 0.212252 0
0.258355 0.213227 0
0.257356 0.213487 0
0.257839 0.202696 0
0.255619 0.217175 0
0.254332 0.223393 0
0.252566 0.227296 0
0.252592 0.217935 0
0.247799 0.234446 0
0.246006 0.241619 0
0.241807 0.241607 0
0.239297 0.250699 0
0.235872 0.24212 0
0.232245 0.24152 0
0.230609 0.239665 0
0.231199 0.2356 0
0.232443 0.2303 0
0.228949 0.240923 0
0.226891 0.251344 0
0.22144 0.242402 0
0.217394 0.249472 0
0.21673 0.250653 0
0.217516 0.24457 0
0.215091 0.259873 0
0.213475 0.241407 0
0.209899 0.251507 0
0.208347 0.24761 1
0.207639 0.250767 0
0.210688 0.240854 0
0.214798 0.226767 0
0.214773 0.229663 0
0.224589 0.226048 0
0.223938 0.226032 0
0.221566 0.234256 0
0.223772 0.233929 0
0.225638 0.230237 0
0.227429 0.228166 0
0.221606 0.238936 0
0.217716 0.239355 0
0.223955 0.225613 0
0.225349 0.228346 0
0.222004 0.238275 0
0.219944 0.239897 0
0.218196 0.243748 0
0.218104 0.245257 0
0.210522 0.265686 0
0.208347 0.247609 1
0.217255 0.228059 0
0.216166 0.244762 0
0.211234 0.252657 0
0.207204 0.250792 0
0.201773 0.273854 0
0.209484 0.254822 0
0.215026 0.253385 0
0.21261 0.258936 0
0.204012 0.27242 0
0.212523 0.260909 0
0.209404 0.277307 0
0.216596 0.256649 0
0.214709 0.280491 0
0.210119 0.260464 0
0.20918 0.2667 0
0.211376 0.253101 0
0.208889 0.269757 0
0.211952 0.250222 0
0.212269 0.260888 0
0.214265 0.243829 0
0.208309 0.250104 0
0.209757 0.24154 0
0.207115 0.24578 0
0.207351 0.233372 0
0.189404 0.265517 0
0.177876 0.271612 0
0.187883 0.231303 0
0.173947 0.234568 0
0.165352 0.234648 0
0.154677 0.236272 0
0.146254 0.234011 0
0.131686 0.264297 0
0.135219 0.273634 0
0.133143 0.283366 0
0.139244 0.270735 0
0.127703 0.298744 0
0.126456 0.299167 0
0.138586 0.26537 0
0.14544 0.261432 0
0.135101 0.291244 0
0.129842 0.299772 0
0.13881 0.284347 0
0.165845 0.276516 0
0.208347 0.24756 1
0.218611 0.263106 0
0.23185 0.263267 0
0.233912 0.261832 0
0.228976 0.278593 0
0.22593 0.29798 0
0.228631 0.320461 0
0.232663 0.336249 0
0.231366 0.332784 0
0.248261 0.320829 0
0.248694 0.312772 0
0.248725 0.274811 0
0.250872 0.253044 0
0.243964 0.260107 0
0.235869 0.260285 0
0.230791 0.23787 0
0.208347 0.247512 1
0.213936 0.249944 0
0.213405 0.237992 0
0.215785 0.226621 0
0.205842 0.242537 0
0.202075 0.244399 0
0.201226 0.244979 0
0.207018 0.214356 0
0.2059 0.209802 0
0.194012 0.207285 0
0.188346 0.197716 0
0.174379 0.200975 0
0.170828 0.191436 0
0.167379 0.207586 0
0.152115 0.219123 0
0.168291 0.209168 0
0.174414 0.199187 0
0.186674 0.180363 0
0.201006 0.163234 0
0.198378 0.182801 0
0.187856 0.217139 0
0.191169 0.239293 0
0.208347 0.24745 1
0.205607 0.268389 0
0.198856 0.281978 0
0.183655 0.29307 0
0.201101 0.265743 0
0.225496 0.231127 0
0.244167 0.214381 0
0.242706 0.219834 0
0.208347 0.2474 1
0.20403 0.247015 0
0.199651 0.240869 0
0.190725 0.218521 0
0.179182 0.213525 0
0.165776 0.243199 0
0.170408 0.25922 0
0.177662 0.269346 0
0.182204 0.268184 0
0.191109 0.262691 0
0.208347 0.247347 1
0.23116 0.221551 0
0.253316 0.194103 0
0.262779 0.182712 0
0.277135 0.178595 0
0.296748 0.16828 0
0.312338 0.157237 0
0.311893 0.164027 0
0.315156 0.171041 0
0.318838 0.170292 0
0.318095 0.177197 0
0.318219 0.177431 0
0.3192 0.17057 0
0.3211 0.135274 0
0.319292 0.0980761 0
0.31575 0.160372 0
0.308324 0.151674 0
0.298382 0.156754 0
0.294299 0.145735 0
0.298656 0.123222 0
0.294046 0.121071 0
0.283639 0.118996 0
0.262713 0.148599 0
0.254286 0.161816 0
0.247604 0.172653 0
0.231934 0.198402 0
0.219193 0.221177 0
0.214776 0.238856 0
0.208347 0.247285 1
0.189577 0.263678 0
0.178165 0.270246 0
0.176137 0.265181 0
0.171242 0.258591 0
0.162529 0.262729 0
0.158862 0.262571 0
0.167767 0.258017 0
0.182967 0.240973 0
0.189232 0.228275 0
0.188199 0.214823 0
0.193024 0.197224 0
0.203184 0.175984 0
0.205139 0.161621 0
0.200504 0.148494 0
0.198471 0.125055 0
0.195812 0.115443 0
0.19796 0.130608 0
0.200116 0.148749 0
0.212932 0.178697 0
0.198803 0.209158 0
0.2032 0.225 0
0.208347 0.247276 1
0.211443 0.237007 0
0.212299 0.240835 0
0.225692 0.23134 0
0.240544 0.217543 0
0.265045 0.190128 0
0.258207 0.197688 0
0.267743 0.188326 0
0.275981 0.179323 0
0.276687 0.179959 0
0.273906 0.189589 0
0.267969 0.204656 0
0.25243 0.226497 0
0.230337 0.241792 0
0.208347 0.247288 1
0.212759 0.260229 0
0.220007 0.274199 0
0.237857 0.274153 0
0.279725 0.251228 0
0.297907 0.241145 0
0.322261 0.222015 0
0.3059 0.224875 0
0.314467 0.211879 0
0.302935 0.216934 0
0.278572 0.245095 0
0.232706 0.292827 0
0.165328 0.333924 0
0.15283 0.322778 0
0.157152 0.306265 0
0.169197 0.291776 0
0.185017 0.292788 0
0.175559 0.28032 0
0.218126 0.287033 0
0.23381 0.333366 0
0.250088 0.351196 0
0.255739 0.328575 0
0.254504 0.338638 0
0.249532 0.345715 0
0.250525 0.343472 0
0.248784 0.346917 0
0.254289 0.333184 0
0.242245 0.349574 0
0.224621 0.330494 0
0.213261 0.317336 0
0.207788 0.304611 0
0.200615 0.291591 0
0.208347 0.24737 1
0.196857 0.22317 0
0.183747 0.228908 0
0.166179 0.241382 0
0.160396 0.249426 0
0.154577 0.281802 0
0.17659 0.283917 0
0.189888 0.269574 0
0.208347 0.247412 1
0.199833 0.249473 0
0.227875 0.239739 0
0.222042 0.277341 0
0.219125 0.276875 0
0.21871 0.231077 0
0.211507 0.234336 0
0.209665 0.247794 0
0.208347 0.247448 1
0.202313 0.281451 0
0.177894 0.287722 0
0.157031 0.307653 0
0.148677 0.307551 0
0.148635 0.301611 0
0.152288 0.305769 0
0.157962 0.29629 0
0.163496 0.288295 0
0.162599 0.287783 0
0.160704 0.292006 0
0.163941 0.284353 0
0.171307 0.272646 0
0.180642 0.267505 0
0.208347 0.247495 1
0.205436 0.220363 0
0.231345 0.235064 0
0.222874 0.281924 0
0.229434 0.294042 0
0.22688 0.281705 0
0.222277 0.256655 0
0.22224 0.252576 0
0.21302 0.256345 0
0.210906 0.251031 0
0.216099 0.239188 0
0.21462 0.24491 0
0.208347 0.247541 1
0.196793 0.240826 0
0.192355 0.231302 0
0.193381 0.227482 0
0.213307 0.213406 0
0.221161 0.204604 0
0.231319 0.219678 0
0.231 0.223 0
0.226268 0.221486 0
0.217147 0.215237 0
0.215507 0.217382 0
0.214599 0.235597 0
0.208347 0.247584 1
0.211174 0.246199 0
0.207263 0.253199 0
0.209918 0.250062 0
0.217164 0.234365 0
0.22626 0.211478 0
0.205105 0.230724 0
0.205925 0.237517 0
0.208347 0.247611 1
0.202682 0.281857 0
0.187697 0.340312 0
0.202548 0.331803 0
0.221007 0.333265 0
0.265528 0.29455 0
0.275866 0.251306 0
0.290592 0.210018 0
0.289889 0.204274 0
0.266462 0.19867 0
0.248881 0.169914 0
0.230086 0.156279 0
0.21137 0.150254 0
0.209105 0.188538 0
0.208347 0.247646 1
0.208162 0.325442 0
0.200179 0.156082 0
0.194305 0.195289 0
0.193343 0.220299 0
0.206853 0.233089 0
0.208347 0.24764 1
0.204894 0.233262 0
0.193778 0.320284 0
0.195907 0.29247 0
0.195879 0.281783 0
0.208276 0.275647 0
0.193825 0.415056 0
0.201883 0.413065 0
0.206166 0.379306 0
0.208525 0.325238 0
0.198641 0.274364 0
0.262348 0.0687474 0
0.278079 0.0530437 0
0.222126 0.217256 0
0.227756 0.217554 0
0.228046 0.219658 0
0.218671 0.220972 0
0.204396 0.21834 0
0.192077 0.217227 0
0.177246 0.222169 0
0.17018 0.22403 0
0.169048 0.21959 0
0.219455 0.0476294 0
0.211479 0.0599667 0
0.209849 0.0727604 0
0.211945 0.0702779 0
0.213132 0.0662974 0
0.217791 0.0827873 0
0.225511 0.0844154 0
0.216197 0.234638 0
0.208346 0.248469 1
0.197925 0.245542 0
0.187218 0.234747 0
0.178669 0.221588 0
0.169666 0.21925 0
0.149491 0.231406 0
0.205936 0.189912 0
0.199826 0.160325 0
0.140498 0.175894 0
0.0962907 0.278331 0
0.121708 0.232832 0
0.164604 0.147941 0
0.203975 0.12309 0
0.180902 0.221058 0
0.212021 0.20482 0
0.214496 0.211922 0
0.208346 0.250582 1
0.215105 0.204698 0
0.178062 0.194562 0
0.158519 0.211382 0
0.151717 0.240327 0
0.153818 0.278356 0
0.138377 0.293556 0
0.108577 0.270377 0
0.0872974 0.134394 0
0.0807742 0.131774 0
0.0774258 0.130297 0
0.074188 0.125819 0
0.0706975 0.124872 0
0.0650707 0.123526 0
0.0682398 0.0875234 0
0.0732581 0.0423242 0
0.0827187 0 0
0.188912 0.486361 0
0.178001 0.48534 0
0.181825 0.414391 0
0.18429 0.356335 0
0.184659 0.306199 0
0.190599 0.277679 0
0.201978 0.26287 0
0.208345 0.267901 1
0.214327 0.31058 0
0.218904 0.312862 0
0.228274 0.299457 0
0.235822 0.288412 0
0.235606 0.29163 0
0.231491 0.290579 0
0.221123 0.286054 0
0.208345 0.270378 1
0.200353 0.246089 0
0.204353 0.211115 0
0.199548 0.191452 0
0.192958 0.189764 0
0.200451 0.166828 0
0.205492 0.153143 0
0.20849 0.167374 0
0.203437 0.206292 0
0.209538 0.236234 0
0.208345 0.272222 1
0.195148 0.292543 0
0.200191 0.297767 0
0.2146 0.290313 0
0.223161 0.284641 0
0.249891 0.261367 0
0.279346 0.247359 0
0.296467 0.236078 0
0.306829 0.21843 0
0.311793 0.212213 0
0.302019 0.226943 0
0.278039 0.246295 0
0.252376 0.258026 0
0.232664 0.270398 0
0.220135 0.282665 0
0.216551 0.285397 0
0.216014 0.281845 0
0.203223 0.292753 0
0.208345 0.273387 1
0.244241 0.240687 0
0.248617 0.234462 0
0.23111 0.267525 0
0.234561 0.289807 0
0.240597 0.293841 0
0.243354 0.286068 0
0.247071 0.288828 0
0.233949 0.306683 0
0.220741 0.320221 0
0.215942 0.345599 0
0.201259 0.347436 0
0.200141 0.348645 0
0.203825 0.354764 0
0.208341 0.349602 1
0.213118 0.361546 0
0.201568 0.391304 0
0.18951 0.366236 0
0.235654 0.298031 0
0.243917 0.308619 0
0.228504 0.342579 0
0.216938 0.364084 0
0.208339 0.382964 1
0.130162 0.484014 0
0.122456 0.492635 0
0.116666 0.494082 0
0.0993403 0.499903 0
0.0656021 0.513395 0
0.0451808 0.534949 0
0.0436098 0.530805 0
0.0591959 0.486481 0
0.0690335 0.484353 0
0.0827821 0.475838 0
0.0932827 0.470195 0
0.111564 0.456986 0
0.0922351 0.507553 0
0.113516 0.495802 0
0.142428 0.497807 0
0.15651 0.496933 0
0.161686 0.510221 0
0.171422 0.51113 0
0.192338 0.498238 0
0.208334 0.481957 1
0.216936 0.475526 0
0.222442 0.477908 0
0.220554 0.483361 0
0.217689 0.480477 0
0.212498 0.470121 0
0.195918 0.479355 0
0.185594 0.481795 0
0.189329 0.479883 0
0.191368 0.48935 0
0.192402 0.505614 0
0.199506 0.52059 0
0.208331 0.532331 1
0.207157 0.553688 0
0.193077 0.584887 0
0.179639 0.595603 0
0.179178 0.584185 0
0.174595 0.564307 0
0.170138 0.56759 0
0.172225 0.591967 0
0.171121 0.629661 0
0.197698 0.609235 0
0.208329 0.581909 1
0.194883 0.592795 0
0.195019 0.601137 0
0.208779 0.597109 0
0.22226 0.581618 0
0.243429 0.563775 0
0.25459 0.554877 0
0.257162 0.55818 0
0.259143 0.556392 0
0.255798 0.56065 0
0.276108 0.55082 0
0.275288 0.548868 0
0.254863 0.593679 0
0.23572 0.616951 0
0.260742 0.602476 0
0.230739 0.622905 0
0.208326 0.634883 1
0.177763 0.620247 0
0.18065 0.577445 0
0.219857 0.529749 0
0.21433 0.543932 0
0.191249 0.590186 0
0.187346 0.629037 0
0.190629 0.655393 0
0.208326 0.656897 1
0.192218 0.671484 0
0.198635 0.678354 0
0.21373 0.680328 0
0.213538 0.688931 0
0.218459 0.671067 0
0.208325 0.672582 1
0.201395 0.650447 0
0.221419 0.58451 0
0.255208 0.557762 0
0.255989 0.570112 0
0.257265 0.584779 0
0.251805 0.614639 0
0.222942 0.645559 0
0.208325 0.688111 1
0.238004 0.655757 0
0.265907 0.617381 0
0.306 0.560996 0
0.346372 0.524749 0
0.374701 0.530003 0
0.40396 0.531158 0
0.423219 0.526421 0
0.373245 0.605969 0
0.39691 0.638348 0
0.424125 0.681842 0
0.331619 0.708735 0
0.208325 0.702536 1
0.227159 0.675541 0
0.239371 0.624131 0
0.164319 0.48094 0
0.208325 0.707145 1
0.36674 0.475214 0
0.418468 0.419292 0
0.401112 0.503195 0
0.323677 0.638154 0
0.200115 0.772126 0
0.208325 0.712626 1
0.17485 0.839321 0
0.178902 0.868025 0
0.181747 0.890235 0
0.140078 0.940883 0
0.0483006 1 0
0.00287064 0.99056 0
0 0.975778 0
0.00464926 0.948279 0
0.0393511 0.896186 0
0.0724884 0.837153 0
0.101712 0.770688 0
0.130946 0.702875 0
0.158183 0.70571 0
0.208326 0.711299 1
0.193129 0.680015 0
0.212743 0.698134 0
0.209657 0.715841 0
0.198068 0.716366 0
0.210389 0.684107 0
0.208327 0.70552 1
0.269563 0.661319 0
0.262055 0.655851 0
0.222045 0.684001 0
0.208327 0.700305 1
0.218465 0.706 0
0.215428 0.705225 0
0.211034 0.712861 0
0.208328 0.694725 1
0.227765 0.654932 0
0.235024 0.626326 0
0.243643 0.611148 0
0.227104 0.628988 0
0.217805 0.65485 0
0.208328 0.685984 1
0.232259 0.700251 0
0.263192 0.701111 0
0.296867 0.703781 0
0.313166 0.703906 0
0.285957 0.689781 0
0.259718 0.692956 0
0.234989 0.685869 0
0.208329 0.66782 1
0.204328 0.670987 0
0.203352 0.679685 0
0.195103 0.697513 0
0.186738 0.707983 0
0.190384 0.689839 0
0.20833 0.651375 1
0.202909 0.625134 0
0.197972 0.608432 0
0.208304 0.577858 0
0.216421 0.555162 0
0.215684 0.549742 0
0.217093 0.554094 0
0.212749 0.585555 0
0.208332 0.623305 1
0.206165 0.626366 0
0.214925 0.611339 0
0.211596 0.617719 0
0.212021 0.610003 0
0.210202 0.601533 0
0.188545 0.622724 0
0.189879 0.614936 0
0.208333 0.596796 1
0.206381 0.587808 0
0.205261 0.58448 0
0.218443 0.567505 0
0.220141 0.568885 0
0.214995 0.572773 0
0.212849 0.556719 0
0.208145 0.557617 0
0.221747 0.529504 0
0.222921 0.527988 0
0.208335 0.547672 1
0.188926 0.555432 0
0.153432 0.548362 0
0.118967 0.581927 0
0.155163 0.522928 0
0.177237 0.491634 0
0.187415 0.461792 0
0.201402 0.434835 0
0.208745 0.410495 0
0.225167 0.400532 0
0.236371 0.393681 0
0.248259 0.387954 0
0.253742 0.368044 0
0.261954 0.357537 0
0.266413 0.354495 0
0.266865 0.349222 0
0.265183 0.344308 0
0.263779 0.356368 0
0.25363 0.398049 0
0.239117 0.435239 0
0.227385 0.427589 0
0.215949 0.438115 0
0.208341 0.424781 1
0.201021 0.460001 0
0.209194 0.468163 0
0.217441 0.465328 0
0.216562 0.470201 0
0.217264 0.475819 0
0.239072 0.457161 0
0.263252 0.443489 0
0.274381 0.44504 0
0.283196 0.424878 0
0.286904 0.381036 0
0.293994 0.361409 0
0.272072 0.372697 0
0.258368 0.362666 0
0.245604 0.362481 0
0.237453 0.35943 0
0.231952 0.342214 0
0.22215 0.34328 0
0.217235 0.345719 0
0.224305 0.330534 0
0.221848 0.336296 0
0.217536 0.32484 0
0.208792 0.305877 0
0.210882 0.281827 0
0.215616 0.298311 0
0.212909 0.301045 0
0.207232 0.295269 0
0.204761 0.282998 0
0.208348 0.272699 1
0.214441 0.270439 0
0.216478 0.260339 0
0.215439 0.245586 0
0.213282 0.249941 0
0.214498 0.240285 0
0.207626 0.238397 0
0.198224 0.236045 0
0.187046 0.250123 0
0.183253 0.252422 0
0.179625 0.253475 0
0.180078 0.250914 0
0.185067 0.243088 0
0.179259 0.241759 0
0.179369 0.232006 0
0.187981 0.217916 0
0.188553 0.217632 0
0.186815 0.228979 0
0.203605 0.211349 0
0.208896 0.205717 0
0.198557 0.211083 0
0.178022 0.217552 0
0.177452 0.218978 0
0.184663 0.215935 0
0.188029 0.214632 0
0.192303 0.224361 0
0.188476 0.236594 0
0.21401 0.243913 0
0.208351 0.251432 1
0.204944 0.25907 0
0.20631 0.258332 0
0.214936 0.254093 0
0.196716 0.270241 0
0.195952 0.25428 0
0.201343 0.246723 0
0.181474 0.221301 0
0.202326 0.2371 0
0.210545 0.242561 0
0.234373 0.205197 0
0.25557 0.182183 0
0.241879 0.193343 0
0.234965 0.200393 0
0.227567 0.214687 0
0.243091 0.209076 0
0.236505 0.213279 0
0.234959 0.226692 0
0.21477 0.215423 0
0.248856 0.203713 0
0.237127 0.207736 0
0.229639 0.223402 0
0.217121 0.256349 0
0.218007 0.256956 0
0.213618 0.243734 0
0.219498 0.238058 0
0.225839 0.23282 0
0.243184 0.219084 0
0.225413 0.255265 0
0.227146 0.240734 0
0.219785 0.244899 0
0.203961 0.256832 0
0.212763 0.272431 0
0.220901 0.244723 0
0.228651 0.238956 0
0.204912 0.246849 0
0.193724 0.24812 0
0.217186 0.281939 0
0.210232 0.267521 0
0.206944 0.258662 0
0.208551 0.247671 1
0.208098 0.247588 0
0.221433 0.25442 0
0.199553 0.268253 0
0.198053 0.253679 0
0.185262 0.270454 0
0.177307 0.291095 0
0.178801 0.293412 0
0.185758 0.283481 0
0.185482 0.275359 0
0.196421 0.268132 0
0.214209 0.257513 0
0.215262 0.24688 0
0.231182 0.223106 0
0.230286 0.219837 0
0.243532 0.196085 0
0.257288 0.186418 0
0.26524 0.196433 0
0.26391 0.201373 0
0.257314 0.200376 0
0.244641 0.195742 0
0.244343 0.195275 0
0.260344 0.193338 0
0.237005 0.192253 0
0.245532 0.218445 0
0.243281 0.216254 0
0.245699 0.235053 0
0.234245 0.23494 0
0.215264 0.247626 1
0.214132 0.274777 0
0.2182 0.287591 0
0.226429 0.2874 0
0.240004 0.289069 0
0.242161 0.291824 0
0.246766 0.296062 0
0.247773 0.294387 0
0.250077 0.302262 0
0.251593 0.316146 0
0.254815 0.318184 0
0.265896 0.303056 0
0.273058 0.252265 0
0.282931 0.23498 0
0.285702 0.224091 0
0.290229 0.208456 0
0.281603 0.22514 0
0.28578 0.209575 0
0.287785 0.209297 0
0.286484 0.214117 0
0.268287 0.247621 1
0.262335 0.250906 0
0.269883 0.262363 0
0.258934 0.27622 0
0.252342 0.290799 0
0.255708 0.295276 0
0.265869 0.292173 0
0.282809 0.270977 0
0.268934 0.273817 0
0.288046 0.250575 0
0.277252 0.27385 0
0.281661 0.273812 0
0.281989 0.283603 0
0.2924 0.279632 0
0.294704 0.271085 0
0.349213 0.219957 0
0.321484 0.24762 1
0.336957 0.251847 0
0.304056 0.29549 0
0.398593 0.220544 0
0.374925 0.250031 0
0.404746 0.229653 0
0.416476 0.221492 0
0.433094 0.212138 0
0.447104 0.205904 0
0.476052 0.188518 0
0.502309 0.19274 0
0.517562 0.175076 0
0.49948 0.181522 0
0.514312 0.16768 0
0.48222 0.216898 0
0.535881 0.164858 0
0.53083 0.181434 0
0.511758 0.237601 0
0.490464 0.26346 0
0.473527 0.307496 0
0.491235 0.30377 0
0.505128 0.300657 0
0.491539 0.339421 0
0.474769 0.385851 0
0.467197 0.40611 0
0.46438 0.408594 0
0.46764 0.395108 0
0.456536 0.392943 0
0.445733 0.399895 0
0.447895 0.396306 0
0.481862 0.345904 0
0.503292 0.314478 0
0.501014 0.318646 0
0.523087 0.285497 0
0.564116 0.247628 1
0.584579 0.230711 0
0.588037 0.238333 0
0.586071 0.258756 0
0.604488 0.243058 0
0.618962 0.230676 0
0.616978 0.237849 0
0.609023 0.247838 0
0.613083 0.25772 0
0.60806 0.267053 0
0.615566 0.24981 0
0.611091 0.243571 0
0.606293 0.278612 0
0.607613 0.268765 0
0.623265 0.25043 0
0.641933 0.235963 0
0.650048 0.247631 1
0.657364 0.209274 0
0.658493 0.239913 0
0.674007 0.252114 0
0.707746 0.247633 1
0.707909 0.27803 0
0.727217 0.294485 0
0.746374 0.288111 0
0.76469 0.247635 1
0.784311 0.296847 0
0.807664 0.375503 0
0.82983 0.398901 0
0.801861 0.0971849 0
0.812637 0.189578 0
0.81366 0.247637 1
0.818395 0.276498 0
0.812958 0.290294 0
0.818052 0.299338 0
0.823341 0.289725 0
0.828375 0.299239 0
0.836993 0.303114 0
0.848306 0.29469 0
0.850055 0.289725 0
0.8762 0.266621 0
0.886508 0.24764 1
0.897344 0.241935 0
0.902537 0.245267 0
0.905199 0.250618 0
0.904752 0.256136 0
0.905689 0.255508 0
0.90729 0.25984 0
0.906552 0.256677 0
0.906361 0.254492 0
0.906727 0.257673 0
0.920071 0.247641 1
0.93671 0.232327 0
0.962039 0.232586 0
0.982997 0.251312 0
0.983942 0.252873 0
0.97457 0.243568 0
0.962786 0.246661 0
0.951258 0.236386 0
0.934395 0.247641 1
0.934852 0.243326 0
0.940149 0.233427 0
0.942295 0.237673 0
0.944825 0.236523 0
0.944606 0.246272 0
0.939259 0.247642 1
0.924739 0.270063 0
0.911883 0.290552 0
0.911741 0.293902 0
0.939807 0.247642 1
