0.352802 0.930601 0
0.357758 0.920621 0
0.314857 0.93702 0
0.287734 0.929765 0
0.265412 0.839489 0
0.269297 0.829066 0
0.272256 0.801524 0
0.260543 0.807773 0
0.191206 0.762505 0
0.188501 0.770585 0
0.182137 0.773591 0
0.17646 0.77101 0
0.168571 0.766565 1
0.174381 0.766256 0
0.15272 0.68802 0
0.132681 0.685866 0
0.113779 0.684332 0
0.0979424 0.679242 0
0.0908759 0.675984 0
0.0772043 0.671178 0
0.0716045 0.668589 0
0.0665036 0.668368 0
0.0638294 0.660504 1
0.0592676 0.669416 0
0.0441565 0.669008 0
0.0394778 0.667185 0
0.0397199 0.665247 0
0.0303558 0.661894 0
0.0150841 0.663094 0
0.0142456 0.654534 0
0.0488201 0.58107 0
0.068505 0.504814 0
0.0746758 0.487978 0
0.0851614 0.489604 0
0.0990156 0.472012 0
0.115269 0.451625 0
0.124914 0.431233 0
0.128055 0.412333 0
0.13901 0.396536 0
0.134564 0.376253 0
0.141626 0.36542 1
0.150342 0.360954 0
0.183704 0.340069 0
0.210249 0.310821 0
0.212158 0.271987 1
0.231938 0.248113 0
0.260527 0.238849 0
0.296397 0.215485 0
0.31692 0.211682 0
0.334391 0.189713 0
0.350788 0.179415 0
0.365097 0.16369 0
0.376436 0.15902 1
0.380575 0.163378 0
0.388729 0.174365 0
0.398939 0.182821 0
0.413791 0.192431 0
0.42752 0.192024 0
0.47116 0.188715 0
0.494371 0.179635 0
0.517932 0.151039 0
0.527438 0.15433 0
0.543903 0.151828 0
0.553176 0.153484 0
0.565705 0.151831 1
0.570809 0.156921 0
0.582807 0.161757 0
0.584774 0.171298 0
0.592413 0.179659 0
0.597213 0.185486 0
0.611689 0.22157 0
0.651254 0.159949 0
0.619987 0.239761 0
0.674947 0.240763 0
0.68173 0.245785 0
0.686305 0.249435 0
0.689741 0.254585 1
0.692068 0.258369 0
0.707346 0.261684 0
0.671196 0.318746 0
0.682951 0.324944 0
0.67942 0.371439 0
0.690798 0.381124 0
0.682426 0.403673 0
0.690707 0.430226 0
0.704915 0.43947 0
0.691106 0.462226 0
0.691227 0.479298 0
0.678319 0.505426 0
0.688029 0.509238 0
0.691894 0.51364 0
0.694393 0.515259 0
0.701123 0.519692 0
0.70974 0.525077 0
0.714005 0.529303 0
0.720895 0.53296 0
0.7248 0.550974 0
0.733784 0.559415 0
0.739516 0.567479 0
0.744775 0.567476 0
0.751404 0.574563 0
0.760575 0.59051 0
0.774383 0.59534 0
0.784061 0.599617 0
0.789553 0.622921 0
0.777895 0.640358 0
0.763377 0.739784 0
0.752762 0.737869 0
0.751378 0.737302 0
0.749534 0.740007 0
0.7492 0.741907 0
0.745847 0.743623 0
0.744386 0.744944 1
0.730895 0.785181 0
0.722734 0.784481 1
0.71905 0.794599 0
0.704727 0.805094 0
0.694328 0.809983 0
0.659482 0.909134 0
0.646933 0.886144 0
0.63409 0.868413 0
0.631826 0.870394 0
0.628645 0.871432 1
0.61975 0.876451 0
0.606574 0.883558 0
0.598753 0.890387 0
0.587981 0.894661 0
0.579229 0.899123 0
0.568682 0.893136 0
0.564175 0.952032 0
0.516317 0.976282 0
0.485835 0.892049 0
0.474613 0.900845 0
0.473135 0.900153 0
0.469952 0.897625 1
0.46332 0.889457 0
0.448572 0.89312 0
0.43529 0.89382 0
0.419551 0.890719 0
0.402298 0.879274 0
0.389771 0.861564 0
0.312901 0.809306 0
0.294057 0.810037 0
0.27836 0.804276 0
0.265958 0.810953 0
0.253133 0.811485 0
0.237042 0.803035 0
0.221356 0.811005 0
0.206201 0.798125 1
0.204528 0.791614 0
0.196794 0.738504 0
0.180898 0.72697 0
0.164941 0.729286 0
0.153989 0.66151 0
0.142702 0.645904 0
0.125418 0.639522 0
0.0987277 0.638047 0
0.08391 0.641565 0
0.0641519 0.659444 1
0.0602447 0.652929 0
0.0535506 0.647021 0
0.0410399 0.635537 0
0.0342848 0.620688 0
0.0188647 0.618214 0
0.00764024 0.619351 0
0 0.622308 0
0.0462177 0.499132 0
0.0457089 0.474291 0
0.0428759 0.465905 0
0.0365716 0.456783 0
0.0239163 0.445808 0
0.0250779 0.428022 0
0.0330582 0.407655 0
0.0499946 0.375926 0
0.0695612 0.37279 1
0.0708078 0.36488 0
0.0749907 0.357402 0
0.0748342 0.347351 0
0.0849761 0.343991 0
0.121035 0.289778 0
0.137297 0.287255 1
0.142812 0.272966 0
0.152372 0.20784 0
0.158382 0.169147 0
0.184188 0.125424 0
0.218401 0.0765492 0
0.270729 0.0139328 0
0.29036 0.00565511 0
0.315038 0 0
0.334106 0.00578649 0
0.343204 0.0292339 0
0.367746 0.029507 0
0.389622 0.0495368 0
0.407625 0.0759915 0
0.424045 0.122589 0
0.43543 0.134015 0
0.442602 0.140972 1
0.457447 0.140395 0
0.470808 0.142428 0
0.492492 0.122999 0
0.505242 0.128808 0
0.517648 0.12611 0
0.545837 0.0953376 0
0.536726 0.178327 0
0.565111 0.186283 0
0.58647 0.181206 0
0.598103 0.194113 0
0.60607 0.205931 0
0.618657 0.216909 0
0.643428 0.210723 0
0.650223 0.211097 1
0.657494 0.216385 0
0.668168 0.214528 0
0.678338 0.220717 0
0.695179 0.218298 0
0.722101 0.228107 0
0.724859 0.270864 0
0.700449 0.297595 0
0.704499 0.298155 1
0.709287 0.307695 0
0.73696 0.311978 0
0.747921 0.338742 0
0.734388 0.385143 0
0.721774 0.428868 0
0.709118 0.460451 0
0.709393 0.472977 0
0.703325 0.487505 0
0.69506 0.499678 0
0.694912 0.513839 1
0.694981 0.513941 0
0.695963 0.514015 0
0.699939 0.515589 0
0.706672 0.517433 0
0.720132 0.529502 0
0.730529 0.533463 0
0.737896 0.547555 0
0.752263 0.569425 0
0.760882 0.573972 0
0.76882 0.584959 0
0.769131 0.608991 0
0.77459 0.630819 0
0.778696 0.641006 0
0.771509 0.654451 0
0.775122 0.666956 0
0.774255 0.67376 0
0.770811 0.694157 0
0.759649 0.712242 1
0.757128 0.714905 0
0.748461 0.711134 0
0.718878 0.721849 0
0.705545 0.734059 0
0.691305 0.746963 0
0.677215 0.782559 0
0.680642 0.822866 0
0.670571 0.82951 0
0.663632 0.842741 0
0.656546 0.848057 1
0.652537 0.850025 0
0.666408 0.865487 0
0.643128 1 0
0.617732 0.989888 0
0.614626 0.995442 0
0.57738 0.93515 0
0.55906 0.914924 0
0.547606 0.907734 0
0.539106 0.911233 0
0.530556 0.903712 0
0.52025 0.902179 0
0.513903 0.902276 1
0.510393 0.902674 0
0.506697 0.905033 0
0.504365 0.906324 0
0.49904 0.904309 0
0.424168 0.979528 0
0.421086 0.966409 0
0.402875 0.959472 0
0.392286 0.951693 0
0.374604 0.927071 0
0.364571 0.912552 0
0.344199 0.854334 0
0.305124 0.87284 0
0.291101 0.86947 0
0.273448 0.859917 0
0.259889 0.856507 0
0.244833 0.862015 0
0.211739 0.851475 0
0.164078 0.823054 0
0.151537 0.773542 0
0.167402 0.766163 1
0.150211 0.764669 0
0.140353 0.760689 0
0.131579 0.751649 0
0.105036 0.760527 0
0.105708 0.738053 0
0.0731323 0.565188 0
0.0626572 0.566657 0
0.0315138 0.588912 0
0.0251708 0.581476 0
0.0199063 0.578904 0
0.0178056 0.569586 0
0.0116171 0.565739 0
0.00152526 0.56689 0
0.00775154 0.562347 0
0.0116934 0.544193 0
0.0130914 0.524534 1
0.0108144 0.508107 0
0.0150032 0.490468 0
0.0133262 0.473051 0
0.00935755 0.461715 0
0.0105392 0.442311 0
0.0137998 0.431579 0
0.0115947 0.429057 0
0.0438863 0.411495 0
0.0778238 0.394887 0
0.088238 0.335514 0
0.100818 0.324342 0
0.10479 0.323375 1
0.107709 0.320142 0
0.119669 0.324035 0
0.140585 0.243147 0
0.147841 0.201815 0
0.173983 0.156756 0
0.213801 0.105593 0
0.247771 0.0552526 0
0.264543 0.0531572 0
0.293541 0.039379 0
0.319699 0.0437751 0
0.336145 0.0547462 0
0.362453 0.0610592 0
0.37145 0.0740749 0
0.382627 0.093888 0
0.409474 0.0996965 0
0.421197 0.1005 0
0.445899 0.0856463 0
0.48132 0.141498 0
0.487457 0.132386 0
0.503697 0.115656 0
0.511032 0.105018 0
0.51468 0.127974 0
0.541335 0.110026 0
0.537784 0.160309 0
0.554029 0.172411 0
0.590685 0.127798 0
0.590409 0.170293 0
0.616139 0.145338 0
0.624991 0.162107 0
0.628886 0.175093 0
0.630274 0.190601 0
0.638443 0.196619 1
0.632564 0.201269 0
0.630547 0.235453 0
0.653729 0.241261 0
0.658461 0.257217 0
0.65193 0.276711 0
0.664616 0.289358 0
0.654831 0.313052 0
0.679089 0.322907 0
0.69019 0.341492 0
0.707543 0.34852 1
0.702986 0.362478 0
0.70331 0.376411 0
0.701078 0.399769 0
0.693931 0.417859 0
0.68798 0.455124 0
0.679276 0.484165 0
0.682931 0.490269 0
0.686668 0.504672 0
0.687262 0.512183 0
0.69239 0.516249 0
0.696458 0.514115 0
0.706804 0.523384 0
0.709845 0.539911 0
0.719178 0.56934 0
0.722054 0.580977 0
0.73074 0.594562 0
0.734384 0.616764 0
0.740969 0.627947 0
0.74467 0.649233 0
0.747338 0.659086 0
0.72734 0.686176 0
0.742926 0.693332 0
0.754926 0.698566 0
0.753857 0.709168 0
0.759553 0.711679 0
0.754102 0.713995 0
0.740311 0.751246 0
0.739138 0.751042 1
0.73865 0.751708 0
0.735891 0.753778 0
0.731065 0.761141 0
0.696332 0.766437 0
0.696765 0.818319 0
0.679786 0.830996 0
0.666885 0.834899 0
0.656651 0.840452 0
0.65008 0.851139 0
0.659142 0.85977 0
0.646824 0.942515 0
0.623153 0.943652 0
0.609122 0.949683 0
0.590753 0.951033 0
0.573823 0.925102 0
0.568087 0.911527 0
0.543271 0.887284 0
0.541458 0.945087 0
0.5259 0.963519 0
0.516272 0.950189 0
0.508799 0.946101 0
0.485991 0.971551 0
0.44525 0.98352 0
0.420338 0.978859 0
0.406326 0.908861 0
0.379251 0.897594 0
0.370402 0.866314 0
0.361087 0.866726 0
0.349467 0.864245 0
0.349544 0.864288 1
