0.767323 0.657947 0
0.771521 0.648287 0
0.776123 0.638396 0
0.782769 0.634921 0
0.782925 0.62358 1
0.743451 0.591833 0
0.748726 0.545977 0
0.759597 0.549763 0
0.773241 0.543976 0
0.778359 0.539381 0
0.774795 0.533516 0
0.77673 0.52975 0
0.786087 0.526956 1
0.799097 0.5087 0
0.800065 0.497408 0
0.814134 0.47391 0
0.815663 0.446151 0
0.823662 0.441331 0
0.820186 0.417035 0
0.826369 0.406805 0
0.825874 0.388324 0
0.832335 0.38267 0
0.842224 0.362515 0
0.831093 0.341476 0
0.829588 0.326749 0
0.833 0.320317 0
0.832052 0.312369 0
0.832068 0.29793 0
0.834378 0.287518 1
0.836778 0.281965 0
0.838374 0.276916 0
0.839258 0.276335 0
0.837213 0.273475 0
0.832761 0.264623 0
0.830837 0.259385 0
0.829018 0.24846 0
0.823551 0.234098 0
0.81034 0.2192 0
0.804658 0.215814 0
0.80038 0.208839 0
0.796889 0.204175 0
0.781596 0.160455 0
0.771714 0.141117 0
0.754395 0.136755 0
0.711597 0.111153 0
0.694411 0.123386 0
0.664332 0.0762495 0
0.618685 0.0135888 0
0.591297 0 0
0.575285 0.00236884 0
0.563911 0.014473 0
0.541855 0.048659 0
0.53524 0.0750369 0
0.530663 0.0791078 0
0.526866 0.0817301 1
0.518117 0.0827221 0
0.514266 0.0852616 0
0.499585 0.0851515 0
0.490776 0.0890853 0
0.483687 0.0934885 0
0.467087 0.0993038 0
0.444503 0.131688 0
0.427157 0.135883 0
0.33307 0.0603572 0
0.33556 0.0798679 0
0.328918 0.0890716 0
0.326195 0.0946717 0
0.323073 0.0990357 0
0.317322 0.102397 1
0.311181 0.108555 0
0.302794 0.113815 0
0.2976 0.115521 0
0.291887 0.120568 0
0.284855 0.12589 0
0.288684 0.13518 0
0.277624 0.138762 0
0.268493 0.231326 0
0.258591 0.251208 0
0.242414 0.249661 0
0.233587 0.262019 0
0.214704 0.265711 0
0.198199 0.268185 0
0.18112 0.263644 0
0.149281 0.24826 0
0.146305 0.241678 1
0.140594 0.250831 0
0.133486 0.26363 0
0.136577 0.280316 0
0.125816 0.289477 0
0.116985 0.298773 0
0.113755 0.316505 0
0.048567 0.308852 0
0.0886825 0.38547 0
0.0729601 0.376851 0
0.0711751 0.380046 1
0.0674258 0.386611 0
0.0556746 0.399868 0
0.0539765 0.414596 0
0.0377572 0.422532 0
0.0826731 0.465519 0
0.123398 0.529862 0
0.104495 0.542888 0
0.091115 0.552994 0
0.0771657 0.563869 0
0.0648898 0.576229 0
0.0423934 0.576854 0
0.040988 0.588995 0
0.0390726 0.598334 0
0.0408013 0.607805 0
0.0416886 0.613399 0
0.0407679 0.62001 1
0.0457273 0.63241 0
0.045277 0.64367 0
0.0374598 0.652774 0
0.0464878 0.670349 0
0.0486747 0.680802 0
0.0597475 0.696898 0
0.0719462 0.706545 0
0.0857579 0.728599 0
0.100121 0.742802 0
0.117305 0.754282 1
0.121968 0.759612 0
0.127776 0.765394 0
0.133274 0.76768 0
0.132516 0.778847 0
0.137202 0.781718 0
0.161291 0.774679 0
0.24176 0.872852 0
0.25743 0.889157 0
0.269404 0.890264 0
0.272865 0.880385 0
0.286716 0.894002 0
0.300572 0.898837 0
0.311149 0.899448 0
0.31966 0.898605 1
0.331747 0.91454 0
0.354093 0.929909 0
0.366736 0.930792 0
0.380585 0.933949 0
0.398847 0.936791 0
0.41301 0.931441 0
0.434953 0.939663 0
0.448921 0.941105 0
0.46215 0.934579 0
0.474987 0.928076 0
0.489062 0.920771 0
0.503158 0.918571 1
0.508041 0.915166 0
0.512621 0.911547 0
0.525332 0.887959 0
0.615841 0.971676 0
0.614564 0.934333 0
0.613744 0.907866 0
0.618957 0.892415 0
0.623746 0.887103 1
0.634787 0.884741 0
0.651314 0.885282 0
0.667385 0.887142 0
0.69079 0.895652 0
0.688214 0.885357 0
0.730483 0.900077 0
0.746861 0.898514 0
0.756816 0.896995 0
0.749749 0.851241 0
0.746631 0.82246 0
0.740271 0.803509 0
0.741488 0.803655 1
0.747306 0.801435 0
0.753576 0.799673 0
0.776203 0.801404 0
0.806455 0.79841 0
0.75984 0.721061 0
0.772803 0.72077 0
0.773794 0.720196 0
0.774658 0.718963 1
0.778078 0.709772 0
0.78612 0.705117 0
0.793983 0.696793 0
0.801389 0.688568 0
0.808104 0.682839 0
0.841992 0.685689 0
0.816906 0.633098 0
0.781995 0.605672 1
0.784726 0.597193 0
0.787928 0.589603 0
0.793411 0.584039 0
0.794752 0.580311 0
0.80471 0.569189 0
0.838284 0.552976 0
0.809821 0.484713 0
0.874172 0.51724 0
0.866558 0.503353 0
0.859902 0.487489 0
0.810249 0.448134 0
0.832648 0.424343 0
0.82849 0.419559 0
0.834314 0.428871 0
0.838839 0.41689 0
0.833557 0.382239 0
0.835515 0.363871 0
0.838539 0.36092 0
0.841569 0.355282 0
0.839578 0.348979 0
0.851496 0.353391 0
0.871581 0.344941 0
0.800339 0.252718 0
0.800842 0.252494 0
0.794796 0.246347 0
0.797133 0.241187 0
0.788317 0.227199 0
0.78478 0.219184 0
0.774891 0.20354 0
0.768499 0.19444 0
0.762975 0.187392 0
0.75595 0.177114 1
0.755365 0.168418 0
0.745257 0.164393 0
0.735922 0.157722 0
0.721751 0.147195 0
0.710384 0.128261 0
0.70027 0.129214 0
0.682668 0.112115 0
0.655637 0.104666 0
0.638079 0.09594 0
0.620826 0.0966939 0
0.608924 0.0973438 0
0.593072 0.09913 0
0.577287 0.092386 0
0.563607 0.0893391 1
0.561776 0.0920841 0
0.562035 0.0951272 0
0.556924 0.109052 0
0.549412 0.135964 0
0.468042 0.0961773 0
0.435301 0.0722933 0
0.423008 0.0796058 0
0.410088 0.0792588 0
0.404497 0.0822765 0
0.393234 0.084869 1
0.386519 0.0891571 0
0.381745 0.0917651 0
0.377139 0.101766 0
0.368561 0.109588 0
0.375611 0.131444 0
0.354148 0.160802 0
0.268625 0.135013 0
0.259531 0.137177 0
0.251473 0.133904 0
0.251158 0.134384 0
0.247429 0.141364 0
0.24005 0.142086 1
0.229946 0.148374 0
0.222535 0.160086 0
0.21289 0.17017 0
0.196203 0.179774 0
0.18627 0.185718 0
0.185017 0.19304 0
0.174077 0.211666 0
0.163468 0.218178 0
0.154909 0.228308 0
0.146826 0.238072 1
0.187617 0.252978 0
0.0919468 0.209495 0
0.071481 0.214812 0
0.113724 0.312731 0
0.0976785 0.316853 0
0.0976741 0.332188 0
0.0913466 0.338827 0
0.0843624 0.349928 1
0.0803514 0.356778 0
0.121192 0.418819 0
0.0882568 0.427829 0
0.0735966 0.445535 0
0.060318 0.452558 0
0.0531331 0.465324 0
0.0500262 0.472136 0
0.0432042 0.479682 1
0.0380103 0.48942 0
0.0274566 0.49977 0
0.0256373 0.512763 0
0.0197902 0.522605 0
0.0151336 0.537062 0
0.0148042 0.551435 0
0.00748549 0.558612 0
0.0123928 0.576506 0
0 0.585313 0
0.00187553 0.599491 0
0.00303037 0.613028 0
0.0439532 0.643519 0
0.0494007 0.660726 0
0.0454187 0.678934 0
0.0441471 0.691287 0
0.053919 0.704165 0
0.0536887 0.716874 0
0.0650866 0.733937 0
0.0841393 0.776031 0
0.08655 0.78131 0
0.115757 0.788279 0
0.12545 0.792882 0
0.135916 0.795944 0
0.143614 0.799686 0
0.155831 0.801169 0
0.173754 0.810048 1
0.179419 0.827353 0
0.201484 0.841299 0
0.20733 0.85692 0
0.217143 0.868501 0
0.235585 0.880103 0
0.252846 0.875076 0
0.262164 0.877918 0
0.268997 0.881141 0
0.277871 0.882457 0
0.291144 0.879118 0
0.308968 0.881373 0
0.329435 0.882753 0
0.345694 0.891988 0
0.373936 0.909305 0
0.401067 0.920673 0
0.440978 0.962811 0
0.488464 1 0
0.521412 0.992066 0
0.453619 0.896972 0
0.514379 0.964251 0
0.542348 0.949608 0
0.543245 0.925926 0
0.551731 0.919668 0
0.555735 0.914031 0
0.559571 0.911559 0
0.563689 0.908243 1
0.571085 0.906135 0
0.576502 0.895535 0
0.585831 0.880877 0
0.580951 0.834651 0
0.663387 0.850315 0
0.651442 0.830365 0
0.678337 0.843187 0
0.682523 0.842734 0
0.682462 0.83138 0
0.695904 0.834176 0
0.701874 0.83296 0
0.708055 0.829797 1
0.705484 0.822109 0
0.698854 0.804897 0
0.708537 0.809483 0
0.700868 0.77042 0
0.70776 0.770216 0
0.718986 0.768117 0
0.734962 0.765445 0
0.74898 0.760508 0
0.754538 0.75734 0
0.758512 0.749453 1
0.758442 0.743831 0
0.767292 0.742205 0
0.745136 0.710097 0
0.738397 0.695178 0
0.744305 0.676599 0
0.741261 0.659332 0
0.744124 0.647239 0
0.742016 0.636704 0
0.7392 0.621028 0
0.743934 0.611614 0
0.744302 0.600562 0
0.748649 0.586337 0
0.758437 0.577189 0
0.764298 0.565362 0
0.773865 0.564782 0
0.785369 0.563155 0
0.788454 0.557269 0
0.809099 0.546064 0
0.810061 0.512331 0
0.772851 0.470622 0
0.784732 0.456729 0
0.833881 0.449538 0
0.832216 0.433531 0
0.838124 0.461439 0
