0.196719 0.0501245 1
0.207342 0.043208 0
0.236732 0.0385285 0
0.271054 0.0254983 0
0.295737 0.0287834 0
0.331544 0.00589739 0
0.358607 0.00745785 0
0.401459 0.0174896 0
0.444872 0.0386245 0
0.514813 0.0182204 0
0.557247 0.0196894 0
0.609668 0.023961 0
0.631803 0.0186435 0
0.659525 0.0226456 0
0.684975 0.0289589 0
0.715629 0.0398681 0
0.739397 0.0426167 1
0.769166 0.0601099 0
0.794551 0.0823858 0
0.821798 0.107098 0
0.839525 0.132102 0
0.866456 0.141654 0
0.883629 0.16867 0
0.901405 0.191944 0
0.908717 0.220595 0
0.922608 0.245986 0
0.935666 0.270644 0
0.954859 0.304332 0
0.969152 0.337102 0
0.982697 0.374293 0
0.994977 0.402068 0
0.994158 0.428793 0
0.987785 0.453627 0
0.976986 0.482411 0
0.959372 0.520619 0
0.936391 0.574988 0
0.912045 0.639375 0
0.898707 0.686403 0
0.883943 0.711291 0
0.866104 0.724482 0
0.851718 0.747181 0
0.847557 0.770285 0
0.837983 0.797094 1
0.810486 0.829282 0
0.784769 0.857412 0
0.758158 0.876068 0
0.721886 0.881865 0
0.687328 0.889722 0
0.66589 0.916547 0
0.635982 0.933968 0
0.586808 0.936798 0
0.531871 0.939395 0
0.488529 0.946216 0
0.428426 0.944773 0
0.374101 0.948094 0
0.314741 0.955768 0
0.2711 0.944199 1
0.240462 0.937759 0
0.214876 0.93088 0
0.183791 0.924182 0
0.162523 0.90186 0
0.145572 0.876719 0
0.138876 0.861721 0
0.131331 0.849587 0
0.11953 0.839891 0
0.0969593 0.824486 0
0.0703698 0.806983 0
0.0432776 0.786201 0
0.0114882 0.763713 1
0.00248777 0.726178 0
0 0.686348 0
0.00316954 0.64512 0
0.0100585 0.597004 0
0.0186057 0.553174 0
0.018671 0.512015 0
0.018552 0.465841 0
0.0206899 0.423872 0
0.0223957 0.389631 0
0.0168281 0.34791 0
0.0297516 0.314721 0
0.0304752 0.264989 1
0.0617461 0.225615 0
0.0988807 0.191317 0
0.118907 0.166127 0
0.121195 0.151598 0
0.129805 0.137532 0
0.150247 0.117035 0
0.171326 0.0925418 0
0.188387 0.0749093 0
0.200836 0.0532879 0
0.216578 0.0356687 0
0.233483 0.023675 0
0.25356 0.0113926 1
0.288322 0.00857233 0
0.32456 0.00892732 0
0.362483 0.00941051 0
0.405915 0.00695938 0
0.451318 0.00476891 0
0.495103 0.00233767 0
0.540057 0 0
0.57076 0.00141421 0
0.602393 0.0152499 0
0.640118 0.0203153 0
0.674335 0.0292848 0
0.703385 0.0406364 0
0.73286 0.0546632 0
0.759275 0.0693701 0
0.785207 0.0888455 0
0.812821 0.10447 0
0.838944 0.125783 0
0.867469 0.143262 0
0.895228 0.156193 0
0.921162 0.171329 1
0.927054 0.192799 0
0.938233 0.217499 0
0.947729 0.249312 0
0.953891 0.288574 0
0.969123 0.331237 0
1 0.374434 1
0.98727 0.406883 0
0.974202 0.43602 0
0.965616 0.472892 0
0.948241 0.510512 0
0.935698 0.553249 0
0.916174 0.603416 0
0.88654 0.654027 0
0.854071 0.676739 0
0.822237 0.679221 0
0.777348 0.681326 0
0.803291 0.737147 0
0.788158 0.763036 0
0.768049 0.789505 0
0.749632 0.814758 0
0.720464 0.84036 0
0.676429 0.853918 0
0.657746 0.869074 0
0.632385 0.878265 0
0.606544 0.886267 0
0.580959 0.888433 0
0.582826 0.918222 0
0.522894 0.916412 0
