0.218812 0.0907553 1
0.228518 0.0844359 0
0.245445 0.0916504 0
0.271561 0.112438 0
0.310339 0.122128 0
0.329637 0.0994363 0
0.37252 0.0985093 0
0.405878 0.101097 0
0.445544 0.101882 0
0.492353 0.0816451 0
0.533986 0.0793443 0
0.580918 0.0749352 0
0.627937 0.0619918 0
0.654055 0.0656484 0
0.678343 0.0714167 0
0.696225 0.0813843 0
0.714645 0.0838956 1
0.726243 0.0929157 0
0.729804 0.116915 0
0.738367 0.132241 0
0.74767 0.146598 0
0.751726 0.165458 0
0.761972 0.175108 0
0.782013 0.20304 0
0.811243 0.26449 0
0.86359 0.282694 0
0.88202 0.306734 0
0.899714 0.339039 0
0.952494 0.353433 0
0.952921 0.386941 0
0.970378 0.423533 0
0.969022 0.460638 0
0.97341 0.49981 0
0.984185 0.538908 0
1 0.567754 0
0.959979 0.62565 0
0.919666 0.655614 0
0.878471 0.689502 0
0.866496 0.715916 0
0.844355 0.732265 0
0.833999 0.738123 0
0.813469 0.760616 0
0.804721 0.773246 1
0.797974 0.802655 0
0.787575 0.8222 0
0.747601 0.828938 0
0.715131 0.850699 0
0.68301 0.857878 0
0.647484 0.866638 0
0.611974 0.880984 0
0.575228 0.877077 0
0.525033 0.880678 0
0.485433 0.909495 0
0.430518 0.908177 0
0.380882 0.911211 0
0.326646 0.918223 0
0.286772 0.907652 1
0.258779 0.901768 0
0.235401 0.895483 0
0.221306 0.889363 0
0.185578 0.882795 0
0.152394 0.868184 0
0.130483 0.85123 0
0.105753 0.836039 0
0.0942264 0.829586 0
0.0794338 0.809741 0
0.0630853 0.797548 0
0.0478032 0.763293 0
0.0495703 0.742746 1
0.0234143 0.708451 0
0.020513 0.672059 0
0.000924342 0.63439 0
0.00804962 0.590428 0
0 0.562102 0
0.0132612 0.512775 0
0.0358783 0.470587 0
0.0405477 0.432241 0
0.0420909 0.400955 0
0.0366994 0.362836 0
0.0662572 0.332512 0
0.0669183 0.287073 1
0.0544494 0.251097 0
0.0701186 0.21976 0
0.0503687 0.172313 0
0.0516527 0.139881 0
0.0459728 0.110791 0
0.0603409 0.0878622 0
0.0963319 0.0635316 0
0.257543 0.0736678 0
0.256606 0.0688254 0
0.255378 0.0611065 0
0.264672 0.0572337 0
0.270746 0.0553668 1
0.286005 0.0365457 0
0.3316 0.0366567 0
0.352377 0.0261422 0
0.391502 0.0169434 0
0.432151 0.014278 0
0.456827 0.0156115 0
0.502292 0 0
0.523788 0.0114897 0
0.554841 0.00604086 0
0.588135 0.00773074 0
0.622626 0.0195079 0
0.667653 0.0184492 0
0.682027 0.041495 0
0.817167 0.064184 0
0.831561 0.10748 0
0.852081 0.122977 0
0.871458 0.142415 0
0.880957 0.156704 0
0.883129 0.176723 0
0.88072 0.201497 1
0.897382 0.221114 0
0.918838 0.256392 0
0.928464 0.288511 0
0.936021 0.326901 0
0.947017 0.347602 0
0.952753 0.38707 1
0.967033 0.42985 0
0.970299 0.457095 0
0.98526 0.49274 0
0.975322 0.547039 0
0.974175 0.586231 0
0.968412 0.617361 0
0.932121 0.659586 0
0.882463 0.671826 0
0.863934 0.669111 0
0.816536 0.687909 0
0.831099 0.718473 0
0.803849 0.728559 0
0.777731 0.752025 0
0.753192 0.779924 0
0.737636 0.812777 0
0.724413 0.835595 0
0.695185 0.852845 0
0.654158 0.875532 0
0.614236 0.876374 0
0.607998 0.883792 0
0.560133 0.900934 0
0.516831 0.882264 0
