0.595468 0.428266 1
0.595468 0.428266 0
0.595468 0.428266 0
0.595468 0.428266 0
0.595468 0.428266 0
0.595468 0.428266 0
0.595468 0.428265 0
0.595461 0.428271 0
0.595428 0.42823 0
0.595323 0.428562 0
0.593616 0.42823 0
0.594809 0.427948 0
0.595466 0.428198 0
0.593083 0.428655 0
0.591136 0.428335 0
0.58903 0.429314 0
0.587751 0.431895 0
0.585791 0.432985 0
0.583024 0.43303 0
0.580107 0.432173 0
0.579055 0.433956 0
0.576039 0.434352 0
0.574858 0.43675 0
0.572971 0.437861 0
0.570663 0.438889 0
0.56816 0.439538 0
0.565069 0.439608 0
0.563479 0.440571 0
0.562252 0.442179 0
0.560699 0.443066 0
0.558695 0.442916 0
0.557028 0.444258 0
0.554329 0.445085 0
0.552437 0.446592 0
0.549953 0.447625 0
0.547741 0.448649 1
0.545123 0.449553 0
0.543106 0.450427 0
0.540863 0.451678 0
0.539055 0.453506 0
0.538217 0.455983 0
0.533876 0.454949 0
0.531316 0.456255 0
0.531724 0.459711 0
0.52924 0.460006 0
0.521977 0.457418 0
0.519184 0.457673 0
0.518203 0.461303 0
0.513333 0.458872 0
0.518105 0.465377 0
0.510477 0.462911 0
0.509275 0.466272 0
0.502726 0.463083 0
0.510084 0.472331 0
0.50443 0.470424 0
0.499225 0.469137 0
0.501285 0.473117 0
0.49751 0.474764 0
0.492423 0.472791 0
0.491282 0.474908 0
0.49191 0.4781 0
0.487705 0.478243 0
0.485871 0.480284 0
0.48653 0.483402 0
0.483259 0.484012 0
0.481736 0.486037 0
0.481598 0.487871 0
0.479124 0.489795 0
0.478735 0.491694 0
0.478389 0.493696 0
0.47647 0.494453 0
0.473746 0.495225 1
0.473198 0.495511 0
0.47368 0.496726 0
0.473211 0.496591 0
0.472353 0.497005 0
0.472342 0.497384 0
0.47241 0.498141 0
0.47326 0.498075 0
0.479598 0.505393 0
0.488436 0.53061 0
0.414355 0.465003 0
0.433326 0.474317 0
0.433577 0.477685 0
0.430492 0.477719 0
0.424514 0.476096 0
0.417158 0.474836 0
0.419904 0.478643 0
0.423386 0.483284 0
0.420852 0.483974 0
0.422543 0.487553 0
0.421629 0.489032 0
0.421222 0.491121 0
0.420387 0.49376 0
0.420214 0.497726 0
0.415109 0.52765 0
0.414363 0.528043 0
0.413557 0.5287 0
0.413502 0.529131 0
0.413003 0.529744 0
0.411966 0.530053 0
0.411738 0.530508 0
0.411865 0.530049 0
0.411409 0.530933 0
0.409963 0.532236 0
0.409263 0.532698 0
0.408294 0.533271 1
0.405791 0.533454 0
0.402818 0.533751 0
0.400544 0.534851 0
0.398802 0.536787 0
0.399085 0.541026 0
0.398149 0.544365 0
0.394953 0.54357 0
0.393245 0.544582 0
0.384863 0.534644 0
0.382309 0.53245 0
0.379377 0.530252 0
0.377326 0.531372 0
0.377262 0.535149 0
0.382454 0.548523 0
0.378881 0.54799 0
0.372971 0.541509 0
0.36435 0.528479 0
0.360346 0.523907 0
0.359763 0.525678 0
0.359401 0.527498 0
0.353712 0.520609 0
0.34991 0.514446 0
0.345145 0.508335 0
0.339979 0.502272 0
0.339813 0.50488 0
0.344021 0.520685 0
0.332329 0.504038 0
0.328662 0.498374 0
0.330201 0.509043 0
0.329606 0.522949 0
0.297861 0.466409 0
0.240251 0.358975 0
0.294231 0.227218 0
0.307368 0.200629 0
0.303722 0.198378 0
0.302683 0.194734 1
0.302605 0.194703 0
0.302474 0.194614 0
0.302605 0.194677 0
0.30266 0.194735 0
0.302601 0.194731 0
0.302399 0.195148 0
0.296401 0.194513 0
0.240867 0.403366 0
0.247131 0.269081 0
0.226683 0.384026 0
0.223177 0.367588 0
0.219589 0.357856 0
0.21974 0.360842 0
0.213987 0.338498 0
0.212003 0.33531 0
0.209483 0.329871 0
0.207424 0.324568 0
0.206672 0.314616 0
0.205449 0.308454 0
0.204126 0.29943 0
0.203122 0.291191 0
0.203907 0.280236 0
0.205728 0.265896 0
0.202515 0.268997 0
0.202378 0.262207 0
0.201019 0.256392 0
0.199791 0.252105 0
0.19853 0.248448 0
0.199152 0.242543 0
0.198591 0.239265 0
0.198377 0.236098 0
0.197917 0.234042 0
0.198674 0.230868 0
0.197816 0.22807 0
0.198546 0.224341 1
0.199984 0.222733 0
0.201524 0.220331 0
0.202687 0.218341 0
0.203987 0.215409 0
0.205454 0.212933 0
0.208237 0.209817 0
0.211011 0.206564 0
0.21204 0.203916 0
0.212193 0.203623 0
0.212546 0.20228 0
0.212869 0.200441 0
0.212468 0.19897 0
0.212238 0.197887 0
0.21206 0.197074 0
0.212351 0.196359 0
0.213683 0.194847 0
0.215285 0.194021 0
0.215398 0.193778 0
0.215457 0.192951 0
0.216204 0.192032 0
0.216307 0.191603 0
0.217083 0.191418 0
0.217427 0.190754 0
0.217119 0.190668 0
0.217366 0.190348 0
0.218658 0.190454 0
0.219568 0.190434 0
0.219959 0.189976 0
0.220254 0.190043 0
0.221475 0.189675 0
0.222148 0.189358 0
0.222145 0.18937 0
0.221899 0.189481 0
0.222492 0.189325 0
0.223548 0.189278 0
0.224538 0.188598 1
0.224743 0.189679 0
0.225378 0.189372 0
0.225723 0.189907 0
0.226159 0.190263 0
0.22676 0.190858 0
0.226853 0.190721 0
0.22758 0.191369 0
0.228076 0.191345 0
0.228624 0.19177 0
0.229515 0.192447 0
0.229924 0.193752 0
0.230733 0.194393 0
0.231563 0.195248 0
0.232397 0.196339 0
0.232998 0.196119 0
0.233234 0.195239 0
0.234158 0.194709 0
0.235017 0.193985 0
0.235815 0.193607 0
0.236575 0.194433 0
0.237316 0.193794 0
0.237784 0.19337 0
0.238101 0.192791 0
0.238457 0.19172 0
0.240629 0.193438 0
0.23573 0.198848 0
0.30378 0.134123 0
0.301982 0.141525 0
0.302976 0.141543 0
0.30285 0.141527 0
0.302859 0.141519 0
0.302857 0.141519 0
0.302857 0.141519 0
0.302857 0.141519 0
0.302857 0.141519 0
0.302857 0.141519 1
0.303896 0.14076 0
0.304937 0.140828 0
0.305199 0.140804 0
0.298687 0.141755 0
0.310257 0.139286 0
0.309415 0.138191 0
0.310673 0.136649 0
0.313102 0.135229 0
0.316412 0.132848 0
0.317746 0.132978 0
0.319076 0.131023 0
0.320256 0.130272 0
0.322604 0.128664 0
0.323645 0.132464 0
0.270652 0.144213 0
0.273401 0.146315 0
0.272742 0.146631 0
0.271402 0.146126 0
0.269237 0.145755 0
0.268077 0.146132 0
0.26546 0.144967 0
0.262513 0.143431 0
0.260916 0.144386 0
0.260385 0.144979 0
0.258937 0.145233 0
0.257516 0.145117 0
0.256605 0.145425 0
0.254505 0.144921 0
0.253127 0.145118 0
0.25193 0.145116 0
0.250614 0.145085 0
0.24969 0.145577 0
0.248972 0.14587 0
0.247933 0.146373 0
0.246872 0.146407 1
0.246904 0.146665 0
0.247435 0.147908 0
0.247293 0.148573 0
0.247308 0.149479 0
0.247104 0.149794 0
0.246864 0.15034 0
0.246822 0.150888 0
0.246598 0.151373 0
0.246289 0.152565 0
0.245837 0.154051 0
0.246416 0.154819 0
0.246481 0.155069 0
0.246457 0.155961 0
0.245571 0.157132 0
0.24532 0.157598 0
0.244986 0.158245 0
0.243451 0.159379 0
0.242647 0.160227 0
0.242905 0.160274 0
0.242588 0.16037 0
0.241892 0.160821 0
0.24146 0.160957 0
0.241483 0.160912 0
0.241309 0.160977 0
0.241488 0.160892 0
0.24173 0.160831 0
0.241583 0.160868 0
0.241332 0.16094 0
0.241475 0.160935 0
0.24124 0.161035 0
0.24134 0.160994 0
0.241576 0.160956 0
0.241637 0.160939 0
0.241524 0.160907 0
0.241198 0.161019 0
0.240997 0.161089 1
0.241183 0.161441 0
0.241204 0.161698 0
0.240852 0.161928 0
0.240982 0.162288 0
0.243516 0.163549 0
0.248594 0.153153 0
0.351012 0.120207 0
0.357008 0.108581 0
0.357713 0.109941 0
0.358769 0.109947 0
0.35975 0.110115 0
0.360236 0.109283 0
0.36155 0.108461 0
0.363833 0.108709 0
0.364867 0.109822 0
0.366291 0.110199 0
0.36714 0.109141 0
0.369717 0.109262 0
0.371658 0.10934 0
0.374872 0.107997 0
0.376801 0.10882 0
0.378165 0.110022 0
0.380055 0.109432 0
0.382199 0.109621 0
0.383121 0.109948 0
0.384321 0.110423 0
0.385866 0.110706 0
0.388188 0.111185 0
0.390159 0.110705 0
0.392563 0.110673 0
0.395227 0.110576 0
0.398819 0.111753 0
0.403916 0.113304 0
0.403846 0.112473 0
0.402481 0.111558 1
0.402481 0.111558 0
0.402481 0.111558 0
0.402481 0.111558 0
0.402481 0.111558 0
0.402483 0.11156 0
0.402502 0.111558 0
0.402588 0.111495 0
0.402693 0.111461 0
0.402528 0.111502 0
0.403002 0.111769 0
0.402973 0.107794 0
0.418616 0.154706 0
0.191173 0.626811 0
0.262524 0.591926 0
0.268986 0.578885 0
0.27068 0.573073 0
0.266848 0.581871 0
0.266283 0.580502 0
0.26523 0.580171 0
0.266377 0.573091 0
0.264939 0.575315 0
0.261804 0.581287 0
0.262516 0.57603 0
0.262062 0.574845 0
0.264093 0.566392 0
0.26127 0.565779 0
0.262712 0.557478 0
0.259214 0.560158 0
0.261792 0.551056 0
0.258614 0.550389 0
0.26159 0.535619 0
0.242644 0.516275 0
0.25262 0.548695 0
0.249964 0.547982 0
0.255836 0.534083 0
0.254172 0.533521 1
0.24839 0.533854 0
0.241553 0.533431 0
0.234461 0.529832 0
0.223248 0.532988 0
0.214464 0.531521 0
0.204683 0.528755 0
0.192738 0.517837 0
0.180058 0.513457 0
0.162292 0.500344 0
0.153001 0.495694 0
0.140494 0.481468 0
0.132823 0.474346 0
0.122263 0.473164 0
0.117687 0.466079 0
0.107675 0.457621 0
0.106911 0.448894 0
0.101056 0.437802 0
0.0996895 0.425489 0
0.0960514 0.411951 0
0.0886806 0.396948 0
0.113638 0.320652 0
0.101593 0.343654 0
0.111147 0.303818 0
0.124489 0.27475 0
0.134934 0.245624 0
0.143467 0.21829 0
0.160705 0.198524 0
0.191687 0.173711 0
0.196432 0.162924 0
0.196989 0.163352 0
0.19599 0.163849 0
0.195579 0.164469 0
0.194946 0.165248 0
0.1967 0.162399 0
0.197063 0.161749 0
0.197051 0.161249 1
0.197364 0.159662 0
0.19697 0.158863 0
0.197316 0.157136 0
0.197781 0.154374 0
0.198183 0.152841 0
0.198024 0.152714 0
0.201066 0.147632 0
0.200644 0.148326 0
0.20177 0.146617 0
0.205627 0.141235 0
0.203946 0.14396 0
0.204819 0.142881 0
0.203757 0.14484 0
0.205168 0.1434 0
0.207522 0.141423 0
0.210628 0.136805 0
0.21404 0.134544 0
0.212755 0.134983 0
0.21471 0.133848 0
0.217161 0.132551 0
0.216924 0.132443 0
0.217378 0.132859 0
0.219648 0.131508 0
0.220701 0.131518 0
0.223264 0.130564 0
0.221409 0.131602 0
0.217729 0.134141 0
0.223185 0.131887 0
0.225171 0.130636 0
0.226949 0.130068 0
0.2276 0.13031 0
0.228457 0.130444 0
0.22975 0.130074 0
0.230215 0.130217 0
0.230476 0.130376 1
0.231289 0.129627 0
0.231932 0.128759 0
0.232069 0.129085 0
0.231953 0.129959 0
0.231801 0.130386 0
0.232041 0.130414 0
0.232594 0.130317 0
0.233114 0.129989 0
0.234266 0.128683 0
0.235089 0.12842 0
0.237132 0.126325 0
0.242367 0.12072 0
0.247993 0.113795 0
0.264255 0.102689 0
0.275417 0.0970237 0
0.269593 0.101027 0
0.273725 0.0987138 0
0.283154 0.0938725 0
0.294093 0.0886409 0
0.292689 0.0900929 0
0.303617 0.0837912 0
0.295832 0.089079 0
0.313463 0.0797767 0
0.320243 0.0776956 0
0.343217 0.0747501 0
0.348933 0.0811987 0
0.349009 0.0826799 0
0.348983 0.0829295 0
0.348981 0.0829556 0
0.348982 0.082959 0
0.348982 0.082959 0
0.348982 0.082959 0
0.348982 0.0829591 0
0.348982 0.0829591 0
0.348982 0.0829591 0
0.348982 0.0829591 1
0.349303 0.0828185 0
0.349797 0.0822471 0
0.349923 0.0822269 0
0.349686 0.0790422 0
0.363773 0.057922 0
0.391578 0.0631931 0
0.393826 0.0657261 0
0.3859 0.0634673 0
0.378686 0.0630596 0
0.388785 0.0658338 0
0.392413 0.068352 0
0.390604 0.0675973 0
0.388761 0.0674943 0
0.388539 0.0678944 0
0.387499 0.0682973 0
0.38563 0.0689807 0
0.383671 0.0697262 0
0.382535 0.0686789 0
0.380265 0.068291 0
0.378035 0.0684348 0
0.376979 0.0691609 0
0.37679 0.0692774 0
0.376083 0.0698502 0
0.374224 0.0700382 0
0.374233 0.0704723 0
0.373795 0.0708368 0
0.371595 0.0708492 0
0.371034 0.0719748 0
0.368036 0.0713112 0
0.367207 0.0718661 0
0.365336 0.0719758 0
0.365039 0.0726129 0
0.363619 0.0727984 0
0.36272 0.0728025 0
0.361948 0.072997 1
0.361948 0.072997 0
0.361949 0.0729973 0
0.361946 0.072999 0
0.361993 0.0730284 0
0.362124 0.073219 0
0.363115 0.0742313 0
0.368377 0.0736731 0
0.342408 0.0919353 0
0.343953 0.0886776 0
0.344863 0.088351 0
0.345184 0.0883468 0
0.345029 0.0884723 0
0.343956 0.0892218 0
0.346342 0.087974 0
0.347345 0.0884364 0
0.345843 0.0886187 0
0.346975 0.0880224 0
0.347067 0.0881069 0
0.347007 0.0881858 0
0.347158 0.0881531 0
0.347229 0.0882422 0
0.347248 0.0882471 0
0.347267 0.0883017 0
0.347289 0.0883432 0
0.347292 0.0883362 0
0.347292 0.0883354 0
0.347292 0.0883354 0
0.347292 0.0883354 0
0.347292 0.0883354 0
0.347292 0.0883354 0
0.347292 0.0883354 0
0.347292 0.0883354 0
0.347292 0.0883354 0
0.347292 0.0883354 0
0.347292 0.0883354 0
0.347292 0.0883354 1
0.347407 0.0890194 0
0.347983 0.0893464 0
0.348351 0.0896901 0
0.345708 0.0902311 0
0.349244 0.0913329 0
0.351012 0.0926037 0
0.345097 0.091399 0
0.340735 0.0966171 0
0.37365 0.0868291 0
0.272765 0.130702 0
0.276767 0.13243 0
0.355714 0.0954101 0
0.358228 0.0932962 0
0.361655 0.0936184 0
0.366349 0.0953778 0
0.36898 0.0944336 0
0.3734 0.0949807 0
0.376276 0.0946307 0
0.378306 0.094731 0
0.382076 0.0942427 0
0.373691 0.0922256 0
0.504062 0.145327 0
0.696902 0.29199 0
0.681445 0.288063 0
0.681029 0.287744 0
0.6831 0.288716 0
0.683098 0.288523 0
0.684623 0.289055 0
0.684961 0.290663 0
0.686358 0.292341 0
0.687424 0.293197 0
0.688832 0.291364 0
0.690665 0.293469 0
0.691699 0.295978 0
0.693617 0.297327 1
0.693474 0.298949 0
0.692858 0.301565 0
0.695331 0.30065 0
0.695496 0.302645 0
0.693197 0.304604 0
0.697796 0.302628 0
0.6961 0.286949 0
0.490194 0.174295 0
0.40785 0.103671 0
0.654047 0.314438 0
0.430541 0.149823 0
0.418522 0.105187 0
0.419572 0.0985521 0
0.420313 0.0982724 0
0.423621 0.10235 0
0.264927 0.118012 0
0.408325 0.100487 0
0.295895 0.109044 0
0.269121 0.118832 0
0.442347 0.118116 0
0.820304 0.369018 0
0.720065 0.307617 0
0.805252 0.374521 0
0.718294 0.359958 0
0.704722 0.325012 0
0.701661 0.335676 0
0.762391 0.341918 0
0.193888 0.413163 0
0.419122 0.0838751 0
0.305218 0.0829694 0
0.111642 0.390013 0
0.716369 0.331677 0
0.71763 0.332864 0
0.719284 0.331894 0
0.721044 0.331919 0
0.722603 0.33236 1
0.722603 0.33236 0
0.722603 0.33236 0
0.722603 0.33236 0
0.722603 0.33236 0
0.722603 0.33236 0
0.722603 0.33236 0
0.722603 0.33236 0
0.722603 0.332361 0
0.722606 0.332364 0
0.722616 0.332378 0
0.72272 0.332337 0
0.722784 0.332862 0
0.724346 0.337162 0
0.767663 0.305204 0
0.0340448 0.414121 0
0.0589173 0.262813 0
0.0405954 0.263374 0
0.135101 0.191796 0
0.0227827 0.242242 0
0.285687 0.0720544 0
0.224444 0.0952129 0
0.241693 0.0849046 0
0.234182 0.0863315 0
0.265866 0.0742353 0
0 0.227113 0
0.0220977 0.232835 0
0.255944 0.073777 0
0.217884 0.0898972 0
0.224439 0.0879808 0
0.220354 0.0884113 0
0.222263 0.0857666 0
0.220995 0.0854288 0
0.220822 0.0841176 0
0.220423 0.0834036 0
0.219685 0.0821203 0
0.219049 0.0815431 1
0.218494 0.0798751 0
0.21827 0.0787834 0
0.218193 0.077589 0
0.217388 0.0764161 0
0.215532 0.073978 0
0.215709 0.0722157 0
0.217329 0.0692941 0
0.21614 0.0682672 0
0.216278 0.0664955 0
0.21717 0.0666717 0
0.218284 0.0662831 0
0.219734 0.0645721 0
0.218254 0.0635144 0
0.218135 0.0619389 0
0.217991 0.0600254 0
0.217593 0.0590603 0
0.219345 0.0571415 0
0.221125 0.0554066 0
0.220811 0.0541292 0
0.220682 0.0534239 0
0.222076 0.0525597 0
0.223663 0.0509197 0
0.224586 0.0501503 0
0.225219 0.0489823 0
0.227197 0.0478154 0
0.228175 0.0467606 0
0.230048 0.045701 0
0.230135 0.0445956 0
0.231655 0.0441617 0
0.233888 0.0435401 0
0.235151 0.0428908 0
0.237636 0.0426939 0
0.239149 0.0420725 0
0.240263 0.041444 0
0.241312 0.040963 1
0.24239 0.0396282 0
0.243801 0.0376463 0
0.245897 0.0354795 0
0.250028 0.0318302 0
0.250811 0.0295172 0
0.252171 0.0286721 0
0.252435 0.0288605 0
0.253902 0.0279067 0
0.255165 0.0266605 0
0.258095 0.0245763 0
0.262912 0.0223102 0
0.2657 0.0208874 0
0.268482 0.0193269 0
0.26721 0.0205044 0
0.27125 0.0180667 0
0.27653 0.0153095 0
0.28104 0.0128527 0
0.28491 0.0118111 0
0.285164 0.0126049 0
0.290174 0.0109487 0
0.292537 0.0107893 0
0.293448 0.0112229 0
0.297206 0.0105838 0
0.303285 0.00893618 0
0.303487 0.00950495 0
0.303881 0.00981498 0
0.311338 0.00886828 0
0.312959 0.00891728 0
0.317952 0.00870754 0
0.320297 0.00856262 0
0.325829 0.0086646 0
0.32644 0.0107147 0
0.33223 0.00964785 0
0.33352 0.0112566 0
0.335179 0.0118282 0
0.336612 0.0133211 1
0.338498 0.0119219 0
0.341486 0.0127193 0
0.345594 0.00824388 0
0.346533 0.00869598 0
0.353458 0.00444084 0
0.353143 0.00601621 0
0.355571 0.00519842 0
0.360079 0.00324232 0
0.364394 0.00219087 0
0.366989 0.00159821 0
0.371913 0 0
0.37134 0.0020902 0
0.371651 0.00274119 0
0.375575 0.001788 0
0.380337 0.000641396 0
0.381928 0.000966024 0
0.383951 0.00154778 0
0.389406 0.000268525 0
0.387774 0.00230282 0
0.390981 0.00192732 0
0.394123 0.00282365 0
0.401678 0.00105194 0
0.404021 0.0017602 0
0.407178 0.00274765 0
0.408082 0.00389489 0
0.411793 0.00509564 0
0.417473 0.00513027 0
0.427165 0.00593945 0
0.430883 0.00751998 0
0.432376 0.00932708 0
0.437784 0.0118163 0
0.444225 0.0138126 0
0.4473 0.0150645 0
0.446138 0.0153691 0
0.449789 0.0174093 1
0.45262 0.0176279 0
0.455116 0.0179807 0
0.45678 0.0186132 0
0.458113 0.0187005 0
0.464251 0.0174124 0
0.46852 0.0174619 0
0.470776 0.0180495 0
0.471338 0.0190751 0
0.475303 0.0182044 0
0.478018 0.0196995 0
0.482225 0.0197626 0
0.488447 0.019707 0
0.492212 0.0179735 0
0.495617 0.0181587 0
0.499221 0.0193252 0
0.505272 0.0179896 0
0.506262 0.0194709 0
0.507729 0.0198598 0
0.512407 0.0205443 0
0.517414 0.0193511 0
0.519839 0.0208394 0
0.524056 0.0226511 0
0.523462 0.0236128 0
0.527258 0.0236596 0
0.529633 0.0253443 0
0.532846 0.0260735 0
0.53502 0.0262216 0
0.53423 0.0269891 0
0.532666 0.0279524 0
0.53378 0.0296084 0
0.534316 0.0310349 0
0.533886 0.0318958 0
0.533263 0.0323412 0
0.534356 0.032874 0
0.535141 0.033609 0
0.534253 0.0347339 1
0.534845 0.0354634 0
0.536002 0.0364131 0
0.537041 0.0379678 0
0.53672 0.038978 0
0.5369 0.0398398 0
0.537206 0.0401245 0
0.540083 0.0419311 0
0.542497 0.0421896 0
0.54023 0.0432379 0
0.538542 0.0444356 0
0.545607 0.0453357 0
0.551855 0.0473199 0
0.554531 0.0482115 0
0.556027 0.0497441 0
0.557104 0.0508832 0
0.559462 0.0534799 0
0.560336 0.0545348 0
0.562608 0.0571676 0
0.562182 0.0583733 0
0.565114 0.0611585 0
0.565898 0.0616168 0
0.571968 0.0655244 0
0.576104 0.0675612 0
0.57627 0.0695836 0
0.579362 0.0736639 0
0.580437 0.0754523 0
0.582781 0.0773022 0
0.57912 0.0788185 0
0.583671 0.0817272 0
0.585097 0.0846775 0
0.587516 0.0868601 0
0.593276 0.0900088 0
0.598436 0.0928433 0
0.603769 0.0968844 0
0.605568 0.0985627 0
0.611095 0.102256 1
0.619034 0.106031 0
0.627536 0.108547 0
0.627286 0.113321 0
0.631365 0.117658 0
0.63249 0.121024 0
0.635981 0.124628 0
0.636996 0.127797 0
0.643011 0.134095 0
0.647305 0.139164 0
0.64626 0.140535 0
0.649585 0.143656 0
0.653645 0.148726 0
0.658276 0.154783 0
0.659688 0.158485 0
0.657423 0.15999 0
0.657245 0.163902 0
0.661344 0.167954 0
0.662431 0.171917 0
0.666429 0.176674 0
0.669046 0.179252 0
0.671445 0.18409 0
0.674538 0.190619 0
0.671805 0.196202 0
0.67431 0.209853 0
1 0.337442 0
0.712189 0.230087 0
0.665419 0.203423 0
0.671142 0.210256 0
0.671309 0.211741 0
0.672676 0.215192 0
0.670842 0.218304 0
0.673204 0.223427 0
0.671838 0.224904 0
0.670348 0.227237 0
0.671575 0.231521 1
0.671018 0.233097 0
0.670078 0.233399 0
0.669204 0.23553 0
0.667738 0.236443 0
0.666899 0.237426 0
0.664478 0.238107 0
0.664609 0.238863 0
0.663511 0.240452 0
0.663112 0.242428 0
0.661814 0.245392 0
0.659894 0.247045 0
0.65918 0.246442 0
0.658137 0.247377 0
0.656717 0.247893 0
0.655102 0.248158 0
0.656824 0.257398 0
0.659125 0.325431 0
0.6606 0.342333 0
0.664845 0.359197 0
0.667391 0.373116 0
0.668244 0.383366 0
0.667634 0.385329 0
0.666757 0.386504 0
0.665409 0.385427 0
0.664005 0.386126 0
0.664119 0.390411 0
0.6631 0.392998 0
0.662915 0.398748 0
0.659744 0.403325 0
0.659186 0.405758 0
0.658689 0.404899 0
0.657578 0.407186 0
0.655016 0.40906 0
0.654544 0.41114 0
0.651946 0.413083 0
0.650132 0.414152 1
0.649876 0.415157 0
0.650771 0.416385 0
0.649946 0.416978 0
0.651925 0.419335 0
0.650893 0.420028 0
0.653225 0.424028 0
0.65716 0.427563 0
0.65943 0.433556 0
0.655929 0.426028 0
0.658298 0.429819 0
0.659325 0.433527 0
0.665283 0.439744 0
0.673954 0.460455 0
0.676396 0.462441 0
0.676887 0.465737 0
0.679407 0.469786 0
0.687319 0.487437 0
0.691222 0.500317 0
0.687807 0.500738 0
0.692273 0.507639 0
0.692294 0.520008 0
0.696765 0.515472 0
0.483175 0.637729 0
0.448344 0.517902 0
0.452646 0.517107 0
0.454604 0.51564 0
0.45741 0.511964 0
0.458241 0.510298 0
0.459791 0.508334 0
0.460533 0.508094 0
0.460555 0.507847 0
0.461115 0.507305 0
0.461533 0.506925 0
0.462277 0.506171 0
0.462426 0.505828 1
0.462546 0.505465 0
0.462737 0.505239 0
0.462581 0.504674 0
0.461861 0.503579 0
0.461479 0.502892 0
0.459978 0.501447 0
0.459873 0.50169 0
0.442209 0.492159 0
0.409508 0.465596 0
0.421459 0.468913 0
0.396245 0.445859 0
0.393124 0.440203 0
0.408958 0.453105 0
0.421314 0.461604 0
0.389152 0.43399 0
0.382699 0.42221 0
0.387801 0.429146 0
0.381415 0.415182 0
0.374878 0.393143 0
0.375106 0.385263 0
0.376455 0.396048 0
0.374826 0.391707 0
0.367679 0.340123 0
0.376397 0.316238 0
0.387656 0.30138 0
0.387128 0.303731 0
0.379528 0.321215 0
0.411778 0.291506 0
0.407284 0.292904 0
0.408494 0.295338 0
0.410385 0.295782 0
0.41032 0.296219 0
0.410729 0.297007 0
0.412291 0.300699 0
0.412911 0.300592 0
0.413797 0.302585 1
0.415874 0.305108 0
0.415471 0.301474 0
0.418865 0.309569 0
0.418766 0.305952 0
0.418375 0.307096 0
0.420365 0.309442 0
0.419593 0.311705 0
0.420691 0.313671 0
0.421025 0.3149 0
0.422211 0.316457 0
0.423838 0.317556 0
0.42379 0.319326 0
0.424953 0.320964 0
0.424031 0.323547 0
0.424926 0.324716 0
0.425949 0.32611 0
0.426719 0.327654 0
0.429587 0.328265 0
0.424548 0.333552 0
0.422574 0.338675 0
0.420825 0.344235 0
0.424059 0.343586 0
0.425791 0.344553 0
0.426819 0.344061 0
0.428003 0.344013 0
0.42919 0.345174 0
0.429469 0.34698 0
0.430495 0.349486 0
0.431551 0.349257 0
0.432105 0.349845 0
0.432525 0.351407 0
0.433343 0.35143 0
0.433434 0.351917 0
0.434135 0.352071 0
0.435445 0.351638 0
0.436401 0.352332 1
