0.707023 0.648195 1
0.706255 0.648398 0
0.704993 0.64856 0
0.704685 0.648248 0
0.704088 0.647462 0
0.703595 0.647122 0
0.702284 0.64732 0
0.705871 0.653112 0
0.674444 0.852803 0
0.661104 0.811945 0
0.654194 0.799319 0
0.654939 0.798208 0
0.655202 0.798193 0
0.654901 0.797658 0
0.654715 0.796889 0
0.656489 0.795071 0
0.656425 0.794071 0
0.656406 0.793948 0
0.656412 0.793923 0
0.656408 0.793964 0
0.657334 0.795264 0
0.666405 0.803177 0
0.693358 0.851392 0
0.6219 0.482482 0
0.567579 0.442571 0
0.717009 0.858048 0
0.657476 0.811282 0
0.666752 0.809314 0
0.661319 0.800997 0
0.657063 0.795764 0
0.658841 0.798879 0
0.659288 0.800211 0
0.658123 0.798839 0
0.659534 0.799734 0
0.661884 0.805611 0
0.659358 0.798376 0
0.656412 0.793922 1
0.655861 0.794759 0
0.657051 0.795161 0
0.657691 0.79648 0
0.659805 0.804521 0
0.677999 0.834911 0
0.678016 0.87697 0
0.717245 0.664659 0
0.70439 0.672255 0
0.704591 0.669303 0
0.700105 0.669077 0
0.673178 0.629658 0
0.664999 0.617896 0
0.666057 0.620365 0
0.665411 0.620955 0
0.664526 0.620696 0
0.665047 0.621182 0
0.667408 0.623234 0
0.667916 0.623492 0
0.6684 0.622523 0
0.670683 0.625538 0
0.662519 0.610174 0
0.626239 0.486362 0
0.614528 0.48438 0
0.615501 0.484467 0
0.616148 0.484376 0
0.615588 0.484439 0
0.615422 0.484571 0
0.614475 0.484952 0
0.614383 0.484956 0
0.614374 0.484949 0
0.614375 0.48495 0
0.614375 0.48495 0
0.614375 0.48495 0
0.614372 0.484949 0
0.614416 0.484949 0
0.614425 0.484762 0
0.614375 0.48495 1
0.614398 0.484926 0
0.614634 0.485051 0
0.616189 0.487139 0
0.614303 0.487008 0
0.614631 0.488231 0
0.614483 0.488987 0
0.614825 0.490097 0
0.606893 0.465691 0
0.656488 0.628149 0
0.657635 0.630658 0
0.657084 0.635239 0
0.659126 0.643032 0
0.658044 0.644276 0
0.664646 0.654504 0
0.674332 0.668235 0
0.660459 0.653501 0
0.665155 0.664179 0
0.665383 0.665003 0
0.664281 0.666361 0
0.667063 0.670151 0
0.666496 0.671522 0
0.665008 0.672507 0
0.667777 0.676133 0
0.667257 0.678396 0
0.668219 0.681034 0
0.665662 0.682316 0
0.665198 0.685018 0
0.666313 0.687606 0
0.66692 0.688375 0
0.66645 0.690801 0
0.669014 0.694347 0
0.668436 0.697671 0
0.669028 0.699875 0
0.669672 0.702256 0
0.670805 0.704611 0
0.671089 0.707391 0
0.672161 0.70972 1
0.672201 0.710073 0
0.671507 0.711589 0
0.67124 0.712953 0
0.671419 0.713197 0
0.671323 0.714632 0
0.670742 0.716009 0
0.669907 0.718188 0
0.669742 0.71966 0
0.668915 0.722066 0
0.668403 0.724043 0
0.669945 0.726039 0
0.669066 0.72872 0
0.66876 0.731558 0
0.669634 0.733809 0
0.670202 0.737539 0
0.668636 0.739818 0
0.667855 0.742505 0
0.66812 0.745319 0
0.668461 0.748346 0
0.666883 0.750662 0
0.666818 0.752905 0
0.664394 0.753725 0
0.664893 0.75639 0
0.663228 0.758263 0
0.662417 0.759684 0
0.660288 0.76158 0
0.660532 0.764012 0
0.659111 0.765956 0
0.658998 0.76789 0
0.658712 0.769478 0
0.6591 0.771185 0
0.659133 0.773216 0
0.657699 0.774653 0
0.657875 0.777557 0
0.657004 0.78021 0
0.656695 0.781441 0
0.656071 0.783188 1
0.656071 0.783188 0
0.656071 0.783188 0
0.656071 0.783188 0
0.656071 0.783188 0
0.656071 0.783188 0
0.656071 0.783188 0
0.656071 0.783188 0
0.656071 0.783188 0
0.656071 0.783188 0
0.656071 0.783188 0
0.656071 0.783188 0
0.656071 0.783188 0
0.656071 0.783188 0
0.656071 0.783188 0
0.656071 0.783188 0
0.656071 0.783188 0
0.656071 0.783186 0
0.656065 0.783202 0
0.655851 0.782509 0
0.65871 0.781754 0
0.683221 0.754487 0
0.690749 0.584484 0
0.700665 0.581353 0
0.70053 0.582249 0
0.700235 0.583932 0
0.699584 0.593415 0
0.498294 0.2742 0
0.551977 0.261783 0
0.557193 0.239458 0
0.551669 0.229577 0
0.542369 0.230205 0
0.498818 0.250348 0
0.429905 0.273822 0
0.414019 0.272292 0
0.402465 0.266233 0
0.365156 0.270732 0
0.341544 0.275264 1
0.338086 0.269505 0
0.336279 0.266569 0
0.329375 0.260279 0
0.331113 0.259122 0
0.331798 0.258024 0
0.324034 0.251851 0
0.321576 0.249827 0
0.320863 0.247942 0
0.315648 0.247012 0
0.304609 0.243713 0
0.280724 0.247106 0
0.281231 0.241861 0
0.311235 0.249277 0
0.30094 0.248366 0
0.301054 0.245136 0
0.299454 0.244599 0
0.29884 0.240024 0
0.299414 0.239656 0
0.291958 0.240009 0
0.294871 0.235491 0
0.296291 0.205715 0
0.651219 0.307468 0
0.658811 0.321085 0
0.665874 0.327614 0
0.674894 0.332102 0
0.672016 0.329568 0
0.682156 0.334706 0
0.684375 0.33103 0
0.753815 0.610586 0
0.748404 0.628432 0
0.747454 0.588758 0
0.738021 0.616762 0
0.741056 0.618429 0
0.741461 0.615985 0
0.744631 0.605977 0
0.745946 0.614472 0
0.746288 0.619272 1
0.746328 0.619247 0
0.746429 0.619165 0
0.746658 0.619017 0
0.747233 0.618679 0
0.748237 0.618146 0
0.748098 0.618231 0
0.748445 0.617987 0
0.749258 0.617306 0
0.753472 0.614061 0
0.739743 0.602986 0
0.755709 0.102516 0
0.794501 0.0830316 0
0.854214 0.0146079 0
0.847882 0 0
0.80553 0.0327237 0
0.790126 0.0181921 0
0.77673 0.0266511 0
0.727435 0.117204 0
0.178791 0.129017 0
0.221488 0.18695 0
0.180312 0.18541 0
0.188002 0.182251 0
0.184272 0.200584 0
0.198708 0.225085 0
0.19875 0.240023 0
0.202403 0.25353 0
0.193624 0.266069 0
0.195879 0.278829 0
0.188782 0.287317 0
0.18387 0.297212 0
0.179483 0.30572 0
0.171798 0.317041 0
0.173737 0.330378 0
0.171409 0.339768 0
0.167055 0.350981 0
0.174308 0.366545 0
0.177957 0.378758 1
0.162569 0.393093 0
0.152531 0.405323 0
0.148516 0.419297 0
0.143946 0.425567 0
0.139062 0.439397 0
0.143173 0.446618 0
0.142722 0.455859 0
0.153774 0.461634 0
0.149863 0.48001 0
0.14841 0.492173 0
0.154982 0.502893 0
0.161494 0.517297 0
0.160054 0.526682 0
0.157021 0.533272 0
0.154666 0.546804 0
0.17212 0.542781 0
0.151305 0.58398 0
0.240193 0.482992 0
0.267148 0.461389 0
0.2961 0.446774 0
0.308026 0.439872 0
0 0.76405 0
0.0848715 0.757804 0
0.0707426 0.815516 0
0.0916059 0.806622 0
0.0946322 0.825814 0
0.109174 0.847194 0
0.11175 0.86218 0
0.132276 0.862418 0
0.138934 0.873704 0
0.154683 0.883457 0
0.174646 0.887213 0
0.191537 0.892608 0
0.210435 0.89554 0
0.225937 0.904874 0
0.250879 0.904297 0
0.266742 0.898878 1
0.272292 0.911297 0
0.283518 0.917537 0
0.293477 0.916991 0
0.303118 0.924979 0
0.31282 0.943567 0
0.321416 0.964027 0
0.335798 1 0
0.341032 0.980595 0
0.341079 0.950536 0
0.365043 0.989576 0
0.368804 0.972183 0
0.379168 0.974588 0
0.391453 0.983815 0
0.406135 0.988118 0
0.414408 0.989761 0
0.424311 0.985027 0
0.443265 0.997085 0
0.460758 0.994102 0
0.467329 0.988945 0
0.479715 0.991788 0
0.489163 0.984407 0
0.504531 0.9856 0
0.5143 0.979575 0
0.522475 0.974439 0
0.532393 0.961447 0
0.537762 0.954791 0
0.539968 0.953763 0
0.555623 0.93694 0
0.589275 0.90291 0
0.593045 0.880274 0
0.598479 0.848906 0
0.628994 0.803925 0
0.62509 0.799519 0
0.626258 0.796683 0
0.625848 0.794719 0
0.62638 0.793159 1
0.623405 0.792364 0
0.621415 0.791504 0
0.618432 0.791194 0
0.617944 0.790817 0
0.592965 0.80122 0
0.613014 0.573873 0
0.600426 0.537821 0
0.592173 0.527358 0
0.588081 0.526524 0
0.587066 0.529991 0
0.584913 0.527308 0
0.58586 0.534155 0
0.57991 0.520502 0
0.576014 0.514052 0
0.573545 0.511703 0
0.571104 0.50994 0
0.569004 0.507126 0
0.567493 0.511654 0
0.562742 0.499203 0
0.559825 0.496667 0
0.554976 0.492226 0
0.552786 0.49055 0
0.550829 0.489841 0
0.547363 0.491123 0
0.545933 0.4958 0
0.541131 0.498717 0
0.538386 0.500055 0
0.536829 0.501948 0
0.53573 0.502693 0
0.535248 0.50432 0
0.533995 0.504537 0
0.531646 0.505271 0
0.530447 0.50594 0
0.530561 0.506247 0
0.529813 0.506584 0
0.529397 0.507057 0
0.529096 0.507292 1
0.523934 0.509613 0
0.519363 0.508088 0
0.514866 0.50938 0
0.510462 0.509962 0
0.504245 0.51386 0
0.498235 0.513707 0
0.488607 0.515096 0
0.483527 0.517701 0
0.473141 0.521254 0
0.461294 0.525249 0
0.448945 0.527932 0
0.427225 0.534502 0
0.421428 0.538035 0
0.41637 0.540441 0
0.413216 0.542137 0
0.415479 0.543012 0
0.414045 0.543166 0
0.414744 0.54303 0
0.413007 0.543097 0
0.409045 0.544334 0
0.411214 0.539667 0
0.415603 0.538446 0
0.419558 0.534528 0
0.413478 0.531128 0
0.396374 0.538494 0
0.389316 0.544636 0
0.384413 0.54833 0
0.384049 0.548748 0
0.384027 0.548748 0
0.383905 0.548543 0
0.382771 0.547108 0
0.382766 0.54814 0
0.382576 0.547961 0
0.382809 0.548667 0
0.382652 0.548769 0
0.383349 0.549139 0
0.384023 0.54878 1
0.385572 0.549584 0
0.388171 0.550678 0
0.388951 0.550297 0
0.394738 0.552315 0
0.39922 0.552204 0
0.403246 0.552859 0
0.406218 0.553799 0
0.409718 0.553348 0
0.411422 0.554182 0
0.411212 0.554617 0
0.412593 0.556345 0
0.412039 0.557469 0
0.41664 0.55772 0
0.417025 0.558555 0
0.415756 0.559281 0
0.415624 0.559617 0
0.415129 0.560078 0
0.416405 0.55956 0
0.419801 0.559581 0
0.419077 0.559772 0
0.419138 0.559831 0
0.423021 0.561285 0
0.424388 0.561323 0
0.426331 0.561509 0
0.426543 0.562021 0
0.427068 0.562436 0
0.429338 0.564257 0
0.435589 0.56426 0
0.435404 0.563798 0
0.433535 0.5642 0
0.434146 0.564674 0
0.431016 0.565959 0
0.44585 0.576718 0
0.42741 0.807631 0
0.461066 0.807004 0
0.459314 0.804922 0
0.459674 0.80535 1
0.458726 0.805705 0
0.458603 0.804909 0
0.457126 0.803713 0
0.455225 0.802983 0
0.453766 0.802085 0
0.452509 0.802013 0
0.449557 0.800933 0
0.447319 0.799086 0
0.448502 0.799415 0
0.446451 0.798583 0
0.444475 0.796836 0
0.438154 0.791835 0
0.429382 0.788596 0
0.418217 0.781958 0
0.418413 0.783033 0
0.412122 0.779762 0
0.406183 0.778335 0
0.394569 0.775438 0
0.390777 0.77374 0
0.388956 0.774042 0
0.389456 0.775047 0
0.388678 0.775387 0
0.387457 0.774884 0
0.388811 0.777019 0
0.388047 0.776781 0
0.387508 0.775971 0
0.38769 0.776359 0
0.38755 0.776107 0
0.387512 0.77581 0
0.387565 0.775234 0
0.387815 0.774518 0
0.388012 0.774364 0
0.387893 0.774432 0
0.388109 0.773191 0
0.388038 0.772949 0
0.388431 0.772718 0
0.388519 0.771786 1
0.388554 0.771816 0
0.389247 0.771798 0
0.390057 0.772581 0
0.393535 0.775422 0
0.393427 0.77428 0
0.394082 0.774049 0
0.395924 0.773445 0
0.397839 0.774979 0
0.403662 0.779709 0
0.40859 0.781902 0
0.407262 0.78074 0
0.412396 0.783819 0
0.413021 0.783829 0
0.414132 0.785315 0
0.41497 0.785772 0
0.417861 0.787613 0
0.418225 0.788462 0
0.417552 0.787285 0
0.415646 0.78557 0
0.420156 0.789271 0
0.403193 0.780638 0
0.390608 0.761868 0
0.391333 0.762612 0
0.391506 0.761813 0
0.392674 0.762079 0
0.393891 0.761683 0
0.394679 0.761613 0
0.394951 0.760474 0
0.387849 0.756541 0
0.41894 0.777124 0
0.389522 0.761232 0
0.391939 0.757618 0
0.391635 0.757901 0
0.391487 0.757564 0
0.390873 0.758144 0
0.391339 0.757232 0
0.391375 0.756767 1
0.391406 0.756689 0
0.391488 0.75635 0
0.391432 0.755946 0
0.391475 0.755289 0
0.391685 0.755804 0
0.392118 0.75554 0
0.392897 0.754306 0
0.393188 0.753689 0
0.392085 0.753176 0
0.391921 0.751983 0
0.391778 0.750323 0
0.391458 0.748814 0
0.390122 0.748144 0
0.390892 0.746056 0
0.391305 0.744476 0
0.39014 0.742106 0
0.389198 0.739575 0
0.387519 0.737829 0
0.387459 0.73612 0
0.388037 0.73477 0
0.38847 0.732169 0
0.387584 0.730305 0
0.386446 0.727709 0
0.386082 0.725105 0
0.387257 0.723339 0
0.38729 0.720303 0
0.387675 0.717281 0
0.380652 0.716997 0
0.50275 0.624951 0
0.486352 0.61916 0
0.486684 0.622515 0
0.486299 0.625237 0
0.486557 0.626669 0
0.486658 0.629003 0
0.486233 0.631624 0
0.48513 0.633039 0
0.485191 0.633324 1
0.485285 0.635559 0
0.485826 0.635234 0
0.487139 0.636106 0
0.486692 0.638379 0
0.48493 0.637971 0
0.484272 0.639284 0
0.482792 0.639494 0
0.482566 0.641152 0
0.482111 0.642166 0
0.47986 0.641802 0
0.479423 0.642891 0
0.477852 0.643041 0
0.478684 0.645959 0
0.477472 0.646072 0
0.476989 0.64707 0
0.475615 0.647427 0
0.474598 0.647712 0
0.473596 0.64841 0
0.473217 0.649238 0
0.471805 0.649775 0
0.470728 0.650528 0
0.469893 0.651112 0
0.469024 0.651714 0
0.467487 0.652756 0
0.466614 0.653327 0
0.465351 0.653743 0
0.464115 0.654149 0
0.463066 0.655036 0
0.461919 0.656183 0
0.458128 0.654753 0
0.455952 0.654657 0
0.456496 0.656517 0
0.456371 0.658304 0
0.455433 0.659832 0
0.455056 0.661222 0
0.455091 0.664319 0
0.453187 0.663169 1
