0.521826 0.375221 1
0.523293 0.374806 0
0.527226 0.374985 0
0.533941 0.372732 0
0.538563 0.369183 0
0.54246 0.364631 0
0.532096 0.355197 0
0.535748 0.350141 0
0.542517 0.346974 0
0.549211 0.340675 0
0.548483 0.335444 0
0.546067 0.327468 0
0.545944 0.321105 0
0.532274 0.326057 0
0.529253 0.322972 0
0.532771 0.315348 0
0.533821 0.305099 0
0.530251 0.299714 1
0.521579 0.297934 0
0.513907 0.31086 0
0.511312 0.299133 0
0.502914 0.307202 0
0.155554 0.359581 1
0.495266 0.320776 0
0.490169 0.323669 0
0.48324 0.324374 0
0.476152 0.322587 0
0.472322 0.318332 0
0.475098 0.308661 0
0.473821 0.301317 0
0.468379 0.299495 0
0.459104 0.303155 0
0.453335 0.300569 0
0.449626 0.294415 1
0.448403 0.28583 0
0.448752 0.278697 0
0.451793 0.273298 0
0.457162 0.268481 0
0.463202 0.263354 0
0.465151 0.258201 0
0.467369 0.249209 0
0.463129 0.245288 0
0.46059 0.239126 0
0.456745 0.234585 0
0.451312 0.232344 0
0.441703 0.234307 0
0.434155 0.233954 0
0.42901 0.231239 0
0.425416 0.227093 0
0.423956 0.220967 0
0.424179 0.215467 0
0.425511 0.210954 1
0.431175 0.201239 0
0.429481 0.189949 0
0.427032 0.179467 0
0.424718 0.1705 0
0.422527 0.162193 0
0.420066 0.152901 0
0.416857 0.140503 1
0.414842 0.132841 0
0.413064 0.126441 0
0.410923 0.12012 0
0.408913 0.114095 0
0.406342 0.106786 0
0.405224 0.100034 0
0.40674 0.0939438 0
0.409604 0.0904765 0
0.416253 0.0815584 0
0.416507 0.0795527 1
0.414381 0.0712909 0
0.409842 0.0646178 0
0.40312 0.0594985 0
0.394674 0.0551738 0
0.392778 0.0488122 0
0.39271 0.0427882 0
0.398208 0.0377273 0
0.398468 0.031147 1
0.397896 0.0242412 0
0.395557 0.0178723 0
0.392543 0.0117121 0
0.387487 0.00943157 0
0.37934 0.0115761 0
0.374418 0.0102927 0
0.373332 0.00281048 0
0.364769 0.000541056 0
0.360233 0.000938364 0
0.348002 0 1
0.349568 0.00875745 0
0.349622 0.0137209 0
0.349122 0.019482 0
0.335947 0.0221294 0
0.334106 0.0255588 0
0.325652 0.0407566 1
0.284962 0.041219 1
0.317496 0.0324235 0
0.315747 0.0259373 0
0.306378 0.0223352 0
0.302364 0.0172351 0
0.297063 0.0124829 0
0.293135 0.00770321 1
0.285767 0.00474458 0
0.278002 0.0095428 0
0.272846 0.0149677 0
0.266849 0.016939 0
0.261838 0.0212412 0
0.259034 0.0259912 0
0.257331 0.0300389 0
0.257904 0.0387171 0
0.254853 0.0453889 0
0.254658 0.0534061 1
0.250463 0.0595259 0
0.24452 0.0639331 0
0.235083 0.0709151 0
0.230623 0.0739279 0
0.22512 0.0780999 0
0.218989 0.0822932 0
0.212807 0.0871084 0
0.207253 0.0909599 0
0.201282 0.0958445 0
0.196177 0.0997926 0
0.190128 0.104716 0
0.184638 0.109108 0
0.179744 0.112452 0
0.175086 0.115399 0
0.166504 0.120456 0
0.162045 0.123378 0
0.154318 0.133204 1
0.148215 0.133529 0
0.14122 0.136287 0
0.134884 0.136955 0
0.126606 0.133393 0
0.119666 0.127945 0
0.114165 0.128238 0
0.112215 0.140718 0
0.108155 0.145951 0
0.101602 0.146856 0
0.0923558 0.135383 0
0.0865019 0.134343 0
0.08264 0.137814 0
0.0771228 0.142738 0
0.0802939 0.154814 0
0.0771601 0.158324 0
0.0766468 0.170558 0
0.0654278 0.167628 0
0.0544627 0.155689 1
0.0515197 0.157308 0
0.0482775 0.163491 0
0.0475083 0.172537 0
0.0479124 0.178167 0
0.0425467 0.185454 0
0.0431061 0.19071 0
0.0527399 0.191791 0
0.0534255 0.199544 0
0.0620673 0.19576 0
0.0690299 0.197132 0
0.0647661 0.209098 0
0.0642078 0.218556 0
0.0693502 0.2189 0
0.0775853 0.225482 1
0.0827908 0.217194 0
0.0892536 0.21646 0
0.0939716 0.216767 0
0.100499 0.213143 0
0.108325 0.216455 0
0.113326 0.220318 0
0.119124 0.223983 0
0.12369 0.230979 0
0.128983 0.23262 0
0.135304 0.236413 0
0.139853 0.241986 0
0.14454 0.245632 1
0.147889 0.248148 0
0.166056 0.25575 0
0.177901 0.257046 0
0.181001 0.258909 1
0.182532 0.26366 0
0.18194 0.274926 0
0.183949 0.28468 1
0.186818 0.292796 0
0.190006 0.298192 0
0.192929 0.302821 0
0.196235 0.309012 0
0.199835 0.315869 0
0.202849 0.321213 1
0.204424 0.325849 0
0.206881 0.33284 0
0.208139 0.34156 0
0.208172 0.348447 0
0.207539 0.353921 0
0.20657 0.360041 0
0.207071 0.367152 1
0.210847 0.375359 0
0.215293 0.382535 0
0.21585 0.391226 0
0.211143 0.392181 0
0.213785 0.40827 0
0.208228 0.410365 0
0.201015 0.413908 0
0.194695 0.419665 0
0.193889 0.427201 0
0.19219 0.434193 0
0.189311 0.441828 1
0.191823 0.451749 0
0.187274 0.459737 0
0.187692 0.466966 0
0.185067 0.470161 0
0.186191 0.477022 0
0.186295 0.484127 0
0.178804 0.488804 0
0.17512 0.495295 0
0.175568 0.500654 0
0.175068 0.507949 0
0.177965 0.514803 0
0.177754 0.520819 0
0.173571 0.526077 0
0.164495 0.528531 0
0.160602 0.532721 0
0.159025 0.53946 0
0.161649 0.546988 0
0.166643 0.554941 0
0.166721 0.560188 0
0.164294 0.566701 0
0.160232 0.572305 0
0.154827 0.576404 0
0.148207 0.580742 0
0.143205 0.586922 1
0.14215 0.592264 0
0.143292 0.59858 0
0.145701 0.605728 0
0.150661 0.611407 0
0.156852 0.613301 0
0.165125 0.614335 0
0.172187 0.617948 0
0.177074 0.623327 0
0.177926 0.628594 0
0.173656 0.635255 0
0.167374 0.641019 0
0.163574 0.646791 0
0.163414 0.653494 0
0.166339 0.659442 1
0.17423 0.662973 0
0.181147 0.665597 0
0.182839 0.671443 0
0.18257 0.679158 0
0.186147 0.686903 0
0.191706 0.690453 0
0.200088 0.691008 0
0.206009 0.688531 0
0.212301 0.682695 0
0.217589 0.680406 0
0.224013 0.680261 0
0.229976 0.683384 1
0.233938 0.687895 0
0.239291 0.693955 0
0.241713 0.701944 0
0.246688 0.711455 0
0.260359 0.717139 0
0.261069 0.710134 0
0.267253 0.706714 0
0.27564 0.70546 0
0.282577 0.705982 0
0.287853 0.706307 0
0.295629 0.706766 0
0.304918 0.707431 0
0.313019 0.707992 0
0.319968 0.708055 0
0.326763 0.707662 0
0.334443 0.708133 0
0.340605 0.713937 0
0.348808 0.718316 0
0.362232 0.718162 0
0.337829 0.727849 1
0.390549 0.719178 1
0.372535 0.715996 0
0.37533 0.706574 0
0.378224 0.69973 0
0.381388 0.693858 0
0.386626 0.686234 0
0.393411 0.680582 0
0.394775 0.6795 1
0.403713 0.702837 0
0.410403 0.702725 0
0.38743 0.696889 1
0.416893 0.695047 0
0.42106 0.69191 0
0.431211 0.692014 1
0.43973 0.697726 0
0.439744 0.704567 0
0.441503 0.714549 0
0.431917 0.720457 0
0.433685 0.727259 0
0.438339 0.731528 0
0.445187 0.733329 0
0.454675 0.729592 0
0.461916 0.730072 0
0.467886 0.732996 1
0.471561 0.739376 0
0.473887 0.748376 0
0.475831 0.756327 0
0.478395 0.764235 0
0.480541 0.772006 0
0.480588 0.779098 0
0.476809 0.78447 0
0.471251 0.789216 0
0.466559 0.794391 0
0.467685 0.800218 0
0.471024 0.805073 0
0.489699 0.805712 0
0.48314 0.811665 0
0.476218 0.819008 1
0.485657 0.828275 0
0.482642 0.830957 0
0.475386 0.835739 0
0.470224 0.838503 0
0.455447 0.838261 0
0.457609 0.844064 0
0.455451 0.850037 0
0.452267 0.858981 0
0.448184 0.862408 0
0.431614 0.859313 0
0.42975 0.863283 1
0.427925 0.866676 0
0.432734 0.88157 0
0.420942 0.879554 0
0.427858 0.894163 0
0.424273 0.898617 0
0.418306 0.899606 0
0.411429 0.900559 0
0.401677 0.898801 0
0.396646 0.90426 0
0.397806 0.914747 0
0.397041 0.923396 0
0.394219 0.926174 0
0.394486 0.93521 1
0.37946 0.938145 0
0.376587 0.932324 0
0.366276 0.925812 0
0.358741 0.925019 0
0.36279 0.939582 0
0.352912 0.932483 0
0.351614 0.939522 0
0.337331 0.923815 0
0.332883 0.926436 0
0.326624 0.931375 0
0.326429 0.942604 0
0.320405 0.9443 0
0.319737 0.95011 0
0.320708 0.955976 0
0.32522 0.963397 0
0.329918 0.96991 0
0.334793 0.978224 0
0.330262 0.985439 0
0.326538 0.988828 0
0.323413 0.991744 0
0.321307 0.996832 0
0.309341 0.989179 0
0.303376 0.981037 0
0.29825 0.986628 0
0.300448 0.996404 0
0.290172 1 0
0.284863 0.996135 0
0.284676 0.988336 0
0.271964 0.988392 0
0.27484 0.982859 0
0.270926 0.977023 1
0.268831 0.971059 0
0.274096 0.965265 0
0.272986 0.953326 0
0.267529 0.946426 0
0.265593 0.94036 0
0.26392 0.93329 0
0.260662 0.92876 0
0.254503 0.924503 0
0.248336 0.921919 0
0.242061 0.917614 0
0.234505 0.918353 0
0.225692 0.916655 0
0.219635 0.926311 0
0.210541 0.930732 0
0.189718 0.929402 0
0.193848 0.924781 0
0.185969 0.924724 0
0.182833 0.916414 0
0.180549 0.911774 0
0.17293 0.90736 0
0.169342 0.900341 0
0.169459 0.894184 1
0.15898 0.890821 0
0.152421 0.888874 0
0.147205 0.888677 0
0.135033 0.881535 0
0.133547 0.882824 0
0.125319 0.884235 0
0.121897 0.888606 0
0.112701 0.890807 0
0.106418 0.894738 0
0.0995511 0.895712 0
0.0930778 0.89525 0
0.0871994 0.893849 1
0.0811046 0.8907 0
0.0776392 0.879391 0
0.0708677 0.872412 0
0.0661986 0.871945 0
0.0572216 0.876289 0
0.0548524 0.878464 0
0.0516917 0.882576 0
0.0406084 0.882184 0
0.0383775 0.877934 0
0.0295036 0.873293 0
0.0273632 0.867696 0
0.0290674 0.856216 0
0.0235615 0.859487 0
0.0115491 0.865409 0
0.0120317 0.856983 0
0.00922508 0.852263 0
0.00182517 0.851204 0
0.0030542 0.854541 0
0.0134153 0.840573 0
0.0373559 0.812127 0
0.0407952 0.82351 1
0.0347311 0.823781 0
0.0289538 0.820203 0
0.0290038 0.80816 0
0.0279117 0.803512 0
0.0258918 0.806712 0
0.0174268 0.804402 0
0.00421712 0.807915 0
0 0.803432 0
0.00223831 0.796088 0
0.00130795 0.789762 0
0.00424085 0.782567 0
0.0102511 0.777178 0
0.0138575 0.773966 0
0.0191085 0.769963 1
