0.723391 0.127885 1
0.721912 0.127163 0
0.723196 0.127262 0
0.723785 0.127732 0
0.723426 0.127853 0
0.723396 0.127882 0
0.723407 0.127876 0
0.72351 0.127894 0
0.723927 0.127795 0
0.724003 0.127799 0
0.72337 0.127886 0
0.723432 0.127878 0
0.723627 0.127958 0
0.723815 0.128065 0
0.724103 0.127979 0
0.724356 0.128037 0
0.724489 0.128254 0
0.724407 0.128277 0
0.724271 0.128174 0
0.723995 0.128154 0
0.723875 0.128149 0
0.723751 0.128114 0
0.72346 0.127942 0
0.723442 0.127901 0
0.723501 0.127915 0
0.723395 0.12789 0
0.72339 0.127885 0
0.723391 0.127886 0
0.723391 0.127885 0
0.723391 0.127885 0
0.723391 0.127885 0
0.723391 0.127885 0
0.723391 0.127885 0
0.723391 0.127885 0
0.723391 0.127885 0
0.723391 0.127885 0
0.723391 0.127885 0
0.723391 0.127885 0
0.723391 0.127885 0
0.723391 0.127885 0
0.723391 0.127885 0
0.723391 0.127885 0
0.723391 0.127886 0
0.72339 0.127886 0
0.72339 0.127884 0
0.723382 0.12786 0
0.724098 0.129643 0
0.725616 0.13341 0
0.729002 0.140451 0
0.733362 0.147636 0
0.734212 0.160614 0
0.735592 0.167736 0
0.739242 0.175072 0
0.736678 0.183972 0
0.743772 0.183784 0
0.733746 0.213866 0
0.725744 0.228682 0
0.723974 0.2357 0
0.722654 0.2443 0
0.719799 0.247256 0
0.715374 0.252387 0
0.711345 0.256642 0
0.710467 0.261364 0
0.703806 0.266263 0
0.699132 0.275112 0
0.698041 0.285971 0
0.693235 0.293436 0
0.685018 0.298767 0
0.682117 0.306187 0
0.676165 0.316821 0
0.66708 0.320673 0
0.658425 0.32989 0
0.655602 0.337975 0
0.646991 0.34528 0
0.639872 0.34584 0
0.631241 0.355493 0
0.6234 0.360313 0
0.616279 0.36587 0
0.610983 0.368643 0
0.608209 0.370675 0
0.601145 0.371011 0
0.595812 0.376034 0
0.584988 0.377318 0
0.575702 0.381039 0
0.57174 0.382492 0
0.565224 0.382437 0
0.557917 0.383278 0
0.549393 0.382856 0
0.5437 0.382433 0
0.536452 0.382095 0
0.530334 0.382373 0
0.518761 0.382189 0
0.509687 0.377465 0
0.503918 0.377201 0
0.497417 0.377801 0
0.4916 0.377729 0
0.485484 0.375134 0
0.481146 0.373728 0
0.476957 0.372935 0
0.467425 0.371655 0
0.460021 0.369526 0
0.450566 0.368464 0
0.437755 0.364415 0
0.427967 0.364338 0
0.419707 0.361888 0
0.413872 0.360293 0
0.401743 0.357009 0
0.393548 0.358533 0
0.379158 0.354014 0
0.367852 0.348539 0
0.361574 0.347176 0
0.350387 0.343115 0
0.340393 0.341892 0
0.334473 0.339965 0
0.322247 0.337357 0
0.311124 0.328958 1
0.297051 0.325929 1
0.283935 0.32248 1
0.27816 0.321677 0
0.270147 0.321721 0
0.264551 0.322977 0
0.25815 0.322796 0
0.252228 0.321713 0
0.24512 0.320097 0
0.240872 0.318346 0
0.234693 0.312083 0
0.229457 0.312505 0
0.222016 0.308292 0
0.221476 0.30539 0
0.215282 0.299167 0
0.211621 0.29524 0
0.206524 0.292044 0
0.204116 0.288807 0
0.200196 0.285411 0
0.194814 0.280258 0
0.190903 0.276707 0
0.186359 0.272918 0
0.18226 0.268782 0
0.176819 0.263557 0
0.171878 0.260827 0
0.167776 0.252436 0
0.162446 0.247685 0
0.157595 0.242301 0
0.152191 0.236041 0
0.146561 0.228168 0
0.143148 0.222696 0
0.137041 0.217675 0
0.131561 0.212226 0
0.125594 0.212707 0
0.119098 0.209153 0
0.115358 0.20383 0
0.108715 0.200273 0
0.103922 0.198322 0
0.0992358 0.197999 0
0.0953866 0.19437 0
0.0886882 0.192261 0
0.0819775 0.190734 0
0.0806571 0.188774 0
0.0759948 0.19083 0
0.0718904 0.189682 0
0.0651976 0.193237 0
0.0604965 0.194957 0
0.0496159 0.194996 0
0.0476676 0.19498 0
0.0452287 0.191906 0
0.0396413 0.192234 0
0.0337215 0.189934 0
0.0308755 0.19137 0
0.0253759 0.191477 0
0.0221151 0.185273 0
0.0166994 0.18366 0
0.00869428 0.178062 0
0.00691105 0.180932 0
0.00550371 0.18242 0
0.00338791 0.18036 0
0.00391385 0.181313 0
0.00284855 0.180963 0
0.0056121 0.185382 0
0.00549894 0.18482 0
0.00624128 0.185733 0
0.00816437 0.188485 0
0.00868936 0.189677 0
0.00849324 0.189668 0
0.00611062 0.190252 0
0.00637803 0.191796 0
0.00652937 0.192509 1
0.00373093 0.190589 0
0.00343844 0.189978 0
0.00151676 0.188634 0
0 0.195956 0
0.00365787 0.184993 0
0.00695956 0.183453 0
0.00981116 0.181311 0
0.0110579 0.176785 0
0.016809 0.179173 0
0.0225237 0.18508 0
0.0258092 0.184624 0
0.0311824 0.185299 0
0.0384547 0.187942 0
0.042109 0.191457 0
0.0509826 0.187562 0
0.0587413 0.177522 0
0.0654951 0.172592 0
0.069691 0.181826 0
0.082108 0.171861 0
0.0878541 0.177801 0
0.0963351 0.1756 0
0.103144 0.18152 0
0.113906 0.17933 0
0.121154 0.184555 0
0.124661 0.199116 0
0.135778 0.196691 0
0.142573 0.200994 0
0.143038 0.218722 0
0.147449 0.223208 0
0.151879 0.221572 0
0.158346 0.224944 0
0.163059 0.229483 0
0.166807 0.234807 0
0.172341 0.235398 0
0.175032 0.237156 0
0.178251 0.243657 0
0.182558 0.248771 0
0.186046 0.253802 0
0.191269 0.254788 0
0.191528 0.265985 0
0.195334 0.270183 0
0.203645 0.274759 0
0.209017 0.277963 0
0.211781 0.274366 0
0.216207 0.272912 0
0.219701 0.279984 0
0.225314 0.282038 0
0.228577 0.283909 0
0.234744 0.285559 0
0.239098 0.289066 0
0.244227 0.289231 0
0.247347 0.291489 0
0.253137 0.293109 0
0.266159 0.288284 0
0.266447 0.284764 0
0.269672 0.288903 0
0.276227 0.290222 0
0.270879 0.284058 0
0.298802 0.312536 0
0.294656 0.319886 0
0.294472 0.319879 0
0.294424 0.319851 0
0.294563 0.32013 0
0.294579 0.320152 0
0.294575 0.320156 0
0.294575 0.320159 1
0.298727 0.326537 1
0.329418 0.299759 0
0.329954 0.305202 0
0.336151 0.297988 0
0.332266 0.304629 0
0.335595 0.301106 0
0.336434 0.302009 0
0.33846 0.300724 0
0.345072 0.29633 0
0.34621 0.296755 0
0.350442 0.29484 0
0.351177 0.294295 0
0.358297 0.290786 0
0.365723 0.287656 0
0.369337 0.288173 0
0.371895 0.287341 0
0.37699 0.2855 0
0.38209 0.285783 0
0.385238 0.286493 0
0.392872 0.286143 0
0.400634 0.290772 0
0.411726 0.28811 0
0.423273 0.295224 0
0.430268 0.29708 0
0.441849 0.29916 0
0.450103 0.309823 0
0.462329 0.310337 0
0.476983 0.322475 0
0.485553 0.326098 0
0.494209 0.328749 0
0.504588 0.333474 0
0.509072 0.333851 0
0.521373 0.334155 0
0.528549 0.336866 0
0.534728 0.338741 0
0.541452 0.338997 0
0.555239 0.342723 0
0.560143 0.342758 0
0.564089 0.34598 0
0.569746 0.344931 0
0.57685 0.346558 0
0.585434 0.34482 0
0.588819 0.34744 0
0.596211 0.343761 0
0.602356 0.344185 0
0.60884 0.338721 0
0.616149 0.336144 0
0.620095 0.333439 0
0.625691 0.328584 0
0.628582 0.340664 0
0.697165 0.416878 0
0.709168 0.412204 0
0.732856 0.397669 0
0.750296 0.384823 0
0.76319 0.37523 0
0.73874 0.395109 0
0.74234 0.392546 0
0.754957 0.380304 0
0.756963 0.380664 0
0.786358 0.340751 0
0.778092 0.350952 0
0.75549 0.381122 0
0.802217 0.313409 0
0.815011 0.294738 0
0.818341 0.289466 0
0.81764 0.289202 0
0.818354 0.285943 0
0.820768 0.273918 0
0.823718 0.268617 0
0.825094 0.263542 0
0.829553 0.253364 0
0.832103 0.24974 0
0.831357 0.251932 0
0.828116 0.259845 0
0.826163 0.26387 0
0.824357 0.266871 0
0.82786 0.262687 0
0.826785 0.265653 0
0.824577 0.268368 0
0.827411 0.268016 0
0.828495 0.267112 0
0.809083 0.29981 0
0.815082 0.295962 0
0.816394 0.297634 0
0.807742 0.311527 0
0.793022 0.338051 0
0.787182 0.347398 0
0.787488 0.34739 0
0.790386 0.346066 0
0.799206 0.345385 0
0.802176 0.347598 0
0.805447 0.351232 0
0.814086 0.349971 0
0.829706 0.345225 0
0.834595 0.358219 0
0.8419 0.362536 0
0.860131 0.364252 0
0.883258 0.36433 0
0.870337 0.382981 0
0.8677 0.3934 0
0.87038 0.399208 0
0.871169 0.406656 0
0.873397 0.414574 0
0.876327 0.421143 0
0.88019 0.426039 0
0.882417 0.434662 0
0.889866 0.442579 0
0.883386 0.46027 0
0.89034 0.469267 0
0.895776 0.474368 0
0.907133 0.468923 0
0.904166 0.485239 0
0.907189 0.499276 0
0.918678 0.494739 0
0.923198 0.501776 0
0.921771 0.514749 0
0.919915 0.531291 0
0.926713 0.541024 0
0.928308 0.548205 0
0.931436 0.557693 0
0.927973 0.571644 0
0.93262 0.585424 0
0.929579 0.593891 0
0.930721 0.60449 0
0.92159 0.625437 0
0.903083 0.643411 0
0.900334 0.659501 0
0.909798 0.659632 0
0.903819 0.673818 0
0.899671 0.685649 0
0.897223 0.694844 0
0.891994 0.703641 0
0.891518 0.725745 0
0.821379 0.782052 1
0.851699 0.762316 0
0.859579 0.748194 0
0.862898 0.749187 0
0.859635 0.753745 0
0.86688 0.754202 0
0.869994 0.752139 0
0.868475 0.756455 0
0.867192 0.759835 0
0.873373 0.755682 0
0.876182 0.755473 0
0.876054 0.756861 0
0.874342 0.754262 0
0.875263 0.752213 0
0.874844 0.756608 0
0.872546 0.753248 0
0.875337 0.746373 0
0.879295 0.742573 0
0.881034 0.739778 0
0.880846 0.738089 0
0.879297 0.731562 0
0.876909 0.723152 0
0.871624 0.717839 0
0.870846 0.714328 0
0.866083 0.719084 0
0.858156 0.724703 0
0.874009 0.715405 0
0.882319 0.693547 0
0.888099 0.674566 0
0.888557 0.671998 0
0.879418 0.661676 0
0.892483 0.649276 0
0.901764 0.647884 0
0.89413 0.650434 0
0.892185 0.653559 0
0.891915 0.654773 0
0.905609 0.647693 0
0.907459 0.642183 0
0.901757 0.646515 0
0.896298 0.64726 0
0.898436 0.640831 0
0.901608 0.6325 0
0.898265 0.636419 0
0.899661 0.632282 0
0.898651 0.627419 0
0.896758 0.63725 0
0.894992 0.626487 0
0.887316 0.668618 0
0.900511 0.653762 0
0.918214 0.631597 0
0.927575 0.624454 0
0.93519 0.609473 0
0.943442 0.600412 0
0.966318 0.593278 0
0.987061 0.573847 0
0.999461 0.560158 0
1 0.555883 0
0.994145 0.555149 0
0.989022 0.547206 0
0.987522 0.534402 0
0.973006 0.526515 0
0.959157 0.525519 0
0.960224 0.516762 0
0.960265 0.505943 0
0.960765 0.496177 0
0.956394 0.493657 0
0.957849 0.487416 0
0.961047 0.481696 0
0.962833 0.463798 0
0.968266 0.439634 0
0.963278 0.421275 0
0.953711 0.407839 0
0.947829 0.388315 0
0.93673 0.377688 0
0.939811 0.350226 0
0.933484 0.336655 0
0.934298 0.322611 0
0.930526 0.319025 0
0.928754 0.303637 0
0.921855 0.306103 0
0.918893 0.305485 0
0.919178 0.300656 0
0.917849 0.297708 0
0.916989 0.285134 0
0.916007 0.279025 0
0.91544 0.280069 0
0.913691 0.265893 0
0.912794 0.257436 0
0.910229 0.245494 0
0.906123 0.239975 0
0.901338 0.24271 0
0.899185 0.244348 0
0.898105 0.234128 0
0.891956 0.227722 0
0.886788 0.222757 0
0.879092 0.222379 0
0.877661 0.206894 0
0.868443 0.2004 0
0.865666 0.191548 0
0.860102 0.18695 0
0.856798 0.185692 0
0.849371 0.167208 0
0.854729 0.171351 0
0.847273 0.164192 0
0.846381 0.161935 0
0.843008 0.156087 0
0.843921 0.153247 0
0.841135 0.143708 0
0.842362 0.145906 0
0.842989 0.142879 0
0.84218 0.139061 0
0.841553 0.137653 0
0.841417 0.136088 0
0.841641 0.135439 0
0.840705 0.133385 0
0.840593 0.132416 0
0.840608 0.132295 0
0.841007 0.133768 0
0.839565 0.129572 0
0.839835 0.130235 0
0.839715 0.129686 0
0.839281 0.129071 1
0.836046 0.116619 0
0.838371 0.116368 1
0.842528 0.0855857 0
0.837166 0.134069 0
0.834481 0.0930451 0
0.837152 0.0952397 1
0.837171 0.0952106 0
0.837032 0.0951378 0
0.837143 0.095247 0
0.837157 0.0952275 0
0.837082 0.0950601 0
0.838374 0.0952681 0
0.847163 0.0747798 0
0.846217 0.0745613 1
0.844729 0.0676471 1
0.844615 0.0675254 0
0.844404 0.0672265 0
0.844184 0.0669136 0
0.843959 0.0664289 0
0.843328 0.0659599 0
0.843277 0.0656432 0
0.843063 0.065224 0
0.842735 0.0647789 0
0.842884 0.0642349 0
0.84306 0.0640703 0
0.84287 0.0631989 0
0.843693 0.0626028 0
0.844337 0.0622436 0
0.841469 0.0577152 0
0.843629 0.0593487 0
0.844222 0.0604626 0
0.844065 0.0610885 0
0.84505 0.0619078 0
0.844718 0.0588934 0
0.844495 0.0520353 0
0.845034 0.0428145 0
0.844557 0.0408622 0
0.849247 0.0232567 0
0.848466 0.0154436 0
0.850645 0.0121487 0
0.847598 0.00448274 0
0.850389 0.00970988 0
0.853292 0.0112227 0
0.85415 0.0129653 0
0.855875 0.00524416 0
0.856967 0 0
0.859074 0.00486914 0
0.861234 0.0121916 0
0.862436 0.0107172 0
0.865599 0.0117921 0
0.864775 0.0278798 0
0.866028 0.0323679 0
0.868424 0.0325878 0
0.865319 0.0418755 0
0.861227 0.0509322 0
0.865684 0.0464795 0
0.860432 0.0528049 0
0.861446 0.0552631 0
0.858848 0.0592881 0
0.856859 0.0616883 0
0.85458 0.0632602 0
0.852562 0.0653671 0
0.851856 0.0662087 0
0.85238 0.0661734 0
0.851739 0.0666134 0
0.851953 0.066666 0
0.85164 0.0670452 0
0.851995 0.067388 0
0.852642 0.0681938 0
0.851817 0.0682232 0
0.851785 0.0686911 0
0.851825 0.0691395 0
0.849599 0.0688414 0
0.851497 0.0691532 0
0.849801 0.068813 0
0.849613 0.0690071 0
0.85052 0.0691737 0
0.849625 0.0692083 0
0.850588 0.0694609 0
0.849497 0.0694813 0
0.849609 0.0704627 0
0.850055 0.070003 0
0.849332 0.0702201 0
0.848854 0.0693349 0
0.867855 0.0629792 0
0.835476 0.105094 0
0.843985 0.103985 0
0.842613 0.105268 0
0.84262 0.105244 0
0.843667 0.104271 0
0.836581 0.100454 0
0.837076 0.100496 0
0.842256 0.105179 0
0.842416 0.105361 0
0.842434 0.105328 0
0.842417 0.10533 0
0.842428 0.105322 0
0.842422 0.105324 0
0.842413 0.105325 1
0.842926 0.106028 0
0.836526 0.112251 0
0.840098 0.116018 0
0.840194 0.11537 0
0.836616 0.110429 0
0.8369 0.111473 0
0.839866 0.115818 0
0.839763 0.115613 0
0.839719 0.115635 0
0.839712 0.115642 0
0.83967 0.11567 0
0.839644 0.115685 0
0.839655 0.115678 0
0.839621 0.115698 1
0.839622 0.115695 0
0.839639 0.115689 0
0.839706 0.115603 0
0.839379 0.115194 0
0.837538 0.126463 0
0.838038 0.126799 0
0.83799 0.126885 0
0.838009 0.126887 0
0.838011 0.126905 1
0.837981 0.126847 0
0.837759 0.126875 0
0.836865 0.125062 0
0.837275 0.112712 0
0.840659 0.113458 0
0.837207 0.125983 0
0.838237 0.123878 0
0.835295 0.110243 1
0.835344 0.10025 0
0.836729 0.101412 1
0.837008 0.110116 0
0.839074 0.0734513 0
0.84273 0.0751723 0
0.843452 0.0745121 0
0.843468 0.0746008 1
0.849227 0.0701601 0
0.849347 0.0700451 1
0.84939 0.0700244 0
0.849449 0.0700016 0
0.84953 0.0699649 0
0.849575 0.0698381 0
0.849733 0.0697091 0
0.849962 0.0696293 0
0.84987 0.0693891 0
0.850615 0.0694641 0
0.850932 0.069482 0
0.850414 0.0691731 0
0.851198 0.0694374 0
0.851101 0.0692834 0
0.851214 0.0691882 0
0.851354 0.0692579 0
0.851451 0.0694795 0
0.851427 0.069479 0
0.851423 0.0694175 0
0.852244 0.0687761 0
0.852755 0.0690363 0
0.853223 0.0690053 0
0.853753 0.0688823 0
0.854373 0.0688463 0
0.855438 0.0685031 0
0.856311 0.067916 0
0.856193 0.0669345 0
0.859092 0.0680309 0
0.859755 0.0677747 0
0.861329 0.0679045 0
0.863146 0.0697602 0
0.866425 0.0692854 0
0.86747 0.070756 0
0.870502 0.071126 0
0.871539 0.0729794 0
0.871098 0.0751093 0
0.870316 0.0767218 0
0.870094 0.0777127 0
0.869949 0.0790502 0
0.870719 0.0812582 0
0.871409 0.0827768 0
0.872296 0.0855671 0
0.871682 0.0879279 0
0.872395 0.0891606 0
0.872339 0.0907161 0
0.872421 0.091657 0
0.871741 0.0936839 0
0.866383 0.0992299 0
0.853942 0.113429 0
0.854634 0.113163 0
0.854574 0.112549 0
0.854528 0.112325 0
0.854541 0.112106 0
0.854422 0.111523 0
0.854659 0.111442 0
0.854111 0.110845 0
0.853036 0.1101 0
0.853853 0.111341 0
0.852532 0.109894 0
0.852646 0.110112 0
0.852542 0.110197 0
0.852594 0.110365 0
0.852654 0.110099 0
0.852664 0.109941 0
0.852501 0.109847 0
0.851629 0.109778 0
0.851321 0.108792 0
0.850902 0.108513 0
0.850708 0.10826 0
0.850672 0.108113 0
0.850763 0.108038 0
0.850158 0.107456 0
0.850078 0.107501 0
0.850179 0.107497 0
0.850296 0.107602 0
0.850109 0.107375 0
0.849976 0.107507 0
0.850035 0.10756 0
0.849962 0.107464 0
0.849656 0.107259 0
0.849506 0.107097 0
0.849812 0.10741 0
0.849388 0.107136 0
0.849272 0.106873 0
0.848939 0.106764 0
0.848516 0.106682 0
0.848425 0.106656 0
0.84839 0.106626 0
0.848313 0.10658 0
0.84836 0.106631 0
0.848275 0.106554 0
0.847839 0.106632 0
0.847614 0.106521 0
0.847343 0.106612 0
0.846817 0.106552 0
0.846496 0.106721 0
0.846086 0.106823 0
0.845942 0.106986 0
0.844973 0.106632 0
0.845179 0.106945 0
0.844761 0.106925 0
0.844648 0.107007 0
0.844471 0.107024 0
0.84445 0.107033 0
0.844419 0.10701 0
0.844336 0.106998 0
0.84426 0.106997 0
0.844234 0.107019 0
0.844202 0.107031 0
0.844187 0.107026 0
0.844172 0.107045 0
0.844151 0.107039 0
0.844172 0.107037 0
0.844245 0.107047 0
0.84416 0.107035 0
0.844037 0.106978 0
0.843935 0.106993 0
0.843843 0.106979 0
0.84379 0.106975 0
0.843736 0.106951 0
0.843695 0.106931 0
0.843693 0.106929 0
0.843693 0.106929 0
0.843693 0.106928 0
0.843693 0.106928 0
0.843693 0.106928 0
0.843693 0.106928 0
0.843693 0.106928 0
0.843693 0.106928 0
0.843693 0.106928 0
0.843693 0.106928 0
0.843693 0.106928 0
0.843693 0.106928 0
0.843693 0.106928 0
0.843693 0.106929 0
0.843696 0.10693 0
0.843703 0.106934 0
0.843696 0.106931 0
0.843693 0.106929 0
0.843693 0.106929 0
0.843696 0.10693 0
0.843693 0.106928 0
0.843694 0.10693 0
0.843712 0.106939 0
0.843714 0.106937 0
0.843708 0.106933 0
0.843693 0.10693 0
0.843695 0.106932 0
0.84371 0.106943 0
0.843693 0.106928 1
0.841376 0.104596 1
0.841348 0.104547 0
0.841117 0.104738 0
0.842452 0.101947 0
0.834141 0.109065 1
0.833696 0.108677 0
0.83362 0.108741 0
0.833389 0.108559 0
0.833041 0.108413 0
0.834396 0.10844 0
0.802154 0.108374 0
0.800823 0.112409 0
0.800613 0.111913 0
0.799932 0.112003 0
0.798449 0.113105 0
0.797714 0.113122 0
0.796714 0.11379 0
0.797601 0.112802 0
0.796558 0.107816 0
0.796131 0.108615 0
0.796251 0.110775 0
0.794695 0.111245 0
0.795178 0.110026 1
