0.771886 0.288679 1
0.773272 0.28815 0
0.855501 0.311389 0
0.864512 0.32649 1
0.940425 0.385885 0
0.878346 0.364905 1
0.944193 0.38245 0
0.937537 0.384834 1
0.94375 0.390854 0
0.944913 0.399902 0
0.967812 0.420529 0
0.984636 0.459263 0
0.989051 0.446704 0
0.980271 0.504499 0
0.985322 0.522494 0
0.998887 0.543563 0
0.98074 0.593362 0
1 0.613274 0
0.967331 0.640907 0
0.957588 0.675821 0
0.944165 0.712868 0
0.905248 0.699884 0
0.90243 0.722587 0
0.864683 0.737739 0
0.817774 0.716499 0
0.807064 0.734183 0
0.744223 0.716127 0
0.719727 0.736183 0
0.689612 0.738522 0
0.677422 0.75279 0
0.634005 0.776136 0
0.594899 0.795476 0
0.569274 0.815173 0
0.506746 0.831141 0
0.442804 0.828706 0
0.431967 0.825931 0
0.349501 0.819337 0
0.314114 0.828969 0
0.294257 0.845647 0
0.287306 0.836502 0
0.263604 0.833252 0
0.239101 0.822441 0
0.214611 0.801013 0
0.200168 0.793888 0
0.192693 0.791512 0
0.191258 0.789116 1
0.183244 0.771463 0
0.171139 0.757777 0
0.157298 0.741288 0
0.138306 0.706135 0
0.130078 0.7059 0
0.107471 0.642294 0
0.0934123 0.638174 0
0.0967815 0.600398 0
0.0662774 0.57336 0
0.0643292 0.526895 0
0.0621244 0.511689 0
0.0813617 0.478301 0
0.113225 0.45409 0
0.108224 0.428783 0
0.113849 0.412513 0
0.1014 0.393638 0
0.0940043 0.39253 0
0.0975562 0.360255 0
0.0794236 0.364697 0
0.0856308 0.30593 0
0.0798819 0.306232 0
0.0845701 0.293969 0
0.0857592 0.262701 0
0.0961381 0.223995 0
0.0971908 0.172108 0
0.144881 0.170057 0
0.215732 0.190585 0
0.234987 0.164224 0
0.280094 0.17189 0
0.31855 0.158089 0
0.340263 0.160483 0
0.366564 0.175005 0
0.421712 0.169675 0
0.446574 0.171717 0
0.482163 0.184927 0
0.514271 0.147679 0
0.569039 0.155338 0
0.608253 0.145691 0
0.651218 0.148742 0
0.667885 0.143853 0
0.69053 0.16048 0
0.723133 0.146234 0
0.726332 0.147296 0
0.709754 0.144798 0
0.779966 0.152004 0
0.789834 0.171103 0
0.824382 0.217733 0
0.820037 0.209988 0
0.9929 0.244885 0
0.901777 0.272264 0
0.916753 0.273097 0
0.918047 0.271673 0
0.911249 0.275241 0
0.840141 0.405256 0
0.84162 0.383834 0
0.827073 0.399641 0
0.806707 0.432179 0
0.716341 0.490052 0
0.585557 0.49402 0
0.518498 0.477626 0
0.50473 0.488615 0
0.490735 0.50164 0
0.493438 0.524474 0
0.473409 0.525894 0
0.45386 0.52892 0
0.432768 0.540424 0
0.42883 0.554202 0
0.413061 0.566672 0
0.392599 0.57256 0
0.400443 0.603423 0
0.353258 0.593816 0
0.320536 0.581347 0
0.287665 0.578884 0
0.290907 0.596404 0
0.234826 0.584754 0
0.207891 0.584463 0
0.172966 0.581376 0
0.135524 0.583968 0
0.0892568 0.581568 0
0.0776761 0.5876 0
0.0450874 0.585789 0
0.0077857 0.577469 0
0.0262577 0.560165 0
0.0160385 0.524713 0
0.0126971 0.483416 0
0.0111825 0.453118 0
0.0165414 0.421924 0
0.0236734 0.384867 0
0.0351864 0.360711 0
0.0620709 0.367018 0
0.0556146 0.308236 0
0.0584398 0.284862 0
0.0809505 0.288777 0
0.0752187 0.263322 0
0.0725326 0.239368 0
0.0803355 0.22068 0
0.0692282 0.18749 0
0.0727915 0.170868 0
0.0587355 0.149806 0
0.0503372 0.110541 0
0.0414481 0.0919416 0
0.0331389 0.0693971 0
0.0525333 0.0448308 0
0.0898019 0.0339842 0
0.122772 0.0185894 0
0.1604 0.0128312 0
0.191773 0.00459641 0
0.246686 0.0204902 0
0.278996 0.0120385 0
0.330059 0.027298 0
0.354629 0.013191 0
0.408001 0.0356976 0
0.45057 0.0286287 0
0.501331 0.0360815 0
0.535992 0.0519953 0
0.560824 0.0362967 0
0.589903 0.0204651 0
0.628871 0.040553 0
0.693209 0.0447537 0
0.785205 0.0823783 0
0.82879 0.116837 0
0.837391 0.12601 0
0.865086 0.150376 0
0.949189 0.130819 0
0.944132 0.149114 0
0.954594 0.223173 0
0.939341 0.238561 0
0.92162 0.247443 0
0.917193 0.249212 0
0.908251 0.24802 0
0.888966 0.257648 0
0.871701 0.34976 0
0.878614 0.353652 1
0.86184 0.382736 1
0.861812 0.382777 0
0.861674 0.382955 0
0.861177 0.38328 0
0.860854 0.383414 0
0.860787 0.383877 0
0.856633 0.386035 0
0.8471 0.394376 0
0.835018 0.430117 0
0.669859 0.534579 0
0.627959 0.528843 0
0.58173 0.516943 0
0.580919 0.526676 0
0.560764 0.525391 0
0.5158 0.514166 0
0.470875 0.480018 0
0.4503 0.491889 0
0.421469 0.488013 0
0.416864 0.500178 0
0.375517 0.500486 0
0.361077 0.520611 0
0.331221 0.523956 0
0.256585 0.555234 0
0.226365 0.531622 0
0.18577 0.533585 0
0.232225 0.520334 0
0.230875 0.503875 0
0.180899 0.489606 0
0.150874 0.477536 0
0.112084 0.463161 0
0.109955 0.488924 0
0.114947 0.456335 0
0.0707788 0.420753 0
0.0703696 0.40745 0
0.0536047 0.37692 0
0.012494 0.326799 0
0 0.294021 0
0.0454591 0.302194 0
0.0606268 0.281582 0
0.0441311 0.236394 0
0.0458483 0.19478 0
0.0387045 0.143602 0
0.0874842 0.148973 0
0.112397 0.121516 0
0.16749 0.138543 0
0.195933 0.101727 0
0.196733 0.0718373 0
0.191027 0.0454425 0
0.187845 0.0280645 0
0.190586 0.0198037 0
0.196431 0.0160434 0
0.216433 0.0128474 0
0.286167 0.0238405 0
0.298324 0.0189891 0
0.341228 0.0184636 0
0.405939 0.0265824 0
0.463891 0.0203467 0
0.54206 0.0139924 0
0.66334 0 0
0.756597 0.0549886 0
0.82166 0.114493 0
0.864406 0.152709 0
0.868612 0.1729 0
0.87564 0.178806 0
0.878454 0.191474 0
0.876737 0.201643 0
0.879091 0.223149 0
0.885665 0.226936 0
0.883139 0.238868 1
0.886982 0.240865 0
0.899217 0.237004 0
0.894162 0.243419 0
0.899712 0.241753 0
0.912569 0.2388 0
0.874865 0.349495 0
0.866543 0.387422 0
0.867631 0.383938 0
0.865567 0.380974 0
0.864972 0.380113 0
0.864769 0.379964 0
0.86618 0.382386 0
0.865536 0.384215 0
0.863728 0.387494 0
0.863819 0.386999 0
0.861374 0.392831 0
0.848032 0.420269 0
0.501469 0.194407 0
0.46074 0.266063 0
0.432171 0.296191 0
0.455001 0.391437 0
0.45196 0.459908 0
0.415473 0.452799 0
0.389505 0.467531 0
0.365117 0.451877 0
0.366853 0.506187 0
0.312453 0.502208 0
0.296853 0.505392 0
0.281678 0.493269 0
0.26226 0.494776 0
0.243476 0.473766 0
0.278547 0.498587 0
0.26831 0.512044 0
0.276691 0.503844 0
0.288039 0.472643 0
0.303523 0.483585 0
0.262831 0.500515 0
0.249633 0.497122 0
0.222499 0.457222 0
0.218097 0.417587 0
0.211628 0.368725 0
0.184678 0.337212 0
0.141271 0.308279 0
0.130813 0.317353 0
0.103369 0.301987 0
0.0806832 0.286939 0
0.0615531 0.2638 0
0.0498935 0.244235 0
0.0412538 0.219367 0
0.0224681 0.19736 0
0.0251715 0.180013 0
0.0311406 0.163789 0
0.0492698 0.129165 1
