0.845569 0.252748 1
0.830787 0.233907 0
0.805014 0.204371 0
0.777117 0.176808 0
0.744286 0.169492 0
0.720483 0.136763 0
0.689457 0.11984 0
0.65432 0.111927 0
0.638193 0.0910159 0
0.618216 0.0840847 0
0.591215 0.0756731 0
0.594219 0.0529961 0
0.57397 0.0466542 0
0.542764 0.0446243 0
0.520493 0.0415471 0
0.512555 0.0331712 0
0.493252 0.0291894 0
0.473805 0.0302036 0
0.458325 0.0337574 0
0.441546 0.0334412 0
0.433524 0.0519339 0
0.42225 0.0569888 0
0.410175 0.0527557 0
0.393395 0.0566325 0
0.392878 0.0561783 0
0.388566 0.0695903 0
0.380356 0.0674751 0
0.367496 0.0743536 0
0.35903 0.0864519 0
0.35622 0.0963589 0
0.348886 0.118476 0
0.330462 0.13131 0
0.318557 0.146251 0
0.314366 0.171145 0
0.297995 0.187799 0
0.30281 0.212169 0
0.287254 0.236606 0
0.27237 0.262733 0
0.260659 0.278143 0
0.243264 0.303217 0
0.230831 0.325476 0
0.222368 0.352292 0
0.20162 0.380765 0
0.191868 0.39213 0
0.183446 0.391261 0
0.175217 0.394875 0
0.162365 0.392281 0
0.15122 0.390799 0
0.126936 0.406826 0
0.100378 0.410405 0
0.0745157 0.420817 0
0.0477458 0.456715 0
0.0332783 0.49864 0
0.0332778 0.502903 0
0.0337161 0.504695 0
0.0336795 0.504788 0
0.0337002 0.504846 0
0.033701 0.504856 0
0.0337014 0.504858 0
0.0337014 0.504858 1
0.0345634 0.504811 0
0.0350313 0.50458 0
0.0365959 0.502797 0
0.0439908 0.498231 0
0.0523202 0.495523 0
0.0777469 0.495565 0
0.125017 0.502345 0
0.158738 0.518216 0
0.18294 0.555126 0
0.206745 0.560916 0
0.235511 0.581819 0
0.254881 0.606577 0
0.281705 0.620442 0
0.298947 0.656284 0
0.325932 0.66351 0
0.341825 0.675306 0
0.37545 0.666899 0
0.402064 0.656712 0
0.418738 0.682781 0
0.441167 0.678756 0
0.457001 0.681872 0
0.482495 0.684701 0
0.518516 0.679829 0
0.537876 0.70222 0
0.564819 0.69832 0
0.586881 0.693342 0
0.607405 0.690461 0
0.629291 0.68227 0
0.641215 0.683253 1
0.646541 0.67362 0
0.648536 0.653054 0
0.653431 0.637335 0
0.659471 0.625174 0
0.666738 0.610655 0
0.676757 0.615025 0
0.684517 0.62221 0
0.693945 0.617656 0
0.69698 0.59745 0
0.700161 0.587021 0
0.710677 0.594373 0
0.718715 0.590735 0
0.724178 0.576971 0
0.735255 0.569711 0
0.728537 0.543557 0
0.732145 0.522697 0
0.735982 0.512555 0
0.744706 0.517742 0
0.759243 0.527276 0
0.7773 0.534746 0
0.793115 0.530538 0
0.794243 0.511413 0
0.803045 0.50139 0
0.805652 0.492784 0
0.806529 0.459577 0
0.836701 0.492868 0
0.863436 0.494008 0
0.968639 0.451784 0
0.964788 0.366374 0
0.96683 0.366261 0
0.966753 0.366034 0
0.967153 0.367943 0
0.967874 0.372008 0
0.963694 0.364974 0
0.961698 0.365852 0
0.965612 0.366368 0
0.966326 0.365093 1
0.965043 0.359782 1
0.965081 0.359967 0
0.965283 0.3604 0
0.965587 0.360513 0
0.965766 0.35858 0
0.965394 0.358105 0
0.979401 0.371755 0
0.981254 0.371401 0
0.987692 0.369989 0
0.9905 0.367768 0
0.990231 0.364011 0
0.998198 0.362689 0
0.993019 0.355697 0
1 0.349023 0
0.972085 0.344322 0
0.964553 0.344481 0
0.969561 0.33848 0
0.932653 0.326919 0
0.869529 0.299046 0
0.876408 0.303882 0
0.868383 0.285693 0
0.859013 0.274995 0
0.833859 0.227225 0
0.81635 0.203817 0
0.798568 0.182094 0
0.774132 0.16086 0
0.727031 0.15447 0
0.714681 0.129079 0
0.68241 0.117252 0
0.673835 0.0932426 0
0.64994 0.0752391 0
0.636645 0.0580721 0
0.610283 0.0467501 0
0.587415 0.0381688 0
0.567384 0.0327958 0
0.547483 0.0291122 0
0.540315 0.0198962 0
0.521413 0.0176496 0
0.508158 0.0128765 0
0.480799 0.0328756 0
0.459438 0.0364168 0
0.439235 0.0577075 0
0.425503 0.065843 0
0.421986 0.066599 0
0.407771 0.0603117 0
0.40115 0.0642414 0
0.385674 0.0689356 0
0.37909 0.0724999 0
0.37799 0.0794182 0
0.370983 0.0940804 0
0.36092 0.0988327 0
0.363281 0.118998 0
0.277227 0.115449 0
0.316597 0.133665 0
0.322628 0.152604 0
0.321485 0.172316 0
0.299018 0.197377 0
0.291632 0.219959 0
0.283038 0.243112 0
0.283672 0.264152 0
0.268969 0.286546 0
0.258039 0.312125 0
0.241535 0.340541 0
0.234205 0.358037 0
0.210478 0.387226 0
0.189117 0.389326 0
0.18622 0.38809 0
0.172047 0.391636 0
0.157862 0.393095 0
0.147357 0.402974 0
0.135543 0.410084 0
0.140314 0.419287 0
0.126273 0.43915 0
0.0983193 0.447641 0
0.0714692 0.454487 0
0.0513948 0.484758 0
0.0487818 0.485342 0
0.0396026 0.498766 0
0.0377334 0.501871 0
0.0364553 0.503356 0
0.0376673 0.502222 0
0.0397738 0.502578 0
0.0376038 0.505824 0
0.0378618 0.506746 0
0.0348953 0.509548 0
0.03517 0.511266 0
0.0364185 0.510752 0
0.0419029 0.510728 0
0.0550072 0.506685 0
0.10304 0.517156 0
0.154059 0.50812 0
0.181228 0.527387 0
0.199744 0.562056 0
0.222041 0.583706 0
0.243787 0.578313 0
0.268796 0.583595 0
0.297618 0.591106 0
0.306275 0.616482 0
0.339998 0.617289 0
0.362675 0.633597 0
0.388604 0.639099 0
0.410036 0.653237 0
0.421825 0.680122 0
0.448294 0.693342 0
0.476767 0.696159 0
0.504288 0.693774 0
0.516789 0.71842 0
0.540674 0.720416 0
0.563212 0.699314 0
0.577491 0.691117 0
0.595445 0.688068 0
0.611876 0.683403 0
0.627707 0.678729 0
0.635624 0.672029 0
0.637885 0.665914 0
0.636043 0.642812 0
0.638206 0.629822 0
0.653299 0.630998 0
0.667104 0.630734 0
0.672428 0.614355 0
0.673554 0.601954 0
0.682398 0.595155 0
0.689302 0.589019 0
0.693165 0.574659 0
0.698285 0.551425 0
0.683411 0.534516 0
0.714918 0.552954 0
0.722535 0.540695 0
0.727816 0.537705 0
0.734749 0.540347 0
0.737624 0.531008 0
0.742683 0.518014 0
0.756165 0.526948 0
0.761469 0.51075 0
0.770767 0.493439 0
0.767701 0.456578 0
0.83675 0.530195 0
0.793102 0.473759 0
0.846439 0.489428 0
0.815447 0.43655 0
0.842753 0.397349 0
0.977831 0.367785 0
0.972716 0.365905 0
0.982293 0.380748 0
0.974098 0.369091 0
0.975971 0.372142 0
0.982616 0.377013 0
0.949648 0.366155 0
0.947937 0.364526 0
0.949079 0.362919 0
0.963362 0.357105 0
0.967382 0.358848 0
0.972927 0.367028 0
0.96794 0.364856 0
0.967374 0.364533 0
0.967931 0.364203 0
0.967129 0.36301 0
0.967063 0.363492 0
0.966893 0.363988 1
0.97217 0.338388 0
0.957922 0.353003 1
0.954817 0.345504 0
0.929019 0.332416 0
0.909241 0.340328 1
0.908557 0.337021 0
0.905746 0.329065 0
0.90181 0.323719 0
0.870839 0.182244 0
0.836056 0.164723 0
0.809208 0.15002 0
0.791566 0.13425 0
0.747676 0.119742 0
0.726578 0.0944089 0
0.699265 0.0698575 0
0.67813 0.0494288 0
0.648035 0.0469994 0
0.622737 0.0357441 0
0.603321 0.0255001 0
0.582525 0.00695384 0
0.561849 0.00159877 0
0.546753 0.00363866 0
0.527307 0.00610641 0
0.507446 0 0
0.484995 0.00127209 0
0.464122 0.00533732 0
0.458523 0.0167841 0
0.450402 0.0378089 0
0.432322 0.0451789 0
0.415424 0.0526648 1
0.407109 0.0592658 0
0.393589 0.0628423 0
0.381695 0.0656372 0
0.370674 0.073739 0
0.379368 0.086373 0
0.374651 0.0973531 0
0.359435 0.106401 0
0.368707 0.121727 0
0.330718 0.132043 0
0.322746 0.150614 0
0.291441 0.166998 0
0.326203 0.197238 0
0.304907 0.2169 0
0.301932 0.242999 0
0.278725 0.266345 0
0.258385 0.289777 0
0.241877 0.31817 0
0.225743 0.345204 0
0.218063 0.374767 0
0.206531 0.398311 0
0.191261 0.43157 0
0.168783 0.441855 0
0.150964 0.474645 0
0.12549 0.483679 0
0.118037 0.487719 0
0.0781889 0.508468 0
0.0539047 0.509704 0
0.0436563 0.511796 0
0.0398273 0.513349 0
0.0359347 0.517508 0
0.033765 0.517882 0
0.0198933 0.522332 0
0.00291026 0.531911 0
0.00860858 0.531887 0
0.00560831 0.533717 0
0.0115348 0.535171 0
0 0.542247 0
0.0039237 0.541348 0
0.009304 0.53856 0
0.0137468 0.539574 0
0.0187055 0.541541 0
0.0310442 0.530727 0
0.0384486 0.526291 1
0.050405 0.541956 0
0.102024 0.565219 0
0.127183 0.582388 0
0.159286 0.605223 0
0.183762 0.607412 0
0.198853 0.602208 0
0.231506 0.619603 0
0.261375 0.622163 0
0.28408 0.630243 0
0.304699 0.647599 0
0.335268 0.635408 0
0.342278 0.645243 0
0.373971 0.667233 0
0.403542 0.696827 0
0.431233 0.678398 0
0.44653 0.674689 0
0.47229 0.672163 0
0.481996 0.652371 0
0.502782 0.65272 0
0.501841 0.619703 0
0.526374 0.605619 0
0.535765 0.588008 0
0.556316 0.604747 0
0.581371 0.605025 0
0.584252 0.584873 0
0.595618 0.585986 0
0.602846 0.575407 0
0.614815 0.582848 0
0.594058 0.542516 0
0.599317 0.531869 0
0.613155 0.511421 0
0.642166 0.51877 0
0.651383 0.492813 0
0.660237 0.492465 0
0.676053 0.480712 0
0.692571 0.47535 0
0.696733 0.475299 0
0.695579 0.479005 0
0.711654 0.477275 0
0.721399 0.456177 0
0.718612 0.437697 0
0.731351 0.436479 0
0.761057 0.437793 0
0.767952 0.423596 0
0.772154 0.40767 0
0.783416 0.403983 0
0.797746 0.398833 0
0.809334 0.39626 0
0.818819 0.398575 0
0.833007 0.382492 0
0.853445 0.375393 0
0.867768 0.372747 0
0.870709 0.372351 0
0.896869 0.362787 1
0.913715 0.367662 0
0.91681 0.371938 0
0.933404 0.36644 1
