0.0513431 0.247336 1
0.0607401 0.240377 0
0.0670824 0.236005 0
0.0719223 0.230293 0
0.0741626 0.229547 0
0.0775467 0.23263 0
0.0835266 0.22657 0
0.0859653 0.22425 0
0.087508 0.224804 0
0.10147 0.220364 0
0.116659 0.219035 0
0.115751 0.229292 0
0.129097 0.234186 0
0.161571 0.21649 0
0.201969 0.193123 0
0.229732 0.18611 0
0.246185 0.186918 0
0.258033 0.18923 0
0.269297 0.194588 0
0.290677 0.197353 0
0.320143 0.194003 0
0.350575 0.192172 0
0.379889 0.186601 1
0.409895 0.169341 0
0.460212 0.140491 0
0.504098 0.119909 0
0.519061 0.123655 0
0.5335 0.129372 0
0.562453 0.126796 0
0.586372 0.126888 0
0.590485 0.135109 1
0.585791 0.141953 0
0.592809 0.14284 0
0.618244 0.130501 0
0.638399 0.120723 0
0.629743 0.130082 0
0.634353 0.13539 0
0.657032 0.135572 0
0.666761 0.144055 0
0.676969 0.150639 0
0.708545 0.145335 0
0.742975 0.1424 0
0.749444 0.158193 0
0.750416 0.17548 0
0.771495 0.176771 0
0.789109 0.179994 0
0.791234 0.192293 0
0.808764 0.188057 0
0.840587 0.171748 0
0.857096 0.167882 0
0.859996 0.176944 0
0.880542 0.176129 0
0.910899 0.165295 0
0.915869 0.176163 0
0.916386 0.187121 0
0.929626 0.18789 0
0.942229 0.188342 0
0.955372 0.185885 0
0.956907 0.196922 1
0.947433 0.221044 0
0.947797 0.231279 0
0.951594 0.232023 0
0.946524 0.24377 0
0.952228 0.24751 0
0.965794 0.242742 0
0.960351 0.25432 0
0.958098 0.263621 0
0.970851 0.262917 0
0.979332 0.263921 0
0.965302 0.276938 0
0.947033 0.292112 0
0.951501 0.288304 0
0.952509 0.290251 0
0.936897 0.306068 0
0.932596 0.306823 0
0.946364 0.298395 0
0.94479 0.299509 0
0.927465 0.305843 0
0.87157 0.338408 0
0.803182 0.381678 0
0.766921 0.400491 0
0.73468 0.415077 0
0.727369 0.412137 0
0.719497 0.416652 0
0.678579 0.442162 1
0.642286 0.47073 0
0.633657 0.48293 0
0.634263 0.486168 0
0.61759 0.495398 0
0.589262 0.508434 0
0.561627 0.524641 0
0.541151 0.539165 0
0.509785 0.557625 0
0.475768 0.573058 0
0.455881 0.577015 0
0.44286 0.575143 0
0.434062 0.569503 0
0.424404 0.565679 0
0.412033 0.566034 0
0.392452 0.574127 0
0.368794 0.58359 0
0.35446 0.573364 0
0.35716 0.549004 0
0.348972 0.538228 0
0.333121 0.535621 0
0.319366 0.529322 0
0.302155 0.52601 0
0.293928 0.513298 0
0.297168 0.484733 0
0.294076 0.456167 0
0.283007 0.43972 1
0.271042 0.429432 0
0.254443 0.431496 0
0.227056 0.43938 0
0.209985 0.428514 0
0.200743 0.40778 0
0.187256 0.394529 0
0.174192 0.380182 0
0.168374 0.356466 0
0.157354 0.340638 0
0.132854 0.346478 0
0.111882 0.350455 0
0.10718 0.335733 1
0.109093 0.302657 0
0.099294 0.28234 0
0.07699 0.290463 0
0.0647002 0.28826 0
0.0614362 0.270386 0
0.0585765 0.252069 0
0.0540125 0.233616 0
0.0409776 0.229016 0
0.0350942 0.222407 0
0.0334918 0.217956 0
0.0260479 0.22694 0
0.0218792 0.227709 0
0.0229744 0.216629 0
0.0291214 0.197253 1
0.0478696 0.177496 0
0.0561567 0.17222 0
0.0566857 0.178382 0
0.0585628 0.176313 0
0.0709814 0.161026 0
0.0866948 0.143228 1
0.0843709 0.154816 0
0.0827557 0.164785 0
0.10088 0.158801 0
0.11336 0.161658 1
0.117234 0.169527 0
0.133329 0.157798 0
0.167305 0.132895 0
0.198886 0.112029 0
0.212185 0.109094 0
0.224327 0.107633 0
0.249721 0.100904 0
0.27085 0.106461 0
0.303171 0.100764 0
0.350123 0.074077 0
0.380502 0.0582244 0
0.427118 0.0354191 0
0.48099 0.00966729 0
0.492914 0.0173066 0
0.505012 0.027281 0
0.53533 0.0287565 0
0.569696 0.0299443 0
0.600036 0.0282329 1
0.605611 0.0382127 0
0.61046 0.0506608 0
0.617107 0.0593619 0
0.628066 0.0650684 0
0.643158 0.0726325 0
0.661027 0.0820631 0
0.681283 0.091446 0
0.681421 0.1176 0
0.6894 0.135207 0
0.723025 0.131378 0
0.752742 0.130688 0
0.780656 0.130782 0
0.807926 0.132038 0
0.806363 0.160393 0
0.800155 0.1912 0
0.815454 0.196156 0
0.840452 0.190635 0
0.859035 0.196517 0
0.891981 0.185651 0
0.92276 0.176151 0
0.92593 0.195133 0
0.931667 0.20563 0
0.929913 0.218875 0
0.929094 0.230334 0
0.937473 0.232726 0
0.934407 0.251497 0
0.94023 0.265373 0
0.960832 0.259577 0
0.972508 0.256839 0
0.977717 0.258684 1
0.973386 0.267536 0
0.972883 0.274928 0
0.978833 0.278118 0
0.979192 0.283456 0
0.985119 0.285191 0
0.998219 0.27752 1
1 0.285348 0
0.983757 0.30549 0
0.9639 0.325328 0
0.970117 0.315918 0
0.995505 0.293087 0
0.996781 0.294967 0
0.975733 0.312627 0
0.951286 0.33227 0
0.90816 0.364814 0
0.864271 0.395538 0
0.827427 0.416861 0
0.800064 0.429307 0
0.788192 0.432729 0
0.764336 0.445747 0
0.715587 0.479114 0
0.678972 0.50026 0
0.681733 0.490533 0
0.668316 0.501106 0
0.649229 0.518944 0
0.629959 0.531824 0
0.586099 0.55949 0
0.555825 0.578814 1
0.551882 0.578254 0
0.5401 0.580143 0
0.518783 0.585465 0
0.501549 0.584182 0
0.475899 0.588152 0
0.431378 0.609399 1
0.414398 0.610184 0
0.419652 0.590324 0
0.412911 0.581131 0
0.400058 0.572715 0
0.390655 0.565192 0
0.384671 0.551775 0
0.354574 0.554585 0
0.30131 0.584838 1
0.287963 0.579157 0
0.29779 0.543593 0
0.285379 0.535014 0
0.261972 0.544326 1
0.258319 0.529303 0
0.263293 0.499973 0
0.265807 0.473271 0
0.25916 0.455783 0
0.251977 0.436866 0
0.248509 0.412988 0
0.21928 0.417812 0
0.177134 0.441975 0
0.157265 0.445565 0
0.146939 0.428871 1
0.141018 0.401552 0
0.14453 0.365087 0
0.139294 0.343343 0
0.110816 0.357137 0
0.0923027 0.355498 0
0.0839873 0.335032 0
0.0742952 0.320537 0
0.059695 0.320466 0
0.0383283 0.332072 0
0.0368793 0.320699 1
0.0412165 0.290969 0
0.0253346 0.293586 0
0.00838314 0.301896 0
0 0.304946 1
0.00873776 0.288197 0
0.0242823 0.253771 0
0.0220638 0.248606 0
0.0153167 0.253488 0
0.0221092 0.24114 0
0.0209946 0.244819 0
0.0199093 0.244559 0
0.0276061 0.233253 0
0.0428951 0.214987 0
0.072081 0.182949 0
0.0989117 0.159257 0
0.104913 0.165593 0
0.105602 0.184458 0
0.126903 0.174119 0
0.153184 0.146787 0
0.17206 0.135511 1
0.1902 0.12966 0
0.208586 0.122275 0
0.234583 0.106133 0
0.268761 0.0841268 1
0.289651 0.0819494 0
0.314869 0.0758941 0
0.347314 0.0613568 0
0.382091 0.0401966 1
0.425696 0.025478 0
0.45942 0.003619 1
0.49376 0 0
0.480415 0.0329936 0
0.374027 0.149033 0
0.410507 0.13757 1
0.494101 0.090792 0
0.552631 0.069411 0
0.572204 0.0721597 0
0.588834 0.07074 0
0.611708 0.0696772 0
0.639043 0.0698459 1
0.667456 0.0736541 0
0.682318 0.0840678 0
0.680232 0.106203 0
0.686523 0.122359 0
0.70682 0.129583 0
0.736861 0.134503 0
0.773584 0.136458 0
0.773485 0.157278 0
0.796874 0.155943 0
0.860063 0.121638 0
0.857864 0.145326 0
0.825051 0.19416 0
0.864784 0.173084 0
0.975846 0.0853979 1
0.934476 0.143381 0
0.946062 0.156177 0
0.832811 0.29558 0
0.815225 0.339173 1
0.879805 0.286294 0
0.842297 0.323033 0
0.82064 0.349902 0
0.810574 0.365998 0
0.810683 0.37627 0
0.828391 0.373812 0
0.88626 0.334122 0
0.899105 0.345101 0
0.877736 0.38297 0
0.882531 0.393018 1
0.826151 0.438863 0
0.928647 0.34584 0
0.954934 0.329029 0
0.92251 0.368887 0
0.894218 0.386794 0
0.834685 0.444111 0
0.810905 0.472547 0
0.838782 0.441759 0
0.852113 0.40909 0
0.842497 0.417884 0
0.809022 0.461623 0
0.776272 0.493776 0
0.735093 0.532484 0
0.677394 0.560091 1
