0.635992 0.449155 0
0.647524 0.462045 0
0.660248 0.469636 0
0.670012 0.481482 0
0.681865 0.484396 0
0.687433 0.495117 0
0.696883 0.499686 1
0.713075 0.505906 0
0.725909 0.49359 0
0.738731 0.486157 0
0.757911 0.476388 0
0.772792 0.470728 0
0.792189 0.454137 0
0.805611 0.431169 0
0.822583 0.418574 0
0.833696 0.399017 0
0.850284 0.382243 0
0.866695 0.356971 0
0.883728 0.340543 0
0.893724 0.321579 0
0.890139 0.304128 0
0.903429 0.280504 0
0.915863 0.261292 0
0.926775 0.238244 0
0.919977 0.223647 0
0.922093 0.223453 0
0.917412 0.220163 1
0.905029 0.222187 0
0.894237 0.218044 0
0.88703 0.221321 0
0.866915 0.223308 0
0.873718 0.228549 0
0.845318 0.241494 0
0.825828 0.252814 0
0.809523 0.264972 0
0.795396 0.269631 0
0.790828 0.276786 0
0.763205 0.275192 0
0.732686 0.287646 1
0.718966 0.283582 0
0.706539 0.282021 0
0.678751 0.263902 0
0.670084 0.265866 0
0.651489 0.270861 0
0.624514 0.267167 0
0.609969 0.258934 0
0.582038 0.251888 0
0.558793 0.244482 0
0.529821 0.239396 0
0.497313 0.231142 0
0.466892 0.229885 0
0.4443 0.229574 0
0.421046 0.22959 0
0.398413 0.221901 0
0.376728 0.212244 0
0.361478 0.205794 0
0.34925 0.198481 0
0.337112 0.192404 0
0.326852 0.191629 0
0.309002 0.19007 0
0.300483 0.183278 0
0.292375 0.175653 0
0.282443 0.17091 0
0.268265 0.158203 0
0.253595 0.149991 0
0.247556 0.144231 0
0.244663 0.142038 0
0.228574 0.143257 0
0.203725 0.143995 1
0.187953 0.140484 0
0.181944 0.137993 0
0.166985 0.139443 0
0.148725 0.133446 0
0.140649 0.132734 0
0.129264 0.131827 0
0.127795 0.132265 0
0.121672 0.130963 0
0.106798 0.129176 0
0.103368 0.125244 1
0.101625 0.13418 0
0.0966169 0.138825 0
0.0901245 0.132566 0
0.0832063 0.137217 0
0.0813493 0.138339 0
0.0711803 0.136476 0
0.0652068 0.139878 0
0.0555749 0.141654 0
0.0434118 0.138395 0
0.028718 0.143251 1
0.0234438 0.15647 0
0.0195911 0.169702 0
0.0173303 0.181291 0
0.0104063 0.1897 0
0.00437432 0.191752 0
0.00120261 0.204376 0
0 0.215802 0
0.0024583 0.225473 1
0.0105068 0.247071 0
0.0179937 0.260981 0
0.018929 0.275087 0
0.025221 0.287399 0
0.0387523 0.297164 0
0.0487095 0.314351 0
0.0544589 0.323263 0
0.0678908 0.331805 0
0.0877381 0.355026 0
0.102096 0.37564 0
0.124717 0.399296 0
0.145027 0.422081 0
0.15473 0.436409 0
0.174108 0.453153 1
0.189347 0.456392 0
0.20647 0.462153 0
0.224082 0.466951 0
0.251948 0.472623 0
0.283546 0.479093 0
0.309955 0.486697 0
0.345432 0.492248 0
0.392058 0.501623 1
0.427525 0.49734 0
0.458718 0.502749 0
0.496118 0.500581 0
0.532154 0.50613 0
0.573654 0.49974 0
0.604193 0.496676 1
0.623929 0.475526 0
0.646637 0.4541 0
0.666008 0.437309 0
0.683771 0.418299 0
0.690551 0.403007 0
0.696105 0.371037 0
0.706208 0.344268 0
0.726372 0.326236 0
0.748443 0.296077 0
0.764517 0.25528 1
0.785116 0.240306 0
0.804427 0.232933 0
0.828879 0.220593 0
0.846912 0.218258 0
0.874445 0.21017 0
0.895675 0.210659 1
0.909599 0.214708 0
0.9223 0.219466 0
0.937506 0.223073 0
0.955864 0.227474 0
0.956256 0.237058 0
0.949418 0.244633 0
0.959516 0.252596 0
0.971038 0.262836 1
0.967139 0.279604 0
0.967286 0.290176 0
0.967756 0.302521 0
0.975421 0.324352 0
0.986683 0.338665 0
1 0.346642 1
0.991917 0.350501 0
0.987465 0.354189 0
0.97387 0.35521 0
0.984713 0.363121 0
0.966295 0.380727 0
0.982409 0.405248 0
0.984989 0.422928 0
0.976291 0.4377 0
0.965013 0.45698 0
0.95538 0.485007 1
0.956825 0.506874 0
0.95395 0.519094 0
0.934459 0.523086 0
0.925394 0.528191 0
0.913974 0.529172 0
0.890146 0.532409 0
0.866297 0.541853 0
0.850296 0.55245 1
0.811891 0.55307 0
0.766726 0.554184 0
0.726518 0.563608 0
0.730489 0.566091 0
0.690806 0.57271 0
0.663573 0.570295 0
0.632778 0.56965 0
0.598799 0.575061 0
0.561439 0.580319 0
0.522304 0.5799 0
0.492611 0.577459 0
0.461406 0.577508 0
0.437368 0.572092 0
0.420633 0.56993 1
0.412164 0.570353 0
0.401085 0.570472 0
0.391054 0.567298 0
0.38842 0.571046 0
0.373975 0.570703 0
0.352525 0.570092 0
0.320625 0.566623 0
0.327332 0.570261 0
0.28901 0.574192 0
0.278252 0.56513 0
0.261595 0.55867 0
0.245913 0.545791 0
0.240557 0.540487 0
0.235848 0.53271 1
0.22241 0.525998 0
0.209404 0.517789 0
0.209743 0.517819 0
0.204688 0.518706 0
0.192311 0.511946 0
0.179251 0.504424 0
0.173448 0.5036 0
0.17326 0.502258 0
0.176317 0.501621 0
0.175398 0.498984 0
0.139648 0.494517 0
0.135953 0.487818 0
0.147048 0.490957 0
0.150095 0.509111 0
0.152832 0.519206 0
0.161282 0.524277 1
0.146291 0.520744 0
0.120269 0.518477 0
0.102807 0.512623 0
0.0913406 0.508098 1
0.106482 0.51135 0
0.134067 0.511936 0
0.149909 0.502589 0
0.170208 0.495967 0
0.174691 0.484956 0
0.182809 0.474122 1
0.189846 0.456368 0
0.205821 0.438442 0
0.244711 0.412457 0
0.260565 0.381477 0
0.28716 0.357826 0
0.318458 0.329009 0
0.341077 0.297538 0
0.354373 0.267901 0
0.378288 0.23852 0
0.427496 0.208922 0
0.406807 0.187025 0
0.477375 0.171211 0
0.486794 0.161018 0
0.561191 0.149763 1
0.612611 0.158271 0
0.652772 0.165125 0
0.678195 0.174347 0
0.679481 0.179296 0
0.730058 0.184627 0
0.753111 0.19407 1
0.785042 0.225987 0
0.741908 0.238026 0
0.762303 0.250675 0
0.774147 0.263704 0
0.782038 0.275566 0
0.786573 0.288665 0
0.783623 0.295733 0
0.781092 0.305086 0
0.820908 0.315026 0
0.805994 0.315767 0
0.801612 0.324324 0
0.815597 0.33939 0
0.831736 0.344433 0
0.842541 0.34739 0
0.852702 0.358955 0
0.86498 0.375189 1
0.866537 0.381566 0
0.856245 0.394649 0
0.876937 0.414865 0
0.895658 0.416912 0
0.887958 0.424454 0
0.868897 0.427707 0
0.9061 0.423034 0
0.895294 0.440329 1
0.887447 0.422184 0
0.883256 0.42713 0
0.881906 0.439241 0
0.877116 0.450133 0
0.882142 0.455734 0
0.877852 0.465257 0
0.89089 0.489452 0
0.911944 0.478194 0
0.908312 0.446867 0
0.889841 0.42369 0
0.880399 0.394093 0
0.880085 0.377095 1
0.872239 0.435753 0
0.868715 0.440702 0
0.870122 0.450276 0
0.847688 0.462355 0
0.835492 0.467402 0
0.833231 0.469385 0
0.822699 0.465168 0
0.812293 0.462114 0
0.802957 0.462438 0
0.774515 0.465251 0
0.746557 0.461809 0
0.715391 0.453732 0
0.683749 0.457634 0
0.648668 0.452038 0
0.659136 0.4504 0
0.621497 0.453359 0
0.596474 0.441555 0
0.561043 0.435863 0
0.527759 0.433807 0
0.491585 0.425376 0
0.451267 0.423297 0
0.416809 0.426533 1
0.383958 0.427026 0
0.399472 0.424512 0
0.382157 0.423131 0
0.356563 0.420326 0
0.372171 0.428355 0
0.351337 0.436553 0
0.362127 0.440568 0
0.349663 0.451207 0
0.340015 0.454154 0
0.325823 0.450665 0
0.306752 0.446552 0
0.295163 0.444363 0
0.293562 0.452316 0
0.290122 0.452073 0
0.291362 0.467425 0
0.282981 0.478323 0
0.276557 0.490663 0
0.260804 0.487637 0
0.259089 0.492512 0
0.249403 0.499517 0
0.239097 0.504078 0
0.243501 0.50953 1
0.230865 0.510274 0
0.239554 0.509307 0
0.241512 0.509724 0
0.23465 0.507574 0
0.239227 0.50184 0
0.255362 0.492649 1
0.268977 0.466502 0
0.280163 0.448687 0
0.294112 0.432661 0
0.297739 0.413489 1
0.304646 0.388235 0
0.324184 0.356528 0
0.332238 0.325301 0
0.321512 0.302426 0
0.325286 0.271466 0
0.337454 0.230906 0
0.340377 0.186141 0
0.32191 0.14267 0
0.326748 0.0995954 0
0.34242 0.0624564 0
0.349298 0.0342155 0
0.375988 0.00278607 1
0.407332 0 0
0.427765 0.00408647 0
0.460711 0.00899816 0
0.533895 0.0119098 1
0.540118 0.0348013 0
0.584945 0.0546976 0
0.602367 0.0720112 0
0.612568 0.0916918 0
0.668969 0.119752 0
0.647279 0.137817 0
0.714237 0.164186 0
0.708997 0.18284 0
0.70096 0.197821 0
0.700418 0.207563 0
0.703115 0.218433 0
0.75696 0.231404 0
0.782325 0.252196 0
0.734005 0.265309 0
0.761764 0.270204 0
0.80484 0.278504 1
0.844564 0.280592 0
0.791469 0.281883 0
0.810236 0.276133 0
0.845671 0.280194 0
0.829759 0.274911 0
0.87995 0.275559 0
0.871521 0.271484 0
0.861669 0.268516 0
0.85014 0.260547 0
0.889132 0.256252 0
0.897692 0.25125 0
0.904363 0.238816 0
0.916089 0.232578 0
0.901948 0.2423 0
0.896597 0.245518 0
0.909893 0.236415 1
