0.14356 0.0791042 0
0.152757 0.0823079 0
0.136979 0.079976 0
0.158318 0.0839972 0
0.136752 0.0846053 1
0.142463 0.0881552 0
0.136605 0.0884772 0
0.142664 0.0918916 0
0.137849 0.0933447 0
0.14341 0.0953035 0
0.139272 0.0997452 0
0.131452 0.102241 0
0.125943 0.105899 0
0.130098 0.108375 0
0.124012 0.10565 1
0.128769 0.109816 0
0.136942 0.113114 0
0.128919 0.114331 0
0.117276 0.114492 0
0.131588 0.116286 0
0.1396 0.117831 0
0.135411 0.118446 0
0.13542 0.122381 0
0.143469 0.127539 0
0.158668 0.131932 0
0.179352 0.135146 0
0.187865 0.135757 0
0.190619 0.137292 0
0.209088 0.138925 0
0.213177 0.1406 0
0.242229 0.144958 0
0.273981 0.151657 0
0.296223 0.150028 0
0.324758 0.151415 0
0.352507 0.156136 1
0.365515 0.158353 0
0.37637 0.156713 0
0.39102 0.156542 0
0.391025 0.149435 0
0.388918 0.149198 0
0.418029 0.153532 0
0.463649 0.15798 0
0.499459 0.162458 1
0.501851 0.161744 0
0.512948 0.163474 0
0.527485 0.16698 0
0.555282 0.168999 0
0.588337 0.169574 0
0.602868 0.165633 0
0.629188 0.169425 0
0.667422 0.167066 0
0.706915 0.16929 0
0.728181 0.167579 1
0.746269 0.172842 0
0.765935 0.172817 0
0.777987 0.17406 0
0.791663 0.173917 0
0.80337 0.17468 0
0.812822 0.179819 0
0.821537 0.181238 0
0.83271 0.181592 0
0.838942 0.17843 0
0.841205 0.180117 1
0.85706 0.178179 0
0.868512 0.17719 0
0.875224 0.173415 0
0.882542 0.169664 0
0.896825 0.172217 0
0.909346 0.171857 1
0.903912 0.164543 0
0.901966 0.158467 0
0.908931 0.146928 0
0.923826 0.146861 0
0.947734 0.148171 0
0.948944 0.144561 0
0.950139 0.141781 0
0.957189 0.139216 0
0.958699 0.136662 0
0.967018 0.135025 1
0.967164 0.131999 0
0.968861 0.129843 0
0.970077 0.129215 0
0.970845 0.126888 0
0.967447 0.122124 0
0.956295 0.116152 0
0.966144 0.112266 0
0.941177 0.108681 1
0.953662 0.106796 0
0.96323 0.103839 0
0.97272 0.103703 0
0.964131 0.0985778 0
0.976424 0.103319 0
0.968619 0.097517 0
0.981 0.0983811 0
0.957273 0.0928049 1
0.952848 0.0914036 0
0.945211 0.0886963 0
0.938711 0.0861164 0
0.935875 0.0846019 0
0.928186 0.0840798 0
0.914995 0.0829925 0
0.90399 0.0774767 0
0.900225 0.0742878 0
0.893521 0.0721512 0
0.878679 0.0678752 0
0.824692 0.0579788 0
0.782847 0.0534903 0
0.746201 0.0483059 0
0.710845 0.0424901 1
0.694857 0.0382786 0
0.692925 0.0365192 0
0.689357 0.0378272 0
0.660897 0.0351969 0
0.64005 0.0347134 0
0.637929 0.0350164 0
0.610804 0.033549 0
0.5814 0.0300264 0
0.542394 0.0272317 0
0.516582 0.0244821 0
0.483031 0.019811 0
0.451401 0.019305 1
0.428711 0.0184299 0
0.390383 0.014307 0
0.35541 0.00984295 0
0.334617 0.00928103 0
0.324126 0.00943165 0
0.304138 0.0104916 0
0.281629 0.0145134 0
0.264583 0.0174586 0
0.239087 0.0192884 0
0.213626 0.018872 0
0.202656 0.0221857 0
0.191015 0.02646 1
0.178278 0.0297573 0
0.170099 0.032984 0
0.159503 0.0383175 0
0.155232 0.0420489 0
0.151863 0.0446874 0
0.144046 0.0478074 0
0.138969 0.0500049 0
0.131432 0.0517936 0
0.114956 0.051882 0
0.0898091 0.0485604 1
0.103769 0.0552646 0
0.0944838 0.0588047 0
0.0728447 0.060211 0
0.0535876 0.0639849 0
0.0708665 0.0712404 0
0.0648419 0.0757033 0
0.0660124 0.0801501 0
0.0637848 0.0819368 0
0.052169 0.0820049 0
0.0466889 0.0830822 0
0.0465683 0.0844859 0
0.0592352 0.084693 1
0.0680564 0.0854652 0
0.0632006 0.084303 0
0.053215 0.085357 0
0.0456278 0.0912661 0
0.0342985 0.0921746 0
0.0233206 0.0922264 0
0.0357448 0.0944019 0
0.0184736 0.090509 1
0.0390609 0.0942154 0
0.0517394 0.096765 0
0.033675 0.0965849 0
0.0275705 0.0956175 0
0.0607826 0.0993384 0
0.0569716 0.0969458 0
0.058138 0.0958625 0
0.065486 0.0984543 0
0.0564936 0.0972703 0
0.0949692 0.103288 0
0.122488 0.108365 0
0.147661 0.112202 0
0.181746 0.114992 0
0.210929 0.117661 0
0.248048 0.120622 0
0.268367 0.121923 0
0.293242 0.123461 0
0.319416 0.125071 0
0.33736 0.128138 0
0.363118 0.129841 1
0.402616 0.134949 0
0.399249 0.136842 0
0.451269 0.14439 0
0.488057 0.149967 0
0.509127 0.15238 0
0.517537 0.151914 0
0.554566 0.153803 0
0.585495 0.155095 0
0.597713 0.153556 0
0.60906 0.153319 0
0.637035 0.154237 0
0.645363 0.153032 0
0.666225 0.153576 0
0.668716 0.152657 0
0.670087 0.15005 0
0.693429 0.150189 0
0.708883 0.150331 0
0.701749 0.146821 0
0.715462 0.146468 0
0.719882 0.142947 0
0.728649 0.142057 0
0.737986 0.139014 1
0.742134 0.133766 0
0.757267 0.129993 0
0.794886 0.131165 0
0.821866 0.131002 0
0.832875 0.127765 0
0.835553 0.123064 0
0.832695 0.119467 0
0.838773 0.116814 0
0.849989 0.114231 0
0.865406 0.113249 0
0.890248 0.112635 0
0.907132 0.111461 0
0.907399 0.110913 0
0.89901 0.104672 0
0.89388 0.0997311 0
0.905411 0.0993809 0
0.916953 0.101142 0
0.920414 0.102573 0
0.931234 0.100023 0
0.946209 0.0975755 0
0.955649 0.0947492 0
0.950255 0.0894195 0
0.934541 0.0837602 0
0.947248 0.084152 0
0.954768 0.082594 0
0.960623 0.0824192 0
0.95062 0.0819671 0
0.931491 0.0791012 0
0.950049 0.0773429 0
0.949205 0.0761394 0
0.939392 0.0739493 0
0.926673 0.0711279 0
0.926923 0.0713545 0
0.929208 0.0702924 0
0.920717 0.0673696 0
0.908287 0.0643312 0
0.901047 0.0614964 0
0.909571 0.062062 1
0.910997 0.0625858 0
0.905496 0.0617205 0
0.899027 0.0600388 0
0.886588 0.0573499 0
0.863639 0.05226 0
0.821204 0.0442953 0
0.784512 0.0375581 0
0.756945 0.0327728 0
0.733583 0.0300983 0
0.707988 0.0270532 0
0.693517 0.0257144 0
0.654891 0.0223223 0
0.690049 0.031027 0
0.672064 0.0287249 1
0.631489 0.0238951 0
0.609504 0.0218085 0
0.578325 0.0155175 0
0.553331 0.0116788 0
0.542538 0.0119354 0
0.533385 0.0126224 0
0.478638 0.00755297 0
0.453813 0.00498784 0
0.42305 0.00178461 0
0.385814 0 1
0.391256 0.00398003 0
0.383358 0.00627631 0
0.368635 0.00938106 0
0.358523 0.0142699 0
0.353401 0.0194318 0
0.331441 0.0229083 0
0.30673 0.0257338 0
0.303741 0.0308696 0
0.280522 0.0347224 0
0.263388 0.0383125 1
0.250981 0.0441713 0
0.232078 0.0488173 0
0.215082 0.0535745 0
0.237323 0.0582534 0
0.195767 0.0607641 0
0.196242 0.0653378 0
0.171953 0.0675786 0
0.144999 0.0692115 0
0.129241 0.0727602 0
0.122355 0.0758286 0
0.121515 0.0824161 0
0.0771306 0.0800414 1
0.105584 0.0916995 0
0.119463 0.100091 0
0.104405 0.10174 0
0.0995987 0.105017 0
0.10019 0.108707 0
0.104758 0.111284 0
0.121801 0.117616 0
0.126902 0.117731 1
0.128421 0.117342 0
0.106249 0.11605 0
0.0783797 0.111788 0
0.0657102 0.114213 0
0.0754838 0.120795 0
0.0699502 0.124583 0
0.0526111 0.12513 0
0.0752362 0.131065 0
0.0640354 0.131635 0
0.0494001 0.136637 1
0.0403284 0.13823 0
0.0337279 0.139382 0
0.0256056 0.13864 0
0.0102432 0.135004 1
0.0408102 0.144062 0
0.0405981 0.145777 0
0.0448129 0.146988 0
0.0552646 0.149577 0
0.0599229 0.151717 0
0.0809968 0.158145 1
0.135906 0.165522 0
0.143472 0.16568 0
0.184962 0.171033 0
0.208783 0.173502 1
0.245524 0.177293 0
0.268323 0.177048 0
0.279049 0.174146 0
0.283932 0.170754 0
0.295913 0.167262 0
0.310388 0.166311 0
0.352902 0.167238 0
0.343055 0.162631 1
0.341213 0.157891 0
0.358918 0.157481 0
0.370264 0.156792 0
0.37042 0.152757 0
0.424467 0.156316 0
0.421853 0.155588 0
0.446202 0.155902 0
0.480795 0.157 0
0.512276 0.155662 0
0.534206 0.152797 0
0.534707 0.147934 0
0.579262 0.146824 0
0.626114 0.148773 0
0.603813 0.141786 0
0.639791 0.140562 0
0.660132 0.140864 0
0.65506 0.136256 0
0.667474 0.136944 0
0.673948 0.135283 0
0.677045 0.130955 0
0.699605 0.129497 0
0.719973 0.128397 0
0.754149 0.130947 0
0.787152 0.131542 1
0.788901 0.128368 0
0.791091 0.125798 0
0.799295 0.123785 0
0.805563 0.120403 0
0.806338 0.117427 0
0.842772 0.121772 0
0.849869 0.118138 0
0.858877 0.114373 0
0.877309 0.111855 0
0.885847 0.107523 0
0.889992 0.104808 0
0.905612 0.10323 0
0.922869 0.100311 0
0.918662 0.093806 0
0.915211 0.0891636 0
0.923488 0.0862298 1
0.946888 0.0889125 0
0.949987 0.086669 0
0.947368 0.0824772 0
0.956199 0.0802584 0
0.961551 0.073658 0
0.965647 0.0681471 1
0.981063 0.0717541 0
0.971386 0.0692156 0
0.996186 0.0730551 0
1 0.0754486 1
0.964547 0.068657 0
0.931572 0.0613818 0
0.926488 0.0606743 0
0.950608 0.0649469 0
0.963024 0.0672466 0
0.954906 0.0650555 0
0.953725 0.0647649 0
0.963603 0.0655249 0
0.98429 0.0684384 0
0.987421 0.0725844 0
0.966418 0.0665838 0
0.971759 0.0661726 0
0.980728 0.0666847 0
0.954741 0.0612577 0
0.935604 0.0569204 0
0.898205 0.0482152 1
0.874064 0.0463839 0
0.847639 0.0435979 0
0.80734 0.0388975 0
0.707696 0.0256512 0
0.684679 0.0259059 0
0.710979 0.0331857 0
0.663239 0.0269099 0
0.682809 0.0336848 0
0.687337 0.0395211 0
0.588741 0.0243252 0
0.569606 0.0240732 0
0.532764 0.0190958 1
0.503292 0.0191772 0
0.506278 0.0219819 0
0.453201 0.0168149 0
0.416877 0.0179971 0
0.383675 0.0180835 0
0.371261 0.0186534 0
0.30028 0.0123784 0
0.331115 0.0156054 0
0.307959 0.0168494 0
0.299041 0.0199028 0
0.281548 0.0226846 0
0.277755 0.0288743 0
0.268925 0.0338943 0
0.267456 0.0381136 0
0.266668 0.0421489 0
0.242402 0.0460745 0
0.226665 0.0514325 0
0.202139 0.054509 0
0.179353 0.0546104 0
0.146702 0.0545768 0
0.185255 0.0653216 0
0.150905 0.0640012 0
0.120688 0.0641863 0
0.0955241 0.0664884 0
0.132452 0.0764826 0
0.0300169 0.0639906 1
0.0944879 0.0816093 0
0.109627 0.0848567 0
0.134126 0.0948944 0
0.200756 0.108351 1
0.167259 0.107418 0
0.136053 0.109113 0
0.0795629 0.104378 0
0.0826636 0.110592 1
0.0915408 0.110524 0
0.0749629 0.108557 0
0.0710278 0.108747 0
0.064349 0.106351 0
0.0521239 0.105682 0
0.0482053 0.106008 0
0.0388267 0.110235 0
0.0313807 0.111101 0
0.030575 0.114202 0
0.0299519 0.116669 0
0.0812516 0.122285 0
0.0485896 0.115491 0
0.00921486 0.119847 0
0 0.12243 1
0.0296294 0.121509 0
0.0526065 0.122766 0
0.0271936 0.122577 0
0.0359214 0.121496 1
0.0426595 0.118477 0
0.0283725 0.117084 0
0.0277277 0.120804 0
0.01739 0.117905 0
0.0294144 0.121255 0
0.121419 0.13203 0
0.0304938 0.121471 0
0.0784779 0.123672 0
0.113634 0.133016 0
0.242304 0.150919 1
0.193787 0.13742 0
0.261763 0.142489 0
0.238387 0.131596 0
0.264106 0.128575 0
0.299585 0.13354 0
0.194285 0.114352 1
0.361066 0.137217 0
0.2956 0.129202 0
0.318202 0.13142 0
0.334224 0.127488 0
0.404882 0.137154 0
0.358235 0.130913 0
0.348428 0.130468 0
0.408501 0.131352 0
0.407883 0.13818 0
0.512889 0.153141 0
0.504393 0.146969 0
0.558058 0.159901 1
0.538828 0.144831 0
0.560486 0.145099 0
0.56359 0.141784 0
0.492372 0.122544 1
0.604214 0.142118 0
0.679099 0.143864 0
0.625697 0.141274 0
