0.736981 0.194833 0
0.749 0.192497 0
0.745538 0.179991 0
0.749959 0.173841 0
0.758615 0.171024 0
0.76248 0.163427 0
0.76823 0.158656 0
0.765356 0.151603 0
0.770813 0.148335 1
0.791193 0.162772 0
0.802151 0.170164 0
0.801866 0.170277 0
0.805767 0.167281 0
0.808959 0.162532 0
0.812552 0.155867 0
0.827726 0.151848 0
0.83738 0.158995 0
0.861712 0.165399 0
0.883053 0.168982 0
0.888215 0.168209 0
0.89679 0.167871 0
0.917891 0.172588 0
0.944597 0.179843 1
0.95188 0.184204 0
0.961517 0.188973 0
0.95779 0.187127 0
0.947737 0.182812 0
0.943811 0.179971 0
0.941075 0.181466 0
0.927739 0.171025 0
0.91468 0.163264 0
0.913185 0.164722 0
0.912312 0.166268 1
0.919162 0.171734 0
0.91994 0.174779 0
0.910481 0.171712 0
0.893074 0.168752 0
0.875919 0.165466 0
0.860634 0.161271 0
0.83746 0.155092 0
0.798898 0.141536 0
0.760594 0.130613 0
0.711853 0.112561 1
0.671838 0.099726 0
0.637514 0.0850602 0
0.595513 0.0688912 0
0.554957 0.0561313 0
0.521159 0.0449305 0
0.497345 0.0366257 0
0.473178 0.0296166 0
0.451912 0.0266967 1
0.437706 0.0246414 0
0.428383 0.0216577 0
0.425833 0.0212801 0
0.424683 0.024787 0
0.414842 0.0237665 0
0.408071 0.0247822 0
0.40535 0.0278606 0
0.400364 0.0302093 0
0.398253 0.0343653 0
0.398428 0.0408603 0
0.396908 0.0461099 0
0.391959 0.0507006 0
0.395842 0.0595324 0
0.396979 0.0672268 0
0.384965 0.0716247 0
0.384067 0.0801715 0
0.389078 0.0907784 0
0.385069 0.0992559 0
0.373432 0.10398 0
0.361877 0.107278 0
0.356322 0.114592 0
0.347737 0.124169 0
0.33811 0.131246 0
0.325868 0.136782 0
0.305379 0.139965 0
0.292919 0.148911 0
0.288834 0.163239 0
0.280207 0.172321 0
0.269356 0.177861 0
0.256898 0.18133 0
0.246861 0.185864 0
0.236101 0.197233 1
0.22573 0.195886 0
0.214592 0.194018 0
0.201424 0.194272 0
0.180589 0.194919 0
0.160747 0.196088 0
0.144787 0.198122 0
0.119115 0.198542 0
0.102718 0.198144 0
0.0825762 0.195102 0
0.0693653 0.192888 0
0.0540661 0.190669 0
0.0393358 0.190309 0
0.0261867 0.18927 0
0.014718 0.18643 1
0.0218256 0.189468 0
0.0330406 0.194616 0
0.0388104 0.199508 0
0.0440468 0.202853 0
0.0599003 0.208216 0
0.0765777 0.213614 0
0.0824389 0.216818 0
0.0919068 0.222403 1
0.0934891 0.22508 0
0.0891603 0.223616 0
0.0848372 0.222 0
0.0931289 0.224183 0
0.112716 0.228912 0
0.135257 0.234245 0
0.15425 0.237565 0
0.173773 0.241338 0
0.191101 0.246032 0
0.215357 0.254389 0
0.257116 0.258996 0
0.296943 0.263969 1
0.347959 0.285031 0
0.40282 0.300064 0
0.449716 0.308614 0
0.488962 0.317184 0
0.537822 0.32928 0
0.57712 0.327879 0
0.589098 0.318812 0
0.59463 0.303231 1
0.597447 0.30223 0
0.605261 0.297722 0
0.610628 0.291893 0
0.611093 0.284738 0
0.609216 0.270757 0
0.593097 0.245093 1
0.584484 0.24143 0
0.599048 0.244889 0
0.626864 0.248629 0
0.635573 0.243331 0
0.642828 0.240135 0
0.649737 0.239481 0
0.64636 0.230842 0
0.646935 0.222617 0
0.657715 0.221248 0
0.652765 0.218012 0
0.648567 0.208134 0
0.65634 0.204024 0
0.667489 0.200757 0
0.678163 0.200116 0
0.687527 0.200342 0
0.688653 0.192899 0
0.683879 0.182487 0
0.685212 0.175601 0
0.704225 0.177097 0
0.726138 0.181104 0
0.728601 0.178599 0
0.726413 0.173086 0
0.726076 0.170255 0
0.729773 0.170091 0
0.753967 0.180907 0
0.764689 0.182796 0
0.76717 0.177661 0
0.782689 0.174877 0
0.79709 0.177959 0
0.80354 0.181323 0
0.825233 0.183946 0
0.848394 0.188264 0
0.877972 0.194641 0
0.908973 0.207768 0
0.936794 0.215663 0
0.950201 0.22332 1
0.968268 0.231131 0
0.981523 0.236313 0
0.98515 0.233103 0
0.983143 0.23395 0
0.990525 0.237023 0
0.990472 0.235898 0
0.977813 0.230234 0
0.96059 0.224198 0
0.94605 0.221504 0
0.948878 0.224536 0
0.960501 0.226984 0
0.966396 0.22643 0
0.984332 0.233621 0
1 0.24185 1
0.989519 0.244212 0
0.971345 0.240987 0
0.939814 0.231775 0
0.899962 0.22158 0
0.874394 0.218189 0
0.85337 0.216115 0
0.807661 0.201854 0
0.760774 0.184785 0
0.715432 0.167024 0
0.673724 0.147416 0
0.631514 0.122613 0
0.589745 0.101943 0
0.540042 0.0788438 0
0.500071 0.053098 0
0.462139 0.0308491 0
0.43506 0.0169363 1
0.431087 0.0118076 0
0.426545 0.00514945 0
0.422127 0.000969521 0
0.422505 0 0
0.425027 0.000360944 0
0.430241 0.00431108 1
0.433712 0.00709017 0
0.42789 0.00967973 0
0.423498 0.0137352 0
0.414766 0.0148758 0
0.407372 0.0170901 0
0.403502 0.0220229 0
0.403044 0.0294313 0
0.398898 0.0375311 1
0.403344 0.0497003 0
0.406464 0.0601735 0
0.401868 0.0668542 0
0.39935 0.0721036 0
0.394584 0.0815742 0
0.395633 0.093869 0
0.394872 0.104971 0
0.387492 0.116071 0
0.37661 0.125383 0
0.368686 0.135026 0
0.36356 0.146325 0
0.35412 0.15378 1
0.384921 0.182215 0
0.355764 0.181524 0
0.330765 0.180582 0
0.318028 0.190333 0
0.316119 0.202132 0
0.306276 0.210037 0
0.288774 0.215739 0
0.277604 0.221539 0
0.263966 0.221271 0
0.255461 0.227807 0
0.24167 0.225877 0
0.220293 0.2185 1
0.202716 0.22095 0
0.178004 0.218843 0
0.153529 0.216375 0
0.123198 0.215181 0
0.0921066 0.214316 0
0.0895236 0.217221 0
0.073039 0.215305 0
0.0537908 0.213474 0
0.048905 0.215907 0
0.0354082 0.212918 0
0.0163696 0.208832 0
0.00692539 0.209423 0
0 0.210243 0
0.00186285 0.213095 1
0.0163504 0.220982 0
0.0371156 0.23089 0
0.0499625 0.238501 0
0.0483332 0.240982 0
0.0498452 0.244795 0
0.0598291 0.25066 0
0.0616409 0.254527 0
0.058203 0.256909 0
0.0513924 0.258598 0
0.0328152 0.258321 1
0.0336024 0.257054 0
0.0448255 0.260436 0
0.0611768 0.265405 0
0.0694326 0.266342 0
0.085173 0.269389 0
0.113169 0.277625 0
0.139742 0.28944 0
0.164866 0.299765 0
0.190554 0.311615 0
0.219937 0.322624 0
0.260038 0.330033 0
0.315097 0.352081 1
0.374963 0.371287 0
0.433633 0.390762 1
0.469465 0.402902 0
0.478089 0.402131 0
0.495136 0.398065 0
0.523382 0.399302 1
0.535846 0.386063 0
0.55344 0.374983 0
0.568524 0.368588 0
0.575012 0.365775 0
0.58305 0.365224 0
0.589154 0.367474 1
0.582101 0.34462 0
0.584398 0.339285 0
0.582095 0.329688 0
0.596776 0.317306 1
0.601762 0.293616 0
0.599833 0.278081 0
0.585534 0.266886 0
0.595942 0.258313 0
0.603461 0.252893 0
0.602972 0.236415 0
0.60015 0.230811 0
0.619267 0.229565 0
0.641377 0.233174 0
0.652913 0.228687 1
0.663165 0.220726 0
0.660019 0.208484 0
0.657117 0.201296 0
0.650146 0.187894 0
0.669663 0.185884 0
0.68833 0.186034 0
0.684613 0.173411 0
0.689842 0.165959 0
0.698836 0.162715 0
0.727198 0.174559 0
0.731136 0.173174 0
0.746614 0.180777 1
0.737996 0.175186 0
0.75371 0.181949 0
0.756451 0.174594 0
0.768078 0.174105 0
0.778082 0.175937 0
0.78696 0.17573 0
0.793105 0.172399 0
0.804869 0.172476 0
0.829728 0.178101 0
0.85475 0.191484 0
0.868049 0.186626 0
0.874858 0.187367 0
0.902036 0.19829 0
0.938019 0.230025 0
0.940811 0.209958 0
0.907189 0.194769 0
0.964882 0.225586 0
0.971058 0.231755 1
0.950818 0.216069 0
0.951033 0.219071 0
0.963077 0.225894 0
0.967582 0.226315 0
0.958297 0.238355 0
0.947445 0.250221 1
0.943893 0.249006 0
0.920189 0.247897 0
0.909586 0.246123 0
0.868082 0.225802 0
0.833225 0.232202 0
0.806446 0.231889 0
0.769541 0.227323 0
0.741839 0.209676 0
0.71169 0.198801 0
0.669962 0.19762 1
0.627457 0.167357 0
0.577993 0.142903 0
0.536699 0.128072 0
0.487393 0.109627 0
0.459482 0.102654 0
0.433382 0.0691787 0
0.421024 0.0665102 0
0.413242 0.068182 0
0.403192 0.0626877 0
0.414826 0.0693941 0
0.474713 0.102719 0
0.45665 0.0916242 0
0.473057 0.102388 0
0.459573 0.097313 0
0.452378 0.0958012 0
0.465175 0.10567 1
0.364629 0.0522493 0
0.357792 0.0484533 0
0.353988 0.0465857 1
