0.822486 0.270982 0
0.831719 0.277992 0
0.842801 0.276072 0
0.854422 0.276006 0
0.851573 0.26204 0
0.937169 0.224041 0
0.948121 0.210305 1
0.950173 0.20967 0
0.954716 0.211307 0
0.956147 0.210552 0
0.958881 0.211144 0
0.965375 0.211122 0
1 0.202094 0
0.999581 0.192894 0
0.984062 0.167397 1
0.9825 0.164625 0
0.981537 0.158637 0
0.973262 0.153784 0
0.973919 0.13839 0
0.856736 0.145985 0
0.832859 0.14169 0
0.795457 0.135281 0
0.778779 0.126696 1
0.764283 0.12515 0
0.722643 0.116848 0
0.666484 0.105626 0
0.607222 0.0960175 0
0.572409 0.0884229 0
0.527418 0.0796506 0
0.474247 0.0657218 0
0.426774 0.0529412 0
0.348615 0.0271122 0
0.349803 0.0364717 1
0.350304 0.0372719 0
0.349858 0.0397034 0
0.35569 0.0532376 0
0.431329 0.105014 0
0.42368 0.109407 0
0.416322 0.109016 0
0.406649 0.107738 0
0.40366 0.112459 0
0.387884 0.108899 0
0.37768 0.107211 0
0.378966 0.109217 0
0.376863 0.111852 1
0.377182 0.114094 0
0.37895 0.12141 0
0.383291 0.157355 0
0.383326 0.170586 0
0.366931 0.176134 0
0.364925 0.179587 1
0.35996 0.189869 0
0.349655 0.194663 0
0.350131 0.208207 0
0.331224 0.216684 0
0.302633 0.221439 0
0.286546 0.227996 0
0.278397 0.238055 0
0.269421 0.243814 1
0.262707 0.245852 0
0.258486 0.251437 0
0.247723 0.254814 0
0.226717 0.254855 0
0.190242 0.253785 0
0.12987 0.252225 0
0.0857021 0.250815 0
0.0656455 0.255247 0
0.0524864 0.255468 0
0.0454585 0.26078 1
0.030168 0.251734 0
0.0195805 0.252125 0
0.00756195 0.24693 0
0.00164005 0.246043 1
0.00201666 0.24952 0
0.00415398 0.255692 0
0 0.258858 0
0.0732126 0.294065 0
0.0743012 0.300055 0
0.0773753 0.30462 1
0.0790817 0.308511 0
0.0834365 0.310887 0
0.100968 0.317902 0
0.110437 0.323096 0
0.126234 0.325185 0
0.138088 0.326321 0
0.157952 0.324917 0
0.1806 0.325235 0
0.323091 0.372791 0
0.352667 0.381231 0
0.358455 0.384781 0
0.371127 0.389966 1
0.398996 0.396656 0
0.481868 0.435531 0
0.546086 0.446297 0
0.650312 0.449859 0
0.646961 0.446843 0
0.653192 0.439661 1
0.641049 0.436619 0
0.629309 0.432063 0
0.622341 0.420175 0
0.61664 0.415242 0
0.594978 0.401279 0
0.597475 0.395768 0
0.594476 0.38554 0
0.609653 0.386893 0
0.612817 0.379831 0
0.624734 0.378775 0
0.626591 0.37312 0
0.628401 0.367065 0
0.633537 0.363089 0
0.639459 0.35838 0
0.644185 0.353032 0
0.653169 0.351935 1
0.658729 0.33926 0
0.669594 0.327071 0
0.681601 0.321203 0
0.705966 0.309448 0
0.76303 0.327132 0
0.758747 0.314909 1
0.771206 0.304592 0
0.788451 0.30308 0
0.795406 0.295588 0
0.809691 0.292231 0
0.82404 0.288423 0
0.867669 0.293655 1
0.871282 0.293389 0
0.892833 0.293836 0
0.933568 0.277775 0
0.941549 0.261577 0
0.943286 0.248013 0
0.944923 0.238856 1
0.952629 0.23913 0
0.98729 0.212551 0
0.980557 0.19981 0
0.971784 0.191421 0
0.963303 0.189623 0
0.955991 0.19158 1
0.955991 0.191579 0
0.955992 0.191579 0
0.955992 0.191546 0
0.956134 0.19129 0
0.956789 0.189803 0
0.958784 0.187044 0
0.944818 0.127285 0
0.890294 0.101248 0
0.86112 0.114433 0
0.799687 0.100997 0
0.773578 0.111367 0
0.73679 0.0958234 0
0.715277 0.100602 0
0.65695 0.0750199 0
0.583366 0.0715001 0
0.554239 0.0685104 0
0.496769 0.0748033 0
0.458199 0.0484168 0
0.326791 0.0398474 0
0.308391 0.0792101 1
0.313546 0.0813647 0
0.319105 0.0821152 0
0.326681 0.0820096 0
0.334726 0.0783197 0
0.354268 0.0711962 0
0.35489 0.0782648 0
0.352572 0.0848828 0
0.406276 0.0962509 0
0.363111 0.0928007 0
0.36889 0.0948223 0
0.373723 0.099573 0
0.370211 0.104157 0
0.366556 0.114043 0
0.369 0.119185 0
0.381925 0.125566 0
0.385768 0.144694 0
0.37806 0.160258 0
0.378833 0.169929 0
0.373535 0.180243 0
0.355959 0.196104 0
0.3424 0.201866 0
0.334189 0.210997 0
0.330433 0.218298 0
0.332397 0.236226 0
0.298627 0.231672 0
0.273702 0.245176 0
0.272503 0.246693 0
0.269006 0.249075 0
0.269452 0.252272 0
0.271697 0.260736 0
0.237444 0.251308 0
0.215727 0.256891 0
0.178923 0.272339 0
0.0834461 0.263706 0
0.0586191 0.263219 0
0.0579981 0.266194 0
0.0550706 0.267537 0
0.0504283 0.2683 0
0.0475123 0.26738 0
0.046747 0.267156 1
0.0486939 0.271389 0
0.0505283 0.275067 0
0.0503515 0.276453 0
0.0580167 0.283073 0
0.150903 0.310278 0
0.162979 0.322724 0
0.182437 0.330241 0
0.19235 0.331778 0
0.217304 0.335083 0
0.226788 0.339961 0
0.243121 0.334758 0
0.254321 0.338196 0
0.274941 0.332736 0
0.286338 0.329643 1
0.297642 0.332841 0
0.30621 0.334665 0
0.312536 0.334416 0
0.300525 0.337532 0
0.434552 0.433451 0
0.447125 0.440675 0
0.526453 0.454291 0
0.7124 0.425376 0
0.679093 0.420832 0
0.681867 0.417141 1
0.684827 0.415413 0
0.682728 0.410782 0
0.684061 0.407661 0
0.681867 0.403498 0
0.678138 0.401849 0
0.676721 0.398213 0
0.677188 0.394753 0
0.673238 0.392268 0
0.672301 0.388499 0
0.668421 0.387056 0
0.665811 0.384365 0
0.665209 0.38176 0
0.66063 0.379458 0
0.661409 0.373987 0
0.658706 0.372593 0
0.658355 0.370451 1
0.658014 0.368399 0
0.659143 0.366456 0
0.677903 0.350344 0
0.69434 0.339193 0
0.704353 0.326645 0
0.708031 0.314156 0
0.719283 0.30636 0
0.723421 0.296755 0
0.812478 0.304463 0
0.814813 0.3018 0
0.821031 0.291515 0
0.828649 0.283339 0
0.860832 0.27404 0
0.87546 0.274973 0
0.876493 0.270217 0
0.881595 0.268455 1
0.886341 0.259511 0
0.887771 0.247382 0
0.894262 0.233544 0
0.888134 0.231637 0
0.897957 0.21075 0
0.906794 0.19959 0
0.920373 0.187793 0
0.923894 0.180251 0
0.932677 0.168455 0
0.966556 0.159492 0
0.946041 0.152707 0
0.927285 0.138483 0
0.908707 0.11343 0
0.872846 0.110222 0
0.8389 0.119168 0
0.81217 0.11427 0
0.767134 0.104031 0
0.724955 0.0865557 0
0.695978 0.0742151 0
0.654944 0.0714432 0
0.59317 0.0653411 0
0.530398 0.0588618 0
0.484765 0.0551966 0
0.443596 0.0513139 1
0.420778 0.0285231 0
0.323906 0.00164579 0
0.295395 0 0
0.289113 0.0139055 1
0.288436 0.0200209 0
0.288976 0.0237737 0
0.269543 0.028337 0
0.393975 0.0627157 0
0.38799 0.0685702 0
0.385097 0.0731972 1
0.384682 0.0783337 0
0.388259 0.0853943 0
0.386013 0.0901298 0
0.369593 0.0935876 0
0.396506 0.112913 0
0.34967 0.127831 0
0.361249 0.133023 0
0.36556 0.136112 1
0.365558 0.144265 0
0.369792 0.143254 0
0.35052 0.172671 0
0.383575 0.20524 0
0.37695 0.228476 0
0.452993 0.272232 0
