0.7974 0.135333 1
0.816495 0.130721 0
0.834725 0.127801 0
0.855319 0.107055 0
0.881424 0.0881429 0
0.898728 0.0664777 0
0.908839 0.0528623 0
0.971275 0.114875 0
0.913454 0.267923 0
0.908254 0.278496 0
0.910506 0.292113 0
0.917199 0.306137 0
0.93562 0.31648 0
0.915981 0.326142 0
0.907576 0.334988 0
0.902665 0.345264 0
0.910886 0.360812 0
0.902018 0.367118 0
0.917706 0.385208 0
0.932204 0.398871 0
0.941608 0.416864 0
0.951834 0.426649 0
0.956132 0.447315 0
0.963105 0.463994 0
0.968695 0.490884 0
0.981988 0.500519 0
0.985605 0.497736 0
0.993518 0.501931 0
0.987469 0.513439 0
0.989854 0.520125 0
0.996296 0.521472 0
0.999366 0.523252 0
0.999554 0.528237 1
0.999554 0.528236 0
0.999557 0.528237 0
0.999533 0.528226 0
0.999367 0.528296 0
1 0.526467 0
0.90098 0.479879 0
0.885872 0.465788 0
0.878874 0.464337 0
0.870469 0.456756 0
0.870574 0.454743 1
0.856849 0.452243 0
0.838628 0.445227 0
0.822844 0.436523 0
0.78035 0.43527 0
0.762552 0.426983 0
0.751802 0.411835 0
0.746729 0.383743 0
0.74035 0.364123 0
0.734502 0.351339 0
0.717038 0.327975 0
0.719016 0.292562 0
0.711094 0.259769 1
0.706055 0.266138 0
0.699782 0.268822 0
0.683556 0.312299 0
0.600514 0.0442525 0
0.608971 0.0611672 0
0.610448 0.0635836 0
0.610094 0.06365 0
0.609996 0.0635861 0
0.610365 0.0631439 0
0.610027 0.0637061 1
0.588642 0.0581118 0
0.561069 0.052729 0
0.542955 0.0514062 0
0.528739 0.061371 0
0.514948 0.0692652 0
0.496653 0.0677942 0
0.478462 0.0759198 0
0.460173 0.0757394 0
0.451057 0.0763476 0
0.4252 0.0500933 0
0.413312 0.0457944 0
0.388805 0.0425823 0
0.387167 0.0791687 0
0.377087 0.0794989 1
0.353796 0.10052 0
0.348385 0.111176 0
0.332183 0.11511 0
0.308648 0.131241 0
0.286575 0.130629 0
0.269418 0.147861 0
0.248614 0.159504 0
0.230957 0.165215 0
0.216139 0.174243 0
0.19466 0.184858 1
0.174623 0.192751 0
0.150362 0.216821 0
0.123696 0.238021 0
0.097194 0.26809 0
0.0846443 0.302685 0
0.0692123 0.330744 1
0.0548384 0.354602 0
0.037874 0.367888 0
0.0389133 0.392808 0
0.0484451 0.417055 0
0.0491742 0.432754 0
0.0404179 0.464964 0
0.0366062 0.489653 0
0.0387968 0.523193 1
0.0380453 0.522862 0
0.0698382 0.508232 0
0.148066 0.609635 0
0.16287 0.660794 0
0.162414 0.700068 0
0.185132 0.672833 0
0.196417 0.660108 0
0.21126 0.654506 0
0.30107 0.6926 0
0.371822 0.719973 0
0.32893 0.70805 0
0.470219 0.70399 1
0.41437 0.697225 0
0.415526 0.683254 0
0.431102 0.660537 0
0.429191 0.653274 0
0.387285 0.597114 0
0.41194 0.585286 0
0.3974 0.540583 0
0.423138 0.447368 0
0.454997 0.404408 0
0.492704 0.365827 0
0.510165 0.359975 0
0.527572 0.360478 1
0.531442 0.358702 0
0.534308 0.361407 0
0.521784 0.336491 0
0.707295 0.207547 0
0.700186 0.224252 0
0.702051 0.227937 1
0.706284 0.207376 0
0.724423 0.200905 0
0.73374 0.200875 0
0.747788 0.196052 0
0.770312 0.184096 0
0.80852 0.184068 0
0.833159 0.182294 0
0.842495 0.188008 1
0.863219 0.197294 0
0.874254 0.203039 0
0.893258 0.21789 0
0.92807 0.233369 0
0.933819 0.263769 0
0.963551 0.293771 1
0.965548 0.303933 0
0.968717 0.308532 0
0.9822 0.316656 0
0.987415 0.334448 0
0.984795 0.340151 0
0.956434 0.3816 0
0.968443 0.384523 0
0.970656 0.396343 0
0.993997 0.396493 0
0.960381 0.536294 0
0.955577 0.535748 0
0.970607 0.590406 0
0.970233 0.593273 0
0.972465 0.601004 0
0.967405 0.613727 0
0.968528 0.626558 0
0.967583 0.641362 0
0.974472 0.666384 0
0.981295 0.693713 0
0.967319 0.699261 0
0.950156 0.714948 0
0.937689 0.72649 1
0.911592 0.732042 0
0.895245 0.731406 0
0.885946 0.728899 0
0.859021 0.708146 0
0.841365 0.704814 0
0.817606 0.70104 0
0.787348 0.695875 0
0.767923 0.677393 0
0.73151 0.668016 0
0.716403 0.662782 1
0.719536 0.652408 0
0.723393 0.640632 0
0.731195 0.619341 0
0.739482 0.599126 0
0.736748 0.571154 0
0.72479 0.444422 0
0.717904 0.425643 0
0.710421 0.410769 0
0.703807 0.406693 0
0.686276 0.394563 0
0.674967 0.386456 0
0.664741 0.380654 1
0.672004 0.363522 0
0.683816 0.333403 0
0.697504 0.289469 0
0.695834 0.282191 0
0.696489 0.268344 0
0.582272 0.0119968 0
0.612398 0.0643865 0
0.610212 0.0630845 0
0.6103 0.0626494 0
0.608337 0.0585179 0
0.596304 0.0381198 0
0.578757 0.0294238 0
0.566689 0.0173221 0
0.545434 0.00488931 0
0.523482 0 0
0.496303 0.0025683 0
0.484744 0.0179473 0
0.461874 0.0257157 1
0.445886 0.0182835 0
0.432444 0.0140487 0
0.41514 0.00859427 0
0.389287 0.00468676 0
0.364791 1.48066e-05 0
0.35917 0.0262727 0
0.348002 0.0544027 0
0.347137 0.0758721 1
0.32893 0.0891495 0
0.31078 0.0929493 0
0.294898 0.0985563 0
0.27509 0.105231 0
0.26318 0.125946 0
0.248774 0.151576 0
0.216084 0.151662 0
0.18978 0.230391 0
0.166713 0.258705 0
0.139289 0.308938 0
0.128079 0.323027 0
0.0948151 0.385441 0
0.0584142 0.387801 0
0 0.440389 0
0.0294701 0.590528 0
0.0267164 0.576506 0
0.0277694 0.577449 0
0.028029 0.577325 1
0.0375185 0.590179 0
0.0355563 0.605467 0
0.0600368 0.618792 0
0.0703516 0.630948 0
0.0979091 0.647416 0
0.113365 0.669184 1
0.124019 0.673306 0
0.147925 0.688519 0
0.158468 0.70188 0
0.188802 0.718522 0
0.233171 0.746654 0
0.268181 0.737134 0
0.304499 0.724602 0
0.331542 0.728187 1
0.335828 0.717244 0
0.340911 0.698273 0
0.353981 0.676495 0
0.382054 0.659512 0
0.399999 0.65051 0
0.406206 0.637957 1
0.412511 0.622205 0
0.420117 0.602851 0
0.439716 0.616613 0
0.42238 0.55416 0
0.451197 0.443115 0
0.466429 0.42804 0
0.49779 0.395474 0
0.531826 0.375712 0
0.53554 0.368285 0
0.533285 0.339882 0
0.5404 0.36164 0
0.524729 0.312994 0
0.693276 0.206561 0
0.720769 0.216899 0
0.71942 0.230195 0
0.712762 0.2378 1
0.74259 0.211397 0
0.738974 0.215759 0
0.779539 0.198526 0
0.815831 0.198075 0
0.820085 0.196141 0
0.829304 0.210012 0
0.842026 0.214498 0
0.860535 0.215783 0
0.897704 0.223001 0
0.887978 0.252483 0
0.909986 0.283449 0
0.922394 0.309925 0
0.929675 0.32145 0
0.939285 0.340898 0
0.930444 0.346012 0
0.937447 0.358684 1
0.939901 0.362926 0
0.938291 0.370403 0
0.941211 0.377652 0
0.954974 0.385399 0
0.93918 0.563659 0
0.958792 0.549707 0
0.960233 0.549205 0
0.960555 0.549223 1
0.956074 0.562287 0
0.960501 0.577268 0
0.959407 0.632958 0
