0.145255 0.127782 0
0.119431 0.101281 0
0.116071 0.112017 0
0.111158 0.134589 0
0.112305 0.149544 0
0.109333 0.160868 0
0.114332 0.166707 0
0.116807 0.173987 0
0.110742 0.182344 0
0.10838 0.193388 0
0.109961 0.205645 0
0.110676 0.220169 0
0.0919805 0.231998 0
0.108665 0.234432 0
0.120499 0.234852 0
0.120137 0.241201 0
0.117604 0.247576 1
0.119246 0.258979 0
0.119107 0.275559 0
0.118535 0.273469 0
0.115711 0.271425 0
0.117944 0.273613 0
0.0122794 0.226988 0
0.013295 0.201873 0
0.0130699 0.195721 1
0.0128771 0.195512 0
0.0118403 0.19341 0
0.0123077 0.195105 0
0 0.19114 0
0.261974 0.182345 0
0.231027 0.167288 0
0.24319 0.165228 0
0.267865 0.168608 0
0.315977 0.18255 0
0.340399 0.195449 0
0.422089 0.229846 0
0.569805 0.316417 0
0.641534 0.354031 0
0.695487 0.379814 0
0.691127 0.337937 0
0.80903 0.391209 0
0.816066 0.381576 0
0.887458 0.401857 1
0.90176 0.405302 0
0.906153 0.395649 0
0.912573 0.386529 0
0.914072 0.377507 1
0.918251 0.369979 0
0.933076 0.365798 0
0.936857 0.352577 0
0.964885 0.346632 0
0.98179 0.332125 0
0.997362 0.317728 0
1 0.301985 0
0.987196 0.279303 0
0.972515 0.244979 0
0.859189 0.189731 0
0.809076 0.127726 0
0.820285 0.108104 0
0.832726 0.100183 0
0.841229 0.0892922 1
0.838914 0.0800108 0
0.849736 0.0767206 0
0.854249 0.0701061 0
0.862584 0.0706929 0
0.870162 0.0674636 0
0.880053 0.0713064 0
0.887227 0.0754772 0
0.891496 0.0843905 1
0.891498 0.0843901 0
0.89152 0.0843946 0
0.891686 0.0843754 0
0.893561 0.0840911 0
0.900784 0.0668596 0
0.716451 0.0694925 0
0.701192 0.0581849 0
0.67916 0.0662373 0
0.66431 0.0752325 0
0.646287 0.0772062 1
0.607684 0.0622743 0
0.580278 0.0680002 0
0.534968 0.0582076 0
0.497325 0.0539876 0
0.449509 0.0438019 0
0.210059 0.024693 0
0.183721 0 0
0.151434 0.0359547 0
0.1381 0.0461618 0
0.121071 0.0680031 1
0.120825 0.0797802 0
0.120782 0.091891 0
0.121251 0.103782 0
0.118501 0.116484 0
0.110853 0.130214 0
0.115577 0.141989 0
0.115091 0.156396 0
0.111016 0.162897 1
0.106136 0.166553 0
0.106852 0.17706 0
0.105958 0.185712 0
0.105647 0.200426 0
0.10129 0.213146 0
0.0994471 0.228024 1
0.105042 0.229993 0
0.1124 0.230953 0
0.113857 0.235349 0
0.114884 0.240649 0
0.11381 0.246187 0
0.108695 0.255849 0
0.069905 0.25476 0
0.083481 0.282791 0
0.0407775 0.254602 0
0.0314343 0.237688 0
0.0185588 0.231727 0
0.0145765 0.219022 0
0.00619624 0.215848 0
0.0154821 0.222773 0
0.211337 0.230979 0
0.226196 0.217141 0
0.232484 0.201845 0
0.227878 0.190366 0
0.235305 0.181242 0
0.232785 0.16832 1
0.253168 0.173322 0
0.299454 0.187404 0
0.473233 0.279791 0
0.396777 0.228048 0
0.495857 0.267396 0
