0.748581 0.306562 0
0.597291 0.427435 0
0.587034 0.476283 0
0.590364 0.550081 0
0.857214 0.404995 0
0.856672 0.385783 0
0.857756 0.386508 0
0.857444 0.387472 0
0.859623 0.392588 0
0.861231 0.395867 0
0.858822 0.391578 0
0.857917 0.387385 0
0.857596 0.386444 0
0.864195 0.387876 0
0.862196 0.386652 0
0.877426 0.386894 0
0.890847 0.384341 0
0.898063 0.380198 0
0.958768 0.350143 0
0.956031 0.333685 0
0.975305 0.286723 0
0.969496 0.276021 0
0.937765 0.290218 0
0.927568 0.291032 0
0.81533 0.31816 0
0.832389 0.328086 0
0.833639 0.332398 0
0.841332 0.329472 0
0.841081 0.334383 0
0.841403 0.339451 0
0.843011 0.343449 0
0.844786 0.346445 0
0.844172 0.350998 0
0.84433 0.353485 0
0.846224 0.355155 0
0.84566 0.357454 0
0.846407 0.358321 1
0.846465 0.358384 0
0.846467 0.359286 0
0.869462 0.240809 0
0.888035 0.179466 0
0.892867 0.15795 0
0.901142 0.121655 0
0.915877 0.094653 0
0.907077 0.0640011 0
0.857638 0.0657865 0
0.620332 0.0747841 0
0.565378 0.109423 0
0.569192 0.102756 0
0.567598 0.101796 0
0.566944 0.100853 1
0.562117 0.102547 0
0.559185 0.103106 0
0.554616 0.0997519 0
0.548257 0.0999748 0
0.554577 0.0924023 0
0.561188 0.0862806 0
0.563434 0.0798641 0
0.541048 0.0674394 0
0.54181 0.0685817 0
0.54086 0.069624 1
0.549155 0.0717885 0
0.550271 0.0775074 1
0.365728 0.285428 0
0.146008 0.534963 1
0.148238 0.538271 0
0.150902 0.541263 0
0.148038 0.550244 0
0.154057 0.545538 1
0.150597 0.556508 0
0.0851967 0.609402 0
0.0495812 0.611315 0
0.0595766 0.571128 0
0.0203666 0.586605 0
0 0.571437 0
0.0739416 0.515607 0
0.102831 0.493623 1
0.310883 0.122667 0
0.521506 0.0497364 1
0.517611 0.0508361 0
0.54065 0.0698213 1
0.515355 0.047185 0
0.538127 0 0
0.683607 0.177062 0
0.667532 0.194338 0
0.6655 0.196046 0
0.66551 0.197914 0
0.667499 0.201151 0
0.668791 0.203775 1
0.670849 0.210283 0
0.666802 0.220433 0
0.675159 0.231188 0
0.670314 0.265166 0
0.652381 0.406342 0
0.654385 0.492452 0
0.634509 0.578352 0
1 0.114605 0
0.722882 0.425758 0
0.859133 0.388713 0
0.857507 0.387088 0
0.857554 0.387126 0
0.857574 0.387195 0
0.857543 0.38712 1
0.849139 0.398429 0
0.83739 0.404358 0
0.818672 0.414284 0
0.803595 0.4067 0
0.766595 0.395269 0
0.978979 0.225046 0
0.821729 0.326258 0
0.799825 0.338102 0
0.808289 0.331847 0
0.817279 0.330829 1
0.819571 0.331225 0
0.824824 0.32933 0
0.831189 0.323283 0
0.832359 0.330567 0
0.832989 0.334981 0
0.835302 0.335814 0
0.836947 0.338878 0
0.839818 0.34236 0
0.839336 0.343182 0
0.840213 0.344528 0
0.84189 0.349258 0
0.843383 0.351367 0
0.843516 0.351612 0
0.843908 0.355349 0
0.845866 0.358406 0
0.845422 0.35662 0
0.847617 0.347541 0
0.84392 0.23676 0
0.849819 0.211011 0
0.859775 0.17684 0
0.745647 0.313834 0
0.855312 0.109919 0
0.896649 0.0889187 0
0.855538 0.076682 0
0.58096 0.0934534 0
0.567378 0.120454 0
0.562348 0.119451 0
0.564991 0.111548 0
0.564599 0.108831 0
0.558818 0.110949 0
0.549548 0.116198 0
0.56494 0.0959762 0
0.536395 0.105352 0
0.53416 0.104312 0
0.533713 0.0774182 0
0.536906 0.0720583 1
0.536716 0.0732565 0
0.535279 0.0786001 0
0.543256 0.0658396 0
