0.998281 0.330959 0
0.982886 0.239781 0
1 0.221926 0
0.982066 0.230568 0
0.965983 0.239793 0
0.957467 0.262045 0
0.815669 0.359044 0
0.686184 0.42279 0
0.688939 0.414871 1
0.68924 0.40265 0
0.657601 0.409846 0
0.649022 0.401614 0
0.603703 0.410258 0
0.582057 0.400214 0
0.563715 0.391451 0
0.549664 0.367153 0
0.521259 0.365219 0
0.583117 0.29603 0
0.574259 0.267515 0
0.560495 0.25314 0
0.543997 0.230737 0
0.541333 0.210624 0
0.527162 0.193116 0
0.514562 0.163591 0
0.519704 0.1517 0
0.51785 0.135843 0
0.51851 0.12515 1
0.519952 0.124651 0
0.516476 0.12337 0
0.516976 0.121901 0
0.517687 0.120671 0
0.519176 0.119289 0
0.521427 0.118498 0
0.536083 0.113669 0
0.504095 0.0952147 0
0.507639 0.0982494 0
0.50876 0.0988395 1
0.535766 0.104691 0
0.524375 0.106713 0
0.520855 0.108486 0
0.518261 0.108269 1
0.315588 0.232721 0
0.0944602 0.371476 1
0.093572 0.368553 0
0.0916409 0.368598 1
0.087325 0.366089 0
0.0841848 0.363141 0
0.0796765 0.361489 0
0.0786994 0.357042 0
0.0786999 0.351195 0
0.062208 0.35105 0
0.0877864 0.320292 0
0.0714134 0.335378 1
0.070221 0.333109 0
0.0699081 0.329661 1
0.161128 0.20312 0
0.50027 0.0769588 1
0.494292 0.0722264 0
0.513081 0.104853 1
0.499788 0.079031 0
0.476642 0.0797116 0
0.66005 0.0329751 0
0.752106 0 0
0.760888 0.00628849 0
0.762177 0.0279064 0
0.748962 0.0384899 0
0.75211 0.0551515 0
0.769336 0.0745686 0
0.779126 0.091187 0
0.782113 0.106276 0
0.790829 0.114632 0
0.796881 0.129266 0
0.806076 0.137456 0
0.818171 0.151143 0
0.826595 0.155069 0
0.806607 0.205244 0
0.738516 0.2752 0
0.759849 0.265454 0
0.755321 0.278886 0
0.689963 0.333218 0
0.795906 0.283291 0
0.66317 0.386744 0
0.676337 0.393304 0
0.724693 0.359894 0
0.890794 0.258058 0
0.86152 0.281412 0
0.928446 0.258822 0
0.930936 0.274754 0
0.978674 0.260994 0
0.976011 0.276561 0
0.971726 0.281259 0
0.958802 0.291934 0
0.912883 0.303487 0
0.946656 0.285407 0
0.899423 0.298719 0
0.765488 0.376551 0
0.697937 0.411288 0
0.690727 0.417307 0
0.686131 0.431729 0
0.666861 0.439651 0
0.63566 0.450197 0
0.610373 0.457786 0
0.581129 0.463549 0
0.56455 0.448846 0
0.524644 0.457688 0
0.476557 0.474437 0
0.467065 0.445534 0
0.453996 0.437695 0
0.489626 0.393973 0
0.559059 0.28071 0
0.549663 0.260243 0
0.540346 0.230973 0
0.529351 0.212746 0
0.522292 0.185048 0
0.519364 0.169203 0
0.516283 0.154847 0
0.516638 0.149935 0
0.515599 0.142178 0
0.514578 0.130138 0
0.515057 0.128184 0
0.50892 0.127706 0
0.525545 0.125164 0
0.517943 0.119602 0
0.520232 0.117518 0
0.520661 0.116331 0
0.521395 0.11502 0
0.508267 0.0986954 0
0.450622 0.144094 0
0.202037 0.338375 0
0.139078 0.392845 0
0.135611 0.400129 0
0.121981 0.406534 0
0.109912 0.40186 1
0.110037 0.397247 0
0.105948 0.398496 1
0.0250587 0.439862 0
0 0.442146 0
0.101893 0.438113 0
