0.516284 0.0322708 1
0.522046 0.0297008 0
0.536199 0.0345297 0
0.535032 0.0335006 0
0.544663 0.0391994 0
0.559635 0.0423427 0
0.575774 0.0493058 0
0.568236 0.0516798 0
0.584233 0.0643377 0
0.580446 0.0739763 0
0.593935 0.0759307 0
0.606342 0.104695 0
0.6248 0.123026 0
0.653889 0.118858 0
0.672341 0.12221 0
0.693206 0.117647 0
0.696189 0.14749 0
0.697182 0.190098 0
0.730628 0.201959 0
0.77828 0.190882 0
0.786352 0.173559 0
0.786944 0.176879 1
0.811912 0.19215 0
0.865361 0.226567 0
0.895816 0.245799 0
0.914422 0.265355 0
0.921392 0.289643 0
0.903103 0.302413 0
0.87044 0.31111 0
0.840807 0.318197 0
0.820304 0.321542 0
0.832417 0.349171 0
0.835618 0.378824 0
0.824582 0.390604 0
0.821299 0.422784 0
0.809881 0.445805 0
0.801021 0.463775 0
0.815473 0.484964 0
0.812238 0.509392 0
0.809965 0.526253 0
0.801533 0.544437 0
0.779688 0.555492 0
0.754785 0.590276 0
0.749445 0.597135 1
0.745301 0.607831 0
0.745562 0.618411 0
0.731635 0.633193 0
0.729196 0.644273 0
0.717496 0.657358 0
0.712518 0.666631 0
0.699434 0.684629 0
0.694816 0.706007 0
0.673384 0.723327 0
0.615071 0.757277 0
0.505187 0.785982 0
0.419668 0.729317 0
0.54809 0.72924 0
0.529708 0.720432 0
0.511225 0.733295 0
0.512985 0.737801 0
0.505098 0.731709 0
0.498204 0.734024 0
0.474193 0.740126 0
0.431893 0.724621 0
0.432032 0.719969 0
0.431463 0.719979 1
0.379038 0.708053 0
0.368074 0.677299 0
0.340137 0.652988 0
0.288819 0.641427 0
0.265947 0.641877 0
0.245709 0.61763 0
0.233791 0.599741 0
0.20683 0.580439 0
0.162038 0.561387 0
0.133709 0.558838 0
0.0888874 0.551336 0
0.0766119 0.535989 0
0.0616011 0.514443 0
0.0380383 0.493936 0
0.0303394 0.471806 0
0.0497399 0.4525 0
0.0418988 0.43568 0
0.0397465 0.417846 0
0.0520487 0.391702 0
0.0623404 0.381744 0
0.068415 0.362457 1
0.0678997 0.359966 0
0.0616799 0.362235 0
0.0309823 0.329934 0
0.00609288 0.298055 0
0.00299444 0.280847 0
0 0.265682 0
0.00546001 0.240158 0
0.0468356 0.226346 0
0.0800897 0.208669 0
0.136449 0.20319 0
0.15471 0.184808 0
0.161944 0.162494 0
0.188782 0.151539 0
0.185545 0.139106 0
0.202896 0.125591 0
0.221832 0.112062 0
0.239062 0.10043 0
0.270644 0.0818256 0
0.295321 0.076313 0
0.321223 0.0647837 0
0.33729 0.053086 0
0.360616 0.0427835 1
0.373359 0.0538629 0
0.408108 0.0611555 0
0.414744 0.0534046 0
0.423195 0.0508411 0
0.429996 0.0492743 0
0.433932 0.047831 0
0.438452 0.057392 0
0.441314 0.0619797 0
0.438935 0.0675205 0
0.454066 0.092349 0
0.55579 0.101064 0
0.585118 0.112316 0
0.624458 0.0922223 0
0.6358 0.105039 0
0.650013 0.120036 0
0.668375 0.122989 0
0.683951 0.129124 0
0.694595 0.141453 0
0.710446 0.152594 0
0.72111 0.174778 0
0.762826 0.186653 0
0.775653 0.16875 1
0.773147 0.175574 0
0.776986 0.195524 0
0.831217 0.223854 0
0.852933 0.243642 0
0.858788 0.256546 0
0.868346 0.271702 0
0.867764 0.297055 0
0.876027 0.315276 0
0.872803 0.335834 0
0.864623 0.347502 0
0.854504 0.365217 0
0.842075 0.384459 0
0.84979 0.405123 0
0.845497 0.434565 0
0.840421 0.455483 0
0.842223 0.473994 0
0.835648 0.498491 0
0.827215 0.517329 0
0.821105 0.530098 0
0.798561 0.54931 0
0.778456 0.560307 1
0.787683 0.572874 0
0.790404 0.59754 0
0.772932 0.618776 0
0.758559 0.635901 0
0.748925 0.646636 0
0.732416 0.660125 0
0.729248 0.684104 0
0.699814 0.692203 0
0.685391 0.708979 0
0.683096 0.727987 0
0.624783 0.75059 0
0.550623 0.748667 0
0.448179 0.748648 0
0.444768 0.740787 0
0.445478 0.745575 0
0.447028 0.74513 0
0.457995 0.751547 0
0.453102 0.742266 0
0.436558 0.730369 0
0.440111 0.729738 0
0.440612 0.730223 0
0.439617 0.731109 1
0.440381 0.733407 0
0.437327 0.744907 0
0.364004 0.73095 0
0.292412 0.70718 0
0.257018 0.68578 0
0.218357 0.674949 0
0.203625 0.661394 0
0.164012 0.649442 0
0.148221 0.631105 0
0.125472 0.607825 0
0.108759 0.586679 0
0.0846273 0.568322 0
0.0802007 0.541065 0
0.0807553 0.517966 0
0.0889814 0.492548 0
0.0758787 0.471568 0
0.0902231 0.443772 0
0.105669 0.427811 0
0.110037 0.396119 0
0.113135 0.374518 0
0.0683456 0.343863 0
0.0716192 0.343564 1
0.0715718 0.330275 0
0.0704746 0.321391 0
0.0705395 0.298289 0
0.0645501 0.270483 0
0.0739663 0.255467 0
0.0999463 0.241638 0
0.107418 0.213484 0
0.121473 0.193469 0
0.142271 0.171097 0
0.15311 0.161893 0
0.162552 0.139308 0
0.188924 0.136331 0
0.213119 0.118503 0
0.23198 0.105545 0
0.252198 0.0803591 0
0.27467 0.0537424 0
0.298425 0.0401859 0
0.323675 0.0224804 0
0.372027 0.0221865 0
0.385361 0.0320037 0
0.38498 0.0291197 1
0.392219 0.0227096 0
0.395168 0.0119656 0
0.399645 0.00701854 0
0.403179 0.00258168 0
0.407945 0.00132344 0
0.41079 0.00698099 0
0.407165 0.0056806 0
0.407114 0 0
0.594845 0.046216 0
0.607903 0.0382462 0
0.622118 0.0451295 0
0.634605 0.0554892 0
0.643451 0.0765058 0
0.66034 0.0822607 0
0.680501 0.0935285 0
0.695178 0.101948 0
0.708643 0.110886 0
0.724424 0.122169 0
0.735542 0.127489 0
0.747354 0.139091 0
0.760913 0.151668 0
0.773844 0.165194 1
0.783825 0.145374 0
0.885229 0.182924 0
0.953415 0.214609 0
1 0.246374 0
0.962067 0.258624 0
0.963191 0.27258 0
0.974516 0.292772 0
0.968917 0.303938 0
0.951365 0.307549 0
0.930467 0.300067 0
0.886708 0.329465 0
0.860196 0.350663 0
0.845162 0.385876 0
0.825175 0.406721 0
0.798379 0.431183 0
0.783754 0.446858 0
0.770839 0.464698 0
0.758119 0.481849 0
0.756807 0.501123 0
0.757316 0.529244 0
0.760265 0.547115 0
0.761605 0.552819 1
0.755583 0.55287 0
0.753904 0.554108 0
0.751119 0.553458 0
0.661026 0.5677 0
0.638568 0.579891 0
0.608049 0.595099 0
0.585619 0.605534 0
0.568836 0.616545 0
0.531312 0.632178 0
0.505222 0.641213 0
0.476171 0.659687 0
0.473495 0.661722 0
0.482228 0.662359 0
0.488522 0.674203 0
0.467245 0.684406 0
0.458356 0.690802 0
0.452622 0.700088 0
0.448042 0.702934 0
0.446557 0.708195 0
0.445967 0.710237 0
0.444189 0.713007 0
0.443323 0.714976 1
