0.0517052 0.580687 1
0.0518112 0.620455 0
0.0557772 0.650945 0
0.0584297 0.680616 0
0.0731731 0.692553 0
0.0817826 0.710368 0
0.0861864 0.746231 0
0.0732073 0.778265 0
0.0572153 0.821626 0
0.0749702 0.84371 0
0.0966024 0.874416 0
0.0972928 0.893255 0
0.13122 0.912566 0
0.167784 0.905025 0
0.204972 0.92494 0
0.243395 0.928457 0
0.274691 0.923264 0
0.32461 0.943275 0
0.362291 0.930107 0
0.401123 0.922839 0
0.45544 0.927972 0
0.495442 0.931067 0
0.561904 0.951432 0
0.58796 0.933934 1
0.590288 0.934759 0
0.593567 0.935743 0
0.596626 0.937466 0
0.599416 0.936865 0
0.601834 0.935269 0
0.608034 0.905554 0
0.603154 0.900109 0
0.603355 0.884418 0
0.602271 0.862146 0
0.595197 0.841044 0
0.631687 0.803997 0
0.615692 0.791472 0
0.659271 0.765271 0
0.704682 0.715536 0
0.753378 0.673089 0
0.783356 0.634385 0
0.804556 0.60521 0
0.818512 0.582608 0
0.843865 0.549521 0
0.873707 0.528383 0
0.900162 0.503012 0
0.904652 0.462976 0
0.926296 0.42172 0
0.924593 0.375924 1
0.929925 0.365679 0
0.935067 0.357244 0
0.933313 0.34656 0
0.953476 0.316571 0
0.97248 0.296851 0
1 0.254121 0
0.995888 0.224527 0
0.980183 0.195742 0
0.924079 0.177563 0
0.891512 0.127349 0
0.850495 0.113942 0
0.81722 0.115596 0
0.778834 0.0991171 0
0.73892 0.0895137 0
0.689846 0.0845573 0
0.647144 0.0614496 0
0.608683 0.0688829 0
0.563558 0.0450707 0
0.506943 0.0180869 0
0.447914 0.00818044 0
0.356618 0.00264751 0
0.322048 0.00353579 0
0.295941 0 0
0.265337 0.0143947 1
0.26397 0.0201796 0
0.261201 0.0408556 0
0.270236 0.0488841 0
0.273964 0.0584825 0
0.26622 0.0774582 0
0.275936 0.088887 0
0.2683 0.116104 0
0.207569 0.188905 0
0.114022 0.239759 0
0.115463 0.264672 0
0.0972892 0.301191 0
0.0999119 0.328113 0
0.0715239 0.350818 0
0.0668919 0.374743 0
0.0397482 0.401329 0
0.0364486 0.440963 0
0.0522167 0.481109 0
0.0291073 0.522682 0
0 0.561795 0
0.0420683 0.628262 0
0.0521059 0.659324 0
0.0429958 0.696085 0
0.0629137 0.71174 1
0.0719271 0.722985 0
0.0780443 0.746792 0
0.0856096 0.757595 0
0.0973035 0.774409 0
0.0982897 0.804692 0
0.11616 0.824679 0
0.134784 0.84513 0
0.1532 0.873337 0
0.182979 0.888509 0
0.212726 0.902374 0
0.246498 0.90301 0
0.26772 0.912139 0
0.300998 0.929042 0
0.356221 0.928864 0
0.393184 0.934653 0
0.424736 0.932252 0
0.470773 0.93531 0
0.524554 0.920927 0
0.608791 0.970374 0
0.637567 0.947564 0
0.645835 0.94599 0
0.653041 0.950052 0
0.655123 0.937942 0
0.660333 0.922276 1
0.669222 0.909939 0
0.680508 0.896908 0
0.687471 0.886486 0
0.684542 0.863097 0
0.704864 0.841915 0
0.702029 0.82492 0
0.719947 0.771306 0
0.753267 0.735069 0
0.786341 0.711148 0
0.811013 0.674167 0
0.836374 0.642734 0
0.861538 0.627732 0
0.874236 0.593863 0
0.86975 0.562777 0
0.890254 0.549511 0
0.935137 0.51678 0
0.918442 0.479804 0
0.924972 0.424837 0
0.880252 0.362624 0
0.908711 0.328257 0
0.900532 0.322634 0
0.900175 0.308242 0
0.901118 0.300575 0
0.892787 0.288682 1
