0.078138 0.999984 1
0.079096 0.997803 0
0.0780275 0.993068 0
0.0716636 0.985149 0
0.0670957 0.981909 0
0.0672432 0.991413 0
0.061161 0.984614 0
0.0561581 0.985613 0
0.0596157 0.999576 0
0.0575333 1 0
0.0478678 0.991489 0
0.0432852 0.998118 0
0.0382761 0.998516 0
0.0368869 0.990713 0
0.0283952 0.991585 0
0.0256113 0.986897 0
0.0305055 0.979497 0
0.0348588 0.974482 0
0.036045 0.96915 0
0.0313853 0.965793 0
0.0256568 0.966143 0
0.0194854 0.96911 0
0.0124665 0.972752 0
0.00683443 0.970685 0
0.0024348 0.96687 0
0.00212884 0.961994 0
0.011679 0.95693 0
0.0121367 0.951791 0
0.00388604 0.950822 0
0 0.946371 0
0.00329049 0.941528 0
0.00951235 0.94039 0
0.00942354 0.933967 0
0.0152049 0.933298 0
0.0211045 0.939413 0
0.0266931 0.942594 0
0.0302719 0.939459 0
0.0292353 0.928678 0
0.0341153 0.927099 0
0.0407203 0.929166 1
0.0448639 0.935429 0
0.0484356 0.941655 0
0.054371 0.942386 0
0.0615579 0.936642 0
0.0670006 0.937051 0
0.0730629 0.943493 0
0.0770709 0.943688 0
0.0824912 0.942097 0
0.0893114 0.940469 0
0.0957662 0.93921 0
0.102266 0.937783 0
0.107228 0.93606 0
0.112731 0.933934 0
0.11902 0.931534 0
0.125435 0.929079 0
0.130907 0.926929 0
0.138045 0.924072 0
0.145521 0.92104 0
0.152534 0.918151 0
0.158829 0.915521 0
0.164401 0.91315 1
0.400842 0.813209 1
0.40442 0.810208 0
0.40875 0.806171 0
0.412647 0.802121 0
0.416618 0.797564 0
0.419999 0.793324 1
0.532394 0.590653 1
0.535157 0.586161 0
0.538237 0.581197 0
0.541843 0.575424 0
0.545668 0.569329 0
0.549168 0.563772 0
0.552613 0.558309 0
0.5555 0.553713 0
0.559278 0.547695 0
0.562349 0.5427 0
0.564907 0.537865 0
0.566762 0.532973 0
0.568303 0.528682 0
0.570407 0.525604 0
0.574682 0.522447 0
0.580434 0.519614 0
0.584995 0.515661 1
0.585963 0.511814 0
0.58506 0.506904 0
0.584512 0.502102 0
0.584599 0.496471 0
0.585777 0.490639 0
0.587107 0.485835 0
0.588616 0.480641 0
0.590441 0.473807 0
0.591665 0.468696 0
0.592901 0.463026 0
0.594413 0.455578 0
0.595092 0.451185 0
0.596022 0.444057 0
0.596738 0.439115 0
0.597645 0.432224 0
0.598773 0.424752 1
0.599894 0.417581 0
0.600883 0.411273 0
0.602175 0.404353 0
0.603729 0.398213 0
0.60529 0.391941 0
0.607059 0.384847 0
0.60895 0.377159 0
0.610452 0.371024 0
0.612116 0.364286 0
0.613803 0.357278 0
0.615222 0.351464 0
0.616183 0.345592 1
0.617932 0.341545 0
0.620936 0.337567 0
0.624975 0.336057 0
0.627627 0.322179 0
0.626593 0.32299 0
0.62601 0.316162 0
0.624858 0.310199 0
0.625416 0.303667 0
0.626787 0.298506 0
0.628389 0.292724 0
0.629234 0.287071 0
0.630481 0.282345 0
0.631765 0.276433 0
0.633027 0.270554 1
0.634133 0.265156 0
0.635652 0.257858 0
0.636414 0.254074 0
0.638334 0.244127 0
0.63918 0.239798 0
0.640132 0.234695 0
0.641006 0.229532 0
0.641905 0.224929 0
0.642907 0.219834 0
0.644082 0.214052 0
0.64517 0.208991 1
0.646433 0.203738 0
0.647877 0.198253 0
0.649588 0.192391 0
0.651168 0.1869 0
0.65175 0.180249 0
0.654744 0.175506 0
0.656816 0.170754 0
0.659525 0.164156 0
0.661796 0.158714 1
0.66443 0.154447 0
0.667812 0.149777 0
0.670382 0.145512 0
0.672665 0.141181 0
0.674915 0.136195 0
0.677611 0.129984 1
0.681493 0.125214 0
0.68437 0.12149 0
0.685439 0.116536 0
0.682933 0.109373 0
0.684679 0.104693 1
0.690308 0.101575 0
0.694958 0.0974951 0
0.696594 0.0923965 0
0.693802 0.0865582 0
0.690292 0.0812541 0
0.689517 0.0743922 1
0.693723 0.0709392 0
0.700086 0.0700483 0
0.703275 0.0658962 0
0.704935 0.0602448 0
0.705825 0.0528083 0
0.704663 0.0474865 0
0.698457 0.04324 0
0.689919 0.0415893 0
0.68571 0.0366529 0
0.6865 0.0311672 1
0.690619 0.026749 0
0.69738 0.024285 0
0.699347 0.0193154 0
0.697934 0.0150595 0
0.693862 0.00999276 0
0.690145 0.00603454 0
0.685408 0.00505674 0
0.679804 0.012729 0
0.676002 0.0134291 0
0.674256 0.0060161 0
0.671786 0.000130423 0
0.665943 0 0
0.659308 0.00180922 0
0.656813 0.00577542 0
0.660262 0.0130564 0
0.658464 0.0165998 0
0.648348 0.0146379 0
0.646264 0.0198408 0
0.649579 0.0254788 0
0.654782 0.0305253 0
0.656021 0.0360409 1
0.652013 0.0404065 0
0.641967 0.0397641 0
0.638647 0.0428709 0
0.63911 0.0500243 0
0.642529 0.056671 0
0.643021 0.0619436 0
0.641771 0.0674459 0
0.640519 0.0733756 0
0.639445 0.0782347 1
0.633445 0.0844406 0
0.631806 0.0902801 0
0.631334 0.0956921 0
0.631777 0.101645 0
0.632711 0.10686 0
0.635164 0.112422 0
0.63868 0.118199 0
0.642604 0.122844 1
0.710714 0.155598 1
0.716472 0.159735 0
0.721067 0.163405 0
0.725966 0.167459 0
0.729666 0.171029 0
0.733381 0.175101 0
0.736928 0.17933 0
0.740497 0.184053 0
0.743269 0.187828 0
0.745725 0.191741 1
0.748491 0.197306 0
0.750892 0.202683 0
0.752382 0.20741 0
0.753447 0.210471 0
0.755563 0.216739 1
0.759259 0.224598 1
0.764613 0.229371 0
0.768315 0.235916 0
0.76408 0.250087 0
0.762657 0.217629 1
0.7709 0.252248 0
0.77283 0.255192 0
0.774242 0.259984 0
0.774583 0.267881 0
0.776123 0.27126 0
0.776885 0.278557 0
0.779608 0.281914 0
0.780453 0.287632 0
0.78186 0.293756 1
0.783439 0.301574 0
0.784719 0.307499 0
0.785695 0.312758 0
0.786205 0.315441 1
0.72944 0.36476 1
0.727507 0.367807 0
0.725709 0.37001 0
0.724972 0.372237 0
0.724479 0.375263 0
0.724773 0.378282 0
0.728584 0.383587 0
0.729348 0.385018 0
0.730004 0.386361 1
0.800568 0.369919 1
0.801314 0.371579 0
0.803036 0.37527 0
0.805303 0.37994 0
0.807199 0.384119 0
0.809344 0.388812 0
0.811307 0.393754 0
0.811419 0.39917 0
0.81118 0.404194 0
0.812895 0.408147 0
0.816745 0.412274 0
0.816697 0.417196 0
0.816213 0.421853 0
0.815562 0.42801 0
0.815663 0.432181 0
0.816789 0.437473 0
0.821367 0.442354 0
0.824055 0.445653 1
0.825387 0.450697 0
0.825685 0.456507 0
0.826446 0.461918 0
0.826591 0.467674 0
0.828811 0.472245 0
0.831227 0.477298 0
0.833193 0.481882 0
0.834442 0.487873 0
0.836221 0.492586 0
0.838763 0.497319 0
0.841221 0.502636 0
0.843305 0.50769 0
0.84486 0.512888 0
0.843075 0.522607 0
0.843741 0.527148 1
0.846633 0.530538 0
0.852008 0.533431 0
0.860685 0.535338 0
0.864318 0.539298 0
0.865882 0.544576 0
0.863756 0.549913 0
0.86005 0.554612 0
0.858706 0.559316 0
0.854459 0.565532 0
0.859388 0.568802 0
0.864438 0.571703 0
0.870171 0.573468 0
0.876292 0.57371 0
0.881499 0.57442 0
0.88508 0.578477 0
0.884521 0.585213 0
0.889129 0.588522 0
0.892715 0.593605 0
0.891584 0.599229 0
0.888912 0.602769 0
0.884138 0.605805 0
0.870269 0.607315 0
0.866873 0.610595 0
0.866332 0.613689 0
0.866204 0.621213 0
0.869609 0.625396 0
0.872304 0.629074 1
0.879489 0.626171 0
0.883996 0.626206 0
0.889001 0.627689 0
0.901241 0.628769 0
0.902981 0.632555 0
0.899268 0.638138 0
0.895516 0.644856 0
0.900736 0.647847 0
0.906902 0.648601 0
0.913381 0.649896 0
0.917408 0.654165 0
0.918002 0.658953 0
0.916201 0.665586 0
0.912098 0.669865 0
0.904431 0.669379 0
0.904135 0.673786 0
0.905357 0.679723 0
0.901629 0.683278 1
0.896704 0.684341 0
0.892742 0.683703 0
0.885832 0.674255 0
0.879472 0.678974 0
0.877739 0.676686 0
0.873373 0.672272 0
0.86635 0.669094 0
0.861679 0.668309 0
0.857445 0.66911 0
0.852254 0.671495 1
0.850342 0.678001 0
0.851473 0.68339 0
0.851486 0.689062 0
0.852395 0.696219 0
0.850151 0.70081 0
0.846176 0.705132 0
0.840413 0.709429 0
0.836239 0.71338 0
0.833129 0.716885 0
0.830581 0.721636 0
0.826869 0.72743 0
0.823486 0.732357 0
0.819741 0.737015 0
0.816978 0.741561 0
0.813801 0.746104 0
0.811207 0.753011 0
0.805627 0.758183 1
0.806273 0.76302 0
0.798928 0.768656 0
0.79594 0.767562 0
0.793501 0.746251 1
0.792379 0.788089 0
0.789483 0.788471 0
0.785316 0.794176 0
0.781108 0.797723 0
0.779199 0.801192 0
0.776369 0.808109 0
0.773482 0.815369 0
0.77197 0.822221 0
0.770507 0.828068 0
0.768765 0.834869 1
0.767049 0.842778 0
0.765458 0.851105 0
0.764772 0.857806 0
0.764453 0.864573 0
0.764498 0.871265 0
0.764708 0.879486 0
0.765068 0.886344 0
0.765588 0.89021 0
0.766879 0.896034 1
0.768069 0.904403 0
0.768853 0.911305 0
0.769897 0.918241 0
0.770631 0.921788 0
0.808891 0.940865 1
0.798692 0.942324 0
0.790197 0.945768 0
0.789517 0.949219 0
0.792062 0.954012 0
0.790228 0.961268 0
0.793034 0.964674 0
0.803264 0.964017 0
0.806276 0.967944 0
0.796391 0.975464 0
0.799725 0.977895 0
0.806842 0.980793 1
0.805927 0.984989 0
0.800373 0.988172 0
0.798341 0.99421 0
0.793979 0.994559 0
0.787356 0.988451 0
0.781602 0.997005 0
0.776752 0.996363 0
0.775913 0.987238 0
0.771595 0.987089 0
0.764679 0.992176 0
0.760274 0.989592 0
0.75702 0.985681 0
0.761776 0.978384 0
0.767996 0.970164 1
0.763787 0.969784 0
0.748025 0.971381 0
0.737106 0.970927 0
0.73455 0.968483 0
0.731952 0.963644 0
0.720896 0.960184 1
0.721616 0.957491 0
0.732096 0.954216 0
0.739077 0.949123 0
0.739112 0.944371 0
0.731206 0.942671 0
0.726595 0.941345 0
0.719818 0.940911 0
0.716899 0.938646 0
0.721204 0.932302 0
0.730606 0.926436 0
0.725739 0.924835 0
0.72735 0.920359 0
0.726638 0.915275 0
0.715955 0.918281 0
0.719115 0.909969 1
0.697879 0.919863 1
0.699731 0.913853 0
0.703452 0.903838 0
0.704164 0.897897 0
0.703179 0.890692 0
0.700546 0.884268 0
0.697361 0.877902 0
0.693179 0.870064 0
0.689739 0.864501 0
0.686562 0.860219 0
0.682922 0.855773 0
0.679716 0.851894 0
0.675908 0.847372 0
0.670828 0.842457 0
0.66687 0.838626 0
0.66211 0.835933 0
0.655095 0.832661 0
0.651174 0.8305 0
0.63441 0.823894 1
0.646599 0.844447 1
0.638217 0.81935 0
0.629603 0.813509 0
0.620959 0.80603 0
0.614962 0.800789 0
0.608798 0.796049 0
0.603595 0.7918 0
0.59829 0.787614 0
0.591404 0.782066 0
0.586297 0.777315 1
0.583938 0.773508 0
0.581852 0.769729 0
0.578933 0.766229 0
0.571674 0.767337 0
0.567646 0.766238 0
0.56355 0.76353 0
0.55844 0.759248 0
0.554225 0.755972 0
0.550729 0.753052 0
0.548206 0.748428 1
0.543739 0.746295 0
0.538485 0.74467 0
0.533214 0.742506 0
0.529749 0.740375 0
0.523189 0.735827 0
0.5195 0.733517 0
0.513292 0.729908 0
0.508317 0.726976 0
0.503048 0.723899 0
0.497931 0.720943 0
0.492543 0.717854 0
0.486919 0.71464 0
0.481136 0.71133 0
0.476111 0.708512 0
0.472675 0.706621 0
0.465835 0.700029 0
0.462891 0.705629 1
0.459454 0.700294 0
0.455762 0.696179 0
0.450464 0.693008 0
0.44572 0.6909 0
0.441105 0.689495 0
0.433308 0.688091 0
0.42893 0.68633 0
0.424928 0.684401 0
0.420094 0.68213 0
0.413807 0.679622 0
0.4095 0.678163 0
0.404807 0.676779 0
0.39987 0.67545 0
0.39581 0.674451 0
0.388824 0.672669 0
0.382839 0.672111 1
0.254216 0.663632 1
0.244076 0.662144 0
0.239228 0.661457 0
0.326135 0.659126 1
0.226027 0.660564 0
0.219544 0.660352 0
0.212762 0.660103 0
0.207775 0.659862 0
0.203721 0.659589 1
0.195328 0.659181 0
0.19015 0.658569 0
0.184736 0.658301 0
0.17986 0.658579 0
0.174576 0.659708 0
0.16925 0.660627 0
0.165137 0.65981 0
0.160907 0.657664 0
0.154754 0.653723 0
0.149987 0.651545 1
0.145287 0.649733 0
0.139287 0.647563 0
0.133778 0.645212 0
0.127366 0.641933 0
0.12433 0.639726 0
0.120863 0.635309 0
0.116207 0.632902 0
0.110365 0.633988 0
0.105496 0.634035 0
0.100909 0.629809 0
0.0963172 0.62751 0
0.0978761 0.622018 0
0.101527 0.613056 0
0.0954016 0.610832 0
0.0922322 0.608775 0
0.0829932 0.611658 0
0.0805533 0.608773 0
0.0856618 0.598773 1
0.0792008 0.596742 0
0.0731456 0.594913 0
0.0702286 0.592324 0
0.0680114 0.587802 0
0.0667187 0.580158 0
0.0661805 0.574857 0
0.067755 0.570894 0
0.0741132 0.567058 0
0.0769465 0.561213 0
0.0759532 0.557071 0
0.067721 0.554009 0
0.0652431 0.549861 0
0.064068 0.54422 0
0.0638482 0.539065 1
0.0668789 0.535169 0
0.0714619 0.532243 0
0.0757307 0.528941 0
0.0727256 0.520544 0
0.075925 0.516857 0
0.0822615 0.515878 0
0.086262 0.512554 0
0.0881589 0.506901 0
0.0869932 0.501736 0
0.0869492 0.496441 0
0.0903202 0.49147 0
0.0936545 0.487596 0
0.0969283 0.483638 0
0.100127 0.478976 0
0.10316 0.473647 0
0.106177 0.468464 0
0.108666 0.46434 0
0.111577 0.459618 0
0.114322 0.454974 1
0.117091 0.449782 0
0.120349 0.4434 0
0.123052 0.438032 0
0.125683 0.432513 0
0.128175 0.426886 0
0.130278 0.421758 0
0.132461 0.415908 0
0.134727 0.409306 0
0.136692 0.403253 0
0.13873 0.396382 0
0.140082 0.390505 0
0.140896 0.38525 0
0.141969 0.378881 0
0.144211 0.372411 0
0.148073 0.367332 0
0.150577 0.36341 0
0.152216 0.358615 0
0.152129 0.353462 0
0.147961 0.344911 0
0.137074 0.34143 0
0.12783 0.338823 1
0.125138 0.334995 0
0.125225 0.329999 0
0.131421 0.326911 0
0.14264 0.325175 0
0.143566 0.321454 0
0.14159 0.316075 0
0.133756 0.312047 0
0.137521 0.3071 0
0.124086 0.309398 0
0.130161 0.303538 0
0.12241 0.300503 0
0.130592 0.294832 0
0.137642 0.286533 0
0.142419 0.278317 0
0.144243 0.285752 0
0.146167 0.295161 0
0.152276 0.300217 0
0.154098 0.290455 0
0.15816 0.282803 0
0.158898 0.276447 0
0.162925 0.287094 0
0.164311 0.296861 0
0.167116 0.302861 0
0.172299 0.301037 0
0.175458 0.295846 0
0.175143 0.290791 0
0.174193 0.28344 0
0.172581 0.274105 0
0.177302 0.272971 0
0.185218 0.277234 0
0.193092 0.278325 0
0.194897 0.286199 0
0.200372 0.285999 0
0.204983 0.289816 0
0.205412 0.297032 1
0.200595 0.301633 0
0.196201 0.308235 0
0.193093 0.312626 0
0.188988 0.315291 0
0.209787 0.316212 0
0.210812 0.319305 0
0.202945 0.326358 0
0.198054 0.330806 0
0.195221 0.335971 0
0.193917 0.342802 0
0.194387 0.354857 0
0.194575 0.372631 1
0.197282 0.369319 0
0.200872 0.373545 0
0.203016 0.378687 0
0.204561 0.387149 0
0.205572 0.391965 0
0.205486 0.397145 0
0.206773 0.40406 0
0.208179 0.408947 0
0.212204 0.417902 0
0.214752 0.421314 0
0.216932 0.446015 0
0.22268 0.432623 0
0.226829 0.436343 0
0.229902 0.439172 0
0.235867 0.446437 0
0.237193 0.45145 0
0.238028 0.456467 0
0.234888 0.461941 0
0.233903 0.466742 0
0.236261 0.470986 0
0.2437 0.472122 0
0.251184 0.472123 0
0.253338 0.477457 1
0.253071 0.482015 0
0.248443 0.487438 0
0.246538 0.492234 0
0.248273 0.49724 0
0.25363 0.501015 0
0.259866 0.503512 0
0.25469 0.511099 0
0.255788 0.514757 0
0.257154 0.520805 0
0.25908 0.525607 0
0.266507 0.53167 0
0.270779 0.530039 0
0.277777 0.572524 1
0.277536 0.542944 0
0.279674 0.547763 0
0.282548 0.552662 0
0.284961 0.559196 0
0.288012 0.565191 0
0.289397 0.570734 0
0.29031 0.585551 0
0.290547 0.590268 1
0.291081 0.594165 0
0.292555 0.60209 0
0.295247 0.610379 0
0.296975 0.617168 0
0.298609 0.622468 0
0.301815 0.625054 0
0.307246 0.635871 1
0.302661 0.639365 0
0.298164 0.643352 0
0.296964 0.649398 0
0.296896 0.650873 0
0.297895 0.66343 0
0.29884 0.670005 1
0.299182 0.677152 0
0.298702 0.685208 0
0.304318 0.689174 0
0.298453 0.696679 0
0.298959 0.702008 0
0.300859 0.707073 0
0.30894 0.71026 0
0.312336 0.713124 0
0.320238 0.717985 0
0.322011 0.71498 1
0.318086 0.727563 0
0.31456 0.734095 0
0.311964 0.737942 0
0.307703 0.739226 0
0.300136 0.736245 0
0.295458 0.737066 0
0.290132 0.740309 0
0.298958 0.749094 0
0.295145 0.752836 0
0.289055 0.754998 0
0.285989 0.755951 0
0.277808 0.750608 0
0.274175 0.751991 0
0.271129 0.756028 0
0.271347 0.7624 0
0.273343 0.767654 0
0.267715 0.771174 1
0.27055 0.775396 0
0.274612 0.780102 0
0.281521 0.781215 0
0.285424 0.784732 0
0.291765 0.784333 0
0.296392 0.784987 0
0.300095 0.788774 0
0.306085 0.791923 0
0.309609 0.796528 1
0.305864 0.803613 0
0.305577 0.807346 0
0.301666 0.810452 0
0.294753 0.814671 0
0.29331 0.820268 0
0.293562 0.825739 0
0.295457 0.830798 0
0.299438 0.836114 0
0.300264 0.841494 0
0.29835 0.847721 0
0.297025 0.854043 0
0.295999 0.859943 0
0.291378 0.86851 0
0.297195 0.869122 0
0.30706 0.8694 0
0.309829 0.871922 1
0.303146 0.882361 0
0.299567 0.890864 0
0.301335 0.895322 0
0.295783 0.903431 0
0.306467 0.909792 0
0.305426 0.908849 0
0.299278 0.914958 0
0.296691 0.917516 0
0.292633 0.922301 0
0.288435 0.924379 0
0.283309 0.9291 0
0.279582 0.933915 0
0.27865 0.941175 0
0.280765 0.945518 0
0.278668 0.952538 0
0.289047 0.952221 0
0.297666 0.950651 1
0.29957 0.954971 0
0.299018 0.960644 0
0.294889 0.964274 0
0.287459 0.967472 0
0.281834 0.971595 0
0.282581 0.975297 0
0.29009 0.979359 0
0.28778 0.986033 0
0.290162 0.991811 0
0.294418 0.995305 1
0.301026 0.989491 0
0.304405 0.995402 0
0.309171 0.999622 0
0.313263 0.994724 0
0.314688 0.988842 0
0.316944 0.98185 0
0.322995 0.978772 0
0.326389 0.980308 0
0.329233 0.986936 0
0.332716 0.993633 0
0.336997 0.996188 0
0.342055 0.995107 0
0.346093 0.989975 0
0.350083 0.987523 0
0.350769 0.982068 0
0.348571 0.974829 0
0.350281 0.969798 0
0.356461 0.968041 0
0.362214 0.967862 0
0.364737 0.968487 0
0.370564 0.987352 1
0.376382 0.971139 0
0.379706 0.969897 0
0.385413 0.966796 0
0.390019 0.961024 0
0.390599 0.956733 0
0.388495 0.951188 0
0.389025 0.94704 0
0.391876 0.942361 0
0.397001 0.93909 0
0.403218 0.938799 0
0.408037 0.940053 0
0.41169 0.940074 0
0.417316 0.933128 0
0.422053 0.928522 0
0.422046 0.925715 0
0.41979 0.921255 0
0.417439 0.915839 0
0.417111 0.914447 1
