0.383729 0.193268 1
0.345575 0.252664 0
0.325002 0.217438 0
0.227075 0.29816 0
0.244059 0.299006 0
0.278051 0.330374 0
0.251205 0.357098 0
0.158242 0.373497 0
0.172903 0.365078 0
0.183263 0.45649 0
0.270297 0.470926 0
0.165977 0.514656 0
0.161448 0.529295 0
0.133865 0.569311 0
0.120226 0.605031 0
0.158642 0.636585 0
0.126326 0.694189 0
0.14656 0.726823 0
0.125515 0.779161 0
0.183425 0.787446 0
0.221707 0.78722 0
0.283274 0.939749 0
0.274993 0.800643 0
0.341106 0.758495 0
0.317249 0.814504 0
0 0.807154 1
0.382351 0.854759 0
0.386089 0.818468 0
0.283107 0.839743 0
0.409288 0.784878 0
0.479967 0.791528 0
0.49467 0.76862 0
0.460221 0.738861 0
0.502983 0.66645 0
0.556637 0.673638 0
0.577956 0.640545 0
0.625411 0.598039 0
0.649181 0.559432 0
0.666632 0.610476 0
0.781258 0.671519 0
0.937507 0.643459 1
0.777754 0.53685 0
0.817017 0.532833 0
0.828427 0.544101 0
0.82693 0.508602 1
0.885222 0.513584 0
0.889052 0.501974 0
0.91399 0.474144 0
0.954724 0.463267 0
1 0.452881 0
0.996791 0.387979 0
0.904326 0.400144 0
0.880424 0.36274 1
0.893388 0.342933 0
0.873354 0.329478 0
0.942237 0.319274 0
0.954911 0.305002 0
0.949625 0.260849 0
0.915874 0.230023 0
0.977758 0.212403 0
0.969538 0.157527 0
0.974123 0.17621 0
0.997625 0.112686 0
0.98168 0.138176 0
0.944688 0.10415 0
0.900434 0.120076 1
0.892501 0.111649 0
0.909425 0.0848942 0
0.905932 0.0411548 0
0.868578 0.0376836 0
0.836929 0.0654052 0
0.818363 0.0230133 0
0.817086 0 0
0.759324 0.0182446 0
0.744964 0.0481006 0
0.751866 0.0724523 0
0.651331 0.114842 0
0.709756 0.158139 0
0.712307 0.105698 0
0.778328 0.418967 1
0.62417 0.141682 0
0.635755 0.21086 0
0.616012 0.212198 0
0.58409 0.246068 0
0.549192 0.267814 0
0.50269 0.243284 0
0.492105 0.307758 0
0.461948 0.329154 0
0.454684 0.266875 0
0.403376 0.370526 0
0.374906 0.348432 0
0.412535 0.329567 0
0.371602 0.304081 0
0.355187 0.355375 0
0.336073 0.323321 0
0.308812 0.404854 0
0.201621 0.236692 0
0.300927 0.442129 0
0.350283 0.502898 0
0.310789 0.482893 0
0.355977 0.930725 1
0.287034 0.564508 0
0.283768 0.586213 0
0.222454 0.601173 0
0.242502 0.625224 0
0.214354 0.679531 0
0.258749 0.682551 0
0.21422 0.732676 0
0.183754 0.885214 0
0.206349 0.875137 0
0.21779 0.874503 0
0.267786 0.886771 0
0.296296 0.90576 0
0.268789 0.941726 0
0.335376 0.948864 1
0.387932 0.934873 1
0.442491 0.918388 0
0.462771 0.955019 0
0.504976 0.917438 0
0.496361 0.877583 0
0.458999 0.823536 0
0.546064 0.806113 0
0.567438 0.794594 0
0.570427 0.706594 0
0.63263 0.719427 0
0.664683 0.689366 0
0.662102 0.652553 0
0.689454 0.691361 0
0.701914 0.583929 0
0.73001 0.612058 1
