0.833035 0.0772279 1
0.833035 0.0772279 0
0.833035 0.0772279 0
0.833036 0.0772269 0
0.143546 0.0636627 1
0.120065 0.0706769 0
0.1011 0.0975182 0
0.085392 0.112401 0
0.0677641 0.128717 0
0.0580461 0.151335 0
0.0685663 0.184725 0
0.0421275 0.203668 0
0.0571118 0.233166 0
0.0911582 0.275485 0
0.101309 0.306723 0
0.129959 0.330238 0
0.158328 0.361192 0
0.172379 0.39929 0
0.221034 0.436949 0
0.192756 0.487124 0
0.208241 0.521688 0
0.206388 0.569902 0
0.212943 0.614958 0
0.222638 0.656536 0
0.244805 0.702533 0
0.283424 0.750836 0
0.319249 0.798176 0
0.340762 0.831177 0
0.362663 0.81629 0
0.391213 0.816637 0
0.402107 0.822702 0
0.421691 0.817477 0
0.446834 0.840746 0
0.468384 0.850468 0
0.499961 0.862081 0
0.530747 0.873941 0
0.565071 0.890785 0
0.605988 0.901552 0
0.629859 0.896393 0
0.676135 0.878655 0
0.729084 0.855421 0
0.772949 0.844824 0
0.788458 0.82799 0
0.840061 0.82028 0
0.883377 0.8145 0
0.919732 0.811029 0
0.945877 0.790065 0
0.955935 0.752536 0
0.994996 0.68736 0
1 0.660908 0
0.997771 0.649604 0
0.988443 0.646531 1
0.976446 0.621244 0
0.9377 0.619081 0
0.928823 0.597057 0
0.902438 0.592744 0
0.878167 0.584092 1
0.867063 0.582943 0
0.855081 0.573739 0
0.840258 0.567915 0
0.826622 0.556365 0
0.785718 0.537234 0
0.763013 0.514361 0
0.717087 0.472554 0
0.701065 0.466431 0
0.680554 0.424603 0
0.670699 0.407512 0
0.649689 0.385349 0
0.644558 0.352038 0
0.629242 0.342384 0
0.61786 0.317175 1
0.583655 0.286439 0
0.564013 0.257974 0
0.536842 0.220299 0
0.532314 0.21437 0
0.527691 0.186582 0
0.513744 0.172274 0
0.513562 0.151988 1
0.503364 0.141163 0
0.477057 0.120872 0
0.452281 0.108018 0
0.433007 0.0886757 0
0.421667 0.0704698 0
0.408697 0.0486508 0
0.385447 0.0336647 1
0.371389 0.0301985 0
0.341435 0.0355365 0
0.32715 0.0254596 0
0.306596 0.0129807 0
0.282638 0.0154539 0
0.267476 0.00607741 0
0.231127 0.0121719 0
0.212442 0 0
0.190313 0.00677795 0
0.171732 0.0202501 0
0.133191 0.0118095 0
0.108295 0.0282258 0
0.0663746 0.0407969 0
0.065968 0.105718 0
0.0227602 0.106515 0
0.00699568 0.124239 1
0 0.130923 0
0.00548911 0.173994 0
0.0435867 0.23032 0
0.0555091 0.252636 0
0.109551 0.279547 0
0.141892 0.31815 0
0.174386 0.355065 0
0.195843 0.390528 0
0.218125 0.431183 1
0.222832 0.468593 0
0.219898 0.520396 0
0.230461 0.564087 0
0.25054 0.616348 0
0.244362 0.659335 0
0.284318 0.722951 0
0.30711 0.748119 0
0.339155 0.822692 1
0.353633 0.858103 0
0.379208 0.866985 0
0.403051 0.868603 0
0.43362 0.877317 0
0.465317 0.887673 0
0.500368 0.887194 0
0.530904 0.887527 0
0.559135 0.904536 0
0.590239 0.905746 0
0.632306 0.901535 0
0.652338 0.910477 0
0.714526 0.907574 0
0.753376 0.882398 0
0.773853 0.874604 1
