0.302483 0.336941 1
0.302371 0.337316 0
0.302507 0.337972 0
0.30235 0.338435 0
0.30259 0.339584 0
0.304551 0.341606 0
0.361485 0.330852 0
0.366244 0.328242 0
0.368074 0.328774 0
0.368328 0.329708 0
0.368772 0.330288 0
0.369101 0.330396 0
0.369265 0.330734 0
0.369692 0.331126 0
0.369831 0.33118 1
0.374414 0.333265 0
0.378621 0.334765 0
0.381346 0.33655 0
0.384135 0.336672 0
0.388838 0.338452 0
0.390858 0.340289 0
0.396411 0.339942 0
0.402167 0.342955 0
0.40676 0.340294 0
0.413851 0.340548 0
0.417607 0.333707 0
0.427936 0.327542 0
0.429049 0.325364 0
0.432283 0.321954 0
0.431312 0.317869 1
0.431555 0.317178 0
0.431728 0.316591 0
0.433152 0.311804 0
0.417704 0.305609 0
0.511072 0.256418 0
0.506934 0.250097 0
0.507274 0.249316 0
0.507656 0.247848 0
0.509507 0.244339 0
0.509548 0.243345 0
0.509247 0.242567 0
0.509571 0.241525 0
0.509779 0.240045 0
0.510724 0.2382 0
0.50952 0.238654 1
0.509066 0.237896 0
0.507212 0.237043 0
0.50775 0.236648 0
0.5079 0.235971 0
0.508466 0.234801 0
0.506029 0.235478 0
0.507585 0.231757 0
0.508631 0.229554 0
0.508915 0.228456 0
0.511114 0.226148 0
0.511806 0.223896 0
0.513067 0.222605 0
0.513567 0.221292 0
0.515203 0.218959 0
0.515857 0.218212 1
0.515896 0.216788 0
0.516279 0.217079 0
0.51704 0.216322 0
0.51867 0.215724 0
0.521174 0.215993 0
0.524097 0.214617 0
0.526945 0.21546 0
0.529032 0.216607 0
0.531056 0.217963 0
0.532825 0.219073 0
0.53596 0.219666 0
0.53613 0.222398 0
0.538547 0.222497 0
0.539876 0.224438 0
0.540447 0.226329 1
0.540739 0.226743 0
0.540415 0.226699 0
0.539539 0.227432 0
0.539902 0.230591 0
0.539624 0.232863 0
0.539083 0.235746 0
0.53975 0.240309 0
0.539336 0.24198 0
0.536637 0.251316 0
0.516305 0.271401 0
0.527318 0.305788 0
0.369678 0.547821 0
0.347737 0.540242 0
0.349054 0.537166 0
0.347083 0.542475 1
0.337491 0.545413 0
0.329373 0.544649 0
0.326153 0.532275 0
0.321875 0.525928 0
0.317538 0.517737 0
0.30626 0.512755 0
0.300639 0.505629 0
0.296156 0.495268 0
0.294349 0.486895 0
0.291715 0.476178 0
0.283886 0.471797 0
0.280326 0.464298 0
0.277072 0.455677 0
0.274417 0.451415 0
0.270498 0.444726 1
0.48807 0.256377 0
0.453473 0.273677 0
0.458741 0.271939 0
0.468629 0.260291 0
0.153626 0.470094 0
0.171656 0.398079 0
0.175733 0.395194 0
0.167675 0.386308 0
0.162907 0.372139 0
0.163415 0.359392 0
0.169963 0.277815 0
0.17629 0.270837 0
0.182534 0.268327 0
0.183369 0.268592 0
0.185891 0.267738 1
0.191838 0.270395 0
0.195745 0.269428 0
0.20096 0.270378 0
0.203818 0.274993 0
0.208173 0.276226 0
0.217335 0.278112 0
0.220114 0.283338 0
0.226087 0.285955 0
0.230402 0.285932 0
0.234564 0.292909 0
0.241229 0.296893 0
0.24651 0.297693 0
0.250436 0.297706 0
0.254194 0.297145 0
0.258952 0.300142 1
0.258972 0.300144 0
0.258987 0.300019 0
0.259467 0.299962 0
0.262155 0.296972 0
0.262974 0.297995 0
0.29013 0.271218 0
0.0281061 0.0142723 0
0.0577212 0.0619211 0
0.0571385 0.0582547 0
0.0682137 0.0579143 0
0.074687 0.0585594 0
0.0771512 0.0586818 0
0.0814679 0.0588313 0
0.0827716 0.0599777 0
0.0855694 0.0619253 1
0.086339 0.0606021 0
0.0865635 0.0592362 0
0.0872235 0.0582689 0
0.0864006 0.0585235 0
0.0867118 0.0579698 0
0.0868019 0.0587398 0
0.0851776 0.0566076 0
0.0831345 0.0481932 0
0.067181 0 0
0.587241 0.15592 0
0.605256 0.144831 0
0.604892 0.144679 0
0.605902 0.145495 0
0.606285 0.14643 0
0.607437 0.147085 1
0.607463 0.147235 0
0.607424 0.147148 0
0.607427 0.147098 0
0.607434 0.147081 0
0.607559 0.147074 0
0.608285 0.146092 0
0.657725 0.175005 0
0.655859 0.168279 0
0.655036 0.169554 0
0.654603 0.169647 0
0.65478 0.170076 0
0.654678 0.170641 0
0.654351 0.170915 0
0.654509 0.170958 0
0.654508 0.171097 1
0.654547 0.171379 0
0.654509 0.171556 0
0.654509 0.172017 0
0.654754 0.172534 0
0.654566 0.172927 0
0.656623 0.166508 0
0.719951 0.162805 0
0.728126 0.172627 0
0.732162 0.176535 0
0.73506 0.179074 0
0.736963 0.181228 0
0.740355 0.181764 0
0.740587 0.181649 0
0.741765 0.182446 0
0.742681 0.182646 1
0.744211 0.18258 0
0.746502 0.181895 0
0.749711 0.18061 0
0.750409 0.179179 0
0.752893 0.17877 0
0.754173 0.176729 0
0.756115 0.175845 0
0.758141 0.173802 0
0.761003 0.173809 0
0.764434 0.172164 0
0.768085 0.171072 0
0.772003 0.169306 0
0.776218 0.167583 0
0.779859 0.166023 0
0.78616 0.167217 1
0.786777 0.167162 0
0.787077 0.167236 0
0.787463 0.167077 0
0.788099 0.167191 0
0.788696 0.167127 0
0.788931 0.167252 0
0.789015 0.167132 0
0.789544 0.167245 0
0.790557 0.166763 0
0.792919 0.164753 0
0.806771 0.148493 0
0.648747 0.187935 0
0.650285 0.193848 0
0.650842 0.193815 0
0.650786 0.19392 1
0.650289 0.194094 0
0.650198 0.194287 0
0.650009 0.194038 0
0.64936 0.194095 0
0.649058 0.19425 0
0.648835 0.194245 0
0.648701 0.194071 0
0.640242 0.204358 0
0.530923 0.222833 0
0.532272 0.225795 0
0.472828 0.284094 0
0.47081 0.263237 0
0.468809 0.262485 0
0.468372 0.261912 0
0.46819 0.26163 1
0.468869 0.261977 0
0.469564 0.262749 0
0.471722 0.266714 0
0.482175 0.287473 0
0.403262 0.379538 0
0.287423 0.351504 0
0.402616 0.373542 0
0.393983 0.383309 0
0.375523 0.394731 0
0.394127 0.377107 0
0.397875 0.36837 0
0.402301 0.356519 0
0.281759 0.340014 0
0.285633 0.340323 0
0.286115 0.339666 1
0.285974 0.341168 0
0.286459 0.342047 0
0.287911 0.353817 0
0.293229 0.359501 0
0.297487 0.364029 0
0.302133 0.366916 0
0.308908 0.368934 0
0.315617 0.371064 0
0.323235 0.370122 0
0.326664 0.366455 0
0.328447 0.360185 0
0.331741 0.355926 0
0.328021 0.348686 0
0.326188 0.34574 0
0.325935 0.344507 1
0.325935 0.344507 0
0.325935 0.344507 0
0.325935 0.344507 0
0.325937 0.344506 0
0.325945 0.34449 0
0.32634 0.344492 0
0.324541 0.342596 0
0.348741 0.360191 0
0.44814 0.267144 0
0.464189 0.254052 0
0.464347 0.257653 0
0.46673 0.259315 0
0.466269 0.25895 0
0.466703 0.259191 0
0.466781 0.259218 1
0.474209 0.253205 0
0.148971 0.14439 0
0.124013 0.100763 0
0.119202 0.105573 0
0.117551 0.106152 0
0.118658 0.105909 0
0.117796 0.106158 0
0.117749 0.10621 0
0.117838 0.106193 0
0.117949 0.106144 0
0.118145 0.106143 0
0.118916 0.105896 0
0.117743 0.106244 0
0.117533 0.106252 0
0.117524 0.106253 1
0.120044 0.109313 0
0.121897 0.111622 0
0.120606 0.111014 0
0.119578 0.1125 0
0.118213 0.112186 0
0.117021 0.112367 0
0.116244 0.113764 0
0.115172 0.112408 0
0.113998 0.112301 0
0.110119 0.117483 0
0.111217 0.112288 0
0.111076 0.110892 0
0.111554 0.108787 0
0.111069 0.108287 0
0.111944 0.107018 1
0.111933 0.107019 0
0.111635 0.107063 0
0.111346 0.107109 0
0.11006 0.107583 0
0.109113 0.1092 0
0.0938281 0.1072 0
0 0.165172 0
0.517881 0.170969 0
0.564221 0.16775 0
0.566705 0.167865 0
0.566162 0.167407 0
0.566569 0.167616 0
0.567275 0.168245 0
0.568035 0.168101 0
0.569057 0.16873 1
0.566043 0.168628 0
0.565877 0.1709 0
0.566485 0.171743 0
0.565457 0.172757 0
0.56547 0.173461 0
0.563438 0.174772 0
0.564667 0.174798 0
0.568385 0.17332 0
0.564818 0.176279 0
0.558674 0.164751 0
0.606756 0.232844 0
0.68027 0.189608 0
0.68108 0.199046 0
0.676898 0.198358 0
0.675265 0.199725 1
0.675418 0.200206 0
0.675851 0.201501 0
0.676442 0.20289 0
0.678003 0.204872 0
0.678811 0.209443 0
0.67871 0.210517 0
0.677646 0.214894 0
0.691567 0.222238 0
0.808548 0.234925 0
0.827702 0.18742 0
0.831344 0.190918 0
0.831647 0.190574 0
0.832173 0.190826 0
0.832464 0.191668 0
0.832947 0.192144 1
0.835989 0.191379 0
0.84007 0.190027 0
0.850358 0.187516 0
0.867984 0.183591 0
0.874544 0.185394 0
0.882261 0.187459 0
0.910566 0.239209 0
0.9281 0.25258 0
0.93488 0.252179 0
0.945061 0.248846 0
0.950613 0.249657 0
0.963377 0.23371 0
0.962446 0.234232 0
0.96512 0.230463 0
0.965067 0.231429 1
0.966833 0.231459 0
0.969213 0.230799 0
0.983849 0.231536 0
0.989974 0.233484 0
0.989702 0.231965 0
0.988191 0.235644 0
1 0.230288 0
0.998534 0.224912 0
0.99919 0.22632 0
0.991476 0.223166 0
0.978599 0.216925 0
0.964629 0.220686 0
0.963546 0.221228 0
0.96158 0.219238 0
0.959163 0.219969 1
0.956851 0.217859 0
0.953626 0.215842 0
0.934537 0.223876 0
0.930509 0.225879 0
0.920858 0.242631 0
0.903054 0.234682 0
0.887082 0.23967 0
0.873487 0.224283 0
0.863336 0.220541 0
0.871917 0.223662 0
0.870201 0.230165 0
0.862797 0.224413 0
0.848256 0.216113 0
0.841534 0.213705 0
0.836372 0.211806 1
0.834631 0.215541 0
0.83352 0.218104 0
0.831802 0.221084 0
0.83179 0.226004 0
0.822954 0.236116 0
0.812219 0.252381 0
0.791162 0.283005 0
0.777576 0.302017 0
0.725551 0.302036 0
0.696458 0.294717 0
0.669134 0.264562 0
0.649975 0.266483 0
0.650442 0.254109 0
0.647694 0.243728 0
0.645371 0.240797 1
0.644487 0.240778 0
0.644939 0.239489 0
0.643088 0.239307 0
0.643569 0.23765 0
0.643101 0.236854 0
0.637301 0.237293 0
0.637026 0.278371 0
0.398729 0.221776 0
0.481825 0.210709 0
0.477189 0.217351 0
0.479798 0.213479 0
0.426443 0.223749 0
0.428741 0.220162 0
0.429392 0.219586 0
0.42944 0.219376 1
0.424105 0.220808 0
0.424974 0.217941 0
0.420853 0.218179 0
0.418859 0.217726 0
0.412268 0.216861 0
0.406982 0.215868 0
0.403013 0.212984 0
0.39986 0.212818 0
0.393797 0.213456 0
0.387965 0.213512 0
0.380244 0.215761 0
0.376142 0.210606 0
0.369995 0.216684 0
0.365054 0.215697 0
0.360398 0.219646 1
0.360398 0.219646 0
0.360398 0.219646 0
0.360398 0.219646 0
0.360398 0.219646 0
0.360398 0.219646 0
0.360397 0.219646 0
0.360399 0.219646 0
0.360392 0.219632 0
0.360256 0.219552 0
0.360576 0.220378 0
0.357733 0.206924 0
0.443613 0.174367 0
0.458652 0.199245 0
0.456854 0.20407 0
0.457599 0.204191 1
0.457622 0.204201 0
0.457312 0.204096 0
0.457405 0.204014 0
0.457564 0.204285 0
0.4576 0.204164 0
0.457485 0.204326 0
0.457165 0.204074 0
0.457565 0.204295 0
0.464587 0.20261 0
0.581074 0.184204 0
0.585634 0.170277 0
0.58297 0.169033 0
0.583035 0.16876 0
0.582586 0.168577 0
0.582603 0.168484 1
0.582569 0.168554 0
0.582626 0.168518 0
0.582555 0.168684 0
0.582567 0.168633 0
0.582475 0.168619 0
0.582648 0.168528 0
0.582598 0.168758 0
0.583407 0.169778 0
0.586981 0.164796 0
0.631401 0.148509 0
0.626291 0.146919 0
0.625494 0.146676 0
0.625707 0.146302 0
0.625635 0.146153 0
0.625505 0.146088 1
0.625695 0.146184 0
0.625958 0.14537 0
0.630569 0.147451 0
0.645178 0.126572 0
0.626377 0.143376 0
0.649086 0.125758 0
0.628134 0.143707 0
0.649725 0.126448 0
0.627259 0.146807 0
0.625585 0.147393 0
0.647732 0.131234 0
0.651209 0.131036 0
0.650671 0.131774 0
0.650461 0.131319 0
0.650431 0.13131 1
0.650258 0.130793 0
0.649164 0.131938 0
0.645221 0.130499 0
0.625834 0.145626 0
0.626996 0.146186 0
0.644946 0.136457 0
0.648304 0.134507 0
0.648144 0.136363 0
0.647531 0.134874 0
0.646971 0.135309 0
0.64671 0.13584 0
0.646692 0.136047 0
0.645144 0.13821 0
0.644976 0.133538 0
0.646092 0.139728 1
0.643754 0.136439 0
0.64515 0.139753 0
0.642126 0.140005 0
0.64227 0.140107 0
0.640077 0.134959 0
0.639051 0.135598 0
0.637834 0.133907 0
0.641117 0.139594 0
0.631238 0.141365 0
0.631522 0.142435 0
0.631267 0.14129 0
0.637707 0.13931 0
0.635889 0.140597 0
0.633462 0.141198 0
0.632355 0.140817 1
