0.0633216 0.282853 1
0.0645804 0.283182 0
0.0656119 0.283707 0
0.0674263 0.283813 0
0.0741504 0.282633 0
0.0826054 0.275854 0
0.117834 0.300932 0
0.135774 0.316989 0
0.151698 0.331966 0
0.182293 0.353897 0
0.193659 0.363418 0
0.20199 0.355017 0
0.224422 0.363812 0
0.259428 0.374099 0
0.267408 0.372785 0
0.277958 0.372147 1
0.305827 0.378663 0
0.343436 0.390061 0
0.378848 0.399007 0
0.392425 0.388013 0
0.434216 0.394227 0
0.483228 0.406706 0
0.579119 0.427064 0
0.573423 0.416362 0
0.59575 0.428741 0
0.608918 0.431638 0
0.598695 0.402557 0
0.601494 0.397204 0
0.606025 0.387223 0
0.61237 0.384343 0
0.617329 0.382039 1
0.622511 0.378351 0
0.628786 0.371335 0
0.638849 0.372886 0
0.642442 0.358906 0
0.707419 0.369348 0
0.645247 0.355616 0
0.658569 0.348689 0
0.676394 0.340754 0
0.683193 0.338675 0
0.702654 0.332192 0
0.706717 0.322288 0
0.710094 0.310889 0
0.711211 0.303991 0
0.718361 0.301777 0
0.724623 0.293561 1
0.727139 0.287526 0
0.741052 0.288888 0
0.749088 0.279811 0
0.761533 0.281201 0
0.772124 0.271475 0
0.784993 0.268711 0
0.790946 0.25907 0
0.800957 0.257014 0
0.831198 0.266677 0
0.873631 0.2685 0
0.873429 0.256207 0
0.882125 0.253747 0
0.887143 0.245373 0
0.897221 0.238289 0
0.905569 0.233425 1
0.910809 0.232304 0
0.918857 0.231646 0
0.920742 0.228973 0
0.925639 0.224753 0
0.930225 0.220985 0
0.961923 0.259107 0
0.981141 0.259963 0
0.955873 0.235944 0
0.953143 0.21286 0
0.956114 0.213341 0
0.955382 0.217652 0
0.957377 0.216034 0
0.960442 0.214267 0
0.959861 0.215479 0
0.960596 0.215933 1
0.960633 0.216068 0
0.960429 0.215584 0
0.967674 0.22637 0
0.824276 0.165053 0
0.837329 0.182719 0
0.819241 0.160063 0
0.794422 0.129219 0
0.773563 0.117653 0
0.753648 0.119137 0
0.745313 0.124277 0
0.681505 0.103447 0
0.594257 0.086128 0
0.555367 0.08025 0
0.525875 0.0895419 0
0.508796 0.0984072 1
0.492617 0.0887418 0
0.481404 0.0924765 0
0.463356 0.0766766 0
0.450347 0.0810456 0
0.433232 0.0752696 0
0.424724 0.076427 0
0.418261 0.0812904 0
0.394748 0.0812197 0
0.382152 0.0820953 0
0.38263 0.0903416 0
0.372458 0.0907369 0
0.368755 0.0952016 0
0.35756 0.0985407 0
0.351215 0.103193 0
0.350139 0.107976 1
0.347973 0.114873 0
0.344787 0.123282 0
0.348174 0.133015 0
0.343059 0.138862 0
0.340039 0.142886 0
0.347047 0.167527 0
0.348184 0.183264 0
0.340573 0.188023 0
0.327102 0.183771 0
0.317507 0.189888 0
0.319729 0.201821 0
0.312876 0.206194 0
0.300219 0.213324 0
0.29331 0.218557 0
0.284125 0.225113 1
0.275931 0.226258 0
0.271215 0.230073 0
0.26121 0.232671 0
0.25439 0.237584 0
0.243319 0.235622 0
0.231197 0.243542 0
0.209032 0.234944 0
0.199504 0.246754 0
0.163376 0.239499 0
0.120997 0.211701 0
0.0697515 0.219906 0
0.00456768 0.207487 0
0.00787497 0.222989 0
0.0138548 0.237929 0
0.0133455 0.2394 0
0.0136253 0.241439 1
0.0135392 0.245901 0
0.0118785 0.249862 0
0.00657017 0.252938 0
0 0.252873 0
0.00566673 0.262367 0
0.0102734 0.266219 0
0.00729759 0.268992 0
0.0112611 0.273927 0
0.0135046 0.281158 0
0.105523 0.303349 0
0.123831 0.328615 0
0.128942 0.337616 0
0.137239 0.340288 0
0.141877 0.346574 0
0.150791 0.354546 1
0.156075 0.361063 0
0.183038 0.371552 0
0.204548 0.378878 0
0.259974 0.395926 0
0.304577 0.404399 0
0.346779 0.409317 0
0.379719 0.401414 0
0.4219 0.414639 0
0.441612 0.406959 0
0.495824 0.414592 0
0.53754 0.415935 0
0.600823 0.438033 0
0.621293 0.454753 0
0.634974 0.458804 0
0.640995 0.456574 1
0.651034 0.449098 0
0.653632 0.437641 0
0.659308 0.430153 0
0.655376 0.42401 0
0.645058 0.39834 0
0.637556 0.373487 0
0.645382 0.364873 0
0.643806 0.354177 0
0.65151 0.349488 0
0.654429 0.343589 0
0.651535 0.337422 0
0.655435 0.331848 0
0.660269 0.329114 0
0.659174 0.32051 0
0.66319 0.317004 1
0.66997 0.311091 0
0.673142 0.302777 0
0.680281 0.295003 0
0.678283 0.288934 0
0.764999 0.293161 0
0.749326 0.281979 0
0.747806 0.276473 0
0.751489 0.265057 0
0.789385 0.265056 0
0.810178 0.269519 0
0.819344 0.263475 0
0.82921 0.25984 0
0.835197 0.255924 0
0.837953 0.249681 0
0.843775 0.2443 1
0.849906 0.243966 0
0.853891 0.240628 0
0.854756 0.237106 0
0.860265 0.234985 0
0.872498 0.231128 0
0.914846 0.224258 0
0.92189 0.221661 0
0.924943 0.215464 0
0.930333 0.208527 0
0.936236 0.206184 0
0.964819 0.200535 0
0.973015 0.201056 0
0.973838 0.201047 0
0.975272 0.203035 0
0.975382 0.205028 1
0.982599 0.20409 0
1 0.200259 0
0.905068 0.165336 0
0.896217 0.165573 0
0.886379 0.167674 0
0.880521 0.168697 0
0.863882 0.177755 0
0.85289 0.179742 0
0.871045 0.159473 0
0.818869 0.162486 0
0.794779 0.136205 0
0.761444 0.128592 0
0.727566 0.111258 0
0.724479 0.115937 0
0.712172 0.11579 1
0.675827 0.108374 0
0.682081 0.117403 0
0.66869 0.116379 0
0.625797 0.105551 0
0.465863 0.048591 0
0.439467 0.0254616 0
0.418122 0.0238802 0
0.403905 0.0147243 0
0.393068 0.00999935 0
0.381832 0.0107646 0
0.364777 0 0
0.367843 0.00881059 0
0.368079 0.0204591 0
0.364257 0.0260181 0
0.357273 0.0302302 1
0.357272 0.0302297 0
0.357271 0.0302274 0
0.357272 0.0301859 0
0.357208 0.0307332 0
0.363571 0.0221789 0
0.272109 0.0701579 0
0.275821 0.0907572 0
0.277019 0.0976966 0
0.275717 0.102307 0
0.273539 0.107802 0
0.272199 0.112863 0
0.273297 0.120087 0
0.278349 0.129521 0
0.27932 0.138336 0
0.27031 0.133294 0
0.264787 0.136538 1
0.254641 0.145072 0
0.24193 0.152656 0
0.230383 0.161578 0
0.216979 0.172188 0
0.204992 0.174135 0
0.196085 0.184729 0
0.16638 0.179272 0
0.158287 0.189943 0
0.149329 0.196495 0
0.134736 0.203382 0
0.0974209 0.200813 0
0.0923359 0.213954 0
0.0462011 0.21268 0
0.0343536 0.221772 0
0.0340288 0.227456 1
0.0341069 0.22968 0
0.0331346 0.232485 0
0.0389766 0.239332 0
0.0339154 0.262202 0
0.0259998 0.279751 0
0.031297 0.287584 0
0.0346578 0.28407 0
0.0385775 0.296027 0
0.0406071 0.295904 0
0.0456604 0.299283 0
0.0547818 0.298279 0
0.0556541 0.298642 0
0.0559628 0.301155 0
0.0572639 0.304401 0
0.0650956 0.300888 1
0.0710074 0.312378 0
0.0696337 0.315182 0
0.071136 0.320816 0
0.0735472 0.326839 0
0.0796164 0.344721 0
0.161486 0.401662 0
0.178234 0.408579 0
0.227078 0.409185 0
0.33495 0.440505 0
0.373284 0.452116 0
0.389349 0.439208 0
0.419307 0.445753 0
0.476067 0.439876 0
0.535794 0.459244 0
0.554602 0.444436 1
0.563896 0.444838 0
0.573646 0.445575 0
0.572525 0.436309 0
0.590413 0.441869 0
0.594786 0.43463 0
0.603315 0.429517 0
0.611065 0.423263 0
0.620663 0.419574 0
0.639557 0.405727 0
0.663028 0.405021 0
0.666003 0.398136 0
0.669292 0.392073 0
0.671681 0.381399 0
0.67566 0.376756 0
0.676804 0.36921 1
0.677893 0.363545 0
0.682255 0.3566 0
0.687723 0.352076 0
0.69606 0.349715 0
0.700802 0.340032 0
0.709182 0.32794 0
0.717712 0.323714 0
0.732335 0.307054 0
0.718458 0.274174 0
0.737123 0.280262 0
0.73674 0.26045 0
0.739748 0.251521 0
0.743439 0.241944 0
0.749245 0.234139 0
0.755825 0.227028 1
0.755612 0.222731 0
0.767293 0.224164 0
0.78149 0.23327 0
0.780763 0.229445 0
0.783135 0.225328 0
0.793673 0.227347 0
0.879405 0.24016 0
0.888093 0.228192 0
0.903242 0.223649 0
0.91343 0.218791 0
0.920031 0.216596 0
0.924368 0.213523 0
0.936316 0.204117 0
0.95412 0.205507 0
0.955074 0.206561 1
0.956202 0.206623 0
0.957635 0.206538 0
0.956228 0.197303 0
0.962941 0.204135 0
0.962914 0.179033 0
0.968652 0.177357 0
0.929175 0.169845 0
0.920596 0.163178 0
0.908436 0.16469 0
0.895954 0.16461 0
0.883953 0.164416 0
0.868982 0.168073 0
0.854507 0.173336 0
0.844469 0.175015 0
0.835304 0.183519 1
0.815584 0.166156 0
0.769129 0.109714 0
0.793186 0.152393 0
0.789946 0.156979 0
0.747021 0.117126 0
0.661198 0.0911518 0
0.601244 0.0946073 0
0.564863 0.0923557 0
0.540697 0.112273 0
0.492427 0.110486 0
0.480721 0.101016 0
0.475477 0.111458 0
0.334846 0.0514676 0
0.337524 0.0579788 0
0.337458 0.0589987 0
0.337427 0.0588859 1
