0.73761 0.3334 1
0.72642 0.374974 0
0.733829 0.386376 0
0.713876 0.538723 0
0.729036 0.539499 0
0.748989 0.54677 0
0.765763 0.566576 0
0.780554 0.572956 0
0.923597 0.525969 0
0.939017 0.512388 0
0.938153 0.512946 0
0.939487 0.512784 0
0.942641 0.512521 0
0.944648 0.510053 0
0.946887 0.509592 0
0.948083 0.508122 0
0.949658 0.507665 1
0.952527 0.50558 0
0.953969 0.500892 0
0.953039 0.497832 0
0.953178 0.491392 0
0.952993 0.485806 0
0.952055 0.479806 0
0.952558 0.481304 0
0.948327 0.471552 0
0.948547 0.460815 0
0.958129 0.453648 0
0.965514 0.460551 0
0.979082 0.467527 0
0.991716 0.476825 0
0.995267 0.496285 0
0.99256 0.505917 0
0.99149 0.515608 0
0.986059 0.523131 1
0.986693 0.523768 0
0.986735 0.526121 0
0.993844 0.537376 0
0.889332 0.327148 0
0.83697 0.314552 0
0.825239 0.303294 0
0.806013 0.301779 0
0.789744 0.302303 0
0.766113 0.310403 0
0.755425 0.31247 0
0.750614 0.310119 0
0.747238 0.305185 0
0.760879 0.312509 0
0.578237 0.149879 0
0.570563 0.144054 0
0.569935 0.144013 0
0.569895 0.144051 1
0.567209 0.141514 0
0.56285 0.140337 0
0.558325 0.138118 0
0.55166 0.134941 0
0.54889 0.128722 0
0.544284 0.123457 0
0.560738 0.103644 0
0.520092 0.130873 0
0.504661 0.11353 0
0.48651 0.114413 0
0.441065 0.139911 0
0.538853 0.112652 0
0 0.722597 0
0.0342677 0.69378 0
0.0320385 0.712966 0
0.0191947 0.744397 0
0.021041 0.747738 1
0.0169503 0.760485 0
0.0158647 0.76616 0
0.0118031 0.786672 0
0.00155621 0.785375 0
0.011225 0.78081 0
0.00265351 0.781668 0
0.0121872 0.783193 0
0.0828448 0.667935 0
0.145732 0.638245 0
0.185818 0.628172 0
0.141363 0.712223 0
0.391541 0.362425 0
0.602908 0.222635 0
0.614055 0.18173 0
0.613164 0.180023 0
0.613044 0.180114 1
0.619636 0.190313 0
0.626961 0.20298 0
0.635662 0.226098 0
0.642321 0.247706 0
0.653583 0.276196 0
0.675592 0.2852 0
0.745976 0.423427 0
0.741225 0.441447 0
0.733342 0.532919 0
0.753633 0.596465 0
0.795349 0.56611 0
0.915924 0.52293 0
0.933926 0.514988 0
0.935508 0.511955 0
0.93649 0.511601 0
0.936669 0.511547 0
0.936754 0.511473 1
0.93687 0.515702 0
0.940263 0.511344 0
0.940351 0.508098 0
0.936216 0.501609 0
0.937708 0.49931 0
0.931233 0.493586 0
0.928915 0.489229 0
0.887787 0.471053 0
0.938122 0.486677 0
0.911937 0.471246 0
0.9249 0.472269 0
0.920918 0.467796 0
0.916793 0.462274 0
0.920561 0.461473 0
0.91992 0.458696 0
0.920362 0.457654 0
0.920773 0.457024 1
0.92625 0.444425 0
0.941141 0.431105 0
0.974205 0.4385 0
0.997076 0.480129 0
1 0.505158 0
0.990587 0.518331 0
0.991069 0.53599 0
0.903585 0.329489 0
0.882744 0.333983 0
0.874135 0.323276 0
0.850912 0.318003 0
0.833008 0.32213 0
0.817622 0.310356 0
0.806064 0.30532 0
0.789009 0.305748 0
0.773101 0.30336 0
0.753442 0.310067 1
0.757732 0.312751 0
0.743541 0.273352 0
0.698426 0 0
0.574189 0.148509 0
0.577131 0.140139 0
0.573324 0.142305 0
0.571541 0.14354 0
0.573003 0.141654 0
0.565094 0.135768 0
0.557448 0.1374 0
0.5536 0.132083 0
0.550918 0.130208 0
0.546246 0.125744 0
0.540646 0.123219 0
0.548652 0.112725 0
0.532523 0.0826777 0
0.537693 0.108088 1
