0.201162 0.435433 0
0.224933 0.41698 0
0.230436 0.414177 0
0.230709 0.412798 0
0.232151 0.413062 0
0.232586 0.412589 0
0.233095 0.411973 0
0.234621 0.41149 0
0.23526 0.411048 1
0.235733 0.409716 0
0.236029 0.408152 0
0.235096 0.406853 0
0.235051 0.406449 0
0.235167 0.405239 0
0.234913 0.40449 0
0.234704 0.404268 0
0.235061 0.403646 0
0.234473 0.401836 0
0.234299 0.401188 0
0.234696 0.399915 0
0.23373 0.397948 0
0.233596 0.397253 0
0.232511 0.395012 0
0.240898 0.39991 0
0.319471 0.27684 0
0.33095 0.258047 0
0.33982 0.242457 0
0.341229 0.238613 0
0.341035 0.236669 0
0.342637 0.233454 0
0.343682 0.231636 0
0.344551 0.228415 0
0.3466 0.225042 0
0.346696 0.224944 0
0.34669 0.224961 0
0.346697 0.224947 0
0.3467 0.224945 0
0.346701 0.224944 0
0.346701 0.224944 0
0.346701 0.224944 0
0.346701 0.224944 0
0.346701 0.224944 0
0.346701 0.224944 0
0.346701 0.224944 0
0.346701 0.224944 0
0.346701 0.224944 0
0.346701 0.224944 1
0.347535 0.221589 0
0.347777 0.218867 0
0.347535 0.215169 0
0.349638 0.215904 0
0.348774 0.166993 0
0.353244 0.155193 0
0.355765 0.150017 0
0.35785 0.144884 0
0.357554 0.140119 0
0.359541 0.137172 1
0.360375 0.134617 0
0.362099 0.133046 0
0.364866 0.128232 0
0.361956 0.127698 0
0.365448 0.125871 0
0.373301 0.12498 0
0.378568 0.125323 0
0.383563 0.128271 0
0.38769 0.12862 0
0.391609 0.127179 0
0.392026 0.123816 0
0.393714 0.120156 0
0.397069 0.118731 0
0.401406 0.115412 0
0.403768 0.112628 0
0.404779 0.107751 0
0.406778 0.0959448 0
0.411325 0.0929336 0
0.417011 0.0980627 0
0.416264 0.0920402 0
0.42 0.087421 0
0.424017 0.0775962 0
0.42938 0.0718927 0
0.430878 0.0684297 0
0.431982 0.0655279 0
0.435582 0.0625632 0
0.440081 0.0571709 0
0.442054 0.0533037 0
0.441646 0.0524118 0
0.440802 0.0512375 1
0.436332 0.0483089 0
0.433875 0.0465372 0
0.426374 0.0448247 0
0.423316 0.0388622 0
0.414372 0.0326613 0
0.411836 0.0271037 0
0.397954 0.0197488 0
0.388408 0.0148163 0
0.384422 0.0112115 0
0.380674 0.00904531 0
0.373357 0.00695163 0
0.369754 0.0056202 1
0.36501 0.00476912 0
0.357484 0.00391073 0
0.351132 0 0
0.342125 0.00251045 0
0.338626 0.00738471 0
0.333172 0.00770206 0
0.325068 0.0122024 0
0.319947 0.0165172 0
0.312953 0.0221748 0
0.306747 0.0242481 1
0.30549 0.0248159 0
0.3036 0.0246758 0
0.300193 0.0284331 0
0.297229 0.0327473 0
0.296843 0.0406072 0
0.295464 0.0464552 0
0.292171 0.0555964 0
0.284083 0.0549961 0
0.283232 0.0696 0
0.281478 0.0924995 0
0.280326 0.10468 0
0.275142 0.104578 0
0.242133 0.24535 0
0.232222 0.236026 0
0.231634 0.239859 0
0.229704 0.242804 1
0.230139 0.245729 0
0.230532 0.246861 0
0.231254 0.24935 0
0.227348 0.261536 0
0.215698 0.29527 0
0.18693 0.306827 0
0.180759 0.314287 0
0.17237 0.321048 0
0.152994 0.325011 0
0.14175 0.332203 0
0.127444 0.341313 0
0.119468 0.343483 0
0.108768 0.345808 0
0.102143 0.347849 0
0.0921716 0.353724 0
0.0835159 0.358194 0
0.0746031 0.364811 0
0.0656569 0.371598 0
0.0570876 0.376368 0
0.055227 0.379372 0
0.0478954 0.389083 0
0.0292388 0.392287 0
0.0248727 0.407623 0
0.0230947 0.424667 0
0 0.48068 0
0.0966133 0.502149 0
0.0873722 0.503763 0
0.0882193 0.507438 0
0.0882872 0.512192 0
0.0891441 0.514505 0
0.091263 0.519794 0
0.097784 0.518515 0
0.103653 0.522148 0
0.11262 0.52415 0
0.119298 0.530995 0
0.123506 0.539591 0
0.133836 0.54277 0
0.140209 0.552615 0
0.145218 0.561761 0
0.1537 0.566625 0
0.168908 0.559901 0
0.21177 0.546444 0
0.259913 0.619493 0
0.268921 0.623668 0
0.287549 0.619076 0
0.298217 0.613434 0
0.307259 0.602723 0
0.311204 0.593148 1
0.312358 0.593347 0
0.313939 0.593109 0
0.317699 0.592871 0
0.326558 0.587117 0
0.334803 0.58064 0
0.342766 0.58495 0
0.385793 0.551664 0
0.397892 0.551925 0
0.408054 0.54486 0
0.413619 0.545394 0
0.424991 0.542124 0
0.431568 0.543435 1
0.44052 0.537342 0
0.446187 0.530217 0
0.459695 0.526126 0
0.4734 0.518384 0
0.487387 0.512985 0
0.496525 0.508861 1
0.501488 0.50554 0
0.510512 0.50582 0
0.519281 0.50096 0
0.532216 0.490731 0
0.541014 0.476804 0
0.543924 0.460222 1
0.550847 0.449028 0
0.558076 0.440581 0
0.558676 0.433067 0
0.555881 0.413126 0
0.574253 0.398269 0
0.704025 0.395314 1
0.701911 0.389257 0
0.695362 0.386132 0
0.684954 0.386452 0
0.673583 0.388446 0
0.668492 0.380906 0
0.645323 0.404098 0
0.640041 0.40172 0
0.639087 0.396526 0
0.637381 0.393462 0
0.639286 0.389789 0
0.640539 0.388206 0
0.644655 0.386448 1
0.644929 0.38626 0
0.645233 0.386252 0
0.645154 0.38697 0
0.660852 0.389436 0
0.557242 0.336444 0
0.569251 0.334494 0
0.566823 0.324155 0
0.563417 0.321206 1
0.562994 0.321022 0
0.559993 0.317377 0
0.561892 0.309644 0
0.586654 0.239056 0
0.588498 0.228009 0
0.591023 0.212949 0
0.591561 0.199909 0
0.589147 0.189683 0
0.58801 0.178377 0
0.582825 0.171937 1
0.579634 0.161866 0
0.57788 0.154286 0
0.571809 0.148776 0
0.554213 0.150337 0
0.553913 0.140392 0
0.544014 0.137159 0
0.537377 0.132444 0
0.533553 0.123864 1
0.530462 0.117556 0
0.530573 0.108989 0
0.52839 0.101486 0
0.530282 0.0921818 0
0.526341 0.0847389 0
0.521357 0.0751359 1
0.22483 0.141617 0
0.160678 0.217564 1
0.158065 0.225669 0
0.154692 0.233051 0
0.149373 0.266178 0
0.149487 0.284065 0
0.155594 0.300906 0
0.148263 0.322856 0
0.141191 0.332588 0
0.129306 0.339478 0
0.118314 0.345734 0
0.111792 0.347658 0
0.101867 0.356933 0
0.095076 0.360016 0
0.08633 0.366482 0
0.0805954 0.369444 0
0.0789263 0.37492 0
0.0746808 0.380591 1
0.0733616 0.390319 0
0.0691773 0.401434 0
0.0634001 0.409728 0
0.0620644 0.424187 0
0.0607481 0.431904 0
0.0590807 0.441728 0
0.0604215 0.45392 0
0.0597042 0.462322 1
0.060615 0.468284 0
0.063615 0.476508 0
0.0630785 0.487606 0
0.0654974 0.495844 0
0.0793862 0.502061 0
0.0811448 0.515539 0
0.0898699 0.522554 0
0.10097 0.529359 1
0.100345 0.542857 0
0.103838 0.5539 0
0.11005 0.568311 0
0.12058 0.569241 0
0.12635 0.581593 0
0.13233 0.593549 0
0.145776 0.598603 0
0.163704 0.590751 0
0.173886 0.585516 0
0.187909 0.586484 1
0.202049 0.586207 0
0.209095 0.584449 0
0.222642 0.584102 0
0.233842 0.575561 0
0.248544 0.583017 0
0.26335 0.573246 0
0.275684 0.572248 0
0.282934 0.573671 0
0.290577 0.573934 0
0.296572 0.574157 1
0.300994 0.566082 0
0.309858 0.557764 0
0.331127 0.554599 0
0.337106 0.545277 0
0.355397 0.544177 0
0.362057 0.530912 0
0.366345 0.525843 0
0.370003 0.521982 1
0.373028 0.51982 0
0.378886 0.519161 0
0.38283 0.515765 0
0.405851 0.502834 0
0.428759 0.483926 0
0.437149 0.477175 0
0.441769 0.466252 0
0.444749 0.458963 1
0.452714 0.451282 0
0.453847 0.442025 0
0.467227 0.437209 0
0.479665 0.426857 0
0.48847 0.416844 0
0.498802 0.410348 1
0.505418 0.403995 0
0.515324 0.393535 0
0.519158 0.389579 0
0.522678 0.382192 0
0.517651 0.38186 0
0.601694 0.312586 0
0.702138 0.34219 0
0.691412 0.337235 0
0.674186 0.327732 0
0.663285 0.32664 0
0.664432 0.314075 0
0.616745 0.319337 1
0.616942 0.318529 0
0.619059 0.31024 0
0.670012 0.307346 0
0.669519 0.307014 0
0.675037 0.305529 0
0.687092 0.300032 1
0.689691 0.296748 0
0.697663 0.305102 0
0.607735 0.306384 0
0.614407 0.292707 0
0.607574 0.291155 0
0.606851 0.286036 0
0.603608 0.282542 0
0.607178 0.277023 0
0.599987 0.268849 0
0.605607 0.259328 0
0.605154 0.247164 0
0.616619 0.246824 0
0.603466 0.231799 0
0.483318 0.273414 0
0.475752 0.24294 0
0.462176 0.246941 0
0.447688 0.254778 0
0.451782 0.239609 0
0.443577 0.239187 0
0.43085 0.243596 0
0.432045 0.242509 0
0.433377 0.233921 0
0.428224 0.236521 0
0.428648 0.232666 0
0.424795 0.228945 0
0.425719 0.225727 0
0.426319 0.218896 0
0.423111 0.211645 1
0.287734 0.159313 0
0.273947 0.182991 1
0.263902 0.178472 0
0.255209 0.178807 0
0.242211 0.168593 0
0.22735 0.152434 0
0.214193 0.143231 0
0.213042 0.13501 0
0.202173 0.139118 0
0.198696 0.13474 0
0.19152 0.13314 0
0.187984 0.128305 0
0.183034 0.126203 0
0.178817 0.119484 0
0.175999 0.114463 0
0.171738 0.11367 0
0.169176 0.10817 0
0.167787 0.102397 1
0.165172 0.0992308 0
0.163961 0.0896527 0
0.155232 0.0876494 0
0.153479 0.0817071 0
0.149397 0.0723573 0
0.146169 0.0668511 0
0.139739 0.0621082 0
0.128414 0.0518578 0
0.123569 0.0420943 0
0.1137 0.041524 0
0.108422 0.0419653 0
0.10208 0.0384746 0
0.0929486 0.040908 0
0.0870528 0.0511987 1
0.0812006 0.05189 0
0.0628097 0.0464511 0
0.0593739 0.0573208 0
0.0659565 0.0694918 0
0.0576752 0.0778484 0
0.0546967 0.0850222 0
0.0502998 0.0946453 0
0.051964 0.1141 1
0.0469777 0.126168 0
0.041479 0.134832 0
0.0402255 0.140268 0
0.0440072 0.150617 1
0.0419651 0.15664 0
0.041077 0.170205 0
0.0447298 0.176342 0
0.0484069 0.184403 0
0.0508073 0.188598 0
0.0506852 0.197932 0
0.0520767 0.208996 0
0.0571209 0.215839 1
0.0612952 0.22063 0
0.0694108 0.22553 0
0.0729379 0.233761 0
0.0824382 0.241506 1
0.0842693 0.23974 0
0.107441 0.227432 0
0.323587 0.418718 0
0.341132 0.422775 1
0.349855 0.423997 0
0.353647 0.437458 0
0.35978 0.440361 0
0.362944 0.450941 1
0.444164 0.637779 0
0.455054 0.616099 1
0.457118 0.622721 0
0.457054 0.630973 0
0.462224 0.637719 0
0.465961 0.644334 0
0.46611 0.652768 0
0.473588 0.657655 0
0.476391 0.668343 0
0.481163 0.671936 0
0.487143 0.681139 0
0.49714 0.687484 1
0.499019 0.695668 0
0.501925 0.707321 0
0.515435 0.708735 0
0.516142 0.718357 0
0.522484 0.72801 0
0.534245 0.72355 0
0.541699 0.72762 0
0.550595 0.727865 1
0.558175 0.729786 0
0.566374 0.726539 0
0.57406 0.723533 0
0.586133 0.721412 0
0.590428 0.716942 0
0.602424 0.717313 0
0.606399 0.708577 0
0.617911 0.711679 0
0.626303 0.707337 0
0.636412 0.700455 1
0.64612 0.698237 0
0.652375 0.697936 0
0.652553 0.693905 0
0.722859 0.67511 1
0.73123 0.674445 0
0.732063 0.660237 0
0.740129 0.66018 0
0.773243 0.670582 0
0.773952 0.665711 0
0.774301 0.663594 0
0.776813 0.660424 0
0.779351 0.655764 0
0.788471 0.658193 0
0.792721 0.664071 0
0.801889 0.662944 0
0.807279 0.666506 1
0.81862 0.675015 0
0.827812 0.672944 0
0.836225 0.676928 0
0.843254 0.678242 0
0.853632 0.68067 0
0.860998 0.678935 0
0.870179 0.676558 0
0.879871 0.679756 0
0.885923 0.682238 0
0.90041 0.682254 0
0.900837 0.671131 0
0.902906 0.658868 0
0.894296 0.641787 0
1 0.683322 0
0.968408 0.642129 0
0.909577 0.625243 0
0.907064 0.62855 0
0.909294 0.622648 0
0.91371 0.631935 0
0.917888 0.631042 0
0.914328 0.640302 0
0.922068 0.647916 1
0.926776 0.653313 0
0.922479 0.6414 0
0.920047 0.622715 0
0.908371 0.609043 0
0.905741 0.59532 0
0.899629 0.583801 0
0.883412 0.57135 0
0.877227 0.553024 1
0.858896 0.538336 0
0.848496 0.511761 0
0.854852 0.505864 0
0.858545 0.50257 0
0.85733 0.502407 0
0.857589 0.50069 0
0.857938 0.498302 0
0.857725 0.497646 0
0.857629 0.497386 0
0.85766 0.497338 1
0.857 0.495625 0
0.857254 0.495027 0
0.858376 0.492789 0
0.858128 0.492595 0
0.862788 0.491988 0
0.822965 0.451567 0
