0.47737 0.64025 1
0.475474 0.637898 0
0.473402 0.63737 0
0.473669 0.637002 0
0.481087 0.626049 0
0.481633 0.622494 0
0.476747 0.619512 0
0.46939 0.612284 0
0.466547 0.606763 0
0.46478 0.606668 0
0.463145 0.600649 0
0.457392 0.588853 0
0.452707 0.579216 0
0.447997 0.570757 0
0.448615 0.558564 0
0.454192 0.551219 0
0.457109 0.544822 0
0.460442 0.520954 0
0.460064 0.51178 0
0.464534 0.503556 0
0.465391 0.501265 0
0.474125 0.459177 0
0.476669 0.438227 0
0.482277 0.41739 0
0.480756 0.404917 0
0.478506 0.394652 0
0.484165 0.384774 0
0.480497 0.367446 0
0.482662 0.354895 0
0.484321 0.341307 0
0.481994 0.32754 0
0.481624 0.318245 0
0.531184 0.269225 0
0.366941 0.30695 0
0.339443 0.21401 0
0.339464 0.202004 0
0.337892 0.199217 0
0.335981 0.1949 0
0.334633 0.19151 0
0.33426 0.190392 1
0.335248 0.180255 0
0.332597 0.171132 0
0.327175 0.164932 0
0.319814 0.158617 0
0.325968 0.143854 0
0.309551 0.142355 0
0.312698 0.12904 0
0.309717 0.117463 0
0.301453 0.111826 0
0.28645 0.110723 0
0.278219 0.104415 0
0.268702 0.0994857 0
0.283871 0.0741344 0
0.255479 0.0832181 0
0.254571 0.0647828 0
0.246558 0.055136 0
0.235376 0.0479985 0
0.219 0.047606 0
0.197793 0.0628949 0
0.190104 0.0561741 0
0.172661 0.0627261 0
0.158254 0.0663751 0
0.147725 0.0654681 1
0.137271 0.0519977 0
0.132588 0.0413786 0
0.124137 0.0297547 0
0.117515 0.0171129 0
0.110091 0.0138705 0
0.10786 0.0160873 0
0.103777 0.00500714 0
0.0978542 0 0
0.0889141 0.00557982 0
0.0918495 0.0199083 0
0.0816968 0.0175871 0
0.0698676 0.0160703 0
0.0569231 0.0172438 0
0.0541936 0.0356302 0
0.0574591 0.0570132 0
0.0542853 0.0779581 0
0.0504031 0.085018 0
0.0492206 0.0929955 0
0.0474058 0.107539 0
0.0458243 0.120763 0
0.0451821 0.13347 0
0.0409653 0.143868 0
0.0442816 0.156841 0
0.0481018 0.169123 0
0.0474435 0.178763 0
0.0507633 0.193558 0
0.0481955 0.207762 0
0.052335 0.217502 1
0.0347806 0.230431 0
0.0111328 0.246077 0
0.0101431 0.259778 0
0.00853049 0.274323 0
0 0.287766 0
0.00547035 0.300741 0
0.00850707 0.312663 0
0.014673 0.321925 0
0.0192536 0.334939 0
0.0335829 0.347397 0
0.0446866 0.361834 0
0.0481476 0.375343 0
0.0558385 0.39121 0
0.0702003 0.404394 0
0.0779112 0.423368 0
0.0868672 0.442769 0
0.0977596 0.458061 1
0.0999809 0.471931 0
0.098183 0.481679 0
0.10074 0.496202 0
0.10323 0.510169 0
0.106253 0.521843 0
0.109487 0.532439 0
0.110296 0.543333 0
0.116265 0.546967 1
0.118441 0.557761 0
0.121706 0.572324 0
0.124886 0.586998 0
0.136136 0.596335 0
0.144096 0.603141 0
0.149942 0.635914 0
0.157712 0.661152 0
0.176118 0.681609 0
0.182801 0.69316 0
0.191509 0.697233 0
0.203651 0.70606 0
0.215284 0.714236 0
0.225064 0.723901 0
0.231409 0.719087 0
0.240345 0.713484 0
0.242412 0.710892 0
0.249546 0.707989 0
0.258208 0.709255 0
0.264929 0.713498 0
0.271853 0.716684 0
0.282051 0.710934 0
0.293034 0.713727 0
0.30525 0.709161 0
0.321249 0.693508 0
0.318478 0.684408 0
0.324387 0.676482 0
0.336361 0.665102 0
0.346163 0.657122 0
0.347207 0.650471 0
0.347699 0.646779 0
0.353584 0.639795 0
0.361309 0.627242 0
0.375376 0.609634 0
0.377906 0.598781 0
0.394046 0.579515 0
0.376278 0.584033 0
0.385509 0.561296 0
0.377059 0.560648 0
0.362027 0.567165 0
0.35832 0.557699 0
0.350445 0.556953 0
0.336493 0.558186 0
0.33468 0.547585 0
0.32555 0.547175 0
0.312903 0.547462 0
0.304388 0.544674 0
0.298022 0.540987 0
0.288217 0.538172 0
0.282355 0.538537 0
0.276782 0.535519 0
0.270441 0.531667 0
0.263721 0.527741 1
0.264659 0.526227 0
0.26248 0.520946 0
0.264097 0.515056 0
0.262863 0.507582 0
0.26622 0.499258 0
0.263747 0.48928 0
0.264242 0.478289 0
0.258393 0.467731 0
0.251675 0.457797 0
0.249269 0.441183 0
0.241229 0.437192 0
0.239356 0.422482 0
0.230545 0.417079 0
0.228078 0.409377 1
0.224622 0.393155 0
0.227228 0.372685 0
0.215276 0.356832 0
0.208877 0.333216 0
0.197948 0.315152 0
0.187939 0.299865 0
0.179736 0.284416 0
0.171386 0.282622 0
0.164803 0.278054 0
0.158674 0.275206 0
0.151744 0.271277 0
0.144626 0.270693 0
0.138956 0.263166 0
0.13231 0.257635 0
0.127401 0.251888 0
0.123505 0.247768 0
0.117221 0.247419 0
0.114758 0.245528 0
0.111358 0.241506 0
0.108165 0.239759 0
0.106717 0.237489 0
0.104294 0.236224 0
0.101941 0.234605 0
0.100687 0.232801 1
0.100758 0.231475 0
0.100182 0.231206 0
0.100242 0.229866 0
0.10097 0.227192 0
0.101203 0.224799 0
0.102427 0.223432 0
0.102208 0.221615 0
0.103375 0.218826 0
0.116271 0.213818 0
0.12068 0.212349 0
0.121475 0.210223 0
0.123819 0.209811 0
0.132299 0.207381 0
0.140542 0.206744 0
0.146138 0.206146 0
0.154928 0.203594 0
0.160792 0.203315 0
0.171393 0.20327 0
0.178184 0.202566 0
0.185424 0.200388 0
0.193269 0.200908 0
0.204553 0.202834 0
0.210688 0.20085 0
0.221453 0.200551 0
0.224492 0.204467 0
0.234754 0.198925 0
0.242559 0.200547 0
0.247023 0.203231 0
0.256789 0.202886 0
0.263003 0.205916 0
0.269995 0.20551 0
0.27431 0.210261 0
0.282522 0.21036 0
0.286524 0.214677 0
0.294952 0.218432 0
0.304446 0.219262 0
0.312011 0.231586 0
0.372973 0.240032 0
0.380083 0.244859 0
0.382308 0.245356 0
0.3828 0.248224 0
0.382721 0.249445 0
0.385223 0.252883 0
0.385399 0.252732 0
0.387412 0.255706 0
0.387996 0.258218 1
0.391704 0.262794 0
0.399572 0.266521 0
0.406323 0.2722 0
0.413146 0.272172 0
0.419187 0.275695 0
0.427012 0.280989 0
0.427627 0.287513 0
0.431291 0.29155 0
0.435164 0.296434 0
0.441737 0.29963 0
0.448207 0.304738 0
0.456895 0.309495 0
0.463336 0.314871 0
0.465261 0.318559 0
0.464918 0.320381 0
0.467625 0.323567 0
0.473411 0.332089 0
0.479898 0.336356 0
0.483041 0.340656 0
0.485236 0.342922 0
0.48667 0.348321 0
0.492364 0.356578 0
0.501579 0.359041 0
0.507991 0.366586 0
0.508307 0.370995 0
0.511609 0.376116 0
0.513576 0.384219 0
0.514059 0.389332 0
0.518454 0.393849 0
0.52604 0.398481 0
0.522496 0.408373 0
0.528546 0.416039 0
0.537138 0.419223 0
0.53817 0.431512 0
0.542506 0.438423 0
0.539821 0.454188 0
0.548564 0.458585 0
0.550409 0.464884 0
0.552666 0.480488 0
0.556849 0.495784 0
0.566401 0.501677 0
0.573676 0.513444 0
0.586319 0.505536 0
0.591343 0.507539 0
0.601536 0.50352 0
0.607282 0.508231 0
0.612672 0.504289 0
0.621463 0.502458 0
0.62376 0.505704 0
0.618413 0.523409 0
0.613941 0.54187 0
0.61897 0.549653 0
0.629031 0.557646 0
0.639523 0.552941 0
0.648294 0.542966 0
0.658348 0.532593 0
0.664467 0.526238 0
0.673614 0.518526 0
0.678136 0.518185 0
0.680821 0.518667 0
0.684178 0.521074 0
0.690098 0.520353 0
0.689149 0.522724 0
0.686878 0.525591 0
0.692253 0.524549 0
0.702379 0.52623 0
0.70347 0.527082 0
0.703145 0.528022 0
0.705261 0.528089 0
0.706256 0.528468 1
0.706242 0.528947 0
0.707281 0.532246 0
0.710197 0.540904 0
0.714016 0.556436 0
0.727965 0.57352 0
0.737395 0.589238 0
0.744371 0.601825 0
0.746129 0.608883 0
0.749429 0.608055 0
0.755501 0.610255 0
0.76282 0.619771 0
0.773263 0.620218 0
0.774348 0.627413 0
0.778296 0.636339 0
0.785772 0.641879 0
0.785682 0.632899 0
0.784936 0.615245 0
0.786998 0.610125 0
0.792151 0.61093 0
0.792499 0.614247 0
0.799675 0.622788 0
0.807753 0.6286 0
0.812547 0.633651 0
0.817842 0.641223 0
0.822125 0.641907 1
0.829239 0.633823 0
0.822236 0.656045 0
0.819389 0.662949 0
0.816527 0.665656 0
0.801613 0.670813 0
0.789282 0.6839 0
0.783817 0.692036 0
0.772691 0.685882 0
0.783464 0.690879 0
0.794291 0.69811 0
0.797857 0.700054 0
0.800671 0.69632 0
0.803734 0.686188 0
0.786105 0.68689 0
0.779615 0.68404 0
0.773977 0.687622 0
0.768347 0.695973 0
0.756656 0.704731 0
0.739845 0.709533 0
0.72801 0.71307 0
0.717589 0.720473 0
0.700928 0.72091 0
0.692086 0.724811 0
0.690068 0.738107 0
0.678278 0.74773 0
0.670462 0.75561 0
0.662024 0.755531 0
0.642194 0.741873 0
0.627773 0.749364 0
0.651863 0.756795 0
0.639128 0.743567 0
0.622066 0.741927 0
0.619257 0.754711 0
0.621281 0.764557 0
0.616392 0.77961 0
0.612131 0.791482 0
0.605426 0.803554 0
0.608089 0.818991 0
0.589152 0.846991 0
0.581994 0.855965 0
0.578948 0.860746 0
0.574674 0.861804 0
0.572544 0.870553 0
0.567914 0.881629 0
0.563219 0.888824 0
0.56287 0.89345 0
0.558373 0.895533 0
0.560565 0.903722 0
0.561214 0.910049 0
0.566688 0.908166 0
0.568544 0.907058 0
0.565041 0.908579 0
0.559406 0.919884 0
0.572067 0.925163 0
0.576363 0.934138 0
0.573202 0.944898 0
0.566889 0.949137 0
0.563097 0.954059 0
0.567593 0.964051 0
0.565378 0.973344 0
0.562592 0.979935 0
0.563439 0.977138 0
0.562907 0.977052 0
0.557328 0.981984 0
0.554847 0.987185 0
0.550438 0.989682 0
0.552516 0.989535 0
0.551693 0.991556 0
0.552643 0.990215 0
0.551659 0.997954 0
0.548145 0.99978 0
0.543439 0.999728 0
0.541795 1 1
0.545557 0.990071 0
0.548319 0.979149 0
0.547524 0.984754 0
0.547125 0.991965 0
0.546608 0.987093 0
0.553606 0.985081 0
0.534442 0.989415 0
0.54898 0.98146 0
0.555913 0.973188 0
0.555424 0.969012 0
0.551544 0.964764 0
0.551404 0.958462 0
0.556166 0.953461 0
0.555479 0.949562 0
0.55283 0.94423 0
0.557443 0.93507 0
0.556242 0.926382 0
0.547926 0.922284 0
0.55431 0.916225 0
0.557783 0.910025 0
0.559029 0.900822 0
0.557995 0.894153 0
0.556978 0.889312 0
0.556848 0.877292 0
0.555521 0.869311 0
0.555612 0.864551 0
0.551007 0.85967 0
0.548126 0.857608 0
0.549606 0.853714 0
0.548077 0.852044 0
0.550633 0.846605 0
0.546843 0.838825 0
0.549888 0.836305 0
0.547232 0.833019 0
0.547459 0.828776 0
0.54472 0.824428 0
0.545671 0.818581 0
0.552209 0.814073 0
0.556502 0.814203 0
0.564676 0.812617 0
0.56849 0.805799 0
0.564082 0.799187 0
0.563276 0.800837 0
0.563841 0.807018 0
0.561974 0.800598 0
0.565098 0.793625 0
0.565325 0.792963 0
0.568578 0.794077 0
0.569457 0.795066 0
0.569197 0.796299 0
0.573129 0.795246 0
0.57215 0.791769 0
0.571979 0.793751 0
0.571697 0.797463 0
0.570038 0.796375 0
0.572477 0.793296 0
0.573506 0.792141 0
0.574841 0.797911 0
0.574545 0.79944 0
0.575539 0.80152 0
0.575271 0.804569 0
0.574522 0.807209 0
0.574369 0.807469 1
