0.0161276 0.541768 1
0.0157485 0.567282 0
0.0229408 0.579615 0
0.0188147 0.588482 0
0.0144043 0.610859 0
0.0171093 0.627492 0
0.034943 0.641771 0
0.0571367 0.663609 0
0.0753539 0.682565 0
0.0895763 0.70032 0
0.10008 0.720206 0
0.114817 0.739823 0
0.118576 0.759343 0
0.123707 0.772963 0
0.143241 0.770984 0
0.12123 0.791043 0
0.0932311 0.825687 0
0.130599 0.832228 0
0.135241 0.839063 0
0.144507 0.856097 0
0.158119 0.860531 0
0.175146 0.868136 0
0.1889 0.869468 0
0.19047 0.886745 0
0.197254 0.924979 0
0.209494 0.946451 0
0.223298 0.959135 0
0.241993 0.970677 0
0.265257 0.978169 0
0.285627 0.98922 0
0.303286 0.987572 0
0.335887 0.969056 0
0.366872 0.931914 0
0.385187 0.923961 0
0.396414 0.921112 0
0.402872 0.907231 0
0.442145 0.852296 0
0.444116 0.854433 0
0.458414 0.854605 0
0.473219 0.818457 0
0.464036 0.775117 0
0.455098 0.751412 0
0.451909 0.732067 0
0.44786 0.706271 0
0.443197 0.692148 0
0.441271 0.683413 1
0.438596 0.676544 0
0.433925 0.66464 0
0.43787 0.654743 0
0.443811 0.639472 0
0.435459 0.627458 0
0.433985 0.614819 0
0.423295 0.600002 0
0.404536 0.584284 0
0.382173 0.560915 0
0.383675 0.541126 0
0.374117 0.521789 0
0.358951 0.503805 0
0.354486 0.485133 0
0.340849 0.466764 0
0.325925 0.453253 0
0.311686 0.432985 0
0.294701 0.416005 0
0.283798 0.406209 0
0.287847 0.38343 0
0.282263 0.373384 0
0.281629 0.348503 0
0.265771 0.331805 0
0.278874 0.303725 0
0.270815 0.284139 0
0.274527 0.263399 0
0.278046 0.251346 0
0.276794 0.228559 0
0.267029 0.209701 0
0.255574 0.182525 0
0.265932 0.158363 0
0.2738 0.142906 0
0.277807 0.116916 0
0.259897 0.078683 0
0.256056 0.0676755 0
0.261135 0.0562994 0
0.256941 0.0450858 0
0.254197 0.0369241 0
0.253057 0.029937 0
0.242054 0.016759 0
0.240564 0.0142695 1
0.236493 0.00978871 0
0.229262 0.00617054 0
0.223129 0.00117662 0
0.21037 0.00394034 0
0.202031 0 0
0.186274 0.00740316 0
0.175788 0.00747353 0
0.165485 0.00815896 0
0.156007 0.00757765 0
0.145976 0.0104501 0
0.137104 0.0104532 0
0.120006 0.017265 0
0.104411 0.01862 0
0.0946014 0.0231711 0
0.0852621 0.0284502 0
0.077475 0.0249449 0
0.0646426 0.047192 0
0.0757658 0.0746069 0
0.0666122 0.0906627 0
0.0668276 0.10635 0
0.0603966 0.121513 0
0.0589608 0.140796 0
0.0520561 0.15047 0
0.00896636 0.174923 0
0.010361 0.197762 0
0.0445565 0.223324 0
0.0505142 0.240728 0
0.0502381 0.257089 0
0.0430041 0.277938 0
0.0425878 0.295624 0
0.0419842 0.307639 0
0.0439223 0.31382 0
0.0399031 0.326852 0
0.0387656 0.339183 0
0.025718 0.355461 0
0.031726 0.364807 0
0.0336697 0.377989 0
0.0293271 0.399942 0
0.035275 0.411347 0
0.0304518 0.429287 0
0.0321098 0.445904 0
0.0335248 0.460965 0
0.0357075 0.476429 0
0.0663018 0.483058 0
0.0664213 0.494683 0
0.060214 0.509932 0
0.0619844 0.535003 0
0.0722709 0.560139 0
0.0692507 0.58616 0
0.0729896 0.60591 0
0.0734188 0.623982 0
0.0882266 0.645145 0
0.0939382 0.665604 0
0.10815 0.685781 0
0.111946 0.707019 0
0.118434 0.729573 0
0.132717 0.743639 0
0.137996 0.76369 0
0.146206 0.784862 0
0.169029 0.813541 0
0.173207 0.82883 0
0.176817 0.855741 0
0.178784 0.864285 0
0.188458 0.885863 0
0.185732 0.903925 0
0.20566 0.928441 0
0.235954 0.937135 0
0.247405 0.958651 0
0.27539 0.964838 0
0.288906 0.985886 0
0.299686 0.990053 0
0.326549 0.987365 0
0.340823 0.994434 0
0.357122 1 0
0.379409 0.982376 0
0.388522 0.982858 0
0.399786 0.957512 0
0.415004 0.929359 0
0.430765 0.91257 0
0.428785 0.895905 0
0.431516 0.884079 1
0.469773 0.86714 0
0.486691 0.83357 0
0.504645 0.813086 0
0.514223 0.777657 0
0.512286 0.751309 0
0.52239 0.725052 0
0.495629 0.708378 0
0.488098 0.688137 0
0.481232 0.66768 0
0.467867 0.653942 0
0.427918 0.633564 0
0.417896 0.617973 0
0.414405 0.60322 0
0.418033 0.585571 0
0.40525 0.572466 0
0.403525 0.554024 0
0.394068 0.531199 0
0.393617 0.51302 0
0.388864 0.492174 0
0.383552 0.476946 0
0.371142 0.465959 0
0.367931 0.447481 0
0.359061 0.427225 0
0.331685 0.410319 0
0.321104 0.389548 0
0.312388 0.362464 0
0.311537 0.343824 0
0.314253 0.328509 0
0.325098 0.312309 0
0.32056 0.294979 0
0.308275 0.271537 0
0.296754 0.263709 0
0.311894 0.232229 0
0.254635 0.238989 0
0.317264 0.17777 0
0.291429 0.168815 0
0.275183 0.141192 0
0.259645 0.116059 0
0.25487 0.0962823 0
0.258402 0.0761336 0
0.258237 0.0535234 0
0.254564 0.0402297 0
0.244284 0.0309646 0
0.242587 0.0240943 0
0.241413 0.0158189 0
0.239822 0.0141373 0
0.239965 0.0123799 0
0.22542 0.0057306 0
0.218633 0.00494423 0
0.201016 0.00657817 0
0.196146 0.00460128 0
0.188021 0.000532007 0
0.178052 0.000154202 0
0.165207 0.00540579 0
0.148983 0.0114699 0
0.145751 0.00520647 0
0.131979 0.00810459 0
0.120036 0.0139364 0
0.111413 0.0145242 0
0.102332 0.01707 0
0.0917731 0.0246893 0
0.0820205 0.0288125 1
0.0757145 0.0564664 0
0.0610532 0.0655565 0
0.0558306 0.0825218 0
0.0585994 0.11088 0
0.0534198 0.13008 0
0.0503175 0.147178 0
0.0483716 0.165615 0
0.0485214 0.181548 1
0.0446691 0.194098 0
0.0334614 0.21613 0
0.0373691 0.227767 0
0.0337848 0.241765 0
0.0388112 0.250767 0
0.0356415 0.265317 0
0.0284018 0.28425 0
0.0269646 0.293285 0
0.019484 0.317842 0
0.0175417 0.336156 0
0.00655411 0.354528 0
0.00358276 0.375438 0
0 0.396016 0
0.0133747 0.411219 0
0.0124674 0.435446 0
0.0190511 0.452409 0
0.0225155 0.463742 0
0.0210152 0.478388 0
0.0267301 0.486162 0
0.05803 0.514224 0
0.0556316 0.530691 0
0.0534 0.553984 0
0.0612411 0.577607 0
0.0634651 0.596823 0
0.0435528 0.614686 0
0.0519713 0.627924 0
0.0417844 0.644584 0
0.0405363 0.67128 0
0.0592963 0.693234 0
0.0379367 0.713055 0
0.0401714 0.734487 0
0.045953 0.745374 0
0.0572325 0.781014 0
0.0837738 0.79849 0
0.103398 0.825027 0
0.0818634 0.859537 0
0.100146 0.875636 0
0.10692 0.885572 0
0.108369 0.904321 0
0.115813 0.924317 1
0.122646 0.938052 0
0.136766 0.945337 0
0.154525 0.957802 0
0.163133 0.967114 0
0.176592 0.975124 0
0.18682 0.980309 0
0.193165 0.999146 0
0.222379 0.991545 0
0.224992 0.998453 0
0.25106 0.982235 0
0.273928 0.929724 0
0.339052 0.900852 0
0.403341 0.858446 1
0.412374 0.843716 0
0.418996 0.821978 0
0.424613 0.810228 0
0.443478 0.790504 0
0.447826 0.770663 0
0.45413 0.755578 0
0.448375 0.724028 0
0.445696 0.701572 0
0.455572 0.683745 0
0.455852 0.676157 0
0.472291 0.667106 0
0.479135 0.655275 0
0.486274 0.645099 0
0.496007 0.639687 0
0.504118 0.630205 0
0.505776 0.612743 0
0.512966 0.606286 0
0.523308 0.593186 0
0.533722 0.57814 0
0.540068 0.572214 0
0.548185 0.550265 0
0.549045 0.5542 0
0.549752 0.542709 0
0.553955 0.53599 0
0.558119 0.530728 1
