0.352458 0.301146 1
0.347977 0.291023 0
0.343347 0.28307 0
0.339221 0.275062 0
0.331554 0.271689 0
0.328998 0.264732 0
0.319872 0.245326 0
0.311747 0.234412 0
0.304931 0.222908 0
0.296762 0.212938 0
0.295449 0.203933 0
0.29173 0.197645 0
0.274858 0.182003 0
0.284561 0.164355 0
0.273166 0.15754 0
0.257025 0.151851 0
0.262487 0.127823 0
0.259958 0.126336 0
0.263703 0.119225 0
0.259643 0.114182 0
0.251874 0.103338 0
0.25376 0.0946127 0
0.244299 0.0876561 0
0.242077 0.0790862 0
0.240476 0.0697824 0
0.240196 0.0654582 0
0.239459 0.0600626 0
0.233785 0.054649 0
0.234287 0.0474282 0
0.229553 0.0424675 0
0.223567 0.0377623 0
0.225137 0.0316766 0
0.228393 0.0253221 0
0.231245 0.0209577 0
0.23689 0.0168889 0
0.240771 0.0110815 0
0.241738 0.00455247 0
0.253075 0.00525231 0
0.262616 0 0
0.277099 0.00109774 0
0.292712 0.013165 0
0.286687 0.00882446 0
0.100279 0.0427762 0
0.0727654 0.0558738 0
0.0316499 0.091986 0
0.0138187 0.117232 0
0.00590208 0.144972 0
0 0.155077 0
0.0102309 0.184296 0
0.011509 0.197257 0
0.0426313 0.209863 0
0.0195939 0.24881 0
0.372556 0.0651942 1
0.106734 0.243173 0
0.123955 0.254837 0
0.114853 0.269474 0
0.125744 0.279185 0
0.126305 0.296992 0
0.132725 0.311891 0
0.136695 0.331585 0
0.154784 0.351536 0
0.163584 0.368722 0
0.177453 0.378245 0
0.194453 0.389793 0
0.204218 0.406804 0
0.230563 0.417808 0
0.257418 0.439088 0
0.268653 0.448938 0
0.272368 0.450741 0
0.26998 0.431334 0
0.484226 0.355248 1
0.280094 0.461135 1
0.275887 0.470191 0
0.276361 0.477399 0
0.271528 0.489724 0
0.272301 0.501726 0
0.272428 0.512103 0
0.278065 0.525999 0
0.274697 0.539746 0
0.278483 0.549616 0
0.279175 0.565673 0
0.292929 0.582429 0
0.300058 0.60348 0
0.306579 0.614582 0
0.310059 0.623662 0
0.30225 0.636545 0
0.311036 0.644537 0
0.315442 0.658619 0
0.313934 0.669395 0
0.319607 0.671928 0
0.331 0.684616 0
0.334385 0.69507 0
0.334182 0.7016 0
0.317194 0.715245 0
0.329038 0.715861 0
0.340111 0.722546 0
0.3513 0.734626 0
0.354989 0.74941 0
0.357866 0.760021 0
0.368198 0.803099 0
0.367771 0.822455 0
0.362819 0.834964 0
0.364894 0.846717 0
0.367977 0.855338 0
0.370516 0.855948 0
0.355891 0.865475 0
0.372043 0.873383 0
0.368346 0.874838 0
0.37102 0.877023 0
0.372888 0.879177 0
0.371384 0.8847 0
0.373995 0.889735 0
0.377417 0.898169 0
0.374441 0.908972 0
0.382548 0.916199 0
0.384689 0.924804 0
0.388614 0.928163 0
0.393338 0.93523 0
0.400697 0.938382 0
0.404053 0.945158 0
0.415592 0.942713 0
0.440007 0.938891 0
0.457999 0.932613 0
0.471967 0.922308 0
0.492531 0.925982 0
0.506066 0.913705 0
0.519682 0.905943 0
0.520506 0.878219 0
0.523679 0.864128 0
0.527848 0.858265 0
0.52562 0.842389 0
0.521477 0.833048 0
0.524103 0.823811 0
0.524814 0.817035 0
0.525081 0.813452 0
0.527087 0.808771 0
0.524952 0.803245 1
0.531397 0.797413 0
0.54378 0.782202 0
0.541831 0.77637 0
0.552985 0.762774 0
0.563565 0.748883 0
0.570195 0.733565 0
0.571495 0.723499 0
0.57019 0.712718 0
0.568634 0.700287 0
0.568892 0.68054 0
0.560224 0.677098 0
0.555263 0.663165 0
0.545317 0.65739 0
0.543049 0.642382 0
0.530588 0.636644 0
0.534387 0.616518 0
0.53831 0.597427 0
0.530207 0.591939 0
0.523079 0.57847 0
0.512889 0.556589 0
0.500881 0.540709 0
0.495218 0.526429 0
0.490958 0.50835 0
0.480109 0.485558 0
0.472225 0.469128 0
0.467328 0.455969 0
0.459094 0.444314 0
0.459449 0.432558 0
0.458245 0.424778 0
0.457464 0.419174 0
0.457652 0.415668 0
0.459353 0.410879 0
0.459691 0.402681 1
0.45403 0.403264 0
0.448576 0.399534 0
0.443353 0.395507 0
0.427543 0.394659 0
0.387553 0.369471 0
0.369617 0.340772 0
0.378853 0.322037 0
0.386327 0.307552 0
0.37439 0.27749 0
0.339009 0.274384 0
0.334752 0.26806 0
0.329666 0.25629 0
0.329198 0.241898 0
0.316402 0.23527 0
0.306028 0.229455 0
0.297558 0.220539 0
0.297602 0.210119 0
0.28009 0.197181 0
0.27906 0.189344 0
0.266699 0.171916 0
0.263876 0.158213 0
0.26612 0.14048 0
0.260051 0.130456 0
0.265507 0.128533 0
0.255783 0.123329 0
0.257504 0.119883 0
0.258655 0.118099 0
0.254806 0.114629 0
0.248644 0.111364 0
0.246033 0.108232 0
0.243987 0.103852 0
0.244796 0.0966302 0
0.241928 0.0911486 0
0.24181 0.0859495 0
0.234396 0.0786155 0
0.230224 0.0712951 0
0.23572 0.0649833 0
0.240104 0.0595793 0
0.240166 0.0560836 0
0.215263 0.0556692 0
0.174523 0.0648535 0
0.156274 0.0674452 0
0.148954 0.0598796 0
0.132915 0.0661546 0
0.10525 0.0842035 0
0.0909947 0.095535 0
0.0764377 0.106016 0
0.0648723 0.120975 0
0.0539029 0.13456 0
0.0309986 0.137528 0
0.0178479 0.1487 0
0.0250577 0.156135 0
0.0228982 0.167832 0
0.0205634 0.184911 0
0.0158123 0.196874 0
0.0241243 0.211396 0
0.0440071 0.221589 0
0.0684331 0.230667 0
0.0685642 0.242093 0
0.107997 0.250015 0
0.12328 0.256791 0
0.127481 0.26325 0
0.13081 0.270951 1
0.446449 0.200171 0
0.160888 0.328335 0
0.138942 0.334741 0
0.146912 0.345398 0
0.144842 0.359749 0
0.14607 0.366658 0
0.151031 0.378282 0
0.158719 0.39003 0
0.172777 0.401684 0
0.181573 0.411711 0
0.200138 0.424943 0
0.198275 0.44144 0
0.184458 0.458118 0
0.189769 0.463394 0
0.189871 0.481981 0
0.185187 0.48319 0
0.187032 0.500936 0
0.196633 0.517754 0
0.220626 0.528641 0
0.275725 0.539112 0
0.296658 0.54523 0
0.285167 0.564671 0
0.27866 0.576613 0
0.2828 0.574998 0
0.284564 0.586524 0
0.288977 0.594289 0
0.291073 0.60531 0
0.300396 0.615 0
0.303587 0.627572 0
0.301063 0.639287 0
0.30443 0.650049 0
0.30629 0.654199 0
0.308104 0.67242 0
0.299601 0.690298 0
0.294848 0.701194 0
0.292147 0.711522 1
0.300132 0.711877 0
0.310059 0.715006 0
0.315451 0.716621 0
0.338424 0.730965 0
0.344651 0.739138 0
0.356825 0.754044 0
0.360145 0.801838 0
0.358026 0.834599 0
0.360837 0.840359 0
0.362888 0.849026 0
0.362831 0.852762 0
0.36183 0.855733 0
0.363205 0.864833 0
0.365703 0.867855 1
0.365845 0.87143 0
0.367152 0.875068 0
0.367248 0.878825 0
0.369929 0.883828 0
0.368905 0.888228 0
0.370098 0.895263 0
0.371985 0.901027 0
0.371734 0.906638 0
0.376336 0.914765 0
0.373882 0.923092 0
0.372685 0.931705 0
0.367338 0.944978 0
0.36339 0.961329 0
0.373192 0.965324 0
0.36786 0.972722 0
0.350692 1 0
0.403986 0.976149 0
0.433454 0.960494 0
0.45227 0.938018 0
0.469888 0.912489 0
0.492119 0.914132 0
0.502469 0.898357 0
0.515344 0.896963 0
0.52564 0.890379 0
0.532194 0.87533 0
0.524888 0.851295 0
0.528193 0.843033 0
0.53015 0.834862 0
0.528043 0.82951 0
0.525312 0.818221 0
0.522919 0.812471 0
0.524741 0.803439 0
0.522774 0.801058 0
0.524077 0.78847 0
0.531946 0.77419 0
0.530833 0.75387 0
0.561239 0.733219 0
0.250825 0.751222 1
0.552358 0.710567 0
0.542514 0.709793 0
0.540962 0.69725 0
0.540075 0.680742 0
0.539755 0.669706 0
0.543208 0.656006 0
0.544123 0.644039 0
0.53708 0.63862 0
0.532515 0.628355 0
0.526403 0.611987 0
0.528969 0.59321 0
0.520293 0.578652 0
0.513809 0.565864 0
0.496086 0.546389 0
0.485909 0.505325 0
0.484079 0.5118 0
0.474696 0.496558 0
0.466436 0.477139 0
0.462493 0.452863 0
0.45952 0.440449 0
0.45809 0.444675 0
0.455547 0.448842 0
0.45391 0.436881 0
0.450818 0.430544 0
0.453156 0.425046 0
0.454154 0.424598 0
0.443352 0.419911 0
0.434047 0.411799 0
0.426994 0.407886 0
0.417589 0.402112 0
0.415325 0.393726 0
0.406092 0.388727 0
0.380496 0.361582 0
0.36257 0.324569 0
0.339572 0.326563 0
0.32199 0.297057 0
0.339148 0.276337 0
0.333371 0.272909 0
0.329507 0.26546 0
0.322283 0.258022 0
0.318313 0.251822 0
0.316201 0.239666 0
0.302875 0.229545 0
0.291304 0.214454 0
0.284449 0.202183 0
0.283581 0.194014 0
0.27873 0.185955 0
0.27325 0.178714 0
0.262268 0.15858 0
0.261514 0.158985 0
0.259537 0.141252 0
0.252804 0.124764 0
0.254913 0.126808 0
0.254422 0.118959 1
