0.0247173 0.700232 1
0.0257338 0.707187 0
0.0290875 0.719182 0
0.0325138 0.730127 0
0.0349113 0.741267 0
0.0367222 0.754837 0
0.040922 0.770259 0
0.0461131 0.784367 0
0.0488741 0.797262 0
0.0514342 0.8088 0
0.0555572 0.820331 0
0.0599429 0.829587 0
0.0642514 0.8418 0
0.0723711 0.859732 0
0.0787464 0.871763 0
0.0881294 0.88604 0
0.109637 0.914178 0
0.117822 0.925324 0
0.123302 0.933285 0
0.135443 0.941549 0
0.145201 0.947516 0
0.153828 0.955981 0
0.162057 0.967361 0
0.17472 0.96867 0
0.175507 0.98183 0
0.184313 0.985726 0
0.196873 0.980784 0
0.201746 0.99639 0
0.212898 0.999619 0
0.219626 0.987374 0
0.22988 0.985696 0
0.233655 1 0
0.246731 0.998174 0
0.257037 0.988366 0
0.267728 0.982648 0
0.280256 0.986619 0
0.289608 0.981319 0
0.294721 0.969244 0
0.305464 0.964504 0
0.315794 0.960434 0
0.322389 0.951119 0
0.330057 0.940327 0
0.336793 0.933558 0
0.343303 0.926355 0
0.352758 0.910574 0
0.323299 0.844042 0
0.323318 0.830289 0
0.324114 0.818474 0
0.325248 0.807597 0
0.328082 0.797647 0
0.334317 0.784852 0
0.342207 0.772771 1
0.350117 0.762616 0
0.358158 0.744228 0
0.370315 0.729358 0
0.366458 0.710516 0
0.371677 0.709262 0
0.372759 0.695618 0
0.37237 0.682063 0
0.371525 0.667822 0
0.371336 0.653979 0
0.371118 0.644504 0
0.369399 0.631746 0
0.368032 0.621029 0
0.363652 0.611155 0
0.358157 0.599212 0
0.357886 0.586431 0
0.356085 0.576656 0
0.352211 0.566795 0
0.348228 0.554437 0
0.344711 0.54226 0
0.341966 0.532684 0
0.339328 0.523434 0
0.340874 0.508594 0
0.33506 0.498018 0
0.325654 0.491392 0
0.32763 0.477791 0
0.320406 0.468496 0
0.316239 0.456125 0
0.313792 0.446841 0
0.30748 0.438385 0
0.251556 0.419469 1
0.24495 0.410312 0
0.240117 0.397475 0
0.236282 0.388852 0
0.235644 0.375358 0
0.232491 0.362178 0
0.228643 0.349843 0
0.229284 0.337228 0
0.228808 0.324678 0
0.2281 0.311175 0
0.227276 0.298616 0
0.230243 0.286751 0
0.229447 0.27226 0
0.228187 0.262504 0
0.230232 0.249528 0
0.228958 0.234647 0
0.230362 0.22309 0
0.229955 0.211984 0
0.233838 0.199356 0
0.230967 0.186569 0
0.231157 0.174166 0
0.232147 0.1615 0
0.232281 0.149918 0
0.232969 0.136766 0
0.23837 0.125437 0
0.278199 0.089677 0
0.278763 0.0774979 0
0.269138 0.0704722 0
0.27144 0.058613 0
0.263078 0.0513664 0
0.249355 0.0572412 0
0.244973 0.0482559 0
0.239453 0.0357664 0
0.226194 0.0370985 0
0.214651 0.0403958 0
0.202688 0.0415597 0
0.19043 0.0433858 0
0.176954 0.0473132 0
0.164505 0.0513907 0
0.152764 0.0549582 0
0.140414 0.0585365 0
0.130319 0.0611104 0
0.120296 0.0669056 0
0.109367 0.0740995 0
0.0998291 0.0779109 0
0.0875609 0.0814583 0
0.0747506 0.0857351 0
0.0621075 0.0898396 0
0.0490029 0.0949249 0
0.0350549 0.101444 0
0.0255273 0.105695 0
0.016228 0.112042 0
0.0119403 0.122865 0
0.0120514 0.13529 0
0.00583658 0.145366 0
0 0.154355 0
0.00299426 0.165257 0
0.00789817 0.178577 0
0.0163582 0.191755 0
0.0279435 0.205503 0
0.0361152 0.214779 0
0.0423037 0.224834 0
0.0478181 0.236239 0
0.0528334 0.247725 0
0.0572899 0.259673 0
0.061639 0.272055 0
0.0659002 0.284785 0
0.0699554 0.297314 0
0.0739004 0.309966 0
0.0780021 0.32265 0
0.0802473 0.334852 0
0.0832288 0.349129 1
0.0848483 0.360357 0
0.086374 0.372558 0
0.0875348 0.386696 0
0.0886316 0.403776 0
0.0891826 0.414902 0
0.0898805 0.425813 0
0.0912532 0.437603 0
0.093127 0.451051 0
0.0950408 0.463799 0
0.0958635 0.475229 0
0.094684 0.487854 0
0.0935243 0.501523 0
0.0991273 0.505805 0
0.0920333 0.52324 0
0.0858349 0.535616 0
0.0898889 0.546446 0
0.091448 0.560061 0
0.0907483 0.571714 0
0.0895628 0.584347 0
0.0875804 0.598617 0
0.0852876 0.611996 0
0.082056 0.624327 0
0.0755372 0.638451 0
0.0674228 0.654498 0
0.0618464 0.670533 0
0.0619765 0.684152 0
0.0655942 0.696382 0
0.0703222 0.712282 0
0.0733298 0.725252 0
0.0772634 0.742157 0
0.081118 0.75544 0
0.0857655 0.767624 0
0.0923012 0.782773 0
0.0967017 0.796166 0
0.106272 0.812989 0
0.107567 0.825408 0
0.116819 0.856793 0
0.124165 0.865821 0
0.130492 0.859646 0
0.136366 0.875944 0
0.146031 0.878525 0
0.145299 0.893991 0
0.15408 0.897622 0
0.165255 0.890784 0
0.17251 0.897193 0
0.168956 0.911997 0
0.173552 0.92377 0
0.184545 0.923595 0
0.194759 0.915852 0
0.205749 0.913829 0
0.21205 0.920838 0
0.207625 0.934527 0
0.214688 0.941866 0
0.227012 0.94025 0
0.239984 0.941549 0
0.250285 0.938999 0
0.2551 0.927492 0
0.262599 0.91884 0
0.275526 0.920753 0
0.285698 0.915533 0
0.288758 0.905403 0
0.288869 0.893827 0
0.297825 0.889419 1
0.312019 0.893727 0
0.320901 0.886488 0
0.329075 0.883299 0
0.338498 0.88142 0
0.346494 0.877967 0
0.358712 0.86267 0
0.364531 0.85003 0
0.368599 0.837659 0
0.371799 0.825935 0
0.37418 0.812963 0
0.375645 0.800881 0
0.375 0.791431 0
0.370992 0.781025 0
0.323323 0.743318 0
0.3192 0.735427 0
0.315742 0.723636 0
0.313677 0.713941 0
0.309577 0.700534 0
0.303927 0.681533 0
0.299581 0.667604 0
0.296619 0.656524 0
0.294968 0.64505 0
0.292637 0.634679 0
0.289905 0.620495 0
0.285848 0.608053 0
0.286426 0.598364 0
0.284534 0.58708 0
0.283755 0.575658 0
0.276561 0.563541 0
0.272703 0.553937 0
0.280064 0.543452 0
0.266108 0.531481 0
0.277671 0.52799 0
0.271438 0.515493 0
0.266881 0.504503 0
0.266627 0.495009 0
0.269288 0.485491 0
0.267735 0.473785 0
0.265384 0.460206 0
0.268172 0.447266 0
0.274474 0.437369 0
0.280068 0.424598 0
0.283958 0.411875 0
0.285112 0.401067 0
0.28447 0.386898 0
0.283994 0.372664 0
0.276707 0.360617 0
0.280069 0.351618 0
0.27491 0.341329 0
0.273545 0.328368 0
0.27283 0.31375 0
0.272999 0.301134 1
0.270451 0.287011 0
0.27115 0.272424 0
0.27476 0.256862 0
0.285449 0.222481 1
0.274558 0.239207 0
0.280037 0.22105 0
0.278428 0.206828 0
0.277907 0.194656 0
0.279178 0.181001 0
0.278956 0.168851 0
0.275402 0.156445 0
0.278815 0.146242 0
0.278784 0.134295 0
0.274769 0.12084 0
0.266233 0.114264 0
0.257174 0.107041 0
0.24825 0.098796 0
0.240447 0.0906471 0
0.229199 0.0898973 0
0.218792 0.0913161 0
0.219762 0.0750948 0
0.206395 0.0765847 0
0.201842 0.0672242 0
0.201225 0.0172322 1
0.189543 0.0062511 0
0.180813 0.00422396 0
0.167978 0.00915141 0
0.159486 0.000493662 0
0.150039 0 0
0.144977 0.0126319 0
0.131071 0.0108828 0
0.120975 0.01404 0
0.111124 0.0199388 0
0.0997416 0.0241117 0
0.0826327 0.030772 0
0.0732088 0.0359858 0
0.0615055 0.0429297 0
0.0505363 0.0476948 0
0.044287 0.0546654 0
0.0342744 0.0634863 0
0.0309548 0.0764389 0
0.0549843 0.117678 1
0.0607631 0.128639 0
0.0581987 0.13876 0
0.046727 0.142444 0
0.0436776 0.152808 0
0.0468279 0.164282 0
0.0454277 0.173973 0
0.0357137 0.184809 0
0.00291522 0.208648 0
0.00141159 0.22129 0
0.0022602 0.234834 0
0.00628626 0.245709 0
0.0119407 0.255839 0
0.0172081 0.267997 0
0.0225231 0.281803 0
0.0278493 0.295062 0
0.322232 0.283825 1
0.0336701 0.319125 0
0.0350903 0.330291 0
0.0369958 0.341013 0
0.0399144 0.352124 0
0.323436 0.331314 0
0.0421011 0.380604 0
0.040459 0.392389 0
0.039478 0.402865 0
0.0415297 0.41901 0
0.0310167 0.428516 0
0.0374896 0.438836 0
0.0378593 0.451485 0
0.0333932 0.46238 0
0.0371599 0.473159 0
0.0404637 0.482778 0
0.0415961 0.491797 0
0.0291537 0.502394 0
0.0412752 0.511219 0
0.0242435 0.523712 0
0.0399057 0.529205 0
0.0405623 0.547091 0
0.0444487 0.555409 0
0.0477493 0.565518 0
0.0418602 0.579629 0
0.0283646 0.590651 0
0.0341044 0.601107 0
0.0379857 0.609728 0
0.0468908 0.623165 0
0.047664 0.633472 0
0.0958074 0.657604 0
0.109152 0.664519 0
0.0998043 0.677624 0
0.101708 0.686194 0
0.114576 0.695134 0
0.122259 0.70251 0
0.109685 0.722498 0
0.114524 0.731503 0
0.122741 0.744025 0
0.12748 0.755039 0
0.131069 0.764865 0
0.134297 0.774244 0
0.142182 0.786404 0
0.14667 0.795298 0
0.155633 0.805993 0
0.155504 0.816979 0
0.165474 0.828377 0
0.182033 0.84276 0
0.174782 0.857184 0
0.18607 0.854555 1
