0.0744272 0.314504 1
0.0733153 0.340222 0
0.0662267 0.366616 0
0.0593256 0.403958 0
0.0526404 0.415799 0
0.031683 0.474917 0
0.0364752 0.49054 0
0.0343112 0.523781 0
0.0204478 0.547945 0
0.0126406 0.594419 0
0.0195481 0.62649 0
0.00654047 0.648212 0
0.00168251 0.680135 0
0.00113555 0.716949 0
0.0116169 0.734411 0
0.00954857 0.792341 0
0.0160746 0.81539 0
0.0254391 0.848632 0
0.0268842 0.875652 0
0.0340297 0.911025 0
0.0341738 0.939724 1
0.0425205 0.952239 0
0.0461811 0.956546 0
0.0506076 0.948141 0
0.0561548 0.935105 0
0.0637224 0.923061 0
0.0837697 0.901677 0
0.104254 0.878174 0
0.128119 0.828885 0
0.151507 0.793422 0
0.188199 0.762406 0
0.207827 0.727939 0
0.227252 0.696728 0
0.258087 0.686517 0
0.282346 0.648217 0
0.301779 0.589335 0
0.342952 0.572036 0
0.359975 0.514642 0
0.398651 0.476645 0
0.418384 0.430829 0
0.442046 0.369801 0
0.473181 0.320175 0
0.503473 0.264868 0
0.503102 0.261835 0
0.516755 0.236892 0
0.528387 0.223324 0
0.53793 0.213166 0
0.55067 0.2007 0
0.59849 0.122553 0
0.629994 0.0861891 0
0.622228 0.0722218 0
0.621034 0.0460242 0
0.593391 0.0551562 0
0.584459 0.0414627 0
0.589485 0.00924766 0
0.580104 0 0
0.5743 0.00337761 0
0.539173 0.0353974 0
0.522624 0.0635748 0
0.564892 0.00927752 0
0.536669 0.0319873 0
0.507557 0.0580703 0
0.500212 0.0580732 0
0.48795 0.0719939 0
0.467904 0.0999524 0
0.456114 0.120182 0
0.389511 0.209374 0
0.444889 0.149223 0
0.51241 0.0984748 0
0.481244 0.141788 0
0.460689 0.17162 0
0.407265 0.22595 0
0.345513 0.289548 0
0.356665 0.266721 0
0.319451 0.299884 0
0.318154 0.293395 0
0.275949 0.35455 0
0.31713 0.27156 0
0.316556 0.238202 0
0.231719 0.26112 0
0.198017 0.290742 0
0.166934 0.260594 0
0.154987 0.267109 0
0.138892 0.268343 0
0.115101 0.250074 0
0.0763759 0.246627 0
0.0467235 0.250438 0
0.0535466 0.264513 0
0.0571931 0.266127 0
0.0649382 0.293743 0
0.0547331 0.315696 0
0.0217876 0.358254 0
0.0495927 0.37459 0
0.0273716 0.415844 0
0.0267389 0.445588 0
0.0113999 0.484177 0
0.00793254 0.507125 0
0.00258465 0.527441 0
0.00926393 0.551384 0
0.00757432 0.582872 0
0 0.612499 0
0.0175656 0.647 0
0.0194203 0.664296 0
0.0277849 0.686466 0
0.0450049 0.710869 0
0.0537378 0.762217 0
0.0429128 0.81762 0
0.0339101 0.865208 0
0.0273972 0.929206 0
0.0126909 0.949594 0
0.0551979 0.948795 0
0.0579433 1 0
0.0516307 0.99513 0
0.0780353 0.94716 0
0.0975653 0.913304 0
0.119419 0.87558 0
0.133852 0.843624 0
0.150926 0.813088 0
0.174534 0.796838 0
0.19641 0.756866 0
0.216606 0.744977 0
0.231132 0.701707 0
0.257487 0.692884 0
0.277045 0.666802 0
0.304774 0.633519 0
0.324714 0.589937 0
0.332632 0.550509 0
0.388894 0.510558 0
0.404742 0.456365 0
0.414235 0.430102 1
