0.540138 0.944054 1
0.552195 0.937086 0
0.587968 0.941485 0
0.603574 0.931107 0
0.622453 0.91896 0
0.653981 0.920274 0
0.665187 0.902656 0
0.678666 0.89584 0
0.711489 0.88834 0
0.723275 0.875584 0
0.719988 0.85152 0
0.753986 0.841332 0
0.735282 0.807095 0
0.746156 0.797031 0
0.768079 0.783348 0
0.769829 0.760821 0
0.765674 0.734185 0
0.769279 0.712139 0
0.755235 0.678401 0
0.752122 0.65949 0
0.729483 0.625822 0
0.730319 0.610485 0
0.736434 0.604191 0
0.712011 0.573639 0
0.685301 0.556051 0
0.658893 0.539287 0
0.630164 0.524757 1
0.627331 0.521823 0
0.621037 0.517033 0
0.614192 0.511286 0
0.602805 0.499709 0
0.5872 0.509673 0
0.57382 0.51303 0
0.567595 0.522957 0
0.553574 0.510821 0
0.543438 0.496699 0
0.592967 0.508672 0
0.127872 0.206049 0
0.180663 0.189188 0
0.157233 0.210495 0
0.122319 0.228667 0
0.103509 0.239577 0
0.0848742 0.247917 0
0.0630526 0.255479 0
0.0488639 0.254683 0
0.0322875 0.252184 0
0.0300331 0.219307 0
0.0208374 0.20096 0
0.0121159 0.186229 0
0.0109384 0.190008 0
0.00646484 0.201633 0
0.0141854 0.187308 0
0.00625559 0.166546 0
0.00987048 0.093593 0
0 0.044067 0
0.00685173 0.0360994 0
0.00863217 0.0415849 0
0.00318451 0.0280156 0
0.00619797 0.0185991 0
0.0128949 0.00914361 0
0.0161355 0 0
0.0263784 0.00973042 0
0.0605284 0.0652677 0
0.077875 0.112809 0
0.0995303 0.139091 0
0.145391 0.141085 0
0.152381 0.17124 0
0.188861 0.174407 0
0.197437 0.195328 0
0.223378 0.206107 0
0.232787 0.222877 0
0.243431 0.239151 0
0.273059 0.247526 0
0.287305 0.263983 0
0.299376 0.277016 0
0.326909 0.277618 0
0.336622 0.290166 0
0.355436 0.318721 0
0.37259 0.335637 1
0.385973 0.348827 0
0.367564 0.322916 0
0.401373 0.771316 0
0.441046 0.876665 0
0.464825 0.901948 0
0.495048 0.957166 0
0.500045 0.956741 0
0.531705 0.975257 0
0.538564 0.955513 0
0.560924 0.987176 0
0.585257 0.998492 0
0.608125 1 0
0.618268 0.984845 0
0.632039 0.970715 0
0.645402 0.954963 0
0.694954 0.963761 0
0.685892 0.939135 0
0.69739 0.922484 0
0.743104 0.925789 0
0.743975 0.90539 0
0.784735 0.904452 0
0.779298 0.881454 0
0.794278 0.867773 0
0.804928 0.849621 0
0.781254 0.818279 0
0.800402 0.80439 0
0.783038 0.770579 0
0.791511 0.746735 0
0.777855 0.720755 0
0.776443 0.694548 0
0.767325 0.668609 0
0.764187 0.649858 0
0.742715 0.654552 0
0.643173 0.416533 0
0.644645 0.407564 0
0.635789 0.462729 0
0.634019 0.478959 0
0.614533 0.4861 0
0.600402 0.485966 0
0.593832 0.471868 0
0.589677 0.471817 0
0.579905 0.46972 0
0.563719 0.487039 0
0.54114 0.505545 0
0.583501 0.358895 0
0.347534 0.14826 0
0.312585 0.0909461 0
0.241969 0.145441 0
0.110782 0.242204 0
0.130244 0.231582 0
0.114482 0.234631 0
0.100179 0.242592 0
0.101654 0.238576 0
0.0882932 0.239135 0
0.0697536 0.228096 0
0.0585588 0.243708 0
0.0524369 0.219026 0
0.0421023 0.201205 0
0.0396709 0.197725 0
0.0301167 0.217099 0
0.0112409 0.18548 0
0.013282 0.186695 1
