0.00128116 0.672011 1
0.0131552 0.67057 0
0.00517622 0.660455 0
0 0.66892 0
0.304292 0.160003 0
0.278576 0.154634 0
0.251628 0.149561 0
0.204862 0.225329 0
0.229344 0.198426 0
0.170334 0.170953 0
0.208638 0.243364 0
0.193941 0.285531 0
0.281446 0.282954 0
0.283478 0.28044 0
0.299892 0.336671 0
0.262362 0.357209 0
0.299932 0.410151 0
0.316186 0.41494 0
0.350535 0.430289 0
0.335621 0.486377 0
0.342598 0.532776 0
0.323667 0.581924 0
0.368158 0.566411 0
0.364894 0.609458 0
0.380593 0.647457 0
0.363 0.70871 0
0.411271 0.739508 0
0.406744 0.781408 0
0.411272 0.821153 0
0.424595 0.851829 0
0.453057 0.895407 0
0.487787 0.885618 0
0.502528 0.922512 0
0.443679 0.940686 0
0.547442 0.951574 0
0.618557 0.97712 0
0.613237 0.973963 0
0.661744 0.972805 0
0.703628 0.96715 0
0.734185 0.961779 0
0.76773 0.954167 0
0.79373 0.953818 0
0.818437 0.946297 0
0.862752 0.932708 0
0.854738 0.889143 0
0.871515 0.856583 0
0.896226 0.845915 0
0.957161 0.843891 0
0.975574 0.775077 0
0.948732 0.791276 0
0.942592 0.775701 0
0.997682 0.790584 0
1 0.737697 0
0.995472 0.710022 0
0.951319 0.70224 0
0.928731 0.671333 0
0.937665 0.675511 0
0.851528 0.679093 0
0.888215 0.69753 0
0.861333 0.648221 0
0.89273 0.530371 0
0.896122 0.54609 0
0.885959 0.597011 0
0.75804 0.589608 0
0.811115 0.548824 0
0.715195 0.565843 0
0.751628 0.517075 0
0.754905 0.421119 0
0.697196 0.401427 0
0.74565 0.356068 0
0.689057 0.351317 0
0.647657 0.377832 0
0.657981 0.367418 0
0.599672 0.32195 0
0.62076 0.292361 0
0.631704 0.288923 0
0.634214 0.253778 0
0.621005 0.239362 0
0.588179 0.228405 0
0.583168 0.208415 0
0.530591 0.23019 0
0.512409 0.212567 0
0.520063 0.163846 0
0.477943 0.177892 0
0.484758 0.123432 0
0.47042 0.118257 0
0.457526 0.0825678 0
0.460619 0.0679614 0
0.720286 0.103055 1
0.396776 0.0353345 0
0.345524 0 0
0.303042 0.0232036 0
0.276291 0.00482297 0
0.318736 0.0757899 0
0.25043 0.0284134 0
0.264129 0.0795456 0
0.240276 0.0564491 0
0.214232 0.109147 0
0.239032 0.154603 0
0.16856 0.177821 0
0.094924 0.181042 0
0.12884 0.211175 0
0.0978579 0.238939 0
0.149032 0.257177 0
0.131839 0.330919 0
0.0923008 0.33769 0
0.183703 0.386551 0
0.21152 0.421279 0
0.211743 0.328507 0
0.246695 0.495107 0
0.273582 0.541312 0
0.246779 0.577035 0
0.288547 0.602684 0
0.335146 0.654745 0
0.274476 0.674767 0
0.288653 0.701721 0
0.342388 0.739511 0
0.457854 0.747727 0
0.427527 0.812651 0
0.455075 0.790027 0
0.507033 0.807436 0
0.536767 0.787124 0
0.551924 0.827487 0
0.561517 0.856121 0
0.610934 0.839636 0
0.649677 0.853854 0
0.602614 0.793484 0
0.63624 0.898718 0
0.702595 0.851675 0
0.715694 0.875914 0
0.758325 0.846139 0
0.766007 0.886143 1
