0.945031 0.215869 1
0.931687 0.172913 0
0.929938 0.164416 0
0.936799 0.173005 0
0.949395 0.18579 0
0.96062 0.21014 0
0.959967 0.228627 0
0.954214 0.246982 0
0.958919 0.268282 1
0.969422 0.32597 0
0.985004 0.408007 0
0.985004 0.408007 0
0.985004 0.408007 0
0.985004 0.408007 0
0.985004 0.408007 0
0.985004 0.408007 0
0.985004 0.408007 0
0.985004 0.408007 0
0.985004 0.408007 0
0.985004 0.408007 0
0.985004 0.408007 0
0.985004 0.408007 0
0.985004 0.408007 0
0.985004 0.408007 0
0.764801 0.0978648 0
0.761073 0.10165 0
0.790754 0.0608349 0
0.814266 0.0535269 0
0.823434 0.00477688 0
0.82776 0.0242995 0
0.847816 0.0255418 0
0.850103 0.0305798 0
0.858744 0.0633855 0
0.859975 0.0803542 0
0.852992 0.0917641 0
0.852837 0.103824 0
0.821331 0.106617 0
0.816962 0.128524 0
0.813903 0.171774 1
0.797668 0.22854 0
0.812663 0.254685 0
0.811769 0.251611 0
0.819757 0.266433 0
0.835787 0.270696 0
0.890143 0.203328 0
0.881613 0.269159 0
0.831974 0.134539 1
0.919941 0.278892 0
0.966191 0.342298 0
1 0.390839 0
0.473761 0.435018 0
0.565943 0.575119 0
0.667103 0.73559 1
0.627314 0.661607 0
0.654258 0.726825 0
0.680747 0.694005 0
0.742293 0.71395 0
0.699087 0.747758 0
0.681369 0.69619 1
0.736667 0.795804 0
0.784376 0.768463 0
0.811746 0.878238 0
0.829083 0.89094 0
0.79575 0.815703 0
0.835493 0.87838 0
0.836378 0.883745 0
0.815295 0.816449 0
0.837794 0.853978 0
0.834654 0.839155 0
0.888478 0.842751 0
0.746398 0.626531 1
0.817457 0.795729 0
0.817252 0.805141 0
0.792541 0.763265 0
0.781452 0.747881 0
0.781478 0.740449 0
0.744794 0.680757 0
0.769531 0.728664 0
0.774152 0.709161 0
0.743663 0.692309 0
0.726259 0.654707 0
0.707814 0.649452 0
0.71329 0.652713 0
0.705784 0.6296 0
0.690839 0.588809 0
0.642289 0.548362 0
0.695068 0.596148 0
0.64515 0.537065 0
0.621036 0.541523 0
0.606024 0.505047 0
0.559655 0.430923 0
0.470544 0.338902 0
0.472045 0.360208 0
0.520932 0.42763 0
0.493438 0.413406 0
0.538659 0.489141 0
0.563761 0.5571 1
0.44344 0.373773 0
0.554467 0.566064 0
0.472981 0.462357 0
0.494676 0.549565 0
0.42797 0.415421 0
0.509332 0.569719 0
0.478044 0.522461 0
0.482848 0.525205 0
0.480473 0.520253 0
0.513792 0.558856 0
0.390217 0.332035 0
0.452913 0.470276 0
0.393551 0.370238 0
0.43216 0.447155 0
0.441109 0.475815 0
0.400531 0.405823 0
0.368423 0.338878 0
0.364186 0.350434 0
0.351727 0.328945 0
0.398914 0.441754 1
0.379309 0.370969 0
0.405951 0.424406 0
0.385742 0.384646 0
0.388831 0.380099 0
0.455249 0.471136 0
0.424293 0.416552 0
0.459406 0.482178 0
0.432207 0.431982 0
0.424896 0.418217 0
0.453019 0.499772 0
0.413336 0.454511 0
0.403184 0.43314 0
0.399253 0.464827 0
0.38191 0.441009 0
0.366704 0.405907 0
0.401373 0.437833 0
0.401396 0.49006 0
0.368061 0.442791 0
0.375886 0.454728 0
0.299543 0.352637 1
0.288002 0.361386 0
0.32925 0.437518 0
0.225813 0.279838 0
0.180707 0.196031 0
0.147041 0.158058 0
0.116207 0.120185 0
0.114781 0.127561 0
0.0405286 0.0265746 0
0.021171 0 0
0.0597085 0.108773 0
0 0.0179969 0
0.0445586 0.127715 0
0.0658456 0.173102 0
0.0481908 0.168729 0
0.053797 0.210422 0
0.0892274 0.28569 0
0.0974695 0.325635 0
0.110581 0.299405 0
0.0857577 0.313948 0
0.0687907 0.348073 0
0.0617474 0.362055 0
0.0390407 0.318338 0
0.031692 0.31627 0
0.0197833 0.298852 0
0.00688859 0.269059 0
0.0129824 0.285638 0
0.0382889 0.347177 0
0.0375794 0.343613 0
0.043307 0.341981 0
0.0612326 0.41612 1
0.0584462 0.42746 0
0.0424266 0.425062 0
0.0281121 0.398766 0
0.0424125 0.446701 0
0.0530048 0.497474 0
0.0431893 0.493401 0
0.0285575 0.467535 0
0.0308517 0.467796 0
0.0520107 0.422078 0
0.0379976 0.424529 0
0.0543056 0.396217 0
0.0463289 0.332184 0
0.0712801 0.329382 0
0.121229 0.3567 0
0.11147 0.413981 0
0.119588 0.516501 1
0.169736 0.644942 0
0.199896 0.770869 0
0.191622 0.792243 0
0.168783 0.763106 0
0.159598 0.71619 0
0.168464 0.706162 0
0.147478 0.641261 0
0.126155 0.589356 0
0.126726 0.561307 0
0.110857 0.516943 0
0.163877 0.556172 0
0.175792 0.588425 0
0.199883 0.623583 0
0.225945 0.654512 0
0.212145 0.559074 0
0.231209 0.608393 1
0.298528 0.711826 0
0.350235 0.789587 0
0.307249 0.696614 0
0.31337 0.711762 0
0.326241 0.802999 0
0.305491 0.752471 0
0.285609 0.722947 0
0.267168 0.678258 0
0.26304 0.650926 0
0.258606 0.649403 0
0.240462 0.650794 0
0.273549 0.700636 1
0.284025 0.746436 0
0.279595 0.734261 0
0.270264 0.69346 0
0.281582 0.692212 0
0.249128 0.749173 0
0.282946 0.761263 0
0.282146 0.763788 0
0.267173 0.693535 0
0.27062 0.68995 0
0.31969 0.772595 1
0.327953 0.765349 0
0.32548 0.758715 0
0.319847 0.756366 0
0.310383 0.746815 0
0.311353 0.720732 0
0.318021 0.708414 0
0.339816 0.739534 0
0.351225 0.750327 0
0.35256 0.765904 0
0.374449 0.766687 0
0.395195 0.74082 0
0.394457 0.788157 1
0.488519 0.68108 0
0.615148 0.536436 1
0.54701 0.661148 0
0.422938 0.788464 1
0.482089 0.772318 0
0.462879 0.802147 0
0.464579 0.816155 0
0.436643 0.797569 0
0.467857 0.817598 0
0.489676 0.873752 0
0.523954 0.924575 0
0.474824 0.83131 1
0.496944 0.825746 0
0.527895 0.878261 0
0.545 0.923766 0
0.518391 0.854558 0
0.5145 0.831118 0
0.523305 0.847097 0
0.52853 0.852239 0
0.521849 0.861648 1
0.512492 0.823249 0
0.557828 0.807796 0
0.559592 0.820726 0
0.528913 0.777016 0
0.508364 0.721853 0
0.505945 0.682169 0
0.498976 0.685247 0
0.515909 0.707761 0
0.538543 0.716185 0
0.531564 0.690423 0
0.538924 0.683696 0
0.547432 0.680893 0
0.501873 0.679057 0
0.562624 0.756913 0
0.529616 0.705027 0
0.536811 0.71545 0
0.530396 0.718976 0
0.542195 0.720212 0
0.531699 0.705922 0
0.530531 0.697785 0
0.498838 0.658017 0
0.501045 0.67859 0
0.492073 0.646732 0
0.510128 0.641342 0
0.526056 0.599114 0
0.459556 0.555534 0
0.42479 0.48474 0
0.365562 0.399623 0
0.318045 0.326686 0
0.313645 0.300222 0
0.317082 0.266056 0
0.321318 0.320403 0
0.307316 0.231193 0
0.326367 0.249884 0
0.334254 0.253639 0
0.345688 0.267844 0
0.349543 0.252855 0
0.385341 0.316844 0
0.422751 0.377419 0
0.485596 0.477903 0
0.498118 0.439926 0
0.511894 0.458146 0
0.491183 0.42636 0
0.462861 0.395551 0
0.474992 0.399323 0
0.476857 0.406069 0
0.469011 0.405618 0
0.467949 0.411182 0
0.468352 0.408998 0
0.44911 0.364607 0
0.4562 0.404615 0
0.473549 0.389356 1
0.467709 0.422467 0
0.475004 0.434414 0
0.490329 0.47891 0
0.455672 0.365385 0
0.458497 0.38802 0
0.462744 0.39623 0
0.464199 0.390239 0
0.476922 0.40558 0
0.465746 0.379029 0
0.46028 0.399672 0
0.478316 0.405035 0
0.455378 0.380473 0
0.42098 0.321357 0
0.441996 0.333408 0
0.448883 0.37074 0
0.435035 0.349566 0
0.416134 0.2754 0
0.427645 0.333302 0
0.393999 0.274846 0
0.394025 0.251453 1
0.37667 0.254456 0
0.388539 0.292162 0
0.400289 0.304698 0
0.442906 0.396329 0
0.386928 0.309921 0
0.369137 0.310718 0
0.354223 0.298261 0
0.401939 0.360229 0
0.366034 0.320103 0
0.357779 0.353788 0
0.3871 0.380446 0
0.30928 0.230791 1
0.329068 0.276862 0
0.29374 0.242141 0
0.3065 0.275939 0
0.257486 0.183603 0
0.253315 0.182004 0
0.256147 0.211229 0
0.217175 0.133903 0
0.207337 0.139683 0
0.212328 0.134539 0
0.157831 0.0711094 0
0.130903 0.0565089 0
0.152561 0.140776 0
0.178863 0.184467 0
0.193641 0.238205 1
0.227012 0.285191 0
0.236677 0.311239 0
0.264099 0.372318 0
0.310562 0.412984 0
0.220372 0.353557 0
0.182162 0.356395 0
0.204546 0.407951 0
0.175523 0.365113 0
0.169415 0.335612 0
0.147623 0.323486 0
0.11616 0.333194 0
0.113389 0.300965 0
0.157096 0.344997 0
0.100147 0.281321 1
