0.711188 0.612857 0
0.735738 0.610284 0
0.731309 0.609977 0
0.730815 0.631404 0
0.733681 0.618237 0
0.743457 0.611193 0
0.748219 0.609226 1
0.750318 0.602904 0
0.756445 0.598219 0
0.76695 0.59818 0
0.77601 0.599847 0
0.788938 0.60198 0
0.790297 0.588444 0
0.796658 0.583616 0
0.804933 0.580673 0
0.818869 0.574976 0
0.822799 0.566339 1
0.833889 0.561783 0
0.848512 0.56893 0
0.855418 0.558901 0
0.870415 0.560065 0
0.879513 0.561627 0
0.895891 0.55043 0
0.91157 0.552036 0
0.950634 0.540676 0
0.948205 0.532893 0
0.953613 0.515999 0
0.949739 0.508963 0
0.95451 0.506646 0
0.958881 0.504879 0
0.960649 0.502857 1
0.957564 0.495455 0
0.956907 0.488875 0
0.967392 0.489314 0
0.968157 0.480938 0
0.965183 0.471867 0
0.974978 0.462076 0
0.986806 0.471413 0
0.981838 0.461765 0
0.990822 0.460424 0
0.999057 0.455385 0
0.988103 0.447744 0
0.987235 0.436381 0
0.997812 0.435959 0
0.989033 0.416338 0
1 0.41053 0
0.994385 0.400644 1
0.874213 0.190234 0
0.873252 0.160274 1
0.867634 0.150493 0
0.858985 0.151142 1
0.843959 0.149555 0
0.835133 0.142151 0
0.834821 0.13029 0
0.824719 0.127864 0
0.814218 0.122313 0
0.813369 0.103106 0
0.803841 0.104025 0
0.790273 0.0991471 0
0.782394 0.0930506 0
0.778741 0.0838766 1
0.767985 0.0782775 0
0.756997 0.0669783 0
0.74758 0.0663315 0
0.737314 0.056555 0
0.727173 0.0497733 0
0.716589 0.0472312 1
0.704441 0.0442907 0
0.696489 0.038606 0
0.689558 0.0361779 0
0.682901 0.0310586 0
0.677105 0.037167 0
0.659348 0.0198323 0
0.648866 0.0224435 0
0.643688 0.0275089 0
0.637199 0.0281227 0
0.62774 0.0327588 1
0.624528 0.033465 0
0.619664 0.0337935 0
0.614248 0.0346544 0
0.610063 0.0349974 0
0.605727 0.0385247 0
0.603839 0.0388641 0
0.599545 0.0384855 0
0.59228 0.0377351 0
0.573328 0.0781332 0
0.525008 0.123344 0
0.506557 0.111928 0
0.39833 0.115622 0
0.408772 0.12899 0
0.398831 0.131198 0
0.398162 0.133421 0
0.397077 0.138026 0
0.396632 0.142583 0
0.384571 0.141495 0
0.380733 0.147194 0
0.37868 0.14903 0
0.374945 0.148995 0
0.371481 0.150087 1
0.364221 0.156832 0
0.359502 0.161483 0
0.352009 0.168065 0
0.344286 0.174692 1
0.339093 0.179348 0
0.335921 0.181715 0
0.332508 0.180195 0
0.322079 0.187602 0
0.324451 0.186261 0
0.309175 0.199647 0
0.282362 0.238816 0
0.275967 0.234422 0
0.271322 0.232106 0
0.276655 0.222795 0
0.268882 0.224538 0
0.272743 0.221596 0
0.270734 0.223239 0
0.2712 0.203377 0
0.347209 0.322438 0
0.352836 0.328805 0
0.350464 0.333612 0
0.3549 0.334272 0
0.361385 0.324695 0
0.381349 0.327685 0
0.389955 0.335591 0
0.40106 0.337412 0
0.411114 0.344092 0
0.425824 0.351306 0
0.441574 0.351769 0
0.455411 0.360453 0
0.468455 0.378247 0
0.479611 0.38809 0
0.481432 0.38985 0
0.490072 0.401637 0
0.48496 0.399353 0
0.492014 0.40421 1
0.497793 0.412496 0
0.503691 0.411481 0
0.506474 0.417799 0
0.507384 0.41948 0
0.510528 0.425413 0
0.51972 0.428503 0
0.532694 0.444572 0
0.559201 0.469889 0
0.572923 0.480678 0
0.577585 0.481314 0
0.590728 0.493495 0
0.604524 0.499554 0
0.611727 0.504452 0
0.624213 0.506391 0
0.62277 0.513188 0
0.650675 0.519886 0
0.681946 0.543109 0
0.685723 0.550903 0
0.684475 0.553734 0
0.69078 0.55448 0
0.693186 0.553197 0
0.695005 0.549733 0
0.699073 0.54593 0
0.699459 0.547579 0
0.707022 0.542223 0
0.712713 0.536076 1
0.720962 0.528974 0
0.73679 0.53232 0
0.749232 0.530364 0
0.751519 0.52063 0
0.764574 0.520412 0
0.777297 0.523318 1
0.787153 0.514617 0
0.798285 0.503519 0
0.806782 0.501079 0
0.81958 0.492374 0
0.833406 0.490489 0
0.844119 0.49027 1
0.84943 0.481187 0
0.857829 0.476692 0
0.862295 0.469589 0
0.869861 0.464893 0
0.88119 0.458595 0
0.884608 0.452285 0
0.891365 0.447651 0
0.896578 0.438957 0
0.900311 0.436932 0
0.901902 0.433394 0
0.904346 0.429086 0
0.912628 0.417245 0
0.921475 0.412192 0
0.926966 0.407192 0
0.930528 0.405725 0
0.934293 0.399459 1
0.93692 0.39603 0
0.934838 0.397265 0
0.854363 0.270058 0
0.841548 0.272302 1
0.838615 0.263411 0
0.83375 0.253837 0
0.821122 0.249119 0
0.813815 0.239231 0
0.80767 0.227255 0
0.79941 0.221483 1
0.791923 0.219264 0
0.782337 0.216683 0
0.771919 0.215218 0
0.764676 0.213446 0
0.756426 0.206518 0
0.746463 0.199493 0
0.738028 0.191697 0
0.729177 0.188257 0
0.721499 0.1708 0
0.712949 0.161263 0
0.709117 0.149616 0
0.701977 0.14482 0
0.691941 0.135478 0
0.688956 0.127342 0
0.682849 0.1221 0
0.673178 0.123145 0
0.663342 0.126747 0
0.662604 0.111252 0
0.660508 0.103468 0
0.630053 0.141616 0
0.627605 0.144336 0
0.569623 0.0319173 0
0.560285 0.0163446 0
0.560413 0.0204055 0
0.557141 0.0121239 0
0.547274 0 0
0.548409 0.0772453 0
0.540077 0.0845219 0
0.525497 0.0889769 0
0.499254 0.105276 0
0.487688 0.111357 0
0.475841 0.113764 0
0.469887 0.11809 0
0.466054 0.125497 0
0.45611 0.12764 0
0.451712 0.139341 0
0.45009 0.149657 0
0.442551 0.160863 0
0.446207 0.17586 0
0.437736 0.181784 0
0.425492 0.182793 0
0.418221 0.187924 0
0.409025 0.191756 0
0.403239 0.199118 1
0.400881 0.202654 0
0.395307 0.208428 0
0.392058 0.213196 0
0.37142 0.237575 0
0.356706 0.249261 0
0.339024 0.254697 0
0.326605 0.256163 0
0.266556 0.200756 0
0.325874 0.259535 0
0.333566 0.266929 0
0.33813 0.273969 0
0.346773 0.288463 0
0.347084 0.30249 0
0.350395 0.311668 0
0.353292 0.320788 0
0.357673 0.330429 0
0.359353 0.337602 0
0.362297 0.342913 0
0.364295 0.346543 0
0.365862 0.349484 1
0.372837 0.357243 0
0.37927 0.365395 0
0.385558 0.373434 0
0.398776 0.380064 0
0.396522 0.397282 0
0.401224 0.413359 0
0.413295 0.421605 0
0.41962 0.438061 0
0.427706 0.44215 0
0.439615 0.449096 0
0.447512 0.45278 0
0.453674 0.453409 1
0.453686 0.453269 0
0.454463 0.452951 0
0.458123 0.452846 0
0.454255 0.453382 0
0.454564 0.453133 0
0.45499 0.452993 0
0.455792 0.452484 0
0.458367 0.452011 0
0.458527 0.453389 0
0.538965 0.479472 0
0.548877 0.48517 0
0.564289 0.490008 0
0.580141 0.493108 0
0.587527 0.501162 0
0.598924 0.507457 0
0.612351 0.512421 0
0.629912 0.519925 0
0.647411 0.528444 0
0.665659 0.541131 0
0.663367 0.544495 0
0.664642 0.548981 0
0.666309 0.549175 0
0.671598 0.545044 0
0.677329 0.543891 0
0.684283 0.542937 0
0.691033 0.548574 0
0.6976 0.53411 0
0.715698 0.530353 0
0.712715 0.51364 0
0.725948 0.513762 0
0.736186 0.503363 0
0.745994 0.492726 0
0.754881 0.484695 0
0.7566 0.463377 0
0.7725 0.473439 0
0.777824 0.444206 0
0.788957 0.423111 0
0.800078 0.410537 0
0.80898 0.402337 0
0.815497 0.381288 0
0.818641 0.368117 0
0.823507 0.357841 0
0.824464 0.356077 0
0.824745 0.356394 0
0.82191 0.356415 0
0.823165 0.355156 0
0.82278 0.350488 0
0.823416 0.349739 0
0.822885 0.349563 0
0.822152 0.346901 0
0.821705 0.347942 0
0.822228 0.348989 0
0.819597 0.342657 0
0.820441 0.342495 1
0.816109 0.339019 0
0.811065 0.338734 0
0.808436 0.334368 0
0.802382 0.3351 0
0.796007 0.331031 0
0.785862 0.333184 0
0.772761 0.327032 0
0.764084 0.327626 0
0.739355 0.318293 0
0.819652 0.156874 0
0.813171 0.163103 0
0.80607 0.154627 0
0.796238 0.155909 0
0.78324 0.15625 0
0.776979 0.150723 0
0.770261 0.141208 0
0.761579 0.130919 0
0.75249 0.130326 0
0.743519 0.128462 0
0.736019 0.123933 0
0.731543 0.117705 0
0.71941 0.107474 0
0.710965 0.105122 0
0.699236 0.113666 0
0.689868 0.107571 0
0.678863 0.107748 0
0.67037 0.114652 0
0.65764 0.117467 0
0.648901 0.118515 0
0.634464 0.123695 0
0.627704 0.116024 0
0.620487 0.116899 0
0.612254 0.115908 0
0.60711 0.118788 1
0.603122 0.118028 0
0.598125 0.116473 0
0.592135 0.113442 0
0.594183 0.110455 0
0.58879 0.109804 0
0.58642 0.107246 0
0.576655 0.105475 0
0.522607 0.117127 0
0.517554 0.136937 0
0.506631 0.139905 0
0.504439 0.158968 0
0.494531 0.15737 0
0.483256 0.161894 0
0.466901 0.146603 0
0.466327 0.181206 0
0.46076 0.190819 0
0.445948 0.18592 0
0.446245 0.199392 0
0.436657 0.206397 0
0.432918 0.21417 0
0.420373 0.216708 0
0.399941 0.221318 0
0.375372 0.222352 0
0.332194 0.254445 0
0.302754 0.288262 0
0.274923 0.289498 0
0.256305 0.274411 0
0.239456 0.286614 0
0.236414 0.288847 0
0.231379 0.290249 0
0.232373 0.293381 0
0.230293 0.295685 1
0.232552 0.29743 0
0.231493 0.299966 0
0.241525 0.313489 0
0.244775 0.313605 0
0.249458 0.320584 0
0.25766 0.328406 0
0.262504 0.336006 0
0.262263 0.342123 0
0.271654 0.35612 0
0.292886 0.359023 1
0.294122 0.362468 0
0.295933 0.381258 0
0.308893 0.402803 0
0.320372 0.413349 0
0.329515 0.427145 0
0.335155 0.446211 0
0.358391 0.464663 0
0.410143 0.398571 0
0.417 0.416828 0
0.468884 0.392072 0
0.424833 0.522371 0
0.433002 0.518618 1
0.438285 0.531086 0
0.446659 0.534724 0
0.453008 0.540954 0
0.458019 0.551852 0
0.466695 0.55502 0
0.476694 0.552138 0
0.48348 0.554685 0
0.489161 0.559269 1
0.501032 0.559002 0
0.506758 0.571698 0
0.51794 0.57995 0
0.524979 0.587085 0
0.529213 0.591867 0
0.539002 0.590378 0
0.550352 0.599717 0
0.558733 0.598308 0
0.565836 0.596506 0
0.572158 0.599202 0
0.581544 0.606595 0
0.589217 0.609497 0
0.596328 0.60671 0
0.604796 0.599766 0
0.612719 0.600196 0
0.617584 0.593295 1
0.618596 0.593196 0
0.61855 0.592883 0
0.618626 0.592731 0
0.623041 0.590348 0
0.623194 0.593675 0
0.642832 0.570606 0
0.677682 0.503955 0
0.695758 0.484927 0
0.710121 0.482568 0
0.72548 0.47237 0
0.740885 0.473304 0
0.754292 0.47573 0
0.764002 0.472744 0
0.783875 0.480915 0
0.788727 0.478214 0
0.795644 0.465444 0
0.80479 0.448401 0
0.825268 0.463532 0
0.848853 0.439084 0
0.867145 0.406149 0
0.862334 0.408589 0
0.870907 0.39755 0
0.881818 0.390867 0
0.88209 0.386758 0
0.881507 0.389044 0
0.883642 0.378904 0
0.884711 0.374352 0
0.884933 0.369215 0
0.88653 0.364476 0
0.886574 0.362754 0
0.887024 0.362185 0
0.888783 0.356277 0
0.889622 0.354397 0
0.891479 0.353203 1
0.895479 0.346832 0
0.901438 0.34445 0
0.902304 0.334441 0
0.900862 0.320711 0
0.899895 0.300419 0
0.90773 0.28532 0
0.899406 0.272922 0
0.899399 0.264517 0
0.894424 0.249727 0
0.884602 0.248426 1
0.884639 0.248349 0
0.883921 0.249879 0
0.878399 0.232897 0
0.790904 0.190363 0
0.720535 0.244522 0
0.679523 0.244505 0
0.679393 0.240181 0
0.659289 0.233736 0
0.659364 0.235387 0
0.66118 0.230227 0
0.661429 0.234214 0
0.646104 0.227248 0
0.6412 0.219876 0
0.643521 0.222442 0
0.647405 0.224554 0
0.644128 0.22269 0
0.645243 0.223956 0
0.641038 0.219871 1
0.643967 0.210579 0
0.636072 0.204109 0
0.630756 0.198857 0
0.629084 0.190196 0
0.618713 0.196765 0
0.613166 0.18371 1
0.605941 0.181543 0
0.601116 0.184966 0
0.590349 0.178541 0
0.528057 0.0257279 0
0.528457 0.0320851 0
0.524677 0.0363232 1
0.51693 0.0375976 0
0.51297 0.0355393 0
0.501606 0.0289777 0
0.497039 0.0139309 1
0.487996 0.0321762 0
0.484579 0.0228293 0
0.472799 0.024115 0
0.464393 0.0292834 1
0.456664 0.0208469 0
0.443965 0.0291515 0
0.44122 0.0222447 0
0.430222 0.0374939 0
0.42069 0.0487313 0
0.408159 0.0388618 0
0.400599 0.0427331 0
0.385164 0.0401338 0
0.371981 0.0390569 0
0.365646 0.0501374 0
0.348555 0.0312934 0
0.339205 0.0412015 0
0.333512 0.0438486 0
0.319395 0.0508959 0
0.307574 0.0651654 0
0.300752 0.0616504 1
0.29447 0.062728 0
0.291303 0.0648458 0
0.26489 0.0564925 0
0.265693 0.0602476 0
0.264593 0.0598774 0
0.261537 0.060648 0
0.258269 0.0593514 0
0.249338 0.0586132 0
0.250744 0.0545474 0
0.238589 0.0550038 1
0.232606 0.0517048 0
0.228478 0.0496646 0
0.218215 0.0676207 0
0.211685 0.0497591 0
0.207675 0.0620141 0
0.200956 0.066196 0
0.182637 0.0774269 0
0.180347 0.0676277 0
0.168431 0.05733 0
0.165521 0.0695946 1
0.159142 0.0705241 0
0.154158 0.0757125 0
0.139669 0.0738343 0
0.149515 0.0831694 0
0.146286 0.0745339 0
0.139258 0.0770914 0
0.136153 0.078955 0
0.126846 0.0794175 0
0.126159 0.0855899 0
0.114706 0.088619 0
0.105993 0.0741879 0
0.104694 0.105627 0
0.0980672 0.0869116 0
0.0865409 0.0928019 0
0.0761692 0.0899608 0
0.0663561 0.0909173 1
0.0606925 0.0878432 0
0.056804 0.087035 0
0.0522289 0.0892057 0
0.0504786 0.0956901 0
0.0455615 0.100645 0
0.0423656 0.11133 0
0.0367472 0.119643 0
0.0307344 0.116739 0
0.0404631 0.126531 0
0.0238061 0.130915 0
0.0221967 0.133967 0
0.0184524 0.140778 1
0.0150758 0.146679 0
0.0142383 0.150327 0
0.0105624 0.154769 0
0.0169772 0.162945 0
0.0084433 0.168687 0
0.0152602 0.178979 0
0 0.185358 0
0.0147265 0.181065 0
0.013761 0.186796 0
0.0197349 0.193848 0
0.0188685 0.199996 1
