0.935964 0.261141 0
0.948818 0.304677 0
0.952771 0.307227 0
0.95704 0.313897 0
0.962236 0.310965 1
0.956002 0.310677 0
0.956856 0.311626 0
0.944658 0.313791 0
0.944095 0.312202 0
0.945652 0.311416 0
0.947561 0.311621 0
0.945191 0.312712 0
0.94236 0.312069 0
0.942649 0.311204 0
0.940751 0.310272 0
0.93506 0.312556 0
0.932373 0.314374 0
0.928221 0.316247 0
0.927085 0.316818 0
0.92624 0.316427 0
0.92603 0.316051 0
0.924966 0.316075 0
0.923469 0.317013 0
0.922529 0.318472 0
0.922423 0.318394 1
0.923533 0.318559 0
0.922851 0.318978 0
0.92874 0.315728 0
0.908719 0.308196 0
0.916372 0.313467 0
0.908238 0.307179 0
0.905177 0.304229 0
0.914159 0.307315 0
0.906269 0.30251 0
0.908526 0.302085 0
0.905902 0.302297 0
0.895918 0.294717 0
0.8924 0.290801 0
0.895464 0.294336 0
0.900704 0.297207 0
0.904173 0.299122 0
0.894751 0.2941 0
0.889952 0.288756 1
0.890434 0.288527 0
0.890433 0.289561 0
0.894654 0.287924 0
0.890291 0.288351 0
0.89143 0.287941 0
0.892278 0.287209 0
0.89162 0.287612 0
0.89247 0.287522 0
0.899467 0.287899 0
0.914075 0.271324 0
0.905219 0.295554 0
0.937166 0.252757 0
0.90842 0.297204 0
0.929683 0.239459 0
0.935013 0.244788 0
0.934166 0.235982 0
0.936095 0.222774 0
0.93533 0.230942 0
0.934886 0.235044 0
0.933691 0.239864 0
0.9348 0.234966 0
0.935324 0.227575 0
0.935398 0.224175 0
0.936654 0.224674 0
0.937189 0.222901 0
0.935685 0.226655 0
0.936657 0.222929 0
0.937797 0.22182 1
0.937888 0.222225 0
0.938282 0.224153 0
0.938736 0.224822 0
0.939919 0.223375 0
0.935076 0.237912 0
0.942541 0.228943 0
0.940356 0.251304 0
0.942415 0.220793 0
0.941504 0.244689 0
0.948731 0.230324 0
0.955062 0.227084 0
0.954999 0.221423 0
0.963959 0.223906 0
0.968608 0.222355 0
0.968942 0.219741 0
0.968873 0.214308 0
0.97262 0.21396 0
0.971809 0.21069 0
0.973871 0.208291 0
0.977777 0.208773 0
0.983096 0.209688 0
0.983779 0.204846 0
0.985808 0.204535 0
0.986317 0.201779 0
0.988199 0.202147 0
0.990195 0.203452 1
0.99427 0.203361 0
0.993747 0.198389 0
0.99238 0.195677 0
0.993855 0.191497 0
0.992838 0.188005 0
0.993404 0.187925 0
0.993074 0.185309 0
0.991511 0.182942 0
0.992174 0.180838 0
0.990135 0.173343 0
0.985365 0.166432 0
0.98453 0.159373 1
0.984653 0.155153 0
0.986624 0.148193 0
0.987627 0.144892 0
0.988512 0.139207 0
0.989978 0.134409 0
0.992319 0.127622 0
0.986919 0.124919 0
0.988046 0.118736 0
0.989682 0.112208 0
1 0.100217 0
0.990059 0.0991372 0
0.987571 0.0932156 0
0.975697 0.0968969 0
0.96528 0.0931501 0
0.960179 0.0971553 0
0.959383 0.0986473 1
0.95751 0.0992521 0
0.954442 0.104212 0
0.951121 0.109704 0
0.949503 0.10867 0
0.945699 0.108835 0
0.943453 0.104562 0
0.940254 0.0980927 0
0.938088 0.101877 0
0.93365 0.107591 0
0.928512 0.112425 0
0.925613 0.120078 0
0.922452 0.125487 0
0.915256 0.12845 0
0.912372 0.130312 1
0.908818 0.124488 0
0.904918 0.122374 0
0.901482 0.133886 0
0.898297 0.139498 0
0.894617 0.133387 0
0.888914 0.133442 0
0.885407 0.13663 0
0.875867 0.130782 0
0.873131 0.12908 0
0.869845 0.135992 0
0.865098 0.135141 0
0.862233 0.135416 0
0.858474 0.136259 0
0.853088 0.135091 0
0.84939 0.133289 0
0.845062 0.132622 1
0.839171 0.132025 0
0.835411 0.126524 0
0.831652 0.126143 0
0.823759 0.122461 0
0.821281 0.12624 0
0.820184 0.127831 1
0.816028 0.134912 0
0.813169 0.140648 0
0.810282 0.145586 0
0.80656 0.149064 0
0.806873 0.152376 0
0.803134 0.15461 0
0.79746 0.156267 0
0.796831 0.158651 0
0.792579 0.15914 0
0.785671 0.158701 0
0.779439 0.157798 0
0.786184 0.165583 0
0.784481 0.172981 0
0.784851 0.179598 0
0.781257 0.185105 0
0.780167 0.186456 0
0.77656 0.193619 0
0.771695 0.198427 1
0.769218 0.203414 0
0.763067 0.20597 0
0.765694 0.216881 0
0.757279 0.215591 0
0.753807 0.217417 0
0.749986 0.221261 0
0.747795 0.224784 0
0.745102 0.226907 1
0.743485 0.228192 0
0.740631 0.231019 0
0.737848 0.232542 0
0.734498 0.233922 0
0.729694 0.236597 0
0.727626 0.239276 0
0.724166 0.242415 0
0.718445 0.244402 0
0.717256 0.24737 0
0.712967 0.24807 0
0.706599 0.247968 0
0.705937 0.250401 1
0.688981 0.24175 0
0.52916 0.321426 0
0.537824 0.313416 0
0.537236 0.314965 0
0.536134 0.315945 0
0.535616 0.316352 0
0.535596 0.316311 0
0.535588 0.31632 0
0.535587 0.316319 0
0.535587 0.316319 1
0.529096 0.318501 0
0.524334 0.324456 0
0.513879 0.318351 0
0.515702 0.327699 0
0.513528 0.333259 0
0.509064 0.338133 0
0.510723 0.342187 0
0.505816 0.345704 0
0.503174 0.348817 0
0.500158 0.351349 1
0.499551 0.359437 0
0.49635 0.364321 0
0.49986 0.371807 0
0.496172 0.376773 0
0.491751 0.38118 0
0.493767 0.387987 0
0.490606 0.392627 0
0.485004 0.39406 0
0.484285 0.397777 0
0.478408 0.403871 0
0.477392 0.406478 0
0.472593 0.406143 0
0.466282 0.402046 0
0.458501 0.403349 1
0.456003 0.406281 0
0.455451 0.40143 0
0.253397 0.379043 0
0.20458 0.334306 0
0.431123 0.508265 0
0.461886 0.476895 0
0.455384 0.480811 0
0.447419 0.476003 1
0.443363 0.473582 0
0.438568 0.471917 0
0.43856 0.468307 0
0.420228 0.450159 1
0.419229 0.450503 0
0.420116 0.450242 0
0.41992 0.450251 0
0.418358 0.450872 0
0.417795 0.450802 0
0.416237 0.451824 0
0.415686 0.451842 0
0.411906 0.453026 0
0.409028 0.45551 0
0.409875 0.454761 0
0.408862 0.455613 0
0.408108 0.457126 0
0.411416 0.449738 0
0.407098 0.5216 0
0.415581 0.528301 0
0.419018 0.530707 0
0.413623 0.531207 0
0.415553 0.528819 0
0.416233 0.528512 0
0.415791 0.528613 0
0.415138 0.529177 0
0.417386 0.528723 0
0.415089 0.529945 0
0.413683 0.530965 1
0.411329 0.531398 0
0.406577 0.531711 0
0.401968 0.530471 0
0.398845 0.526404 0
0.395217 0.527729 0
0.3891 0.525627 0
0.366782 0.474153 0
0.362523 0.472408 1
0.360339 0.474639 0
0.358474 0.482421 0
0.372673 0.526725 0
0.375674 0.530008 0
0.372404 0.528534 0
0.365991 0.52748 0
0.363015 0.531299 0
0.362822 0.535655 1
0.357538 0.53752 0
0.320535 0.496305 0
0.395747 0.601555 0
0.33707 0.512254 0
0.351751 0.540874 0
0.294808 0.476228 0
0.325168 0.551089 0
0.323962 0.543358 0
0.319237 0.543471 0
0.317514 0.547597 0
0.327357 0.562946 0
0.297205 0.494025 0
0.288395 0.496569 0
0.280496 0.494128 1
0.276976 0.492845 0
0.2732 0.494973 0
0.27604 0.511481 0
0.26882 0.50984 0
0.255379 0.493004 0
0.254 0.500522 0
0.248359 0.497496 0
0.245356 0.498402 0
0.241507 0.500726 0
0.232903 0.493059 0
0.231861 0.499251 0
0.228443 0.498459 1
0.225986 0.500864 0
0.223417 0.506711 0
0.235481 0.492247 0
0.261333 0.708216 0
0.322046 0.814377 0
0.363088 0.850135 0
0.168952 0.591039 0
0.200352 0.535441 1
0.195225 0.54175 0
0.19184 0.483188 0
0.194174 0.488981 0
0.191011 0.486719 0
0.189369 0.484332 0
0.184723 0.485844 0
0.182277 0.48331 0
0.176469 0.482126 0
0.169538 0.48239 0
0.16266 0.481655 0
0.158691 0.477487 0
0.153774 0.4745 1
0.150788 0.473183 0
0.146885 0.471473 0
0.142379 0.471548 0
0.139803 0.470465 0
0.138279 0.466423 0
0.132909 0.466331 0
0.127582 0.468312 0
0.12668 0.461068 0
0.119631 0.465393 0
0.115379 0.463656 0
0.111453 0.463726 0
0.108635 0.45895 0
0.105108 0.457543 0
0.102899 0.455553 0
0.102199 0.448582 0
0.100352 0.447277 1
0.0987866 0.445892 0
0.0981565 0.441263 0
0.097402 0.437695 0
0.0952968 0.434153 0
0.0947512 0.427919 0
0.0932556 0.42648 0
0.0901268 0.422617 0
0.0875432 0.419748 0
0.0863155 0.416335 0
0.0850363 0.415001 0
0.0816425 0.414538 0
0.0793967 0.412827 0
0.0771514 0.412095 0
0.0754949 0.411895 0
0.0723679 0.411045 0
0.0685233 0.410905 0
0.066225 0.410003 0
0.0643334 0.410356 0
0.0618661 0.41014 0
0.0594985 0.409042 0
0.0587709 0.408248 0
0.0570513 0.407577 0
0.0549855 0.407523 0
0.0534097 0.407937 1
0.053054 0.4081 0
0.0526033 0.408017 0
0.0519806 0.408583 0
0.0465728 0.404753 0
0.0428649 0.404235 0
0.0409657 0.401772 0
0.0363647 0.401374 0
0.0336255 0.399783 0
0.0286799 0.398183 0
0.0178842 0.397203 0
0.0107754 0.394178 0
0.00356946 0.383332 0
0 0.376596 0
0.00647829 0.374699 0
0.00905403 0.374761 0
0.0156172 0.371054 1
0.0176837 0.36949 0
0.0188513 0.365903 0
0.0237701 0.364441 0
0.0270158 0.361734 0
0.0319936 0.359197 0
0.0402268 0.35815 0
0.0453194 0.354605 0
0.0476245 0.353478 1
0.0486277 0.350131 0
0.0542987 0.345366 0
0.057222 0.341587 0
0.0602779 0.33973 0
0.0649845 0.337457 0
0.069632 0.333719 1
0.00563913 0.283985 0
0.0888528 0.32558 0
0.0818538 0.321018 0
0.0834858 0.317436 0
0.0856311 0.310634 0
0.0888333 0.306749 1
0.0903316 0.303773 0
0.0919877 0.300158 0
0.0937665 0.296717 0
0.0935301 0.291397 0
0.0957166 0.289139 0
0.098555 0.28569 0
0.102313 0.283541 0
0.105883 0.278707 1
0.106575 0.276002 0
0.108324 0.272259 0
0.111113 0.270247 0
0.0913035 0.255151 1
0.0913951 0.249155 0
0.0914173 0.241621 0
0.124094 0.257427 0
0.121439 0.249435 0
0.122432 0.248197 0
0.117462 0.23599 0
0.128162 0.243631 0
0.132187 0.238911 0
0.1393 0.23537 0
0.142202 0.231767 1
0.147035 0.230254 0
0.150317 0.225634 0
0.155724 0.223421 0
0.155542 0.213145 0
0.16195 0.213202 0
0.166422 0.211809 0
0.170366 0.210561 0
0.171342 0.205078 0
0.17475 0.203284 0
0.178789 0.205253 1
0.183317 0.201508 0
0.187438 0.195199 0
0.19116 0.190849 0
0.1947 0.189551 0
0.199241 0.191695 0
0.206254 0.189089 0
0.208759 0.190862 0
0.212506 0.194346 0
0.218953 0.194222 0
0.222303 0.199649 0
0.228242 0.201641 0
0.231401 0.204581 0
0.233919 0.208147 0
0.238025 0.212722 1
0.242963 0.214824 0
0.246786 0.219285 0
0.24977 0.22156 0
0.2539 0.223967 0
0.254815 0.231592 0
0.26219 0.228853 0
0.261554 0.235665 0
0.263611 0.240219 1
0.266288 0.244487 0
0.271704 0.244937 0
0.270672 0.254947 0
0.262986 0.265875 0
0.264388 0.270091 0
0.271697 0.269768 0
0.278247 0.270599 0
0.278742 0.274942 1
0.277952 0.279573 0
0.298701 0.273849 0
0.424308 0.0556712 0
0.420014 0.0333602 0
0.455966 0.0580442 0
0.305282 0.276445 0
0.2731 0.31274 0
0.277654 0.316266 0
0.276681 0.320312 0
0.277905 0.324072 0
0.277763 0.329322 0
0.279145 0.331999 0
0.280855 0.333617 0
0.282852 0.336614 1
0.283141 0.338255 0
0.286198 0.338735 0
0.289566 0.339783 0
0.289714 0.342057 0
0.29151 0.344149 0
0.295878 0.346097 0
0.298243 0.347101 0
0.301387 0.348782 0
0.305537 0.350656 0
0.312465 0.354096 0
0.315834 0.355985 0
0.321517 0.358255 0
0.32668 0.361225 0
0.330386 0.363574 0
0.334013 0.365585 0
0.338044 0.366965 1
0.341373 0.367013 0
0.344189 0.367272 0
0.346818 0.366166 0
0.353805 0.363648 0
0.358317 0.364493 0
0.360768 0.36188 0
0.366905 0.358788 0
0.371701 0.358729 0
0.374947 0.357283 0
0.377447 0.355745 0
0.378913 0.353225 0
0.381774 0.353147 0
0.385038 0.353131 0
0.38727 0.352259 1
0.388647 0.350341 0
0.390151 0.346244 0
0.392486 0.339072 0
0.395097 0.332043 0
0.395669 0.327364 0
0.394189 0.318751 0
0.39756 0.31084 0
0.396282 0.304081 0
0.399791 0.297746 0
0.397871 0.289447 0
0.397139 0.285129 0
0.398002 0.281145 0
0.397693 0.278849 0
0.399805 0.277324 0
0.400305 0.277822 0
0.400371 0.27785 0
0.40023 0.278416 0
0.400011 0.278758 0
0.400144 0.278462 0
0.40034 0.2779 0
0.400387 0.277894 0
0.400371 0.277927 0
0.400326 0.278032 0
0.400399 0.277889 1
0.40075 0.275685 0
0.402514 0.272555 0
0.402831 0.269111 0
0.403755 0.266431 0
0.40578 0.262101 0
0.404797 0.258351 0
0.40511 0.254492 0
0.406426 0.250036 0
0.408711 0.247338 0
0.409076 0.243532 0
0.4087 0.241182 0
0.409837 0.237771 0
0.408383 0.235658 0
0.408543 0.232576 0
0.408202 0.231012 0
0.40819 0.22938 0
0.408436 0.226472 0
0.408346 0.225009 0
0.40837 0.223074 0
0.408146 0.221619 1
0.407383 0.220361 0
0.406757 0.218659 0
0.406307 0.216886 0
0.405785 0.215231 0
0.405122 0.213604 0
0.404994 0.212935 0
0.404273 0.211483 0
0.403039 0.209613 0
0.400455 0.206489 0
0.399147 0.204315 0
0.396273 0.199922 0
0.394028 0.196437 0
0.38964 0.1929 0
0.387605 0.187442 0
0.384868 0.18369 0
0.383367 0.177199 0
0.380427 0.173989 0
0.378738 0.169396 1
0.378689 0.166993 0
0.380079 0.164835 0
0.379728 0.161752 0
0.383035 0.158392 0
0.385942 0.153678 0
0.390726 0.148158 0
0.391555 0.144917 0
0.39338 0.141951 0
0.394883 0.139522 0
0.39835 0.135969 0
0.400945 0.134623 0
0.404145 0.132192 1
0.407033 0.13052 0
0.409866 0.128677 0
0.413404 0.127491 0
0.4162 0.127426 0
0.419617 0.127297 0
0.422993 0.126934 0
0.427361 0.128656 0
0.430163 0.130297 0
0.433707 0.130763 0
0.438229 0.132377 0
0.442434 0.135276 0
0.444502 0.13864 0
0.448932 0.140554 0
0.454791 0.142641 0
0.459245 0.146936 0
0.462382 0.15151 0
0.46988 0.155503 0
0.473254 0.158359 1
0.476995 0.157871 0
0.482719 0.159283 0
0.487375 0.158287 0
0.491951 0.158404 0
0.495983 0.159337 0
0.499541 0.160071 0
0.504512 0.158833 0
0.508361 0.158068 0
0.511881 0.157564 0
0.515963 0.156359 0
0.521286 0.157532 0
0.524781 0.156403 0
0.527979 0.154578 0
0.531628 0.15417 0
0.536982 0.153783 0
0.539246 0.151888 1
0.541937 0.151462 0
0.544816 0.153788 0
0.547346 0.153185 0
0.549236 0.152349 0
0.550588 0.150938 0
0.552925 0.149401 0
0.556244 0.148322 0
0.559132 0.148403 0
0.561583 0.146488 0
0.56245 0.144199 0
0.564444 0.143517 0
0.567142 0.142111 0
0.570965 0.142061 0
0.573613 0.141545 0
0.575591 0.136538 0
0.613264 0.120544 0
0.608364 0.119138 0
0.608532 0.119343 0
0.608748 0.119324 0
0.609008 0.118573 0
0.608978 0.117339 0
0.609779 0.11588 0
0.609742 0.113602 0
0.610207 0.110534 1
0.611743 0.107506 0
0.611727 0.104184 0
0.61254 0.102051 0
0.615257 0.0991911 0
0.615552 0.0926258 0
0.619061 0.086147 0
0.619598 0.079924 0
0.620277 0.0728988 0
0.619384 0.0688471 0
0.619841 0.0658518 0
0.620118 0.0613749 0
0.620193 0.0590467 0
0.6164 0.0536401 0
0.614515 0.0470237 0
0.613049 0.0417262 0
0.611175 0.0342712 0
0.609481 0.0296594 0
0.607773 0.0260492 1
0.60871 0.0218634 0
0.612344 0.0139525 0
0.61242 0.00735069 0
0.611514 0.00402967 0
0.609534 0.000800093 0
0.608169 0.00408931 0
0.606929 0.00299884 0
0.59701 0.00299013 1
0.593899 0 0
0.593437 0.00563648 0
0.590324 0.00382992 0
0.588805 0.00331961 0
0.588872 0.0137273 0
0.580821 0.0128086 0
0.577484 0.0116082 0
0.575525 0.012504 0
0.574479 0.0140642 0
0.572963 0.0142749 1
0.571307 0.0147825 0
0.569962 0.0168675 0
0.567949 0.0175535 0
0.566781 0.0200646 0
0.564272 0.0208296 0
0.563886 0.0241994 0
0.562312 0.0264631 0
0.559685 0.029117 0
0.560224 0.0321758 0
0.558476 0.0360232 0
0.559051 0.0418194 0
0.559757 0.0456464 0
0.557556 0.0481223 0
0.558453 0.0520849 1
0.558614 0.0548689 0
0.559946 0.0588697 0
0.56191 0.0654233 0
0.563595 0.0696341 0
0.563877 0.0741164 0
0.564328 0.0783145 0
0.567667 0.085733 0
0.566977 0.0896821 1
0.565971 0.0904259 0
0.57413 0.0899891 0
0.61976 0.198219 0
0.610492 0.189564 0
0.608633 0.190538 0
0.608554 0.190881 0
0.608819 0.191629 0
0.60864 0.193263 0
0.60854 0.193961 0
0.608335 0.194914 1
0.60806 0.197783 0
0.607784 0.199825 0
0.606284 0.203768 0
0.60714 0.206764 0
0.606406 0.208312 0
0.605294 0.210898 0
0.606576 0.213645 0
0.605842 0.220135 0
0.605754 0.223111 0
0.604509 0.231635 0
0.603399 0.241257 0
0.60551 0.245684 0
0.60435 0.250211 0
0.605073 0.254009 0
0.607578 0.257402 0
0.60824 0.262568 0
0.6089 0.265496 0
0.608841 0.267599 0
0.608438 0.269845 0
0.609295 0.271689 1
0.609419 0.272843 0
0.609951 0.273694 0
0.609096 0.276291 0
0.610009 0.277833 0
0.609916 0.281013 0
0.610443 0.282446 0
0.611599 0.284138 0
0.61074 0.286317 0
0.611564 0.288136 0
0.611916 0.290892 0
0.613778 0.292949 0
0.61488 0.297416 0
0.615716 0.299994 0
0.612345 0.30253 0
0.61171 0.338113 0
0.620074 0.340843 0
0.622585 0.342189 0
0.622975 0.343204 0
0.622699 0.345917 0
0.623922 0.348462 0
0.624336 0.349517 0
0.625848 0.349455 0
0.627322 0.350766 0
0.626789 0.353817 0
0.626425 0.355411 0
0.625578 0.356881 0
0.625517 0.359365 0
0.625054 0.360901 1
0.626896 0.361467 0
0.629104 0.363286 0
0.631712 0.365235 0
0.633746 0.36508 0
0.635088 0.364652 0
0.637954 0.364946 0
0.641352 0.366361 0
0.642914 0.368626 0
0.643705 0.370342 0
0.644407 0.372314 0
0.645262 0.374593 0
0.645432 0.376219 0
0.645693 0.37928 0
0.647554 0.381747 0
0.647664 0.382552 0
0.649422 0.385602 0
0.652846 0.38939 0
0.653658 0.391448 0
0.655831 0.394426 0
0.659293 0.398187 0
0.65945 0.40019 0
0.663513 0.403021 0
0.663262 0.406231 0
0.667086 0.40829 0
0.667482 0.411646 0
0.66749 0.414125 0
0.669459 0.416384 0
0.668808 0.418409 0
0.672217 0.421759 0
0.674477 0.424315 0
0.677282 0.427628 0
0.674175 0.428867 0
0.681039 0.434282 0
0.681817 0.436925 0
0.690048 0.443321 0
0.685973 0.443038 0
0.686612 0.444972 0
0.687377 0.445433 0
0.685196 0.444633 0
0.685016 0.447438 0
0.682687 0.451055 0
0.683154 0.453626 1
0.682731 0.454434 0
0.681988 0.456188 0
0.678381 0.458765 0
0.674507 0.461202 0
0.671035 0.462658 0
0.668392 0.462629 0
0.665021 0.463897 0
0.659874 0.461694 0
0.653304 0.46723 0
0.647302 0.467551 0
0.641077 0.467126 0
0.635305 0.469928 0
0.629937 0.477242 0
0.627178 0.478224 0
0.626085 0.478842 0
0.623096 0.481391 0
0.621811 0.485704 0
0.621758 0.489288 1
0.62091 0.491672 0
0.620634 0.496899 0
0.620118 0.499811 0
0.617853 0.504176 0
0.617527 0.510742 0
0.616152 0.515577 0
0.616432 0.520399 0
0.615587 0.525416 0
0.615822 0.531437 0
0.616422 0.535172 0
0.6149 0.537701 0
0.613627 0.541504 0
0.613755 0.544047 0
0.613294 0.548794 0
0.611982 0.551945 0
0.611876 0.553832 1
0.610477 0.558661 0
0.607625 0.561789 0
0.609703 0.565449 0
0.610787 0.567656 0
0.6075 0.572404 0
0.605151 0.574317 0
0.604124 0.577868 0
0.604097 0.579431 0
0.603632 0.581886 0
0.603968 0.585587 0
0.603642 0.588341 0
0.60505 0.590964 0
0.604289 0.593705 0
0.599935 0.595974 1
0.601018 0.598701 0
0.602797 0.602083 0
0.602622 0.602802 0
0.602211 0.604468 0
0.602713 0.603326 0
0.602565 0.604826 0
0.602414 0.607709 0
0.619481 0.61804 0
0.508409 0.609086 0
