0.132858 0.328767 0
0.115725 0.31864 0
0.113891 0.318992 1
0.122133 0.313407 0
0.12667 0.318407 0
0.141975 0.305059 0
0.1535 0.310812 0
0.144097 0.278212 0
0.14294 0.264646 0
0.15688 0.258554 0
0.162898 0.253713 0
0.187423 0.25048 0
0.176102 0.23987 0
0.198508 0.230973 0
0.180272 0.222437 0
0.181105 0.219475 0
0.191872 0.201183 0
0.223271 0.200149 0
0.234685 0.194358 0
0.229542 0.184271 0
0.236834 0.180483 0
0.236025 0.174529 0
0.235462 0.166417 1
0.234862 0.15862 0
0.261641 0.141301 0
0.256073 0.128698 0
0.276023 0.12146 0
0.276456 0.114479 0
0.276779 0.10829 0
0.29585 0.106239 0
0.293902 0.0950336 0
0.308833 0.097611 0
0.324841 0.0835756 0
0.342297 0.0846362 0
0.349114 0.0794156 0
0.342969 0.0681611 0
0.350229 0.0601686 0
0.370041 0.0630843 0
0.370166 0.0524075 0
0.401511 0.05378 0
0.41022 0.0536447 0
0.420954 0.0531402 0
0.430683 0.0483142 1
0.440587 0.03403 0
0.459503 0.0300021 0
0.469363 0.0207569 0
0.478341 0.0131462 0
0.49324 0.0102385 0
0.508954 0.00815778 0
0.523867 0.00485412 0
0.535394 0.000214225 0
0.545696 0 0
0.55496 0.00203451 0
0.564267 0.00515371 0
0.57746 0.0101972 0
0.593103 0.00650205 0
0.604246 0.0131259 1
0.613161 0.0105163 0
0.62585 0.00740704 0
0.639248 0.00292349 0
0.657333 0.00372667 0
0.673673 0.00220992 0
0.683853 0.00256432 0
0.692737 0.00403422 0
0.704354 0.00757358 1
0.713943 0.00823838 0
0.723914 0.0172024 0
0.735428 0.019528 0
0.742322 0.0290504 0
0.750866 0.0360277 0
0.760151 0.0455783 1
0.771578 0.0511613 0
0.774614 0.0581288 0
0.785895 0.0623631 0
0.798334 0.0719689 0
0.814704 0.08042 0
0.823538 0.0874806 0
0.829377 0.0980221 0
0.839329 0.109438 0
0.842463 0.123634 0
0.859285 0.131762 0
0.859604 0.148005 0
0.863337 0.159299 1
0.863466 0.173588 0
0.861496 0.180233 0
0.871486 0.18666 0
0.849723 0.200527 0
0.849578 0.213787 0
0.844211 0.216699 0
0.842511 0.215472 0
0.834905 0.220728 0
0.840744 0.23332 0
0.821347 0.245071 0
0.817054 0.23757 0
0.804395 0.246141 0
0.80508 0.248392 0
0.800695 0.249213 0
0.792957 0.248914 0
0.786652 0.257627 0
0.778698 0.260323 0
0.773503 0.27051 0
0.764975 0.270835 0
0.754101 0.272725 0
0.74884 0.279874 0
0.74071 0.284136 1
0.734518 0.283076 0
0.725513 0.287287 0
0.717916 0.287416 0
0.710792 0.290516 0
0.700535 0.2899 0
0.689702 0.286397 0
0.671497 0.289188 0
0.656801 0.291755 0
0.63819 0.298987 0
0.615272 0.300096 0
0.601185 0.297233 0
0.579734 0.286204 0
0.575338 0.284412 0
0.556162 0.277986 0
0.542391 0.279149 0
0.538704 0.27599 1
0.523367 0.277968 0
0.509352 0.283555 0
0.499262 0.285135 0
0.481157 0.280206 1
0.478708 0.280937 0
0.476318 0.281976 0
0.474533 0.282002 0
0.47392 0.282772 0
0.474553 0.281286 0
0.472726 0.279935 0
0.472647 0.280281 0
0.475634 0.28137 0
0.469614 0.290293 0
0.474989 0.315371 0
0.483542 0.337273 0
0.488749 0.347067 0
0.494212 0.359868 0
0.572318 0.414049 0
0.582676 0.418368 0
0.59892 0.419164 0
0.607695 0.430666 0
0.619335 0.436874 0
0.628839 0.447011 0
0.639 0.449406 0
0.64853 0.456447 0
0.654786 0.465045 0
0.665254 0.462852 0
0.674055 0.468597 0
0.6808 0.469668 0
0.691805 0.467518 0
0.69589 0.472107 0
0.705548 0.469809 0
0.711671 0.474075 0
0.721267 0.473168 0
0.726004 0.477618 0
0.733062 0.47786 0
0.735027 0.480183 0
0.742296 0.482712 1
0.757656 0.48453 0
0.76753 0.485006 0
0.778908 0.483524 0
0.796149 0.483251 0
0.807339 0.478708 0
0.815924 0.480291 0
0.828473 0.477119 0
0.842305 0.474771 0
0.850215 0.476073 0
0.857779 0.477939 1
0.863228 0.485539 0
0.874598 0.489935 0
0.882653 0.496524 0
0.88735 0.506232 0
0.892829 0.517612 0
0.898443 0.532366 0
0.89343 0.555274 0
0.904183 0.56622 1
0.911132 0.575148 0
0.911879 0.588654 0
0.91744 0.604025 0
0.92014 0.618335 0
0.909122 0.633373 0
0.903927 0.644852 1
0.898849 0.655818 0
0.896614 0.665361 0
0.893515 0.684427 0
0.883101 0.701487 0
0.874758 0.708944 0
0.85514 0.710885 0
0.85015 0.72019 0
0.832577 0.729226 1
0.832481 0.729267 0
0.833057 0.729123 0
0.831885 0.734736 0
0.852792 0.775216 0
0.595657 0.765694 0
0.613813 0.789521 0
0.612634 0.786816 0
0.612919 0.786838 1
0.605708 0.774565 0
0.597195 0.774155 0
0.593728 0.768788 0
0.590253 0.762743 0
0.587481 0.762887 0
0.580657 0.756663 0
0.566913 0.751997 0
0.558939 0.745087 0
0.554908 0.737844 0
0.540448 0.731837 0
0.530798 0.723388 0
0.514426 0.714107 0
0.508647 0.706277 0
0.497761 0.696746 0
0.487135 0.691528 0
0.468648 0.680704 0
0.456503 0.67461 0
0.439769 0.671253 0
0.425681 0.667215 0
0.412839 0.657736 0
0.386628 0.647619 0
0.371338 0.643469 0
0.353826 0.641786 0
0.347518 0.641092 0
0.341593 0.638866 0
0.338517 0.635315 0
0.329356 0.633664 0
0.325128 0.630804 1
0.319514 0.621506 0
0.319744 0.611365 0
0.312033 0.602765 0
0.307486 0.59499 0
0.302261 0.584093 0
0.300265 0.568866 0
0.297271 0.562774 0
0.292096 0.555344 0
0.286015 0.549724 0
0.277729 0.537821 0
0.265074 0.522225 0
0.251603 0.518569 1
0.251244 0.518459 0
0.249499 0.517096 0
0.247818 0.516229 0
0.247663 0.516478 0
0.245569 0.514426 0
0.241687 0.512665 0
0.23946 0.509781 0
0.236629 0.508808 0
0.225806 0.506785 0
0.224112 0.507664 0
0.214335 0.507621 0
0.2077 0.507889 0
0.205926 0.509675 0
0.201915 0.515642 0
0.198515 0.517552 0
0.194588 0.523258 0
0.196773 0.521118 0
0.175509 0.500314 0
0.344187 0.408305 0
0.365719 0.406942 0
0.379465 0.408601 0
0.389394 0.424099 0
0.401545 0.424689 0
0.411185 0.427356 0
0.411918 0.419464 0
0.461559 0.467967 0
0.488656 0.481387 0
0.535847 0.491957 0
0.559762 0.495774 0
0.585291 0.503326 0
0.603559 0.503827 0
0.617004 0.508279 0
0.647412 0.507616 0
0.656177 0.500808 0
0.673435 0.494093 0
0.682521 0.499883 0
0.681486 0.496196 0
0.682198 0.503936 0
0.68721 0.500555 0
0.686098 0.508988 0
0.681069 0.520005 0
0.663987 0.517448 0
0.663818 0.523422 0
0.670209 0.527305 0
0.676436 0.52222 0
0.679827 0.516555 0
0.685066 0.523881 0
0.69502 0.532102 0
0.702061 0.536491 0
0.710755 0.567189 0
0.717861 0.782999 0
0.723458 0.789158 0
0.723558 0.789549 0
0.722406 0.790472 0
0.723137 0.792404 0
0.722705 0.791529 0
0.722734 0.792244 0
0.722954 0.792609 1
0.72534 0.79843 0
0.723701 0.800326 0
0.724848 0.803791 0
0.726816 0.803041 0
0.729839 0.803797 0
0.730644 0.808928 0
0.736786 0.834598 0
0.740642 0.850355 0
0.744764 0.868969 0
0.745661 0.881366 0
0.735884 0.899182 0
0.734984 0.907819 0
0.725429 0.917985 0
0.719895 0.927457 0
0.716866 0.936682 0
0.706058 0.942663 1
0.693298 0.954187 0
0.676715 0.952067 0
0.674561 0.963159 0
0.665417 0.974444 0
0.653749 0.970188 0
0.647319 0.98009 0
0.63578 0.982309 0
0.630639 0.985009 1
0.624317 0.987085 0
0.612539 0.995851 0
0.594859 0.990065 0
0.588443 1 0
0.563961 0.978097 0
0.558529 0.99903 0
0.544634 0.991351 0
0.52562 0.980403 0
0.515555 0.978214 0
0.504933 0.979499 0
0.494833 0.969156 0
0.489776 0.961878 1
0.476193 0.96552 0
0.460517 0.964001 0
0.450823 0.959778 0
0.438434 0.957622 0
0.436569 0.943755 0
0.420775 0.945037 0
0.408326 0.93869 0
0.404941 0.927909 0
0.385342 0.927341 0
0.378794 0.922023 1
0.364899 0.918917 0
0.354631 0.91747 0
0.341931 0.912504 0
0.331166 0.909191 0
0.318252 0.907878 0
0.307355 0.900215 0
0.298473 0.890397 0
0.289131 0.884117 1
0.275321 0.879679 0
0.265532 0.873327 0
0.257959 0.874315 0
0.246878 0.868622 0
0.234853 0.858829 0
0.22677 0.852714 0
0.215654 0.851812 0
0.201669 0.845399 1
0.193862 0.843642 0
0.181027 0.833224 0
0.175283 0.827583 0
0.161517 0.821972 0
0.148937 0.81745 0
0.145008 0.806894 0
0.136825 0.79577 0
0.127036 0.785753 0
0.126393 0.770758 0
0.116812 0.758837 1
0.106487 0.750764 0
0.0951534 0.746338 0
0.0898607 0.736665 0
0.0817908 0.732884 0
0.0757979 0.723335 0
0.0688257 0.718363 0
0.0566577 0.705739 0
0.0512137 0.69725 0
0.0317592 0.679225 0
0.0294254 0.660584 0
0.0103872 0.647387 0
0.0113039 0.634251 0
0.00944048 0.625322 0
0.00926614 0.613759 0
0 0.603052 0
0.00930119 0.590758 0
0.0198239 0.578381 0
0.0353979 0.566292 0
0.0413152 0.5541 0
0.0161374 0.557276 0
0.053044 0.535818 0
0.0507735 0.531551 1
0.0592745 0.522616 0
0.0516299 0.50963 0
0.0600354 0.502143 0
0.060225 0.491856 0
0.0538368 0.480213 0
0.0608417 0.472106 0
0.0601694 0.458233 0
0.0595622 0.446434 0
0.0616626 0.436793 0
0.0624997 0.427289 0
0.0641018 0.42016 1
