0.338061 0.999474 0
0.356527 1 0
0.38136 0.9878 1
0.391796 0.981502 0
0.401287 0.978725 0
0.413044 0.979874 0
0.416682 0.976671 0
0.414872 0.980398 0
0.426735 0.977098 0
0.432211 0.949554 0
0.449731 0.918664 0
0.467242 0.870057 0
0.462765 0.850573 1
0.43111 0.848257 0
0.416546 0.846436 0
0.429181 0.830073 0
0.444525 0.80807 0
0.465133 0.784429 0
0.484697 0.762068 0
0.496723 0.734809 0
0.508145 0.713705 0
0.513519 0.702987 0
0.530634 0.672773 1
0.53923 0.633093 0
0.544726 0.602683 0
0.547888 0.578455 0
0.554607 0.557518 0
0.551328 0.542029 0
0.546166 0.528151 0
0.547124 0.510274 0
0.544405 0.485132 1
0.517505 0.46002 0
0.500515 0.432567 0
0.490729 0.411117 0
0.480667 0.38488 0
0.472838 0.363516 0
0.46932 0.343336 0
0.465305 0.320852 0
0.459515 0.296362 0
0.445016 0.28069 0
0.435309 0.260969 0
0.421202 0.240287 0
0.399918 0.220678 0
0.383869 0.200372 0
0.368764 0.177776 0
0.346644 0.155312 0
0.327338 0.140213 0
0.306383 0.131405 0
0.288771 0.121332 0
0.274958 0.106577 0
0.272262 0.0929924 1
0.26122 0.0806924 0
0.244621 0.067863 0
0.218834 0.0585036 0
0.189565 0.0479703 0
0.181188 0.0462386 0
0.189458 0.0652583 0
0.187457 0.0650001 0
0.179151 0.0618301 0
0.176455 0.059696 0
0.170766 0.0644209 0
0.153966 0.070091 0
0.146617 0.0654855 0
0.136439 0.0680301 0
0.122407 0.0760725 0
0.103648 0.0887429 0
0.0857648 0.113965 1
0.081864 0.13619 0
0.0706933 0.155105 0
0.0628448 0.166229 0
0.062447 0.176376 0
0.0625503 0.19389 0
0.0611309 0.213432 0
0.0539027 0.237261 0
0.0503768 0.262979 1
0.0409362 0.284227 0
0.0212687 0.286059 0
0.0115348 0.312713 0
0.00429262 0.33796 0
0 0.358741 0
0.00770916 0.380342 0
0.0135791 0.400159 0
0.0169791 0.420144 1
0.021633 0.438046 0
0.0350944 0.4508 0
0.0567459 0.459896 0
0.0690682 0.479133 0
0.0654933 0.501025 0
0.0680736 0.514514 0
0.0658223 0.533179 0
0.0601791 0.55573 1
0.075587 0.568273 0
0.0720915 0.584185 0
0.0749533 0.604674 0
0.0885263 0.628052 0
0.10009 0.647447 0
0.113965 0.657036 1
0.138195 0.676232 0
0.157054 0.708176 0
0.158138 0.723071 0
0.165592 0.739495 0
0.180459 0.758079 0
0.180436 0.772777 0
0.185723 0.782563 0
0.19439 0.795244 0
0.199215 0.80838 0
0.211849 0.825029 0
0.22283 0.846545 0
0.237223 0.863125 0
0.250524 0.872479 0
0.261439 0.87988 0
0.26279 0.892409 0
0.260757 0.906342 0
0.267136 0.914946 0
0.282502 0.91425 0
0.295546 0.90867 0
0.302181 0.911034 0
0.296804 0.91297 0
0.297284 0.909815 0
0.303731 0.903354 0
0.317995 0.887803 0
0.332117 0.867676 0
0.347519 0.859779 0
0.357431 0.845118 0
0.375374 0.82948 0
0.39272 0.811458 0
0.401461 0.799214 0
0.417813 0.785154 0
0.441972 0.766723 0
0.471695 0.734428 0
0.500941 0.692156 0
0.520259 0.657832 0
0.525833 0.634836 0
0.532805 0.611461 0
0.539006 0.590668 0
0.544148 0.57209 0
0.54731 0.553793 0
0.540543 0.528774 0
0.536109 0.505795 0
0.527276 0.478336 0
0.517252 0.455385 0
0.513078 0.43585 0
0.504582 0.414554 0
0.495384 0.389706 0
0.488066 0.370497 0
0.483761 0.349353 0
0.49426 0.339866 1
0.466659 0.305759 0
0.460702 0.287948 0
0.451702 0.270129 0
0.437043 0.253978 1
0.418626 0.231006 0
0.403136 0.206504 0
0.388539 0.182577 0
0.376363 0.162383 0
0.365413 0.143603 0
0.34935 0.124962 1
0.311107 0.111543 0
0.286694 0.094483 0
0.267682 0.0779751 0
0.250786 0.0623968 0
0.232552 0.0420729 0
0.207455 0.0232091 0
0.176796 0.0255635 0
0.154716 0.0261738 0
0.155635 0.0104134 0
0.156211 0 1
0.140058 0.00727954 0
0.12774 0.0148656 0
0.122395 0.0191299 0
0.114653 0.0227622 0
0.101106 0.0307167 0
0.0783589 0.0468912 0
0.0730639 0.0457137 0
0.0663687 0.0461482 1
0.0580666 0.0673657 0
0.0374742 0.0987256 0
0.0220666 0.124705 0
0.0169959 0.141085 1
0.0327252 0.147803 0
0.0448924 0.157352 0
0.0478633 0.184168 0
0.0478729 0.210699 0
0.039644 0.234552 0
0.0390794 0.251816 0
0.0316834 0.27329 0
0.0228611 0.299117 0
0.0220622 0.318494 0
0.0297758 0.333344 0
0.0312438 0.357437 0
0.037774 0.38285 0
0.0546827 0.401769 0
0.0677441 0.417215 0
0.0696523 0.438337 0
0.0685116 0.460936 0
0.0703115 0.482395 0
0.0774339 0.492741 0
0.0794198 0.511027 0
0.0742284 0.545602 0
0.0764411 0.573519 0
0.0931011 0.58579 0
0.112338 0.592939 0
0.111184 0.61715 0
0.11616 0.639407 0
0.132552 0.664479 0
0.146832 0.694876 0
0.16189 0.728486 0
0.168535 0.741082 0
0.17394 0.759265 0
0.173349 0.78075 0
0.175052 0.800801 1
0.180556 0.816892 0
0.187317 0.833624 0
0.197697 0.855456 0
0.204646 0.884578 0
0.220606 0.891688 0
0.228273 0.904856 0
0.23301 0.925428 0
0.238702 0.945737 0
0.242154 0.963111 0
0.246569 0.971829 1
0.258833 0.968122 0
0.271921 0.961861 0
0.278498 0.96269 0
0.281357 0.962905 0
0.288416 0.96265 0
0.292615 0.956764 0
0.295244 0.943882 0
0.297101 0.929426 0
0.313814 0.91804 0
0.339624 0.897314 0
0.349063 0.883065 0
0.361719 0.870801 0
0.379086 0.858757 0
0.392943 0.843389 0
0.407887 0.830315 0
0.425804 0.815793 0
0.432235 0.788245 0
0.441444 0.764119 0
0.457428 0.73459 0
0.471033 0.699506 0
0.4738 0.676938 0
0.471943 0.65807 0
0.465521 0.635494 0
0.463901 0.612179 0
0.470097 0.585433 0
0.464635 0.560696 1
0.483741 0.547065 0
0.499037 0.53209 0
0.49319 0.504748 0
0.494252 0.47686 0
0.492733 0.449258 0
0.488108 0.421658 0
0.486374 0.399715 0
0.485149 0.382681 0
0.478842 0.365002 0
0.473833 0.34868 0
0.467129 0.331403 0
0.46284 0.312731 0
0.454284 0.296586 0
0.4382 0.282375 0
0.424956 0.263873 0
0.419266 0.242141 0
0.406756 0.222245 0
0.382897 0.205108 0
0.361211 0.191169 0
0.333103 0.180909 0
0.308565 0.164144 0
0.281512 0.150365 0
0.255526 0.14061 0
0.235984 0.120022 0
0.222668 0.117201 0
0.209688 0.110585 0
0.200722 0.102203 0
0.183979 0.10443 0
0.175739 0.0937864 0
0.159323 0.0927041 0
0.148984 0.0921473 0
0.136554 0.0974807 0
0.131046 0.102209 0
0.122565 0.103163 0
0.103442 0.105825 0
0.0859905 0.111201 0
