0.710792 0.231146 1
0.710859 0.231728 0
0.710859 0.231728 0
0.710859 0.231728 0
0.16227 0.0500597 0
0.174506 0.0477337 0
0.207347 0.0538938 0
0.300764 0.015791 0
0.352701 0 1
0.381798 0.0269976 0
0.387216 0.0671371 0
0.393431 0.102458 0
0.412994 0.123176 0
0.442198 0.14832 0
0.432342 0.207712 0
0.45202 0.248205 0
0.449223 0.286694 0
0.442011 0.321973 0
0.429051 0.356442 0
0.411971 0.392779 0
0.386405 0.428486 0
0.365077 0.461345 0
0.348156 0.493205 0
0.336449 0.540211 0
0.332364 0.598746 0
0.347637 0.663894 0
0.371204 0.72028 0
0.371309 0.752872 0
0.370968 0.764963 0
0.373925 0.790702 0
0.385987 0.823168 0
0.40275 0.843313 0
0.425599 0.864784 0
0.455784 0.889301 0
0.488396 0.896652 0
0.533369 0.905577 0
0.582341 0.916201 0
0.63012 0.915816 0
0.676167 0.913733 0
0.712024 0.911788 0
0.755925 0.899877 0
0.792079 0.887737 0
0.842208 0.882076 0
0.877093 0.867933 0
0.887494 0.846851 0
0.91144 0.831008 0
0.929148 0.824613 0
0.946377 0.818437 0
0.965407 0.817287 1
0.983249 0.806358 0
0.993784 0.793247 0
0.999101 0.785689 0
1 0.751799 0
0.974424 0.738607 0
0.938423 0.715394 0
0.913163 0.683703 0
0.889702 0.658662 0
0.864378 0.647998 0
0.841102 0.628566 0
0.813896 0.605005 0
0.799954 0.582676 0
0.782762 0.551498 0
0.758436 0.519387 1
0.673687 0.512468 0
0.600472 0.521624 0
0.540197 0.525069 0
0.477736 0.538191 0
0.411288 0.550204 0
0.34859 0.556507 0
0.291404 0.558831 0
0.224073 0.551744 1
0.171059 0.536802 0
0.116235 0.536491 0
0.0880965 0.53092 0
0.0642324 0.52036 0
0.0405694 0.506275 0
0.014493 0.489858 1
0.00639781 0.465325 0
8.44566e-05 0.440201 0
0.0028685 0.403846 0
0 0.371943 0
0.00254703 0.339348 0
0.00600886 0.307906 0
0.00995474 0.280046 0
0.0140468 0.254163 0
0.0272817 0.22526 0
0.0337048 0.198832 0
0.0370878 0.175486 0
0.0435587 0.151451 0
0.0530634 0.124864 0
0.0498841 0.098298 0
0.0317945 0.0718088 0
0.0343155 0.0565382 1
0.0893766 0.0498048 0
0.101774 0.0486215 0
0.118182 0.0474061 0
0.137455 0.0451426 0
0.175234 0.0451874 0
0.222127 0.0450564 0
0.272417 0.0533533 0
0.303318 0.0685307 0
0.349428 0.0772158 0
0.378222 0.0981382 0
0.369083 0.115108 0
0.403303 0.149764 0
0.440168 0.182838 0
0.475102 0.220233 1
0.471599 0.263535 0
0.463069 0.305008 0
0.4404 0.351363 0
0.417775 0.39734 0
0.396187 0.435996 0
0.380316 0.477838 0
0.368765 0.524681 0
0.360304 0.573383 0
0.343508 0.627265 0
0.366336 0.676989 0
0.37561 0.771 0
0.385535 0.836227 0
0.390067 0.861566 0
0.386982 0.885779 0
0.39948 0.920773 0
0.408942 0.949153 1
0.442174 0.94955 0
0.484731 0.951212 0
0.529285 0.966756 0
0.570158 0.96859 0
0.616175 0.960863 0
0.671016 0.957672 0
0.711909 0.956545 0
0.75327 0.939826 0
0.796817 0.932593 0
