0.784954 0.5098 1
0.785247 0.509901 0
0.787355 0.509687 0
0.79312 0.511757 0
0.795137 0.51087 0
0.793672 0.510644 0
0.791553 0.510655 0
0.796647 0.510047 0
0.803073 0.511697 0
0.813758 0.509086 0
0.820471 0.511211 0
0.835778 0.506703 0
0.849034 0.499719 0
0.862047 0.497162 0
0.87774 0.493089 0
0.88965 0.484923 0
0.895181 0.486197 0
0.911382 0.494795 0
0.943591 0.493021 0
0.971695 0.489818 0
0.977812 0.48824 0
0.971962 0.486484 0
1 0.492494 0
0.974788 0.481477 0
0.985672 0.470804 0
0.971082 0.465368 0
0.969597 0.469052 0
0.968041 0.465049 0
0.962419 0.458741 0
0.949697 0.459242 0
0.941821 0.456573 0
0.937523 0.461377 0
0.936345 0.449935 0
0.948963 0.403262 0
0.941975 0.40486 0
0.937429 0.40575 0
0.949084 0.396448 0
0.930796 0.243183 0
0.795306 0.129414 0
0.75275 0.0670135 0
0.776378 0.0732257 0
0.764326 0.0609205 0
0.759966 0.0572928 0
0.721919 0.0375562 0
0.689034 0.0179169 0
0.670085 0.0154685 0
0.625442 0.00460425 0
0.59151 0 0
0.529686 0.0751343 0
0.500878 0.113014 0
0.494024 0.119676 0
0.493042 0.12219 0
0.491681 0.123389 0
0.490668 0.124002 0
0.48896 0.12528 1
0.460173 0.125766 1
0.42884 0.123355 1
0.396324 0.1166 1
0.395337 0.116119 0
0.393975 0.116347 0
0.393003 0.115099 0
0.389794 0.120226 0
0.306378 0.151233 0
0.29434 0.151067 1
0.294373 0.150923 0
0.303431 0.145265 0
0.380168 0.226509 0
0.297817 0.255752 0
0.28043 0.273451 0
0.283767 0.272948 0
0.285404 0.274983 0
0.285695 0.273405 0
0.221065 0.268918 0
0.22051 0.267875 0
0.220379 0.267919 0
0.220272 0.267977 0
0.220262 0.267972 1
0.191292 0.285095 0
0.185886 0.289133 1
0.177697 0.323237 1
0.177273 0.324098 0
0.176851 0.325426 0
0.176191 0.32733 0
0.174548 0.327408 0
0.173915 0.329121 0
0.173232 0.331338 0
0.172642 0.334087 0
0.171702 0.334977 0
0.170767 0.336247 0
0.169498 0.338292 0
0.168281 0.339467 0
0.16616 0.33994 0
0.167844 0.346146 0
0.162162 0.343039 0
0.162358 0.347432 0
0.160277 0.350478 0
0.15782 0.352649 0
0.157534 0.35599 0
0.154834 0.355774 0
0.153032 0.357163 0
0.157982 0.370094 0
0.158566 0.379358 0
0.143387 0.360658 0
0.137743 0.341748 0
0.134704 0.344984 0
0.130414 0.354133 0
0.132563 0.338363 0
0.124475 0.352065 0
0.120304 0.352041 0
0.121351 0.341531 0
0.119461 0.342068 0
0.116813 0.343833 0
0.113329 0.348478 0
0.111118 0.345015 0
0.104715 0.352472 0
0.100681 0.358678 0
0.0894108 0.374823 0
0.0412022 0.191742 0
0.0572599 0.236396 0
0.0555916 0.228462 0
0.0590753 0.234982 0
0.0448 0.225583 0
0.0430605 0.225212 0
0.0374682 0.217251 0
0.0441088 0.237383 0
0.0242274 0.205302 0
0.0288364 0.221879 0
0.0281491 0.217371 0
0.0285003 0.219363 0
0.0292387 0.226062 0
0.026614 0.218349 0
0.027913 0.220128 0
0.028685 0.226821 0
0.0339856 0.236768 0
0.0363388 0.242738 0
0.0434638 0.2533 0
0.0427189 0.251404 0
0.0581407 0.262069 0
0.0376855 0.241341 0
0.0356646 0.24375 0
0.0240635 0.229056 0
0 0.211043 0
0.255724 0.138021 0
0.283489 0.150508 0
0.283635 0.15193 0
0.285571 0.151285 0
0.286581 0.15142 1
0.3343 0.154938 1
0.339821 0.155219 0
0.408225 0.118349 1
0.444221 0.119173 1
0.476543 0.133702 1
0.477323 0.13517 0
0.47802 0.142528 0
0.564747 0.191015 0
0.561905 0.204084 0
0.56353 0.206159 0
0.563685 0.206644 0
0.563682 0.206715 0
0.563686 0.206727 1
0.564509 0.207042 0
0.565559 0.207493 0
0.566845 0.207368 0
0.568506 0.207336 0
0.570476 0.206782 0
0.567382 0.209847 0
0.543716 0.183504 0
0.680058 0.249988 0
0.671645 0.256727 0
0.696229 0.315773 0
0.687027 0.307711 0
0.696726 0.311855 0
0.700869 0.311415 0
0.721533 0.324694 0
0.727865 0.331438 0
0.726722 0.326071 0
0.726502 0.319755 0
0.7473 0.351054 0
0.747784 0.350488 0
0.753058 0.361619 0
0.751804 0.355175 0
0.760608 0.371455 0
0.762835 0.36794 0
0.763226 0.376053 0
0.761777 0.366146 0
0.763209 0.372317 0
0.767989 0.380898 0
0.770895 0.396631 0
0.774731 0.411507 0
0.777323 0.425345 0
0.784413 0.448634 0
0.781888 0.464405 0
0.783669 0.481241 0
0.778023 0.495956 0
0.775153 0.516961 0
0.775539 0.520138 0
0.780366 0.528606 0
0.780584 0.523159 0
0.779268 0.522226 0
0.783634 0.526996 0
0.783447 0.528581 0
0.784083 0.527672 0
0.786224 0.52237 0
0.792624 0.527685 0
0.792196 0.517783 0
0.801183 0.514241 0
0.819664 0.518058 0
0.836245 0.512858 0
0.853937 0.510765 0
0.872919 0.524826 0
0.887603 0.517604 0
0.905175 0.519173 0
0.918106 0.518055 0
0.926655 0.514502 0
0.92898 0.494256 0
0.944176 0.491592 0
0.943199 0.476381 0
0.944096 0.465823 0
0.950271 0.453096 0
0.956186 0.4376 0
0.946076 0.388949 0
0.950034 0.389831 0
0.948265 0.371725 0
0.944906 0.355068 0
0.943388 0.349778 0
0.929641 0.312597 0
0.91692 0.280924 0
0.918946 0.276074 0
0.919465 0.268388 0
0.917796 0.259457 0
0.912318 0.248491 0
0.9101 0.239904 0
0.901927 0.228854 0
0.89158 0.209466 0
0.898342 0.222453 0
0.904206 0.239523 0
0.86593 0.18658 0
0.849595 0.175122 0
0.836791 0.177505 0
0.806172 0.122215 0
0.672524 0.294363 0
0.667291 0.28129 1
0.63957 0.27384 1
0.605193 0.263683 1
0.558982 0.258072 1
0.514711 0.257786 1
0.435255 0.234749 0
0.440066 0.255746 0
0.444026 0.261167 1
0.425641 0.270233 1
0.371625 0.260637 1
0.371234 0.248524 0
0.29356 0.268745 0
0.280593 0.274908 0
0.279221 0.275873 0
0.278928 0.275997 0
0.278883 0.276058 1
0.257789 0.294682 0
0.255877 0.292606 1
0.227578 0.298147 1
0.227131 0.297564 0
0.225466 0.297728 0
0.227415 0.29815 0
0.180316 0.32655 0
0.176547 0.324543 0
0.177637 0.323516 0
0.177631 0.323364 0
0.177568 0.323427 0
0.17742 0.324008 0
0.176678 0.326169 0
0.176389 0.327414 0
0.177057 0.329605 0
0.176615 0.332044 0
0.179111 0.335642 0
0.181759 0.339414 0
0.182899 0.344478 0
0.18681 0.347659 0
0.189524 0.349913 0
0.193763 0.354759 0
0.198477 0.362946 0
0.198763 0.367912 0
0.19891 0.37382 0
0.207607 0.37291 0
0.211698 0.37888 0
0.203128 0.385435 0
0.200071 0.388776 0
0.204462 0.39423 0
0.192851 0.398741 0
0.184626 0.401554 0
0.168346 0.39799 0
0.179891 0.410222 0
0.168893 0.408517 0
0.154343 0.408205 0
0.163697 0.416317 0
0.134544 0.405279 0
0.120894 0.341674 0
0.105625 0.360307 0
0.103651 0.341478 0
0.0999566 0.339284 0
0.0938855 0.339068 0
0.0960188 0.33091 0
0.0973201 0.325839 0
0.102465 0.318947 0
0.0854262 0.325307 0
0.10314 0.307158 0
0.0609194 0.268807 0
0.0967267 0.307853 0
0.0937455 0.303033 0
0.0913786 0.299698 0
0.080333 0.302296 0
0.101266 0.293835 0
0.107441 0.291567 0
0.0989598 0.29625 0
0.0880588 0.29448 0
0.0877722 0.288017 0
0.0904436 0.292983 0
0.101742 0.286389 0
0.100791 0.280522 0
0.0974005 0.280062 0
0.0995487 0.280904 0
0.104884 0.278855 0
0.107582 0.277856 0
0.110669 0.275181 0
0.111141 0.274486 0
0.111491 0.274185 0
0.11185 0.273756 1
0.142604 0.272315 1
0.191787 0.252201 0
0.215956 0.269122 1
0.275518 0.276922 1
0.345955 0.284605 1
0.393055 0.269673 0
0.396658 0.272537 0
0.396384 0.272822 1
0.442723 0.267933 1
0.483335 0.271691 0
0.49788 0.260998 1
0.540979 0.267537 1
0.571683 0.271044 0
0.568001 0.267391 1
0.607685 0.270329 1
0.60896 0.273933 0
0.603437 0.280564 0
0.583544 0.274757 0
0.61197 0.276378 0
0.664962 0.277079 1
0.611794 0.275741 0
0.616988 0.306896 0
0.633357 0.318776 0
0.679839 0.316448 1
0.688567 0.325795 0
0.692971 0.327705 0
0.695514 0.32672 0
0.695217 0.32326 0
0.708607 0.338666 0
0.71364 0.339775 0
0.725885 0.368077 0
0.721775 0.352063 0
0.725833 0.354149 0
0.728969 0.357191 0
0.729937 0.352412 0
0.732939 0.349734 0
0.739796 0.364695 0
0.743682 0.366851 0
0.747297 0.369637 0
0.750053 0.368266 0
0.756214 0.38636 0
0.757356 0.412859 0
0.763827 0.404458 0
0.768008 0.406829 0
0.772229 0.413137 0
0.774525 0.424586 0
0.779598 0.430865 0
0.781056 0.445909 0
0.788636 0.439767 0
0.794455 0.448808 0
0.790597 0.463573 0
0.793632 0.477761 0
0.787583 0.495568 0
0.783615 0.504239 0
0.788821 0.507384 0
0.792488 0.510567 0
0.805972 0.507038 0
0.807405 0.506773 0
0.805162 0.508474 0
0.801365 0.510405 0
0.812675 0.505649 0
0.819906 0.505976 0
0.824731 0.509102 0
0.826877 0.511935 0
0.841342 0.515826 0
0.851402 0.513533 0
0.863578 0.524581 0
0.875498 0.501993 0
0.895792 0.501841 0
0.90677 0.515808 0
0.913024 0.512413 0
0.924717 0.507264 0
0.933258 0.49286 0
0.937194 0.490287 0
0.936952 0.488643 0
0.934366 0.506026 0
0.936509 0.508658 0
0.93019 0.496719 0
0.925541 0.472596 0
0.916306 0.477134 0
0.917827 0.454948 0
0.911427 0.456389 0
0.912794 0.458267 0
0.909685 0.410014 0
0.910626 0.388305 0
0.91142 0.372583 0
0.904864 0.354497 0
0.889973 0.315563 0
0.871898 0.28538 0
0.859875 0.279945 0
0.82394 0.232234 0
0.822963 0.248556 0
0.830257 0.261064 0
0.800347 0.238496 0
0.767863 0.217064 0
0.776391 0.228152 0
0.766098 0.222882 0
0.620686 0.23324 0
0.612599 0.256453 0
0.553641 0.242787 0
0.518923 0.258147 0
0.51169 0.246937 0
0.445188 0.245152 0
0.448416 0.254646 0
0.446084 0.254703 0
0.421846 0.233399 0
0.420195 0.22864 0
0.378028 0.25154 0
0.396737 0.219965 0
0.372771 0.244222 0
0.368831 0.245292 0
0.404336 0.209493 0
0.36381 0.269307 0
0.286224 0.2614 0
0.357255 0.293146 1
0.129887 0.244527 0
0.133022 0.263927 0
0.131903 0.263995 1
0.21906 0.282509 0
0.239839 0.295402 1
0.256508 0.300614 0
0.238227 0.293806 0
0.227294 0.291406 0
0.22113 0.302452 0
0.175468 0.323823 0
0.178264 0.326252 0
0.178004 0.329782 0
0.178148 0.332474 0
0.17912 0.334839 0
0.178498 0.33601 0
0.177304 0.33858 0
0.179527 0.342575 0
0.180011 0.346961 0
0.181862 0.350618 0
0.174443 0.352729 0
0.173768 0.356651 0
0.18392 0.363514 0
0.179712 0.364974 0
0.181889 0.369922 0
0.175559 0.371534 0
0.178893 0.372206 0
0.221923 0.388451 0
0.192873 0.392139 0
0.202086 0.394386 0
0.226957 0.407546 0
0.208671 0.402372 0
0.205075 0.40945 0
0.202949 0.41033 0
0.222899 0.419094 0
0.221603 0.418187 0
0.199511 0.416963 0
0.165375 0.408922 0
0.146455 0.402735 0
0.142129 0.422028 0
0.126736 0.410629 0
0.112895 0.392191 0
0.105592 0.379177 0
0.100527 0.376208 0
0.10278 0.389224 0
0.101893 0.392789 0
0.0996402 0.385433 0
0.104166 0.402297 0
0.101712 0.394884 0
0.103478 0.409516 0
0.103799 0.418083 0
0.0892561 0.393308 0
0.088308 0.38835 0
0.0860906 0.387867 0
0.0842568 0.373668 0
0.0884249 0.361663 0
0.0866831 0.36636 0
0.0792293 0.379725 0
0.0863647 0.354031 0
0.0829551 0.359282 0
0.0815804 0.356106 0
0.0802895 0.351374 0
0.0797861 0.347584 0
0.076255 0.351016 0
0.0839114 0.341853 0
0.0801054 0.340411 0
0.0933599 0.324669 0
0.0948819 0.327967 0
0.0876269 0.332166 0
0.116931 0.309818 0
0.189614 0.315081 0
0.179747 0.3194 1
0.217443 0.268362 0
0.233643 0.300243 1
0.30131 0.324036 0
0.241971 0.293229 1
0.288598 0.295263 1
