0.633643 0.427237 1
0.659873 0.432696 0
0.666721 0.427434 0
0.682294 0.431278 0
0.705899 0.421638 0
0.712932 0.422314 0
0.729228 0.417459 0
0.734079 0.403803 0
0.750235 0.391577 0
0.758472 0.376413 0
0.77302 0.368914 0
0.777654 0.352625 0
0.776002 0.332954 0
0.801066 0.30365 0
0.810484 0.290671 0
0.833611 0.285491 0
0.856027 0.273189 0
0.86027 0.250831 0
0.871972 0.232423 0
0.875252 0.216694 0
0.884592 0.201701 0
0.885142 0.187594 0
0.890057 0.173739 0
0.904646 0.164841 0
0.922225 0.155493 0
0.937271 0.143264 0
0.928401 0.13029 0
0.925573 0.114539 0
0.910333 0.0958016 0
0.812839 0.0570848 0
0.76037 0.0414711 0
0.753721 0.034332 0
0.753472 0.0295421 0
0.719542 0.0277367 0
0.70629 0.0277906 0
0.706495 0.0283504 0
0.677791 0.0251179 0
0.641357 0.0360309 0
0.605283 0.0488041 0
0.54464 0.0635447 0
0.524201 0.0443381 0
0.493975 0.034598 0
0.456143 0.00528692 0
0.366882 0.0926097 0
0.365179 0.0845528 0
0.365328 0.0880365 0
0.365582 0.0891453 1
0.368206 0.0900968 0
0.409171 0.120269 1
0.400095 0.126053 0
0.396699 0.128714 0
0.399508 0.183278 0
0.403532 0.184563 1
0.412814 0.206681 1
0.419368 0.230174 1
0.417049 0.227457 0
0.406033 0.257333 1
0.403196 0.260553 0
0.398324 0.266048 0
0.398875 0.278953 0
0.39888 0.33053 0
0.39891 0.333646 1
0.400896 0.339651 0
0.396831 0.343398 0
0.395559 0.351348 0
0.396115 0.359059 0
0.390373 0.365679 0
0.383059 0.364911 0
0.375563 0.365994 0
0.365902 0.355162 0
0.352602 0.359336 0
0.338184 0.36174 0
0.317118 0.368518 0
0.290097 0.369567 0
0.256082 0.357147 0
0.234073 0.355958 0
0.21771 0.3476 0
0.194133 0.335179 0
0.17758 0.332022 0
0.165324 0.337543 0
0.136033 0.320435 0
0.0495517 0.178497 0
0.0498366 0.187018 0
0.0446295 0.185541 0
0.0433227 0.183696 0
0.0423375 0.180596 0
0.0506693 0.180556 0
0.0523377 0.176116 0
0.0576433 0.175594 0
0.0638559 0.174896 0
0.0660717 0.168593 0
0.0732291 0.168248 0
0.0762045 0.163973 0
0.081565 0.164062 0
0.0890364 0.163136 0
0.0937883 0.166113 0
0.0980998 0.162644 0
0.101595 0.159131 1
0.101972 0.159012 0
0.102666 0.158268 0
0.107042 0.160027 0
0.130635 0.169919 0
0.191566 0.165749 0
0.235481 0.17587 0
0.310268 0.185892 0
0.305231 0.180819 0
0.351978 0.212217 1
0.403186 0.229407 1
0.442731 0.245263 1
0.459604 0.242401 0
0.492552 0.262003 0
0.49345 0.263378 0
0.503697 0.273208 0
0.530615 0.296007 0
0.529012 0.302352 0
0.535987 0.310412 0
0.541692 0.321699 0
0.548624 0.327354 0
0.55278 0.333364 0
0.558403 0.337786 0
0.562716 0.346049 0
0.567969 0.355252 0
0.571092 0.367192 0
0.578173 0.369633 0
0.577897 0.382088 0
0.57499 0.401558 0
0.586761 0.407013 0
0.595494 0.40768 0
0.60546 0.410799 0
0.610754 0.40608 0
0.633898 0.397347 0
0.657143 0.386748 0
0.676357 0.384937 0
0.6872 0.385029 0
0.699167 0.373802 0
0.711945 0.376564 0
0.721045 0.365337 0
0.727358 0.352645 0
0.73706 0.344116 0
0.748681 0.328688 0
0.772673 0.252669 0
0.779814 0.226976 0
0.792384 0.215674 0
0.815134 0.213707 0
0.832763 0.197579 0
0.851284 0.18839 0
0.858662 0.167884 0
0.86276 0.154694 0
0.867705 0.138152 1
0.875887 0.136906 0
0.880346 0.127256 0
0.87904 0.113142 0
0.865834 0.0971401 0
0.858594 0.0861863 0
0.839204 0.0667546 0
0.827179 0.0586609 0
0.815942 0.0500965 0
0.805104 0.0438335 0
0.796782 0.0380171 0
0.784405 0.0312915 0
0.768339 0.0220161 0
0.777329 0.0226912 0
0.749462 0.0175812 0
0.717955 0.0190433 0
0.702768 0.0212721 0
0.663801 0.0244908 0
0.65744 0.0229612 0
0.583228 0.0333182 0
0.526628 0.0311743 0
0.506229 0.0310321 0
0.466144 0 0
0.363828 0.0541063 0
0.357422 0.0400759 0
0.353895 0.0543768 0
0.346845 0.0631793 0
0.341107 0.0733702 0
0.336571 0.0758043 0
0.329356 0.0707274 0
0.355799 0.111645 0
0.374914 0.160121 0
0.370337 0.1594 0
0.362752 0.183641 1
0.368849 0.201348 1
0.373713 0.207223 0
0.366512 0.227863 1
0.37223 0.237531 0
0.302033 0.248759 1
0.374178 0.251891 0
0.389167 0.292068 0
0.377331 0.290941 0
0.379817 0.299645 0
0.379216 0.307365 0
0.36748 0.304323 0
0.377257 0.32048 0
0.374834 0.323481 0
0.373121 0.332062 0
0.330938 0.308323 0
0.332809 0.316542 0
0.333429 0.325913 0
0.322159 0.342126 0
0.356664 0.323514 1
0.258003 0.362468 0
0.244803 0.354291 0
0.231113 0.349176 0
0.203453 0.343072 0
0.181854 0.330755 0
0.157666 0.322496 0
0.0518134 0.208974 0
0.038825 0.187179 0
0.041115 0.188452 0
0.0415232 0.18879 0
0.0415852 0.188786 1
0.0246444 0.193819 0
0.00608981 0.193366 0
0 0.194065 0
0.0436616 0.173927 0
0.0586823 0.192518 0
0.0579844 0.181021 0
0.0639837 0.183129 0
0.0668483 0.179142 0
0.0759485 0.194225 0
0.082245 0.200284 0
0.0881782 0.193084 0
0.101362 0.199903 0
0.129304 0.205492 0
0.13447 0.199187 0
0.146874 0.190366 0
0.151924 0.193816 0
0.225328 0.178564 0
0.230639 0.164856 1
0.230318 0.170339 0
0.311047 0.176665 1
0.366057 0.188068 1
0.418858 0.201225 1
0.496326 0.24182 0
0.567447 0.254952 0
0.583763 0.252778 0
0.589307 0.254231 1
0.585454 0.266393 0
0.586686 0.274472 0
0.592449 0.273732 0
0.585452 0.291986 0
0.579137 0.302026 0
0.584577 0.308517 0
0.593704 0.306016 0
0.587168 0.325374 0
0.583359 0.338082 0
0.607811 0.330969 0
0.610034 0.334847 0
0.612213 0.35007 0
0.598744 0.37312 0
0.606181 0.380798 0
0.601627 0.393544 0
0.601766 0.406694 0
0.601296 0.417946 0
0.597649 0.440631 0
0.6128 0.464828 0
0.652117 0.392194 0
0.677758 0.394939 0
0.689853 0.390405 0
0.70497 0.389067 0
0.712621 0.382234 0
0.719553 0.368226 0
0.73687 0.372972 0
0.747341 0.361417 0
0.75405 0.347068 0
0.760489 0.335525 0
0.770541 0.328795 0
0.780268 0.323583 1
0.812088 0.291613 0
0.839227 0.2883 0
0.85352 0.26066 0
0.895928 0.285279 0
0.909008 0.270904 0
0.909766 0.251723 0
0.940975 0.257736 0
0.96444 0.254541 0
0.971344 0.240739 0
0.963781 0.217352 0
0.945732 0.172149 0
0.932013 0.141273 0
0.955428 0.163601 0
0.98436 0.186012 0
1 0.206016 0
0.987759 0.192048 0
0.926428 0.101505 0
0.839293 0.0631287 0
0.792913 0.0532215 0
0.730278 0.0406182 0
0.730724 0.0391748 0
0.680938 0.0327689 0
0.596996 0.0461015 0
0.553805 0.0578065 1
0.537935 0.0535213 0
0.523029 0.0457457 0
0.493879 0.0468982 0
0.372039 0.0322046 0
0.358972 0.0479748 0
0.35692 0.0547197 0
0.350835 0.0621161 0
0.337227 0.0636339 0
0.330791 0.0593596 0
0.320113 0.0594859 0
0.314067 0.0603823 0
0.302917 0.0616672 0
0.295036 0.065281 0
0.285765 0.0672429 0
0.277947 0.0723962 0
0.273847 0.0722687 0
0.266613 0.0749458 0
0.260537 0.0791459 1
0.257228 0.0756387 0
0.283038 0.0744468 0
0.419936 0.09844 0
0.413326 0.107436 1
