1 0.262379 1
0.998029 0.263756 0
0.996097 0.265809 0
0.994274 0.264456 0
0.992264 0.263884 1
0.985079 0.26426 0
0.980533 0.264661 0
0.973081 0.263443 0
0.967485 0.254864 0
0.956137 0.259514 0
0.941065 0.251116 0
0.937269 0.254357 0
0.932105 0.253023 0
0.925138 0.250501 0
0.919167 0.253326 0
0.906284 0.262267 0
0.899942 0.264218 1
0.896999 0.263433 0
0.890586 0.262573 0
0.88661 0.263673 0
0.880907 0.263207 0
0.873842 0.26602 0
0.86692 0.264941 0
0.860742 0.269866 0
0.851241 0.273082 0
0.84941 0.273618 0
0.841874 0.286443 0
0.835822 0.290571 0
0.828818 0.292543 1
0.823263 0.300151 0
0.810613 0.291197 0
0.805555 0.296567 0
0.795645 0.286593 0
0.788028 0.292732 0
0.776493 0.29584 1
0.76696 0.294606 0
0.766 0.30625 0
0.748695 0.303391 0
0.745008 0.310709 0
0.722054 0.295046 0
0.714729 0.309087 1
0.705642 0.315127 0
0.701285 0.3221 0
0.692097 0.328122 0
0.682779 0.328253 0
0.683557 0.342559 0
0.669838 0.336177 0
0.667374 0.344261 0
0.668207 0.352802 0
0.662467 0.356948 0
0.665462 0.367215 0
0.663456 0.374419 0
0.666191 0.384212 1
0.658871 0.387315 0
0.657828 0.395148 0
0.648029 0.40116 0
0.647075 0.409366 0
0.641756 0.414421 0
0.641156 0.426111 0
0.630835 0.431937 0
0.624723 0.434329 0
0.626939 0.445742 0
0.6242 0.45016 1
0.623962 0.457548 0
0.622355 0.467293 0
0.620436 0.478376 0
0.61359 0.484765 0
0.619714 0.493486 0
0.610146 0.516748 0
0.603348 0.522259 0
0.608587 0.540138 0
0.615197 0.554363 0
0.618066 0.574912 0
0.617213 0.587054 0
0.615474 0.600436 0
0.611725 0.623938 0
0.611761 0.633676 0
0.617383 0.659702 0
0.612348 0.676516 1
0.610866 0.691226 0
0.60979 0.697922 0
0.598532 0.732159 0
0.59494 0.738633 0
0.589414 0.742705 0
0.586635 0.743891 0
0.581034 0.753372 0
0.576834 0.763093 0
0.573635 0.76632 0
0.570049 0.767581 0
0.568215 0.769395 0
0.559499 0.770966 1
0.552269 0.780892 0
0.538744 0.783641 0
0.521167 0.797525 0
0.501181 0.796857 0
0.490098 0.803944 0
0.47449 0.801992 0
0.455157 0.798916 0
0.435112 0.79478 0
0.417831 0.785702 0
0.394673 0.766134 0
0.375536 0.743706 0
0.364821 0.737683 0
0.35046 0.723664 0
0.338246 0.719612 1
0.323249 0.729671 0
0.283561 0.749933 0
0.260618 0.758803 0
0.240125 0.768442 0
0.214038 0.777858 0
0.200301 0.764377 0
0.187675 0.761205 0
0.181443 0.747313 0
0.174323 0.738172 0
0.162975 0.73701 0
0.158358 0.728694 0
0.15649 0.721119 0
0.152659 0.714197 0
0.152411 0.709166 1
0.150443 0.706072 0
0.151718 0.701046 0
0.149761 0.671524 0
0.149624 0.667975 0
0.147538 0.665337 0
0.145242 0.662253 0
0.143945 0.657551 0
0.139474 0.654697 0
0.137323 0.653377 0
0.135454 0.650845 1
0.135443 0.650698 0
0.135114 0.650189 0
0.13675 0.647634 0
0.139209 0.637155 0
0.169506 0.548873 0
0.168944 0.550689 0
0.172656 0.544783 0
0.192499 0.533787 0
0.196075 0.527816 0
0.195433 0.521279 0
0.199759 0.517278 0
0.203934 0.510359 0
0.215274 0.500517 0
0.217873 0.495632 1
0.216816 0.482537 0
0.225718 0.466544 0
0.235161 0.446995 0
0.245106 0.437387 0
0.2488 0.427768 0
0.255007 0.409762 1
0.255495 0.407626 0
0.254932 0.403057 0
0.259124 0.401939 0
0.2636 0.399967 0
0.266347 0.398374 0
0.272941 0.396392 0
0.276178 0.396635 0
0.287635 0.391019 0
0.29382 0.389022 0
0.301406 0.385353 0
0.309918 0.386731 0
0.31817 0.385486 0
0.325644 0.386655 0
0.337588 0.385631 1
0.339237 0.384622 0
0.338346 0.383724 0
0.338283 0.382592 0
0.341232 0.380606 0
0.344702 0.376808 0
0.349077 0.373662 0
0.350907 0.371558 0
0.354363 0.369033 0
0.358305 0.367322 0
0.364466 0.371823 0
0.349438 0.366341 0
0.485171 0.391719 0
0.478734 0.381244 0
0.476852 0.382845 0
0.476869 0.382969 0
0.476829 0.383012 1
0.484264 0.381552 0
0.490478 0.383169 0
0.486534 0.390267 0
0.495476 0.391052 0
0.495469 0.396274 0
0.500394 0.400288 0
0.489429 0.403167 0
0.494749 0.40741 0
0.503756 0.41656 0
0.503274 0.422436 0
0.472538 0.40719 0
0.473405 0.414488 0
0.471233 0.413851 0
0.472933 0.421252 0
0.466154 0.410199 0
0.46636 0.417143 0
0.461092 0.409349 0
0.457546 0.403613 0
0.457076 0.406273 0
0.455973 0.406522 0
0.452809 0.403665 0
0.451906 0.404285 1
0.451909 0.404308 0
0.451735 0.404404 0
0.451435 0.404749 0
0.450491 0.406179 0
0.443745 0.404591 0
0.449237 0.584971 0
0.415431 0.5882 0
0.40769 0.590351 0
0.405419 0.596653 0
0.397561 0.598051 0
0.394265 0.602021 0
0.382755 0.592637 0
0.372407 0.593393 0
0.364692 0.595748 0
0.36385 0.594949 0
0.351665 0.599951 0
0.340268 0.599173 0
0.338196 0.601633 0
0.335742 0.601721 0
0.335335 0.601872 1
0.332115 0.607813 0
0.322029 0.613797 0
0.309528 0.623456 0
0.299929 0.632504 0
0.294642 0.638561 0
0.279032 0.642617 0
0.270523 0.654913 0
0.251714 0.664709 0
0.241069 0.6656 0
0.228049 0.669573 1
0.225679 0.669824 0
0.219917 0.668374 0
0.215246 0.66913 0
0.20973 0.655034 0
0.0966429 0.689377 0
0.106001 0.682266 0
0.104122 0.676325 0
0.10621 0.673469 1
0.0943938 0.666006 0
0.0832154 0.660464 0
0.0748613 0.655675 0
0.0924314 0.631691 0
0.089187 0.632723 0
0.0822948 0.6189 0
0.128802 0.602561 0
0.131939 0.599422 1
0.121998 0.592507 0
0.117705 0.587208 0
0.104207 0.579499 0
0.093019 0.567676 0
0.0899604 0.5597 0
0.0837205 0.544457 0
0.0748744 0.529849 0
0.0709787 0.515134 0
0.0674616 0.50587 0
0.0743693 0.495761 0
0.0710614 0.477308 0
0.0875114 0.491349 0
0.115776 0.499365 0
0.111807 0.483036 0
0.108452 0.458107 0
0.094326 0.415189 0
0.103072 0.407711 0
0.115199 0.403623 0
0.125415 0.391358 0
0.158605 0.367249 0
0.186197 0.366006 0
0.209478 0.354068 0
0.217136 0.352795 0
0.221986 0.347522 1
0.222542 0.340592 0
0.22234 0.336715 0
0.222213 0.333406 0
0.225336 0.330186 0
0.228262 0.328947 0
0.231874 0.332215 0
0.254357 0.287544 0
0.259849 0.289883 0
0.260444 0.289875 0
0.276448 0.296128 0
0.277066 0.295273 0
0.280454 0.294229 0
0.286461 0.284124 0
0.307437 0.269791 0
0.320248 0.262557 0
0.336508 0.251709 1
0.336705 0.250463 0
0.335854 0.256471 0
0.333589 0.244233 0
0.327955 0.262453 0
0.466979 0.24844 0
0.451854 0.257792 0
0.453257 0.261355 0
0.45331 0.261423 1
0.454916 0.258426 0
0.456263 0.255197 0
0.458578 0.250205 0
0.461174 0.244337 0
0.470182 0.240372 0
0.489022 0.23879 0
0.603941 0.283901 0
0.52281 0.244156 0
0.512608 0.240719 0
0.518837 0.250738 1
0.518911 0.257669 0
0.518494 0.25908 0
0.512718 0.26572 0
0.505042 0.27111 0
0.493391 0.279379 0
0.47696 0.282458 0
0.471911 0.275005 0
0.466296 0.273492 0
0.465407 0.275945 0
0.462377 0.272654 0
0.459261 0.272434 0
0.457073 0.269766 0
0.455408 0.270274 0
0.453259 0.263555 1
0.451751 0.272695 0
0.447485 0.279054 0
0.436413 0.284368 0
0.426347 0.282594 0
0.405712 0.273984 0
0.40157 0.268974 0
0.397734 0.266954 0
0.394653 0.264955 0
0.39188 0.263462 0
0.388956 0.262067 1
0.389197 0.262477 0
0.390932 0.25745 0
0.340165 0.17032 0
0.358883 0.16264 0
0.348692 0.167375 0
0.344172 0.166643 0
0.343681 0.165895 0
0.342858 0.165445 0
0.343048 0.165212 0
0.342596 0.164681 1
0.344249 0.157233 0
0.343139 0.143865 0
0.340179 0.134494 0
0.333085 0.115988 0
0.32684 0.10056 0
0.315171 0.0877453 0
0.308914 0.082075 0
0.289448 0.0712058 0
0.25843 0.0690612 0
0.237656 0.0726039 1
0.229639 0.060099 0
0.212025 0.0503828 0
0.202465 0.0404066 0
0.186058 0.0342661 0
0.179529 0.0272649 0
0.159566 0.0274128 0
0.141136 0.0315949 0
0.126842 0.0352689 1
0.113103 0.013931 0
0.111403 0.022682 0
0.0991501 0.00548145 0
0.0956287 0 0
0 0.0109651 0
0.00744196 0.0213832 1
0.0122625 0.0206565 0
0.0186907 0.0192531 0
0.0177566 0.0166097 0
0.0195007 0.0158497 0
0.0201968 0.0128936 0
0.0192628 0.00640886 0
0.0209573 0.00876346 0
0.0240358 0.00994065 1
0.0241444 0.00975251 0
0.0255652 0.0109371 0
0.0305897 0.00539859 0
0.0512007 0.0877836 0
0.0534617 0.0987665 0
0.0569939 0.102525 0
0.0634713 0.107036 0
0.0723306 0.110067 0
0.0743163 0.113332 0
0.086196 0.11488 0
0.0849122 0.117761 0
0.110148 0.111005 0
0.110194 0.117684 0
0.115268 0.118876 1
0.121599 0.128255 0
0.128307 0.139474 0
0.133665 0.151444 0
0.13309 0.164962 0
0.132209 0.169043 0
0.140739 0.160979 0
0.155035 0.182818 0
0.16638 0.185205 0
0.173467 0.193394 0
0.183663 0.203331 0
0.182512 0.207187 1
