0.894057 0.447205 0
0.896911 0.468984 0
0.896245 0.480557 1
0.897781 0.481158 0
0.900736 0.482716 0
0.903328 0.487756 0
0.903614 0.488404 0
0.90472 0.493804 0
0.913293 0.500292 0
0.925513 0.507475 0
0.938348 0.519464 0
0.845385 0.544215 0
0.841246 0.580474 0
0.836263 0.611677 0
0.826287 0.620371 0
0.827103 0.63592 0
0.827444 0.660566 0
0.820038 0.688435 0
0.798001 0.703694 0
0.784177 0.728509 0
0.78792 0.746191 0
0.789294 0.787568 0
0.778846 0.823168 0
0.728284 0.852847 0
0.699075 0.846986 0
0.678523 0.849571 0
0.659962 0.848251 0
0.626282 0.857721 0
0.601753 0.871484 0
0.572721 0.883177 0
0.548085 0.889243 0
0.528974 0.936724 0
0.514488 0.936563 0
0.491875 0.953594 0
0.453259 0.976145 0
0.435172 0.975399 0
0.410548 0.983143 0
0.399149 0.978115 0
0.379924 0.981056 0
0.365561 0.981985 0
0.340869 1 0
0.318825 0.991876 0
0.317245 0.957745 0
0.310278 0.92819 0
0.288395 0.915942 0
0.272546 0.900247 0
0.252289 0.777193 0
0.261363 0.769663 0
0.262116 0.770004 1
0.254118 0.765859 0
0.241304 0.76367 0
0.225007 0.756916 0
0.212402 0.748127 0
0.208983 0.737646 0
0.198142 0.728534 0
0.157015 0.735031 0
0.132225 0.7342 0
0.116364 0.716995 0
0.11298 0.695204 0
0.0996101 0.668908 0
0.0849609 0.610719 0
0.100403 0.556489 0
0.103566 0.548481 1
0.0937281 0.540355 0
0.111637 0.509288 0
0.127569 0.438521 0
0.131591 0.389242 0
0.114648 0.362586 0
0.0907547 0.336903 0
0.0839124 0.335875 0
0.0821568 0.336044 1
0.0793807 0.329382 0
0.0753917 0.32025 0
0.0775178 0.309736 0
0.0815091 0.296279 0
0.0879402 0.279693 0
0.0931193 0.274316 0
0.10944 0.266849 0
0.113317 0.254812 0
0.123013 0.248236 0
0.136597 0.24615 1
0.146481 0.241163 0
0.164459 0.228508 0
0.184191 0.225487 0
0.224288 0.186177 0
0.227185 0.152631 0
0.237242 0.142433 0
0.244772 0.12924 0
0.262487 0.117298 1
0.284452 0.110205 0
0.310853 0.0966735 0
0.335608 0.0827901 0
0.354072 0.0745177 1
0.370685 0.0746316 0
0.391305 0.0704689 0
0.405813 0.0790569 0
0.426598 0.0867559 0
0.443468 0.0890729 0
0.459435 0.101363 0
0.468677 0.105804 0
0.493171 0.119538 0
0.516643 0.121917 0
0.531754 0.114637 0
0.548686 0.118414 0
0.571455 0.103477 0
0.596841 0.107001 0
0.616416 0.121198 0
0.638285 0.127532 0
0.646911 0.14143 0
0.696449 0.126851 0
0.72331 0.125232 0
0.729092 0.129695 0
0.742403 0.132101 0
0.747909 0.140611 0
0.761208 0.142446 1
0.776989 0.15773 0
0.796429 0.163245 0
0.810501 0.181055 0
0.814012 0.196923 1
0.810161 0.217556 0
0.818885 0.23376 0
0.838315 0.246044 0
0.844104 0.26959 1
0.853532 0.27288 0
0.867246 0.277409 0
0.873199 0.352509 0
0.872337 0.34586 1
0.88324 0.35882 0
0.884459 0.378465 0
0.893836 0.399975 0
0.906693 0.421553 0
0.864854 0.499531 0
0.868398 0.49707 0
0.881253 0.503893 0
0.882543 0.509488 0
0.882177 0.51508 0
0.884938 0.521331 0
0.88275 0.524666 0
0.880116 0.528675 1
0.874217 0.542774 0
0.875897 0.560972 0
0.87583 0.5827 0
0.881595 0.604725 0
0.878689 0.624057 0
0.885715 0.640884 0
0.864789 0.658012 0
0.846889 0.675448 0
0.834815 0.673434 0
0.807699 0.703412 0
0.800984 0.716312 0
0.787261 0.720944 1
0.791979 0.723937 0
0.800372 0.761457 0
0.745799 0.825911 0
0.689391 0.831811 0
0.661184 0.820024 0
0.653559 0.810391 1
0.632357 0.822052 0
0.609953 0.841797 0
0.584807 0.863617 0
0.556975 0.86136 0
0.52744 0.866099 0
0.509471 0.886906 0
0.488819 0.886731 0
0.472979 0.885695 0
0.462887 0.865474 0
0.443338 0.843902 0
0.430583 0.840013 0
0.414489 0.838281 1
0.408195 0.83736 0
0.397711 0.827204 0
0.38507 0.832332 0
0.372862 0.830074 1
0.339891 0.866167 0
0.315268 0.870026 0
0.306432 0.866506 0
0.287436 0.859983 0
0.271962 0.867299 0
0.278659 0.742913 0
0.287692 0.755544 0
0.272096 0.722148 0
0.236741 0.719759 0
0.204853 0.721828 0
0.210912 0.713042 0
0.20292 0.703132 0
0.171757 0.708015 0
0.169539 0.691516 1
0.13622 0.699534 0
0.124668 0.680809 0
0.128648 0.654462 0
0.117334 0.647366 0
0.111977 0.622797 0
0.0921334 0.608375 0
0.090242 0.590864 0
0.105516 0.511721 0
0.0878324 0.501835 0
0.0812397 0.491695 1
0.0670739 0.486739 0
0.0374246 0.465763 0
0.0777805 0.38413 0
0.0781451 0.375996 0
0.0751528 0.375555 0
0.0732432 0.374522 1
0.0714154 0.370296 0
0.0713265 0.365666 0
0.0193752 0.348139 0
0.0052958 0.318307 0
0.00107799 0.292632 0
0 0.281903 0
0.0256702 0.233484 0
0.0619942 0.21728 0
0.0967043 0.18902 0
0.145826 0.190454 0
0.171238 0.182887 0
0.182755 0.173137 1
0.202711 0.164195 0
0.213226 0.158433 0
0.225944 0.159638 0
0.262588 0.166156 0
0.255057 0.0632629 0
0.271732 0.0328598 0
0.328306 0.00483145 0
0.353252 0 0
0.4011 0.035886 0
0.416684 0.0283124 0
0.426523 0.0328034 0
0.434428 0.0392947 1
0.445041 0.029328 0
0.472349 0.034377 0
0.507957 0.0297016 0
0.539228 0.0195 0
0.559397 0.0232982 0
0.570186 0.0246239 0
0.58635 0.0251695 0
0.60189 0.0383032 1
0.620469 0.0464065 0
0.64232 0.0548597 0
0.658738 0.0672556 0
0.677918 0.0744194 1
0.692806 0.0748859 0
0.703174 0.0861483 0
0.709366 0.0904952 0
0.723757 0.0954099 0
0.766751 0.0781645 0
0.795185 0.0788408 0
0.821154 0.0916416 0
0.851663 0.0927492 0
0.861353 0.113974 0
0.856228 0.135341 0
0.860714 0.145718 0
0.863767 0.154747 0
0.858913 0.197332 0
0.840895 0.31433 0
0.846707 0.308249 0
0.853042 0.31493 0
0.861256 0.322056 0
0.86488 0.329506 1
0.869256 0.331529 0
0.845933 0.375715 0
0.859049 0.401693 0
0.878615 0.442487 0
0.889287 0.460469 0
0.899521 0.479325 0
0.898689 0.484086 0
0.902728 0.48352 0
0.901063 0.486853 0
0.904415 0.489087 0
0.904779 0.493974 0
0.916526 0.496034 0
0.906586 0.506187 0
0.918303 0.510323 0
0.841943 0.53095 0
0.830576 0.561547 0
0.812207 0.584114 0
0.78945 0.616959 0
0.77857 0.640221 0
0.760239 0.707313 0
0.760397 0.711224 0
0.760931 0.712749 0
0.761329 0.712897 0
0.761184 0.713208 1
0.740804 0.723861 0
0.724935 0.734865 0
0.71188 0.755837 0
0.697577 0.766713 1
0.691178 0.767137 0
0.684182 0.764717 0
0.682654 0.759365 0
0.671658 0.751482 0
0.615975 0.760226 0
0.539883 0.814949 0
0.526898 0.841698 0
0.507966 0.856169 0
0.488491 0.852648 0
0.471804 0.861951 0
0.457367 0.859007 0
0.440833 0.849276 0
0.43279 0.849403 0
0.422155 0.836093 0
0.405133 0.846755 0
0.400987 0.795447 0
0.360947 0.79329 0
0.320489 0.847129 0
0.323054 0.817562 0
0.314953 0.814122 0
0.323567 0.808533 0
0.303219 0.804845 0
0.301951 0.797724 0
0.302135 0.793222 1
0.301283 0.792219 0
0.301239 0.786236 0
0.28196 0.724975 0
0.242476 0.67841 0
0.226808 0.669866 0
0.203271 0.657018 0
0.184358 0.648537 0
0.164725 0.628724 0
0.148942 0.611649 0
0.145149 0.606673 0
0.141986 0.599169 0
0.133396 0.585117 0
0.128823 0.576225 0
0.122266 0.563863 1
0.129808 0.560328 0
0.158383 0.487369 0
0.137381 0.454323 0
0.112044 0.442285 0
0.0726145 0.420665 0
0.0689669 0.39957 1
