0.772122 0.143842 0
0.806217 0.167708 0
0.829308 0.195622 1
0.848699 0.211743 0
0.877218 0.228438 0
0.8856 0.250773 0
0.905927 0.269874 0
0.932824 0.280795 0
0.947288 0.287408 0
0.92949 0.323679 0
0.946714 0.344538 0
0.995407 0.439369 0
0.954995 0.471293 0
0.957184 0.502103 0
0.95676 0.535972 0
0.962873 0.568162 0
0.965123 0.609602 0
0.935607 0.625623 0
0.914246 0.653043 0
0.887493 0.675914 0
0.876301 0.711846 1
0.859407 0.743687 0
0.844535 0.780498 0
0.821851 0.809836 0
0.797079 0.846997 0
0.764771 0.86585 0
0.737503 0.876321 0
0.715622 0.898987 0
0.697514 0.918815 0
0.653094 0.964562 0
0.613496 1 0
0.564887 0.977054 0
0.542774 0.961945 0
0.527485 0.94253 0
0.52015 0.934469 0
0.512676 0.927446 0
0.506567 0.922684 1
0.465651 0.90503 0
0.428981 0.900194 0
0.397326 0.868017 0
0.365438 0.845442 0
0.345896 0.800775 0
0.280557 0.786515 0
0.222623 0.77877 0
0.161743 0.799557 0
0.144796 0.766144 0
0.119097 0.740147 1
0.103562 0.713105 0
0.0839489 0.693638 0
0.0970879 0.657395 0
0.103445 0.557766 0
0.0874998 0.538101 0
0.064425 0.521094 0
0.0542133 0.498406 0
0.0425194 0.489502 0
0.039271 0.474679 0
0.0380394 0.466722 1
0.0367273 0.448304 0
0.0244047 0.412871 0
0.048139 0.392693 0
0.0561393 0.370776 0
0.0750797 0.339752 0
0.08355 0.308895 0
0.10186 0.282501 0
0.126354 0.259952 0
0.15417 0.202357 0
0.177133 0.168725 1
0.187984 0.136506 0
0.215323 0.111173 0
0.221992 0.098708 0
0.238196 0.0895055 0
0.257648 0.0743382 0
0.270197 0.0679987 1
0.2979 0.0445074 0
0.322269 0.035142 0
0.33816 0.0115854 0
0.361166 0.0130457 0
0.377391 0 0
0.39838 0.00349659 0
0.419474 0.00694365 0
0.440032 0.00799695 0
0.457281 0.0146228 0
0.480461 0.0271088 0
0.508815 0.0359036 0
0.535069 0.045318 1
0.575383 0.0483509 0
0.622409 0.0688332 0
0.648692 0.0832663 0
0.678594 0.0914477 0
0.716729 0.113853 0
0.764478 0.109793 0
0.76799 0.148054 0
0.790532 0.201188 0
0.846755 0.23262 0
0.898955 0.231592 0
0.867388 0.279478 0
0.888788 0.298903 0
0.886834 0.340559 0
0.892661 0.362572 0
0.919641 0.383961 0
0.923869 0.40141 1
0.936836 0.425628 0
0.942969 0.451524 0
0.930713 0.476316 0
0.943309 0.505345 0
0.936054 0.53182 0
0.920641 0.557245 0
0.912351 0.581906 0
0.908149 0.618249 0
0.862386 0.643438 0
0.849043 0.687889 0
0.84301 0.758627 0
0.829617 0.775637 0
0.81492 0.794903 0
0.784781 0.824523 0
0.780623 0.850271 0
0.752353 0.871124 0
0.709322 0.876766 0
0.683877 0.902747 0
0.662452 0.902307 0
0.63836 0.9235 0
0.615202 0.90956 0
0.593942 0.911408 1
0.583578 0.905182 0
0.573456 0.895265 0
0.552994 0.889429 0
0.408784 0.943271 0
0.379518 0.930095 0
0.360337 0.908635 0
0.323799 0.893482 0
0.303268 0.882476 0
0.28467 0.867077 0
0.271762 0.855999 1
0.231607 0.847055 0
0.18334 0.831535 0
0.149231 0.83017 0
0.0443907 0.796896 0
0.0394634 0.716517 0
0.0316855 0.67833 0
0.0164124 0.660597 0
0.00861898 0.650927 0
0.00857579 0.631086 0
0 0.59892 1
