0.0530969 0.0043213 1
0.0530969 0.00432131 0
0.0530966 0.0043215 0
0.0530973 0.0043214 0
0.0530972 0.00432125 0
0.0530974 0.00432145 0
0.0530975 0.00432123 0
0.0530975 0.00432138 0
0.0530976 0.00432139 0
0.0530961 0.00432159 0
0.0530958 0.00432191 0
0.0530978 0.00432152 0
0.053098 0.00432144 0
0.0530983 0.00432145 0
0.0530961 0.00432147 0
0.053096 0.00432159 0
0.0530958 0.00432182 0
0.0530956 0.00432189 0
0.0530982 0.00432177 0
0.0530956 0.00432186 0
0.0530957 0.00432201 0
0.0530957 0.0043221 0
0.0530957 0.00432201 0
0.0530957 0.00432208 0
0.0530956 0.00432211 0
0.0530954 0.00432216 0
0.0530947 0.00432182 0
0.0530988 0.0043225 0
0.0530951 0.00432249 0
0.0530988 0.00432245 0
0.0530989 0.0043226 0
0.053099 0.00432254 0
0.0530989 0.00432271 0
0.0530976 0.00432309 0
0.0530985 0.00432309 0
0.0530939 0.00432294 0
0.0530935 0.00432355 0
0.0530934 0.00432325 0
0.0530989 0.00432327 0
0.0530932 0.00432354 0
0.0530928 0.00432252 0
0.0530918 0.00432321 0
0.0530911 0.00432348 0
0.0530905 0.00432333 0
0.0530903 0.00432294 0
0.0530902 0.0043232 0
0.0530905 0.00432221 0
0.0530904 0.00432121 0
0.0531018 0.00432278 0
0.0530887 0.00432223 0
0.0530897 0.00432227 0
0.0530885 0.00432195 0
0.0530888 0.00432224 0
0.0530881 0.00432073 0
0.0530902 0.00432291 0
0.0530899 0.00432295 0
0.0530904 0.00432272 0
0.0530908 0.00432187 0
0.0530878 0.00432098 0
0.0530841 0.00431905 0
0.0530851 0.00431865 0
0.0530839 0.00431744 0
0.0530848 0.00431794 0
0.0530813 0.00431594 0
0.0530813 0.00431577 0
0.0530814 0.00431594 0
0.0530802 0.00431406 0
0.0530775 0.0043124 0
0.0530764 0.00431189 0
0.0530761 0.00431012 0
0.053074 0.00430906 0
0.0530733 0.00430826 0
0.0530726 0.00430744 0
0.0530699 0.00430336 0
0.0530722 0.00430076 0
0.0530735 0.00430138 0
0.0530717 0.00430021 0
0.0530682 0.0042978 0
0.0530664 0.0042965 0
0.0530675 0.00429312 0
0.0530684 0.004294 0
0.0530656 0.00429009 0
0.0530641 0.00428799 0
0.0530631 0.00428452 0
0.0530628 0.00428651 0
0.0530536 0.00426133 0
0.0531316 0.00428028 0
0.0531451 0.00426048 0
0.053059 0.00427937 0
0.05305 0.00427347 0
0.0530496 0.00426854 0
0.0530519 0.00427164 0
0.0531547 0.00427124 0
0.0531492 0.00426532 0
0.0530372 0.00426743 0
0.0530294 0.00425166 0
0.0530307 0.00425707 0
0.0530191 0.00424384 0
0.0529986 0.00422202 0
0.0530059 0.00422955 0
0.0530234 0.00425571 0
0.0531709 0.0042475 0
0.0535711 0.00374589 0
0.0533371 0.00407074 0
0.0532329 0.00419628 0
0.0536062 0.00372587 0
0.0535216 0.00387949 0
0.0535566 0.0039109 0
0.0532994 0.00413349 0
0.0534818 0.00391218 0
0.053455 0.00396287 0
0.0534204 0.00400608 0
0.0534296 0.00399692 0
0.053405 0.00402329 0
0.0533604 0.0040639 0
0.0533038 0.00412195 0
0.0534934 0.00388236 0
0.0535423 0.00385406 0
0.0535088 0.00383811 0
0.053228 0.00419102 0
0.0534105 0.00402893 0
0.0534177 0.00395889 0
0.0532328 0.00418279 0
0.0529594 0.00418107 0
0.0528773 0.00408248 0
0.0528896 0.00408572 0
0.0529625 0.00416844 0
0.0533167 0.00415378 0
0.0529589 0.00415996 0
0.0528378 0.00402804 0
0.0528871 0.00410104 0
0.052665 0.00383893 0
0.0527439 0.00396796 0
0.0527168 0.00397529 0
0.0528357 0.0040749 0
0.0527673 0.00402338 0
0.0528721 0.0040985 0
0.0528319 0.00404471 0
0.0528575 0.00409658 0
0.0528111 0.00407288 0
0.0528306 0.00409507 0
0.052842 0.00410922 0
0.0528326 0.00410264 0
0.0528157 0.00408534 0
0.0528141 0.00408325 0
0.0528361 0.00410023 0
0.0528073 0.00408816 0
0.0528227 0.00410207 0
0.0527726 0.00407875 0
0.0527935 0.00409843 0
0.0527918 0.00409853 0
0.0527651 0.00408555 0
0.0527605 0.00408121 0
0.0527859 0.00410079 0
0.0527589 0.00408475 0
0.0527476 0.0040845 0
0.0527665 0.00410284 0
0.0527361 0.00408765 0
0.0527418 0.00409642 0
0.0527176 0.00408284 0
0.052725 0.00408958 0
0.0527156 0.00408609 0
0.0527044 0.00407813 0
0.0526962 0.00407495 0
0.0527098 0.00408413 0
0.0526968 0.00407539 0
0.0526856 0.00407196 0
0.0520642 0.00370431 0
0.0527066 0.00409326 0
0.0534775 0.0040957 0
0.0535009 0.0040958 0
0.0535053 0.00408783 0
0.0535092 0.00408346 0
0.053531 0.00406907 0
0.0535593 0.00404302 0
0.0536184 0.00399695 0
0.053653 0.00397338 0
0.0536795 0.00395662 0
0.0537277 0.00392044 0
0.0537267 0.00392127 0
0.0538847 0.0038112 0
0.0540099 0.0037701 0
0.054106 0.00369659 0
0.0540956 0.00369844 0
0.05428 0.00357833 0
0.0541536 0.00366982 0
0.0545355 0.00341822 0
0.0548523 0.00321132 0
0.0547909 0.00326415 0
0.0542572 0.00365111 0
0.0541281 0.0040828 0
0.0578987 0.00290495 0
0.0576304 0.00288359 0
0.0600852 0.00180304 0
0.061328 0.00196203 0
0.0604359 0.00261734 0
0.0563569 0.00433356 0
0.0539172 0.00434762 0
0.053828 0.0043781 0
0.0538557 0.00437606 0
0.0538329 0.00438589 0
0.0538785 0.00437304 0
0.053864 0.00437782 0
0.0539157 0.00437757 0
0.0538329 0.00439063 0
0.0538167 0.00439137 0
0.0538209 0.00439238 0
0.0538191 0.00439053 0
0.0538274 0.00438996 0
0.0538353 0.00439414 0
0.0538375 0.00439391 0
0.0538222 0.00439617 0
0.05387 0.00437811 0
0.0539739 0.00438088 0
0.0559532 0.0043773 0
0.0574542 0.00381026 0
0.0578653 0.00376738 0
0.0581805 0.00364702 0
0.0585627 0.00350526 0
0.058451 0.0032768 0
0.0591724 0.00300115 0
0.0594833 0.00279445 0
0.0598906 0.00264192 0
0.0595608 0.00272451 0
0.0587979 0.00270579 0
0.0586516 0.00278247 0
0.0590441 0.00244473 0
0.059429 0.00222049 0
0.0583505 0.00250829 0
0.0593046 0.0016238 0
0.0597588 0.00144913 0
0.0586699 0.00174826 0
0.0592233 0.00104462 0
0.0591862 0.000899514 0
0.0579172 0.00154192 0
0.0589441 0.000706799 0
0.0593551 0 0
0.0589639 0.000269771 0
0.0581182 0.000871262 0
0.0571826 0.00142979 0
0.0562277 0.00194417 0
0.0570523 0.0011172 0
0.0578239 3.2061e-06 0
0.0581005 0.000209025 0
0.0559682 0.00197862 0
0.0554159 0.00250426 0
0.0546956 0.00311689 0
0.0544926 0.00333486 0
0.054458 0.00344295 0
0.0542541 0.00363959 0
0.0541768 0.00372924 0
0.0541049 0.00381206 0
0.0539616 0.00378853 0
0.0540812 0.00371342 0
0.0541264 0.00369098 0
0.0541761 0.00370531 0
0.0541472 0.00374841 0
0.0541188 0.00379114 0
0.0540189 0.00386566 0
0.0538792 0.00395895 0
0.0541213 0.00384616 0
0.0542311 0.00383365 0
0.0541885 0.00385346 0
0.0540833 0.00391499 0
0.0539424 0.00399918 0
0.053792 0.0040781 0
0.053805 0.00408415 0
0.0537647 0.00411948 0
0.0537009 0.00415797 0
0.0536166 0.00420483 0
0.0535511 0.00423669 0
0.0535099 0.00425698 0
0.0535138 0.0042594 0
0.0534592 0.00430035 0
0.0535855 0.00425774 0
0.052618 0.0042647 0
0.0527554 0.00432053 0
0.0527994 0.00432676 0
0.0528346 0.00436515 0
0.0527838 0.00432468 0
0.0527715 0.00432261 0
0.0527837 0.00432403 0
0.0528236 0.00433927 0
0.0528423 0.00433691 0
0.0528755 0.00434181 0
0.0528845 0.00434678 0
0.0528925 0.00436426 0
0.0528927 0.00436301 0
0.0528957 0.00436459 0
0.0529065 0.0043816 0
0.0529365 0.00436169 0
0.0529579 0.00436267 0
0.0529625 0.00436686 0
0.0530028 0.00436362 0
0.0529994 0.00436774 0
0.0529684 0.00438163 0
0.052968 0.00438731 0
0.0529809 0.00438726 0
0.0530199 0.00437896 0
0.0530078 0.00438795 0
0.0530213 0.00438724 0
0.0530309 0.00438823 0
0.0530487 0.00438605 0
0.0530558 0.00438741 0
0.0530662 0.00438678 0
0.0530631 0.00438848 0
0.0531074 0.00438418 0
0.0531114 0.00438626 0
0.0531003 0.00438597 0
0.0530987 0.00438718 0
0.0531041 0.00439002 0
0.0531035 0.00439142 0
0.0530969 0.00439009 0
0.0531061 0.00439195 0
0.0531031 0.00439162 0
0.053106 0.00439293 0
0.0531039 0.00439292 0
0.0531013 0.00439354 0
0.0531068 0.00439536 0
0.0531005 0.00439624 0
0.0531006 0.00439854 0
0.0530969 0.00439936 0
0.0531066 0.00440125 0
0.0531064 0.00440164 0
0.0531021 0.00440027 0
0.0531008 0.00440038 0
0.0531047 0.00440191 0
0.0531064 0.00440384 0
0.05311 0.00441033 0
0.0531025 0.00440232 0
0.0531076 0.00441082 0
0.0530995 0.00440474 0
0.0530969 0.00440711 0
0.0530969 0.00440775 1
0.0530998 0.00441277 0
0.0531032 0.00442527 0
0.0531167 0.00443222 0
0.0531222 0.00444306 0
0.0530755 0.00444408 0
0.0530823 0.0044338 0
0.053085 0.00443433 0
0.053089 0.00443607 0
0.0530926 0.00443998 0
0.0530948 0.00444363 0
0.0531078 0.00444114 0
0.0530586 0.00436809 0
0.0529077 0.00583745 0
0.0529325 0.00598829 0
0.0530727 0.00451731 0
0.0531121 0.00445264 0
0.0531079 0.00445311 0
0.0530803 0.00445975 0
0.0530855 0.00446894 0
0.0531309 0.00444904 0
0.0530097 0.00443559 0
0.0530789 0.00571761 0
0.0530843 0.00583018 0
0.0530969 0.00584459 0
0.0530954 0.00584389 0
0.0530899 0.00585334 0
0.0530833 0.00581447 0
0.0530686 0.00580613 0
0.0530969 0.00584434 1
0.0530968 0.00585282 0
0.0531243 0.00589336 0
0.0531419 0.00594345 0
0.0531661 0.00592343 0
0.0529978 0.00584176 0
0.053036 0.00588988 0
0.0529779 0.00593547 0
0.0529664 0.00591343 0
0.0529508 0.00590275 0
0.0530116 0.005961 0
0.0528223 0.00593438 0
0.0527356 0.00588587 0
0.052684 0.00583 0
0.0526535 0.00580218 0
0.0520811 0.00497462 0
0.0520295 0.00499415 0
0.0520312 0.00497489 0
0.0532581 0.00609889 0
0.052608 0.00575907 0
0.0525825 0.00579086 0
0.0525789 0.00578846 0
0.0525734 0.00578591 0
0.0526906 0.0059467 0
0.0525835 0.00583455 0
0.052772 0.00559444 0
0.0495517 0.00424579 0
0.0345202 0.00910946 0
0.0349654 0.00914042 0
0.0353487 0.00910967 0
0.0332033 0.00973416 0
0.032175 0.0101887 0
0.0325199 0.0100973 0
0.0317752 0.0103956 0
0.0331572 0.00992173 0
0.0330728 0.0097944 0
0.0312037 0.0105173 0
0.0323467 0.00997212 0
0.0303443 0.0109552 0
0.0353434 0.00920805 0
0.0297355 0.00804245 0
0.0319302 0.0102033 0
0.0327577 0.00998947 0
0.0324078 0.00982166 0
0.0274193 0.00861853 0
0.0309911 0.0105802 0
0.035689 0.00887985 0
0.0245409 0.00932015 0
0.0313783 0.00767103 0
0.0330868 0.00750425 0
0.0279635 0.00834624 0
0.0265587 0.0086516 0
0.0329577 0.00748323 0
0.0362767 0.00872161 0
0.0366728 0.00854354 0
0.0356637 0.00887654 0
0.0346909 0.00921484 0
0.0329131 0.00985432 0
0.0314476 0.0104723 0
0.0308703 0.0106842 0
0.0300358 0.0110578 0
0.0330779 0.00992256 0
0.0320102 0.010208 0
0.0330342 0.00971882 0
0.0338304 0.00940366 0
0.0341056 0.00927337 0
0.0360867 0.00867339 0
0.0326623 0.0095769 0
0.0283569 0.0111013 0
0.0343379 0.00922696 0
0 0.0252364 0
0.270636 0.335662 0
0.20184 0.044183 0
0.315215 0.30449 0
0.300728 0.289302 0
0.299514 0.275374 0
0.299885 0.267799 0
0.306041 0.238752 0
0.303249 0.249074 0
0.303404 0.242178 0
0.302421 0.223405 0
0.298218 0.228245 0
0.29434 0.227331 0
0.294437 0.22568 0
0.288321 0.214888 0
0.285498 0.225739 0
0.273889 0.194832 0
0.279469 0.235053 0
0.277692 0.255939 0
0.274537 0.264947 0
0.269916 0.256 0
0.264263 0.24949 0
0.258727 0.245297 0
0.251176 0.26964 0
0.244315 0.278701 0
0.236166 0.303174 0
0.237485 0.298114 0
0.217188 0.346073 0
0.211657 0.349507 0
0.210386 0.343378 0
0.206191 0.351081 0
0.20439 0.340496 0
0.18577 0.40879 0
0.0540374 0.276208 0
0.0740516 0.29773 0
0.0878257 0.314254 0
0.106617 0.354183 0
0.144624 0.43845 0
0.117043 0.485734 0
0.129944 0.442689 0
0.121525 0.467813 0
0.12531 0.448635 0
0.126774 0.447297 0
0.117452 0.37363 0
0.123396 0.446766 0
0.120593 0.384855 0
0.117968 0.373819 0
0.113191 0.359829 0
0.109637 0.351167 0
0.106303 0.342759 0
0.103351 0.337266 0
0.0997896 0.331298 0
0.106711 0.342287 0
0.108164 0.345183 0
0.106378 0.340892 0
0.111282 0.353374 0
0.113424 0.35783 0
0.114308 0.361806 0
0.11976 0.378113 0
0.124436 0.447387 0
0.12662 0.434624 0
0.125117 0.441532 0
0.122874 0.44676 0
0.12011 0.449664 0
0.119257 0.446065 0
0.114669 0.454133 0
0.115086 0.445412 0
0.110658 0.453968 0
0.106952 0.463693 0
0.103252 0.467239 0
0.100434 0.470621 0
0.0957965 0.479056 0
0.0941987 0.478229 0
0.0883114 0.487892 0
0.0863704 0.484753 0
0.0825527 0.492287 0
0.0773645 0.497718 0
0.0751566 0.496809 0
0.0714683 0.503588 0
0.0673619 0.509036 0
0.0647306 0.510589 0
0.0640313 0.507702 0
0.0595552 0.516731 0
0.0566496 0.519969 0
0.0556813 0.519018 0
0.0543626 0.521356 0
0.0530701 0.526918 1
0.0528096 0.53263 0
0.0530698 0.534159 1
0.0530697 0.537647 1
0.0530696 0.540852 1
0.0530695 0.543587 1
0.0530693 0.54681 1
0.0530692 0.550849 1
0.0530691 0.554463 1
0.053069 0.558237 1
0.0530688 0.561896 1
0.0530688 0.564769 1
0.0530687 0.567391 1
0.0530686 0.569655 1
0.0530685 0.571651 1
0.0530685 0.573074 1
0.0530685 0.574567 1
0.0530684 0.576175 1
0.0530684 0.577713 1
0.0530684 0.578774 1
0.0530684 0.579959 1
0.0530684 0.581487 1
0.0530684 0.583107 1
0.0530684 0.584845 1
0.0530684 0.586476 1
0.0530684 0.587962 1
0.0530684 0.589591 1
0.0530685 0.591455 1
0.0530685 0.59324 1
0.0530685 0.594919 1
0.0530686 0.596449 1
0.052967 0.593073 0
0.0481762 0.590041 0
0.0487782 0.590389 0
0.0431428 0.592062 0
0.0457054 0.591987 0
0.0408397 0.593202 0
0.0451503 0.592894 0
0.0400199 0.595093 0
0.0390018 0.595409 0
0.0385164 0.595543 0
0.0394325 0.595467 0
0.0345078 0.597036 0
0.0397283 0.595897 0
0.0384975 0.596497 0
0.0391812 0.596743 0
0.0378421 0.59764 0
0.040501 0.597251 0
0.0396261 0.598108 0
0.0411855 0.598179 0
0.0409736 0.59895 0
0.0435127 0.598769 0
0.0439358 0.599215 0
0.0462352 0.599071 0
0.0467365 0.599864 0
0.0490251 0.600224 0
0.0509617 0.599602 0
0.0523633 0.598473 0
0.0530711 0.597103 1
0.0530712 0.595781 1
0.0530714 0.594101 1
0.0530716 0.591989 1
0.0530718 0.590353 1
0.0530719 0.588742 1
0.0530721 0.586913 1
0.0530722 0.584988 1
0.0530724 0.58313 1
0.0530725 0.58155 1
0.0530727 0.579864 1
0.0530728 0.578041 1
0.053073 0.575953 1
0.0530731 0.573916 1
0.0530732 0.571813 1
0.0530734 0.569451 1
0.0530736 0.566827 1
0.0530738 0.563757 1
0.053074 0.560661 1
0.0530742 0.557794 1
0.0530743 0.554972 1
0.0530745 0.551488 1
0.0530747 0.5483 1
0.0530749 0.545263 1
0.0530751 0.542203 1
0.0530753 0.538766 1
0.0530755 0.53462 1
0.0530758 0.530513 1
0.0531641 0.530897 0
0.0531278 0.534694 0
0.0760847 0.560279 0
0.0725428 0.559527 0
0.0736439 0.557872 0
0.0813198 0.552513 0
0.101167 0.544603 0
0.084884 0.549717 0
0.100985 0.542999 0
0.133232 0.529405 0
0.135506 0.528108 0
0.151815 0.51947 0
0.150476 0.518122 0
0.157949 0.512583 0
0.169035 0.505692 0
0.174799 0.501176 0
0.182844 0.49796 0
0.208193 0.476034 0
0.249442 0.418166 0
0.228197 0.449034 0
0.227986 0.443243 0
0.206369 0.461077 0
0.213715 0.450442 0
0.238046 0.412446 0
0.242989 0.400782 0
0.229004 0.416561 0
0.244167 0.385186 0
0.248642 0.368314 0
0.248255 0.36008 0
0.240833 0.361134 0
0.243253 0.342473 0
0.234787 0.342979 0
0.228555 0.341024 0
0.222565 0.339949 0
0.219695 0.335664 0
0.216667 0.323564 0
0.205594 0.353469 0
0.200234 0.355229 0
0.201126 0.349016 0
0.195596 0.357418 0
0.193906 0.358127 0
0.195563 0.35022 0
0.193844 0.352424 0
0.198754 0.338747 0
0.190398 0.360264 0
0.192481 0.345116 0
0.198572 0.324461 0
0.195442 0.305018 0
0.18016 0.230326 0
0.193619 0.255815 0
0.186888 0.229334 0
0.180063 0.2144 0
0.177739 0.195379 0
0.189713 0.198052 0
0.187183 0.188606 0
0.186686 0.187442 0
0.182777 0.170047 0
0.181725 0.156529 0
0.164137 0.129084 0
0.187461 0.1598 0
0.183433 0.147559 0
0.178658 0.137294 0
0.172345 0.128125 0
0.157956 0.109076 0
0.163705 0.118451 0
0.15903 0.112754 0
0.139643 0.0956776 0
0.0994178 0.0486283 0
0.102031 0.0506762 0
0.0953608 0.0458914 0
0.0949473 0.0507057 0
0.0807279 0.0397831 0
0.0770294 0.0261447 0
0.0946112 0.0374709 0
0.0285382 0.0260583 0
0.0383094 0.0228249 0
0.0376119 0.0238961 0
0.0851813 0.0318826 0
0.0689382 0.0239167 0
0.035299 0.0226913 0
0.0381819 0.0225579 0
0.03845 0.0221584 0
0.0404091 0.0211833 0
0.0407327 0.0207715 0
0.040365 0.0207773 0
0.0406696 0.0210909 0
0.0418178 0.0207119 0
0.04225 0.0200521 0
0.0289002 0.0379173 0
0.0439508 0.0182454 0
0.0444328 0.0180165 0
0.0451599 0.0172932 0
0.0461986 0.0160213 0
0.0466918 0.0159726 0
0.0475176 0.0145621 0
0.0485185 0.0136909 0
0.0478957 0.0147072 0
0.0478447 0.0143072 0
0.0482696 0.0135729 0
0.04881 0.0127148 0
0.0496287 0.011418 0
0.0494269 0.0121204 0
0.0507788 0.0104283 0
0.0516248 0.00915486 0
0.050376 0.0110766 0
0.0507069 0.0101136 0
0.0515759 0.00935914 0
0.0524529 0.00847849 0
0.0522531 0.00860304 0
0.0524906 0.00814313 0
0.052674 0.00789699 0
0.0512691 0.00971889 0
0.0524326 0.00830068 0
0.0534991 0.00734219 0
0.053109 0.0067428 0
0.0531085 0.00670299 1
0.0531114 0.00939124 0
0.0531158 0.0130595 0
0.0531302 0.0143556 0
0.0531308 0.0131116 0
0.0531561 0.0182525 0
0.0533072 0.0252514 0
0.0531484 0.00488962 0
0.0531438 0.00484923 0
0.0531421 0.0048485 0
0.053122 0.00484546 0
0.053128 0.00484751 1
0.0531378 0.0048598 0
0.0531266 0.00485026 0
0.053128 0.00484772 0
0.0531321 0.00484515 0
0.0531269 0.00483979 0
0.0531244 0.00484766 0
0.0531383 0.00484314 0
0.0531307 0.00484522 0
0.053128 0.00484608 0
0.0531276 0.00484492 0
0.0531351 0.00484546 0
0.0531326 0.00483877 0
0.0531271 0.00486909 0
0.0531259 0.00486024 0
0.0531269 0.00484147 0
0.0531274 0.00484131 0
0.0531187 0.00484468 0
0.0531185 0.00485943 0
0.0531203 0.00484511 0
0.0531261 0.00484089 0
0.0531256 0.00484857 0
0.0531279 0.00484752 0
0.0531279 0.00484753 0
0.0531283 0.00484781 0
0.0531305 0.00485299 0
0.0531447 0.00482142 0
0.0532792 0.0260773 0
0.0542525 0.0246274 0
0.05424 0.0259936 0
0.0541775 0.0271267 0
0.0547159 0.0312138 0
0.0547477 0.0308652 0
0.0539885 0.0263236 0
0.0545432 0.0268243 0
0.0542183 0.0277945 0
0.0544095 0.0290774 0
0.0544837 0.0290786 0
0.0547347 0.0292482 0
0.0544755 0.0303573 0
0.0545994 0.031237 0
0.0547487 0.0329914 0
0.0555933 0.033714 0
0.0554093 0.0374624 0
0.0556886 0.0411734 0
0.0557872 0.0366128 0
0.0554514 0.0362478 0
0.0558015 0.0362692 0
0.0548659 0.039066 0
0.0564864 0.0445601 0
0.0584398 0.0501499 0
0.0603227 0.0539973 0
0.0620497 0.0603371 0
0.0675626 0.0675055 0
0.0684912 0.0660148 0
0.0660768 0.0606696 0
0.0637975 0.0567082 0
0.0746554 0.0696986 0
0.0786582 0.0780321 0
0.0769328 0.0755572 0
0.0711762 0.066746 0
0.0801665 0.0760921 0
0.0825832 0.0794691 0
0.0877304 0.0839543 0
0.0908632 0.0840206 0
0.0863891 0.0756808 0
0.0977553 0.0907784 0
0.0946846 0.0826579 0
0.104384 0.0919641 0
0.114533 0.10348 0
0.116982 0.104955 0
0.11298 0.0964174 0
0.120908 0.105836 0
0.11771 0.0965561 0
0.132794 0.116137 0
0.128582 0.107202 0
0.133858 0.110856 0
0.139674 0.116634 0
0.145224 0.120989 0
0.14895 0.125295 0
0.152117 0.12756 0
0.151583 0.123877 0
0.14722 0.117733 0
0.156896 0.125414 0
0.159044 0.122441 0
0.171045 0.137422 0
0.179404 0.146173 0
0.180931 0.146026 0
0.185025 0.149541 0
0.185716 0.14508 0
0.191146 0.151073 0
0.189608 0.146885 0
0.195673 0.152557 0
0.201042 0.155959 0
0.203838 0.160497 0
0.214654 0.178416 0
0.212703 0.172935 0
0.219033 0.187603 0
0.222479 0.192976 0
0.226658 0.196378 0
0.228928 0.208352 0
0.244638 0.250735 0
0.243273 0.253447 0
0.246001 0.272722 0
0.248185 0.286285 0
0.251551 0.291881 0
0.25415 0.293569 0
0.258253 0.290525 0
0.25702 0.298921 0
0.262345 0.296071 0
0.259458 0.311633 0
0.264513 0.308263 0
0.26608 0.315335 0
0.266666 0.318791 0
0.268888 0.321601 0
0.27036 0.324233 0
0.273138 0.324909 0
0.277275 0.32239 0
0.282768 0.316356 0
0.286639 0.318084 0
0.291594 0.312668 0
0.293019 0.314736 0
0.296479 0.310984 0
0.302832 0.305083 0
0.306311 0.305097 0
0.308532 0.310172 0
0.312981 0.30559 0
0.319482 0.298101 0
0.322141 0.299515 0
0.324831 0.300997 0
0.335119 0.288082 0
0.341523 0.281676 0
0.346605 0.279322 0
0.355627 0.269918 0
0.359115 0.274701 0
0.3563 0.295944 0
0.351185 0.314838 0
0.351117 0.324344 0
0.361791 0.315092 0
0.376881 0.29844 0
0.374709 0.310979 0
0.380428 0.308191 0
0.387872 0.298933 0
0.403629 0.271644 0
0.42283 0.200056 0
0.430022 0.198154 0
0.431392 0.20003 0
0.433614 0.205221 0
0.437337 0.200599 0
0.442485 0.192583 0
0.442844 0.193851 0
0.443934 0.190824 0
0.451775 0.186873 0
0.462405 0.168969 0
0.46795 0.165366 0
0.47628 0.16276 0
0.488743 0.154454 0
0.496195 0.146914 0
0.499634 0.145443 0
0.508034 0.1396 0
0.524204 0.135276 0
0.530972 0.127826 0
0.537418 0.120729 0
0.546594 0.107512 0
0.548042 0.10832 0
0.556578 0.107762 0
0.56369 0.108158 0
0.575381 0.0977931 0
0.599576 0.0985808 0
0.618811 0.0924688 0
0.62881 0.0831061 0
0.649869 0.0818503 0
0.663069 0.0844025 0
0.673665 0.0760318 0
0.716515 0.0653158 0
0.746608 0.0555171 0
0.757296 0.0612463 0
0.795273 0.0494893 0
0.828476 0.0393269 0
0.858866 0.0322929 0
0.891663 0.0266007 0
0.914855 0.021 0
0.938285 0.0112932 0
0.973313 0.00613637 0
1 0.00436242 1
