0.30311 0.481691 1
0.303085 0.481425 0
0.303356 0.481522 0
0.303102 0.481144 0
0.30319 0.481186 0
0.30293 0.480998 0
0.302581 0.481027 0
0.302629 0.481164 0
0.302966 0.48087 0
0.303968 0.480787 0
0.303952 0.480694 0
0.303694 0.48047 0
0.302695 0.480618 0
0.302994 0.481331 0
0.302904 0.48059 0
0.303131 0.480476 0
0.303889 0.480245 0
0.303739 0.480279 0
0.302901 0.480853 0
0.303359 0.480881 0
0.303066 0.480731 0
0.303117 0.480847 0
0.303302 0.480902 0
0.303669 0.480957 0
0.302716 0.480565 0
0.303251 0.480732 0
0.303648 0.481125 0
0.303859 0.481182 0
0.303866 0.481212 0
0.302479 0.48062 0
0.302598 0.480857 0
0.302751 0.48081 0
0.30239 0.481402 0
0.302622 0.481209 0
0.302612 0.481046 0
0.302464 0.480969 0
0.303093 0.481678 0
0.303109 0.481691 0
0.303109 0.481691 0
0.30311 0.481691 0
0.30311 0.481691 0
0.30311 0.481691 0
0.30311 0.481691 0
0.30311 0.481691 0
0.30311 0.481691 0
0.30311 0.481691 0
0.30311 0.481691 0
0.30311 0.481691 0
0.303109 0.481691 0
0.303109 0.481692 0
0.302694 0.481981 0
0.303108 0.481692 0
0.303109 0.481692 0
0.303109 0.481691 0
0.30311 0.481691 0
0.30311 0.481691 0
0.30311 0.481691 0
0.30311 0.481691 0
0.303109 0.481691 0
0.303109 0.481691 0
0.303109 0.481692 0
0.303109 0.481691 0
0.30311 0.481691 0
0.30311 0.481691 0
0.30311 0.481691 0
0.303109 0.481691 0
0.303108 0.481692 0
0.303089 0.481695 0
0.301871 0.48201 0
0.300425 0.482717 0
0.298696 0.483009 0
0.297512 0.483926 0
0.297796 0.484022 0
0.29664 0.484269 0
0.295779 0.484616 0
0.295351 0.486009 0
0.295173 0.486502 0
0.293966 0.486902 0
0.294171 0.487738 0
0.29512 0.487586 0
0.296006 0.490677 0
0.296411 0.489937 0
0.306896 0.497428 0
0.309964 0.494177 0
0.308772 0.494255 0
0.310494 0.490268 0
0.311113 0.487714 0
0.312165 0.48827 0
0.31224 0.488857 0
0.31214 0.489158 0
0.312131 0.490067 0
0.313251 0.490336 0
0.313214 0.489347 0
0.313206 0.487496 0
0.313922 0.487556 0
0.314322 0.487761 0
0.313797 0.48629 0
0.313246 0.485431 0
0.314228 0.48697 0
0.314889 0.487661 0
0.315401 0.481598 0
0.314914 0.482121 0
0.31694 0.490097 0
0.316084 0.490132 0
0.314653 0.483776 0
0.314689 0.484342 0
0.31476 0.485104 0
0.315195 0.485027 0
0.314561 0.484107 0
0.314813 0.484264 0
0.314791 0.484369 1
0.321654 0.482432 0
0.322279 0.486958 0
0.333774 0.48984 0
0.3349 0.493071 0
0.344595 0.490938 0
0.351297 0.488893 0
0.357312 0.490338 0
0.361402 0.492249 0
0.367516 0.490756 0
0.370432 0.490904 0
0.374521 0.493565 0
0.380316 0.499444 0
0.385366 0.499987 0
0.389121 0.501983 0
0.393638 0.507849 0
0.396149 0.50991 0
0.40337 0.507163 0
0.414373 0.506419 0
0.425707 0.509884 0
0.438235 0.510016 0
0.445101 0.513587 0
0.453585 0.512797 0
0.461126 0.511433 0
0.466878 0.51513 0
0.476427 0.519863 0
0.478606 0.516789 0
0.487632 0.520816 0
0.498802 0.52463 0
0.507849 0.527775 0
0.517979 0.53299 0
0.521025 0.530566 0
0.529478 0.53082 0
0.533103 0.530788 0
0.535526 0.533056 0
0.538585 0.535425 0
0.541489 0.539294 0
0.545195 0.541977 0
0.551758 0.547478 0
0.554146 0.548533 0
0.559474 0.552016 0
0.559778 0.550566 0
0.558718 0.547473 0
0.560994 0.546109 0
0.563072 0.54263 0
0.564238 0.546411 1
0.566065 0.547537 0
0.570811 0.547471 0
0.575427 0.541983 0
0.580725 0.539886 0
0.584704 0.540978 0
0.581079 0.544124 0
0.586208 0.54318 0
0.588475 0.546202 0
0.593954 0.544654 0
0.597654 0.542718 0
0.603521 0.540709 0
0.604915 0.543067 0
0.610237 0.544276 0
0.615179 0.54658 0
0.621675 0.550984 0
0.629201 0.548173 0
0.633773 0.550327 0
0.632928 0.555944 0
0.64079 0.556864 0
0.646583 0.560157 0
0.652977 0.562389 0
0.66027 0.565946 0
0.669014 0.56402 0
0.676351 0.557995 0
0.68385 0.560317 0
0.690466 0.56355 0
0.693152 0.570267 0
0.699648 0.575295 0
0.70606 0.573081 0
0.710056 0.573668 0
0.717507 0.578137 0
0.722911 0.587063 0
0.728486 0.587934 0
0.734542 0.590641 0
0.737206 0.596717 0
0.739456 0.60083 1
0.74256 0.601983 0
0.747479 0.602292 0
0.749519 0.600586 0
0.756066 0.596896 0
0.761398 0.597543 0
0.766297 0.600545 0
0.774063 0.600031 0
0.779523 0.59836 0
0.78599 0.599385 0
0.790543 0.598557 0
0.795875 0.600833 0
0.801614 0.604308 0
0.804642 0.602408 0
0.818157 0.611988 0
0.822299 0.614057 0
0.825572 0.619273 0
0.836434 0.630556 0
0.841279 0.629715 0
0.847081 0.634133 0
0.848791 0.633763 0
0.855597 0.643413 0
0.861677 0.646946 0
0.867789 0.651911 0
0.872493 0.656102 0
0.873193 0.656645 0
0.875607 0.658545 0
0.88094 0.664707 1
0.883824 0.664995 0
0.887576 0.664081 0
0.89842 0.657358 0
0.90392 0.660183 0
0.908205 0.661919 0
0.911538 0.668581 0
0.919397 0.666203 0
0.920286 0.676052 0
0.923054 0.680235 0
0.931094 0.683621 0
0.936521 0.686949 0
0.938454 0.69382 0
0.941408 0.70011 0
0.945259 0.703208 0
0.945871 0.70817 1
0.95098 0.708514 0
0.953366 0.710606 0
0.956143 0.712682 0
0.957481 0.714643 0
0.961727 0.716191 0
0.969066 0.71716 0
0.968155 0.720969 0
0.971826 0.722311 0
0.979444 0.723352 0
0.981346 0.726088 0
0.990452 0.727352 0
0.993744 0.72959 0
0.991123 0.732656 0
1 0.734824 0
0.993981 0.736324 0
0.992043 0.7427 0
0.991771 0.746405 0
0.987976 0.747043 0
0.985685 0.748564 0
0.978534 0.750063 0
0.976244 0.750947 0
0.974829 0.753249 1
0.973376 0.754501 0
0.972725 0.755972 0
0.972613 0.758111 0
0.971331 0.759785 0
0.971347 0.763057 0
0.969289 0.765102 0
0.967673 0.766611 0
0.966439 0.769483 0
0.964101 0.770193 0
0.963333 0.776063 0
0.961198 0.777887 0
0.960664 0.781181 0
0.956908 0.783336 0
0.955124 0.785138 0
0.948199 0.784311 0
0.947309 0.788132 0
0.939207 0.787025 0
0.935998 0.789749 0
0.932001 0.790731 0
0.925133 0.790758 0
0.915925 0.789451 0
0.917865 0.793544 0
0.911592 0.793357 0
0.908818 0.794185 0
0.905702 0.795217 0
0.907308 0.797731 0
0.905665 0.798589 0
0.903701 0.798458 0
0.903338 0.799105 0
0.901598 0.797489 0
0.900883 0.797188 0
0.900709 0.797228 0
0.900677 0.797191 1
0.896116 0.802569 0
0.89219 0.805243 0
0.888268 0.8094 0
0.882771 0.814837 0
0.877739 0.813926 0
0.862918 0.82315 0
0.851697 0.829018 0
0.841749 0.828491 0
0.836065 0.829091 0
0.826359 0.829711 0
0.81716 0.833442 0
0.808427 0.833988 0
0.795063 0.839123 0
0.784053 0.840084 0
0.770426 0.834639 0
0.76352 0.82627 0
0.756522 0.819769 0
0.742786 0.814902 1
0.731209 0.815884 0
0.720623 0.816775 0
0.707595 0.817839 0
0.696782 0.818698 0
0.687523 0.819406 0
0.674721 0.820378 0
0.658069 0.821175 0
0.646377 0.819429 0
0.630531 0.833558 0
0.619853 0.834333 0
0.609253 0.834383 0
0.595949 0.835493 0
0.584114 0.848032 0
0.575087 0.833065 0
0.561359 0.837434 0
0.554172 0.842604 0
0.547215 0.839302 0
0.537392 0.839304 0
0.530828 0.838813 0
0.525858 0.829819 0
0.516621 0.830272 1
0.50682 0.830715 0
0.49682 0.831166 0
0.485746 0.827051 0
0.478781 0.824981 0
0.472184 0.823697 0
0.457977 0.82368 0
0.450056 0.824457 0
0.432588 0.826999 0
0.417275 0.830417 0
0.400024 0.82996 0
0.385036 0.831032 0
0.367609 0.835912 0
0.358524 0.832765 0
0.342547 0.830644 0
0.329885 0.832034 0
0.320326 0.832374 0
0.311622 0.831704 0
0.299881 0.837513 1
0.293729 0.834469 0
0.288016 0.834791 0
0.278547 0.830595 0
0.269915 0.830399 0
0.261236 0.835144 0
0.251867 0.835105 0
0.243933 0.837444 0
0.237959 0.838275 0
0.230476 0.845455 0
0.222719 0.851738 0
0.213755 0.853074 0
0.184127 0.849342 0
0.170662 0.848802 0
0.154594 0.847809 0
0.150044 0.846327 0
0.140479 0.839102 1
0.138565 0.843178 0
0.120858 0.842027 0
0.115969 0.839504 1
0.12037 0.848375 0
0.0945674 0.849722 0
0.090091 0.84682 0
0.0859037 0.845485 0
0.0811071 0.840051 1
0.0812875 0.841828 0
0.0740949 0.844912 0
0.0692476 0.844498 0
0.0646761 0.844244 0
0.0607239 0.843324 0
0.0579724 0.84341 0
0.0542628 0.841981 0
0.0513938 0.840127 1
0.051776 0.840194 0
0.047538 0.845322 0
0.0398116 0.843433 0
0.0367936 0.841904 0
0.0357413 0.840662 0
0.0346634 0.839381 1
0.034522 0.839357 0
0.0331981 0.839623 0
0.0308072 0.8431 0
0.0205179 0.844146 0
0.0195419 0.84308 0
0.0185001 0.841146 0
0.017393 0.839105 0
0.0168737 0.837345 1
0.0155369 0.837806 0
0.0133435 0.83766 0
0.0123206 0.837526 0
0.0101336 0.838038 0
0.00863857 0.837637 0
0.00647007 0.837763 0
0.006202 0.836583 0
0.00400644 0.836724 0
0.00171819 0.836066 0
0 0.835535 0
0.000114884 0.833941 0
0.000333632 0.83309 0
0.00108249 0.832325 1
0.00128057 0.83179 0
0.00126751 0.830988 0
0.0021683 0.830456 0
0.00461489 0.829771 0
0.00686056 0.829186 0
0.00932498 0.828481 0
0.0117873 0.827908 0
0.0131021 0.827164 0
0.0145641 0.826573 0
0.0153113 0.826388 0
0.0161153 0.825663 0
0.0159515 0.823397 0
0.0179066 0.824177 0
0.0184136 0.822995 0
0.0207053 0.823756 1
0.0215569 0.820534 0
0.023745 0.818745 0
0.0291376 0.820836 1
0.0297742 0.819182 0
0.0351354 0.818844 1
0.0373077 0.8181 1
0.0400166 0.817299 1
0.0425206 0.816615 1
0.0447077 0.816099 1
0.04622 0.818131 0
0.0515879 0.816009 0
0.0516329 0.81523 1
0.052434 0.815331 0
0.0535747 0.815959 0
0.0558193 0.816376 0
0.0635899 0.817203 0
0.0636611 0.816808 0
0.064617 0.816446 0
0.0662978 0.816156 0
0.0667502 0.816333 1
0.0672536 0.816458 0
0.0686067 0.815996 0
0.0702657 0.815711 0
0.0743213 0.813135 0
0.0764421 0.812817 0
0.0793977 0.812119 0
0.0852862 0.810627 0
0.0889954 0.812201 0
0.0900919 0.812126 0
0.0937729 0.814756 0
0.0955404 0.816904 0
0.0990398 0.819252 0
0.101827 0.822016 0
0.104359 0.824504 1
0.105569 0.822889 0
0.108249 0.822898 0
0.110714 0.821146 0
0.113075 0.821538 0
0.116063 0.820989 0
0.117281 0.821704 0
0.122475 0.823808 0
0.124775 0.824765 0
0.127216 0.826723 0
0.129119 0.829776 0
0.130677 0.832585 1
0.131034 0.832207 0
0.132721 0.831863 0
0.133867 0.831647 0
0.13655 0.830777 0
0.137857 0.830632 0
0.138794 0.830497 0
0.140441 0.831829 0
0.146389 0.830319 0
0.145397 0.831492 0
0.143279 0.834005 0
0.142753 0.835275 0
0.141591 0.836405 1
0.142658 0.836193 0
0.141642 0.836966 0
0.142352 0.837584 0
0.14404 0.838013 0
0.127998 0.838281 0
0.129493 0.838497 0
0.128824 0.8386 1
0.12861 0.839294 0
0.129046 0.841427 0
0.112627 0.839119 1
0.110938 0.840268 0
0.109865 0.840861 0
0.104883 0.842473 0
0.0798919 0.839408 0
0.0810333 0.839072 0
0.0809747 0.839399 1
0.0809685 0.839392 0
0.0808525 0.839257 0
0.0798049 0.837899 0
0.0766275 0.839182 0
0.0534759 0.835897 0
0.0498551 0.837865 0
0.0496788 0.83831 0
0.0492597 0.838701 0
0.0492285 0.838488 1
0.0483869 0.838228 0
0.0479962 0.83755 0
0.0473406 0.837248 0
0.0458458 0.83719 0
0.0440907 0.835888 0
0.0289056 0.835794 0
0.028139 0.8363 0
0.0281987 0.836066 0
0.0279287 0.835647 1
0.0277104 0.835218 0
0.027154 0.835014 0
0.0269603 0.834601 0
0.0262995 0.834137 0
0.0253365 0.833875 0
0.0249189 0.832521 0
0.0242436 0.83259 0
0.0235529 0.832509 0
0.0192214 0.830324 0
0.0194636 0.829528 0
0.0199328 0.829075 0
0.0206009 0.828899 0
0.0206945 0.828245 0
0.0208776 0.827948 0
0.0212932 0.827656 0
0.0212431 0.82744 0
0.021424 0.827308 1
0.0213618 0.82693 0
0.0217054 0.82679 0
0.0220898 0.826413 0
0.0225694 0.826277 0
0.023708 0.826229 0
0.0240161 0.826803 0
0.0269481 0.824698 0
0.0274146 0.824381 0
0.0277816 0.82364 0
0.0281841 0.823177 1
0.0291267 0.824194 0
0.0320786 0.822478 0
0.0332253 0.820115 0
0.0338322 0.820156 1
0.0352393 0.820853 0
0.0360549 0.818996 1
0.0374888 0.81836 1
0.0398094 0.817295 1
0.0418685 0.816371 1
0.046351 0.812562 0
0.0475431 0.813696 0
0.0474459 0.813991 1
0.0474621 0.813136 0
0.0489638 0.811179 0
0.0497788 0.809243 0
0.0514687 0.807628 0
0.0537435 0.806735 0
0.0548817 0.806096 0
0.0568232 0.809702 0
0.0581527 0.808393 0
0.0596344 0.808663 1
0.0624611 0.79809 0
0.064585 0.796084 0
0.0644266 0.803892 0
0.0691398 0.791786 0
0.0723224 0.786109 0
0.0748437 0.781925 0
0.0762421 0.781172 0
0.083725 0.781944 0
0.0839125 0.777675 0
0.0847769 0.774931 0
0.090921 0.775485 0
0.0946201 0.773754 0
0.0930871 0.769002 0
0.100611 0.770953 0
0.102599 0.767998 0
0.102822 0.764307 0
0.104739 0.76301 1
0.109237 0.756767 0
0.114612 0.751653 0
0.117923 0.735908 0
0.127292 0.729716 0
0.125731 0.714792 0
0.125944 0.704891 0
0.134148 0.692087 0
0.143943 0.687008 0
0.144039 0.679308 0
0.147366 0.672112 0
0.145278 0.665487 0
0.147797 0.655794 0
0.145716 0.648202 1
0.147345 0.642994 0
0.152636 0.63805 0
0.151798 0.628782 0
0.151685 0.617371 0
0.160263 0.603236 0
0.164905 0.594978 0
0.159132 0.58314 0
0.171068 0.570939 0
0.174739 0.559234 0
0.169818 0.549462 0
0.184847 0.52994 0
0.187169 0.519076 0
0.19091 0.506778 1
0.18915 0.492478 0
0.184537 0.477676 0
0.185602 0.468001 0
0.191262 0.440205 0
0.209823 0.419799 0
0.216899 0.402973 0
0.226975 0.395663 1
0.210004 0.371735 0
0.206588 0.348344 0
0.204455 0.326255 0
0.211348 0.312968 0
0.216445 0.289161 0
0.226173 0.273516 0
0.240447 0.259029 0
0.254461 0.244499 0
0.26785 0.23202 0
0.278777 0.220795 0
0.286502 0.213846 1
0.288744 0.212251 0
0.290619 0.207443 0
0.284381 0.175385 0
0.2945 0.192829 0
0.295878 0.176382 0
0.297829 0.172447 0
0.306328 0.16683 0
0.309004 0.164516 0
0.31361 0.143024 0
0.320106 0.0934544 0
0.315288 0.100887 0
0.322551 0.0661722 0
0.318171 0.0547076 0
0.324118 0.0481667 0
0.339205 0.0458604 0
0.342541 0.0362405 0
0.342185 0.0309239 0
0.351977 0.0218775 0
0.378883 0.0162751 0
0.357486 9.1609e-10 0
0.357486 9.67097e-10 0
0.357486 1.14716e-09 0
0.357486 1.86444e-09 0
0.357486 2.0577e-09 0
0.357486 2.05818e-09 0
0.357486 2.05508e-09 0
0.357486 2.05406e-09 0
0.357486 2.13081e-09 0
0.357486 1.63415e-09 0
0.357486 1.77225e-09 0
0.357486 1.18997e-09 0
0.357486 1.19056e-09 0
0.357486 1.22715e-09 0
0.357486 1.21032e-09 0
0.357486 1.00856e-09 0
0.357486 9.59193e-10 0
0.357486 9.63049e-10 0
0.357486 1.00039e-09 0
0.357486 9.3186e-10 0
0.357486 8.73136e-10 0
0.357486 8.10846e-10 0
0.357486 7.76669e-10 0
0.357486 7.12178e-10 0
0.357486 6.31774e-10 0
0.357486 5.14252e-10 0
0.357486 4.66925e-10 0
0.357486 4.35323e-10 0
0.357486 4.04468e-10 0
0.357486 3.63122e-10 0
0.357486 3.22673e-10 0
0.357486 2.86181e-10 0
0.357486 2.72206e-10 0
0.357486 2.41322e-10 0
0.357486 2.10606e-10 0
0.357486 1.79341e-10 0
0.357486 1.49834e-10 0
0.357486 1.22369e-10 0
0.357486 9.73081e-11 0
0.357486 6.49701e-11 0
0.357486 5.68365e-11 0
0.357486 4.26644e-11 0
0.357486 3.09236e-11 0
0.357486 2.07798e-11 0
0.357486 1.29153e-11 0
0.357486 3.9161e-12 0
0.357486 2.80331e-12 0
0.357486 7.01007e-13 0
0.357486 0 0
0.357486 7.78364e-13 0
0.357486 3.12668e-12 0
0.357486 6.965e-12 0
0.357486 1.20812e-11 0
0.357486 1.82823e-11 0
0.357486 2.63714e-11 0
0.357486 3.88664e-11 0
0.357486 5.58672e-11 0
0.357486 7.66079e-11 0
0.357486 1.00512e-10 0
0.357486 1.27143e-10 0
0.357486 1.56484e-10 0
0.357486 1.87505e-10 0
0.357486 2.31758e-10 0
0.357486 2.46197e-10 0
0.357486 2.8727e-10 0
0.357486 2.98099e-10 0
0.357486 3.22047e-10 0
0.357486 3.43553e-10 0
0.357486 3.62893e-10 0
0.357486 3.96319e-10 0
0.357486 4.72478e-10 0
0.357486 5.56295e-10 0
0.357486 6.66339e-10 0
0.357486 7.07677e-10 0
0.357486 7.76177e-10 0
0.357486 8.46777e-10 0
0.357486 9.03514e-10 0
0.357486 9.23481e-10 0
0.357486 9.24492e-10 0
0.357486 9.22783e-10 0
0.357486 9.29128e-10 0
0.357486 9.31694e-10 1
