0.410115 0.821361 1
0.398799 0.820333 0
0.390244 0.834013 0
0.370236 0.826349 0
0.35174 0.824153 0
0.303639 0.832442 0
0.285784 0.836082 0
0.270906 0.832929 0
0.261378 0.817867 0
0.255967 0.812614 0
0.253331 0.811191 0
0.221478 0.796779 0
0.221999 0.798768 0
0.216945 0.794235 0
0.208041 0.786611 0
0.18107 0.777348 0
0.161401 0.771975 0
0.152911 0.763482 0
0.156883 0.752323 0
0.129976 0.730275 0
0.119386 0.702925 0
0.104301 0.678596 0
0.09929 0.655187 0
0.107231 0.628063 0
0.11446 0.60767 0
0.139619 0.569275 0
0.110274 0.527276 0
0 0.432374 0
0.0344179 0.407541 0
0.0572618 0.390686 0
0.0607535 0.375812 0
0.0588918 0.365128 0
0.0608721 0.350155 0
0.0604844 0.341998 0
0.0614728 0.327099 0
0.0569876 0.315828 0
0.0561546 0.30069 0
0.0623945 0.292131 0
0.0640722 0.279671 1
0.0658941 0.266109 0
0.0686214 0.25342 0
0.0731276 0.238688 0
0.0712794 0.224392 0
0.0670733 0.213924 0
0.0660452 0.202105 0
0.0672064 0.189395 0
0.0582058 0.172413 0
0.0691923 0.167404 0
0.0630161 0.149775 0
0.0673406 0.135749 0
0.0932565 0.130365 0
0.103589 0.115517 0
0.122751 0.114016 0
0.305683 0.143982 0
0.323945 0.161987 0
0.332071 0.162048 0
0.339149 0.142188 0
0.368914 0.130076 0
0.40237 0.128959 0
0.425618 0.111722 0
0.45225 0.100445 0
0.469277 0.0894829 0
0.513517 0.0705887 0
0.526788 0.0634077 1
0.552428 0.0728246 0
0.583094 0.0793837 0
0.599752 0.0690919 0
0.608398 0.0682275 0
0.62017 0.0627711 1
0.61828 0.0613833 0
0.620662 0.06623 0
0.621045 0.0670489 0
0.622943 0.0705016 0
0.621627 0.0777843 0
0.629006 0.0923202 0
0.631159 0.0949121 0
0.642929 0.111819 0
0.65233 0.129973 0
0.667386 0.143783 0
0.684324 0.156137 0
0.740871 0.154703 0
0.744119 0.154262 0
0.749782 0.155003 1
0.721255 0.184298 0
0.744445 0.22543 0
0.752851 0.265104 0
0.778517 0.295143 0
0.807878 0.316655 0
0.824569 0.348269 0
0.856905 0.380804 0
0.875577 0.405905 0
0.891283 0.422751 0
0.898861 0.442667 0
0.906452 0.460941 0
0.914616 0.477307 0
0.907405 0.486215 0
0.913181 0.506435 0
0.902814 0.516918 1
0.903166 0.528105 0
0.899479 0.553314 0
0.891287 0.562794 0
0.883254 0.578341 0
0.88342 0.604871 0
0.888028 0.621834 0
0.867075 0.618124 0
0.847246 0.626616 0
0.833458 0.641612 0
0.833696 0.667423 0
0.84658 0.700242 0
0.834948 0.720025 0
0.689712 0.694695 0
0.703044 0.716697 0
0.709537 0.73537 0
0.67284 0.737362 0
0.658377 0.747687 0
0.62128 0.74446 0
0.611436 0.758107 0
0.566368 0.753224 0
0.57023 0.769855 0
0.528263 0.772967 0
0.497666 0.780306 0
0.483085 0.787479 0
0.395812 0.755989 0
0.386356 0.770917 0
0.360448 0.774587 0
0.344028 0.7759 0
0.326853 0.802001 0
0.322293 0.806125 0
0.31409 0.816814 1
0.316445 0.81531 0
0.240209 0.821077 0
0.247584 0.810535 1
0.242131 0.817959 0
0.23531 0.821086 0
0.228271 0.819159 0
0.214028 0.820667 0
0.20244 0.811503 0
0.198248 0.802581 0
0.196292 0.793827 0
0.195658 0.787975 1
0.193417 0.786834 0
0.186125 0.78344 0
0.181443 0.77915 0
0.178418 0.773552 0
0.109907 0.722167 0
0.1005 0.681055 0
0.0992286 0.648962 0
0.11564 0.614947 0
0.100303 0.578389 0
0.114281 0.55373 0
0.118578 0.531852 0
0.0980991 0.490025 0
0.194525 0.469891 0
0.118181 0.422922 0
0.175744 0.389135 0
0.134405 0.379429 0
0.108661 0.357616 0
0.10342 0.339515 0
0.0964519 0.326623 0
0.0925833 0.316043 0
0.0937888 0.298854 0
0.0949665 0.285047 0
0.0908977 0.270563 0
0.0849368 0.253998 0
0.0465404 0.228713 0
0.00576044 0.193132 0
0.00897563 0.179699 0
0.0249438 0.17146 0
0.0462719 0.168466 0
0.0571254 0.161622 0
0.0530619 0.143946 0
0.0485196 0.124067 0
0.0508396 0.110719 0
0.0641688 0.0970615 0
0.0813114 0.0931256 0
0.0905843 0.0803608 0
0.208941 0.10708 0
0.215935 0.103473 0
0.222796 0.106797 0
0.225989 0.102283 0
0.229454 0.0995619 1
0.260028 0.0861432 0
0.294743 0.0596945 0
0.328722 0.0503911 0
0.35238 0.0344976 0
0.377293 0.0278672 0
0.404477 0.014224 0
0.457454 0.0127629 0
0.462718 0.00682777 0
0.488687 0 0
0.510114 0.00697352 0
0.521911 0.00937578 0
0.525869 0.00975355 0
0.539363 0.0214086 0
0.546271 0.0224245 0
0.548144 0.0227617 1
0.564499 0.0159095 0
0.58532 0.0145336 0
0.593069 0.0113085 0
0.613866 0.0206795 0
0.630931 0.0479681 0
0.634036 0.0579039 1
0.64299 0.0580138 0
0.65736 0.0654901 0
0.676163 0.0720215 0
0.687252 0.0861961 0
0.705834 0.0941817 0
0.717751 0.113872 0
0.731744 0.128839 1
0.755623 0.155725 1
0.775588 0.179709 0
0.791198 0.199855 1
0.809405 0.225905 0
0.834642 0.260517 0
0.850345 0.284204 0
0.868934 0.297824 0
0.885961 0.334887 0
0.895174 0.350566 0
0.889249 0.386395 0
0.919396 0.398885 0
0.928171 0.423033 0
0.93738 0.44518 0
0.958844 0.462309 0
0.957494 0.477674 0
1 0.519789 0
0.874257 0.534081 0
0.899195 0.558334 0
0.910289 0.582679 0
0.907803 0.602543 0
0.896775 0.616859 0
0.864841 0.617302 0
0.853948 0.631472 0
0.833684 0.63619 0
0.822196 0.648319 0
0.809582 0.659389 0
0.800113 0.667701 0
0.788152 0.676088 0
0.77374 0.68663 1
0.758946 0.695544 0
0.740631 0.707902 0
0.719891 0.720467 0
0.699755 0.719233 0
0.67597 0.729801 0
0.650302 0.741001 0
0.632797 0.759697 0
0.607462 0.748344 0
0.58139 0.769179 0
0.556274 0.777432 0
0.527741 0.786679 0
0.501515 0.79677 0
0.479659 0.815394 0
0.455451 0.834993 0
0.390797 0.854273 0
0.378911 0.861286 0
0.358894 0.861343 0
0.335455 0.853867 0
0.331159 0.852726 0
0.322769 0.851572 0
0.32087 0.849818 0
0.319666 0.848822 0
0.319206 0.848734 1
0.318115 0.851151 0
0.316654 0.857411 0
0.311563 0.858639 0
0.310667 0.860312 0
0.266603 0.797375 0
0.253791 0.802289 0
0.25249 0.801498 0
0.252153 0.801779 1
0.250133 0.792857 0
0.231247 0.744898 0
0.206173 0.729812 1
0.192121 0.702329 0
0.16139 0.66944 0
0.154589 0.646791 0
0.146561 0.616418 0
0.143633 0.587671 0
0.15465 0.569348 0
0.154484 0.536626 0
0.155332 0.502749 0
0.167039 0.471376 0
0.165771 0.450764 0
0.174683 0.427686 1
0.174271 0.423405 0
0.17293 0.414164 0
0.173713 0.41831 0
0.17343 0.40277 0
0.178849 0.393864 0
0.180038 0.392723 0
0.18081 0.387959 0
0.188292 0.36047 0
0.193434 0.341535 0
0.194164 0.33748 0
0.188656 0.299897 0
0.178206 0.273565 0
0.166742 0.246504 0
0.152696 0.222701 0
0.132867 0.205073 0
0.159441 0.213174 0
0.110793 0.201639 0
0.111195 0.189127 0
0.120036 0.18027 0
0.146214 0.162107 0
0.157835 0.152028 0
0.155058 0.128761 0
0.190616 0.129734 1
