0.984159 0.643356 1
0.984442 0.643159 0
0.993475 0.639633 0
0.991662 0.643772 0
1 0.646161 0
0.998958 0.646401 0
0.998486 0.64835 0
0.990442 0.661368 0
0.984273 0.665127 0
0.978365 0.659551 0
0.974808 0.663253 0
0.968794 0.663154 0
0.966544 0.670257 0
0.964902 0.669372 0
0.960728 0.673939 0
0.957586 0.676989 0
0.950964 0.681471 0
0.94669 0.686533 0
0.9463 0.688528 0
0.943209 0.694616 0
0.936123 0.694721 0
0.930493 0.699301 0
0.936006 0.711848 0
0.92782 0.71403 0
0.917509 0.710741 0
0.923612 0.718868 0
0.916049 0.728117 0
0.908189 0.72821 0
0.902119 0.734569 0
0.893517 0.7377 0
0.881909 0.739607 0
0.880858 0.744078 0
0.876871 0.745159 0
0.872756 0.746216 0
0.876263 0.741073 0
0.868479 0.74203 0
0.870194 0.744657 0
0.867476 0.746796 0
0.867234 0.747236 0
0.861771 0.747355 0
0.861702 0.748571 0
0.860541 0.74893 0
0.860022 0.748992 1
0.862025 0.749587 0
0.860011 0.748931 0
0.860112 0.749037 0
0.860039 0.748985 0
0.860389 0.748898 0
0.859542 0.747719 0
0.859751 0.745834 0
0.860113 0.745054 0
0.868241 0.738618 0
0.868207 0.737016 0
0.859653 0.743437 0
0.854699 0.731267 0
0.868226 0.73658 0
0.865659 0.724102 0
0.872907 0.724843 0
0.874774 0.736095 0
0.872825 0.729299 0
0.871416 0.7289 0
0.86722 0.723643 0
0.869699 0.727879 0
0.869443 0.727371 0
0.867004 0.722913 0
0.864404 0.721494 0
0.862031 0.720415 0
0.857504 0.720164 0
0.854868 0.724706 0
0.841352 0.724309 0
0.590793 0.924516 0
0.600529 0.926672 0
0.587419 0.905155 0
0.59279 0.904131 0
0.594069 0.913526 0
0.596318 0.910927 0
0.598488 0.906286 0
0.605046 0.92807 0
0.601573 0.922712 0
0.603451 0.92852 0
0.602856 0.931218 0
0.603885 0.932556 0
0.602677 0.930965 0
0.601698 0.931492 0
0.604858 0.93466 0
0.605366 0.935791 0
0.605553 0.935961 0
0.605567 0.935976 0
0.60557 0.935978 0
0.605571 0.935978 0
0.605571 0.935978 1
0.60329 0.938312 0
0.601291 0.935268 0
0.597588 0.940092 0
0.594415 0.944909 0
0.589567 0.94751 0
0.581819 0.935661 0
0.574559 0.936573 0
0.572446 0.925352 0
0.56523 0.92672 0
0.558584 0.924988 0
0.551283 0.928409 0
0.540994 0.932735 0
0.540108 0.917253 0
0.534563 0.911054 0
0.522567 0.920322 0
0.52126 0.912537 0
0.513809 0.909412 0
0.504723 0.91145 0
0.499744 0.906658 0
0.494617 0.905507 0
0.491795 0.899668 0
0.483606 0.901507 0
0.483701 0.89543 0
0.479345 0.895577 1
0.475302 0.889365 0
0.469853 0.892595 0
0.465679 0.891499 0
0.464624 0.890283 0
0.463638 0.888748 0
0.462085 0.888628 0
0.451956 0.886671 0
0.439647 0.884886 0
0.454952 0.88589 0
0.440857 0.875067 0
0.444791 0.875106 0
0.44843 0.874396 0
0.434474 0.864911 0
0.441802 0.855299 0
0.43823 0.848981 0
0.440903 0.848118 0
0.443355 0.833315 0
0.4412 0.827601 0
0.438853 0.820436 0
0.448908 0.813269 0
0.445813 0.801195 0
0.461423 0.766423 0
0.480591 0.795172 0
0.479096 0.775638 0
0.470857 0.769686 0
0.475804 0.760151 0
0.480643 0.754775 0
0.469221 0.736921 0
0.465555 0.717802 0
0.474004 0.720893 0
0.468103 0.694365 0
0.474941 0.6938 0
0.478392 0.685426 0
0.476646 0.679862 0
0.484396 0.67769 0
0.491809 0.675621 0
0.494585 0.6726 0
0.501076 0.670832 0
0.500857 0.669435 0
0.504085 0.668293 0
0.507066 0.666156 0
0.508912 0.664434 1
0.508926 0.664436 0
0.50899 0.66434 0
0.509088 0.66427 0
0.509178 0.664338 0
0.51057 0.662882 0
0.513804 0.660784 0
0.51477 0.658453 0
0.518468 0.655501 0
0.520681 0.653281 0
0.521478 0.649646 0
0.5234 0.644252 0
0.525464 0.635008 0
0.528726 0.627578 0
0.530262 0.614219 0
0.531489 0.606309 0
0.537066 0.59951 0
0.575382 0.502516 0
0.588712 0.488804 0
0.599015 0.482469 0
0.622153 0.467878 0
0.661457 0.433636 0
0.686503 0.41122 0
0.695206 0.409507 0
0.701997 0.408757 0
0.690953 0.404659 0
0.713158 0.399294 0
0.725079 0.398771 0
0.729113 0.400571 0
0.722299 0.399275 0
0.732102 0.398737 0
0.732966 0.398515 0
0.739242 0.397798 0
0.743526 0.397996 0
0.747665 0.398081 0
0.754078 0.398967 0
0.759446 0.400733 0
0.759219 0.401134 0
0.760991 0.402646 0
0.75921 0.402712 0
0.762931 0.402421 0
0.764176 0.402324 0
0.765529 0.402929 1
0.774036 0.405127 0
0.779345 0.412017 0
0.790315 0.414895 0
0.799793 0.416365 0
0.811293 0.426204 0
0.819917 0.435703 0
0.832564 0.439416 0
0.840219 0.447543 0
0.849123 0.454833 0
0.855987 0.457405 0
0.861126 0.470147 0
0.860793 0.475418 1
0.860268 0.476059 0
0.860929 0.479348 0
0.854501 0.481509 0
0.849274 0.481082 0
0.839201 0.484051 0
0.831927 0.486674 0
0.822291 0.486719 0
0.817131 0.494883 0
0.810356 0.506051 0
0.793 0.500124 0
0.783859 0.508203 0
0.778781 0.522577 0
0.774646 0.537366 0
0.766847 0.547673 0
0.748049 0.550006 0
0.739357 0.559688 0
0.731083 0.569701 0
0.726162 0.579617 0
0.718489 0.599355 0
0.709626 0.604686 0
0.698106 0.612912 0
0.690873 0.625417 1
0.688147 0.628945 0
0.686438 0.630227 0
0.678657 0.638158 0
0.709777 0.648615 0
0.33276 0.714483 0
0.344331 0.728018 0
0.342311 0.73044 0
0.342243 0.736061 0
0.331796 0.733451 0
0.328551 0.735815 0
0.32025 0.733408 0
0.315704 0.732473 0
0.312835 0.732029 0
0.312323 0.73165 1
0.30093 0.737078 0
0.289002 0.737829 0
0.279583 0.74319 0
0.275135 0.747697 0
0.265264 0.74369 0
0.255273 0.74765 0
0.243946 0.747749 0
0.236744 0.752484 0
0.229991 0.748075 0
0.226676 0.75219 0
0.220656 0.750501 0
0.206665 0.747805 0
0.200474 0.742167 0
0.191458 0.734866 0
0.18653 0.731699 0
0.180945 0.728107 1
0.173336 0.729479 0
0.167307 0.728874 0
0.159368 0.72947 0
0.15135 0.729843 0
0.142973 0.725182 0
0.135872 0.724779 0
0.127026 0.719 0
0.116666 0.715985 0
0.105083 0.716588 0
0.0939345 0.711014 0
0.082678 0.702132 0
0.0719105 0.699141 0
0.0610897 0.683943 0
0.0562924 0.673587 0
0.0461905 0.664179 0
0.0436723 0.655579 1
0.0338948 0.650659 0
0.0256479 0.646061 0
0.0222326 0.642496 0
0.0134936 0.636704 0
0.00530815 0.626995 0
0 0.618172 0
0.00083525 0.605897 0
0.0128829 0.590919 0
0.0193991 0.58361 0
0.0360426 0.576382 0
0.0431232 0.568502 0
0.0530545 0.564251 0
0.0581034 0.556288 0
0.0643247 0.55251 1
0.0672813 0.548633 0
0.0728015 0.540931 0
0.0753018 0.535958 0
0.0837176 0.533577 0
0.10072 0.517189 0
0.342545 0.421107 0
0.365599 0.414438 0
0.36674 0.414793 1
0.369327 0.41116 0
0.371357 0.409916 0
0.374562 0.407691 0
0.378283 0.404009 0
0.382531 0.402126 0
0.385131 0.402045 0
0.388478 0.400796 0
0.39019 0.401482 0
0.393909 0.397646 0
0.39804 0.395904 0
0.398523 0.390763 0
0.400797 0.389891 0
0.403109 0.390293 0
0.405046 0.386279 0
0.404806 0.383872 0
0.404556 0.380585 0
0.404173 0.38327 0
0.369733 0.286775 0
0.664307 0.39045 0
0.697925 0.381058 0
0.700858 0.377991 0
0.707103 0.375577 0
0.707513 0.369391 0
0.713115 0.36548 0
0.715981 0.354539 0
0.718993 0.348852 0
0.716794 0.339743 0
0.718214 0.333338 0
0.71703 0.32433 0
0.716313 0.311965 0
0.715202 0.305883 0
0.715607 0.290656 0
0.711854 0.287619 0
0.712921 0.272788 0
0.725662 0.24834 0
0.735022 0.224208 0
0.737134 0.216993 0
0.723058 0.20595 0
0.736039 0.177428 0
0.740623 0.157436 0
0.730294 0.149964 0
0.727227 0.130638 0
0.715201 0.123292 0
0.707622 0.103046 0
0.692296 0.0974856 0
0.687582 0.0842626 0
0.678346 0.0748261 0
0.681887 0.0729319 0
0.679261 0.0693539 0
0.692407 0.0687641 0
0.668203 0.0672534 0
0.682675 0.0725662 0
0.667744 0.0775566 0
0.656676 0.0780014 0
0.636788 0.0679526 0
0.621972 0.0626225 0
0.61068 0.0583096 0
0.60175 0.056384 1
0.599131 0.0492838 0
0.597515 0.0401909 0
0.591354 0.0125194 0
0.593176 0 0
0.396438 0.0543152 0
0.387038 0.0570982 1
0.378008 0.0604015 0
0.367608 0.0591726 0
0.350881 0.0567517 0
0.34013 0.0646134 0
0.330884 0.0721818 0
0.327214 0.0833442 0
0.317511 0.0972063 0
0.308941 0.105079 1
0.301589 0.112714 0
0.292246 0.123761 0
0.278901 0.13313 0
0.272627 0.148211 0
0.268756 0.158735 0
0.263541 0.170407 0
0.256971 0.184336 0
0.260497 0.194731 0
0.250456 0.206425 0
0.257022 0.218438 1
0.250725 0.231111 0
0.248512 0.240691 0
0.248666 0.248801 0
0.243261 0.263191 0
0.23734 0.271262 0
0.236132 0.288323 0
0.228585 0.304518 0
0.218917 0.317041 0
0.217102 0.323128 0
0.220989 0.328925 1
0.216798 0.336017 0
0.208501 0.340514 0
0.208116 0.347248 0
0.203791 0.352727 0
0.204036 0.358059 0
0.199952 0.36206 0
0.201242 0.36814 0
0.199235 0.372506 0
0.200177 0.38196 0
0.191208 0.387276 0
0.187784 0.403026 0
0.174327 0.409551 0
0.161547 0.421377 0
0.202377 0.465847 0
0.213447 0.479201 0
0.217419 0.488761 0
0.232346 0.50859 0
0.239022 0.518954 0
0.240499 0.522122 0
0.242959 0.525454 0
0.244804 0.527378 0
0.247326 0.529894 0
0.249833 0.533189 0
0.251884 0.535123 0
0.256702 0.53666 0
0.258992 0.542208 0
0.26329 0.542955 0
0.265219 0.545685 0
0.268665 0.548096 0
0.27335 0.549869 0
0.275829 0.553097 0
0.280638 0.555334 0
0.288063 0.556525 0
0.294283 0.557588 1
0.301559 0.557641 0
0.311776 0.557224 0
0.325194 0.555805 0
0.336679 0.547879 0
0.339921 0.550863 0
0.365601 0.539754 0
0.370277 0.530153 0
0.380968 0.528108 0
0.390303 0.52013 0
0.408154 0.509318 0
0.414292 0.503941 0
0.420264 0.500585 0
0.423547 0.497482 0
0.427481 0.496328 0
0.432267 0.497878 0
0.435827 0.495201 0
0.440527 0.493086 0
0.441913 0.492607 1
0.451083 0.487618 0
0.741517 0.899121 1
0.453581 0.338851 0
0.455883 0.330582 1
0.460346 0.323918 0
0.464572 0.31899 0
0.475765 0.311432 0
0.482347 0.307136 0
0.488281 0.295207 0
0.495741 0.286099 0
0.500748 0.279181 0
0.507688 0.273397 0
0.507736 0.261465 0
0.508066 0.25401 1
0.513876 0.249777 0
0.51775 0.24041 0
0.52221 0.23334 0
0.531377 0.22434 0
0.530826 0.220428 0
0.528609 0.21707 0
0.534658 0.203046 0
0.539076 0.192576 0
0.538877 0.179582 0
0.539113 0.163383 0
0.53627 0.141648 0
0.535736 0.126874 0
0.531536 0.112437 0
0.52867 0.100536 0
0.526307 0.093326 0
0.521479 0.0861373 0
0.517854 0.0833743 0
0.516413 0.0829991 0
0.516048 0.0828342 0
0.516001 0.082901 1
0.512988 0.0847637 0
0.504469 0.0899532 0
0.492317 0.0988104 0
0.497276 0.0985957 0
0.491276 0.104966 0
0.476267 0.114363 0
0.472182 0.117661 0
0.461789 0.124247 0
0.450722 0.127127 0
0.441305 0.134865 1
0.43589 0.138603 0
0.427453 0.14302 0
0.420547 0.147246 0
0.417153 0.149893 0
0.412426 0.156753 0
0.399818 0.16002 0
0.396653 0.16806 0
0.372017 0.181865 0
0.33954 0.207223 0
0.324407 0.215465 0
0.310936 0.218279 0
0.301538 0.217506 0
0.287917 0.227186 0
0.279497 0.224139 0
0.244194 0.25279 0
0.238105 0.252399 0
0.22579 0.260226 0
0.223719 0.259607 0
0.213155 0.259402 0
0.2027 0.263083 0
0.197718 0.264448 0
0.188372 0.270658 0
0.179394 0.278699 0
0.166818 0.291141 0
0.16181 0.302877 0
0.157668 0.308715 0
0.149052 0.310515 0
0.135054 0.312428 0
0.131825 0.320285 0
0.126905 0.326418 0
0.108178 0.343981 0
0.117344 0.34304 0
0.110357 0.350051 0
0.107927 0.356724 1
0.106238 0.359075 0
0.108545 0.361438 0
0.106973 0.362811 0
0.113808 0.381792 0
