0.161742 0.816354 1
0.157602 0.806079 0
0.147943 0.784319 0
0.137745 0.772033 0
0.128343 0.748562 0
0.103354 0.732967 0
0.0998781 0.712084 0
0.0820319 0.702537 0
0.0823484 0.679063 1
0.068557 0.666316 0
0.0439932 0.656564 0
0.0257458 0.638712 0
0.00721555 0.623483 0
0.0121479 0.604892 0
0.00885044 0.591651 0
0.0104205 0.576587 0
0.0135776 0.560342 0
0.01399 0.542487 0
0.0236982 0.533604 1
0.0180423 0.522853 0
0.015524 0.503834 0
0.0129221 0.488375 0
0.0134613 0.478493 0
0.00986696 0.460708 0
0.00801154 0.453744 0
0.00824461 0.442181 0
0.0114722 0.430275 1
0.00971058 0.416783 0
0 0.40302 0
0.00597066 0.393518 0
0.0249606 0.383856 0
0.151086 0.342374 0
0.166099 0.318498 0
0.166088 0.306262 0
0.167645 0.297393 0
0.17327 0.290152 0
0.172639 0.281613 1
0.178718 0.269254 0
0.180182 0.247529 0
0.160192 0.196423 0
0.153249 0.173003 1
0.154527 0.162169 0
0.147727 0.154387 0
0.150535 0.148295 0
0.162833 0.135774 0
0.164031 0.127947 0
0.159232 0.117579 0
0.164572 0.10749 0
0.190995 0.0916229 0
0.298483 0.0524837 0
0.306492 0.0471157 0
0.313011 0.0435183 0
0.317861 0.0393117 1
0.318406 0.0390084 0
0.321623 0.0380994 0
0.324472 0.0327108 0
0.324465 0.0327788 0
0.325422 0.0319959 0
0.335178 0.0273025 0
0.334113 0.0324087 0
0.333496 0.0353506 0
0.334452 0.0343392 0
0.339555 0.0329351 0
0.346773 0.0372084 0
0.362532 0.0467755 0
0.372331 0.0770754 0
0.417361 0.103302 0
0.452108 0.126034 0
0.476236 0.145927 0
0.494741 0.163781 0
0.50662 0.192689 0
0.531869 0.209731 0
0.545942 0.233229 0
0.540554 0.263528 0
0.545295 0.28107 0
0.542191 0.300924 0
0.547869 0.310098 0
0.550007 0.332463 0
0.54733 0.361399 0
0.552696 0.372007 0
0.574571 0.377202 0
0.584398 0.389783 0
0.585921 0.409918 0
0.586875 0.430431 0
0.588844 0.450754 1
0.591282 0.455676 0
0.58863 0.462505 0
0.586743 0.477908 0
0.588485 0.495313 0
0.589893 0.50948 0
0.591212 0.524556 0
0.591799 0.543697 0
0.593134 0.559541 0
0.595397 0.580654 0
0.591371 0.5921 0
0.591635 0.608218 0
0.593944 0.634909 0
0.603416 0.657798 0
0.611451 0.682897 0
0.627891 0.717096 0
0.671972 0.744959 0
0.655452 0.744976 0
0.645916 0.742849 0
0.658891 0.757633 0
0.653922 0.770616 0
0.64471 0.778884 0
0.649297 0.788617 0
0.648008 0.793935 0
0.646851 0.827137 0
0.643828 0.838294 0
0.617688 0.846203 0
0.596536 0.855916 0
0.585903 0.86573 0
0.567677 0.88078 0
0.557054 0.895772 1
0.547115 0.910373 0
0.545633 0.928316 0
0.526184 0.943378 0
0.507813 0.970394 1
0.504188 0.975662 0
0.499166 0.982131 0
0.49208 0.982451 0
0.479389 0.983144 0
0.47669 0.986301 0
0.473413 0.992975 0
0.473501 1 0
0.455694 0.988247 0
0.441396 0.984155 0
0.426765 0.982111 0
0.421687 0.986239 0
0.410503 0.98647 0
0.400225 0.987809 0
0.393085 0.98935 0
0.380817 0.991345 0
0.367599 0.989591 0
0.350641 0.98493 0
0.334743 0.970881 0
0.318535 0.966886 0
0.301467 0.958915 1
0.298727 0.956258 0
0.287843 0.951151 0
0.277769 0.937673 0
0.257008 0.935052 0
0.221307 0.939658 0
0.232393 0.884747 0
0.233318 0.848907 0
0.21935 0.824607 0
0.196894 0.809396 0
0.194656 0.784096 0
0.194704 0.764116 0
0.178538 0.750328 0
0.163937 0.738483 0
0.155878 0.7216 0
0.146322 0.705825 0
0.143888 0.686178 0
0.139212 0.671387 0
0.129027 0.656852 0
0.127798 0.641893 0
0.114748 0.632596 0
0.117317 0.620109 0
0.115159 0.605291 0
0.121178 0.593397 0
0.119717 0.586564 0
0.10568 0.574806 0
0.106565 0.554929 0
0.118837 0.534494 0
0.133785 0.517003 0
0.135284 0.506811 0
0.137971 0.503854 0
0.140983 0.488827 0
0.142598 0.472799 0
0.137427 0.461124 0
0.134781 0.446314 0
0.13162 0.42887 0
0.127789 0.414968 0
0.123245 0.402997 0
0.125044 0.386536 0
0.118469 0.375189 0
0.0744677 0.334171 0
0.0783272 0.3144 0
0.0769798 0.299073 0
0.0839075 0.284177 0
0.084808 0.27444 0
0.0847409 0.259121 0
0.0908912 0.25227 1
0.0932945 0.244116 0
0.0934286 0.238629 0
0.0938011 0.230095 0
0.0912704 0.210573 0
0.0948953 0.199045 0
0.212951 0.185778 0
0.21428 0.172193 0
0.209486 0.161095 0
0.228418 0.161636 0
0.224184 0.148108 0
0.216577 0.127865 0
0.242154 0.133184 0
0.271772 0.13266 0
0.318352 0.112729 0
0.313461 0.080226 0
0.310968 0.0716013 0
0.332386 0.0566917 0
0.342927 0.0467586 0
0.352071 0.0333295 0
0.353533 0.0308917 0
0.353562 0.0306126 0
0.353869 0.0305746 0
0.355945 0.0300852 0
0.360367 0.0290195 0
0.363701 0.02927 0
0.366955 0.0273708 0
0.361996 0.0285462 0
0.360057 0.0299972 0
0.365351 0.0378784 0
0.372616 0.064162 0
0.407266 0.101142 0
0.44474 0.119953 0
0.454885 0.144335 0
0.499755 0.159818 0
0.505134 0.1731 0
0.522566 0.193852 0
0.537274 0.207923 0
0.548145 0.220522 0
0.54784 0.240869 0
0.555749 0.272309 0
0.560421 0.290713 0
0.563569 0.316056 0
0.56881 0.327134 0
0.577728 0.343989 0
0.582607 0.361629 0
0.593336 0.37698 0
0.599485 0.395094 0
0.601249 0.411901 0
0.609531 0.425694 0
0.616045 0.445904 0
0.616971 0.454662 0
0.611833 0.461755 0
0.614613 0.469842 0
0.609226 0.479068 0
0.605364 0.482747 0
0.607108 0.506517 0
0.611217 0.52719 0
0.613617 0.542109 0
0.609367 0.558868 0
0.606811 0.579363 0
0.610254 0.60272 0
0.62511 0.623656 0
0.632894 0.643615 0
0.648433 0.665526 0
0.649347 0.672947 0
0.660065 0.686191 0
0.663883 0.687242 0
0.651693 0.700706 0
0.65828 0.720721 0
0.65503 0.730011 0
0.663298 0.746556 0
0.642418 0.752592 0
0.63957 0.771585 0
0.63163 0.789981 0
0.593721 0.789977 0
0.590349 0.81115 0
0.558412 0.822274 0
0.5565 0.846577 0
0.517686 0.865252 0
0.499531 0.883238 0
0.476966 0.887078 0
0.460329 0.911574 0
0.445781 0.942927 0
0.449806 0.959817 0
0.460556 0.972104 0
0.452669 0.975966 0
0.442753 0.974699 0
0.434498 0.975911 0
0.426788 0.976019 0
0.414942 0.971514 0
0.394446 0.971421 0
0.384433 0.972176 0
0.377719 0.972228 0
0.368459 0.973886 0
0.358489 0.971332 0
0.337032 0.966789 0
0.317122 0.962556 0
0.303726 0.956528 0
0.30118 0.958983 0
0.301473 0.958812 0
0.300273 0.95972 0
0.290674 0.950733 0
0.281387 0.933047 0
0.27805 0.912858 0
0.27371 0.866496 0
0.257823 0.842007 0
0.251751 0.809863 0
0.234365 0.788874 0
0.22243 0.768104 0
0.210626 0.749793 0
0.199222 0.741177 0
0.201724 0.716945 0
0.188554 0.696767 0
0.184123 0.67506 0
0.175157 0.656173 0
0.164055 0.640773 0
0.16347 0.62532 0
0.14662 0.615987 0
0.155519 0.599823 0
0.147834 0.58914 0
0.151197 0.580965 0
0.14737 0.572233 0
0.140857 0.567651 0
0.139842 0.56012 1
0.138473 0.553569 0
0.132784 0.538819 0
0.135893 0.528592 0
0.142576 0.512625 0
0.143432 0.499092 0
0.140947 0.48509 0
0.13768 0.470085 0
0.132152 0.457858 0
0.126815 0.441204 0
0.12878 0.427744 0
0.137577 0.417162 0
0.136634 0.406517 0
0.127695 0.392804 0
0.135579 0.387425 0
0.096868 0.353419 0
0.101566 0.353107 0
0.0973266 0.326248 0
0.113012 0.303544 0
0.115863 0.279769 0
0.13041 0.256685 0
0.150221 0.239952 0
0.154019 0.217063 0
0.184362 0.202271 0
0.209784 0.200374 0
0.205575 0.179987 0
0.229997 0.181941 0
0.239529 0.162265 0
0.237289 0.150911 0
0.24467 0.138466 0
0.24504 0.125465 0
0.253782 0.109145 0
0.272814 0.100108 1
0.381969 0.0565801 0
0.393237 0.0291124 0
0.399645 0.021544 0
0.412091 0.0211504 0
0.418695 0.0162259 0
0.425004 0.0116335 0
0.429291 0.00820501 0
0.432205 0.0105788 0
0.43607 0.00931099 0
0.438194 0.0141386 1
0.445863 0.0107849 0
0.448441 0.00452673 0
0.452164 0 0
0.462816 0.00208391 0
0.479917 0.00633303 0
0.48415 0.0243401 0
0.498232 0.0525107 0
0.518414 0.0655403 0
0.531617 0.0842714 0
0.546666 0.105937 0
0.544056 0.136804 0
0.551361 0.150024 1
0.560118 0.166193 0
0.570551 0.182932 0
0.570679 0.206102 0
0.590306 0.224121 0
0.611721 0.235083 0
0.625248 0.256532 0
0.632292 0.271585 0
0.63368 0.298307 1
0.641625 0.317066 0
0.649396 0.337832 0
0.655643 0.354333 0
0.668368 0.374026 0
0.667143 0.389142 0
0.688983 0.40008 0
0.691356 0.413092 0
0.696193 0.429397 1
0.701433 0.447714 0
0.70664 0.461164 0
0.690223 0.480294 0
0.700094 0.493495 0
0.691705 0.508239 0
0.674525 0.528503 0
0.657448 0.545127 0
0.681275 0.559691 0
0.711639 0.574101 0
0.712388 0.584499 1
0.689247 0.636143 0
0.69132 0.648641 0
0.687926 0.662193 0
0.676266 0.678727 0
0.675413 0.690446 0
0.676851 0.697959 1
0.670893 0.705536 0
0.66321 0.726535 0
0.66096 0.732622 0
0.623032 0.737428 0
0.621527 0.753803 0
0.618692 0.788323 0
0.604084 0.796019 0
0.575254 0.80729 0
0.534497 0.810814 0
0.527015 0.83894 0
0.504531 0.85674 0
0.492164 0.8718 0
0.478968 0.876544 0
0.477935 0.883428 0
0.477062 0.890259 0
0.469277 0.903187 0
0.457164 0.930187 0
0.472921 0.967306 0
0.483327 0.972921 0
0.457869 0.955703 0
