0.324725 0.402387 0
0.280777 0.375757 0
0.256163 0.386422 0
0.238238 0.41093 0
0.232211 0.436416 0
0.215132 0.472108 0
0.22568 0.510891 0
0.218102 0.554288 0
0.194584 0.582177 0
0.173574 0.636382 0
0.166707 0.670114 0
0.137316 0.6881 0
0.133879 0.732996 0
0.117751 0.753591 0
0.0910221 0.764052 0
0.0737926 0.765823 0
0.0641146 0.775704 0
0.0528615 0.782046 0
0.0524125 0.793656 0
0.0598983 0.800918 0
0.0618401 0.804554 1
0.0602893 0.811293 0
0.0635503 0.819907 0
0.0829431 0.825368 0
0.119905 0.839641 0
0.142746 0.845756 0
0.151017 0.833626 0
0.175045 0.831631 0
0.214496 0.832029 0
0.249745 0.839701 0
0.278688 0.828439 1
0.302625 0.822686 0
0.312396 0.816789 0
0.335432 0.818682 0
0.359038 0.81321 0
0.381244 0.800621 0
0.4001 0.805712 0
0.429183 0.81179 0
0.440014 0.790269 0
0.463846 0.787951 0
0.487003 0.766788 0
0.504348 0.749265 0
0.518957 0.735696 0
0.526829 0.71469 0
0.533904 0.695491 0
0.549668 0.683303 0
0.564908 0.670826 1
0.576904 0.655253 0
0.586836 0.634816 0
0.606732 0.63194 0
0.619107 0.616289 0
0.633311 0.609796 0
0.645511 0.591545 0
0.662283 0.581367 0
0.681046 0.565222 0
0.696032 0.537509 0
0.710928 0.521057 0
0.717743 0.509085 0
0.72669 0.501648 0
0.74566 0.475879 0
0.756697 0.455858 0
0.765468 0.434569 0
0.7875 0.40351 0
0.797748 0.386927 0
0.810752 0.368548 0
0.818542 0.330663 0
0.838491 0.330202 0
0.857393 0.31424 0
0.873912 0.309697 0
0.890157 0.290366 0
0.902658 0.267706 0
0.919624 0.266104 0
0.93209 0.246633 0
0.936046 0.225735 0
0.924995 0.193246 0
0.926199 0.177562 0
0.927633 0.164518 0
0.925587 0.141374 0
0.925934 0.121798 0
0.929037 0.108496 0
0.930008 0.095552 0
0.925935 0.091749 0
0.912666 0.0879066 0
0.900957 0.07753 0
0.895858 0.0590732 0
0.884351 0.058286 0
0.87154 0.0469186 0
0.848771 0.0288295 0
0.825921 0.0384957 0
0.813132 0.050287 0
0.793552 0.0731598 0
0.753076 0.0221065 0
0.73237 0.00741308 0
0.711919 0.00493349 0
0.691326 0 0
0.671517 0.010839 0
0.649888 0.0123663 0
0.631229 0.0225538 0
0.602777 0.0214986 0
0.590251 0.0295787 0
0.574467 0.0416102 0
0.564153 0.073073 0
0.550932 0.0805059 0
0.532234 0.0876557 0
0.51848 0.101354 0
0.505956 0.139418 0
0.497238 0.159384 0
0.478784 0.169549 0
0.471658 0.176237 0
0.46145 0.197374 0
0.455462 0.214377 0
0.441047 0.228843 0
0.425573 0.245263 1
0.399325 0.261884 0
0.38528 0.267395 0
0.374819 0.285546 0
0.360815 0.29364 0
0.336426 0.299564 0
0.309585 0.313149 0
0.295587 0.326882 0
0.280815 0.341897 0
0.264665 0.360068 0
0.248268 0.379331 1
0.231381 0.397898 0
0.202217 0.416248 0
0.198954 0.445388 0
0.184836 0.464229 0
0.167014 0.486964 0
0.147756 0.512302 0
0.126488 0.52398 0
0.107641 0.545868 1
0.0918648 0.564371 0
0.0803004 0.581603 0
0.0677614 0.60668 0
0.0555642 0.631574 1
0.0424637 0.651148 0
0.0431891 0.68136 0
0.0361645 0.699572 0
0.0277545 0.714482 0
0.0233216 0.727029 0
0.024049 0.735222 0
0.0359531 0.736176 0
0.0486151 0.728727 0
0.0661718 0.728537 0
0.111853 0.729044 0
0.138272 0.720109 0
0.177742 0.728886 0
0.202942 0.730482 0
0.243239 0.739248 0
0.268767 0.73713 0
0.294454 0.743628 0
0.312465 0.737548 0
0.333133 0.731753 0
0.357123 0.722623 0
0.392291 0.717155 0
0.404395 0.708632 0
0.40847 0.699355 0
0.434054 0.689262 0
0.457479 0.684953 0
0.472801 0.681591 0
0.501791 0.684059 0
0.514632 0.680465 0
0.529844 0.672531 0
0.550658 0.671793 0
0.561774 0.672597 0
0.566093 0.670429 0
0.573728 0.661036 0
0.598847 0.640049 0
0.612746 0.636996 0
0.634116 0.620491 0
0.64199 0.608928 0
0.645954 0.590243 0
0.671816 0.576259 0
0.689849 0.555572 0
0.704505 0.543314 0
0.708323 0.520458 0
0.710846 0.511779 0
0.725868 0.480142 0
0.74093 0.461739 0
0.747447 0.446065 0
0.758014 0.430905 0
0.775627 0.400847 0
0.788014 0.384432 0
0.803876 0.366029 0
0.81277 0.353968 1
0.823043 0.342293 0
0.836586 0.328534 0
0.844095 0.309391 0
0.857395 0.301934 0
0.86938 0.288587 0
0.88494 0.275683 1
0.896686 0.262558 0
0.92066 0.244383 0
0.934686 0.225778 0
0.937782 0.208849 0
0.949949 0.203743 0
0.948165 0.197821 0
0.988672 0.162939 0
0.999288 0.146514 0
1 0.134771 0
0.996547 0.123995 1
0.988848 0.113234 0
0.987116 0.100307 0
0.972577 0.0906972 0
0.957302 0.082485 0
0.923335 0.0784779 0
0.896348 0.074184 1
0.875466 0.0601539 0
0.868141 0.0484728 0
0.849206 0.0480552 0
0.82553 0.0452886 0
0.815103 0.0610213 0
0.769378 0.0338658 0
0.744223 0.0266888 0
0.725309 0.0293515 1
0.701855 0.0263814 0
0.680148 0.0307607 0
0.659604 0.0290354 0
0.633921 0.0228039 0
0.607831 0.0388509 0
0.596643 0.0527592 0
0.576201 0.0631233 0
0.559566 0.0636302 1
0.536177 0.0685882 0
0.518876 0.0832353 0
0.521111 0.114577 0
0.519455 0.149892 0
0.504006 0.166496 0
0.491711 0.175616 0
0.481518 0.186978 0
0.467109 0.20629 0
0.457213 0.237801 0
0.451129 0.255797 0
0.434347 0.267692 0
0.41792 0.28526 0
0.400002 0.302927 0
0.379677 0.310544 0
0.361931 0.325062 0
0.348495 0.339912 0
0.335957 0.357128 0
0.324309 0.371294 0
0.307828 0.387052 0
0.289184 0.390512 0
0.279095 0.389146 0
0.252367 0.424099 0
0.238201 0.445913 0
0.224523 0.466337 0
0.211504 0.49733 0
0.199901 0.52454 0
0.187559 0.555294 0
0.170829 0.564454 0
0.148448 0.575061 0
0.136262 0.603119 0
0.114374 0.604601 0
0.104509 0.628117 0
0.0888071 0.647866 0
0.0512531 0.675335 0
0.0315595 0.678079 0
0.0160329 0.679988 0
0.0129149 0.683026 0
0.000737346 0.6786 0
0 0.674442 0
0.000974661 0.679643 0
0.011229 0.684067 0
0.0419387 0.691584 0
0.0894037 0.67648 0
0.129014 0.676137 0
0.158438 0.676904 0
0.194271 0.693899 0
0.222542 0.697758 0
0.247352 0.702026 0
0.270127 0.71209 0
0.288609 0.712385 0
0.313722 0.715069 0
0.341157 0.711935 0
0.36469 0.70616 0
0.366583 0.697644 0
