1 0 1
0.999501 0.000233156 0
0.998795 0.000179022 0
0.997789 1.39951e-05 0
0.997531 0.00139694 0
0.996665 0.00142023 0
0.995259 0.0011415 0
0.994509 0.00428729 0
0.998006 0.0134015 0
0.997599 0.0158356 0
0.996213 0.017035 0
0.995538 0.0201296 0
0.992472 0.0229055 0
0.990297 0.0239188 0
0.988574 0.0264876 0
0.988892 0.0274301 0
0.985599 0.0306931 0
0.980351 0.0286649 0
0.976639 0.0250205 0
0.975944 0.028276 0
0.972495 0.0270854 0
0.970986 0.0262974 0
0.968039 0.0232824 0
0.967449 0.022779 0
0.963976 0.0214335 0
0.962509 0.0203815 0
0.961347 0.0174742 0
0.959095 0.0116997 0
0.959403 0.00920275 0
0.956563 0.0110447 0
0.953682 0.0114363 0
0.952239 0.0114171 0
0.950158 0.0115763 0
0.948202 0.0101612 0
0.9455 0.0119443 0
0.9441 0.0110271 0
0.942491 0.010762 1
0.940346 0.0097932 0
0.937206 0.0110988 0
0.935949 0.010987 0
0.933163 0.0114545 0
0.931366 0.0109644 0
0.928887 0.0115881 0
0.926444 0.0104134 0
0.922697 0.00959663 0
0.922137 0.0129073 0
0.919331 0.0141822 0
0.918036 0.0145332 0
0.915553 0.0152814 0
0.914235 0.0154971 0
0.912934 0.0163327 0
0.910678 0.016643 0
0.909536 0.0158713 0
0.907559 0.0163353 0
0.905925 0.0169092 0
0.904292 0.015891 0
0.903381 0.0164398 0
0.901863 0.0170516 0
0.899889 0.0167355 0
0.898292 0.0163117 0
0.896657 0.0173159 0
0.895627 0.0159927 0
0.893259 0.0201555 0
0.891539 0.0185785 0
0.889441 0.0185028 0
0.886736 0.0232378 0
0.884676 0.0225739 0
0.881037 0.0242363 0
0.878243 0.0260264 0
0.875584 0.024663 0
0.871825 0.0231297 0
0.868421 0.0253466 0
0.863206 0.0259078 1
0.858572 0.0262429 0
0.854521 0.0264669 0
0.849865 0.026755 0
0.845861 0.0259411 0
0.843384 0.0271179 0
0.840556 0.0287928 0
0.837465 0.0282079 0
0.836138 0.031757 0
0.833641 0.0327317 0
0.832003 0.0350637 0
0.828986 0.0330931 0
0.826997 0.0335804 0
0.824515 0.0330842 0
0.822798 0.0320746 0
0.821501 0.033724 0
0.818918 0.0316468 0
0.817278 0.0347433 0
0.815091 0.0324387 0
0.813777 0.0350014 0
0.811473 0.0344705 0
0.808387 0.0335971 0
0.805585 0.0308817 0
0.802794 0.0312284 0
0.79861 0.0272374 0
0.795433 0.0272748 0
0.794523 0.0290218 0
0.790531 0.0265828 0
0.788714 0.0300571 0
0.788217 0.0342763 0
0.786642 0.0370144 0
0.784643 0.0379674 0
0.782364 0.038941 0
0.780479 0.0397649 0
0.777698 0.0411804 0
0.775422 0.0424562 0
0.772979 0.0434832 1
0.76987 0.044947 0
0.767218 0.0473812 0
0.761835 0.048568 0
0.760216 0.0530556 0
0.757628 0.0543935 0
0.755682 0.053187 0
0.755756 0.0551426 0
0.751942 0.0542803 0
0.7465 0.0556393 0
0.74091 0.0515542 0
0.73895 0.0528009 0
0.734378 0.0522965 0
0.732456 0.0527863 0
0.729413 0.0506843 0
0.726332 0.0527689 0
0.724476 0.051357 0
0.722865 0.0520123 0
0.71824 0.0473143 0
0.714889 0.0447738 0
0.713079 0.0485044 0
0.71026 0.0457545 0
0.707993 0.0466414 0
0.706051 0.0460516 0
0.698844 0.0425887 0
0.696995 0.0455978 0
0.695513 0.0447934 0
0.694322 0.0471165 0
0.693774 0.0497477 0
0.691997 0.0538411 0
0.692707 0.055522 0
0.691004 0.056203 0
0.6888 0.0557263 0
0.684531 0.057332 0
0.68542 0.0585182 0
0.682586 0.0599706 0
0.682562 0.0600428 1
0.682159 0.0600828 0
0.681435 0.060428 0
0.68071 0.0614724 0
0.680026 0.0620744 0
0.679275 0.0633143 0
0.677792 0.063818 0
0.676119 0.0642069 0
0.67443 0.0634507 0
0.675491 0.0689282 0
0.673173 0.0673148 0
0.672637 0.0704753 0
0.670546 0.0701056 0
0.667982 0.0702135 0
0.6674 0.0730433 0
0.664529 0.0717296 0
0.66337 0.0747224 0
0.660025 0.0737522 0
0.658227 0.0765644 0
0.65602 0.0794657 0
0.655936 0.0855963 0
0.650356 0.0818816 0
0.644775 0.0739797 0
0.644732 0.0833515 0
0.642691 0.0867152 0
0.638894 0.0839481 0
0.634033 0.0794572 0
0.631682 0.0863307 0
0.626574 0.0729535 0
0.624116 0.0753862 0
0.621955 0.0822137 0
0.618197 0.0795881 0
0.613847 0.0760061 0
0.611837 0.0756932 0
0.60644 0.0722368 0
0.604429 0.075227 0
0.600458 0.0760271 1
0.598912 0.075958 0
0.594642 0.0754856 0
0.5923 0.0755338 0
0.591231 0.0755265 0
0.58823 0.0750195 0
0.584019 0.0742476 0
0.582174 0.0743244 0
0.580222 0.0755729 0
0.580524 0.075444 0
0.575505 0.0738207 0
0.576131 0.0723794 0
0.573765 0.0739711 0
0.572949 0.074882 0
0.572167 0.0759924 0
0.570015 0.0764379 0
0.569877 0.0805407 0
0.543137 0.0765249 0
0.54036 0.082695 0
0.538181 0.082576 0
0.537554 0.0843356 0
0.5368 0.0845753 0
0.536321 0.088613 0
0.535065 0.0921033 0
0.535226 0.0930625 0
0.535724 0.0930064 0
0.53526 0.0909665 0
0.535759 0.0912302 0
0.534063 0.093925 0
0.532682 0.0930129 0
0.531653 0.0929101 0
0.5306 0.0928742 0
0.529097 0.0927221 0
0.526551 0.0939711 0
0.524754 0.0937056 0
0.523559 0.0935128 0
0.521717 0.0933557 1
0.519465 0.0956742 0
0.517606 0.0979457 0
0.515755 0.102603 0
0.512781 0.105638 0
0.51049 0.111298 0
0.509254 0.121899 0
0.506847 0.123572 0
0.503686 0.125849 0
0.501335 0.126531 0
0.497469 0.128832 0
0.496263 0.127994 0
0.492911 0.134512 0
0.489286 0.124497 0
0.490041 0.130801 0
0.4875 0.130848 0
0.484914 0.137782 0
0.483985 0.137862 0
0.480351 0.144729 0
0.476437 0.148203 0
0.473015 0.149683 0
0.472751 0.147619 0
0.472452 0.14458 0
0.476138 0.135858 0
0.469165 0.145465 0
0.465619 0.148378 0
0.46258 0.151076 0
0.463804 0.148386 0
0.471117 0.138202 0
0.463898 0.112927 0
0.461577 0.105804 0
0.457753 0.107808 0
0.455529 0.102855 0
0.446908 0.110525 0
0.443109 0.111178 0
0.439897 0.105026 0
0.436396 0.104065 1
0.433438 0.101806 0
0.427247 0.104211 0
0.423795 0.100911 0
0.420515 0.0985352 0
0.41675 0.0959071 0
0.414847 0.0933039 0
0.40958 0.0946839 0
0.405115 0.096765 0
0.38425 0.10704 0
0.372046 0.108458 0
0.369144 0.106139 0
0.365295 0.0986892 0
0.362244 0.0923995 0
0.359977 0.0892342 0
0.35811 0.089543 0
0.354853 0.0841063 0
0.354226 0.0890519 0
0.352735 0.0885171 0
0.35126 0.0885625 0
0.351925 0.0946279 0
0.34928 0.0898423 0
0.347451 0.0882614 0
0.346737 0.0904217 0
0.344657 0.0884969 0
0.344201 0.0915037 0
0.342622 0.0917781 0
0.341033 0.0931208 0
0.339164 0.0940428 0
0.338189 0.0977142 0
0.337194 0.10188 0
0.336105 0.105622 0
0.328006 0.111151 0
0.322349 0.11567 0
0.31843 0.116952 0
0.316957 0.119841 0
0.315681 0.121553 1
0.313311 0.126902 0
0.311796 0.136101 0
0.311009 0.139568 0
0.313456 0.142678 0
0.302694 0.149572 0
0.296604 0.151313 0
0.292431 0.153875 0
0.290545 0.155388 0
0.286551 0.156338 0
0.286779 0.160666 0
0.281848 0.159491 0
0.284703 0.163705 0
0.289921 0.168026 0
0.289594 0.169931 0
0.292611 0.172432 0
0.290906 0.173507 0
0.291748 0.175641 0
0.283834 0.174623 0
0.276785 0.173838 0
0.27841 0.175308 0
0.280712 0.179256 0
0.290777 0.184688 0
0.328087 0.188133 0
0.333567 0.191246 0
0.334867 0.194876 0
0.335166 0.202792 0
0.335377 0.213601 0
0.334798 0.220744 0
0.33493 0.226779 0
0.345197 0.234008 0
0.338426 0.237744 0
0.340522 0.243802 0
0.340171 0.246767 0
0.341288 0.247481 0
0.342927 0.250333 0
0.34443 0.251429 1
0.342754 0.256021 0
0.34204 0.260423 0
0.347313 0.260121 0
0.347959 0.267279 0
0.3529 0.263887 0
0.355879 0.261612 0
0.358977 0.268025 0
0.360658 0.281398 0
0.365876 0.30826 0
0.369823 0.321599 0
0.385675 0.335054 0
0.404117 0.344345 0
0.41418 0.341624 0
0.392616 0.314564 0
0.422832 0.331977 0
0.428369 0.328226 0
0.421796 0.313887 0
0.493203 0.323683 0
0.508187 0.313807 0
0.504002 0.306175 0
0.50329 0.299257 0
0.50375 0.290195 0
0.497211 0.28689 0
0.492304 0.281309 0
0.487774 0.276063 0
0.478428 0.273518 0
0.474456 0.26943 0
0.473954 0.264002 0
0.461331 0.262254 0
0.458515 0.258385 0
0.455549 0.254974 0
0.45084 0.25112 0
0.444374 0.249422 0
0.439213 0.244051 0
0.433428 0.240629 0
0.430556 0.236639 1
0.433494 0.228838 0
0.437877 0.221299 0
0.439919 0.210833 0
0.443993 0.20124 0
0.442927 0.190058 0
0.444067 0.184897 0
0.444457 0.179428 0
0.44613 0.170386 0
0.443333 0.165837 0
0.438003 0.16509 0
0.437238 0.163074 0
0.43871 0.16049 0
0.441772 0.156018 0
0.440237 0.153097 0
0.440337 0.149426 0
0.433742 0.149776 0
0.44348 0.13809 0
0.436258 0.138027 0
0.422872 0.140866 0
0.439245 0.121064 0
0.449689 0.0794122 0
0.427209 0.121899 0
0.418564 0.128256 0
0.411072 0.130913 0
0.409998 0.125603 0
0.405839 0.124986 0
0.407425 0.120389 0
0.406961 0.117242 0
0.404906 0.111451 0
0.408774 0.0960055 0
0.405863 0.0938459 0
0.403266 0.0921007 0
0.400204 0.0911146 0
0.397472 0.0895109 0
0.394243 0.0895279 0
0.391693 0.0886641 1
0.38872 0.0874051 0
0.385262 0.0856196 0
0.374551 0.0852334 0
0.368547 0.0838723 0
0.363766 0.0834093 0
0.360372 0.0816234 0
0.358581 0.0809638 0
0.356875 0.0814173 0
0.354949 0.0808257 0
0.353067 0.0790986 0
0.352653 0.0810393 0
0.350012 0.076397 0
0.348997 0.0781193 0
0.349294 0.0817637 0
0.347384 0.0789077 0
0.346837 0.0807262 0
0.344958 0.0787955 0
0.343701 0.0783897 0
0.342052 0.0763552 0
0.340553 0.0755137 0
0.340111 0.0772821 0
0.338304 0.0755023 0
0.337154 0.0760388 0
0.335088 0.0752294 0
0.333442 0.0748508 0
0.331866 0.0745513 0
0.331614 0.0758774 0
0.328135 0.0753898 0
0.32695 0.0771758 0
0.324525 0.0782111 0
0.321779 0.0794527 0
0.317383 0.0799055 0
0.309056 0.0899278 0
0.30454 0.0950128 0
0.303266 0.0948236 0
0.3007 0.0974361 1
0.297901 0.0964861 0
0.293598 0.0945311 0
0.290206 0.0926876 0
0.288001 0.0895606 0
0.284016 0.0873515 0
0.281465 0.0851122 0
0.279507 0.0811742 0
0.278679 0.0759001 0
0.275574 0.07619 0
0.273695 0.0744596 0
0.273109 0.069623 0
0.271666 0.068021 0
0.270947 0.064946 0
0.269417 0.0651834 0
0.267908 0.0650463 0
0.264563 0.069745 0
0.262181 0.0722621 0
0.258293 0.074576 0
0.25635 0.0749186 0
0.253458 0.0779434 0
0.254499 0.0734701 0
0.251063 0.0762802 0
0.249737 0.0769745 0
0.248274 0.0767165 0
0.24684 0.0774901 0
0.245701 0.0779523 0
0.244337 0.0761261 0
0.241807 0.0782513 0
0.238557 0.0777548 0
0.236913 0.0765012 0
0.236476 0.0749889 0
0.234685 0.0745507 0
0.233631 0.0733542 0
0.232788 0.0739737 0
0.23134 0.0722678 0
0.229309 0.0707481 1
0.226214 0.0692487 0
0.223365 0.0688359 0
0.221931 0.0675074 0
0.219424 0.065423 0
0.21782 0.0637207 0
0.214787 0.0637838 0
0.213378 0.0612333 0
0.211129 0.0600469 0
0.209633 0.057912 0
0.208613 0.0564731 0
0.207198 0.055842 0
0.205644 0.0552211 0
0.203738 0.054655 0
0.201808 0.0540498 0
0.199006 0.0530427 0
0.197932 0.0519582 0
0.196501 0.0515836 0
0.194321 0.0508558 0
0.192641 0.050563 0
0.190965 0.0523535 0
0.188294 0.0500878 0
0.185147 0.0527276 0
0.182883 0.0531449 0
0.179486 0.0543005 0
0.177851 0.0551593 0
0.176587 0.0539031 0
0.175486 0.0549197 0
0.173271 0.0554231 0
0.172254 0.0554222 0
0.171785 0.0547285 0
0.171574 0.0544863 0
0.170962 0.0540245 0
0.170428 0.0534159 0
0.169242 0.0531281 0
0.168754 0.0526545 0
0.168251 0.0524765 1
0.167997 0.0519829 0
0.165496 0.0519909 0
0.163272 0.051405 0
0.162011 0.0493912 0
0.160959 0.0487025 0
0.159906 0.0485765 0
0.158884 0.0473311 0
0.15706 0.0472768 0
0.155256 0.0473779 0
0.15349 0.0473909 0
0.152131 0.047079 0
0.150939 0.0464371 0
0.149464 0.046188 0
0.148267 0.0459702 0
0.147279 0.0453802 0
0.147115 0.0444275 0
0.146539 0.0452194 0
0.143729 0.0446857 0
0.143093 0.0439643 0
0.141662 0.0437444 0
0.140284 0.0437465 0
0.1384 0.0424902 0
0.136887 0.0417931 0
0.135976 0.0412595 0
0.134645 0.0409808 0
0.132665 0.040348 0
0.132403 0.0395582 0
0.128796 0.0394814 0
0.125744 0.0391588 0
0.124397 0.0387459 0
0.123694 0.0387228 0
0.122874 0.0390758 0
0.12211 0.0384591 0
0.120723 0.0377661 0
0.120668 0.0379623 0
0.120108 0.0380285 1
0.119182 0.0375547 0
0.115538 0.0345992 0
0.113443 0.0329748 0
0.111346 0.0316562 0
0.109382 0.0311384 0
0.108377 0.0311391 0
0.106271 0.0306921 0
0.103957 0.0307203 0
0.102684 0.0306773 0
0.101662 0.0311556 0
0.099795 0.0310586 0
0.0977378 0.0311932 0
0.0966879 0.0314745 0
0.0950714 0.0313147 0
0.0943036 0.0308369 0
0.0936068 0.0311838 0
0.0920006 0.0309441 0
0.0922418 0.0311504 0
0.0900773 0.0309709 0
0.0881604 0.0305013 0
0.0877436 0.0306334 0
0.088314 0.030673 0
0.0886566 0.0308603 0
0.0878984 0.0305348 0
0.0876188 0.0306175 0
0.0872999 0.0307449 0
0.0870929 0.030749 0
0.0873703 0.030404 0
0.0871356 0.0307136 0
0.0861131 0.0308827 0
0.0859454 0.0309884 0
0.085913 0.0309806 0
0.0859105 0.0309826 0
0.0859103 0.0309823 0
0.0859103 0.0309823 0
0.0859103 0.0309823 1
0.0847295 0.0301104 0
0.0841669 0.0296863 0
0.0829944 0.0292492 0
0.0811303 0.0290848 0
0.0805212 0.0289404 0
0.0799882 0.0285643 0
0.0786531 0.0286265 0
0.0776869 0.0284989 0
0.0768608 0.0279842 0
0.0765061 0.027127 0
0.0756712 0.026696 0
0.076833 0.0259192 0
0.075891 0.0256064 0
0.0750799 0.0255356 0
0.0737861 0.025188 0
0.0711086 0.0250921 0
0.0705892 0.024464 0
0.0699006 0.0245031 0
0.0690592 0.0244123 0
0.0682387 0.0240745 0
0.0677031 0.0241494 0
0.0671535 0.0241818 0
0.0665499 0.0238853 0
0.066344 0.0231442 0
0.0659848 0.0233725 0
0.0640999 0.0235874 0
0.0627383 0.0240365 0
0.0619268 0.023772 0
0.0607126 0.0235256 0
0.0601916 0.0234241 0
0.0598592 0.0237849 0
0.0592402 0.0232922 0
0.0590135 0.0232419 0
0.058295 0.0228121 0
0.057818 0.0229816 0
0.0577114 0.0223374 1
0.057694 0.0223377 0
0.0565563 0.0221318 0
0.0566855 0.0221879 0
0.0558407 0.0214797 0
0.0542158 0.0221178 0
0.0529588 0.0220682 0
0.052937 0.0214395 0
0.0529233 0.0211358 0
0.0530248 0.0212814 0
0.0525292 0.0209178 0
0.0515776 0.0207095 0
0.0509647 0.0200992 0
0.0509584 0.0197384 0
0.050611 0.0192922 0
0.0505953 0.0191755 0
0.0513177 0.0189241 0
0.0517153 0.0182254 0
0.0510045 0.0182954 0
0.0505902 0.0183006 0
0.050105 0.0180204 0
0.0492808 0.0173927 0
0.0474751 0.0172081 0
0.0456331 0.0178957 0
0.0454009 0.0169867 0
0.0443845 0.0165514 0
0.0425669 0.0179268 0
0.0417261 0.0175012 0
0.0428175 0.0170203 0
0.0421889 0.0164192 0
0.0414158 0.0165003 0
0.0402706 0.01672 0
0.0363723 0.0164427 0
0.0348338 0.0166773 0
0.0349334 0.0159609 0
0.0346348 0.0156638 0
0.0324133 0.0150979 1
0.0324331 0.0151242 0
0.0323233 0.0150407 0
0.0324188 0.0148905 0
0.0323253 0.0147409 0
0.032469 0.0148204 0
0.0325369 0.0142365 0
0.0331419 0.0138605 0
0.0323183 0.0137308 0
0.0320125 0.0130634 0
0.0323064 0.0132099 0
0.0317233 0.0135738 0
0.0323418 0.0121914 0
0.0311286 0.0122135 0
0.0314625 0.0119593 0
0.0337433 0.0115342 0
0.0349972 0.0114913 0
0.0358244 0.0112249 0
0.0344742 0.0110187 0
0.0334307 0.0113057 0
0.0311041 0.0115945 0
0.0303259 0.012391 0
0.0295573 0.0124052 0
0.0284351 0.0129197 0
0.0284187 0.0127842 0
0.0276245 0.0131495 0
0.0271528 0.0130878 0
0.0274987 0.0130282 0
0.0272348 0.0125326 0
0.0264922 0.0126561 0
0.0273398 0.0126251 0
0.0271854 0.012401 0
0.0268543 0.0120488 0
0.0264617 0.0121077 0
0.0257047 0.0120191 0
0.0243683 0.0120957 0
0.0227276 0.0124814 1
0.0219621 0.0116975 0
0.0208347 0.0112815 0
0.0205662 0.0100012 0
0.0202352 0.00998463 0
0.0200497 0.0100437 0
0.0202081 0.00985407 0
0.0199117 0.00967527 0
0.0192811 0.00962274 0
0.017237 0.008272 0
0.0147742 0.00769736 0
0.0157035 0.00853249 0
0.0164845 0.00877882 0
0.016363 0.0086604 0
0.0163079 0.00904715 0
0.0119299 0.00712651 0
0.0101227 0.0056225 0
0.0125985 0.00615481 0
0.00995008 0.00504033 0
0.00864002 0.00488863 0
0.00804021 0.00453902 0
0.00937164 0.00528499 0
0.00909612 0.00450461 0
0.00806154 0.00458562 0
0.00914166 0.00473793 0
0.00906561 0.00475558 0
0.00871799 0.00472873 0
0.00811911 0.00474653 0
0.00801921 0.00523286 0
0.00715222 0.005169 0
0.00663327 0.00551923 0
0.00573152 0.00617683 0
0.00490751 0.00650451 0
0.00420608 0.0072754 0
0.00272271 0.00732875 0
0 0.00738282 0
0.00164054 0.00643034 1
