0.713007 0.0614313 1
0.732062 0.0579783 0
0.739818 0.0717074 0
0.748916 0.0760319 0
0.76098 0.0817563 0
0.770627 0.0903529 0
0.782202 0.104704 0
0.800073 0.113385 0
0.813824 0.124579 0
0.819631 0.137716 0
0.83246 0.147285 0
0.844509 0.158347 0
0.866123 0.150097 0
0.85453 0.194646 0
0.858441 0.22478 0
0.863571 0.242313 0
0.872034 0.257621 0
0.869575 0.297742 0
0.875304 0.314347 0
0.88575 0.328826 0
0.876403 0.385198 0
0.861256 0.434704 0
0.890972 0.420768 0
0.936021 0.40927 0
0.923609 0.455922 0
0.938221 0.458513 0
0.939729 0.465546 0
0.915636 0.506008 0
0.915834 0.514125 0
0.925463 0.514036 0
0.932397 0.519982 0
0.931196 0.536128 0
0.940089 0.543177 0
0.947047 0.555384 0
0.953292 0.563508 0
0.954529 0.568925 0
0.94996 0.567638 0
0.952263 0.577438 0
0.943541 0.570373 0
0.945113 0.578416 0
0.935455 0.572112 0
0.931798 0.576873 0
0.928915 0.57593 1
0.923984 0.585419 0
0.901502 0.600461 0
0.886909 0.616321 0
0.871417 0.652508 0
0.849189 0.675128 0
0.840008 0.675985 0
0.821036 0.692466 0
0.80934 0.712585 0
0.791626 0.710742 0
0.764901 0.728723 0
0.751634 0.736206 0
0.739498 0.743584 0
0.730611 0.733862 0
0.715977 0.729352 0
0.692839 0.740286 0
0.676469 0.743802 0
0.666541 0.743329 0
0.645702 0.756194 0
0.634359 0.759538 0
0.602484 0.776818 0
0.593299 0.761413 0
0.56872 0.775596 0
0.548557 0.778182 0
0.535458 0.774004 0
0.5147 0.773034 0
0.501159 0.761398 0
0.492337 0.750431 0
0.470364 0.755983 0
0.452561 0.766519 0
0.43647 0.765874 0
0.419195 0.768831 0
0.398111 0.777414 0
0.384909 0.765678 0
0.370801 0.761797 0
0.361884 0.735846 0
0.342415 0.728301 0
0.324161 0.744338 0
0.30276 0.748451 0
0.295518 0.715642 0
0.27801 0.704887 0
0.260043 0.706221 0
0.243708 0.691394 1
0.234662 0.679905 0
0.219324 0.68146 0
0.189136 0.698815 0
0.171085 0.688608 0
0.161623 0.679695 0
0.141912 0.658022 0
0.1137 0.664614 0
0.0854003 0.658939 0
0.0668518 0.658058 0
0.0646723 0.62234 0
0.045954 0.616204 0
0.0372734 0.599207 0
0.0314686 0.582777 0
0.0233369 0.566525 0
0 0.554877 0
0.0248255 0.558098 0
0.0225301 0.546351 0
0.0409596 0.503337 0
0.0161362 0.476698 0
0.0603653 0.426877 0
0.08016 0.386592 0
0.102588 0.356294 0
0.11832 0.32614 0
0.133719 0.301331 0
0.148073 0.283121 0
0.172574 0.248366 0
0.210533 0.188669 0
0.238669 0.14981 0
0.240594 0.159971 0
0.30861 0.0920642 0
0.275034 0.0880662 0
0.29124 0.0699553 0
0.321916 0.0494449 0
0.334541 0.0473822 0
0.347673 0.0305011 0
0.372777 0.0261886 0
0.389699 0.0280436 0
0.401766 0.0323154 0
0.417045 0.0349578 0
0.427523 0.0452105 0
0.444019 0.0460796 0
0.460501 0.0467018 0
0.47813 0.0533106 1
0.508409 0.0390841 0
0.530113 0.0426465 0
0.549429 0.0421724 0
0.565478 0.0442472 0
0.589766 0.0419004 0
0.60951 0.053125 0
0.627774 0.0645464 0
0.648746 0.0709558 0
0.665526 0.0929371 0
0.676574 0.102316 0
0.698363 0.109971 0
0.714624 0.113887 0
0.738871 0.116362 0
0.765968 0.121135 0
0.788605 0.120359 0
0.805761 0.133934 0
0.824913 0.136678 0
0.833877 0.144061 0
0.851704 0.164805 0
0.864591 0.179113 0
0.873563 0.191642 0
0.882815 0.206886 0
0.884249 0.245028 0
0.900484 0.248371 0
0.90541 0.269959 0
0.906585 0.295483 0
0.925817 0.294163 0
0.929478 0.316094 0
0.943051 0.318915 0
0.950172 0.364951 0
0.93794 0.441713 0
0.942971 0.455223 0
0.950006 0.461432 0
0.946592 0.468202 0
0.948135 0.477971 0
0.958375 0.482148 0
0.968698 0.490473 0
0.9732 0.500796 0
0.970353 0.507986 0
0.973656 0.511703 0
0.970386 0.520942 0
0.968925 0.523248 1
0.968584 0.52433 0
0.970106 0.52649 0
0.969669 0.529288 0
0.971909 0.531239 0
0.970048 0.533041 0
0.968259 0.535394 0
0.969722 0.538061 0
0.968825 0.538191 0
0.956025 0.5455 0
0.937564 0.532451 0
0.934291 0.537507 0
0.873623 0.572271 0
0.849533 0.609637 0
0.837212 0.646598 0
0.809562 0.694318 0
0.79901 0.718467 0
0.78597 0.720083 0
0.785178 0.714196 0
0.770457 0.732081 0
0.756286 0.747575 0
0.736239 0.7485 0
0.722174 0.74817 0
0.707647 0.772474 0
0.690216 0.771489 0
0.685921 0.778839 0
0.686609 0.798701 0
0.650066 0.76933 0
0.628693 0.795951 0
0.61422 0.809406 0
0.598877 0.829659 0
0.573868 0.836904 0
0.554969 0.841383 0
0.539458 0.831483 0
0.524843 0.827807 0
0.512224 0.827143 0
0.495373 0.83561 0
0.482525 0.8326 0
0.465575 0.830024 0
0.448901 0.818361 0
0.43361 0.81709 0
0.422238 0.803793 0
0.410347 0.789383 0
0.390708 0.785322 1
0.373653 0.781393 0
0.35477 0.769328 0
0.336687 0.761262 0
0.320735 0.754927 0
0.307037 0.731421 0
0.297146 0.721157 0
0.282722 0.711782 0
0.256947 0.718554 0
0.246407 0.700372 0
0.231689 0.691255 0
0.20183 0.692745 0
0.187909 0.70057 0
0.170759 0.704458 0
0.15603 0.706645 0
0.148383 0.686192 0
0.136259 0.657215 0
0.132821 0.628722 0
0.101757 0.619825 0
0.0962098 0.581097 0
0.0559952 0.622773 0
0.0698397 0.573216 0
0.0662421 0.529206 0
0.0825145 0.506865 0
0.073045 0.516124 0
0.0793153 0.480779 0
0.0860275 0.48129 0
0.097092 0.46039 0
0.0994179 0.42639 0
0.106162 0.41821 0
0.137759 0.366096 0
0.15324 0.343411 0
0.167114 0.316789 0
0.206333 0.264712 0
0.231546 0.228575 0
0.248835 0.19322 0
0.274593 0.172662 0
0.284738 0.143368 0
0.299715 0.134048 0
0.309161 0.119795 0
0.326796 0.108447 0
0.338642 0.102761 0
0.342397 0.102045 1
0.355776 0.0978555 0
0.367803 0.0950468 0
0.378795 0.0801125 0
0.397109 0.0795538 0
0.410185 0.0896145 0
0.429905 0.0905342 0
0.45903 0.103601 0
0.493066 0.00505401 0
0.510629 0 0
0.526119 0.06541 0
0.556258 0.0365093 0
0.579014 0.0388092 0
0.602641 0.0446621 0
0.615385 0.0664964 0
0.633375 0.0702505 0
0.657718 0.0560385 0
0.679764 0.0691056 0
0.693579 0.0910515 0
0.709957 0.0821254 0
0.737144 0.0791903 0
0.741334 0.0904588 0
0.755598 0.0975727 0
0.759286 0.116091 0
0.781704 0.120257 0
0.793145 0.135606 0
0.81198 0.148443 0
0.836981 0.162274 0
0.839948 0.185006 0
0.841471 0.212163 0
0.856414 0.234461 0
0.836343 0.271146 0
0.869439 0.289399 0
0.88165 0.309291 0
0.911058 0.318759 0
0.917949 0.330919 0
0.941513 0.340349 0
0.965007 0.337047 0
0.981045 0.36757 0
0.982481 0.383979 0
0.976408 0.380519 0
0.973766 0.405498 0
0.991121 0.422893 0
1 0.427736 1
