0.168662 0.0113417 1
0.151378 0.029628 0
0.125276 0.032056 0
0.104574 0.0143652 0
0.0723246 0.0251229 0
0.0626091 0.0635786 0
0.036811 0.0873741 0
0.0367611 0.133948 0
0.020952 0.163999 0
0.00644177 0.177248 0
0.00426539 0.234481 0
0.00455959 0.320106 0
0.0134973 0.381578 0
0.014646 0.443876 0
0.013539 0.541814 0
0 0.604988 0
0.0176687 0.640387 0
0.000849321 0.778903 0
0.0232513 0.835839 0
0.0371971 0.839622 0
0.0585207 0.812265 0
0.0668121 0.817853 0
0.0699492 0.801433 0
0.0758508 0.777776 0
0.089089 0.768493 0
0.102453 0.765246 0
0.108297 0.751317 0
0.104222 0.757121 0
0.109671 0.740864 0
0.129108 0.70075 0
0.157588 0.686623 0
0.166613 0.728367 0
0.172205 0.734745 0
0.168261 0.761322 0
0.173153 0.800428 0
0.189051 0.897203 0
0.205165 0.971862 0
0.207622 0.936525 0
0.201485 0.912063 0
0.223639 0.869626 0
0.245533 0.886859 0
0.268033 0.906733 0
0.280789 0.924961 0
0.301902 0.880262 0
0.323979 0.842825 0
0.339894 0.850666 0
0.363171 0.838341 0
0.376199 0.808854 0
0.386698 0.837056 0
0.405675 0.824906 0
0.437072 0.832904 0
0.453406 0.850202 0
0.47628 0.849438 0
0.501636 0.860284 0
0.522349 0.844186 0
0.550051 0.758424 0
0.572013 0.671766 0
0.581979 0.545044 0
0.612409 0.4849 0
0.625215 0.582081 0
0.654128 0.550274 0
0.692797 0.512051 0
0.718689 0.501062 0
0.727957 0.462565 1
0.740629 0.420373 0
0.722651 0.423236 0
0.713094 0.407858 0
0.696787 0.416226 0
0.687656 0.427631 0
0.677032 0.45856 0
0.66162 0.438194 0
0.640702 0.39181 0
0.609051 0.307081 0
0.577542 0.23535 0
0.572913 0.126372 0
0.541286 0.122245 0
0.533164 0.0941046 0
0.510456 0.0901421 0
0.493211 0.087743 0
0.483143 0.063291 0
0.46484 0.0595817 0
0.455397 0.0398325 0
0.429223 0.0432815 0
0.396679 0.0546996 0
0.370328 0.0415114 0
0.348768 0.0251654 0
0.308926 0.0264689 0
0.26541 0 0
0.242472 0.00539149 0
0.228149 0.00967268 0
0.201915 0.0249479 0
0.183306 0.0310503 0
0.163643 0.0472485 0
0.140733 0.0698417 0
0.117867 0.106393 0
0.104996 0.157603 0
0.0891537 0.194263 0
0.0716218 0.211484 0
0.0711914 0.268947 0
0.0540985 0.32557 0
0.0416867 0.38507 0
0.0331958 0.420071 0
0.0278831 0.479738 0
0.0286329 0.579389 0
0.0298057 0.653919 0
0.0265442 0.725621 0
0.0234591 0.79593 0
0.0242223 0.8419 0
0.0307065 0.853947 0
0.0167408 0.710048 0
0.0380513 0.867819 0
0.0466305 0.897538 0
0.0515498 0.895753 0
0.057642 0.907717 0
0.06268 0.883782 0
0.0816687 0.883277 0
0.10071 0.899092 0
0.11674 0.911131 0
0.120328 0.896033 0
0.130451 0.861317 0
0.135119 0.853407 0
0.15521 0.840067 0
0.146101 0.874463 0
0.159085 0.867561 0
0.176711 0.884388 0
0.175467 1 0
0.190832 0.909825 0
0.19328 0.949815 1
