0.594493 0.0648346 1
0.602455 0.0708325 0
0.610691 0.0746905 0
0.633769 0.0730946 0
0.643897 0.0754449 0
0.662299 0.0794496 0
0.678627 0.0794619 0
0.685795 0.0790765 0
0.694691 0.0843165 0
0.703774 0.0847116 0
0.710156 0.0862676 0
0.718361 0.0864195 0
0.72644 0.0892959 0
0.734331 0.0905336 0
0.746376 0.088326 0
0.756629 0.0872021 0
0.766899 0.0900564 0
0.775756 0.0891475 0
0.780836 0.0967114 0
0.792958 0.0959815 0
0.797051 0.0980309 0
0.802531 0.102974 0
0.801046 0.104437 0
0.805644 0.106895 0
0.818412 0.102506 0
0.823596 0.102356 0
0.824548 0.10646 0
0.832156 0.106111 0
0.891448 0.103558 0
0.855765 0.102758 0
0.856371 0.111885 0
0.85249 0.119364 0
0.854118 0.120802 0
0.854564 0.12369 0
0.854758 0.123892 0
0.851695 0.128106 0
0.852015 0.130304 0
0.852911 0.132969 1
0.865158 0.144022 0
0.864298 0.146993 0
0.845181 0.157632 0
0.846284 0.164517 0
0.838627 0.171319 0
0.834029 0.180261 0
0.818091 0.190848 0
0.805034 0.192771 0
0.795931 0.204452 0
0.789765 0.206804 0
0.775156 0.213167 0
0.749635 0.22727 0
0.755206 0.219897 0
0.745896 0.217652 0
0.715375 0.235746 0
0.662509 0.245486 0
0.631448 0.253354 0
0.569011 0.284837 0
0.553902 0.282133 0
0.52611 0.294551 0
0.514818 0.292475 0
0.511813 0.288154 0
0.505704 0.285263 0
0.501377 0.280544 0
0.4918 0.280305 0
0.479094 0.282471 0
0.470551 0.282481 0
0.452336 0.281436 0
0.426499 0.282483 0
0.416942 0.28749 0
0.397433 0.281384 0
0.38067 0.282167 0
0.370508 0.284056 0
0.360918 0.278603 0
0.348886 0.271603 0
0.343064 0.269803 0
0.336515 0.2638 1
0.330532 0.258105 0
0.312588 0.262576 0
0.3075 0.257294 0
0.306761 0.252732 0
0.295468 0.245186 0
0.283744 0.243303 0
0.275433 0.237728 0
0.269935 0.229793 0
0.26629 0.227077 0
0.259557 0.21996 0
0.25342 0.215993 0
0.242457 0.211279 0
0.234656 0.205419 0
0.225659 0.202388 0
0.213118 0.198815 0
0.204564 0.197061 0
0.201139 0.192191 0
0.198368 0.187689 0
0.196383 0.179729 0
0.191614 0.169417 0
0.183755 0.157628 0
0.153314 0.161025 0
0.142915 0.162175 0
0.129449 0.166763 0
0.121217 0.159424 0
0.112664 0.158544 0
0.101262 0.155357 0
0.077691 0.169916 0
0.0612521 0.176891 0
0.052985 0.171606 0
0.048575 0.161129 0
0.0570698 0.145204 0
0.0462534 0.147837 0
0.0403677 0.139355 0
0.0379116 0.135747 0
0.0387967 0.131541 0
0.0420846 0.127399 1
0.0404987 0.122005 0
0.0372911 0.118146 0
0.0352391 0.118015 0
0.0314811 0.115761 0
0.0301776 0.114185 0
0.0287673 0.110311 0
0.0273985 0.108047 0
0.027164 0.104536 0
0.0258186 0.101903 0
0.0280907 0.0984892 0
0.0320967 0.0949551 0
0.0469622 0.0932696 0
0.0586844 0.0803396 0
0.0608805 0.0798496 0
0.088403 0.0787606 0
0.091613 0.0822573 0
0.150423 0.0648351 0
0.169437 0.0621561 0
0.187865 0.0563586 0
0.203686 0.0514781 0
0.224562 0.0399561 0
0.24091 0.0324401 0
0.257906 0.0277249 0
0.266574 0.0165118 0
0.283281 0.0105971 0
0.303133 0.00997094 0
0.325639 0 0
0.3396 0.00239707 0
0.351883 0.0129976 0
0.366615 0.0121802 0
0.370293 0.0233077 0
0.380721 0.032392 0
0.38515 0.0402063 0
0.388541 0.0471975 0
0.394516 0.0544456 0
0.400792 0.0601619 0
0.40565 0.0670423 1
0.41685 0.0686549 0
0.443022 0.0652992 0
0.460464 0.0625662 0
0.46905 0.0692861 0
0.48156 0.0711825 0
0.498561 0.0684606 0
0.507572 0.0698175 0
0.53139 0.0646478 0
0.542672 0.0625402 0
0.561157 0.0600319 0
0.56653 0.0654389 0
0.567321 0.0706198 0
0.571288 0.0771014 0
0.604009 0.059685 0
0.614692 0.0701399 0
0.626703 0.080686 0
0.639381 0.0838273 0
0.647394 0.0913779 0
0.688285 0.0687104 0
0.701346 0.0777861 0
0.712511 0.0749753 0
0.721253 0.0831378 0
0.728203 0.0867318 0
0.736807 0.0902 0
0.74882 0.0811291 0
0.758729 0.0817512 0
0.771109 0.0798868 0
0.774645 0.091637 0
0.780547 0.0958052 0
0.795155 0.0876473 0
0.801497 0.089125 0
0.816208 0.079603 0
0.824602 0.0785542 0
0.932802 0.0782701 0
0.936072 0.0905406 0
0.942546 0.0946488 0
0.953558 0.0977453 1
0.940822 0.106586 0
0.933925 0.109095 0
0.929859 0.114122 0
0.926733 0.117011 0
0.942756 0.118664 0
0.941116 0.125473 0
0.940969 0.127097 0
0.943622 0.132711 0
0.943516 0.135793 0
0.943554 0.132852 0
0.967325 0.136317 0
0.965775 0.142883 0
0.962077 0.143284 0
0.96415 0.14545 0
0.954043 0.150722 0
0.947942 0.154826 0
0.944015 0.163801 0
0.806948 0.185756 0
0.791269 0.202401 0
0.776113 0.211017 0
0.744412 0.235436 0
0.721172 0.239422 0
0.719037 0.234982 0
0.708461 0.243911 0
0.673795 0.260133 0
0.673937 0.255929 0
0.670581 0.251902 0
0.585849 0.26973 0
0.55825 0.272895 0
0.542969 0.272029 0
0.523751 0.278707 0
0.499268 0.276874 0
0.478735 0.28453 0
0.467863 0.281972 0
0.454676 0.286877 0
0.448028 0.281971 0
0.436492 0.280069 1
0.424574 0.279401 0
0.416014 0.276217 0
0.408698 0.27368 0
0.397527 0.274059 0
0.385572 0.277078 0
0.377712 0.26969 0
0.364766 0.26899 0
0.318586 0.262893 0
0.316271 0.261922 0
0.307931 0.260304 0
0.298723 0.257311 0
0.291557 0.252201 0
0.283186 0.248862 0
0.274547 0.243928 0
0.272409 0.243296 0
0.263054 0.231663 0
0.256202 0.225205 0
0.249416 0.22581 0
0.232585 0.225737 0
0.2231 0.225848 0
0.215987 0.220246 0
0.208206 0.213344 0
0.200014 0.212601 0
0.191569 0.20167 0
0.178697 0.199213 0
0.176675 0.189596 0
0.17025 0.18406 0
0.155297 0.185957 0
0.154855 0.178193 0
0.148018 0.171924 0
0.134116 0.172887 0
0.119844 0.174105 0
0.11614 0.169956 0
0.104729 0.166845 0
0.099735 0.162865 0
0.0936492 0.161022 0
0.0845592 0.158875 0
0.0793188 0.153387 1
0.075407 0.148995 0
0.0775417 0.141401 0
0.0739779 0.137649 0
0.0676174 0.130486 0
0.0600657 0.132764 0
0.0410075 0.141393 0
0.043941 0.137808 0
0.024208 0.135386 0
0.0245096 0.1322 0
0.0242264 0.130796 0
0.0265598 0.125869 0
0.0572533 0.11061 0
0.060727 0.10545 0
0.05761 0.100328 0
0.0568179 0.0972759 0
0.0402144 0.102443 0
0.0474071 0.0948346 0
0.0562391 0.0847609 0
0.0584935 0.0815062 0
0.0671431 0.072069 0
0.0755188 0.0699871 0
0.0792605 0.067743 0
0.0913422 0.0712147 0
0.109194 0.0603281 0
0.15111 0.0652887 0
0.164058 0.0641044 0
0.174577 0.0602646 0
0.179135 0.0598144 0
0.19478 0.0511147 0
0.208173 0.0462903 0
0.226314 0.0353832 0
0.244403 0.0370447 0
0.2482 0.0399882 0
0.280112 0.0279542 0
0.298799 0.0243271 0
0.334072 0.0043824 0
0.335924 0.00931156 1
0.337062 0.0201614 0
0.343879 0.0258658 0
0.346604 0.0338809 0
0.352344 0.0386733 0
0.360345 0.0444716 0
0.36826 0.0572458 0
0.375385 0.0599692 0
0.382934 0.0634015 0
0.428048 0.0607693 0
0.444353 0.0603256 0
0.457864 0.0626597 0
0.455399 0.070933 0
0.45696 0.0781706 0
0.488201 0.0667858 0
0.508876 0.0699519 0
0.519285 0.0689739 0
0.530421 0.0688315 0
0.536876 0.0734495 0
0.558654 0.070122 0
0.572208 0.0617064 0
0.575465 0.0699458 0
0.57683 0.0781002 0
0.582607 0.0840006 0
0.581253 0.0969127 0
0.590395 0.105085 0
0.602652 0.105595 0
0.602303 0.107996 0
0.694544 0.0835446 0
0.700814 0.0900088 0
0.688857 0.110858 0
0.705841 0.0965389 0
0.713567 0.0982362 0
0.722001 0.0993826 0
0.7336 0.100532 0
0.740927 0.0985973 0
0.74738 0.10122 0
0.756786 0.100702 1
0.761128 0.10519 0
0.771369 0.105082 0
0.776882 0.109159 0
0.785746 0.103109 0
0.821463 0.0711808 0
0.931518 0.0895491 0
0.963091 0.0979414 0
0.813618 0.117101 0
0.947919 0.105232 0
0.951933 0.108491 0
0.957257 0.113998 0
0.973214 0.11109 0
0.955132 0.123358 0
0.961384 0.125118 0
0.979251 0.120576 0
0.989066 0.121793 0
0.982313 0.121343 0
0.976749 0.130536 0
0.981063 0.131347 0
0.985427 0.13218 0
1 0.136448 0
0.998694 0.136127 0
0.984954 0.137162 0
0.979637 0.144088 0
0.950731 0.155604 0
0.944798 0.161468 0
0.954757 0.165584 0
0.787735 0.205288 0
0.74804 0.222555 0
0.703778 0.243297 0
0.664593 0.254263 0
0.650572 0.259739 0
0.642777 0.258246 0
0.619149 0.265891 0
0.603791 0.267946 0
0.596995 0.266393 0
0.584322 0.267022 1
0.574905 0.267269 0
0.569345 0.26487 0
0.543134 0.27221 0
0.516177 0.279292 0
0.496815 0.285124 0
0.488464 0.281177 0
0.477039 0.283141 0
0.462287 0.278157 0
0.456378 0.270879 0
0.413221 0.280453 0
0.416825 0.277048 0
0.405746 0.275165 0
0.39547 0.277096 0
0.379499 0.277699 0
0.372327 0.282454 0
0.348008 0.284849 0
0.322875 0.271774 0
0.313859 0.264498 0
0.311366 0.262195 0
0.311507 0.261067 0
0.294409 0.248006 0
0.284833 0.247165 0
0.279928 0.237919 0
0.275516 0.23943 0
0.253409 0.243339 0
0.235366 0.238447 0
0.239862 0.225162 0
0.225338 0.223444 0
0.218564 0.219162 0
0.220515 0.211081 0
0.208649 0.206417 0
0.191729 0.207789 0
0.185318 0.200951 0
0.181071 0.195137 0
0.173412 0.192778 0
0.167852 0.185451 0
0.16413 0.180094 1
0.154677 0.180281 0
0.14951 0.176351 0
0.141484 0.173562 0
0.133307 0.167865 0
0.125713 0.164104 0
0.121232 0.159087 0
0.111789 0.160291 0
0.102121 0.156236 0
0.0930508 0.153281 0
0.0825614 0.149599 0
0.0768134 0.144186 0
0.0732124 0.140444 0
0.0714831 0.13633 0
0.0749519 0.125802 0
0.0736764 0.120015 0
0.0622263 0.122815 0
0.0659559 0.115637 0
0.0671953 0.114977 0
0.0666642 0.115137 0
0.0688273 0.108513 0
0.0626876 0.106013 0
0.0118046 0.127815 0
0.0297748 0.113662 0
0.00282937 0.12553 0
0.0569728 0.0957045 0
0.0290057 0.107392 0
0 0.115208 0
0.0549645 0.0945032 0
0.070056 0.077454 0
0.0765694 0.0717752 0
0.0846086 0.0649204 0
0.0989595 0.0588404 0
0.105291 0.0593946 0
0.115708 0.0529185 0
0.12382 0.0555595 0
0.133518 0.0552339 0
0.137652 0.0591924 1
0.153293 0.0542045 0
0.17502 0.043882 0
0.19052 0.0423213 0
0.207902 0.031008 0
0.223466 0.0241794 0
0.241819 0.0214644 0
0.260587 0.0165817 0
0.271791 0.0199569 0
0.282112 0.0207052 0
0.30775 0.0155899 0
0.308062 0.0263534 0
0.327801 0.0236064 0
0.352307 0.0185126 0
0.373873 0.00842022 0
0.376848 0.0272722 0
0.389814 0.0292803 0
0.400368 0.0319114 0
0.423034 0.024791 0
0.439086 0.0386444 0
0.452768 0.0403638 0
0.489815 0.0278713 0
0.470517 0.053269 0
0.501812 0.0351305 0
0.524143 0.0368755 0
0.530021 0.0416528 0
0.530712 0.0514747 0
0.550671 0.0509762 0
0.566424 0.0484525 0
0.592251 0.0449594 0
0.618887 0.0486035 0
0.624925 0.0628004 0
0.62497 0.0649595 0
0.632954 0.0834952 0
0.637073 0.0866143 0
0.644985 0.0963939 0
0.648985 0.102431 0
0.656646 0.111109 0
0.661585 0.11697 1
