0.855086 0.390387 1
0.855343 0.388635 0
0.848103 0.418613 0
0.99452 0.260488 0
0.838572 0.400581 0
0.853465 0.387212 0
0.852326 0.387518 0
0.838826 0.376826 0
0.779464 0.259235 0
0.708134 0.228139 0
0.703457 0.225349 0
0.700977 0.232021 0
0.639298 0.260761 0
0.629381 0.251139 0
0.627075 0.248333 0
0.625448 0.245541 0
0.617685 0.238004 0
0.512635 0.183032 0
0.425746 0.04865 0
0 0.261331 0
0.0333467 0.211516 0
0.0442423 0.218774 0
0.0434614 0.217087 0
0.0437527 0.216832 0
0.0437479 0.216841 0
0.0437504 0.216843 0
0.04375 0.216843 0
0.0437505 0.216842 0
0.0436979 0.216805 0
0.0435471 0.216717 0
0.0431792 0.216569 0
0.0437503 0.216843 1
0.0387555 0.204292 0
0.0466555 0.218056 0
0.0462815 0.222064 0
0.0490961 0.219869 0
0.049394 0.22257 0
0.0486014 0.226199 0
0.0482749 0.22961 0
0.049705 0.229853 0
0.0546064 0.225463 0
0.0592841 0.219876 0
0.064637 0.212409 0
0.0644344 0.217247 0
0.0611782 0.225962 0
0.0616252 0.22955 0
0.0645018 0.224668 0
0.0688248 0.220701 0
0.0730495 0.216393 0
0.0811769 0.213019 0
0.0893434 0.214543 0
0.110193 0.214246 0
0.132528 0.218058 0
0.155002 0.240795 0
0.180588 0.254615 0
0.221963 0.268587 0
0.251041 0.270916 0
0.29638 0.254425 0
0.329653 0.274102 0
0.365658 0.276017 0
0.380946 0.283247 0
0.477437 0.248652 0
0.796263 0.0357875 0
0.893864 0.138432 0
0.90425 0.132557 0
0.9052 0.135529 0
0.908638 0.140868 0
0.910464 0.142623 0
0.911143 0.143327 0
0.911264 0.143335 0
0.911297 0.143393 1
0.903772 0.138254 0
0.884978 0.213683 1
0.885489 0.220327 0
0.889873 0.224721 0
0.894839 0.227742 0
0.89727 0.233837 0
0.898988 0.244804 0
0.906397 0.254124 0
0.905532 0.26567 0
0.912444 0.271908 0
0.919847 0.27452 0
0.926943 0.279758 0
0.929017 0.288959 0
0.931814 0.297111 0
0.935704 0.31983 0
0.949434 0.322752 0
1 0.26396 0
0.977316 0.218128 0
0.984345 0.208856 0
0.982062 0.195275 0
0.96997 0.184216 0
0.962259 0.175372 0
0.956061 0.169265 0
0.948617 0.159245 0
0.938082 0.154622 1
0.886011 0.184088 1
0.729351 0.208769 0
0.868331 0.17264 0
0.938531 0.168822 0
0.700326 0.203697 0
0.688068 0.224456 0
0.691014 0.223851 0
0.687849 0.224782 1
0.63938 0.250715 1
0.635147 0.249806 0
0.628337 0.249182 0
0.62242 0.242777 0
0.562853 0.193823 0
0.49168 0.129084 0
0.443108 0.0861833 0
0.400852 0.0666488 0
0.35847 0.0612067 0
0.302408 0.0492105 0
0.0027259 0.195047 0
0.221706 0.0860578 0
0.0458558 0.185447 0
0.17706 0.0808918 0
0.191156 0.0552408 0
0.186306 0.0556278 0
0.132098 0.0858973 0
0.0733831 0.154008 0
0.0924425 0.124171 0
0.107199 0.11171 0
0.10282 0.110949 0
0.153141 0.0932882 0
0.146904 0.109787 0
0.139104 0.125136 0
0.132654 0.141403 0
0.129572 0.15134 0
0.115021 0.167646 0
0.108201 0.178918 0
0.0972343 0.189718 0
0.0834505 0.20339 0
0.0805948 0.209315 0
0.0791267 0.213744 0
0.074729 0.218991 0
0.0730316 0.221564 0
0.0705166 0.226715 0
0.0703171 0.227875 0
0.0708841 0.22826 0
0.0710327 0.228984 0
0.0720496 0.228899 1
0.0915206 0.239273 0
0.114065 0.248854 0
0.149599 0.235742 0
0.170344 0.244735 0
0.186485 0.255074 0
0.199586 0.261447 0
0.244647 0.248477 0
0.281177 0.248842 0
0.308503 0.251755 0
0.352136 0.260241 0
0.352031 0.232819 0
0.654726 0 0
0.737636 0.0143936 0
0.855748 0.0569873 0
0.840844 0.0525063 0
0.640262 0.181785 0
0.6614 0.230514 1
0.661647 0.222491 0
0.649968 0.311313 1
0.662462 0.316685 0
0.676633 0.315163 0
0.845889 0.238302 0
0.85473 0.219012 0
0.842159 0.235492 0
0.842908 0.240143 0
0.842054 0.250647 0
0.832771 0.267938 0
0.836187 0.275267 0
0.843525 0.284439 0
0.843389 0.298191 1
