0.187737 0.469238 1
0.18442 0.471838 0
0.17954 0.47867 0
0.175176 0.480778 0
0.170311 0.483295 0
0.165402 0.487237 0
0.161184 0.491271 0
0.154198 0.497116 0
0.144345 0.499468 0
0.143115 0.502644 0
0.127603 0.52808 0
0.133601 0.532357 0
0.130534 0.532424 0
0.123007 0.53917 0
0.131022 0.540478 0
0.127356 0.555633 0
0.126274 0.567725 0
0.124878 0.566089 0
0.120301 0.57743 0
0.125858 0.592965 0
0.125017 0.593852 0
0.128354 0.602073 0
0.128073 0.607073 1
0.128908 0.608941 0
0.128319 0.613807 0
0.14284 0.634327 1
0.155758 0.645873 1
0.156311 0.647668 0
0.16506 0.653671 0
0.190761 0.674123 1
0.200313 0.681328 1
0.200383 0.681463 0
0.200666 0.681475 0
0.200796 0.681777 0
0.200983 0.681696 0
0.20106 0.681509 0
0.200956 0.681862 0
0.201546 0.68142 0
0.207056 0.685504 0
0.231657 0.744786 0
0.287773 0.775245 0
0.304303 0.776797 0
0.334766 0.770265 0
0.348745 0.768902 0
0.353129 0.767585 0
0.36149 0.763891 0
0.383907 0.765539 0
0.411225 0.768111 0
0.423445 0.780137 0
0.430238 0.884257 0
0.436763 0.889111 0
0.45516 0.890906 0
0.465148 0.887792 0
0.465822 0.891029 0
0.464481 0.896738 0
0.481445 0.877644 0
0.483865 0.89049 0
0.48805 0.892545 0
0.488228 0.901546 0
0.500518 0.84573 0
0.501256 0.86566 0
0.506983 0.859729 0
0.51061 0.876943 0
0.51388 0.886704 0
0.517353 0.888622 0
0.520644 0.894333 0
0.523332 0.897391 0
0.527323 0.894906 0
0.54612 0.908892 0
0.553831 0.887715 0
0.551237 0.88136 0
0.615285 0.072364 0
0.62283 0.152737 0
0.643659 0.141572 0
0.662692 0.136412 0
0.699737 0.0874417 0
0.649995 0.261731 0
0.611536 0.865727 0
0.597532 0.82521 0
0.597511 0.818159 0
0.603954 0.827035 0
0.605634 0.818227 0
0.613227 0.818144 0
0.607114 0.799337 0
0.611347 0.798033 0
0.610016 0.791326 0
0.600784 0.775244 0
0.597869 0.773805 0
0.599575 0.774736 0
0.600291 0.776442 0
0.598382 0.778184 0
0.595431 0.772747 1
0.595445 0.770333 0
0.595777 0.77275 0
0.589992 0.766061 0
0.586374 0.769872 0
0.581029 0.753967 0
0.523076 0.64499 0
0.51768 0.645594 1
0.494566 0.637529 1
0.495785 0.63685 0
0.501216 0.639124 0
0.549925 0.454075 0
0.541272 0.450148 0
0.485814 0.473444 0
0.469711 0.47151 0
0.451652 0.467917 0
0.441017 0.462338 0
0.4361 0.466261 0
0.430631 0.477102 0
0.427343 0.475769 0
0.417149 0.480171 0
0.4101 0.480445 0
0.394744 0.482005 0
0.376426 0.482554 0
0.363079 0.491882 0
0.356781 0.492106 0
0.345604 0.502755 0
0.332168 0.509539 0
0.324545 0.502244 0
0.327461 0.509509 0
0.283259 0.544431 0
0.274133 0.555734 0
0.26471 0.570945 0
0.21235 0.605171 0
0.197788 0.616528 0
0.156674 0.635378 0
0.154349 0.633179 0
0.153467 0.630163 0
0.146762 0.640601 0
0.147777 0.638504 0
0.142465 0.646208 0
0.137249 0.640927 0
0.133767 0.642604 0
0.134166 0.640281 0
0.130791 0.642654 0
0.115284 0.645101 0
0.102817 0.648922 0
0.0976288 0.650884 0
0.101186 0.64735 0
0.120607 0.639791 0
0.11016 0.640126 0
0.0940021 0.642483 0
0.10001 0.637516 0
0.0951725 0.638143 0
0.103112 0.6324 0
0.101136 0.632855 0
0.0955566 0.634164 0
0.0709992 0.644158 0
0.0828708 0.635426 0
0.0813313 0.636845 0
0.079753 0.640828 0
0.0810255 0.644093 0
0.0591911 0.665433 0
0.0945159 0.637384 0
0.0913145 0.64196 0
0.0651258 0.66414 0
0.0598824 0.68491 0
0.117529 0.857992 0
0.131419 0.853075 0
0.155558 0.838484 0
0.19289 0.748523 0
0.19733 0.759521 0
0.206387 0.769757 0
0.207404 0.819417 0
0.216858 0.831162 0
0.23202 0.848519 0
0.239122 0.790039 0
0.261958 0.873396 0
0.262135 0.889213 0
0.292394 0.878574 0
0.325109 0.868442 0
0.35222 0.85779 0
0.365973 0.861525 0
0.38114 0.857923 0
0.399424 0.854358 0
0.411552 0.853564 0
0.430159 0.846589 0
0.44484 0.840849 0
0.456381 0.843941 0
0.473886 0.833202 1
0.479022 0.834682 0
0.483644 0.829222 0
0.48789 0.828043 0
0.49213 0.826226 0
0.496556 0.823443 0
0.500514 0.822331 0
0.504756 0.819511 0
0.509888 0.819568 0
0.512284 0.814693 0
0.514107 0.805576 0
0.518243 0.809843 0
0.517812 0.797103 0
0.524935 0.799266 0
0.524557 0.786768 0
0.519472 0.767337 0
0.522665 0.75989 0
0.527143 0.758791 0
0.526925 0.75237 0
0.534745 0.747284 0
0.540175 0.739394 0
0.547748 0.737003 0
0.551917 0.734829 0
0.553393 0.735725 0
0.55548 0.735571 0
0.557791 0.735779 0
0.560696 0.733876 0
0.56394 0.73433 0
0.564923 0.733285 0
0.566473 0.734012 0
0.566982 0.733832 0
0.569514 0.732539 0
0.570291 0.731915 0
0.571718 0.731164 0
0.573891 0.729762 0
0.574972 0.728726 0
0.570449 0.728756 0
0.570959 0.719678 0
0.614138 0.616434 0
0.608737 0.600111 0
0.601263 0.602424 0
0.598372 0.594574 0
0.602283 0.575033 0
0.595215 0.48492 0
0.575359 0.464079 0
0.571061 0.451469 0
0.464657 0.523607 0
0.469715 0.529954 0
0.470518 0.537539 0
0.467893 0.532745 0
0.459385 0.519855 0
0.465733 0.528769 0
0.451915 0.514775 0
0.441178 0.50378 0
0.429366 0.498643 0
0.424142 0.501546 0
0.415746 0.491771 0
0.415241 0.506896 0
0.388485 0.514692 0
0.359279 0.523569 0
0.340947 0.544441 0
0.326845 0.558797 0
0.31295 0.575358 0
0.307372 0.587019 0
0.166356 0.623371 0
0.150517 0.632472 0
0.151629 0.63311 1
0.14279 0.63821 1
0.142857 0.63901 0
0.142856 0.639525 0
0.142653 0.640464 0
0.141988 0.641425 0
0.136481 0.648037 0
0.101991 0.66148 0
0.0909836 0.682513 0
0.0876602 0.689422 0
0.087476 0.689561 0
0.0874549 0.689563 0
0.0874512 0.689566 0
0.08745 0.689567 1
0.0895634 0.686106 0
0.0825472 0.698822 1
0.0803875 0.69983 0
0.0751003 0.704023 0
0.0631291 0.706147 0
0.0524664 0.708891 0
0.0448768 0.7198 0
0.0383547 0.725177 0
0.0372873 0.743809 0
0.0266129 0.746208 0
0.0190865 0.762216 0
0.00207017 0.7626 0
0.00307011 0.774503 0
0 0.774096 0
0.00527187 0.777059 0
0.0120692 0.780551 0
0.022445 0.781546 0
0.0315148 0.880562 0
0.0421326 0.86999 0
0.0232927 0.853537 0
0.0419175 0.857758 0
0.0371368 0.860981 0
0.098073 1 0
0.164307 0.198901 0
0.187741 0.152661 0
0.19927 0.130126 0
0.237941 0.0794305 0
0.252922 0.0668332 0
0.27778 0.0523514 0
0.304153 0.0271714 0
0.324163 0.0189227 0
0.338992 0.00806906 0
0.353072 0.0107123 0
0.372858 0 1
0.350017 0.806274 0
0.420623 0.737104 0
0.430203 0.722788 0
0.434039 0.722434 0
0.440562 0.701236 0
0.444488 0.698923 0
0.44377 0.69733 0
0.438044 0.716572 0
0.444894 0.694842 0
0.44728 0.691187 1
0.454572 0.695388 0
0.464048 0.692533 0
0.495027 0.648197 1
0.51327 0.627416 1
0.513936 0.626641 0
0.515078 0.626195 0
0.515903 0.625728 0
0.517513 0.625119 0
0.519406 0.623568 0
0.520127 0.622749 0
0.520344 0.621902 0
0.52343 0.620753 0
0.526157 0.619317 0
0.528548 0.619784 0
0.531915 0.620537 0
0.53506 0.618332 0
0.537731 0.622451 0
0.541621 0.618047 0
0.550925 0.610761 0
0.562082 0.60136 0
0.567676 0.607156 0
0.570274 0.613341 0
0.567229 0.622102 0
0.573628 0.623149 0
0.581005 0.623636 0
0.582495 0.629926 0
0.578352 0.634507 0
0.572789 0.639609 0
0.580134 0.64408 0
0.578287 0.668632 0
0.562718 0.676221 0
0.558081 0.673888 0
0.561724 0.660865 0
0.53835 0.66192 0
0.557872 0.663108 0
0.554316 0.661411 0
0.547696 0.658724 0
0.544419 0.657124 0
0.541739 0.655532 1
0.543175 0.658606 0
0.503891 0.646437 1
0.507009 0.645626 0
0.487927 0.63479 1
0.486005 0.633301 0
0.483391 0.630694 0
0.475657 0.624011 0
0.467085 0.623151 0
0.462859 0.620058 0
0.459357 0.619519 0
0.453771 0.622688 0
0.448517 0.625436 0
0.436045 0.624232 0
0.441858 0.636171 1
0.433521 0.630825 0
0.430687 0.632094 0
0.420401 0.618123 0
0.417071 0.623103 0
0.410629 0.619325 0
0.398421 0.616053 0
0.400303 0.61591 0
0.236016 0.649899 0
0.207422 0.667122 0
0.205097 0.670831 0
0.204677 0.671429 0
0.20461 0.671403 0
0.204606 0.671409 0
0.204605 0.67141 0
0.204605 0.67141 1
0.196605 0.680017 1
0.146172 0.670389 0
0.143535 0.668558 1
0.143015 0.670179 0
0.142936 0.672072 0
0.14243 0.673758 0
0.140133 0.675263 0
0.139527 0.678152 0
0.139286 0.680824 0
0.137753 0.68285 0
0.136388 0.684869 0
0.133886 0.68661 0
0.13237 0.689915 0
0.133979 0.692162 0
0.132806 0.694694 0
0.134403 0.699813 0
0.130563 0.708008 0
0.122244 0.70282 0
0.121227 0.708715 0
0.115031 0.70441 0
0.111281 0.705296 0
0.105734 0.702086 0
0.102323 0.701506 1
0.0844593 0.693082 1
