0.765736 0.593093 1
0.762401 0.586697 0
0.764516 0.582306 0
0.766524 0.575691 0
0.778344 0.574513 0
0.773217 0.564527 0
0.769747 0.558924 0
0.765228 0.54818 0
0.77345 0.542103 0
0.795322 0.541347 0
0.800473 0.531887 0
0.794729 0.517961 0
0.814241 0.515189 0
0.818331 0.501112 0
0.839293 0.496975 0
0.833734 0.487362 0
0.84866 0.483924 0
0.900663 0.482625 0
0.927014 0.479737 0
0.968658 0.493198 0
0.962705 0.477563 0
0.938241 0.45571 0
1 0.441898 0
0.952672 0.431355 0
0.953698 0.416338 0
0.939857 0.420514 0
0.947079 0.410895 0
0.955002 0.40431 0
0.943358 0.406925 0
0.900038 0.405784 0
0.677264 0.408964 0
0.692903 0.411853 0
0.904934 0.390273 0
0.895995 0.363968 0
0.701476 0.433033 0
0.669 0.395673 0
0.867731 0.373815 0
0.865784 0.358297 0
0.918395 0.265866 0
0.928195 0.195516 0
0.943279 0.194312 0
0.943405 0.178567 0
0.943863 0.169802 0
0.913045 0.13861 0
0.87989 0.26788 0
0.867159 0.252781 0
0.817736 0.275653 0
0.800146 0.0980077 0
0.645289 0 0
0.536336 0.114324 0
0.478679 0.205551 0
0.47161 0.204611 0
0.470608 0.20516 0
0.469637 0.205874 0
0.468409 0.20684 1
0.439493 0.207328 1
0.408018 0.204906 1
0.375355 0.19812 1
0.374363 0.198085 0
0.372868 0.197748 0
0.371712 0.197591 0
0.367936 0.20103 0
0.285039 0.232748 0
0.272911 0.232744 1
0.272899 0.232566 0
0.282044 0.226791 0
0.358688 0.310014 0
0.27216 0.340498 0
0.259781 0.355671 0
0.262336 0.357247 0
0.261375 0.348144 0
0.206975 0.352051 0
0.200192 0.350257 0
0.199575 0.350046 0
0.199144 0.350022 0
0.199519 0.349917 0
0.1985 0.350175 1
0.166271 0.377401 0
0.163969 0.371432 1
0.163835 0.37113 0
0.162744 0.372194 0
0.162304 0.371576 0
0.161702 0.371023 0
0.160336 0.372636 0
0.159992 0.371743 0
0.158943 0.372084 0
0.157213 0.373728 0
0.156767 0.37364 0
0.156218 0.374059 0
0.155133 0.373915 0
0.15357 0.375479 0
0.153803 0.372975 0
0.15425 0.369674 0
0.149432 0.376086 0
0.149164 0.375213 0
0.147768 0.375126 0
0.146677 0.374123 0
0.145551 0.374053 0
0.144385 0.37476 0
0.142436 0.37666 0
0.136925 0.382304 0
0.139253 0.455379 0
0.14171 0.482736 0
0.138252 0.483465 0
0.137597 0.484711 0
0.145728 0.492954 0
0.155326 0.497629 0
0.158238 0.501926 0
0.175318 0.503808 0
0.175481 0.510283 0
0.200823 0.50632 0
0.238697 0.437954 0
0.264671 0.408539 0
0.307971 0.358494 0
0.310876 0.361705 0
0.311478 0.361379 0
0.312229 0.361428 0
0.312427 0.361909 0
0.312345 0.363218 0
0.312776 0.363055 0
0.312949 0.363331 0
0.313114 0.363925 0
0.313535 0.36426 0
0.314558 0.36072 0
0.289408 0.387627 0
0.318301 0.365297 0
0.315264 0.365409 0
0.315504 0.364349 0
0.315417 0.364707 0
0.316587 0.365262 0
0.315858 0.368985 0
0.292665 0.385725 0
0.288025 0.385265 0
0.323611 0.363911 0
0.30769 0.385552 0
0.225672 0.248262 0
0.258963 0.231417 0
0.264015 0.233497 0
0.264097 0.233238 0
0.263288 0.23325 0
0.26253 0.233335 0
0.262103 0.233372 0
0.262803 0.233353 0
0.262397 0.233501 0
0.263286 0.233514 0
0.264653 0.232952 0
0.265118 0.233098 1
0.313052 0.236632 1
0.318877 0.237246 0
0.38731 0.199878 1
0.423469 0.200706 1
0.455936 0.2153 1
0.457006 0.216887 0
0.538747 0.269512 0
0.545602 0.288094 0
0.543628 0.288272 0
0.54348 0.288636 0
0.54347 0.288651 0
0.543471 0.288653 0
0.543472 0.288654 1
0.545296 0.288289 0
0.546832 0.289328 0
0.550505 0.288925 0
0.554696 0.275599 0
0.623548 0.33867 0
0.559242 0.278373 0
0.635663 0.334248 0
0.643517 0.331667 0
0.651917 0.33888 0
0.589537 0.421163 0
0.601566 0.416845 0
0.609569 0.40473 0
0.615486 0.339939 0
0.604065 0.547787 0
0.597462 0.565931 0
0.611283 0.576379 0
0.615985 0.583587 0
0.623127 0.590035 0
0.631474 0.594273 0
0.642137 0.604041 0
0.648113 0.607645 0
0.655308 0.613296 0
0.662661 0.617096 0
0.666588 0.613744 0
0.671964 0.610432 0
0.682321 0.61982 0
0.689628 0.612425 0
0.688083 0.602237 0
0.69288 0.596284 0
0.682753 0.580157 0
0.692389 0.57907 0
0.709692 0.584065 0
0.71719 0.581787 0
0.722271 0.579222 0
0.720547 0.568906 0
0.718833 0.563145 0
0.709373 0.55834 0
0.707718 0.542491 0
0.703254 0.531882 0
0.708629 0.528314 0
0.714678 0.529339 0
0.719669 0.523852 0
0.722767 0.521947 0
0.728758 0.519942 0
0.728725 0.511464 0
0.726129 0.500491 0
0.727168 0.49449 0
0.73462 0.486806 0
0.735489 0.479862 0
0.732224 0.466101 0
0.73917 0.466374 0
0.749087 0.462376 0
0.75015 0.454756 0
0.747219 0.449622 0
0.738821 0.442009 0
0.732916 0.434135 0
0.717861 0.425501 0
0.727212 0.428419 0
0.750149 0.432571 0
0.748467 0.428505 0
0.718124 0.415956 0
0.705033 0.410608 0
0.687387 0.400581 0
0.688077 0.403976 0
0.737416 0.420463 0
0.714098 0.409884 0
0.682695 0.398239 0
0.65497 0.368656 0
0.656589 0.375083 0
0.651047 0.367603 0
0.649256 0.366083 0
0.648833 0.365483 0
0.648261 0.364676 0
0.648044 0.364353 0
0.647851 0.364036 0
0.647702 0.363764 0
0.647997 0.364257 0
0.647793 0.363932 0
0.647955 0.364122 0
0.648407 0.364854 0
0.647889 0.36404 0
0.647543 0.363553 1
0.677308 0.380318 0
0.585166 0.345867 1
0.493158 0.340231 0
0.494276 0.339943 1
0.409142 0.316601 0
0.419727 0.332243 0
0.423272 0.343339 1
0.404805 0.352446 1
0.350545 0.342807 1
0.349499 0.330831 0
0.272125 0.350955 0
0.259279 0.357177 0
0.257823 0.358081 0
0.257509 0.358252 0
0.257385 0.358298 1
0.236742 0.37646 0
0.234276 0.37492 1
0.205849 0.380486 1
0.20448 0.380148 0
0.204267 0.380658 0
0.202598 0.379956 0
0.201469 0.379871 0
0.20088 0.381264 0
0.199308 0.380604 0
0.198377 0.381169 0
0.19733 0.38209 0
0.193282 0.382053 0
0.187175 0.38566 0
0.184407 0.385844 0
0.181413 0.391757 0
0.178853 0.396285 0
0.180657 0.398035 0
0.174147 0.403034 0
0.171565 0.407202 0
0.165242 0.408535 0
0.165386 0.412954 0
0.162611 0.41634 0
0.159186 0.420481 0
0.152675 0.426505 0
0.148732 0.434012 0
0.149819 0.444332 0
0.150063 0.445644 0
0.142436 0.446636 0
0.135872 0.451138 0
0.148343 0.460512 0
0.132477 0.457739 0
0.132422 0.464034 0
0.130825 0.471474 0
0.118557 0.49248 0
0.118326 0.497174 0
0.128526 0.51823 0
0.136719 0.5263 0
0.127948 0.540483 0
0.131904 0.555013 0
0.125312 0.56767 0
0.110448 0.584351 0
0.110805 0.608246 0
0.144874 0.62223 0
0.155762 0.63139 0
0.151813 0.640032 0
0.135665 0.657736 0
0.124075 0.682797 0
0.0789872 0.714819 0
0.0709386 0.716646 0
0.0874512 0.715265 0
0.110802 0.715267 0
0.0998743 0.724966 0
0.0850019 0.728272 0
0.118269 0.722284 0
0.145161 0.720157 0
0.146657 0.714047 0
0.129916 0.716647 0
0.131569 0.70668 0
0.178618 0.680377 0
0.147842 0.706046 0
0.131406 0.713416 0
0.0659507 0.74268 0
0 0.734787 0
0.103322 0.720494 0
0.112006 0.731594 0
0.149871 0.714388 0
0.344713 0.564142 0
0.111244 0.380018 0
0.125218 0.352237 0
0.120492 0.354538 1
0.171401 0.333841 0
0.194174 0.35133 1
0.254005 0.359165 1
0.324759 0.366883 1
0.372092 0.35187 0
0.375434 0.354747 0
0.375416 0.355046 1
0.421964 0.350136 1
0.464151 0.352657 0
0.477369 0.343169 1
0.448142 0.380082 0
0.587675 0.379182 0
0.589575 0.357085 0
0.587669 0.352542 1
0.58997 0.355465 0
0.590121 0.354375 0
0.592113 0.356226 0
0.588817 0.35233 0
0.645204 0.359323 1
0.591909 0.353729 0
0.597013 0.354499 0
0.605748 0.358865 0
0.632009 0.353574 0
0.553485 0.43076 0
0.630541 0.362722 0
0.598152 0.385048 0
0.624444 0.355588 0
0.643864 0.340236 0
0.608118 0.365309 0
0.570708 0.471602 0
0.568777 0.524661 0
0.578533 0.520079 0
0.589699 0.525402 0
0.594463 0.540024 0
0.600714 0.550878 0
0.612065 0.55808 0
0.619359 0.56343 0
0.622072 0.568229 0
0.622952 0.566144 0
0.645971 0.592575 0
0.665295 0.611622 0
0.669123 0.603734 0
0.674665 0.599135 0
0.683707 0.602697 0
0.690593 0.597773 0
0.700946 0.601019 0
0.703056 0.590585 0
0.704765 0.58251 0
0.7132 0.576952 0
0.718238 0.573897 0
0.72429 0.56306 0
0.740826 0.564334 0
0.749224 0.561474 0
0.735206 0.550132 0
0.728785 0.534301 0
0.72763 0.527262 0
0.719828 0.516396 0
0.71279 0.505859 0
0.704961 0.494133 0
0.709614 0.48924 0
0.705334 0.479156 0
0.701587 0.465733 0
0.706118 0.465508 0
0.698582 0.454216 0
0.701721 0.450336 0
0.694967 0.442781 0
0.699974 0.439131 0
0.682892 0.420511 0
0.675491 0.414106 0
0.671279 0.408364 0
0.669398 0.404685 0
0.672165 0.403743 0
0.669359 0.400833 0
0.66844 0.398112 0
0.665435 0.395807 0
0.662411 0.393278 0
0.662357 0.391169 0
0.660628 0.388699 0
0.660291 0.387517 0
0.661454 0.387359 0
0.658768 0.385721 0
0.657053 0.383317 0
0.656783 0.380787 0
0.658335 0.381598 0
0.655215 0.377349 0
0.653965 0.376934 0
0.653805 0.3769 0
0.652137 0.37487 0
0.652155 0.376227 0
0.652838 0.378103 0
0.651962 0.375325 0
0.650325 0.37158 0
0.649829 0.370703 0
0.649711 0.370525 0
0.651828 0.370548 0
0.65737 0.398515 0
0.535694 0.350033 0
0.573839 0.337386 0
0.494287 0.341942 0
0.50383 0.338608 0
0.513186 0.330298 0
0.420284 0.331167 0
0.424731 0.341203 0
0.422398 0.32357 0
0.405748 0.30873 0
0.342993 0.339044 0
0.344442 0.341267 0
0.384537 0.305108 0
0.386736 0.312981 0
0.0148973 0.324268 0
0.388702 0.288675 0
0.341196 0.351459 0
0.26577 0.342906 0
0.33611 0.375463 1
0.0687973 0.321524 0
0.103043 0.339589 0
0.109742 0.34618 1
0.222433 0.370536 0
0.22999 0.374954 0
0.235268 0.369313 0
0.18751 0.380201 0
0.192924 0.383677 0
0.196436 0.387695 0
0.191859 0.386286 0
0.178587 0.393394 0
0.0599391 0.35737 0
0.0702982 0.364872 0
0.0759166 0.365091 0
0.0528723 0.388485 0
0.0571261 0.398206 0
0.0579418 0.411723 0
0.0626221 0.419491 0
0.0735815 0.425356 0
0.087305 0.426165 0
0.0979937 0.424228 0
0.099662 0.432947 0
0.11143 0.444874 0
0.107499 0.448197 0
0.108463 0.456319 0
0.114576 0.464181 0
0.120256 0.471685 0
0.109097 0.473995 0
0.107087 0.475618 0
0.113486 0.482083 0
0.119442 0.488092 0
0.112105 0.490763 0
0.11137 0.490788 0
0.123303 0.499055 0
0.137532 0.515996 0
0.14544 0.521087 0
0.151506 0.526432 0
0.145746 0.550603 0
0.168354 0.542291 0
0.186096 0.543396 0
0.186576 0.544803 0
0.183549 0.544231 0
0.155702 0.556105 0
0.168774 0.55455 0
0.181825 0.550506 0
0.172712 0.555975 0
0.1806 0.549507 0
0.214323 0.529935 0
0.225884 0.529356 0
0.24442 0.492538 0
0.182061 0.577403 0
0.224555 0.518837 0
0.212713 0.533073 0
0.23705 0.442107 0
0.157635 0.57832 0
0.168526 0.572435 0
0.122349 0.600261 0
0.171385 0.568357 0
0.201252 0.555796 0
0.129427 0.607176 0
0.160814 0.585157 0
0.182552 0.566596 0
0.281327 0.396258 0
0.268465 0.379982 0
0.267357 0.378084 0
0.267221 0.377705 0
0.269514 0.377799 0
0.288812 0.419127 0
0.11602 0.356692 0
0.117331 0.374164 0
0.247094 0.441453 0
0.191454 0.350607 0
0.211941 0.382591 1
0.272468 0.37853 0
0.266847 0.378973 0
0.267144 0.377589 1
