0.891868 0.0637998 0
0.906135 0.0467357 0
0.927788 0.0324853 0
0.942492 0.0180768 0
0.955714 0.0134379 0
0.962451 0.00848193 0
0.973961 0.00290799 0
0.983024 0 0
0.983332 0.0023765 1
0.988363 0.0151012 0
0.996615 0.0229156 0
1 0.0295347 0
0.999731 0.0414585 0
0.991996 0.0523763 0
0.98285 0.0604493 0
0.979614 0.071797 0
0.970321 0.081856 0
0.949291 0.0973827 0
0.927172 0.114983 0
0.906921 0.132461 0
0.886497 0.153868 0
0.862114 0.182321 0
0.845121 0.217086 0
0.830349 0.247565 0
0.815089 0.279245 0
0.795714 0.307168 0
0.781669 0.330337 0
0.770795 0.357386 0
0.749265 0.393255 0
0.722638 0.428262 0
0.698954 0.456742 0
0.680396 0.4765 0
0.662887 0.492978 0
0.645977 0.504461 0
0.625826 0.516337 0
0.601938 0.528708 0
0.573519 0.546738 0
0.545189 0.556935 0
0.518694 0.554629 0
0.492185 0.547385 0
0.474178 0.553164 0
0.458653 0.5556 0
0.42123 0.546671 0
0.385499 0.534859 0
0.358552 0.523678 0
0.332901 0.513475 0
0.307628 0.503736 1
0.285025 0.484985 0
0.263443 0.4627 0
0.248207 0.439708 0
0.22953 0.418054 0
0.208214 0.39622 0
0.190539 0.372482 0
0.169628 0.348689 0
0.145848 0.323526 0
0.126322 0.298132 0
0.109003 0.274597 0
0.0925341 0.249678 0
0.0787903 0.224822 0
0.0667703 0.200825 0
0.0558865 0.177885 0
0.0469345 0.155527 0
0.040311 0.135348 0
0.0329996 0.115524 0
0.0263048 0.0972371 0
0.0213529 0.0831048 0
0.01771 0.0727326 0
0.0147469 0.0635724 0
0.0119691 0.0565115 0
0.00898694 0.0516314 0
0.00419697 0.0470358 1
0.00237837 0.0458023 0
0.00163964 0.0466429 0
0.00171865 0.05117 0
2.23282e-06 0.0561599 0
0.00249088 0.0633319 0
0.00979128 0.0767596 0
0.014925 0.0878318 0
0.0189051 0.0964463 0
0.0277128 0.107786 0
0.0367545 0.119563 0
0.0432763 0.131696 0
0.0494584 0.146946 0
0.0596283 0.167249 0
0.0704315 0.183553 0
0.0773794 0.189911 0
0.0812097 0.196272 0
0.0913768 0.203759 0
0.103994 0.21141 1
0.132205 0.22112 0
0.16149 0.229585 0
0.183838 0.240509 0
0.202183 0.257027 0
0.224627 0.273382 0
0.250528 0.285511 0
0.280354 0.294731 0
0.317811 0.299672 0
0.357282 0.299258 0
0.380017 0.302477 0
0.394186 0.310553 0
0.419236 0.314952 0
0.450338 0.313005 0
0.472194 0.313553 0
0.483692 0.322976 0
0.505041 0.323192 0
0.547401 0.304877 0
0.578621 0.284465 0
0.593456 0.275901 0
0.61382 0.269301 0
0.639973 0.25773 0
0.658337 0.248796 0
0.668252 0.246605 0
0.684416 0.233968 0
0.704213 0.213764 0
0.719679 0.199502 0
0.737604 0.186739 0
0.760497 0.167585 0
0.783905 0.149149 0
0.801471 0.139849 0
0.817916 0.131876 0
0.837029 0.121988 0
0.856558 0.111308 0
0.876313 0.0935635 0
0.895512 0.0743097 0
0.917668 0.0553403 1
0.926292 0.0472938 0
0.937857 0.0416886 0
0.960126 0.0348945 0
0.968609 0.0335669 0
0.976602 0.0335931 0
0.980495 0.0394686 0
0.974962 0.0523128 0
0.965334 0.0646013 0
0.951404 0.0765941 0
0.945742 0.0863936 0
0.933166 0.103399 0
0.916046 0.129147 0
0.892597 0.152953 0
0.869173 0.174863 0
0.847802 0.202372 0
0.843615 0.224279 0
0.839811 0.250437 0
0.834867 0.280921 0
0.824802 0.315538 0
0.819331 0.351455 0
0.811975 0.386396 0
0.80442 0.414358 0
0.785606 0.442696 0
0.767784 0.474254 0
0.749902 0.4985 0
0.729558 0.518443 0
0.709082 0.53277 0
0.690262 0.542513 0
0.669412 0.551037 0
0.645727 0.561115 0
0.620941 0.572048 0
0.593301 0.583391 0
0.561383 0.595264 0
0.532271 0.600156 1
0.504804 0.592897 0
0.47712 0.585158 0
0.449609 0.570845 0
0.421613 0.554414 0
0.396347 0.538631 0
0.369059 0.523442 0
0.338092 0.504154 0
0.311668 0.481711 0
0.287674 0.458357 0
0.263395 0.433908 0
0.239328 0.406828 0
0.214444 0.381029 0
0.188973 0.354597 0
0.164808 0.327068 0
0.141981 0.296737 0
0.119634 0.265849 0
0.0998047 0.237526 0
0.0842923 0.210567 0
0.070886 0.183955 0
0.0574976 0.156033 0
0.0449406 0.128476 0
0.0353829 0.107467 0
0.0285057 0.0920579 0
0.0204384 0.0781731 0
0.0152077 0.0674984 0
0.0119544 0.0573509 0
0.00748556 0.0472023 0
0.00495159 0.0395321 0
0.00294414 0.0367784 0
0 0.035653 1
0.00417458 0.0382461 0
0.0121151 0.0428288 0
0.0194942 0.0505063 0
0.0256202 0.0619019 0
0.0346912 0.0761484 0
0.0411819 0.0883145 0
0.0483719 0.0998157 0
0.0603004 0.111075 0
0.0764631 0.124982 0
0.0902756 0.140368 0
0.110566 0.157173 0
0.135083 0.174128 0
0.150542 0.184105 0
0.163525 0.18997 0
0.163337 0.196934 0
0.163196 0.202708 0
0.178995 0.206497 0
0.197282 0.210615 0
0.218509 0.211689 0
0.236058 0.214848 0
0.247025 0.222163 0
0.257722 0.230263 0
0.27968 0.232466 0
0.297195 0.239814 0
0.30263 0.25201 0
0.319557 0.256983 0
0.351383 0.256399 0
0.377705 0.26002 0
0.393842 0.266716 0
0.411277 0.272252 0
0.440223 0.273713 0
0.467675 0.276765 0
0.483092 0.285658 0
0.50906 0.2825 0
0.544907 0.270626 0
0.555644 0.271635 0
0.557543 0.277311 0
0.584206 0.260034 0
0.615394 0.238395 0
0.628739 0.229832 0
0.63442 0.227192 0
0.645576 0.220515 0
0.669839 0.204437 0
0.699203 0.186964 0
0.72565 0.172779 0
0.744201 0.162412 0
0.760797 0.153173 0
0.784898 0.131116 0
0.808524 0.111631 0
0.828993 0.0965964 0
0.846518 0.0842616 0
0.863796 0.0748056 0
0.884145 0.061998 0
0.901636 0.0539274 0
0.916586 0.050217 0
0.925902 0.0516846 0
0.928182 0.0584209 0
0.932941 0.0604813 0
0.936918 0.0650318 0
0.938403 0.0773717 0
0.931112 0.0907773 0
0.920865 0.107103 0
0.916572 0.121804 0
0.913917 0.133879 0
0.9063 0.149046 0
0.898082 0.16274 0
0.896588 0.177057 0
0.89006 0.2119 0
0.880843 0.248644 0
0.877873 0.269997 0
0.871172 0.307305 0
0.865466 0.354149 0
0.862879 0.378859 0
0.86171 0.382593 0
0.832839 0.431614 0
0.820536 0.472845 0
0.802768 0.494627 0
0.785091 0.515825 1
0.769089 0.527403 0
0.750491 0.54011 0
0.731873 0.548679 0
0.71648 0.545165 0
0.706225 0.536711 0
0.678186 0.564166 0
0.675587 0.5569 0
0.655574 0.561411 0
0.68199 0.510407 0
0.605307 0.565008 0
0.58323 0.561131 0
0.555056 0.551705 0
0.530578 0.541369 0
0.512023 0.534675 0
0.492561 0.529048 0
0.463628 0.513792 0
0.429166 0.489459 0
0.395996 0.468576 0
0.370547 0.447963 0
0.346212 0.423185 0
0.31817 0.399349 0
0.289128 0.37586 0
0.260777 0.348736 0
0.231855 0.314945 0
0.221013 0.273834 0
0.196956 0.246723 0
0.169754 0.213326 0
0.143818 0.17364 0
0.12683 0.147476 0
0.110523 0.124698 0
0.0896044 0.108616 0
