0.748995 0.149578 0
0.746685 0.147884 0
0.749751 0.146114 0
0.758139 0.144766 0
0.76097 0.144266 0
0.755156 0.143805 0
0.76185 0.143457 0
0.764515 0.143298 0
0.756581 0.14215 0
0.757252 0.141636 0
0.768758 0.141528 0
0.770989 0.140907 0
0.771955 0.140566 0
0.773796 0.139865 0
0.775762 0.139358 0
0.776843 0.138792 0
0.778227 0.138238 0
0.780184 0.138071 0
0.782008 0.137839 0
0.783302 0.13779 0
0.783801 0.138165 0
0.785604 0.138161 0
0.7889 0.137296 0
0.791882 0.137117 0
0.79309 0.137053 1
0.794376 0.137145 0
0.796941 0.137175 0
0.799835 0.135665 0
0.800942 0.136218 0
0.803174 0.135584 0
0.804638 0.136692 0
0.805772 0.137009 0
0.807024 0.137571 0
0.807481 0.138296 0
0.807959 0.139551 0
0.807829 0.140701 0
0.808438 0.140553 0
0.810048 0.139521 0
0.811436 0.140187 0
0.811744 0.141734 0
0.811564 0.143629 0
0.812388 0.146199 0
0.811856 0.149119 0
0.809673 0.152956 0
0.80973 0.155797 0
0.80613 0.156969 0
0.807444 0.158928 0
0.806527 0.161677 0
0.805065 0.165259 0
0.803901 0.168812 0
0.799406 0.171938 0
0.80023 0.176016 0
0.802847 0.180434 0
0.802714 0.184097 0
0.800668 0.189815 0
0.797377 0.195069 0
0.795768 0.203858 0
0.797033 0.211792 0
0.798489 0.221219 0
0.796868 0.227892 0
0.79578 0.233056 0
0.795951 0.23924 0
0.79471 0.246855 0
0.79209 0.256893 0
0.789413 0.265323 0
0.787529 0.274696 0
0.784948 0.284306 0
0.78239 0.297033 0
0.780926 0.310525 0
0.777861 0.322522 0
0.773323 0.334578 0
0.77089 0.349277 0
0.768425 0.362036 0
0.764168 0.372822 0
0.758118 0.380763 0
0.751779 0.391537 0
0.74622 0.401377 0
0.74132 0.411023 0
0.736972 0.418793 0
0.733848 0.424694 0
0.72903 0.42803 0
0.722272 0.433227 0
0.715217 0.439738 0
0.708647 0.446819 0
0.70173 0.449743 0
0.693206 0.449915 0
0.684885 0.451982 1
0.677093 0.453691 0
0.669157 0.454695 0
0.661752 0.455834 0
0.653034 0.456574 0
0.638445 0.456116 0
0.627233 0.454307 0
0.617927 0.452489 0
0.608432 0.449181 0
0.598907 0.446862 0
0.586973 0.438559 0
0.574632 0.435937 0
0.560476 0.428516 0
0.545064 0.417734 0
0.528888 0.408624 0
0.513264 0.403317 0
0.497362 0.398894 0
0.481626 0.394079 0
0.465961 0.387188 0
0.449376 0.380548 0
0.434556 0.375195 0
0.42003 0.371462 0
0.404739 0.367495 0
0.392637 0.363297 0
0.381267 0.35983 0
0.369388 0.355715 0
0.358225 0.355734 0
0.345559 0.353637 0
0.332034 0.350812 0
0.31805 0.349223 0
0.303355 0.347075 0
0.290082 0.344622 0
0.277577 0.341707 0
0.26474 0.339844 0
0.253078 0.338744 0
0.24219 0.3386 0
0.232562 0.338221 0
0.224052 0.337718 0
0.21525 0.337911 0
0.206324 0.337829 0
0.197113 0.338711 1
0.186438 0.335494 0
0.180245 0.333136 0
0.171026 0.339514 0
0.162801 0.338394 0
0.153809 0.331927 0
0.14584 0.324835 0
0.138111 0.320474 0
0.130208 0.320389 0
0.122481 0.321964 0
0.116565 0.324059 0
0.110731 0.324626 0
0.103808 0.323244 0
0.0951668 0.320913 0
0.0865605 0.31777 0
0.0788923 0.318079 0
0.0719403 0.312891 0
0.0638475 0.3098 0
0.0560406 0.306848 0
0.0498557 0.304273 0
0.0424865 0.302122 1
0.0378704 0.301935 0
0.0348413 0.3012 0
0.0317557 0.299239 0
0.0268346 0.295571 0
0.0220089 0.289946 0
0.0201435 0.284558 0
0.0182669 0.280117 0
0.0153274 0.275878 0
0.0113287 0.271113 0
0.00889965 0.267919 0
0.00789632 0.264386 0
0.00694557 0.261736 0
0.00633913 0.258703 0
0.00629973 0.256086 0
0.00572285 0.254962 0
0.00455022 0.2531 0
0.00596973 0.250412 0
0.00711524 0.247585 0
0.00559491 0.245668 0
0.00445811 0.242203 0
0.00215327 0.238453 0
0 0.237576 1
0.0056142 0.239169 0
0.0115673 0.240514 0
0.0165277 0.241499 0
0.0198302 0.239523 0
0.0235787 0.243724 0
0.0250615 0.241984 0
0.0274614 0.241037 0
0.0283063 0.239636 0
0.0301416 0.238178 0
0.0301035 0.23669 0
0.0298 0.236038 0
0.0299106 0.234902 0
0.0295548 0.233696 0
0.0300701 0.233221 0
0.0310652 0.232389 0
0.032081 0.230999 0
0.0317337 0.229743 0
0.0296812 0.228683 0
0.0278883 0.227804 0
0.0270468 0.227015 0
0.0270263 0.225902 0
0.0259216 0.224113 0
0.0236879 0.222322 0
0.0217108 0.220368 0
0.018554 0.218246 0
0.0168955 0.215802 0
0.0165652 0.21369 0
0.0158941 0.212459 0
0.0141907 0.209272 0
0.012257 0.206567 0
0.0120983 0.206396 0
0.013208 0.207749 0
0.0133011 0.208452 0
0.0152722 0.20895 0
0.017256 0.204572 0
0.0200596 0.203525 1
0.0241357 0.201439 0
0.0238347 0.201744 0
0.0285859 0.202656 0
0.0364069 0.199076 0
0.0466037 0.194118 0
0.0568492 0.190072 0
0.0686261 0.186508 0
0.0769191 0.18543 0
0.0857373 0.185196 0
0.0939612 0.186707 0
0.102122 0.185907 0
0.10987 0.185875 0
0.11712 0.186324 0
0.123304 0.185985 0
0.129147 0.184763 0
0.133474 0.184265 0
0.13689 0.18414 0
0.143136 0.183392 0
0.150043 0.184748 0
0.154875 0.184952 0
0.166485 0.187894 0
0.17685 0.19036 0
0.188513 0.195156 0
0.19878 0.199909 1
0.210601 0.20453 0
0.220324 0.208745 0
0.232903 0.213627 0
0.245431 0.21795 0
0.256905 0.223212 0
0.268976 0.229464 0
0.279095 0.234699 0
0.289392 0.239827 0
0.298977 0.244742 0
0.30816 0.248907 0
0.317951 0.257073 0
0.325915 0.268388 0
0.332356 0.279592 0
0.336978 0.29647 0
0.330399 0.308893 0
0.300192 0.325187 1
0.301043 0.337091 0
0.300939 0.34252 0
0.305027 0.348921 0
0.312193 0.35274 0
0.320402 0.35651 0
0.320199 0.362194 0
0.328081 0.368187 0
0.333245 0.376237 0
0.363863 0.372433 0
0.371243 0.377758 0
0.379399 0.381997 0
0.387613 0.38649 0
0.393661 0.390954 0
0.399643 0.39251 0
0.407586 0.396525 0
0.417406 0.402662 0
0.427299 0.40978 0
0.437362 0.414886 0
0.44744 0.421275 0
0.456529 0.427101 0
0.467137 0.432898 0
0.479417 0.439914 0
0.483993 0.443179 0
0.49391 0.444154 0
0.502571 0.449671 0
0.50952 0.455375 0
0.5183 0.460697 0
0.528362 0.465547 0
0.538448 0.470343 0
0.549517 0.474994 0
0.56014 0.479923 0
0.570284 0.485056 1
0.581663 0.488491 0
0.593409 0.491066 0
0.603548 0.492758 0
0.611988 0.494841 0
0.62202 0.496394 0
0.631334 0.496292 0
0.639337 0.496491 0
0.656718 0.496744 0
0.666406 0.497241 0
0.67169 0.497291 0
0.677786 0.49569 0
0.682642 0.496734 0
0.688731 0.499563 0
0.694801 0.49979 0
0.703693 0.500217 0
0.713289 0.503045 0
0.721027 0.505311 0
0.729719 0.506517 0
0.733728 0.503031 0
0.739665 0.504211 0
0.746502 0.50543 0
0.751163 0.506257 0
0.756094 0.504754 0
0.763 0.503601 0
0.768411 0.501989 0
0.772092 0.499457 0
0.776507 0.499456 0
0.780783 0.500399 0
0.78588 0.498796 0
0.788718 0.50334 1
0.784942 0.508432 0
0.78495 0.505268 0
0.786946 0.502451 0
0.787565 0.497407 0
0.789121 0.492882 0
0.789488 0.490576 0
0.791648 0.490578 0
0.794047 0.485465 0
0.796773 0.481347 0
0.800994 0.476989 0
0.803445 0.475218 0
0.802074 0.472957 0
0.801199 0.468816 0
0.802052 0.46475 0
0.803558 0.461931 0
0.805397 0.457595 0
0.806253 0.454856 0
0.805782 0.453294 0
0.802919 0.45194 0
0.799819 0.449928 0
0.798372 0.447887 0
0.797192 0.445043 0
0.794015 0.444102 0
0.791305 0.442747 0
0.789969 0.440779 0
0.788822 0.440987 0
0.784038 0.444287 0
0.783574 0.443711 0
0.784949 0.445402 0
0.785153 0.448023 0
0.784084 0.451014 0
0.784502 0.452673 0
0.787548 0.452907 0
0.791913 0.453846 0
0.795965 0.45858 0
0.800831 0.463441 0
0.807862 0.4694 0
0.817339 0.472513 0
0.824236 0.480177 0
0.830279 0.489045 0
0.835645 0.499511 0
0.843674 0.506618 0
0.851448 0.513248 0
0.857681 0.523195 0
0.863067 0.532751 0
0.867649 0.543094 0
0.870318 0.554803 0
0.874548 0.566297 1
0.878822 0.574454 0
0.881487 0.583047 0
0.883426 0.593447 0
0.886059 0.603957 0
0.886555 0.61643 0
0.890393 0.623312 0
0.893173 0.635478 0
0.900439 0.638616 0
0.900095 0.652259 0
0.899829 0.670222 0
0.905725 0.66933 0
0.906252 0.681948 0
0.904997 0.694911 0
0.904139 0.705914 0
0.903853 0.71613 0
0.903771 0.723883 0
0.902804 0.735567 0
0.901543 0.749687 0
0.899736 0.759925 0
0.899342 0.771572 0
0.899683 0.785734 0
0.90011 0.795787 0
0.898311 0.805132 0
0.897074 0.811584 0
0.89853 0.816919 0
0.899633 0.827052 1
0.899389 0.829263 0
0.899427 0.830744 0
0.899666 0.83198 0
0.902257 0.834171 0
0.894798 0.877301 0
0.895931 0.862502 0
0.898961 0.855502 0
0.90073 0.85505 0
0.901956 0.856939 0
0.903918 0.855103 0
0.905563 0.853333 0
0.906654 0.857495 0
0.908151 0.857409 0
0.909701 0.851833 0
0.910652 0.850353 0
0.910756 0.849827 0
0.910916 0.847294 0
0.910944 0.844657 0
0.910171 0.843159 0
0.908838 0.83987 0
0.907787 0.834691 0
0.906765 0.829995 0
0.905441 0.825847 0
0.903018 0.822382 0
0.90115 0.818871 0
0.899214 0.81745 0
0.897374 0.813451 0
0.895781 0.808391 0
0.892023 0.809869 0
0.886682 0.815162 1
0.88637 0.810774 0
0.890912 0.797872 0
0.893667 0.788728 0
0.893392 0.784901 0
0.893172 0.779754 0
0.895359 0.770428 0
0.894339 0.769684 0
0.891441 0.770229 0
0.890951 0.774557 0
0.890388 0.775234 0
0.890941 0.76999 0
0.891554 0.767321 0
0.891479 0.768269 0
0.890618 0.767199 0
0.890961 0.761432 0
0.891465 0.756821 0
0.890819 0.758244 0
0.89159 0.755204 0
0.892581 0.751209 0
0.891561 0.757496 0
0.893132 0.751843 0
0.887899 0.779923 0
0.89001 0.771462 0
0.892793 0.762985 0
0.895615 0.759908 0
0.898689 0.752066 0
0.901368 0.740834 0
0.904818 0.732678 0
0.909171 0.722388 0
0.912885 0.712124 0
0.915109 0.706356 0
0.915995 0.701353 0
0.917816 0.69571 0
0.920401 0.689682 0
0.922478 0.686847 0
0.923623 0.683382 1
0.924867 0.673132 0
0.926723 0.662907 0
0.927758 0.653638 0
0.927966 0.647116 0
0.929723 0.640651 0
0.930195 0.625107 0
0.930744 0.60246 0
0.931332 0.577551 0
0.929313 0.557223 0
0.926187 0.540036 0
0.92338 0.521841 0
0.921047 0.503873 0
0.920246 0.483984 0
0.919472 0.466463 0
0.92017 0.459758 0
0.920626 0.459898 0
0.921027 0.446753 0
0.918417 0.441854 0
0.918232 0.438545 0
0.919891 0.43481 0
0.921474 0.428653 0
0.923765 0.419137 1
0.923724 0.410755 0
0.921872 0.408107 0
0.922522 0.397338 0
0.920946 0.386098 0
0.916931 0.376876 0
0.913988 0.371986 0
0.911113 0.363295 0
0.909526 0.360624 0
0.908521 0.348666 0
0.906022 0.340547 0
0.902585 0.335154 0
0.899925 0.328435 0
0.897977 0.318026 0
0.895812 0.308321 0
0.892985 0.299877 0
0.889374 0.292563 0
0.885351 0.287154 0
0.882168 0.274406 0
0.887921 0.275269 0
0.882614 0.267792 0
0.878217 0.26118 0
0.874405 0.255747 0
0.871735 0.249535 0
0.871003 0.243369 0
0.875453 0.239055 0
0.876857 0.235019 0
0.875882 0.230665 0
0.874579 0.22357 0
0.87316 0.215615 0
0.872675 0.211893 0
0.872366 0.207094 0
0.872256 0.201647 0
0.869467 0.197057 0
0.861995 0.194592 0
0.865239 0.183463 0
0.870283 0.178872 0
0.868259 0.163598 0
0.869105 0.156488 0
0.87002 0.150371 0
0.870446 0.144799 0
0.870801 0.139021 0
0.872184 0.13456 0
0.873332 0.130137 0
0.871498 0.123128 0
0.875775 0.12704 0
0.879465 0.123489 0
0.882471 0.125255 0
0.88558 0.12323 0
0.88706 0.119312 0
0.888944 0.115713 0
0.88936 0.109365 0
0.887878 0.101482 0
0.886299 0.0933888 0
0.886881 0.0877909 0
0.88713 0.079439 0
0.888512 0.0715294 1
0.887604 0.0654391 0
0.887359 0.0612819 0
0.890253 0.0599422 0
0.892502 0.0552479 0
0.894135 0.0525185 0
0.894579 0.0513862 0
0.896573 0.0496538 0
0.899939 0.0467832 0
0.899579 0.0458141 0
0.910477 0.0429555 0
0.900618 0.0317844 0
0.903913 0.0337886 0
0.903597 0.033897 0
0.910728 0.028222 0
0.913269 0.0268484 0
0.905548 0.025072 0
0.907733 0.0187613 0
0.909232 0.0163928 0
0.91039 0.0154749 0
0.910622 0.0125889 0
0.905982 0.00774881 0
0.901023 0.0046013 0
0.898209 0.00306072 0
0.897583 0.00460943 0
0.896165 0.00533832 0
0.892928 0.00449163 0
0.896507 0.00242242 0
0.891959 0 1
0.888469 0.00140865 0
0.885636 0.00342107 0
0.883963 0.00440139 0
0.883521 0.00579317 0
0.88227 0.00790236 0
0.882075 0.0109193 0
0.883621 0.0118907 0
0.882621 0.0150049 0
0.882738 0.0188385 0
0.884174 0.0216814 0
0.88412 0.0236515 0
0.884616 0.0267592 0
0.884598 0.0289414 0
0.884829 0.0317112 0
0.885762 0.0351277 0
0.88748 0.0386764 0
0.888696 0.0407249 0
0.889509 0.0450254 0
0.890315 0.0496471 0
0.891479 0.0537887 0
0.892888 0.0569513 0
0.893435 0.0601305 0
0.893778 0.0643681 0
0.894125 0.0686578 0
0.894582 0.0726867 0
0.894213 0.0766549 0
0.892444 0.0807439 0
0.891032 0.0853817 0
0.889922 0.0906473 0
0.889334 0.0951155 0
0.887906 0.0992361 0
0.885353 0.102268 0
0.883616 0.105305 0
0.881439 0.108438 0
0.87906 0.111265 0
0.876961 0.112343 0
0.875981 0.11384 0
0.876116 0.115163 0
0.876082 0.117916 0
0.876581 0.122501 0
0.879289 0.124887 0
0.881523 0.124684 0
0.881801 0.124446 0
0.882146 0.126051 0
0.882842 0.125942 0
0.882907 0.125838 0
0.88416 0.127831 0
0.884642 0.12932 0
0.885831 0.132356 0
0.886052 0.134738 0
0.887718 0.133557 0
0.887373 0.131421 0
0.888966 0.134545 0
0.886819 0.134497 0
0.884531 0.137119 0
0.88316 0.138864 0
0.884717 0.137477 0
0.886073 0.136102 0
0.887266 0.137613 0
0.886318 0.13967 1
0.886854 0.142624 0
0.886973 0.143413 0
0.886548 0.142726 0
0.887424 0.14301 0
0.887642 0.144326 0
0.886918 0.145253 0
0.886412 0.145681 0
0.887135 0.145889 0
0.888486 0.145859 0
0.890266 0.147203 0
0.891892 0.149954 0
0.891128 0.154055 0
0.888726 0.156506 0
0.887388 0.155945 0
0.886667 0.156549 0
0.884313 0.157358 0
0.881308 0.15606 0
0.880451 0.15269 0
0.879607 0.146398 0
0.878629 0.144483 0
0.880867 0.143423 0
0.876028 0.147678 0
0.875722 0.145683 0
0.876129 0.136878 0
0.877145 0.131494 0
0.879321 0.128291 0
0.880305 0.121216 0
0.883662 0.114646 0
0.885748 0.109798 0
0.88643 0.104717 1
0.887253 0.101491 0
0.889708 0.0988842 0
0.892824 0.0985191 0
0.895206 0.0977996 0
0.897862 0.0961335 0
0.898872 0.0933746 0
0.899724 0.0912538 0
0.901223 0.0898999 0
0.903869 0.0888091 0
0.905175 0.0866842 0
0.907861 0.0844565 0
0.911358 0.0823104 0
0.913741 0.0811642 0
0.916997 0.0803587 0
0.9198 0.0783927 0
0.921826 0.0776154 0
0.924476 0.0758704 0
0.928661 0.0752088 0
0.931496 0.0744327 0
0.931768 0.0728341 0
0.931367 0.0715573 0
0.933748 0.0702361 0
0.936296 0.0699702 0
0.939296 0.0707688 1
0.94213 0.0719465 0
0.944432 0.0716217 0
0.945509 0.0715464 0
0.94241 0.0718905 0
0.949872 0.0717777 0
0.95172 0.0713056 0
0.955149 0.0734953 0
0.953191 0.0730747 0
0.955294 0.0779356 0
0.955 0.0806163 0
0.957675 0.078887 0
0.960715 0.0805697 0
0.960604 0.0817605 0
0.960798 0.0820349 0
0.962104 0.0837401 0
0.963944 0.0863128 0
0.967754 0.0878223 0
0.968589 0.101733 0
0.97097 0.106553 0
0.969704 0.105816 0
0.97411 0.103746 0
0.976788 0.100074 0
0.976886 0.0957638 0
0.977122 0.0940813 1
0.976481 0.101411 0
0.978158 0.10666 0
0.977831 0.107626 0
0.974933 0.106803 0
0.974177 0.110181 0
0.975155 0.115298 0
0.973065 0.116587 0
0.976585 0.123468 0
0.973858 0.127604 0
0.970797 0.13159 0
0.979219 0.143946 0
0.970807 0.139205 0
0.974783 0.146598 0
0.977249 0.15255 0
0.978727 0.158789 0
0.980538 0.161346 0
0.978852 0.16184 0
0.982844 0.167089 0
0.987241 0.17159 0
0.987252 0.168208 0
0.98904 0.167128 0
0.990979 0.166156 0
0.991984 0.166296 0
0.993559 0.167174 0
0.993015 0.16322 0
0.995299 0.164438 0
0.995626 0.165341 0
0.997526 0.167778 0
0.997549 0.167273 0
1 0.168101 0
0.999574 0.16913 0
0.997745 0.169019 1
0.997859 0.169458 0
0.998426 0.171406 0
0.997959 0.174053 0
0.997355 0.172859 0
0.997252 0.171539 0
0.996604 0.169551 0
0.996605 0.168777 0
0.997298 0.168915 0
0.995839 0.168763 0
0.993293 0.167706 0
0.991923 0.167268 0
0.991029 0.166253 0
0.986922 0.161038 0
0.984547 0.160552 0
0.981931 0.159432 0
0.979335 0.156667 0
0.975512 0.15386 0
0.971734 0.151986 0
0.96828 0.151049 0
0.964565 0.150039 0
0.959418 0.146822 0
0.954641 0.144101 0
0.95409 0.145737 0
0.955214 0.149151 0
0.952631 0.151396 0
0.951522 0.14993 0
0.947045 0.146668 0
0.94341 0.14622 0
0.942272 0.149055 0
0.944422 0.154669 1
0.943807 0.157821 0
0.944307 0.166551 0
0.94032 0.164451 0
0.937846 0.164772 0
0.936254 0.166869 0
0.935191 0.169694 0
0.933747 0.171065 0
0.932541 0.173264 0
0.930816 0.175845 0
0.929632 0.179399 0
0.929512 0.182875 0
0.928067 0.183425 0
0.927646 0.185683 0
0.92602 0.189704 0
0.92446 0.189767 0
0.922489 0.186812 0
0.920132 0.184386 0
0.918183 0.183252 0
0.918163 0.182294 0
0.9164 0.181298 0
0.914688 0.180231 0
0.911346 0.174786 0
0.909328 0.171058 0
0.906746 0.167101 0
0.904888 0.164487 0
0.903171 0.16396 0
0.900785 0.160557 0
0.898861 0.157014 0
0.897773 0.156896 0
0.896422 0.155216 0
0.894974 0.154071 0
0.892878 0.150996 0
0.892289 0.149504 0
0.890517 0.147756 0
0.887713 0.145214 0
0.885602 0.143096 0
0.884891 0.141481 0
0.885062 0.140826 0
0.884707 0.139889 0
0.883108 0.138814 0
0.881696 0.138893 0
0.879338 0.136257 0
0.876375 0.132853 0
0.873858 0.12972 0
0.874104 0.129893 0
0.880627 0.143143 0
0.871959 0.130064 0
0.87131 0.126969 0
0.869821 0.12602 0
0.869858 0.125538 0
0.869926 0.125501 0
0.868146 0.124117 0
0.865916 0.122973 0
0.864186 0.121264 0
0.86203 0.120409 0
0.859897 0.121354 0
0.859002 0.123714 0
0.858959 0.125681 1
0.854374 0.123814 0
0.85089 0.123654 0
0.849231 0.126391 0
0.844812 0.126984 0
0.839503 0.130353 0
0.837596 0.134142 0
