0.79648 0.413201 0
0.448604 0.0672796 0
0.421877 0.0699626 0
0.401195 0.0655398 0
0.380758 0.0548767 0
0.35727 0.0521528 0
0.336202 0.0374131 0
0.314307 0.0348109 0
0.295565 0.0451013 0
0.275101 0.0505244 0
0.251336 0.0454764 0
0.227962 0.0341825 0
0.205478 0.0297143 0
0.183102 0.0407504 0
0.156342 0.0550905 0
0.141369 0.0550467 0
0.117134 0.0462779 0
0.0965707 0.0415158 0
0.078924 0.0430696 0
0.0652538 0.0426116 0
0.0517753 0.0439542 0
0.0392427 0.046412 0
0.0296738 0.0422262 0
0.0171589 0.0389832 0
0.00113455 0.0411266 1
0.0122342 0.0686329 0
0.0181854 0.0857428 0
0.0175644 0.099178 0
0.0191563 0.110341 0
0.0170945 0.117535 0
0 0.11892 0
0.00348892 0.14147 0
0.0175418 0.174209 0
0.0368525 0.211264 0
0.0595363 0.250222 0
0.0760831 0.290446 0
0.0935695 0.331259 0
0.114897 0.378928 0
0.138844 0.42805 0
0.158365 0.477187 0
0.172051 0.512298 0
0.181296 0.534472 0
0.193501 0.547515 0
0.205538 0.552946 0
0.213676 0.54792 0
0.220704 0.539384 0
0.230505 0.532859 0
0.241243 0.525466 0
0.253287 0.516922 0
0.265615 0.503563 0
0.282976 0.487458 0
0.305161 0.471092 0
0.331062 0.462225 0
0.356559 0.447039 0
0.381406 0.42719 0
0.411236 0.418392 0
0.446363 0.410926 0
0.480087 0.396787 0
0.510377 0.382406 0
0.54129 0.372061 0
0.571962 0.358189 0
0.601861 0.342266 0
0.637371 0.332873 0
0.677099 0.323111 0
0.704379 0.313674 0
0.732412 0.302125 0
0.758419 0.283677 0
0.782867 0.272221 0
0.811665 0.26313 0
0.82747 0.251523 0
0.844237 0.248872 0
0.854209 0.252973 0
0.870935 0.255184 0
0.891315 0.248014 0
0.908034 0.23932 0
0.920791 0.235856 0
0.93172 0.23683 0
0.942248 0.241345 0
0.950934 0.242293 0
0.953684 0.236721 0
0.954827 0.232826 0
0.95773 0.233903 0
0.962487 0.237756 0
0.969243 0.245339 0
0.971336 0.252734 0
0.967997 0.254393 0
0.964914 0.256742 0
0.960621 0.259946 0
0.917775 0.255772 0
0.889629 0.250031 0
0.866518 0.239518 0
0.841833 0.228674 0
0.822936 0.215561 0
0.810432 0.189291 0
0.78849 0.164397 0
0.766893 0.139028 0
0.748846 0.119155 0
0.728675 0.102013 0
0.704531 0.089555 0
0.685688 0.0886322 0
0.665864 0.090401 0
0.64551 0.0900601 0
0.621187 0.08238 0
0.596852 0.0719789 0
0.576711 0.0697753 0
0.555175 0.0690536 0
0.527646 0.0576062 0
0.497889 0.047929 0
0.479925 0.0484191 0
0.460632 0.0543884 0
0.435965 0.0579737 0
0.41007 0.0577605 0
0.384699 0.0531107 0
0.352043 0.0484174 0
0.320754 0.0484145 0
0.29798 0.0362622 0
0.268412 0.0311315 0
0.235117 0.0255874 0
0.208638 0.0225773 1
0.178516 0.0328854 0
0.153717 0.0393292 0
0.13436 0.0370699 0
0.120178 0.0383799 0
0.103284 0.0422929 0
0.0865559 0.0494197 0
0.0777219 0.0538602 0
0.0717926 0.0604074 0
0.0636688 0.0686575 0
0.0554292 0.0695303 0
0.0526633 0.0802424 0
0.0508049 0.0950412 0
0.0476538 0.0998639 0
0.0461408 0.109304 0
0.0483214 0.122911 0
0.0457239 0.136189 0
0.0458041 0.143336 0
0.0288511 0.154148 0
0.0228687 0.167277 0
0.0258264 0.195085 0
0.0401015 0.23364 0
0.0502736 0.264526 0
0.0685001 0.309373 0
0.0876701 0.367315 0
0.106604 0.421225 0
0.120573 0.474797 0
0.13819 0.523622 0
0.150876 0.550669 1
0.16331 0.548603 0
0.172224 0.544683 0
0.188904 0.549281 0
0.211663 0.557333 0
0.225321 0.553054 0
0.230818 0.540292 0
0.247346 0.535141 0
0.27356 0.538518 0
0.30525 0.550604 0
0.305515 0.514202 0
0.331716 0.498758 0
0.361555 0.487112 0
0.391588 0.47302 0
0.427858 0.468473 0
0.456815 0.459041 0
0.481184 0.439866 0
0.51408 0.426058 0
0.549849 0.415362 0
0.58347 0.403544 0
0.615192 0.388832 0
0.672153 0.399598 0
0.705164 0.388465 0
0.712124 0.352586 0
0.760063 0.348258 1
0.776721 0.321717 0
0.800977 0.300547 0
0.833126 0.290996 0
0.856444 0.281233 0
0.875393 0.267576 0
0.895316 0.260842 0
0.907814 0.255847 0
0.921264 0.250113 0
0.933429 0.241311 0
0.944425 0.238331 0
0.954482 0.24184 0
0.959893 0.240007 0
0.965625 0.239914 0
0.975425 0.244046 0
0.98177 0.250218 0
0.983465 0.257153 0
0.988471 0.263473 0
0.993962 0.265283 0
0.995173 0.266678 0
1 0.264941 1
0.963624 0.260584 0
0.935114 0.253624 0
0.920202 0.246372 0
0.905917 0.232543 0
0.893996 0.217543 0
0.887798 0.191696 0
0.878387 0.1745 0
0.870936 0.160251 0
0.863877 0.140467 0
0.848661 0.115875 0
0.833397 0.104914 0
0.818503 0.0943585 0
0.803704 0.0858317 0
0.782283 0.0716214 0
0.759932 0.0598213 0
0.738435 0.0512473 0
0.714943 0.0398497 0
0.689019 0.0245459 0
0.666074 0.00978931 0
0.644158 0 1
0.614942 0.00506814 0
0.595291 0.0115975 0
0.569471 0.0246495 0
0.545523 0.0397983 0
0.518507 0.0408319 0
0.482046 0.0332153 0
0.443566 0.0333765 0
0.413362 0.0426983 0
0.373375 0.0394806 0
0.332494 0.0366114 0
0.29467 0.0401948 0
0.258226 0.0482284 0
0.224841 0.0623139 0
0.196113 0.0621649 0
0.174818 0.0632062 0
0.147237 0.0817891 0
0.124818 0.0842142 0
0.100762 0.0930335 0
0.0819748 0.104374 0
0.0695753 0.110902 0
0.065175 0.119779 0
0.0699496 0.14105 0
0.0769225 0.155368 0
0.063657 0.167209 0
0.0583725 0.176802 0
0.0567425 0.17535 0
0.0541677 0.184142 0
0.0520005 0.187742 0
0.0477934 0.186789 0
0.0476845 0.194939 0
0.0662584 0.20963 0
0.0339453 0.21651 0
0.0459845 0.243488 0
0.0520537 0.288065 0
0.0726391 0.332053 0
0.10392 0.393066 0
0.129234 0.441987 0
0.143525 0.481946 0
0.168642 0.52023 0
0.193579 0.577791 0
0.201085 0.627982 0
0.200093 0.659558 0
0.223579 0.674101 0
0.247616 0.681744 0
0.269049 0.695203 0
0.277049 0.70338 0
0.273157 0.697383 0
0.267407 0.693417 0
0.278681 0.700849 0
0.265833 0.677932 0
0.273902 0.678089 0
0.262843 0.661523 1
