0.857586 0.108433 1
0.862974 0.0964317 0
0.859155 0.0834477 0
0.848216 0.0650889 0
0.874082 0.0646403 0
0.858045 0.049387 0
0.861145 0.0394931 0
0.872726 0.0289636 0
0.886258 0.0187601 0
0.897783 0.0133023 0
0.911213 0.0123317 0
0.922366 0.0173956 0
0.927014 0.0269269 0
0.928833 0.0382258 0
0.930824 0.0508508 0
0.942094 0.0671305 0
0.941243 0.0763973 0
0.937376 0.0934231 0
0.926702 0.123462 0
0.905124 0.156014 0
0.892725 0.181407 0
0.883916 0.208956 0
0.876106 0.245747 0
0.865838 0.276122 0
0.851719 0.308217 0
0.844989 0.339198 0
0.844938 0.365814 0
0.831822 0.396215 0
0.824854 0.425891 0
0.819545 0.449853 0
0.80899 0.47891 0
0.794166 0.501623 0
0.785768 0.522623 0
0.781233 0.542305 0
0.768658 0.556405 0
0.75857 0.565733 0
0.749106 0.570743 0
0.735646 0.579957 0
0.715419 0.589918 0
0.699798 0.591526 0
0.681508 0.589594 0
0.647431 0.58517 0
0.620269 0.580189 0
0.584638 0.576936 0
0.563228 0.571339 0
0.527508 0.568163 0
0.502554 0.568001 0
0.462559 0.557101 0
0.425037 0.544932 0
0.388673 0.532042 0
0.355514 0.520004 0
0.324364 0.508541 0
0.290867 0.491882 1
0.254624 0.460083 0
0.218278 0.426238 0
0.18713 0.390776 0
0.164677 0.35928 0
0.159405 0.347238 0
0.138628 0.319919 0
0.115155 0.288938 0
0.101006 0.266323 0
0.0758968 0.228398 0
0.0605828 0.205553 0
0.0551849 0.195516 0
0.0443994 0.176829 0
0.0280494 0.146881 0
0.0231763 0.129229 0
0.0199438 0.11922 0
0.0199036 0.112812 0
0.0176943 0.107721 0
0.0134297 0.104863 0
0.0101335 0.102964 0
0.00212635 0.0986956 1
0.000441012 0.098908 0
0 0.102761 0
0.000340446 0.108036 0
0.000809912 0.112826 0
0.00164014 0.115873 0
0.00587081 0.116129 0
0.0143669 0.11417 0
0.0300811 0.127965 0
0.0435068 0.148553 0
0.0587881 0.170977 0
0.0727491 0.185287 0
0.0824263 0.194761 0
0.0945982 0.195122 0
0.100223 0.197308 0
0.10578 0.198032 0
0.119887 0.194374 0
0.131493 0.188294 0
0.137322 0.184017 0
0.146623 0.182703 0
0.15699 0.187089 0
0.17255 0.18968 0
0.185636 0.182714 0
0.194539 0.178173 0
0.20523 0.180392 1
0.225182 0.187001 0
0.248505 0.187343 0
0.269883 0.192332 0
0.289981 0.206066 0
0.322796 0.21123 0
0.357787 0.210027 0
0.389294 0.214202 0
0.41521 0.222489 0
0.441352 0.227228 0
0.473955 0.225535 0
0.511899 0.220301 0
0.545438 0.214981 0
0.57177 0.217419 0
0.597642 0.219712 0
0.62904 0.214308 0
0.663661 0.202954 0
0.691251 0.19724 0
0.715293 0.194845 0
0.743438 0.186699 0
0.766911 0.180361 0
0.791542 0.180919 0
0.810226 0.178359 0
0.821058 0.168746 0
0.832106 0.152084 0
0.84745 0.129621 0
0.858988 0.112939 0
0.869319 0.0867309 0
0.888172 0.0675293 0
0.897898 0.0441949 0
0.912923 0.0290985 0
0.928946 0.0247129 0
0.933929 0.0174146 0
0.938537 0.0150507 0
0.951302 0.0136041 0
0.963889 0.00439095 0
0.9801 0.00436978 0
0.992916 0 0
0.994913 0.00598251 0
0.989182 0.0213042 0
0.986841 0.0378499 0
0.984609 0.0520517 0
0.994095 0.0590428 1
1 0.0659229 0
0.991062 0.0840563 0
0.975471 0.111541 0
0.962249 0.14018 0
0.9463 0.172926 0
0.925692 0.202507 0
0.910384 0.227534 0
0.910495 0.241235 0
0.903564 0.274888 0
0.883173 0.328921 0
0.892692 0.329498 0
0.889512 0.362681 0
0.87533 0.399811 0
0.864017 0.429705 0
0.850302 0.462631 0
0.828251 0.500336 0
0.818834 0.513923 0
0.808056 0.530959 0
0.795363 0.550502 0
0.775413 0.565872 0
0.759487 0.577868 0
0.741031 0.582587 0
0.71984 0.587272 0
0.70102 0.58717 0
0.677975 0.584918 0
0.652034 0.584418 0
0.624965 0.582353 0
0.59485 0.579505 0
0.562503 0.57068 0
0.531338 0.561002 0
0.500037 0.5551 0
0.468484 0.554946 0
0.441945 0.547146 0
0.412059 0.538075 0
0.383004 0.524777 0
0.357194 0.506891 0
0.333437 0.488882 0
0.307038 0.470068 0
0.279577 0.450467 0
0.258377 0.422674 0
0.231889 0.39601 0
0.203334 0.366179 0
0.176356 0.339658 0
0.150808 0.316184 0
0.128956 0.28827 0
0.114466 0.261059 0
0.102633 0.236833 0
0.0868483 0.214351 0
0.0638774 0.192173 0
0.0468195 0.172621 0
0.0395995 0.154081 0
0.0355991 0.136208 0
0.0319655 0.125146 0
0.0281498 0.121583 0
0.0232419 0.118251 0
0.0183137 0.115508 0
0.0157435 0.115441 0
0.0114879 0.108858 0
0.00745472 0.106542 0
0.0042362 0.10617 0
0.0045751 0.105842 0
0.00337093 0.10128 1
0.00862115 0.112172 0
0.017984 0.126759 0
0.0311866 0.144984 0
0.0329095 0.166589 0
0.0439226 0.186911 0
0.0613566 0.199958 0
0.0721487 0.206162 0
0.0793792 0.213277 0
0.0936838 0.215877 0
0.109465 0.213106 0
0.132485 0.206366 0
0.13993 0.202442 0
0.144165 0.204312 0
0.144746 0.212069 0
0.168441 0.202948 0
0.183412 0.199213 0
0.192116 0.201637 0
0.202127 0.206135 0
0.220311 0.208396 0
0.238625 0.212378 0
0.251736 0.220636 0
0.270473 0.223453 0
0.297259 0.224477 0
0.323255 0.230304 0
0.348207 0.23211 0
0.365442 0.238023 0
0.410803 0.232269 0
0.440386 0.235732 0
0.458968 0.240866 0
0.480658 0.245268 0
0.506953 0.248166 0
0.533513 0.248839 0
0.565792 0.246358 0
0.599654 0.239296 0
0.62311 0.236876 0
0.640941 0.2385 0
0.665503 0.230225 0
0.68713 0.221138 0
0.732998 0.195698 0
0.733476 0.199207 0
0.757341 0.19045 0
0.768568 0.184629 0
0.780612 0.170425 0
0.791722 0.152444 0
0.80559 0.133175 0
0.828349 0.108244 0
0.848419 0.0863309 0
0.867749 0.0648918 0
0.888679 0.0464282 0
0.903417 0.0363839 0
0.912416 0.0282637 0
0.925247 0.0172687 0
0.938885 0.00770947 0
0.946529 0.00149659 1
0.954283 0.00389446 0
0.962525 0.00707547 0
0.965408 0.015215 0
0.968362 0.0326208 0
0.971615 0.046773 0
0.972736 0.0571509 0
0.969282 0.0655995 0
0.968022 0.0728179 0
0.969591 0.0855654 0
0.964059 0.106621 0
0.952467 0.132941 0
0.939015 0.163976 0
0.925824 0.195899 0
0.919717 0.226022 0
0.91147 0.256239 0
0.880373 0.293363 0
0.868733 0.329153 0
0.851473 0.349466 0
0.864304 0.388429 0
0.859698 0.428705 0
0.858219 0.455651 0
0.84619 0.484364 0
0.836752 0.515268 0
0.827077 0.535962 0
0.820775 0.548455 0
0.812208 0.572533 1
0.798621 0.583041 0
0.78569 0.593541 0
0.763804 0.59229 0
0.747102 0.593544 0
0.732569 0.596155 0
0.708429 0.597271 0
0.688534 0.594721 0
0.667969 0.598909 1
0.641481 0.590773 0
0.622999 0.58215 0
0.571174 0.575266 0
0.545873 0.567157 0
0.528934 0.560739 0
0.513756 0.557677 0
0.464317 0.549589 0
0.43877 0.539402 0
0.404014 0.525351 0
0.377401 0.512557 0
0.35855 0.495061 0
0.321026 0.472758 0
0.289532 0.450175 0
0.248084 0.423394 0
0.217181 0.394313 0
0.192281 0.364618 0
0.163738 0.333812 0
0.149263 0.302554 0
0.128713 0.279546 0
0.106892 0.252303 0
