0.569968 0.112493 0
0.595421 0.0123187 0
0.627426 0.0129997 0
0.659569 0.00655089 0
0.683133 0.0295579 0
0.714262 0.0306886 0
0.75032 0.0653709 0
0.882752 0.387016 0
0.883294 0.432498 0
0.883909 0.453896 0
0.885665 0.474042 0
0.890604 0.494891 0
0.897488 0.507966 0
0.9216 0.524654 0
0.923461 0.578088 0
0.94013 0.571655 0
0.947637 0.559592 0
0.958368 0.539373 0
0.959811 0.539416 0
0.963614 0.545264 0
0.971798 0.547034 0
0.980268 0.547311 0
0.979787 0.532283 0
0.989103 0.517203 0
0.999301 0.542472 0
1 0.553131 0
0.966073 0.525146 0
0.968195 0.451029 0
0.920626 0.432144 0
0.919185 0.396285 0
0.891592 0.378814 0
0.878406 0.354645 0
0.879962 0.323491 0
0.851368 0.310585 0
0.837447 0.293405 0
0.832735 0.260208 0
0.811253 0.256523 0
0.796899 0.241643 0
0.780877 0.227309 0
0.76371 0.210463 0
0.744937 0.214665 0
0.713691 0.215185 0
0.694648 0.206119 0
0.668178 0.204365 0
0.659192 0.20848 0
0.634682 0.200315 0
0.611488 0.195909 0
0.59017 0.193972 0
0.579574 0.186625 0
0.560869 0.17233 0
0.544925 0.168809 0
0.52713 0.153454 0
0.512424 0.137714 1
0.510417 0.141886 0
0.502361 0.1526 0
0.499163 0.163671 0
0.489189 0.169965 0
0.463016 0.193522 0
0.447188 0.215952 0
0.432492 0.253909 0
0.39683 0.289166 0
0.375185 0.346867 0
0.343823 0.371517 0
0.320441 0.391775 0
0.292352 0.421502 0
0.265858 0.439233 0
0.254651 0.463432 0
0.215754 0.49164 0
0.194553 0.50436 0
0.163046 0.521416 0
0.147063 0.545958 0
0.121912 0.568292 0
0.10817 0.583922 0
0.0987765 0.58105 0
0.0919349 0.575443 0
0.0781614 0.583156 0
0.0639042 0.581932 0
0.0456771 0.57744 0
0.0335416 0.578316 0
0.02051 0.599473 0
0.0145585 0.591314 0
0.0111438 0.575473 0
0.020649 0.561233 0
0.0166764 0.554831 0
0.0174106 0.54662 0
0.0246691 0.53836 0
0.0265604 0.533463 1
0.0296466 0.509348 0
0.0257497 0.488556 0
0.0343935 0.473458 0
0.0402492 0.449744 0
0.0296622 0.432719 0
0.0491127 0.399753 0
0.0497799 0.369989 0
0.0511186 0.346834 0
0.0574358 0.321519 0
0.0669348 0.294035 0
0.0795662 0.270631 0
0.110965 0.206797 0
0.108464 0.203057 0
0.119148 0.202419 0
0.124751 0.190218 0
0.136308 0.176804 0
0.148862 0.163586 0
0.173708 0.150972 0
0.183001 0.148353 0
0.199461 0.13606 0
0.208908 0.11451 0
0.246283 0.0918439 0
0.25947 0.082257 0
0.306944 0.0550224 0
0.328835 0.0376195 0
0.370628 0.0263805 0
0.404218 0.0175463 0
0.424005 0.0168985 0
0.456357 0.0271841 0
0.501125 0.0417813 0
0.5229 0.0571814 0
0.525393 0.0583523 0
0.532144 0.0460183 0
0.567941 0.0285627 0
0.586375 0.021099 0
0.598578 0.0145013 0
0.621054 0.00996494 0
0.656243 0 0
0.672597 0.0153453 0
0.693477 0.0214692 0
0.72378 0.0583135 0
0.842056 0.445518 0
0.885951 0.464953 0
0.892934 0.479704 0
0.902123 0.490373 0
0.907946 0.507149 0
0.913475 0.5175 0
0.929465 0.517933 0
0.934557 0.509838 0
0.935072 0.50911 0
0.935175 0.508902 0
0.935841 0.50955 0
0.937185 0.51082 0
0.941382 0.516608 0
0.949374 0.521285 0
0.946755 0.521413 0
0.939213 0.514838 0
0.935191 0.508896 1
0.931728 0.476896 0
0.914807 0.453416 0
0.911227 0.429728 0
0.894637 0.399837 0
0.881026 0.387562 0
0.881521 0.362423 0
0.8762 0.339875 0
0.877886 0.309583 0
0.850869 0.300422 0
0.835224 0.279683 0
0.815604 0.263835 0
0.806888 0.236916 0
0.786026 0.224098 0
0.771745 0.218684 1
0.755705 0.220862 0
0.739203 0.226595 0
0.720176 0.217474 0
0.695851 0.215729 0
0.679293 0.220399 0
0.657957 0.219677 0
0.640826 0.213076 0
0.622491 0.21352 0
0.597687 0.203316 0
0.577179 0.187934 0
0.559535 0.181011 0
0.54359 0.170137 0
0.527113 0.161295 0
0.514701 0.154884 0
0.503727 0.15057 0
0.484769 0.171419 0
0.475819 0.183246 0
0.458552 0.204337 0
0.438741 0.220399 0
0.414607 0.256123 0
0.385182 0.294065 0
0.369101 0.327785 0
0.337286 0.364543 0
0.302639 0.389457 0
0.255444 0.424865 0
0.236939 0.447162 0
0.218816 0.462023 0
0.193877 0.473912 0
0.192184 0.481366 0
0.157444 0.4998 0
0.145978 0.516615 0
0.13035 0.528113 0
0.111622 0.550617 0
0.0960022 0.57589 0
0.0821568 0.579181 0
0.0644205 0.584288 0
0.0569767 0.587454 0
0.0491546 0.590022 1
0.0413012 0.606936 0
0.0314103 0.613173 0
0.0211496 0.617921 0
0.0188647 0.614286 0
0.0115076 0.612621 0
0 0.607643 0
0.00305924 0.596264 0
0.00579557 0.578677 0
0.0130772 0.570512 0
0.0136267 0.561107 0
0.0295416 0.546122 0
0.0370252 0.53457 0
0.0432203 0.508387 0
0.0562818 0.474267 0
0.0520081 0.455829 0
0.0520372 0.434943 0
0.0641339 0.406575 0
0.0727535 0.374284 0
0.0789801 0.355909 0
0.0815033 0.332062 1
0.0892635 0.312264 0
0.0924813 0.270121 0
0.0968682 0.246494 0
0.11751 0.203644 0
0.12212 0.206665 0
0.11 0.198906 0
0.135624 0.176022 0
0.16114 0.162223 0
0.173477 0.153234 0
0.189242 0.146372 1
0.218072 0.128012 0
0.239974 0.0948826 0
0.263667 0.0763222 0
0.299174 0.0656063 0
0.332864 0.0450949 0
0.354713 0.0353591 0
0.385583 0.0271 0
0.416571 0.0330629 0
0.442975 0.0267456 0
0.466352 0.0338555 0
0.50715 0.0381038 0
0.523785 0.0648485 1
0.536572 0.0631715 0
0.563176 0.0573647 0
0.576632 0.0467177 0
0.599126 0.0279222 0
0.632746 0.0303403 0
0.665531 0.0182272 0
0.687964 0.0352736 0
0.717745 0.025084 0
0.75182 0.0699793 0
0.841536 0.383404 0
0.853871 0.447514 0
0.872532 0.448327 0
0.877498 0.4614 0
0.872241 0.480305 0
0.882459 0.50553 0
0.900646 0.519214 0
0.903196 0.539911 0
0.936865 0.544701 0
0.939025 0.53504 0
0.940639 0.525547 0
0.941394 0.518042 0
0.945623 0.525642 0
0.945912 0.530073 0
0.950726 0.533529 0
0.958725 0.52399 0
0.949635 0.517554 0
0.930968 0.502097 0
0.921661 0.477893 0
0.916365 0.457976 0
0.904902 0.433255 0
0.902645 0.414168 0
0.901127 0.39289 0
0.89329 0.371791 0
0.883421 0.346477 0
0.875167 0.318313 0
0.855358 0.316166 0
0.84087 0.289319 0
0.814143 0.271172 0
