0.696413 0.205476 0
0.655799 0.0352206 0
0.674742 0.0431341 0
0.691983 0 0
0.805131 0.412568 0
0.830543 0.477709 0
0.842772 0.489554 0
0.856202 0.497051 0
0.859833 0.491423 0
0.871275 0.50357 0
0.875104 0.508998 0
0.883394 0.511027 0
0.887862 0.519243 0
0.896256 0.52347 0
0.903332 0.526766 0
0.906221 0.53248 0
0.921324 0.539213 0
0.922413 0.542348 0
0.924525 0.54378 0
0.927879 0.542536 0
0.930325 0.543192 0
0.93331 0.544613 0
0.935209 0.545134 1
0.935134 0.545859 0
0.934124 0.549176 0
0.932742 0.555981 0
0.938276 0.563794 0
0.941986 0.565241 0
0.946611 0.568222 0
0.949862 0.567179 0
0.960827 0.569621 0
0.967648 0.571859 0
0.969645 0.571483 0
0.972396 0.562773 0
0.991076 0.532247 0
0.993001 0.531189 0
0.997123 0.530271 0
0.995871 0.53015 0
0.995882 0.514643 0
0.994082 0.50384 0
0.994452 0.49504 0
0.991422 0.479078 0
0.987917 0.473129 0
0.989376 0.470071 0
0.971661 0.455219 0
0.965766 0.425956 0
0.942853 0.387806 0
0.92739 0.374294 0
0.911882 0.356524 0
0.888319 0.344976 0
0.896029 0.315466 0
0.862133 0.313809 0
0.847619 0.303339 0
0.841454 0.275292 0
0.820907 0.268554 0
0.807634 0.258985 0
0.792791 0.259056 0
0.783584 0.245863 0
0.76733 0.242415 1
0.750279 0.238947 0
0.739053 0.23074 0
0.734803 0.232726 0
0.711281 0.223225 0
0.704936 0.227002 0
0.691151 0.222056 0
0.674363 0.214957 0
0.652333 0.198802 0
0.650247 0.204899 0
0.62605 0.204884 0
0.586935 0.198083 0
0.574253 0.191593 0
0.558335 0.189025 0
0.541496 0.18808 0
0.52765 0.185853 0
0.509799 0.185383 0
0.503251 0.17821 0
0.487299 0.170204 0
0.479644 0.162098 0
0.465889 0.156377 0
0.454452 0.149871 0
0.445504 0.14031 1
0.443099 0.148276 0
0.439982 0.156565 0
0.426786 0.191784 0
0.423752 0.199509 0
0.408259 0.220117 0
0.40681 0.230558 0
0.394219 0.248388 0
0.384508 0.327709 0
0.370191 0.348172 0
0.359846 0.371913 0
0.348695 0.390888 0
0.341102 0.412282 0
0.323568 0.430577 0
0.313031 0.452127 0
0.30096 0.463277 0
0.283409 0.48352 0
0.256339 0.502102 0
0.247723 0.515825 0
0.22756 0.527389 0
0.231652 0.532035 0
0.210588 0.536474 0
0.190668 0.552526 0
0.172299 0.549602 0
0.155679 0.564828 0
0.137691 0.566867 0
0.130987 0.568323 0
0.12677 0.573499 0
0.118715 0.577723 0
0.11136 0.580782 0
0.101682 0.584529 0
0.0969282 0.583994 0
0.0790699 0.572241 0
0.0657405 0.570957 0
0.0523623 0.5741 0
0.0432958 0.570956 0
0.0372587 0.569967 0
0.031734 0.56349 0
0.0244332 0.563168 0
0.0176329 0.558025 0
0.0125884 0.549034 0
0.0117779 0.538975 0
0.0122482 0.531586 0
0.0122587 0.52119 0
0.0115478 0.512374 1
0.00893576 0.504058 0
0.00438403 0.492473 0
0 0.478728 0
0.00640494 0.463514 0
0.0135907 0.452274 0
0.0153496 0.442477 0
0.0200935 0.433823 0
0.0266399 0.428128 0
0.0280653 0.42033 0
0.0328814 0.416613 0
0.0582157 0.344183 0
0.0595971 0.323322 0
0.076451 0.305074 0
0.07366 0.285296 0
0.0865735 0.269949 0
0.103317 0.26118 0
0.12101 0.250343 0
0.131415 0.239228 0
0.143327 0.220837 0
0.154317 0.213663 0
0.165209 0.205226 0
0.173251 0.188338 0
0.191389 0.175805 0
0.209299 0.170797 0
0.221104 0.167303 0
0.235663 0.155329 1
0.249442 0.144711 0
0.269572 0.126263 0
0.283132 0.121661 0
0.301799 0.114484 0
0.313665 0.114469 0
0.337921 0.0947581 0
0.352863 0.0908658 0
0.367383 0.0870288 0
0.383613 0.0900996 0
0.398607 0.0870873 1
0.405383 0.0757508 0
0.419006 0.0624918 0
0.431341 0.0527685 0
0.477191 0.0358629 0
0.505888 0.0381741 0
0.524294 0.044818 0
0.546452 0.0499648 0
0.56346 0.0504369 0
0.57132 0.0463051 0
0.57337 0.0537577 0
0.582264 0.0440419 0
0.585942 0.0440415 0
0.599804 0.02437 0
0.607043 0.0247456 0
0.605584 0.0305183 0
0.614582 0.0300809 0
0.633848 0.022514 0
0.64921 0.0246392 0
0.662211 0.0131399 0
0.682102 0.0357697 0
0.801927 0.421535 0
0.813108 0.420999 0
0.834457 0.4229 0
0.844087 0.428 0
0.849313 0.436801 0
0.860461 0.443828 0
0.874452 0.453329 0
0.886087 0.464638 0
0.903492 0.476407 0
0.914691 0.491093 0
0.91713 0.504824 0
0.918653 0.506949 0
0.917144 0.510749 0
0.920853 0.519004 0
0.925231 0.525719 0
0.927441 0.527058 0
0.933183 0.532931 0
0.941092 0.544683 0
0.940869 0.544255 0
0.941614 0.543994 0
0.942579 0.544184 0
0.943676 0.543906 0
0.944379 0.543663 0
0.94557 0.543406 0
0.946369 0.543481 0
0.947119 0.543284 1
0.954015 0.541293 0
0.958604 0.540417 0
0.964185 0.537191 0
0.969672 0.53428 0
0.978362 0.527855 0
0.98819 0.512744 0
0.991001 0.509101 0
0.996623 0.496035 0
1 0.512563 0
0.9943 0.509873 0
0.986312 0.510005 0
0.991267 0.50149 0
0.995882 0.486741 0
0.988501 0.500508 0
0.959931 0.438895 0
0.94746 0.402711 0
0.922614 0.385518 0
0.899392 0.369005 0
0.877461 0.353024 0
0.873661 0.336244 0
0.858248 0.32538 0
0.847285 0.309979 0
0.831609 0.293081 0
0.821514 0.282439 0
0.806535 0.268027 0
0.805222 0.217891 0
0.742568 0.180075 0
0.717372 0.163607 0
0.697552 0.153184 0
0.684102 0.146358 0
0.671464 0.140293 0
0.658804 0.130237 0
0.647257 0.123563 0
0.630882 0.121155 0
0.624077 0.11816 0
0.616113 0.117369 0
0.600199 0.115112 0
0.585463 0.108085 1
0.5854 0.111708 0
0.580736 0.120086 0
0.572595 0.129577 0
0.573297 0.131172 0
0.568136 0.139701 0
0.550889 0.144721 0
0.537584 0.152462 0
0.531395 0.150767 0
0.521494 0.153091 0
0.502511 0.149789 0
0.477724 0.14509 0
0.436664 0.14016 0
0.429855 0.154345 0
0.421962 0.169758 0
0.416723 0.18109 0
0.410472 0.197141 0
0.392894 0.224782 0
0.379214 0.234129 0
0.382298 0.240566 0
0.366682 0.261051 0
0.364259 0.370148 0
0.338697 0.409336 0
0.324609 0.427458 0
0.306792 0.446082 0
0.289765 0.468014 0
0.276605 0.480424 0
0.270483 0.494892 0
0.254621 0.51074 0
0.244178 0.519975 0
0.227546 0.53561 0
0.214664 0.542895 0
0.20215 0.554376 0
0.199428 0.561254 0
0.188435 0.572327 0
0.173783 0.573965 0
0.157932 0.577252 0
0.147549 0.592828 0
0.132435 0.590152 0
0.121385 0.589581 0
0.113152 0.591267 0
0.0975125 0.587808 0
0.0864265 0.583925 0
0.0798839 0.581081 0
0.0727663 0.573684 1
0.0670571 0.577791 0
0.0572965 0.588883 0
0.0532483 0.585011 0
0.0474721 0.582095 0
0.0406641 0.584174 0
0.0349506 0.578965 0
0.018655 0.590191 0
0.000793515 0.594372 0
0.0243642 0.568027 0
0.00757016 0.572445 0
0.0075952 0.557268 0
0.025952 0.535564 0
0.028137 0.522472 0
0.0509963 0.483199 0
0.0340629 0.474492 0
0.0336915 0.458284 0
0.0285279 0.449858 0
0.0197889 0.43567 0
0.0313361 0.428703 0
0.0403232 0.418995 0
0.0377874 0.409834 0
0.0410688 0.400791 0
0.0465042 0.398915 0
0.0509132 0.396845 1
0.0536439 0.377165 0
0.0663657 0.350417 0
0.0764865 0.335097 0
0.0794119 0.313184 0
0.0960675 0.300207 0
0.109362 0.283153 0
0.120974 0.272586 0
0.135596 0.259817 0
0.14318 0.247135 0
0.156195 0.235881 0
0.175521 0.231633 0
0.190815 0.217889 0
0.199835 0.208796 0
0.216543 0.202029 0
0.228 0.19004 0
0.238032 0.182911 0
0.251952 0.176968 0
0.263142 0.164702 0
0.295538 0.136501 0
0.301717 0.136003 0
0.317425 0.129032 0
0.340711 0.11749 0
0.359585 0.103322 0
0.432704 0.0780628 0
0.479561 0.0661313 0
0.493677 0.0641343 0
0.498462 0.0643271 0
0.501698 0.0612198 0
0.508923 0.0639202 0
0.521823 0.0657618 0
0.525122 0.0703649 0
0.540168 0.0736642 0
0.549314 0.0801956 0
0.559054 0.0873735 1
0.559059 0.0873731 0
0.559082 0.0873841 0
0.55907 0.087375 0
0.559374 0.0876569 0
0.559756 0.08804 0
0.559243 0.0874109 0
0.559065 0.087384 0
0.559064 0.0873858 0
0.559163 0.0874194 0
0.561126 0.087427 0
0.568766 0.0790107 0
0.608362 0.0364026 0
0.653537 0.0478285 0
0.768242 0.44061 0
0.779138 0.424834 0
0.795044 0.42807 0
0.804503 0.432845 0
0.818672 0.444868 0
0.82123 0.447623 0
0.827284 0.4514 0
0.833872 0.458881 0
0.843824 0.465935 0
0.850446 0.483606 0
0.871689 0.488802 0
0.883788 0.511669 0
0.910928 0.533313 0
0.91474 0.537673 0
0.891276 0.49715 0
