0.403484 0.0198085 0
0.346823 0.0145254 0
0.290004 0.0265503 0
0.253263 0.034648 0
0.226013 0.0449856 0
0.198967 0.0554769 0
0.168712 0.0632904 0
0.137069 0.0693622 0
0.106797 0.0788043 0
0.0731752 0.0903067 0
0.0423794 0.106894 0
0.0212376 0.110051 0
0 0.114088 1
0.00666613 0.142532 0
0.0165493 0.168196 0
0.0236997 0.197516 0
0.0278354 0.234226 0
0.0347271 0.273199 0
0.0433428 0.316155 0
0.0538621 0.355975 0
0.0556702 0.401285 0
0.0689004 0.450994 0
0.090476 0.505857 0
0.101203 0.540241 0
0.110247 0.561379 0
0.11111 0.58377 0
0.115805 0.599103 0
0.120118 0.616748 0
0.120556 0.639762 0
0.115346 0.635413 0
0.105817 0.642287 0
0.0925739 0.633042 0
0.0746845 0.616345 0
0.0654106 0.603193 0
0.060695 0.589354 0
0.0805304 0.571567 0
0.0793063 0.564659 0
0.0942498 0.545259 0
0.120158 0.531894 0
0.156487 0.520691 0
0.198116 0.504233 0
0.24519 0.496234 0
0.299211 0.486651 0
0.349697 0.480934 0
0.399426 0.476626 0
0.452933 0.475175 0
0.512544 0.48123 0
0.572521 0.485487 0
0.626621 0.492475 0
0.664406 0.500295 0
0.689257 0.500267 0
0.714222 0.487407 0
0.748869 0.488406 0
0.781203 0.492266 0
0.812743 0.500806 0
0.845725 0.509555 0
0.866364 0.508467 0
0.907823 0.525913 0
0.92797 0.521188 0
0.928737 0.509302 0
0.932464 0.503437 1
0.935287 0.505453 0
0.934132 0.51409 0
0.929123 0.519637 0
0.953736 0.545672 0
0.936269 0.550596 0
0.95233 0.57018 0
0.969854 0.566027 0
0.999258 0.576313 0
1 0.576745 0
0.995885 0.576286 0
0.989131 0.571552 0
0.974938 0.564051 0
0.930813 0.534965 0
0.899409 0.51788 0
0.877194 0.508608 0
0.869536 0.486582 0
0.867996 0.47324 0
0.859801 0.449064 0
0.839232 0.420716 0
0.805382 0.375013 0
0.777959 0.345588 0
0.745753 0.31002 0
0.703016 0.262817 0
0.659698 0.216835 0
0.612141 0.171985 0
0.561259 0.125711 0
0.529204 0.0942449 0
0.500689 0.064917 0
0.475085 0.0306309 0
0.438955 0 1
0.38992 0.00944264 0
0.330927 0.0240899 0
0.291851 0.0331519 0
0.264655 0.0470957 0
0.233597 0.0651251 0
0.206762 0.0850816 0
0.182023 0.107106 0
0.15152 0.128306 0
0.106548 0.141404 0
0.076274 0.154754 0
0.0566962 0.161148 0
0.0436583 0.167862 0
0.0334258 0.184728 0
0.0318457 0.205322 0
0.0382387 0.22904 0
0.0392982 0.257915 0
0.04254 0.318423 0
0.0509733 0.348773 0
0.0619467 0.387556 0
0.0734428 0.427945 0
0.0867565 0.463052 0
0.105814 0.510278 0
0.133899 0.562328 0
0.139509 0.593534 0
0.145288 0.618398 0
0.152228 0.642399 0
0.152486 0.66076 0
0.141043 0.67559 0
0.116911 0.670101 0
0.109317 0.67535 0
0.0906693 0.668187 0
0.0726971 0.65344 0
0.061997 0.647672 0
0.0587112 0.637846 1
0.0928908 0.618075 0
0.114922 0.603677 0
0.147103 0.59542 0
0.176923 0.583922 0
0.210208 0.566737 0
0.259812 0.569161 0
0.28641 0.541052 0
0.306877 0.520238 0
0.351933 0.504387 0
0.417145 0.498965 0
0.458382 0.485793 0
0.54484 0.495675 0
0.556454 0.473868 0
0.584074 0.457672 0
0.596644 0.44902 0
0.614872 0.438099 0
0.642533 0.438544 0
0.665969 0.431068 0
