0.611895 0.0755373 0
0.640209 0.0738556 0
0.669382 0.0696112 0
0.701102 0.0700372 0
0.725785 0.0671359 0
0.751937 0.0870378 0
0.782282 0.128092 0
0.817175 0.168901 0
0.833385 0.204239 0
0.822039 0.238283 0
0.836259 0.299377 0
0.829959 0.343622 0
0.830864 0.387976 0
0.818447 0.429352 0
0.812183 0.477654 0
0.840985 0.540385 0
0.865007 0.599994 0
0.886931 0.666761 0
0.920986 0.716397 0
0.934153 0.755553 0
0.938219 0.78354 0
0.955691 0.819505 0
0.987559 0.853923 0
0.969593 0.856776 0
0.953571 0.863733 0
0.93811 0.862369 0
0.926617 0.862647 0
0.918984 0.857833 0
0.891514 0.8456 0
0.860219 0.838833 0
0.830477 0.848189 0
0.789767 0.849742 0
0.747127 0.856633 1
0.73545 0.830944 0
0.718666 0.803143 0
0.717039 0.789905 0
0.73119 0.79069 0
0.726752 0.783004 0
0.716162 0.76745 0
0.706389 0.752239 0
0.702294 0.752392 0
0.699354 0.756659 0
0.733368 0.79144 0
0.727791 0.786019 0
0.736761 0.793082 0
0.734687 0.801246 0
0.725859 0.80445 0
0.722143 0.810964 0
0.714381 0.814954 0
0.710513 0.823031 0
0.70737 0.84423 0
0.711081 0.861862 0
0.69316 0.860757 0
0.678583 0.862578 0
0.669429 0.866784 0
0.658389 0.868016 0
0.623949 0.864479 0
0.557068 0.82522 0
0.517649 0.803836 0
0.559557 0.844528 0
0.541554 0.833997 0
0.533202 0.828639 0
0.540143 0.836143 0
0.544486 0.835556 0
0.529788 0.822137 0
0.499654 0.787715 0
0.463346 0.744476 0
0.430437 0.705048 0
0.404424 0.698399 0
0.379879 0.683912 0
0.356284 0.654188 0
0.334293 0.624295 0
0.316611 0.595577 0
0.284172 0.552506 0
0.236751 0.497237 0
0.181619 0.438706 0
0.126076 0.382101 0
0.0569206 0.317277 0
0 0.252055 1
0.035762 0.217572 0
0.0862982 0.180764 0
0.139165 0.148902 0
0.188745 0.124777 0
0.259454 0.096677 0
0.343702 0.0743275 0
0.434619 0.0557798 0
0.522642 0.04386 0
0.591488 0.0376164 0
0.633425 0.0270762 0
0.643179 0.0178678 0
0.656996 0.0140759 0
0.688091 0.00904908 0
0.713263 0.00937791 0
0.748687 0.00143934 0
0.784177 0 1
0.817513 0.0450897 0
0.825926 0.0792478 0
0.819893 0.116495 0
0.828203 0.162666 0
0.831181 0.205166 0
0.823859 0.246946 0
0.810543 0.293849 0
0.788961 0.332286 0
0.773142 0.381239 0
0.75643 0.440905 0
0.771688 0.503989 0
0.804003 0.563616 0
0.852485 0.630089 0
0.910396 0.700532 0
0.968385 0.770269 0
0.981569 0.810659 0
1 0.846472 0
0.989317 0.858219 0
0.966905 0.863867 0
0.948145 0.862312 0
0.928996 0.862059 0
0.924407 0.855399 0
0.918044 0.84618 0
0.884719 0.826433 0
0.864779 0.815353 0
0.83857 0.831691 0
0.803144 0.844789 0
0.770813 0.847737 0
0.748555 0.839255 0
0.739974 0.828167 0
0.73232 0.813615 0
0.728244 0.798295 0
0.717771 0.791276 0
0.711202 0.770595 0
0.726294 0.753344 0
