1 0.484782 0
1 0.484782 0
1 0.484782 0
1 0.484782 0
0.799663 0.232486 0
0.779581 0.22695 0
0.753359 0.217281 0
0.733978 0.210791 0
0.725261 0.214254 0
0.712177 0.221894 0
0.688561 0.22477 0
0.673219 0.226546 0
0.665689 0.239095 0
0.648358 0.249757 0
0.616699 0.254033 0
0.588521 0.261419 0
0.557157 0.267346 0
0.529586 0.272839 0
0.504408 0.278309 0
0.483594 0.28934 0
0.467409 0.301166 0
0.457263 0.308746 0
0.450796 0.315042 0
0.438238 0.326435 0
0.41275 0.338787 0
0.374278 0.348254 0
0.341931 0.355017 0
0.32993 0.352888 0
0.316003 0.345984 0
0.29731 0.340657 0
0.281781 0.336767 0
0.266464 0.332263 0
0.247527 0.331816 0
0.223409 0.332407 0
0.196911 0.326286 0
0.171845 0.320496 0
0.145011 0.31713 0
0.119681 0.309774 0
0.0970581 0.302921 0
0.0795477 0.297009 0
0.0612199 0.286988 0
0.0494709 0.270633 0
0.0530042 0.253043 0
0.0592154 0.228612 0
0.0649489 0.201284 0
0.0718196 0.178224 0
0.0825379 0.161177 0
0.0939984 0.147457 0
0.110376 0.129419 0
0.11921 0.117612 0
0.121972 0.103418 0
0.121043 0.0905511 0
0.122219 0.0716225 0
0.110615 0.0536092 0
0.105121 0.0373808 0
0.107145 0.0173174 0
0.10951 0 1
0.120206 0.00344444 0
0.132961 0.00932327 0
0.150389 0.0165001 0
0.165025 0.0224319 0
0.190451 0.0302542 0
0.223382 0.0392504 0
0.243267 0.0479998 0
0.256199 0.0609243 0
0.287112 0.06777 0
0.316382 0.0752463 0
0.345338 0.0861455 0
0.377829 0.101913 0
0.410332 0.115909 0
0.452094 0.131789 0
0.509087 0.150456 0
0.577793 0.169985 0
0.612821 0.17884 0
0.625946 0.18238 0
0.642493 0.186262 0
0.659129 0.188662 0
0.67925 0.189867 0
0.705376 0.192485 0
0.720303 0.19042 0
0.742007 0.190662 0
0.762779 0.191134 0
0.77847 0.191442 0
0.788664 0.19191 0
0.797413 0.190571 0
0.801673 0.187402 0
0.804463 0.1846 0
0.811475 0.186042 0
0.81594 0.185719 1
0.814238 0.190161 0
0.827663 0.201378 0
0.84739 0.217827 0
0.850007 0.224662 0
0.829067 0.21944 0
0.821662 0.222945 0
0.814131 0.226372 0
0.806775 0.228868 0
0.780154 0.220544 0
0.753836 0.211306 0
0.753206 0.213473 0
0.746018 0.222855 0
0.719705 0.220963 0
0.712273 0.228337 0
0.672083 0.224076 0
0.646222 0.22861 0
0.61929 0.235833 0
0.593584 0.242534 0
0.561909 0.251117 0
0.526141 0.257155 0
0.493656 0.26342 0
0.461579 0.273636 0
0.44156 0.284722 0
0.42462 0.293594 0
0.404433 0.301161 0
0.387311 0.312823 0
0.371321 0.325382 0
0.33894 0.333262 0
0.306713 0.347335 0
0.287534 0.355251 0
0.272092 0.354579 0
0.248854 0.34702 0
0.227401 0.348419 0
0.203957 0.345001 0
0.179471 0.333958 0
0.154483 0.325984 0
0.131892 0.326519 0
0.111724 0.324618 0
0.0864595 0.31811 0
0.0608 0.31332 0
0.0381922 0.31154 0
0.0187451 0.307779 0
0 0.300289 1
