0.054653 0.222269 0
0.0298129 0.200534 0
0.0302566 0.196106 0
0.0303871 0.192732 0
0.0394535 0.186493 0
0.0489714 0.191321 0
0.0578039 0.193464 0
0.0685413 0.176923 0
0.0781681 0.180924 0
0.0891194 0.180537 0
0.103103 0.173305 0
0.11528 0.177702 0
0.121728 0.177307 0
0.141722 0.161443 0
0.168454 0.158701 0
0.205885 0.137216 0
0.224848 0.103659 0
0.248326 0.0988601 0
0.262088 0.0699279 0
0.281239 0.0575362 0
0.313587 0.0589156 0
0.328922 0.0471072 0
0.360777 0.0261118 0
0.396388 0.0337197 0
0.41869 0.015615 0
0.459199 0.0068707 0
0.466911 0.0074867 0
0.478523 0.018293 0
0.500312 0.0145095 0
0.517334 0.0224558 0
0.53217 0.0292493 0
0.553147 0.0406849 0
0.559946 0.0372584 0
0.599007 0.0479937 0
0.612118 0.0472635 0
0.628949 0.0498067 0
0.654887 0.0591115 0
0.671045 0.0696318 0
0.689922 0.0794187 0
0.697864 0.092572 0
0.718805 0.103962 0
0.725439 0.108649 0
0.73866 0.132726 0
0.744227 0.145155 0
0.746303 0.148566 0
0.754599 0.155799 0
0.755078 0.167711 0
0.775921 0.153936 0
0.808867 0.136684 0
0.821698 0.144727 0
0.830915 0.149824 0
0.862476 0.140245 0
0.878418 0.13089 0
0.88354 0.145062 0
0.89158 0.153454 0
0.911592 0.152361 0
0.911483 0.166034 0
0.931408 0.160669 0
0.930392 0.173516 1
0.931605 0.176004 0
0.934545 0.179556 0
0.936453 0.180868 0
0.939382 0.183454 0
0.943033 0.185359 0
0.949077 0.186923 0
0.952395 0.189109 0
0.950276 0.192692 0
0.961366 0.187898 0
0.965702 0.189066 0
0.966506 0.192696 0
0.96499 0.195195 0
0.967946 0.1962 0
0.966794 0.192936 0
0.921268 0.245152 0
0.923114 0.24818 0
0.918682 0.251578 0
0.916014 0.259311 0
0.914495 0.255877 0
0.877295 0.319771 0
0.831002 0.362231 0
0.781606 0.409938 0
0.73763 0.411542 0
0.712579 0.40437 0
0.678634 0.414658 0
0.634072 0.438147 0
0.611748 0.448809 0
0.593904 0.460028 0
0.575761 0.473729 0
0.565675 0.489078 0
0.550875 0.497528 0
0.529879 0.490307 0
0.50616 0.497894 0
0.494346 0.516309 0
0.471566 0.512832 0
0.457248 0.522485 0
0.435045 0.520759 0
0.417351 0.523306 0
0.403608 0.52306 0
0.399965 0.512829 0
0.386226 0.513015 0
0.360061 0.526752 0
0.342624 0.527582 0
0.344226 0.504379 0
0.345587 0.480401 0
0.313284 0.489538 0
0.312179 0.473053 0
0.291706 0.479697 0
0.284623 0.467035 0
0.281168 0.441551 0
0.283898 0.424661 0
0.278687 0.408317 1
0.27144 0.400684 0
0.26685 0.396815 0
0.236336 0.406256 0
0.237002 0.387723 0
0.223606 0.37889 0
0.21063 0.37017 0
0.198825 0.355162 0
0.197872 0.331535 0
0.19002 0.316205 0
0.16518 0.322407 0
0.140534 0.316234 0
0.129259 0.302322 0
0.122104 0.279165 0
0.120333 0.259399 0
0.0978737 0.259987 0
0.0745074 0.267508 0
0.0672702 0.254493 0
0.0558818 0.232913 0
0.0506794 0.21736 0
0.040581 0.211424 0
0.0354729 0.203201 0
0.0270903 0.200983 0
0.0193319 0.196058 0
0.0183162 0.189853 0
0.024728 0.183321 0
0.0331631 0.173835 1
0.040028 0.16555 0
0.0419946 0.158213 0
0.0448096 0.153465 0
0.0526778 0.150155 0
0.0632451 0.142604 0
0.0762725 0.132163 0
0.0880403 0.135727 0
0.0932043 0.139656 0
0.105856 0.137694 0
0.114627 0.139413 1
0.120248 0.140098 0
0.125866 0.143 0
0.141767 0.13916 0
0.173852 0.0807957 0
0.209613 0.0628447 0
0.230673 0.0685261 0
0.255091 0.047531 0
0.280373 0.0457309 0
0.30542 0.0443552 0
0.346183 0.0362951 0
0.381338 0.0141553 0
0.41539 0.00414791 0
0.457597 0.00363157 0
0.476118 0.00521904 0
0.50477 0.00797779 0
0.524807 0.0171959 0
0.565149 0.00405822 0
0.585274 0.0103823 1
0.598441 0.0175609 0
0.602982 0.0359582 0
0.620642 0.0435383 0
0.637367 0.0518914 0
0.647709 0.0688314 0
0.655847 0.0867599 0
0.66919 0.0984968 0
0.692054 0.107874 0
0.680552 0.138536 0
0.70069 0.143757 0
0.733818 0.139011 0
0.755846 0.138953 0
0.781417 0.126962 0
0.770501 0.160411 0
0.769406 0.195452 0
0.774465 0.206795 0
0.798815 0.209364 0
0.80768 0.225538 0
0.827371 0.223402 0
0.851758 0.212962 0
0.854198 0.231153 0
0.861197 0.243685 0
0.875505 0.240252 0
0.893973 0.233456 0
0.897452 0.237533 0
0.911774 0.23431 0
0.925828 0.235022 0
0.941968 0.229413 0
0.947003 0.231795 0
0.950517 0.233243 1
0.952564 0.237011 0
0.951383 0.246 0
0.95903 0.246293 0
0.962159 0.254429 0
0.965652 0.258533 0
0.970344 0.251459 1
0.972715 0.253582 0
0.97549 0.261939 0
0.966353 0.272713 0
0.967707 0.268546 0
0.991565 0.248598 0
1 0.254816 0
0.958272 0.288751 0
0.945838 0.298052 0
0.916374 0.330951 0
0.885963 0.410718 0
0.840212 0.44287 0
0.811187 0.445294 0
0.761405 0.454441 0
0.728959 0.456582 0
0.697782 0.447816 0
0.62235 0.508837 0
0.606291 0.515967 0
0.589094 0.525218 0
0.582746 0.530956 0
0.569147 0.534839 0
0.558546 0.541349 0
0.54252 0.54283 1
0.527342 0.546713 0
0.505523 0.558591 0
0.479815 0.559083 0
0.467617 0.555173 0
0.442085 0.572737 0
0.422172 0.572408 1
0.401429 0.582229 0
0.398887 0.564681 0
0.387654 0.551843 0
0.365139 0.560077 0
0.348148 0.550614 0
0.331947 0.549833 0
0.32053 0.545548 0
0.296387 0.548656 1
0.272071 0.552172 0
0.288611 0.5156 0
0.27166 0.512135 0
0.252846 0.50518 0
0.243086 0.495306 0
0.236836 0.479211 0
0.231862 0.464943 0
0.214535 0.45473 0
0.231279 0.416618 0
0.226568 0.399594 0
0.211677 0.398242 0
0.177043 0.408566 0
0.148822 0.418869 0
0.147101 0.397825 1
0.136815 0.378724 0
0.155374 0.340914 0
0.146034 0.325691 0
0.106074 0.341189 0
0.0957904 0.33968 0
0.0852885 0.332265 0
0.079212 0.30916 0
0.0681977 0.300217 0
0.0434873 0.304413 0
0.0406655 0.293216 1
0.0341628 0.28211 0
0.0269577 0.275713 0
0.0184445 0.271588 0
0 0.272409 0
0.000561131 0.263409 0
0.0212162 0.247177 0
0.0191419 0.230729 0
0.0121091 0.228753 0
0.00335097 0.226141 0
0.00114069 0.231425 0
0.00114515 0.241247 0
0.0471982 0.205924 0
0.080478 0.173187 0
0.0762061 0.140902 0
0.132087 0.100474 0
0.140947 0.103302 0
0.145601 0.114089 0
0.154365 0.113815 0
0.162291 0.111818 0
0.171394 0.114127 1
0.190339 0.105131 0
0.218731 0.099414 0
0.234005 0.0857431 0
0.26491 0.0775447 0
0.288684 0.062528 0
0.320824 0.0502249 0
0.339304 0.0354512 0
0.374508 0.021952 1
0.413617 0.0208966 0
0.433483 0.00570021 0
0.469709 0 0
0.467735 0.0107616 0
0.47253 0.0472574 0
0.492959 0.0468967 0
0.531803 0.0589799 0
0.556273 0.0584993 0
0.600806 0.0532521 0
0.621321 0.058725 0
0.631247 0.0728653 0
0.659529 0.0679752 0
0.688171 0.0530497 0
0.696526 0.0629203 0
0.683575 0.100381 0
0.682301 0.127596 0
0.704556 0.12443 0
0.716639 0.142544 0
0.747433 0.116537 0
0.742535 0.150756 0
0.765394 0.164304 0
0.84876 0.0637554 0
0.826652 0.121395 0
0.789266 0.206119 0
0.821507 0.171334 0
0.948707 0.0656645 1
0.928223 0.0893958 0
0.975922 0.0861737 0
0.80497 0.281061 0
0.793376 0.311082 1
0.824852 0.286226 0
0.824555 0.311829 0
0.808582 0.327482 0
0.813548 0.343374 0
0.821078 0.351994 0
0.834821 0.348033 0
0.871452 0.317659 0
0.879372 0.325798 0
0.871591 0.353666 0
0.858466 0.363153 0
0.805904 0.418967 0
0.917116 0.315355 0
0.920863 0.315594 0
0.920916 0.348103 0
0.905468 0.371242 0
0.842689 0.430771 0
0.762955 0.478624 0
0.806649 0.454137 0
0.856224 0.419407 0
0.808962 0.451325 0
0.739669 0.492339 0
0.70344 0.512687 0
0.682137 0.529582 0
0.660085 0.524724 1
