0.468671 0.153651 0
0.509751 0.183416 0
0.510524 0.173585 0
0.520554 0.183962 0
0.432718 0.0809906 0
0.424612 0.111184 0
0.421303 0.111468 0
0.422021 0.113791 0
0.421733 0.112774 0
0.421932 0.113146 0
0.421798 0.112477 0
0.421716 0.111896 0
0.421915 0.112318 0
0.420865 0.109206 0
0.420902 0.109596 0
0.420457 0.10795 0
0.421432 0.110531 0
0.421017 0.109644 0
0.424763 0.110875 0
0.425257 0.0768709 0
0.422396 0.107992 0
0.42082 0.108106 0
0.420662 0.108152 0
0.420802 0.108749 0
0.420512 0.108144 1
0.420534 0.108038 0
0.42056 0.107966 0
0.420693 0.107577 0
0.421922 0.107629 0
0.419384 0.122317 0
0.417568 0.124718 0
0.418341 0.12349 0
0.419896 0.11097 0
0.432564 0.137653 0
0.431947 0.137166 0
0.431865 0.137266 0
0.431885 0.137307 0
0.431791 0.137378 0
0.432218 0.137207 0
0.428311 0.137518 0
0.423917 0.110001 0
0.421772 0.105664 0
0.555482 0.167488 0
0.563949 0.166234 0
0.563103 0.16614 0
0.564476 0.1691 0
0.565378 0.172051 0
0.566253 0.174903 0
0.567194 0.176726 0
0.567595 0.176764 0
0.568273 0.177708 0
0.568473 0.177131 0
0.569295 0.178608 0
0.569451 0.178633 0
0.569088 0.177247 0
0.568627 0.176905 0
0.568348 0.175572 0
0.569228 0.178902 0
0.569503 0.179908 0
0.570153 0.183175 0
0.572271 0.187588 0
0.571557 0.18681 0
0.572465 0.188633 1
0.572315 0.188077 0
0.57004 0.187189 0
0.561756 0.174735 0
0.536571 0.261648 0
0.535589 0.255535 0
0.534448 0.256602 0
0.533178 0.25732 0
0.531881 0.257858 0
0.531529 0.258759 0
0.533494 0.258558 0
0.531717 0.261306 0
0.532294 0.261359 0
0.533042 0.261784 0
0.532688 0.263246 0
0.534416 0.265744 0
0.53655 0.267027 1
0.532255 0.265786 0
0.532328 0.267972 0
0.532541 0.269387 0
0.5333 0.26953 0
0.532864 0.269957 0
0.533338 0.270202 0
0.533821 0.270377 0
0.533868 0.270404 0
0.535959 0.269953 0
0.536488 0.270572 0
0.539348 0.272961 0
0.493404 0.181396 0
0.501987 0.183035 0
0.502085 0.180567 0
0.501014 0.180671 0
0.500211 0.180634 0
0.500405 0.180099 0
0.499125 0.18022 0
0.498538 0.179741 0
0.494464 0.184147 0
0.477419 0.231861 0
0.446055 0.235486 0
0.45199 0.163328 0
0.437363 0.165537 0
0.435714 0.165297 0
0.43506 0.165621 0
0.435185 0.165782 0
0.435218 0.165873 0
0.435248 0.165992 0
0.435195 0.166112 0
0.435202 0.166215 0
0.435201 0.166291 0
0.435217 0.166312 0
0.435214 0.166315 1
0.43734 0.167571 0
0.425977 0.136114 0
0.422484 0.134649 0
0.42228 0.134829 1
0.76757 0.170156 0
0.887 0.148434 1
0.888228 0.146882 0
0.88943 0.144275 0
0.889173 0.14461 0
0.887508 0.143851 0
0.886837 0.113281 0
0.891142 0.110983 0
0.892043 0.111761 0
0.892041 0.111687 0
0.892047 0.111696 0
0.892049 0.111695 1
0.888729 0.111723 0
0.886478 0.113039 0
0.885541 0.115639 0
0.883326 0.12539 0
0.882772 0.12643 0
0.881278 0.127792 1
0.880774 0.127369 0
0.876532 0.0999332 0
0.755646 0.130934 0
0.512075 0.15058 0
0.414249 0.0936779 0
0.425018 0.097657 0
0.423607 0.0989272 0
0.423055 0.0991561 1
0.423272 0.0985647 0
0.423131 0.0986649 0
0.4231 0.0984902 0
0.423203 0.0979498 0
0.422485 0.0993662 0
0.422854 0.0999967 0
0.42266 0.0997344 0
0.422764 0.100598 0
0.42545 0.0960361 0
0.422959 0.0839856 0
0.506877 0.169746 0
0.56094 0.0696633 0
0.545568 0.0596353 0
0.541068 0.0557285 0
0.54233 0.0539374 0
0.541873 0.0528096 0
0.541778 0.052217 0
0.541702 0.0522736 1
0.548569 0.0531591 0
0.554036 0.0537545 0
0.557821 0.0564404 0
0.565698 0.0615949 0
0.571814 0.0644186 0
0.577581 0.0688312 0
0.576116 0.0718652 0
0.576558 0.0749109 0
0.577171 0.0804311 0
0.579201 0.0848786 0
0.576586 0.0899707 0
0.574747 0.095591 0
0.572186 0.100056 0
0.57582 0.107206 0
0.580497 0.115312 0
0.582106 0.117591 0
0.583527 0.12067 0
0.58559 0.119838 0
0.586951 0.12003 0
0.58682 0.14027 0
0.50783 0.159095 0
0.487492 0.206138 0
0.479713 0.214318 0
0.477974 0.216797 0
0.475413 0.217192 0
0.47354 0.218913 0
0.472197 0.219005 0
0.469863 0.220284 0
0.469618 0.218754 0
0.466508 0.221012 0
0.46536 0.22043 0
0.46436 0.220114 0
0.462686 0.219716 0
0.461507 0.2199 1
0.461507 0.2199 0
0.461507 0.219897 0
0.461388 0.219809 0
0.46084 0.219505 0
0.460764 0.219395 0
0.460593 0.219296 0
0.460618 0.219314 0
0.460625 0.219314 0
0.460264 0.21909 0
0.460224 0.219044 0
0.459696 0.219832 0
0.435615 0.212625 0
0.435135 0.211993 0
0.426302 0.215721 0
0.424192 0.215043 0
0.423238 0.214491 0
0.422964 0.21408 0
0.423322 0.214077 0
0.420739 0.212603 0
0.418159 0.209828 0
0.417055 0.208792 0
0.415703 0.208068 0
0.411511 0.209175 0
0.425825 0.199198 0
0.425618 0.199773 0
0.426503 0.200843 0
0.428773 0.216707 0
0.429589 0.21492 0
0.429772 0.214583 0
0.431476 0.213227 0
0.431689 0.213012 0
0.431746 0.212734 0
0.432266 0.211113 0
0.431727 0.212222 0
0.431294 0.206374 0
0.432416 0.210307 0
0.431994 0.211151 0
0.431579 0.213153 0
0.430319 0.204852 0
0.42917 0.214297 0
0.430129 0.210683 0
0.470668 0.177345 0
0.699309 0.226942 0
0.692449 0.224442 0
0.468511 0.167555 0
0.684183 0.223278 0
0.649722 0.210943 0
0.607359 0.190583 0
0.61811 0.194286 0
0.622385 0.195907 0
0.608659 0.191104 0
0.588709 0.194459 0
0.591351 0.193943 0
0.584762 0.196188 0
0.624219 0.196647 0
0.580111 0.220209 0
0.571863 0.208807 0
0.572962 0.205889 0
0.573413 0.20496 0
0.573571 0.210741 0
0.572866 0.207382 0
0.572992 0.207407 0
0.572931 0.20769 0
0.573015 0.208058 0
0.57108 0.20679 0
0.632186 0.210498 0
0.482011 0.157445 0
0.43083 0.207109 0
0.430821 0.211388 0
0.430977 0.210228 0
0.430722 0.210983 0
0.43056 0.211129 0
0.428714 0.212875 0
0.430528 0.211138 0
0.430433 0.211407 0
0.430323 0.211436 0
0.43025 0.211538 0
0.43054 0.21064 0
0.42974 0.212271 0
0.429892 0.211955 0
0.42988 0.211077 0
0.424521 0.21282 0
0.429598 0.212329 0
0.430371 0.210264 0
0.424173 0.212578 0
0.409434 0.204997 0
0.407666 0.280071 0
0.402585 0.27837 0
0.402014 0.27805 0
0.401113 0.277924 0
0.399599 0.27757 0
0.400181 0.277958 0
0.399566 0.277924 0
0.399731 0.278203 0
0.398602 0.277861 0
0.396765 0.277125 0
0.397808 0.278003 0
0.396481 0.277637 0
0.397765 0.279019 0
0.40197 0.281312 0
0.402026 0.2816 0
0.403456 0.282281 0
0.408502 0.286436 0
0.407309 0.283936 1
0.405668 0.283679 0
0.398332 0.281604 0
0.398546 0.281962 0
0.400979 0.284094 0
0.403488 0.285343 0
0.402825 0.28586 0
0.405832 0.288671 0
0.409269 0.293888 0
0.407114 0.292554 0
0.410095 0.295242 0
0.403684 0.290722 0
0.404647 0.291775 0
0.404476 0.292581 0
0.406594 0.295755 0
0.459065 0.131374 0
0.461326 0.21861 0
0.461482 0.219871 0
0.460818 0.220104 0
0.461188 0.211757 0
0.480911 0.160159 0
0.592513 0.208037 0
0.582002 0.206273 0
0.580133 0.205914 0
0.580057 0.205599 0
0.579745 0.205271 0
0.579584 0.204967 1
0.579584 0.204967 0
0.579584 0.204967 0
0.579584 0.204967 0
0.579584 0.204967 0
0.579584 0.204967 0
0.579584 0.204967 0
0.579584 0.204967 0
0.579585 0.204967 0
0.579585 0.204967 0
0.579587 0.204967 0
0.579606 0.20501 0
0.579792 0.205153 0
0.580691 0.204991 0
0.585941 0.208306 0
0.654886 0.25555 0
0.558664 0.368152 0
0.408162 0.206144 0
0.427004 0.216471 0
0.473402 0.133614 0
0.389968 0.333486 0
0.446668 0.21839 0
0.461951 0.221034 0
0.460523 0.218664 0
0.461142 0.216718 0
0.401331 0.203834 0
0.419006 0.20666 0
0.427519 0.209901 0
0.427566 0.210578 0
0.426892 0.210983 0
0.426991 0.210841 0
0.428226 0.209699 0
0.403086 0.204336 0
0.406416 0.206237 0
0.405723 0.206069 0
0.405627 0.206188 0
0.405347 0.206169 1
0.404586 0.205798 0
0.401863 0.203021 1
0.400401 0.197535 0
0.861684 0.227191 1
0.861812 0.226219 0
0.862162 0.225546 0
0.862504 0.224291 0
0.862902 0.223195 0
0.862869 0.221978 0
0.867665 0.217382 0
0.87329 0.215105 0
0.873838 0.215398 1
0.873738 0.215612 0
0.873369 0.214702 0
0.872082 0.213823 0
0.873684 0.216645 0
0.873705 0.216469 0
0.869598 0.211278 0
0.851972 0.208899 0
0.870631 0.19066 0
0.870365 0.191477 0
0.870186 0.191445 1
0.870661 0.222144 0
0.928962 0.187108 0
0.403748 0.184818 0
0.405716 0.191828 1
0.407859 0.196823 0
0.350453 0.311788 0
0.416262 0.199128 0
0.417621 0.1989 0
0.416967 0.19926 0
0.42506 0.206914 1
0.42506 0.206914 0
0.42506 0.206914 0
0.42506 0.206915 0
0.425059 0.206915 0
0.425073 0.206916 0
0.424932 0.206857 0
0.425203 0.207616 0
0.435901 0.217544 0
0.403612 0.190736 0
0.399547 0.190256 0
0.439482 0.21772 0
0.467909 0.132173 0
0.371668 0.393303 0
0.624854 0.228632 0
0.582028 0.210874 0
0.580441 0.205522 0
0.579869 0.205251 0
0.579715 0.205082 0
0.5796 0.204978 0
0.579589 0.20497 0
0.579585 0.204967 0
0.579584 0.204967 0
0.579584 0.204967 0
0.579584 0.204967 0
0.579584 0.204967 0
0.579584 0.204967 0
0.579584 0.204967 0
0.579584 0.204967 0
0.579584 0.204967 0
0.579584 0.204966 0
0.579585 0.204967 0
0.579587 0.204968 0
0.579587 0.204984 0
0.579701 0.204948 0
0.580906 0.204878 0
0.590465 0.204843 0
0.64311 0.240207 0
0.499168 0.368271 0
0.45052 0.347113 0
0.480224 0.364312 0
0.454401 0.350611 0
0.465368 0.368745 0
0.208177 0.360734 0
0.442546 0.319252 0
0.460692 0.217952 0
0.461512 0.219032 0
0.466311 0.209995 0
0.461953 0.135793 0
0.460843 0.143071 0
0.458947 0.14516 0
0.457709 0.14627 0
0.456932 0.145507 0
0.456802 0.143947 0
0.455801 0.14336 0
0.453038 0.14045 0
0.45353 0.143066 0
0.452963 0.142713 0
0.452689 0.14277 0
0.451486 0.142378 0
0.450315 0.141505 1
0.449769 0.141919 0
0.44931 0.14257 0
0.446888 0.140071 0
0.447767 0.141009 0
0.448417 0.142419 0
0.44822 0.141025 0
0.455459 0.147261 0
0.507223 0.114058 0
0 0.346732 0
1 0.130677 0
0.908865 0.153085 0
0.895998 0.152163 0
0.89855 0.152219 0
0.901141 0.148039 0
0.899851 0.149322 0
0.895125 0.15392 0
0.896385 0.153365 0
0.896183 0.153507 0
0.893705 0.154943 0
0.89323 0.154942 1
0.89323 0.154942 0
0.89323 0.154942 0
0.89323 0.154942 0
0.893232 0.154941 0
0.893269 0.154916 0
0.8939 0.154813 0
0.908278 0.148174 0
0.875846 0.200203 0
0.881043 0.204065 0
0.868542 0.19362 1
0.404 0.164667 0
0.407428 0.173045 1
0.417614 0.190836 0
0.415557 0.190787 1
0.415558 0.190781 0
0.415584 0.190762 0
0.415918 0.190688 0
0.41528 0.18861 0
0.425408 0.207043 0
0.422772 0.203151 0
0.386308 0.179755 0
0.514504 0.114928 0
0.504394 0.106323 0
0.508694 0.104882 0
0.496246 0.101618 0
0.627284 0.231736 0
0.532728 0.220317 0
0.547014 0.218229 0
0.545388 0.216181 0
0.544358 0.215185 0
0.542189 0.216337 0
0.589691 0.204967 0
0.579751 0.206667 0
0.579933 0.205259 0
0.579606 0.204944 0
0.579586 0.20497 0
0.579584 0.204966 0
0.579584 0.204967 0
0.579584 0.204967 0
0.579584 0.204967 0
0.579584 0.204967 0
0.579584 0.204966 0
0.579585 0.204967 0
0.579588 0.204969 0
0.579606 0.204982 0
0.579624 0.204857 0
0.577527 0.20461 0
0.539901 0.203697 0
0.54335 0.205047 0
0.542884 0.204291 0
0.542498 0.203638 0
0.539889 0.202283 0
0.538811 0.201016 0
0.539286 0.200993 0
0.539495 0.200959 0
0.539934 0.201864 0
0.53933 0.202126 0
0.539598 0.195889 0
0.492099 0.111122 0
0.504736 0.106975 0
0.504221 0.107817 0
0.503942 0.106859 0
0.504471 0.105841 0
0.504431 0.105423 0
0.503889 0.104735 0
0.501058 0.103272 0
0.500172 0.101792 0
0.497787 0.100635 0
0.496701 0.0995628 0
0.495269 0.098708 0
0.493953 0.0969332 0
0.492984 0.0961144 0
0.49273 0.0940347 0
0.492134 0.0931042 0
0.491681 0.0919511 0
0.489676 0.089836 0
0.488953 0.0884686 0
0.487982 0.0867075 1
0.48761 0.085221 0
0.484541 0.08151 0
0.480662 0.0739005 0
0.470295 0.0723898 0
0.463982 0.0690379 0
0.462868 0.0675736 0
0.458482 0.0672772 0
0.455844 0.0667261 0
0.45591 0.0648078 0
0.451983 0.0647976 0
0.449491 0.0646498 0
0.449021 0.0630955 0
0.445052 0.0636098 0
0.442509 0.0627894 1
0.443403 0.0610432 0
0.446372 0.0583971 0
0.4426 0.0648816 0
0.459881 0.049167 0
0.36052 0.254598 0
0.976593 0.166194 0
0.915346 0.106693 0
0.908523 0.112169 0
0.907286 0.111526 0
0.904288 0.111859 0
0.899326 0.115303 0
0.897633 0.113872 1
0.897557 0.113276 0
0.897159 0.113627 0
0.896659 0.114443 0
0.896528 0.114305 0
0.897164 0.113448 0
0.900762 0.107744 0
0.912642 0.107273 0
0.908086 0.20113 0
0.895751 0.175677 0
0.895148 0.173879 0
0.894493 0.172824 0
0.8982 0.203211 0
0.896097 0.202565 0
0.897836 0.203042 0
0.890251 0.209727 0
0.883137 0.217053 1
0.879979 0.223669 0
0.871233 0.227964 0
0.904854 0.210798 0
0.956904 0.194603 0
0.302404 0.190024 0
0.367178 0.217255 0
0.361283 0.234123 0
0.374201 0.229352 0
0.4541 0.294686 0
0.452316 0.284647 0
0.449991 0.280786 0
0.44939 0.280197 1
0.457229 0.286551 0
0.462088 0.29157 0
0.464728 0.294011 0
0.468938 0.296247 0
0.472597 0.304573 0
0.476774 0.304328 0
0.471976 0.295161 0
0.474379 0.300507 0
0.477515 0.304393 0
0.482923 0.309784 0
0.483053 0.309514 0
0.483253 0.307518 0
0.553818 0.23493 0
0.549216 0.229657 0
0.552193 0.236704 0
0.473367 0.313703 0
0.548744 0.23524 0
0.542275 0.23803 0
0.479865 0.291889 0
0.485265 0.307258 0
0.479882 0.305688 0
0.539881 0.235149 0
0.540107 0.2323 0
0.538702 0.232091 0
0.538191 0.229205 0
0.539031 0.227416 0
0.539757 0.224411 0
0.542016 0.222516 0
0.543035 0.220336 0
0.543591 0.218286 0
0.541051 0.218487 0
0.541022 0.217732 0
0.540879 0.21708 0
0.540971 0.216371 0
0.541301 0.215776 0
0.539917 0.215669 0
0.539399 0.215393 0
0.530217 0.228868 0
0.469251 0.287122 0
0.475546 0.277753 0
0.545118 0.226475 0
0.539303 0.216668 0
0.54036 0.218662 0
0.525651 0.215354 0
0.418462 0.152 0
0.419277 0.154705 0
0.417009 0.165492 0
0.417004 0.167838 0
0.417693 0.155488 0
0.41747 0.152826 0
0.429351 0.153215 0
0.428804 0.151905 0
0.429034 0.151905 0
0.428955 0.151881 1
0.42895 0.151874 0
0.42888 0.151935 0
0.427158 0.152802 0
0.399856 0.128522 0
0.412871 0.125318 0
0.414026 0.124168 1
0.412558 0.12202 0
0.872273 0.152999 1
0.872254 0.154512 0
0.878528 0.169093 0
0.872739 0.15123 0
0.8722 0.152963 0
0.870737 0.153255 0
0.883978 0.160449 0
0.883869 0.162019 0
0.879404 0.168458 1
0.881785 0.172742 0
0.883234 0.175961 0
0.885253 0.1802 0
0.892894 0.185025 0
0.869355 0.230275 0
0.866637 0.232871 1
0.863098 0.238691 0
0.860849 0.243676 1
0.857555 0.246816 0
0.398857 0.214051 1
0.395212 0.220369 0
0.391922 0.22623 0
0.414533 0.238054 0
0.415725 0.238759 1
0.41511 0.237758 0
0.414157 0.235041 0
0.46127 0.272121 0
0.458121 0.271278 0
0.46241 0.271851 0
0.460442 0.271425 0
0.468662 0.273956 0
0.471322 0.277609 0
0.476792 0.278312 0
0.545557 0.224491 0
0.555272 0.22412 0
0.554384 0.224532 0
0.553544 0.223937 0
0.551395 0.222727 0
0.550305 0.221665 0
0.549348 0.220053 0
0.548458 0.217847 0
0.547409 0.215892 0
0.545213 0.21431 0
0.545065 0.213353 0
0.544801 0.212356 0
0.544433 0.212402 0
0.544459 0.212768 0
0.544212 0.213149 0
0.544069 0.212771 0
0.544338 0.212235 0
0.544656 0.211952 0
0.542881 0.212153 0
0.541546 0.213392 0
0.54199 0.212957 0
0.54203 0.212346 0
0.541983 0.212354 0
0.541914 0.212682 0
0.541752 0.212916 0
0.541952 0.21268 0
0.542638 0.213449 0
0.532266 0.205231 0
0.473873 0.283315 0
0.473653 0.277212 0
0.470424 0.274686 0
0.468924 0.272924 0
0.464093 0.271004 0
0.465482 0.271115 0
0.464235 0.270571 0
0.462114 0.270259 0
0.410879 0.236257 0
0.416457 0.234846 0
0.417171 0.234816 0
0.417496 0.234559 0
0.418428 0.236626 0
0.418795 0.235591 0
0.417118 0.232154 0
0.415924 0.23126 0
0.414885 0.230298 0
0.412816 0.228474 0
0.409407 0.227137 0
0.423891 0.16071 0
0.419129 0.185114 0
0.419077 0.18507 0
0.418061 0.183602 0
0.415555 0.170787 0
0.418561 0.145563 0
0.419803 0.14487 0
0.422405 0.145162 0
0.414051 0.132767 0
0.414201 0.131783 1
0.414871 0.117748 0
0.414011 0.117078 0
0.414968 0.118733 0
0.412731 0.11257 0
0.412269 0.112024 0
0.412351 0.111831 1
0.872553 0.141716 0
0.873011 0.141314 1
0.872844 0.141061 0
0.874414 0.141659 0
0.874077 0.132549 0
0.413721 0.0990446 0
0.413864 0.103782 0
0.415462 0.102486 1
0.415333 0.102017 0
0.415533 0.102011 0
0.415209 0.100911 0
0.416413 0.11646 0
0.417735 0.119323 0
0.422665 0.141856 0
0.422618 0.142581 0
0.428197 0.162604 0
0.429673 0.161221 0
0.427322 0.161836 0
0.419066 0.172372 0
0.420562 0.185493 0
0.419673 0.173793 0
0.423586 0.141359 0
0.428406 0.242499 0
0.43518 0.235908 0
0.555482 0.23473 0
0.543141 0.226308 0
0.487458 0.261858 0
0.4866 0.260155 0
0.488447 0.265168 0
0.560117 0.230224 0
0.553813 0.225828 0
0.55533 0.224877 0
0.555431 0.224831 0
0.55544 0.224812 1
0.555735 0.224914 0
0.55529 0.226237 0
0.554464 0.228104 0
0.555411 0.227923 0
0.554937 0.228969 0
0.553554 0.230004 0
0.553787 0.230374 0
0.552102 0.230498 0
0.551369 0.23149 0
0.549954 0.231248 0
0.546945 0.231737 0
0.544931 0.233414 0
0.541778 0.232706 0
0.539372 0.23117 0
0.538625 0.229312 0
0.536728 0.227609 0
0.536238 0.225568 0
0.534686 0.223929 0
0.534984 0.222743 0
0.535224 0.221095 0
0.535144 0.218959 0
0.535507 0.217286 0
0.535359 0.215467 0
0.533932 0.215339 0
0.532293 0.214431 0
0.531118 0.214289 0
0.527143 0.214548 0
0.524027 0.216413 0
0.522148 0.217041 0
0.522595 0.215182 0
0.520571 0.215499 0
0.519085 0.214499 0
0.516867 0.214829 0
0.515132 0.214732 0
0.513836 0.212685 0
0.512163 0.212472 0
0.512966 0.208592 0
0.510579 0.208354 0
0.509812 0.206759 0
0.509215 0.204054 0
0.511194 0.200857 0
0.51683 0.181728 0
0.504553 0.211844 0
0.432378 0.136351 0
0.421384 0.11817 0
0.420669 0.121439 0
0.420155 0.121968 0
0.419796 0.122606 0
0.42001 0.122334 0
0.419033 0.123345 0
0.419662 0.123018 0
0.419457 0.123503 0
0.420844 0.12141 0
0.420222 0.122366 0
0.419714 0.123021 0
0.419305 0.123559 0
0.419112 0.123735 0
0.419043 0.123901 0
0.419528 0.12333 0
0.419979 0.122686 0
0.419597 0.123226 0
0.419878 0.122907 0
0.420342 0.121941 0
0.417219 0.125267 1
0.41724 0.125243 0
0.417723 0.124899 0
0.417458 0.125023 0
0.417649 0.124877 0
0.41745 0.125335 0
0.418552 0.123318 0
0.424867 0.119849 0
0.438931 0.186454 0
0.41488 0.182645 0
0.414661 0.182669 0
0.41378 0.183241 0
0.424112 0.18729 0
0.425211 0.187387 0
0.424856 0.187381 0
0.426622 0.184975 0
0.436954 0.231523 0
0.435689 0.22677 0
0.438098 0.228438 0
0.438449 0.228599 0
0.440294 0.232722 0
0.49055 0.222105 0
0.486299 0.227096 0
0.497138 0.211459 0
0.502926 0.190498 0
0.505531 0.185113 0
0.504284 0.189564 0
0.508767 0.177141 0
0.50966 0.17362 0
0.511735 0.169121 0
0.513762 0.16757 0
0.522914 0.147672 0
0.565156 0.127134 0
0.579177 0.154297 0
0.577143 0.15057 0
0.578823 0.158422 0
0.578758 0.160832 0
0.579512 0.166502 0
0.578935 0.16577 0
0.579603 0.168755 0
0.576597 0.188502 0
0.575784 0.188379 0
0.574197 0.190316 0
0.559659 0.200912 0
0.557234 0.204634 0
0.557 0.204469 0
0.557226 0.204132 0
0.557277 0.204394 0
0.557047 0.204755 1
0.556895 0.204816 0
0.557075 0.205194 0
0.557446 0.205119 0
0.55768 0.204965 0
0.55768 0.205592 0
0.552853 0.201145 0
0.51449 0.161006 0
0.510786 0.172302 0
0.512486 0.168022 0
0.511952 0.168666 0
0.510065 0.171607 0
0.508987 0.171472 0
0.507862 0.17221 0
0.507076 0.173012 0
0.505346 0.174985 0
0.506041 0.173711 0
0.500093 0.183131 0
0.513244 0.158398 0
0.441764 0.234384 0
0.44365 0.231905 0
0.439448 0.228483 0
0.440471 0.228862 0
0.440731 0.22941 0
0.441035 0.22962 0
0.442216 0.23039 0
0.443709 0.231506 0
0.443603 0.231387 0
0.444405 0.232236 0
0.445504 0.23248 0
0.444353 0.230924 0
0.437831 0.225175 0
0.439436 0.229094 0
0.411222 0.252893 0
0.41769 0.246047 1
0.419496 0.252044 0
0.420433 0.21516 0
0.41606 0.213116 0
0.416175 0.212209 1
0.415728 0.213692 0
0.517374 0.175979 0
0.870895 0.260082 0
0.87682 0.256293 0
0.877735 0.254686 0
0.877568 0.254805 1
0.878082 0.254898 0
0.878959 0.254988 0
0.880002 0.254686 0
0.88161 0.254494 0
0.882224 0.254733 0
0.883503 0.254623 0
0.884983 0.254605 0
0.886667 0.253917 1
0.888131 0.254951 0
0.888374 0.255788 0
0.890164 0.258904 0
0.892375 0.262203 0
0.890917 0.265511 0
0.879364 0.26679 0
0.880115 0.268874 0
0.880639 0.26978 1
0.880181 0.272411 0
0.876565 0.273551 0
0.415815 0.246373 0
0.432933 0.270264 0
0.434165 0.271935 0
0.434348 0.273236 0
0.434661 0.27464 0
0.434498 0.274858 1
0.434501 0.274858 0
0.434494 0.274881 0
0.434365 0.274693 0
0.435443 0.27269 0
0.449799 0.239341 0
0.434501 0.274401 0
0.435322 0.271343 0
0.446746 0.237048 0
0.479854 0.230413 0
0.447373 0.233881 0
0.479458 0.230318 0
0.497663 0.21832 0
0.500863 0.198906 0
0.560492 0.259198 0
0.503569 0.216639 0
0.56287 0.21105 0
0.563389 0.217373 0
0.562952 0.217058 0
0.560885 0.213582 0
0.563502 0.218541 0
0.565341 0.224636 0
0.575522 0.187735 0
0.576631 0.186188 0
0.577058 0.180935 0
0.57512 0.175275 0
0.575666 0.181457 0
0.574865 0.186607 0
0.558687 0.208137 0
0.552223 0.20578 0
0.553561 0.206835 0
0.55249 0.20639 0
0.55168 0.20574 0
0.55085 0.204488 0
0.550826 0.203636 0
0.550762 0.202687 0
0.550258 0.201779 0
0.55023 0.201243 0
0.550484 0.200789 0
0.548597 0.199378 0
0.549028 0.198736 0
0.549548 0.19841 0
0.549774 0.198323 0
0.549506 0.197642 0
0.550264 0.197866 0
0.550311 0.197243 0
0.550603 0.197116 0
0.550246 0.195699 0
0.542769 0.187 0
0.536353 0.170035 0
0.533996 0.162723 0
0.532875 0.175877 0
0.495412 0.0311445 0
0.495124 0.0265809 0
0.493264 0.0252011 0
0.491781 0.0248037 0
0.490471 0.0231349 0
0.492269 0.0246315 0
0.492119 0.0249754 0
0.492762 0.0249326 0
0.490526 0.0237981 0
0.48901 0.0216312 0
0.488576 0.0206665 0
0.485737 0.0200456 0
0.48683 0.0188923 0
0.484907 0.0175421 0
0.482108 0.0168663 0
0.480384 0.0161254 0
0.479523 0.0151747 1
0.479363 0.0150691 0
0.480012 0.0150138 0
0.480806 0.014107 0
0.481776 0.0160874 0
0.480962 0.0151512 0
0.481519 0.0146566 0
0.482748 0.0165468 0
0.484259 0.0161551 0
0.484895 0.0165727 0
0.488378 0.0157779 0
0.484739 0.0186075 0
0.490178 0 0
0.415434 0.0600921 0
0.426351 0.068977 0
0.426305 0.0688524 0
0.426321 0.0688515 0
0.426319 0.0688527 0
0.426318 0.0688528 1
0.426485 0.0694552 0
0.425354 0.0685847 0
0.416774 0.0830986 0
0.753146 0.0177415 0
0.875695 0.162593 0
0.874926 0.163898 1
0.852284 0.178537 0
0.871385 0.188896 1
0.409432 0.17908 0
0.410215 0.179527 1
0.411502 0.211519 0
0.410915 0.213543 0
0.422721 0.217741 0
0.422469 0.217628 0
0.426199 0.220243 0
0.432737 0.222661 0
0.439604 0.230091 0
0.433992 0.24798 0
0.448211 0.235768 0
0.452678 0.236247 0
0.457362 0.237566 0
0.460216 0.236558 0
0.472264 0.232154 0
0.474806 0.232341 0
0.488151 0.227835 0
0.560459 0.266109 0
0.567199 0.25444 0
0.566782 0.257005 0
0.56789 0.256968 0
0.567221 0.258714 0
0.567633 0.258868 0
0.567214 0.261276 0
0.566408 0.262823 0
0.567862 0.260553 0
0.567215 0.263861 0
0.566367 0.265283 0
0.5647 0.267804 0
0.563707 0.272357 0
0.55995 0.278235 0
0.556771 0.29285 0
0.556598 0.291581 0
0.554955 0.296299 0
0.55647 0.293665 0
0.553211 0.300148 0
0.55346 0.298218 0
0.55311 0.302132 0
0.551799 0.304024 0
0.553173 0.300948 0
0.554341 0.296621 0
0.555376 0.295452 0
0.550741 0.308757 0
0.552522 0.303139 0
0.556384 0.292176 0
0.560402 0.27972 0
0.55979 0.283641 0
0.560637 0.280352 0
0.558234 0.283132 0
0.557389 0.280334 0
0.555316 0.284582 0
0.555287 0.282442 0
0.543212 0.306795 0
0.492255 0.189303 0
0.491655 0.186667 0
0.493873 0.185061 0
0.49478 0.18458 0
0.49544 0.184092 0
0.494218 0.186302 0
0.493255 0.184883 0
0.49433 0.18744 0
0.4916 0.190827 0
0.433618 0.189792 0
0.433948 0.19678 0
0.432314 0.197901 0
0.430895 0.198081 0
0.432662 0.196539 0
0.430969 0.198396 0
0.43078 0.198116 0
0.432584 0.196701 0
0.429894 0.199277 0
0.431044 0.198399 0
0.429669 0.198911 0
0.429749 0.199189 1
0.429822 0.198974 0
0.429575 0.197371 0
0.42376 0.174018 0
