0.186694 1 1
0.303009 0.187267 0
0.32667 0.185287 0
0.33665 0.19175 0
0.340897 0.194235 0
0.348578 0.202294 0
0.350375 0.200108 0
0.360727 0.208726 0
0.358369 0.198952 0
0.367021 0.206351 0
0.372658 0.207293 0
0.377202 0.207374 0
0.380064 0.204297 0
0.384654 0.202695 0
0.391353 0.204192 0
0.393695 0.203222 0
0.398335 0.197996 0
0.403124 0.197991 0
0.405047 0.194774 0
0.40937 0.19656 0
0.414023 0.199004 0
0.423564 0.208098 0
0.440775 0.219824 0
0.46112 0.151176 0
0.452649 0.154207 0
0.453228 0.153634 0
0.453063 0.153768 1
0.462847 0.158506 0
0.46473 0.163311 0
0.463618 0.162734 0
0.453515 0.158951 0
0.43894 0.116367 0
0.428715 0.105738 0
0.377327 0.063575 0
0.349339 0.0454972 0
0.332987 0.0392881 0
0.311742 0.0334594 0
0.293286 0.0435208 0
0.273113 0.0367991 0
0.25068 0.0389646 0
0.248831 0.0456592 0
0.225156 0.0507555 0
0.111648 0.0955071 0
0.114529 0.0869684 0
0.116934 0.087186 1
0.117298 0.0887482 0
0.115499 0.0927675 0
0.116511 0.09501 0
0.117167 0.0975481 0
0.117969 0.100445 0
0.117765 0.102908 0
0.119726 0.104656 0
0.122173 0.108595 0
0.124771 0.110812 0
0.126227 0.115701 0
0.126345 0.120913 0
0.127563 0.124655 0
0.126852 0.127021 0
0.127376 0.131643 0
0.122784 0.133245 0
0.122132 0.13567 1
0.120066 0.144051 0
0.116167 0.156045 0
0.111115 0.164363 0
0.0950194 0.173479 0
0.0910261 0.178921 0
0.0747401 0.183888 0
0.0660328 0.192345 0
0.0466441 0.192295 0
0.0373834 0.197041 0
0.0308254 0.19781 0
0.0256991 0.199747 0
0.0124761 0.197216 0
0.0080931 0.198307 0
0.00554424 0.200876 1
0.00440736 0.202143 0
0.00393618 0.204077 0
0.00295443 0.205397 0
0.00290756 0.206507 0
0.00358591 0.208028 0
0.00373067 0.209602 0
0.00375346 0.21168 0
0.00507883 0.218241 0
0.00431888 0.224196 0
0.00329325 0.22622 0
0.000951987 0.229804 0
0.0315589 0.246316 0
0.0459902 0.259348 0
0.0729049 0.269043 0
0.116314 0.274556 0
0.134931 0.2639 0
0.1628 0.258479 0
0.187628 0.256807 0
0.208525 0.236873 0
0.232071 0.22342 0
0.249768 0.22093 0
0.26383 0.228347 0
0.304199 0.249574 0
0.30724 0.247002 0
0.311322 0.2425 0
0.309782 0.23244 0
0.314067 0.224842 0
0.311435 0.21736 0
0.317557 0.218872 0
0.319985 0.214958 0
0.321487 0.211317 0
0.325654 0.211605 0
0.333566 0.214003 0
0.332956 0.210059 0
0.337949 0.212721 0
0.341978 0.211148 0
0.341921 0.205746 0
0.351065 0.211073 0
0.357343 0.208957 0
0.357738 0.203286 0
0.359378 0.203223 0
0.369842 0.208605 0
0.375691 0.207917 0
0.379364 0.20316 0
0.386777 0.204023 0
0.392919 0.201068 0
0.397606 0.198872 0
0.402843 0.197307 1
0.40574 0.197166 0
0.408224 0.197095 0
0.411709 0.196868 0
0.42313 0.20192 0
0.434602 0.206339 0
0.453015 0.210002 0
0.46064 0.198356 0
0.469319 0.190394 0
0.469299 0.183692 0
0.469423 0.177471 0
0.466897 0.174779 0
0.462547 0.174653 0
0.461827 0.173522 0
0.459035 0.180772 0
0.457562 0.182893 0
0.435823 0.132251 0
0.399478 0.0802276 0
0.363116 0.0551886 0
0.328327 0.0334352 0
0.303823 0.0380858 0
0.279521 0.0380827 0
0.282228 0.0442472 0
0.0968285 0.0987756 0
0.0980829 0.0897507 0
0.096953 0.0916487 0
0.0985163 0.0928996 0
0.0997932 0.0949811 0
0.0982196 0.0978126 0
0.0995914 0.101432 0
0.103148 0.101608 0
0.104722 0.104002 0
0.107002 0.105677 0
0.0988403 0.111784 0
0.113876 0.106864 0
0.110493 0.110984 0
0.111071 0.11237 0
0.111022 0.115374 0
0.111103 0.117262 1
0.111585 0.119741 0
0.112427 0.12215 0
0.112954 0.123885 0
0.112401 0.126256 0
0.111287 0.133277 0
0.110469 0.13721 0
0.102099 0.15341 0
0.0988158 0.164737 0
0.105372 0.172114 0
0.0918348 0.182481 0
0.0820722 0.190823 0
0.0654119 0.195012 0
0.0483453 0.197663 0
0.0499323 0.209483 0
0.0385538 0.209221 0
0.0269976 0.210905 0
0.0222667 0.21778 0
0.0100909 0.21997 0
0.00682882 0.2229 0
0.00733458 0.225601 0
0.00484153 0.230477 0
0.00492071 0.2313 0
0.00664071 0.234248 0
0.00253516 0.238167 0
0.00126197 0.239863 0
0.00119467 0.242763 0
0 0.246109 0
0.00166625 0.249063 1
0.00286149 0.256625 0
0.00386626 0.269239 0
0.0382847 0.299374 0
0.0788384 0.292905 0
0.125959 0.296404 0
0.158066 0.294293 0
0.185036 0.295239 0
0.210615 0.281379 0
0.230313 0.278148 0
0.24232 0.265822 0
0.257005 0.264516 0
0.274494 0.257098 0
0.284206 0.250342 0
0.287562 0.243332 1
0.288097 0.239923 0
0.293431 0.240998 0
0.296522 0.240445 0
0.300569 0.239687 0
0.30343 0.235017 0
0.308571 0.234098 0
0.311331 0.229989 0
0.314099 0.226112 0
0.316278 0.219132 0
0.318717 0.217374 0
0.314622 0.202267 0
0.317494 0.199666 0
0.320268 0.199742 0
0.318854 0.183608 0
0.322677 0.180784 0
0.329217 0.182326 0
0.328595 0.170784 0
0.336299 0.169767 0
0.339978 0.164126 0
0.342964 0.158506 0
0.34631 0.155595 0
0.349609 0.149697 0
0.351656 0.138266 0
0.357297 0.135238 1
0.366967 0.136528 0
0.378762 0.138252 0
0.389271 0.144211 0
0.399059 0.157733 0
0.406337 0.159027 0
0.412316 0.158545 0
0.415896 0.157123 0
0.424572 0.154034 0
0.427448 0.163763 0
0.434359 0.167935 0
0.434003 0.1648 0
0.435618 0.159988 0
0.436642 0.162353 0
0.437893 0.161713 1
0.435971 0.162916 0
0.437412 0.162489 0
0.437818 0.154849 0
0.377821 0.0566494 0
0.342899 0.0385898 0
0.314069 0.0250486 0
0.293012 0.0182572 0
0.27429 0.012534 0
0.264918 0 0
0.0742146 0.0890175 0
0.0713653 0.0924808 0
0.0711668 0.0928046 1
0.0633544 0.088248 0
0.0731378 0.0923845 0
0.0714167 0.0626793 0
0.108427 0.0512168 0
0.120419 0.0604547 0
0.126856 0.0661908 0
0.127211 0.0725943 0
0.128557 0.0745002 0
0.127761 0.0793887 0
0.127608 0.0824572 1
