0.910941 0.397734 1
0.909012 0.390298 0
0.909531 0.391255 0
0.908114 0.385478 0
0.90543 0.378364 0
0.887439 0.342261 0
0.875341 0.312269 0
0.943228 0.396503 0
0.841567 0.294628 0
0.799349 0.251498 0
0.790845 0.239375 0
0.790845 0.239375 0
0.790845 0.239375 0
0.790845 0.239375 0
0.790845 0.239375 0
0.790845 0.239375 1
0.790845 0.239375 0
0.790845 0.239375 0
0.790845 0.239375 0
0.790845 0.239375 0
0.790845 0.239375 0
0.790845 0.239375 0
0.790845 0.239375 0
0.790845 0.239375 0
0.530247 0 0
0.449001 0.0339716 0
0.423385 0.0342754 0
0.320299 0.0938364 0
0.301381 0.0930927 0
0.138315 0.165279 0
0.0426634 0.331301 1
0.0958254 0.214787 0
0.170866 0.167837 0
0.133049 0.192446 0
0.0943686 0.234226 0
0.0791182 0.25481 0
0.0717322 0.261591 0
0.0739602 0.257838 0
0.0691309 0.265188 0
0.0825507 0.244829 0
0.0844387 0.245027 0
0.109981 0.220773 0
0.149098 0.192343 0
0.181326 0.173452 0
0.210092 0.162143 0
0.244562 0.1475 1
0.242865 0.147201 0
0.25309 0.137762 0
0.247554 0.147284 0
0.215429 0.123117 0
0.112658 0.420564 0
0.114311 0.417507 0
0.114273 0.417963 0
0.112825 0.417267 0
0.111848 0.418551 0
0.111358 0.417862 0
0.107262 0.422112 0
0.108804 0.418817 0
0.110213 0.41525 0
0.108029 0.41806 0
0.105233 0.420572 1
0.104405 0.417552 0
0.103445 0.4179 0
0.10254 0.412308 0
0.097704 0.427104 0
0.0959014 0.424106 0
0.0969608 0.420098 0
0.0966246 0.419544 0
0.097109 0.418098 0
0.0950905 0.421852 0
0.0969069 0.416455 0
0.0971775 0.416411 0
0.0969708 0.41584 0
0.0972588 0.416587 0
0.0972594 0.416034 0
0.0970913 0.415876 1
0.0969786 0.415674 0
0.0962989 0.41554 0
0.0992023 0.414187 0
0.0945936 0.416106 0
0.0824975 0.410771 0
0.127536 0.620769 0
0.0997294 0.46698 0
0.0962618 0.674799 0
0.142151 0.638352 0
0.0632023 0.49354 0
0.0856976 0.46671 0
0.0947216 0.48308 0
0.0850467 0.487474 0
0.10897 0.638736 0
0.129313 0.65287 0
0.133391 0.649468 1
0.139521 0.647368 0
0.1461 0.649095 0
0.153571 0.647121 0
0.159741 0.646293 0
0.166466 0.647533 0
0.178275 0.637476 0
0.177035 0.643444 0
0.231721 0.608976 0
0.376395 0.247881 0
0.317946 0.312474 0
0.41009 0.26147 0
0.399538 0.269818 0
0.401056 0.269589 0
0.40131 0.270966 0
0.402167 0.271854 1
0.407619 0.273986 0
0.414849 0.272852 0
0.425209 0.274549 0
0.433288 0.273618 0
0.44482 0.274214 0
0.464341 0.287951 0
0.692807 0.413704 0
0.6751 0.427537 0
0.676838 0.429294 0
0.676418 0.429574 0
0.676482 0.429604 0
0.676471 0.429612 0
0.676447 0.429667 0
0.676031 0.429423 0
0.676483 0.429614 1
0.672728 0.431147 0
0.676544 0.434778 0
0.673678 0.442326 0
0.678162 0.445913 0
0.679672 0.450844 0
0.679539 0.462607 0
0.684248 0.468513 0
0.686455 0.47414 0
0.680904 0.492271 0
0.678657 0.521515 0
0.695217 0.545777 0
0.72203 0.612735 0
0.725732 0.614819 0
0.726735 0.615888 0
0.726604 0.616834 1
0.72051 0.624702 0
0.718058 0.631201 0
0.715436 0.641237 0
0.713971 0.651996 0
0.708408 0.664353 0
0.710538 0.682348 0
0.706688 0.727217 0
0.714503 0.753314 0
0.710619 0.768519 0
0.706326 0.787105 0
0.697639 0.797023 0
0.692616 0.809059 0
0.682929 0.824389 0
0.677997 0.833794 0
0.672001 0.845139 1
0.670695 0.855206 0
0.661103 0.860148 0
0.658875 0.868757 0
0.6536 0.873872 0
0.649308 0.880888 0
0.650802 0.889358 0
0.644829 0.895965 0
0.633895 0.898541 0
0.63368 0.90569 0
0.631601 0.907509 0
0.624852 0.910313 0
0.619688 0.916916 0
0.613962 0.92191 0
0.61287 0.924703 0
0.606027 0.930012 1
0.604582 0.935723 0
0.600674 0.939217 0
0.599135 0.943253 0
0.596732 0.950914 0
0.595068 0.956686 0
0.590268 0.960293 0
0.589173 0.968674 0
0.57758 0.970293 0
0.576436 0.977747 0
0.570328 0.98138 0
0.559537 0.980578 0
0.550002 0.980785 0
0.547831 0.987152 0
0.537441 0.988781 0
0.523471 0.979504 0
0.51605 0.979147 1
0.507637 0.981426 0
0.501494 0.984177 0
0.490888 0.982754 0
0.48321 0.98112 0
0.478877 0.980798 0
0.473173 0.983979 0
0.464273 0.982483 0
0.458583 0.978982 0
0.452422 0.978572 0
0.444082 0.979454 0
0.441007 0.983127 0
0.435362 0.98587 0
0.428199 0.98569 0
0.42018 0.989725 0
0.410201 0.985262 1
0.401411 0.986552 0
0.386654 0.989059 0
0.368077 0.987652 0
0.36015 0.989379 0
0.3493 0.991854 0
0.337962 0.993183 0
0.326689 0.995486 0
0.315199 0.996439 0
0.307483 0.998521 0
0.296527 1 0
0.281036 0.999645 0
0.268568 0.99572 0
0.257711 0.99285 0
0.247611 0.988601 0
0.232053 0.983378 1
0.225574 0.984381 0
0.213176 0.984347 0
0.207169 0.98541 0
0.200487 0.981437 0
0.19181 0.979452 0
0.186512 0.979803 0
0.173343 0.98449 0
0.164172 0.976957 0
0.15991 0.97241 0
0.15507 0.969912 0
0.14823 0.968279 0
0.145768 0.962275 0
0.139446 0.957027 0
0.138393 0.952099 0
0.134549 0.944584 1
0.129287 0.940631 0
0.125382 0.936226 0
0.120538 0.93121 0
0.117723 0.925969 0
0.116785 0.919781 0
0.108007 0.915461 0
0.107468 0.90888 0
0.102952 0.901573 0
0.0971576 0.897723 0
0.0966406 0.888623 0
0.091556 0.882008 0
0.0872254 0.874806 0
0.0863187 0.867435 0
0.0774052 0.862362 0
0.0778005 0.855532 1
0.069777 0.842979 0
0.0624023 0.833494 0
0.0648413 0.823544 0
0.0523059 0.814295 0
0.0534071 0.804863 0
0.0468725 0.791275 0
0.0448138 0.781924 0
0.0414328 0.776824 0
0.0351144 0.767423 0
0.0283219 0.760458 0
0.0223239 0.751842 0
0.0175284 0.738576 0
0.0171878 0.74145 0
0.0177628 0.740057 0
0.0193496 0.737085 1
0.0153777 0.730589 0
0.013996 0.723717 0
0.00962356 0.709471 0
0.00182165 0.698605 0
0.0121746 0.702646 0
0.0036486 0.682968 0
0.00705251 0.679569 0
0.00193397 0.663361 0
0 0.65828 0
0.00322442 0.641533 0
0.00543409 0.62689 0
0.00702388 0.62135 0
0.0130575 0.613899 0
0.0153124 0.60483 0
0.0222641 0.600994 0
0.0270916 0.596013 1
0.028618 0.595929 0
0.0307797 0.596275 0
0.0340004 0.59527 0
0.0353638 0.591358 0
0.0393739 0.593101 0
0.0440962 0.594658 0
0.047983 0.59342 0
0.0497905 0.591573 0
0.057829 0.577497 0
0.152096 0.451232 0
0.145728 0.420312 0
0.147656 0.42366 0
0.148545 0.422677 0
0.149616 0.422138 0
0.150402 0.421794 1
0.158526 0.424433 0
0.170162 0.424093 0
0.17739 0.426543 0
0.187781 0.424077 0
0.200541 0.426494 0
0.211293 0.423024 0
0.234764 0.418704 0
0.271783 0.39564 0
0.30686 0.370955 0
0.332337 0.344208 0
0.349408 0.334959 0
0.361529 0.320592 0
0.370214 0.314852 0
0.376819 0.313361 0
0.382675 0.311987 1
0.38334 0.311736 0
0.383905 0.312546 0
0.387592 0.313735 0
0.386884 0.317011 0
0.398237 0.331882 0
0.545973 0.333526 0
0.536086 0.329769 0
0.542956 0.328493 0
0.549073 0.328484 0
0.561484 0.332219 0
0.568924 0.332249 0
0.574429 0.33359 0
0.579554 0.335719 0
0.588237 0.33892 0
0.591415 0.339145 1
0.591415 0.339146 0
0.591423 0.33915 0
0.591537 0.339276 0
0.591223 0.339699 0
0.594276 0.339943 0
0.601754 0.370406 0
0.762019 0.599446 0
0.749292 0.584281 0
0.747316 0.585861 0
0.748515 0.591543 0
0.747313 0.589224 0
0.748441 0.593944 0
0.748522 0.593156 0
0.748922 0.591472 0
0.749028 0.593648 1
0.750292 0.593687 0
0.749578 0.593345 0
0.749851 0.593691 0
0.748361 0.593825 0
0.764531 0.587186 0
0.647893 0.578456 0
0.720513 0.592142 0
0.491461 0.764421 0
0.462908 0.762139 0
0.469123 0.757655 0
0.467583 0.75862 0
0.468094 0.756774 0
0.4679 0.757823 0
0.468243 0.756661 0
0.468286 0.756643 1
0.470643 0.749639 0
0.474847 0.740248 0
0.467904 0.730754 0
0.472887 0.716756 0
0.468222 0.714648 0
0.461795 0.700268 0
0.477103 0.697781 0
0.47779 0.682256 0
0.472018 0.674039 0
0.478587 0.656169 0
0.495958 0.634863 0
0.465753 0.641135 0
0.474131 0.63506 0
0.463044 0.620724 0
0.470782 0.616636 0
0.474348 0.616493 1
