0.633747 0.122077 1
0.632144 0.11738 0
0.631299 0.113723 0
0.630004 0.110322 0
0.629448 0.109267 0
0.627977 0.103954 0
0.629018 0.10211 0
0.673276 0.0846959 0
0.682632 0.0754253 0
0.65466 0.0583222 0
0.615774 0.0479521 0
0.603091 0.0541145 0
0.598138 0.0550702 0
0.592646 0.0572221 0
0.589257 0.0578175 1
0.581197 0.0493473 0
0.565864 0.0425212 0
0.5386 0.0263931 0
0.51689 0.0265758 0
0.414805 0.0356787 0
0.42329 0.0618157 0
0.382219 0.0610066 0
0.366633 0.0756061 0
0.351211 0.094604 0
0.349659 0.126821 0
0.336157 0.146612 0
0.324091 0.166672 0
0.296939 0.184701 0
0.285139 0.208769 0
0.275955 0.241409 1
0.26885 0.254326 0
0.236855 0.257658 0
0.220436 0.268796 0
0.199091 0.277266 0
0.217007 0.300451 0
0.149678 0.320908 0
0.15783 0.351473 0
0.165321 0.366839 0
0.125087 0.419009 0
0.0951135 0.570053 0
0.0936098 0.60906 0
0.133891 0.630628 0
0.15988 0.646265 0
0.169363 0.643392 0
0.184471 0.644782 1
0.179494 0.66448 0
0.178684 0.678538 0
0.181789 0.701638 0
0.185944 0.721106 0
0.183633 0.736276 0
0.197017 0.742775 0
0.20272 0.764334 0
0.227734 0.755847 0
0.249925 0.743152 0
0.268681 0.733252 0
0.296241 0.719281 0
0.313634 0.737186 0
0.451585 0.802855 0
0.444943 0.814934 0
0.445519 0.814931 1
0.460191 0.804575 0
0.470839 0.806123 0
0.479068 0.812126 0
0.501108 0.799823 0
0.515194 0.803609 0
0.554091 0.777067 0
0.58089 0.779758 0
0.613041 0.796466 0
0.639712 0.830435 0
0.660288 0.838469 0
0.713686 0.859104 0
0.704432 0.860781 0
0.709629 0.863548 0
0.721577 0.864094 0
0.73147 0.864481 1
0.7317 0.868113 0
0.731014 0.87063 0
0.730048 0.876054 0
0.732525 0.873214 0
0.734575 0.869311 0
0.735685 0.854816 0
0.746876 0.86791 0
0.749464 0.873474 0
0.753325 0.882585 0
0.756539 0.905121 0
0.760786 0.905419 0
0.763846 0.89285 0
0.777139 0.812156 0
0.8738 0.731076 0
0.871657 0.700503 1
0.892387 0.704327 0
0.91338 0.708192 0
0.947633 0.711266 0
0.969666 0.691332 0
0.982285 0.683417 0
0.968578 0.662525 0
0.958601 0.644561 0
0.938211 0.63802 0
0.93545 0.632939 0
0.925063 0.624949 0
0.906725 0.621853 0
0.901462 0.614566 0
0.890842 0.6057 0
0.87607 0.578464 0
0.869746 0.564412 1
0.874374 0.547702 0
0.868486 0.541151 0
0.86643 0.525824 0
0.852603 0.522299 0
0.847183 0.50664 0
0.840837 0.497172 0
0.844769 0.478237 0
0.835993 0.475106 0
0.817724 0.458232 0
0.795169 0.436301 0
0.745631 0.366277 0
0.741128 0.357294 0
0.743065 0.353036 0
0.74705 0.347532 0
0.745798 0.340577 1
0.741847 0.32677 0
0.75659 0.316015 0
0.75655 0.306783 0
0.755851 0.293229 0
0.754502 0.283017 0
0.752872 0.265656 0
0.74448 0.244505 0
0.776563 0.237583 0
0.618445 0.10656 0
0.615247 0.0961189 0
0.611847 0.0934222 0
0.613219 0.0885529 0
0.612041 0.083433 0
0.608606 0.0806511 0
0.606807 0.0781068 1
0.606462 0.0754149 0
0.604519 0.0735565 0
0.603202 0.0716458 0
0.601228 0.0694191 0
0.600236 0.0654074 0
0.599757 0.0612148 0
0.607272 0.0495363 0
0.569627 0.0142724 0
0.547856 9.13952e-05 0
0.514602 0 0
0.506063 0.00845417 0
0.526728 0.0137711 0
0.505041 0.025965 0
0.483512 0.0390025 0
0.479867 0.0469536 1
0.471708 0.0504592 0
0.44783 0.0618355 0
0.428055 0.0695787 0
0.418757 0.0906413 0
0.378496 0.106411 0
0.352222 0.140064 0
0.333054 0.160679 0
0.323801 0.182194 0
0.28718 0.198297 0
0.218007 0.230041 0
0.214015 0.251692 0
0.218259 0.270138 0
0.205459 0.282988 0
0.195591 0.295553 0
0.182918 0.306409 1
0.175051 0.321728 0
0.161757 0.351598 0
0.145529 0.370885 0
0.162462 0.380316 0
0.153714 0.408488 0
0.157284 0.429354 0
0.151789 0.452829 0
0.140411 0.473448 0
0.13736 0.542012 0
0.152776 0.568975 0
0.178021 0.598555 0
0.19681 0.682094 0
0.216294 0.686663 0
0.221926 0.691139 1
0.230361 0.693032 0
0.236227 0.704248 0
0.248453 0.704733 0
0.255845 0.705231 0
0.260127 0.719179 0
0.275453 0.723312 0
0.292076 0.72377 0
0.295425 0.75205 0
0.310083 0.759373 0
0.332084 0.768319 0
0.334912 0.782428 0
0.356906 0.794804 0
0.363568 0.810199 0
0.372548 0.825836 0
0.385642 0.835317 1
0.383744 0.845151 0
0.387678 0.866369 0
0.392717 0.880026 0
0.39495 0.902996 0
0.421567 0.915428 0
0.451516 0.944802 0
0.46586 0.941478 0
0.466835 0.948158 0
0.473519 0.954351 0
0.484457 0.961847 0
0.495241 0.964698 0
0.510131 0.962359 0
0.532116 0.97359 0
0.531086 0.973812 0
0.531904 0.974891 1
0.525199 0.990459 0
0.52021 0.988504 0
0.517673 1 0
0.688772 0.993662 0
0.735744 0.934554 0
0.746768 0.926393 0
0.760235 0.905181 0
0.761397 0.899115 0
0.768894 0.897981 0
0.77878 0.900113 0
0.780135 0.890062 0
0.7858 0.886754 0
0.791148 0.882044 0
0.789001 0.869126 0
0.79167 0.865882 1
0.79495 0.858636 0
0.844384 0.834271 0
0.98581 0.647377 0
0.964739 0.656278 0
0.810011 0.844467 0
0.80035 0.860545 0
0.818916 0.842071 0
0.81388 0.696546 0
0.836586 0.697211 0
0.841475 0.692799 0
0.848038 0.687448 0
0.847041 0.68673 0
0.849127 0.672895 0
0.846423 0.675894 0
0.84764 0.681253 1
0.847602 0.681238 0
0.847562 0.681088 0
0.846988 0.680719 0
0.845603 0.679072 0
0.842236 0.674873 0
0.854823 0.461979 0
0.846458 0.443854 0
0.851506 0.430832 0
0.850246 0.41902 0
0.84414 0.413066 0
0.833888 0.404066 0
0.831487 0.397772 0
0.833886 0.390699 0
0.832341 0.383957 0
0.83596 0.378683 1
0.840128 0.370024 0
0.848672 0.342287 0
0.841309 0.31166 0
0.834778 0.284725 0
0.839974 0.271128 0
0.837257 0.253447 0
0.778803 0.196433 0
0.780635 0.180233 0
0.797359 0.174908 0
0.802544 0.169463 0
0.80968 0.162535 0
0.812759 0.158637 0
0.820433 0.162246 0
0.828801 0.164086 0
0.834319 0.164347 1
0.840595 0.159193 0
0.854365 0.151873 0
0.862933 0.152101 0
0.798603 0.141899 0
0.80334 0.156637 0
0.821771 0.162144 0
0.856075 0.162902 0
0.813363 0.154802 0
0.782503 0.140799 0
0.575622 0.0241461 0
0.549598 0.067589 0
0.549075 0.0842955 0
0.547805 0.0918169 0
0.543931 0.0971327 0
0.540986 0.104128 1
0.538169 0.105512 0
0.530585 0.11494 0
0.521694 0.120022 0
0.477518 0.176666 0
0.353297 0.212418 0
0.0583564 0.193126 0
0.0200888 0.241162 0
0.0195345 0.268141 0
0 0.293867 0
0.00538415 0.321518 0
0.00305501 0.346978 0
0.0223993 0.357984 0
0.0365641 0.369004 0
0.036028 0.392131 0
0.0184111 0.417051 1
0.0220134 0.444244 0
0.0316048 0.463918 0
0.0448133 0.502232 0
0.121004 0.505506 0
0.119231 0.517228 0
0.0892342 0.532069 0
0.160915 0.524035 0
0.192049 0.554867 0
0.207538 0.566994 0
0.197621 0.559832 0
0.206301 0.572299 0
0.21889 0.606601 0
0.226887 0.600067 0
0.23289 0.609318 0
0.235468 0.617305 1
0.263001 0.617336 0
0.290005 0.61731 0
0.346905 0.630669 0
0.362244 0.641996 0
0.379611 0.667586 0
0.391567 0.671767 0
0.423982 0.668223 0
0.456385 0.65041 0
0.49641 0.621483 0
0.523684 0.596913 0
0.55724 0.581943 0
0.587026 0.585833 0
0.604919 0.59802 0
0.611743 0.608227 0
0.636393 0.617353 1
