0.321812 0.048227 1
0.33921 0.0556094 0
0.357039 0.0640275 0
0.373515 0.069093 0
0.383215 0.0752917 0
0.39953 0.0815955 0
0.426212 0.0899587 0
0.452254 0.100215 0
0.475924 0.113329 0
0.504695 0.126358 0
0.5332 0.136543 0
0.561133 0.151643 0
0.574281 0.16727 0
0.602075 0.189277 0
0.629336 0.208283 0
0.652305 0.229859 1
0.675575 0.251979 0
0.704108 0.276515 0
0.730168 0.303473 0
0.750951 0.330801 0
0.76799 0.35552 0
0.781402 0.379749 0
0.794912 0.409612 0
0.808634 0.445337 0
0.817955 0.479945 0
0.826195 0.51235 0
0.828856 0.553568 0
0.828169 0.591529 0
0.825184 0.627206 0
0.82252 0.663146 0
0.817233 0.697067 1
0.805015 0.734575 0
0.788782 0.765679 0
0.76858 0.799109 0
0.745856 0.832011 0
0.725009 0.858256 0
0.703821 0.879874 0
0.679956 0.897824 0
0.653471 0.914631 0
0.624371 0.93009 0
0.595126 0.941394 0
0.571727 0.949193 0
0.556401 0.952994 0
0.541836 0.956466 0
0.526034 0.959694 0
0.523083 0.959283 1
0.51939 0.963263 0
0.519802 0.962692 0
0.518064 0.964763 0
0.503606 0.960984 0
0.495801 0.958112 0
0.502177 0.953782 0
0.494885 0.947713 0
0.486263 0.940192 0
0.474659 0.931467 0
0.449855 0.923073 0
0.451659 0.915573 0
0.449779 0.908166 0
0.432373 0.899877 0
0.383618 0.883518 0
0.349015 0.867142 1
0.321091 0.848672 0
0.300739 0.834489 0
0.279948 0.820586 0
0.258338 0.806935 0
0.238899 0.794542 0
0.223232 0.782364 0
0.213086 0.770142 0
0.197114 0.753987 0
0.1974 0.746936 0
0.197768 0.73618 0
0.187394 0.721139 0
0.169599 0.704816 0
0.158055 0.690527 0
0.161683 0.677274 0
0.164451 0.65705 0
0.160568 0.633692 1
0.1536 0.612277 0
0.146986 0.589275 0
0.137346 0.563603 0
0.129752 0.538588 0
0.128812 0.513965 0
0.126698 0.485814 0
0.119306 0.455239 0
0.111741 0.423058 0
0.108057 0.389323 0
0.108505 0.352108 0
0.1129 0.309412 0
0.122003 0.26307 0
0.138855 0.216898 0
0.166146 0.172273 0
0.193458 0.138123 1
0.2099 0.115645 0
0.215403 0.0998395 0
0.220375 0.0832434 0
0.222783 0.062801 0
0.222676 0.0391389 0
0.226678 0.0270018 0
0.235737 0.016643 0
0.237664 0.0131448 0
0.234215 0.0120407 0
0.237065 0.0059481 0
0.239342 0 0
0.232264 0.000145603 0
0.219487 0.00738162 0
0.212182 0.0154432 0
0.216481 0.0148044 1
0.218065 0.0106859 0
0.222614 0.00597657 0
0.237096 0.012953 0
0.254551 0.0153237 0
0.270199 0.0171038 0
0.282277 0.0193059 0
0.293058 0.0188224 0
0.305154 0.018395 0
0.32145 0.0206821 0
0.338138 0.0270287 0
0.356817 0.0284985 0
0.38015 0.0338746 0
0.403459 0.0447389 0
0.422502 0.0549657 0
0.441431 0.0652489 1
0.466819 0.0770238 0
0.498056 0.0898204 0
0.535108 0.105393 0
0.556574 0.120665 0
0.571372 0.134584 0
0.604658 0.155817 0
0.639129 0.181376 0
0.668527 0.206314 0
0.697372 0.231755 0
0.716383 0.255061 0
0.731673 0.277609 0
0.749896 0.303723 0
0.771546 0.339373 0
0.793342 0.380271 0
0.803243 0.412167 0
0.811904 0.44433 1
0.818695 0.481739 0
0.820278 0.516373 0
0.822429 0.557291 0
0.821977 0.605153 0
0.816006 0.648017 0
0.806807 0.687962 0
0.79659 0.725173 0
0.78651 0.761023 0
0.777294 0.785916 0
0.766388 0.808897 0
0.75585 0.833157 0
0.744594 0.852745 0
0.739621 0.871669 0
0.733669 0.896753 0
0.72491 0.922877 1
0.714189 0.944086 0
0.70162 0.959216 0
0.689973 0.964954 0
0.673466 0.985499 0
0.668042 0.988379 0
0.656344 0.995777 0
0.649581 0.997944 0
0.645623 0.995944 0
0.642274 0.993629 0
0.638291 0.994705 0
0.632547 1 0
0.635843 0.99605 0
0.636586 0.994074 0
0.633834 0.9897 0
0.62229 0.985903 1
0.609351 0.977759 0
0.600528 0.975114 0
0.595139 0.965144 0
0.574464 0.961452 0
0.541718 0.962853 0
0.503487 0.965294 0
0.47565 0.967202 0
0.440737 0.971639 0
0.413736 0.972308 0
0.389322 0.965756 0
0.366967 0.957368 0
0.321351 0.939404 0
0.305141 0.926658 0
0.299809 0.914914 0
0.301012 0.901184 1
0.302347 0.888478 0
0.293195 0.876123 0
0.281009 0.863209 0
0.268859 0.849714 0
0.260826 0.834794 0
0.240984 0.814412 0
0.245406 0.802979 0
0.251601 0.779294 0
0.237333 0.747249 0
0.219796 0.715586 0
0.206348 0.686102 0
0.190274 0.656403 0
0.206559 0.630321 0
0.200523 0.600074 0
0.178947 0.569531 1
0.152239 0.539004 0
0.134231 0.511347 0
0.12418 0.483611 0
0.115311 0.45599 0
0.109589 0.430562 0
0.0993782 0.403027 0
0.0853166 0.371108 0
0.0739305 0.343324 0
0.0624074 0.325235 0
0.0521414 0.310489 0
0.0380744 0.296944 0
0.0278211 0.280617 0
0.025543 0.258658 0
0.0192541 0.234155 0
0.117619 0.109777 0
0.122274 0.0980599 1
0.138758 0.0782245 0
0.169704 0.0469553 0
0.15605 0.0504115 0
0.112885 0.081117 0
0.0661109 0.121864 0
0.0419087 0.143767 0
0.00783485 0.188285 0
0 0.20922 0
0.00613208 0.204984 0
0.00950953 0.201739 0
0.010205 0.19808 0
0.0283613 0.191667 0
0.0537511 0.184337 0
0.0795624 0.171721 0
0.106131 0.15655 1
0.13008 0.144878 0
0.145765 0.134866 0
0.166409 0.122204 0
0.196797 0.110661 0
0.227251 0.100624 0
0.257641 0.0912016 0
0.28713 0.0819497 0
0.322302 0.0754857 0
0.360304 0.0715333 0
0.398444 0.0697824 0
0.431834 0.0711966 0
0.463174 0.0748971 0
0.49936 0.0805761 0
0.517466 0.0901335 0
0.545058 0.100583 1
0.58926 0.112991 0
0.621444 0.126082 0
0.656502 0.140576 0
0.694085 0.160729 0
0.726201 0.18265 0
0.751138 0.202368 0
0.778631 0.224863 0
0.81233 0.2523 0
0.919658 0.324256 0
0.82361 0.300648 0
0.862964 0.346887 0
0.868868 0.366018 0
0.892589 0.423784 0
0.995816 0.602486 0
1 0.662967 1
0.923258 0.589374 0
0.899078 0.622143 0
0.858191 0.845565 0
0.842175 0.72889 0
0.781774 0.824223 0
0.7604 0.742621 0
0.710454 0.747293 0
0.38605 0.691991 0
0.488855 0.711698 0
0.535202 0.731655 0
0.532058 0.732416 0
0.530415 0.732466 0
0.530251 0.732402 0
0.530241 0.732428 0
0.530138 0.732416 0
0.530084 0.73242 1
