0.0577458 0.332374 1
0.0579539 0.325149 0
0.0622218 0.317113 0
0.0641064 0.315171 0
0.0695548 0.314833 0
0.0878743 0.335466 0
0.104062 0.348422 0
0.126974 0.37309 0
0.165082 0.458532 0
0.224067 0.631785 0
0.226794 0.641701 0
0.234231 0.638977 0
0.241519 0.626122 0
0.269746 0.605382 0
0.285552 0.582194 0
0.301855 0.550535 0
0.325003 0.548254 0
0.346745 0.536614 1
0.35709 0.52372 0
0.369725 0.515316 0
0.392839 0.51052 0
0.426943 0.499451 0
0.442838 0.492914 0
0.532853 0.463577 0
0.602339 0.446566 0
0.645501 0.432778 0
0.68092 0.386836 0
0.747761 0.213335 0
0.776184 0.238804 0
0.788226 0.254757 0
0.793206 0.27912 0
0.802032 0.303352 0
0.797514 0.338227 0
0.793022 0.371376 0
0.790392 0.388373 1
0.793928 0.390648 0
0.794569 0.391433 0
0.792244 0.390043 0
0.791825 0.390253 0
0.856617 0.435166 0
0.951138 0.099179 0
0.704411 0.0873434 0
0.694745 0.0689871 0
0.693814 0.0533632 0
0.688501 0.04077 0
0.700809 0.0332098 0
0.695472 0.0253975 0
0.700491 0.0170678 0
0.707808 0.00540555 0
0.719736 0 0
0.729428 0.00996105 0
0.762596 0.0273038 1
0.762201 0.029347 0
0.76232 0.0297027 0
0.763149 0.0340244 0
0.761673 0.03669 0
0.761234 0.0411308 0
0.755021 0.0447902 0
0.747753 0.0547309 0
0.731733 0.0598309 0
0.718375 0.0803085 0
0.709508 0.0869287 0
0.781163 0.0726282 0
0.618981 0.651052 0
0.672946 0.686028 0
0.664183 0.696091 0
0.646544 0.71556 0
0.641521 0.733158 0
0.619637 0.752883 1
0.61028 0.79855 0
0.596951 0.818936 0
0.582779 0.832372 0
0.561494 0.852587 0
0.549127 0.893401 0
0.534919 0.908229 0
0.517838 0.921815 0
0.499972 0.951598 0
0.468214 0.964572 0
0.446584 0.995321 0
0.428822 1 0
0.396793 0.973348 0
0.353643 0.982978 0
0.313682 0.933218 0
0.113906 0.609009 0
0.108634 0.579731 0
0.10905 0.575973 1
0.0854648 0.525081 0
0.0784631 0.491809 0
0.0524817 0.459774 0
0.0457004 0.451343 0
0.0252143 0.423945 0
0 0.246625 0
0.0257662 0.385746 0
0.0656495 0.407629 0
0.0952171 0.43459 0
0.113686 0.430467 0
0.137978 0.475367 0
0.210151 0.669869 0
0.229186 0.651868 0
0.227645 0.652919 0
0.234329 0.651138 0
0.238078 0.648953 0
0.244361 0.646691 1
0.265175 0.646666 0
0.278064 0.627217 0
0.307895 0.611526 0
0.320526 0.594001 0
0.346367 0.594811 0
0.355509 0.564249 0
0.367165 0.540424 0
0.381897 0.527133 0
0.405472 0.515665 0
0.4283 0.494339 0
0.472296 0.481304 0
0.524095 0.483401 0
0.571871 0.47213 0
0.564621 0.480447 0
0.778427 0.161386 0
0.755023 0.187838 0
0.758783 0.180579 1
0.776482 0.197455 0
0.78455 0.21413 0
0.813405 0.197308 0
0.749974 0.293687 0
0.718289 0.27724 0
0.692665 0.266776 0
0.674979 0.239678 0
0.674191 0.218242 0
0.667308 0.18891 0
0.654069 0.187076 0
0.638446 0.173376 0
0.629791 0.160963 0
0.619267 0.151985 0
0.583534 0.159077 0
0.582609 0.141464 0
0.569778 0.134402 0
0.554662 0.115304 0
0.550459 0.109271 1
