0.154933 0.189542 1
0.154933 0.189542 0
0.155161 0.189292 0
0.152396 0.18741 0
0.391806 0.0400085 0
0.386541 0.0319558 0
0.372981 0.0367211 0
0.327428 0.0335958 0
0.281423 0.0098012 0
0.237717 0.0022854 0
0.207255 0 0
0.173779 0.0245469 0
0.136069 0.0452057 0
0.112513 0.103575 0
0.105747 0.130092 0
0.107529 0.13767 0
0.134141 0.182425 1
0.0896004 0.195585 0
0.0730308 0.212431 0
0.0532899 0.243912 0
0.0404 0.264763 0
0.0324261 0.301512 0
0.0257823 0.332515 0
0.0104453 0.360409 0
0.0260307 0.421176 0
0 0.471276 0
0.0304192 0.516975 0
0.0385063 0.531867 0
0.043016 0.564056 0
0.047561 0.585826 0
0.0548582 0.60976 0
0.0754911 0.631257 0
0.0864597 0.649976 1
0.0889631 0.668639 0
0.105792 0.681795 0
0.123139 0.698528 0
0.117668 0.725732 0
0.156603 0.727705 0
0.174534 0.745522 0
0.20234 0.744402 0
0.233614 0.74949 0
0.295472 0.744593 0
0.335209 0.764619 0
0.359174 0.787683 0
0.395698 0.816344 0
0.433364 0.826732 0
0.466771 0.835023 0
0.495035 0.841413 0
0.532791 0.848481 0
0.556353 0.851035 1
0.569854 0.8575 0
0.590241 0.854663 0
0.609609 0.840414 0
0.639842 0.848866 0
0.659964 0.835193 0
0.67827 0.823319 0
0.693798 0.801813 0
0.710277 0.788173 0
0.726668 0.770118 0
0.741504 0.751633 0
0.755971 0.727742 0
0.761495 0.69625 0
0.782907 0.6903 0
0.798026 0.648838 0
0.809272 0.625787 0
0.823436 0.594939 1
0.849965 0.567463 0
0.895818 0.536015 0
0.917824 0.51352 0
0.940189 0.473626 0
0.962918 0.436386 0
0.984848 0.385137 0
0.996781 0.330408 0
1 0.302085 0
0.974704 0.287824 0
0.935965 0.264608 0
0.882929 0.240811 0
0.857186 0.219014 0
0.855015 0.196268 0
0.820097 0.180335 0
0.8139 0.16189 0
0.805257 0.15198 1
0.783316 0.13564 0
0.76078 0.121624 0
0.73528 0.108617 0
0.711659 0.085513 0
0.687705 0.0736173 0
0.668034 0.0615088 0
0.640138 0.0517079 0
0.604621 0.042629 0
0.588778 0.0317778 0
0.544935 0.0233151 0
0.493524 0.0229935 0
0.460796 0.0226634 0
0.430836 0.0296031 0
0.410132 0.0295921 0
0.375369 0.0395944 0
0.368553 0.0450789 0
0.354666 0.048977 1
0.349071 0.0396311 0
0.346904 0.0353748 0
0.294413 0.0190955 0
0.189228 0.00726103 0
0.153468 0.0386952 0
0.130934 0.0674508 0
0.125434 0.101541 0
0.11227 0.114205 0
0.116712 0.159904 0
0.112021 0.191002 0
0.0717554 0.239685 0
0.053694 0.258842 0
0.0428629 0.295936 0
0.0489576 0.329403 0
0.0420012 0.369587 0
0.0544131 0.397878 1
0.0397299 0.424285 0
0.0514218 0.454095 0
0.0535004 0.511084 0
0.0407301 0.554952 0
0.0566577 0.579365 0
0.0669852 0.605914 0
0.0787342 0.626188 0
0.102588 0.658196 0
0.10463 0.676987 0
0.131643 0.693269 0
0.137842 0.720382 0
0.143519 0.733596 0
0.163554 0.748483 0
0.201145 0.761833 0
0.228883 0.772514 0
0.262541 0.770271 0
0.27524 0.779785 1
