0.977065 0.577739 1
0.974208 0.579115 0
0.971858 0.579334 0
0.967329 0.581938 0
0.965829 0.584127 0
0.959606 0.595724 0
0.954169 0.596685 0
0.950681 0.59877 0
0.948078 0.601166 0
0.939133 0.611854 0
0.936288 0.606467 0
0.930513 0.611261 0
0.923833 0.611725 0
0.92283 0.607727 0
0.917091 0.609595 0
0.91637 0.605623 0
0.906944 0.610059 0
0.900497 0.609067 1
0.896553 0.603173 0
0.902913 0.590782 0
0.893866 0.596705 0
0.893397 0.586051 0
0.895076 0.581364 0
0.903284 0.569648 0
0.905399 0.561686 0
0.902074 0.558723 0
0.901982 0.555314 0
0.898323 0.553832 0
0.89051 0.554451 0
0.886587 0.55242 0
0.883734 0.54957 0
0.883722 0.543989 0
0.88129 0.539448 0
0.884598 0.533985 0
0.888963 0.525655 0
0.892229 0.517854 0
0.896445 0.511336 0
0.900666 0.505243 1
0.899302 0.49862 0
0.896419 0.495149 0
0.895333 0.489887 0
0.888917 0.486758 0
0.882642 0.483783 0
0.87982 0.480835 0
0.877091 0.476612 0
0.880665 0.468764 0
0.87533 0.466048 0
0.878344 0.45899 0
0.87803 0.454352 0
0.878112 0.448383 0
0.88127 0.441966 0
0.886291 0.436472 1
0.897935 0.421187 0
0.900895 0.409378 0
0.902734 0.404057 0
0.89936 0.398759 0
0.898826 0.394175 0
0.903523 0.381089 0
0.911201 0.36308 1
0.917931 0.355289 0
0.923687 0.348822 0
0.92307 0.342492 0
0.927541 0.333282 0
0.931748 0.327363 0
0.927514 0.319924 0
0.931162 0.314964 0
0.930269 0.312359 0
0.936261 0.308372 0
0.933823 0.303152 1
0.942932 0.300138 0
0.948652 0.29508 0
0.959927 0.292961 0
0.968167 0.289835 0
0.972877 0.2881 0
0.97613 0.284852 0
0.980007 0.28058 0
0.982083 0.276897 1
0.983786 0.272676 0
0.989955 0.267739 0
0.991758 0.262184 0
0.994886 0.256232 0
0.996151 0.250152 0
0.99733 0.245001 0
1 0.239767 0
0.99885 0.230837 0
0.996462 0.227216 1
0.99297 0.218163 0
0.991695 0.222116 0
0.988799 0.219201 0
0.987154 0.218275 0
0.974558 0.211761 0
0.965871 0.208316 0
0.945983 0.207666 1
0.942553 0.205203 0
0.946451 0.195848 0
0.948105 0.18982 0
0.925435 0.200767 0
0.926241 0.197372 0
0.924461 0.193517 0
0.924203 0.189804 0
0.927466 0.180946 0
0.919833 0.18457 0
0.914377 0.182202 0
0.912392 0.180137 0
0.910194 0.176592 0
0.908109 0.174675 0
0.903365 0.173492 1
0.89831 0.170539 0
0.8946 0.159349 0
0.890689 0.153595 0
0.887931 0.144184 0
0.881693 0.141129 0
0.876591 0.132248 0
0.870131 0.128381 0
0.864424 0.122579 0
0.858677 0.116412 0
0.851421 0.114067 0
0.845613 0.111627 0
0.836396 0.113143 0
0.833164 0.107412 0
0.825819 0.103629 0
0.817032 0.100706 0
0.80945 0.101067 0
0.801753 0.100451 0
0.794205 0.0932526 0
0.789961 0.0851785 0
0.779626 0.0831142 1
0.777278 0.0772537 0
0.775395 0.0689821 0
0.770512 0.0643041 0
0.769052 0.0579909 0
0.767151 0.0520859 0
0.759222 0.0528879 0
0.760049 0.0419775 0
0.752899 0.0436857 0
0.755033 0.0331311 0
0.749149 0.0284195 0
0.746374 0.0228397 1
0.743911 0.0179497 0
0.738826 0.0120107 0
0.72655 0.00939696 0
0.722915 0.00681168 0
0.707914 0.00926141 0
0.7017 0.00726151 0
0.70585 0 0
0.702609 0.00235943 0
0.696196 0.00308403 0
0.689558 0.00987605 0
0.68443 0.0107108 0
0.678854 0.012773 0
0.675663 0.0142623 0
0.67216 0.0186686 0
0.666601 0.025191 0
0.664337 0.0269378 0
0.661544 0.0311777 0
0.657975 0.0382209 0
0.655065 0.0421804 0
0.652831 0.0449778 0
0.652203 0.0463569 1
0.651856 0.0535012 0
0.648743 0.0549636 0
0.648993 0.0596187 0
0.653457 0.0676019 0
0.654459 0.0741249 0
0.656745 0.0783114 0
0.657736 0.0858448 0
0.660954 0.0919592 0
0.662035 0.102257 0
0.660233 0.109275 0
0.665632 0.115893 0
0.663944 0.122003 1
0.663281 0.126402 0
0.674631 0.147289 0
0.67256 0.155484 0
0.670109 0.162678 1
0.664118 0.169627 0
0.651648 0.174323 0
0.642716 0.179222 0
0.636925 0.184637 0
0.633961 0.18962 0
0.632946 0.195292 0
0.628707 0.201781 0
0.624169 0.204515 0
0.620651 0.209327 1
0.617482 0.213286 0
0.612793 0.218291 0
0.60674 0.224185 0
0.60191 0.228686 0
0.597805 0.232207 0
0.58958 0.229452 0
0.584015 0.233441 0
0.576989 0.237244 0
0.575199 0.250317 0
0.568555 0.255328 0
0.567027 0.267745 0
0.559677 0.267854 0
0.550957 0.268131 0
0.545215 0.272044 0
0.538745 0.276412 0
0.532908 0.283973 0
0.52647 0.288423 0
0.519723 0.28884 0
0.513229 0.296551 0
0.506949 0.296546 0
0.501099 0.299927 0
0.495505 0.30325 0
0.489426 0.307251 0
0.483716 0.311817 0
0.478233 0.316868 1
0.472745 0.32119 0
0.466863 0.323836 0
0.463157 0.332065 0
0.456871 0.333754 0
0.446335 0.328915 0
0.442167 0.335185 0
0.432004 0.334805 0
0.431356 0.346449 0
0.42226 0.344697 0
0.419055 0.350409 0
0.41114 0.351495 0
0.407358 0.356741 0
0.402687 0.358692 0
0.396701 0.360035 0
0.393022 0.361666 0
0.387176 0.363919 0
0.383116 0.365324 1
0.379668 0.368744 0
0.378722 0.372611 0
0.375743 0.378995 0
0.372136 0.385641 0
0.370556 0.390839 0
0.366098 0.396785 0
0.359795 0.39687 0
0.357816 0.402452 0
0.356777 0.408913 0
0.353551 0.413215 0
0.349086 0.414989 0
0.346643 0.421515 0
0.341423 0.42545 0
0.338838 0.428707 0
0.33751 0.434776 0
0.333011 0.437731 0
0.331096 0.44251 0
0.325923 0.447889 0
0.322606 0.451262 1
0.320506 0.45653 0
0.317772 0.45894 0
0.31449 0.464512 0
0.315096 0.467912 0
0.313713 0.470313 0
0.311404 0.475235 0
0.308709 0.483688 0
0.304804 0.488796 0
0.306386 0.497567 0
0.307442 0.503849 0
0.307835 0.510115 0
0.305206 0.520479 0
0.30466 0.525492 0
0.304493 0.530273 0
0.30798 0.540791 0
0.308479 0.549412 0
0.312532 0.558205 0
0.31108 0.565491 0
0.314661 0.57498 1
0.314132 0.583087 0
0.313687 0.587602 0
0.311767 0.595677 0
0.310802 0.603801 0
0.312087 0.608754 0
0.314206 0.616906 0
0.313209 0.620738 0
0.31373 0.627976 0
0.309395 0.635014 0
0.310507 0.642933 0
0.308916 0.648397 0
0.308698 0.654788 0
0.310745 0.660411 0
0.317294 0.668096 0
0.325338 0.678493 0
0.324941 0.684233 1
0.292877 0.677836 0
0.29015 0.679088 0
0.286739 0.683949 0
0.283456 0.687983 0
0.279699 0.691597 0
0.276775 0.69677 0
0.275931 0.698316 0
0.274896 0.699783 1
0.273346 0.703528 0
0.270289 0.707862 0
0.269691 0.711483 0
0.267864 0.717404 0
0.264826 0.722226 0
0.261571 0.728956 0
0.262739 0.740211 0
0.256676 0.742496 0
0.248834 0.742482 0
0.243786 0.741938 0
0.235584 0.743222 0
0.227066 0.743483 1
0.218969 0.745095 0
0.210628 0.747141 0
0.204521 0.749747 0
0.197302 0.749076 0
0.190724 0.750665 0
0.185426 0.748598 0
0.177573 0.747805 0
0.182662 0.738677 0
0.175751 0.73935 0
0.16584 0.739503 0
0.160095 0.742572 0
0.157493 0.739369 1
0.147707 0.739145 0
0.142184 0.733597 0
0.125291 0.738134 0
0.126578 0.728952 0
0.120703 0.724798 0
0.113716 0.717919 0
0.111117 0.711409 0
0.0950512 0.710941 0
0.0977573 0.704743 0
0.0931981 0.703486 0
0.0956932 0.694786 0
0.0892451 0.681637 0
0.0928156 0.676514 0
0.0923528 0.668428 0
0.0899827 0.669449 0
0.0899715 0.661149 0
0.0869712 0.64786 0
0.0831581 0.645293 0
0.0793742 0.646298 0
0.0803844 0.638305 0
0.0742969 0.634908 0
0.0735661 0.633292 0
0.0658795 0.627472 0
0.0648514 0.619916 0
0.0739339 0.60578 0
0.0696114 0.598028 1
0.0539884 0.602103 0
0.0558093 0.591273 0
0.0522048 0.590475 0
0.0525772 0.581928 0
0.0469702 0.578528 0
0.0340194 0.57307 0
0.0205658 0.573658 0
0.0203743 0.567614 0
0.0132021 0.563276 0
0.00759751 0.559744 0
0.00975234 0.557682 0
0.0116634 0.551732 0
0.00531857 0.544761 0
0.00347124 0.541343 0
0.00349242 0.53574 0
0 0.529392 0
0.0113692 0.526869 0
0.0093066 0.523142 0
0.00768686 0.520159 0
0.0114893 0.514374 0
0.0134196 0.511733 0
0.0142247 0.508987 0
0.0169632 0.506649 0
0.0180511 0.505079 0
0.0189567 0.50298 0
0.0201481 0.501719 0
0.0211196 0.500876 1
0.0263744 0.498865 0
0.0262737 0.492504 0
0.0239571 0.486033 0
0.0327811 0.48287 0
0.034811 0.478578 0
0.0417991 0.475953 0
0.0463003 0.470604 0
0.0570742 0.467768 0
0.0645384 0.466558 0
0.0615345 0.45712 0
0.0753737 0.456965 0
0.0769725 0.447733 0
0.0800083 0.443554 0
0.087816 0.442948 0
0.0885405 0.436472 0
0.0872778 0.426958 0
0.0933563 0.424294 0
0.0973883 0.419197 0
0.100319 0.412712 0
0.1026 0.404913 1
0.103319 0.398756 0
0.109685 0.392012 0
0.106794 0.385446 0
0.107621 0.381354 0
0.109586 0.375093 0
0.110144 0.368212 0
0.109743 0.361392 0
0.108847 0.355018 0
0.107338 0.347924 0
0.108531 0.336949 0
0.109914 0.329806 0
0.110827 0.323848 0
0.115239 0.318946 0
0.122258 0.314295 1
0.12344 0.307663 0
0.120078 0.29454 0
0.12066 0.284732 0
0.119708 0.278298 0
0.124784 0.279993 0
0.12741 0.275729 0
0.127354 0.270475 0
0.130763 0.271014 0
0.129359 0.262171 0
0.13142 0.263211 0
0.132108 0.250664 0
0.131972 0.242443 0
0.132862 0.233803 0
0.134314 0.237182 0
0.13796 0.232571 0
0.143229 0.230141 0
0.151 0.2296 0
0.156943 0.220544 0
0.161253 0.219465 0
0.171773 0.220107 0
0.174488 0.213581 0
0.180342 0.212951 1
0.183859 0.213187 0
0.185982 0.214459 0
0.189074 0.214487 0
0.190376 0.218247 0
0.192805 0.21848 0
0.19638 0.219539 0
0.200686 0.223074 0
0.203308 0.228121 0
0.210126 0.229593 0
0.211396 0.234476 0
0.217698 0.24043 0
0.224508 0.244681 0
0.231301 0.2495 1
