0.990901 0.430455 1
0.991326 0.429676 0
0.990946 0.429531 0
0.990887 0.428636 0
0.990621 0.428248 0
0.992053 0.427973 0
0.993589 0.429304 0
0.994878 0.429935 0
0.994012 0.429062 0
0.992953 0.428051 0
0.997572 0.430167 0
0.993953 0.426315 0
0.991929 0.425955 0
0.99436 0.426482 0
0.995535 0.426544 0
0.996281 0.427327 0
0.999433 0.428502 0
1 0.427313 0
0.999078 0.425393 0
0.996962 0.423359 0
0.99545 0.422502 0
0.991049 0.420333 0
0.9881 0.419136 0
0.98573 0.418089 0
0.983591 0.417627 0
0.981342 0.417216 0
0.980571 0.415373 0
0.979913 0.414146 0
0.979673 0.412982 0
0.980338 0.410916 0
0.979515 0.408582 0
0.977857 0.40775 0
0.973825 0.405431 0
0.969166 0.404627 0
0.965845 0.402319 0
0.964117 0.39802 0
0.959997 0.395323 0
0.96062 0.393136 0
0.959002 0.391265 0
0.955771 0.387831 0
0.955387 0.385134 0
0.956901 0.38035 0
0.957362 0.376572 0
0.955297 0.373458 0
0.954246 0.370637 0
0.952831 0.368726 0
0.949846 0.365071 0
0.949952 0.361503 0
0.949008 0.356729 0
0.946191 0.353324 0
0.944744 0.348779 0
0.942866 0.343338 0
0.940962 0.340411 0
0.940102 0.334231 0
0.933921 0.32937 0
0.928647 0.323737 0
0.928747 0.320505 0
0.922922 0.315992 0
0.918981 0.311078 0
0.914609 0.305738 1
0.915921 0.299644 0
0.913934 0.293626 0
0.914871 0.288192 0
0.913393 0.282999 0
0.912114 0.277404 0
0.909116 0.268808 0
0.908594 0.26198 0
0.906255 0.257666 0
0.901907 0.253625 0
0.899566 0.24736 0
0.89699 0.241674 0
0.896147 0.239436 0
0.89608 0.234405 1
0.896967 0.228997 0
0.898671 0.223819 0
0.900935 0.218819 0
0.904049 0.213581 0
0.906486 0.206571 0
0.909671 0.201036 0
0.912331 0.196839 0
0.913964 0.192689 0
0.918738 0.186902 0
0.919151 0.180519 0
0.917044 0.177188 1
0.914798 0.176179 0
0.912919 0.174666 0
0.910599 0.172607 0
0.907917 0.172032 0
0.903583 0.171403 0
0.89761 0.171693 0
0.891572 0.171294 0
0.888371 0.171769 0
0.885774 0.171266 0
0.884284 0.170962 0
0.850306 0.167499 0
0.851166 0.163052 0
0.849388 0.161018 0
0.848211 0.160854 0
0.848313 0.158875 0
0.848624 0.157311 1
0.849368 0.154625 0
0.85095 0.152709 0
0.852664 0.149085 0
0.854989 0.146164 0
0.856921 0.139551 0
0.857011 0.138581 0
0.861427 0.133269 0
0.862325 0.128529 0
0.865031 0.124393 0
0.868751 0.120398 0
0.866658 0.118177 0
0.881544 0.105859 0
0.881266 0.0976985 0
0.88164 0.0944743 0
0.880728 0.093015 1
0.878901 0.0901367 0
0.879236 0.085905 0
0.876419 0.079608 0
0.868596 0.0771303 0
0.90007 0.0510848 0
0.873453 0.0723265 0
0.866608 0.071861 0
0.862358 0.0706646 1
0.888817 0.041181 1
0.886595 0.0385716 0
0.88376 0.0366799 0
0.879696 0.0347749 0
0.875338 0.0311491 0
0.872072 0.03023 0
0.864948 0.0321335 0
0.857818 0.0334652 0
0.850043 0.039854 1
0.841364 0.0381903 0
0.832874 0.0386979 0
0.829102 0.0324455 0
0.826914 0.0260967 0
0.823609 0.0194335 0
0.819773 0.0213297 1
0.813522 0.0221581 0
0.807868 0.0230537 0
0.803291 0.0261835 0
0.801425 0.0297682 0
0.801987 0.0352891 0
0.801242 0.0405427 0
0.796772 0.0412142 0
0.795513 0.044349 0
0.795351 0.0492608 1
0.792732 0.0533529 0
0.789142 0.0577061 0
0.785946 0.0616223 0
0.784197 0.0635372 0
0.783989 0.0664158 0
0.784972 0.0679172 0
0.784606 0.0694974 0
0.775412 0.0775101 0
0.769738 0.0779043 0
0.770938 0.084164 0
0.766098 0.0848782 1
0.764411 0.0889972 0
0.762389 0.0922724 0
0.767944 0.101288 0
0.782627 0.11386 0
0.777785 0.115541 0
0.772443 0.120322 0
0.771143 0.121975 0
0.767011 0.125827 0
0.765998 0.130748 0
0.768902 0.136743 0
0.77303 0.146269 0
0.772862 0.149697 0
0.774037 0.154255 1
0.770989 0.1592 0
0.768196 0.162288 0
0.766556 0.166229 0
0.768283 0.178669 0
0.762728 0.181663 0
0.758738 0.184347 0
0.753197 0.186114 0
0.749334 0.189436 0
0.748038 0.193057 0
0.744001 0.196331 0
0.742719 0.200977 0
0.742093 0.205766 0
0.73862 0.209914 0
0.734464 0.211872 0
0.734499 0.21904 0
0.73077 0.220819 1
0.724831 0.222799 0
0.718469 0.224446 0
0.713903 0.228058 0
0.705865 0.227592 0
0.701865 0.226536 0
0.702646 0.22998 0
0.702306 0.240117 0
0.686025 0.249609 0
0.692493 0.254769 0
0.686997 0.25033 0
0.681195 0.249646 0
0.680758 0.250224 0
0.680291 0.254184 0
0.67641 0.25622 0
0.674175 0.260567 0
0.667196 0.260836 0
0.660234 0.266063 0
0.661109 0.269746 0
0.649418 0.273718 0
0.660534 0.281857 0
0.654996 0.284146 1
0.641005 0.289602 0
0.634091 0.295614 0
0.644376 0.295748 0
0.633017 0.303167 0
0.622678 0.304121 0
0.627742 0.307524 0
0.626687 0.309891 0
0.628414 0.313843 0
0.615751 0.318528 0
0.612613 0.320965 0
0.609694 0.325424 0
0.606703 0.329381 0
0.602704 0.331446 0
0.600643 0.333744 0
0.592653 0.333649 0
0.589294 0.336168 1
0.586388 0.339791 0
0.584988 0.344816 0
0.581297 0.349442 0
0.577736 0.352161 0
0.572731 0.356167 0
0.567139 0.360661 0
0.559221 0.359234 0
0.556544 0.366166 0
0.5513 0.367371 0
0.549828 0.370113 0
0.546651 0.373333 0
0.53995 0.374423 0
0.535802 0.376108 0
0.534014 0.3831 0
0.531998 0.385627 0
0.526861 0.386968 0
0.521875 0.385584 0
0.517642 0.387567 0
0.51261 0.386185 0
0.50965 0.387885 0
0.506811 0.389487 0
0.505724 0.38972 0
0.500709 0.390489 0
0.497945 0.392604 0
0.495504 0.394425 0
0.49261 0.396542 1
0.489543 0.397285 0
0.487047 0.3963 0
0.482532 0.394486 0
0.477434 0.392891 0
0.471474 0.387071 0
0.466179 0.38152 0
0.461133 0.380203 0
0.456254 0.380851 1
0.45191 0.382279 0
0.450049 0.385902 0
0.444044 0.384439 0
0.445037 0.388785 0
0.438874 0.391995 0
0.422427 0.388142 0
0.422145 0.3904 0
0.421332 0.393149 0
0.419128 0.39333 0
0.420396 0.398574 0
0.404335 0.39008 0
0.401531 0.391128 0
0.400699 0.394123 0
0.397228 0.396184 0
0.394562 0.397025 1
0.394053 0.40086 0
0.394661 0.407588 0
0.3916 0.411247 0
0.390904 0.412876 0
0.390428 0.413133 0
0.388697 0.419111 0
0.385945 0.427769 0
0.381199 0.436423 0
0.377141 0.438912 0
0.370686 0.450749 0
0.369047 0.447062 1
0.367979 0.455273 0
0.361744 0.48002 0
0.356979 0.496156 0
0.353534 0.495364 0
0.350358 0.494638 0
0.349343 0.497281 0
0.346822 0.500716 0
0.346608 0.50194 0
0.346755 0.503196 0
0.344159 0.504805 0
0.338192 0.503426 0
0.337749 0.508331 0
0.334644 0.507197 0
0.331222 0.504776 0
0.328007 0.509068 0
0.330175 0.512107 0
0.328223 0.512086 0
0.327723 0.508104 0
0.322684 0.504774 0
0.321063 0.50594 0
0.319064 0.508734 0
0.317426 0.507176 1
0.315633 0.505631 0
0.314196 0.506122 0
0.309944 0.508494 0
0.313843 0.494436 0
0.325063 0.472914 0
0.325254 0.465459 0
0.318984 0.466992 0
0.318002 0.460886 0
0.315889 0.454805 0
0.312269 0.450666 0
0.311571 0.445395 0
0.306703 0.442694 0
0.304383 0.437793 0
0.299391 0.430832 0
0.302334 0.42228 0
0.298427 0.415331 1
0.286692 0.414105 0
0.283014 0.408639 0
0.28122 0.402418 0
0.26842 0.40077 0
0.265363 0.392597 0
0.262115 0.385108 0
0.249447 0.385067 0
0.247948 0.379054 0
0.246967 0.371967 0
0.242621 0.366881 0
0.238946 0.362944 0
0.233642 0.36137 1
0.232597 0.35445 0
0.231966 0.346985 0
0.228678 0.336454 0
0.229232 0.321868 0
0.223839 0.309987 0
0.218781 0.3106 0
0.215608 0.310652 0
0.211284 0.309836 1
0.207153 0.313673 0
0.202216 0.316138 0
0.196161 0.313872 0
0.186152 0.30858 0
0.18914 0.318913 0
0.181331 0.3343 0
0.18198 0.339723 1
0.180534 0.34009 0
0.172546 0.332636 0
0.167822 0.326944 0
0.163275 0.325682 0
0.162377 0.318957 0
0.155527 0.319042 0
0.165127 0.305227 0
0.164188 0.301229 0
0.158103 0.296168 0
0.16012 0.3003 0
0.159088 0.294826 0
0.158041 0.292326 0
0.156517 0.289484 0
0.156438 0.286526 0
0.155267 0.283455 0
0.154169 0.2797 0
0.152741 0.279592 0
0.15184 0.277767 0
0.149602 0.275877 1
0.14706 0.275531 0
0.144162 0.273984 0
0.136968 0.274118 0
0.133276 0.270396 0
0.128541 0.269695 0
0.118388 0.270495 0
0.112157 0.271738 0
0.106236 0.270826 0
0.103599 0.267167 0
0.100118 0.265865 0
0.099326 0.260589 1
0.0967559 0.256973 0
0.0864758 0.256904 0
0.0798916 0.256075 0
0.0741475 0.253239 0
0.0744313 0.24761 0
0.0742968 0.241321 0
0.0735935 0.238152 0
0.0744356 0.232786 0
0.0761493 0.225492 0
0.0775685 0.21925 0
0.0813757 0.214537 0
0.0818468 0.210414 0
0.0839509 0.204651 0
0.0870324 0.200782 1
0.0887769 0.194935 0
0.0896656 0.189086 0
0.0865081 0.180539 0
0.0870007 0.176068 0
0.0861782 0.169637 0
0.08338 0.16324 0
0.0828645 0.158607 0
0.081091 0.152179 0
0.0801149 0.145677 0
0.079035 0.139209 0
0.0786112 0.132684 0
0.0782135 0.127607 0
0.0773418 0.122198 0
0.0758578 0.11753 0
0.0761369 0.111791 0
0.0768276 0.104576 1
0.0722297 0.0993804 0
0.0700757 0.0951778 0
0.0719733 0.0886712 0
0.0667481 0.0856156 0
0.0642813 0.0792021 0
0.0615011 0.0737056 0
0.0591556 0.0721041 0
0.0553879 0.0602117 0
0.0570236 0.0682597 0
0.0552678 0.0559344 0
0.0499749 0.0502809 0
0.043375 0.0485124 0
0.0376548 0.0467508 0
0.0350362 0.0442426 0
0.0285746 0.0396683 0
0.0237251 0.0346466 0
0.0191822 0.0304625 0
0.0160168 0.0230169 0
0.0108037 0.0241657 0
0.00748533 0.0216136 0
0.00425712 0.0196652 0
0.00204386 0.0190817 0
0.000723637 0.0166339 0
0 0.0148614 1
0.000730337 0.0142507 0
0.00209352 0.0134035 0
0.00186013 0.0131254 0
0.00173029 0.0136435 0
0.00179292 0.0126517 0
0.00354002 0.0115928 0
0.00260525 0.0126281 0
0.00358009 0.011727 0
0.00576506 0.0104722 0
0.00773792 0.0099798 0
0.00917205 0.00792086 0
0.0113305 0.0075272 0
0.0132901 0.0070501 0
0.0137689 0.00773482 0
0.0137843 0.00662274 0
0.0207926 0.000689253 0
0.0239344 0.000858128 0
0.0257745 0.00282426 0
0.026051 0.00456382 0
0.0349001 0.00102495 0
0.0356079 0.0022295 0
0.0408978 0 0
0.0431032 0.00314347 0
0.0445716 0.00458306 0
0.0482002 0.00324155 0
0.0534053 0.00583053 0
0.0584905 0.00741984 0
0.0633601 0.00987896 0
0.0710342 0.0124085 0
0.0774287 0.0144106 0
0.0828251 0.0174304 0
0.0888363 0.0209824 1
0.0923104 0.0219805 0
0.0974578 0.0221639 0
0.102927 0.0249219 0
0.109022 0.0253379 0
0.119472 0.025644 0
0.126855 0.029887 0
0.130889 0.0452826 0
0.131265 0.0456033 0
0.133743 0.0451052 0
0.139273 0.046022 0
0.142245 0.0474994 0
0.14669 0.0491025 0
0.15102 0.0529779 0
0.157375 0.0555225 0
0.164989 0.0582305 0
0.174861 0.0568119 0
0.189458 0.0762636 1
0.183484 0.0577232 0
0.190873 0.0594179 0
0.194599 0.0596553 1
0.199545 0.0589087 0
0.204428 0.0858579 0
0.207551 0.0617236 0
0.213887 0.0643123 0
0.217956 0.0698017 0
0.220051 0.0707142 0
0.222794 0.0859827 0
0.228624 0.0820656 0
0.233383 0.0806299 0
0.236274 0.0820888 0
0.241789 0.0816884 0
0.244618 0.0840633 0
0.249533 0.0861235 0
0.252224 0.088041 1
0.254729 0.0889481 0
0.260544 0.0882743 0
0.263841 0.0900491 0
0.269406 0.0876309 0
0.272297 0.0905868 0
0.278071 0.0873625 0
0.281456 0.0906896 0
0.285663 0.0921785 0
0.287969 0.0941252 0
0.293007 0.0931667 0
0.298035 0.0950553 0
0.302297 0.0963905 0
0.305835 0.0972158 0
0.310522 0.0973456 0
0.314284 0.0990191 0
0.317015 0.0958213 0
0.319355 0.097929 0
0.322717 0.098097 1
0.347922 0.10202 1
0.3534 0.100918 0
0.355719 0.0998838 0
0.360659 0.100593 0
0.365503 0.0975577 0
0.368282 0.0984629 0
0.370631 0.098476 0
0.377064 0.0926057 0
0.389883 0.0881057 0
0.395455 0.0921262 0
0.397389 0.0939685 1
0.398624 0.0959757 0
0.390975 0.111221 0
0.397444 0.112279 0
0.400793 0.115971 0
0.404473 0.117718 0
0.397919 0.118949 0
0.400274 0.122821 0
0.402341 0.123888 0
0.405337 0.12632 0
0.408927 0.128463 0
0.409891 0.131759 0
0.410529 0.133537 0
0.414811 0.138746 0
0.420357 0.138263 0
0.421185 0.142686 0
0.42372 0.14769 0
0.424815 0.152185 1
