0.271891 0.3266 1
0.270441 0.314855 0
0.270074 0.307365 0
0.270043 0.296158 0
0.268387 0.285228 0
0.266911 0.279308 0
0.261286 0.258856 0
0.253622 0.244959 0
0.248961 0.233867 0
0.238757 0.211922 0
0.23529 0.205393 0
0.239843 0.200272 0
0.237351 0.188002 0
0.235718 0.179016 1
0.232682 0.1741 0
0.230149 0.154917 0
0.26518 0.0602856 1
0.259227 0.0519902 0
0.251272 0.0509898 0
0.241177 0.0427173 0
0.235288 0.0351807 0
0.217467 0.0329238 0
0.209 0.019988 0
0.192731 0.0176257 0
0.186401 0.00808729 0
0.176836 0.0116001 0
0.167438 0.0114223 0
0.159579 0.00408406 0
0.149956 0.00406362 1
0.144593 0.00156093 0
0.137004 0.00217601 0
0.132206 0 0
0.123532 0.00131836 0
0.116318 0.00722127 0
0.0992081 0.0178049 0
0.0879955 0.0259535 0
0.0848393 0.0401797 0
0.0746585 0.0526057 0
0.0648716 0.0671902 0
0.0641752 0.0769644 0
0.0593016 0.0907152 0
0.0596753 0.103919 0
0.053858 0.113104 0
0.0464805 0.124776 0
0.030058 0.143688 0
0.0168592 0.166258 0
0.0159348 0.184394 0
0.0195036 0.197549 0
0.0131498 0.207568 0
0.0145265 0.215494 1
0.00669295 0.230652 0
0.00711694 0.244856 0
0.0071847 0.256865 0
0 0.271505 0
0.00174965 0.28754 0
0.00302289 0.301703 0
0.00455978 0.316493 0
0.00597053 0.330124 0
0.0119741 0.339884 0
0.0133836 0.353897 0
0.0211668 0.367237 0
0.021983 0.377119 1
0.0240289 0.389768 0
0.0262565 0.400507 0
0.0292636 0.412004 0
0.027406 0.428298 0
0.0330055 0.441123 0
0.0364289 0.451087 0
0.0396431 0.463231 0
0.0444439 0.47725 0
0.0478584 0.488211 0
0.0459574 0.498215 0
0.054808 0.510002 0
0.0561761 0.519636 1
0.0558283 0.530752 0
0.0681914 0.543235 0
0.069073 0.551868 0
0.0733738 0.567902 0
0.0721001 0.579843 0
0.0735921 0.588639 0
0.0773447 0.600899 0
0.0814732 0.608933 0
0.0849426 0.62082 0
0.0898312 0.634458 0
0.0978039 0.644546 1
0.094727 0.657151 0
0.0991391 0.666318 0
0.0994838 0.678912 0
0.0957977 0.691458 0
0.0898345 0.706288 0
0.0867591 0.723522 0
0.0941565 0.735994 0
0.0970217 0.743231 0
0.100582 0.756356 0
0.0957277 0.767159 0
0.0999577 0.779873 0
0.100497 0.803 0
0.105945 0.813012 0
0.103417 0.83155 0
0.109641 0.837439 0
0.11181 0.860021 0
0.114401 0.872396 0
0.115328 0.891537 0
0.123769 0.910086 0
0.125716 0.925535 0
0.140865 0.933178 0
0.160366 0.938058 0
0.165163 0.944117 0
0.16946 0.950776 0
0.167238 0.960866 0
0.180209 0.963699 0
0.19351 0.965244 0
0.203679 0.972083 0
0.203717 0.981781 0
0.215908 0.982308 0
0.225258 0.98741 0
0.23023 0.991046 1
0.228539 0.989836 0
0.272354 0.948089 0
0.292286 0.943209 0
0.306312 0.93916 0
0.312786 0.936372 0
0.318438 0.931839 0
0.328002 0.929133 0
0.336082 0.924668 1
0.34547 0.920179 0
0.351089 0.916171 0
0.363671 0.905915 0
0.375779 0.899412 0
0.38444 0.889754 0
0.394143 0.881606 0
0.398163 0.876607 0
0.400969 0.868491 0
0.406274 0.860482 0
0.403684 0.854242 0
0.405269 0.843099 0
0.401414 0.835286 1
0.406173 0.826928 0
0.40591 0.81993 0
0.408291 0.808238 0
0.405987 0.798183 0
0.40689 0.791341 0
0.4073 0.78188 0
0.405691 0.765034 0
0.401151 0.75511 0
0.394954 0.74725 0
0.399116 0.735087 0
0.396629 0.715996 0
0.393639 0.703572 0
0.390123 0.691278 0
0.384018 0.679103 0
0.386672 0.661759 0
0.381409 0.648649 0
0.377698 0.638181 0
0.367209 0.626754 0
0.362049 0.613409 0
0.357934 0.597263 0
0.357878 0.582546 0
0.354393 0.571701 0
0.349258 0.559859 0
0.343957 0.546435 0
0.343042 0.538077 0
0.339804 0.529342 1
0.337996 0.518591 0
0.335833 0.509432 0
0.326571 0.50054 0
0.320136 0.487734 0
0.317763 0.485821 0
0.315534 0.4657 0
0.310417 0.444693 0
0.302736 0.426368 0
0.300322 0.412721 0
0.300939 0.395227 0
0.294223 0.381669 0
0.292737 0.367718 0
0.301087 0.352209 0
0.31053 0.329633 0
0.306137 0.314604 0
0.310898 0.302196 0
0.300261 0.287131 0
0.299851 0.27755 0
0.296944 0.264367 0
0.294275 0.248006 0
0.294295 0.235072 0
0.298502 0.226543 0
0.290822 0.216487 0
0.295499 0.201967 1
0.292445 0.195549 0
0.290877 0.184218 0
0.29155 0.169186 0
0.277086 0.154219 0
0.26235 0.137233 0
0.233971 0.116852 0
0.223418 0.115427 0
0.218824 0.102594 0
0.216121 0.0995979 0
0.21179 0.0990163 0
0.207684 0.0957847 0
0.204134 0.0910104 0
0.198938 0.08789 0
0.195503 0.0857387 0
0.189657 0.0882938 0
0.185109 0.0877186 1
0.181857 0.0877153 0
0.177961 0.0850791 0
0.17512 0.0834783 0
0.163893 0.0869069 0
0.151186 0.085371 0
0.133845 0.0844092 0
0.123487 0.0912781 0
0.114704 0.0997435 0
0.114542 0.105397 0
0.110362 0.114889 0
0.108558 0.126617 0
0.104716 0.13247 0
0.100207 0.139882 0
0.0946388 0.145466 0
0.0887972 0.158006 0
0.0850446 0.159555 0
0.0811438 0.163248 0
0.0796977 0.166361 1
0.0808727 0.182875 0
0.0733956 0.200261 0
0.0700821 0.212403 0
0.0711351 0.223485 0
0.0792226 0.23533 0
0.0805679 0.246003 0
0.0802118 0.255298 0
0.0807409 0.266657 0
0.088146 0.27667 0
0.0892634 0.285107 0
0.08073 0.296916 0
0.0826812 0.30669 1
0.0865065 0.320184 0
0.0917704 0.330748 0
0.101186 0.349768 0
0.104736 0.365399 0
0.107318 0.376864 0
0.110709 0.3881 0
0.114272 0.402642 0
0.115746 0.414496 0
0.117055 0.425787 0
0.112906 0.436696 0
0.122491 0.448855 0
0.127985 0.460529 0
0.128709 0.470063 1
0.127271 0.47591 0
0.133834 0.492109 0
0.129147 0.493052 0
0.136706 0.504414 0
0.132505 0.511946 0
0.136761 0.521005 0
0.140085 0.529819 0
0.143113 0.541016 0
0.145865 0.563894 0
0.142787 0.579546 0
0.145902 0.590967 0
0.148872 0.601701 0
0.15133 0.618742 0
0.15545 0.631257 0
0.157518 0.643263 0
0.16044 0.651721 0
0.157975 0.660311 0
0.160591 0.667395 1
0.163112 0.674927 0
0.163971 0.686344 0
0.165328 0.700469 0
0.173183 0.714625 0
0.171192 0.726093 0
0.169163 0.739953 0
0.16724 0.758154 0
0.168754 0.771315 0
0.170124 0.784003 0
0.177847 0.795761 0
0.180811 0.803588 0
0.184935 0.814323 0
0.181782 0.826154 0
0.185205 0.837358 0
0.189858 0.850208 0
0.195278 0.860485 0
0.20304 0.870088 0
0.208306 0.88017 0
0.213247 0.889759 1
0.213458 0.896752 0
0.214376 0.905503 0
0.218913 0.910424 0
0.216895 0.920816 0
0.224199 0.930029 0
0.228943 0.931852 0
0.241535 0.947467 0
0.24863 0.953627 0
0.261025 0.981211 0
0.266234 0.986982 1
0.270938 0.989612 0
0.277667 0.990279 0
0.283324 0.995456 0
0.287512 0.999201 0
0.294488 0.998001 0
0.302562 0.994827 0
0.31588 1 0
0.32896 0.993919 0
0.346617 0.990522 0
0.371754 0.973988 0
0.385964 0.964438 0
0.400119 0.952626 0
0.410036 0.944315 0
0.41668 0.941538 0
0.42137 0.926901 1
0.427909 0.914146 0
0.441964 0.901155 0
0.449481 0.890849 0
0.458173 0.880035 0
0.455585 0.869087 0
0.458956 0.857163 0
0.465386 0.838622 0
0.466107 0.82563 0
0.467179 0.807729 0
0.464692 0.793271 0
0.457555 0.785586 0
0.458143 0.770889 1
0.45628 0.758446 0
0.453068 0.746243 0
0.442424 0.732063 0
0.447121 0.716238 0
0.444372 0.701394 0
0.442914 0.690285 0
0.445867 0.675778 0
0.44795 0.663907 0
0.445185 0.652752 0
0.447407 0.634467 0
0.442574 0.620018 0
0.438722 0.606298 0
0.43739 0.597433 0
0.428366 0.584827 0
0.422242 0.569168 0
0.417587 0.561154 1
0.420498 0.546891 0
0.424177 0.532165 0
0.420385 0.51996 0
0.418672 0.513706 0
0.413518 0.506419 0
0.41093 0.501502 0
0.409598 0.485792 0
0.404553 0.480063 0
0.400456 0.462034 1
0.384086 0.459382 0
0.381816 0.444749 0
0.374236 0.430978 0
0.376884 0.420212 0
0.375164 0.405027 0
0.384414 0.395742 0
0.378212 0.38701 0
0.366155 0.377081 0
0.354871 0.362091 0
0.358963 0.351113 0
0.363968 0.338699 0
0.38688 0.317447 0
0.356721 0.30947 0
0.354814 0.299698 0
0.36089 0.290522 0
0.363626 0.279276 1
0.349153 0.270113 0
0.34901 0.256476 0
0.344607 0.247572 0
0.359731 0.229038 0
0.353057 0.219159 0
0.348948 0.205814 0
0.360728 0.188524 0
0.346746 0.166778 0
0.354641 0.147319 0
0.321749 0.139867 0
0.326676 0.12397 0
0.319542 0.0857085 0
0.291255 0.0935979 0
0.301122 0.0879585 1
