0.200254 0.820108 1
0.180828 0.809814 0
0.16752 0.795939 0
0.152638 0.777696 0
0.152696 0.765097 0
0.138756 0.757946 0
0.125626 0.739902 0
0.103779 0.720625 0
0.107948 0.70039 0
0.0918828 0.681497 0
0.0668148 0.660157 0
0.0678881 0.641921 0
0.0680785 0.626974 0
0.0713118 0.607716 0
0.0661728 0.587811 0
0.0705404 0.562893 0
0.0722769 0.543123 0
0.07276 0.529205 0
0.0811779 0.506666 0
0.0807084 0.474195 0
0.0848336 0.459656 0
0.086484 0.443499 0
0.0915705 0.423165 0
0.102261 0.401134 0
0.0975793 0.38998 0
0.104084 0.369858 1
0.111992 0.346932 0
0.1327 0.336476 0
0.14671 0.317055 0
0.148447 0.293448 0
0.159545 0.265757 0
0.155171 0.244765 1
0.162436 0.226635 0
0.171756 0.208032 0
0.18229 0.196147 0
0.192538 0.167534 0
0.202036 0.149202 0
0.211884 0.119904 0
0.217404 0.0881799 0
0.224913 0.0809589 0
0.229519 0.0704654 0
0.234223 0.0555902 0
0.241585 0.0655087 0
0.248624 0.0680847 0
0.258134 0.0679294 0
0.263623 0.0662032 0
0.273522 0.0658446 0
0.27972 0.0712503 0
0.289456 0.0793475 0
0.303534 0.0981061 0
0.310138 0.105381 0
0.312567 0.111166 1
0.322782 0.122976 0
0.336247 0.136509 0
0.348669 0.152492 0
0.355974 0.168604 0
0.370375 0.179481 0
0.379317 0.191122 0
0.379544 0.20204 0
0.388651 0.219502 0
0.398898 0.229719 0
0.411229 0.254203 0
0.408296 0.268282 0
0.414536 0.291385 0
0.430992 0.308662 0
0.441816 0.323885 0
0.447017 0.339323 0
0.450629 0.360111 0
0.452437 0.368524 0
0.452737 0.387668 0
0.444248 0.398405 0
0.434437 0.414243 0
0.437378 0.429469 0
0.442153 0.444853 0
0.429582 0.457182 1
0.42633 0.478394 0
0.426771 0.499293 0
0.43685 0.522241 0
0.434335 0.542345 0
0.43082 0.553632 0
0.431245 0.571893 0
0.422673 0.590219 0
0.412905 0.608603 0
0.406969 0.627154 0
0.401019 0.649193 0
0.393886 0.670055 0
0.386244 0.689636 0
0.378861 0.710178 0
0.384574 0.732762 0
0.369173 0.754173 0
0.346342 0.783552 0
0.347705 0.805381 0
0.353981 0.826153 0
0.351156 0.845029 0
0.366834 0.866944 0
0.386939 0.892207 0
0.393278 0.919493 0
0.414349 0.946775 0
0.42375 0.95853 0
0.4163 0.965626 0
0.371617 0.966084 0
0.368002 0.981143 0
0.356103 0.985621 0
0.347845 0.989335 0
0.330343 0.99013 0
0.309686 0.99047 0
0.30037 0.992054 0
0.288259 0.990576 0
0.277518 0.981 0
0.260631 0.946848 0
0.237022 0.917432 0
0.227446 0.897877 0
0.213617 0.878044 0
0.211333 0.856683 0
0.204713 0.841356 0
0.181133 0.832935 0
0.180287 0.811966 0
0.167889 0.802946 0
0.146581 0.794219 0
0.127968 0.774638 0
0.10669 0.758315 0
0.107649 0.738438 0
0.096301 0.718341 0
0.0881151 0.704141 0
0.0811559 0.680694 0
0.0862097 0.664594 0
0.0827891 0.644686 0
0.0818608 0.619596 0
0.0763649 0.590945 0
0.0717917 0.56674 0
0.0676512 0.55274 0
0.0747515 0.535581 0
0.0769758 0.51727 0
0.0811209 0.497675 0
0.0969465 0.470824 0
0.0925997 0.45008 0
0.107289 0.437177 0
0.116442 0.417613 0
0.115897 0.399396 0
0.132118 0.375446 0
0.12642 0.343134 0
0.136686 0.327525 0
0.140391 0.303813 0
0.130236 0.261809 0
0.138089 0.223866 0
0.144421 0.204328 0
0.142123 0.195583 0
0.173461 0.184635 0
0.185919 0.145255 0
0.18499 0.120879 0
0.184832 0.105993 0
0.188288 0.0853823 0
0.225859 0.0404677 0
0.22238 0.0214377 0
0.22861 0.0153736 0
0.2294 0.0132862 0
0.232752 0.00223449 1
0.240495 0.00449135 0
0.247311 0.00599097 0
0.252512 0 0
0.261914 0.00938322 0
0.282465 0.0211761 0
0.288208 0.0268005 0
0.3009 0.0238452 0
0.306484 0.0275895 0
0.318563 0.0296404 0
0.328239 0.0560628 0
0.344557 0.077108 0
0.367699 0.104283 0
0.377004 0.122674 0
0.385762 0.137429 0
0.399182 0.15974 0
0.413085 0.167244 0
0.425418 0.196353 0
0.443596 0.207195 0
0.447294 0.224047 1
0.453786 0.233103 0
0.459748 0.246576 0
0.463446 0.258791 0
0.469527 0.282591 0
0.471304 0.296909 1
0.470718 0.312637 0
0.468672 0.330461 0
0.454396 0.346173 0
0.454353 0.361505 0
0.454648 0.377271 0
0.455067 0.391756 0
0.451435 0.40635 0
0.437737 0.422793 0
0.426633 0.426303 0
0.411099 0.445445 0
0.413813 0.486579 0
0.412258 0.499385 0
0.413531 0.524145 0
0.411687 0.536831 0
0.399383 0.554996 0
0.393404 0.571756 1
0.389342 0.591901 0
0.395601 0.614551 0
0.388891 0.635086 0
0.382252 0.655397 0
0.372229 0.681947 0
0.363649 0.701755 0
0.349331 0.716441 0
0.341343 0.743845 0
0.334118 0.772814 1
0.337118 0.797439 0
0.35167 0.822856 0
0.357525 0.837787 0
0.371322 0.867681 0
0.364265 0.890055 0
0.374104 0.923204 0
0.380869 0.941637 0
0.385269 0.952795 0
0.3897 0.965321 0
0.389141 0.976984 1
0.391784 0.989136 0
0.379915 0.992743 0
0.363179 0.993808 0
0.35124 1 0
0.331011 0.997451 0
0.305717 0.989011 0
0.298248 0.990839 0
0.284627 0.992387 0
0.267354 0.987996 1
0.255845 0.961597 0
0.239379 0.937041 0
0.218681 0.907563 0
0.213567 0.895122 0
0.197332 0.879075 0
0.174669 0.872031 0
0.162676 0.854495 0
0.144532 0.834607 0
0.12543 0.809198 0
0.127359 0.79621 0
0.103469 0.790617 0
0.0914465 0.768845 0
0.0793376 0.749108 0
0.0602027 0.740875 0
0.0514303 0.723653 0
0.0416493 0.7066 0
0.0426393 0.68329 0
0.0375146 0.668044 1
0.0338795 0.652845 0
0.0321316 0.625325 0
0.0301598 0.608034 0
0.0277733 0.587067 0
0.0103719 0.562003 0
0 0.542909 0
0.000528915 0.525459 0
0.0025456 0.508035 0
0.0149675 0.489807 0
0.0128258 0.467051 1
0.0395528 0.444881 0
0.052526 0.433767 0
0.0752044 0.403936 0
0.0414762 0.391278 0
0.0132545 0.35264 0
0.014127 0.322886 0
0.0732921 0.315153 0
0.0412721 0.280717 0
0.0660375 0.2636 0
0.1062 0.243422 0
0.0950982 0.219455 1
0.133881 0.183297 0
0.116282 0.158151 1
0.128287 0.143311 0
0.137763 0.124307 0
0.140292 0.0998427 0
0.149896 0.0778114 0
0.147439 0.0600376 1
0.15037 0.0476711 0
0.166811 0.0306561 1
0.173982 0.00814543 0
0.178452 0.005721 1
