0.62908 0.41186 1
0.639744 0.418292 0
0.643398 0.430492 0
0.659343 0.446039 0
0.679125 0.458113 0
0.6939 0.477144 0
0.712142 0.494026 0
0.75152 0.499267 0
0.764654 0.532095 0
0.784447 0.554451 0
0.816593 0.575832 0
0.884961 0.574131 0
0.914272 0.605823 0
0.92644 0.61439 0
0.947182 0.616898 1
1 0.599247 0
0.566012 0.618712 0
0.556272 0.641007 0
0.504072 0.588773 0
0.478791 0.555467 0
0.457019 0.534891 0
0.447075 0.528651 0
0.438751 0.514093 0
0.431392 0.51109 0
0.424905 0.503682 1
0.422149 0.492138 0
0.424596 0.478138 0
0.421652 0.456622 0
0.403515 0.395099 0
0.386742 0.382989 0
0.377022 0.361443 0
0.372913 0.349171 0
0.367604 0.338927 1
0.362803 0.3306 0
0.366111 0.309553 0
0.345507 0.295442 0
0.349656 0.254105 0
0.348878 0.222142 0
0.354521 0.200649 0
0.353016 0.164013 0
0.345326 0.132939 0
0.344794 0.107874 0
0.34033 0.0726399 0
0.330816 0.0495759 0
0.328432 0.0165545 0
0.31279 0.00966426 0
0.288021 0.0049503 0
0.27267 0 0
0.238559 0.0113391 0
0.198146 0.0405329 0
0.162784 0.0571623 0
0.117773 0.0802613 0
0.107824 0.0928474 0
0.0834711 0.0946536 0
0.0576521 0.0993717 0
0.0516305 0.111028 0
0.0324957 0.120884 0
0.0217443 0.132833 0
0.00926565 0.144704 0
0.0171207 0.166216 0
0 0.177734 0
0.00883307 0.205182 0
0.001884 0.216857 0
0.013728 0.24135 0
0.0217556 0.253946 0
0.039949 0.267351 1
0.0411195 0.278178 0
0.0458887 0.290621 0
0.0281533 0.322466 0
0.0246616 0.348887 0
0.0489814 0.355137 0
0.0585181 0.368983 0
0.0837329 0.384121 0
0.0953709 0.405128 0
0.117032 0.413946 0
0.124231 0.443182 0
0.144029 0.454884 0
0.160005 0.46221 0
0.191684 0.477552 0
0.209748 0.483137 0
0.238106 0.489769 0
0.258768 0.500716 1
0.583959 0.362391 1
0.588408 0.367695 0
0.593498 0.372399 0
0.598563 0.376062 0
0.603211 0.382434 0
0.603255 0.387307 0
0.603844 0.392399 0
0.615199 0.395619 0
0.663359 0.43222 0
0.660711 0.449563 0
0.683264 0.464273 0
0.690887 0.47703 0
0.705556 0.494815 0
0.721758 0.505683 0
0.7428 0.524456 0
0.747835 0.561746 0
0.785382 0.573551 0
0.766199 0.627211 0
0.792209 0.64511 0
0.780422 0.654232 0
0.792815 0.671845 0
0.77511 0.685998 0
0.755418 0.70314 0
0.736817 0.70984 0
0.633956 0.7084 0
0.568537 0.691924 0
0.527652 0.69475 0
0.475356 0.675631 0
0.44115 0.657134 1
0.432958 0.648897 0
0.424756 0.629215 0
0.416461 0.620543 0
0.411601 0.596483 0
0.386666 0.5755 0
0.431677 0.447335 0
0.400073 0.415946 0
0.394936 0.382847 0
0.404494 0.353486 0
0.387963 0.331931 0
0.356576 0.319696 0
0.35838 0.302753 0
0.361633 0.283913 0
0.35215 0.251994 0
0.353412 0.217568 0
0.348796 0.176139 0
0.358355 0.173895 0
0.357291 0.144715 0
0.351097 0.122215 0
0.352477 0.0871262 0
0.346306 0.0733465 0
0.335085 0.0584689 0
0.321904 0.0337029 0
0.30988 0.0294431 0
0.283961 0.0191281 0
0.24583 0.0333073 0
0.217326 0.0359313 0
0.193917 0.0387841 0
0.167943 0.0432289 0
0.124705 0.0705451 1
