0.110935 0.405046 1
0.129441 0.384144 0
0.150121 0.35904 0
0.165732 0.333744 0
0.184486 0.300424 0
0.210765 0.271098 0
0.239883 0.23379 0
0.261853 0.194938 0
0.287449 0.173827 0
0.30905 0.160049 0
0.32861 0.13493 0
0.342126 0.126206 0
0.377834 0.141288 0
0.388407 0.115853 0
0.436059 0.106788 0
0.541715 0.100244 0
0.506079 0.0774934 0
0.509694 0.0719872 0
0.558993 0.0993238 0
0.56523 0.081086 0
0.563529 0.0335721 0
0.564814 0 0
0.65585 0.0296638 0
0.680775 0.0573175 0
0.721577 0.0776184 0
0.772348 0.0858345 1
0.80627 0.0944686 0
0.81828 0.0995549 0
0.855178 0.19301 0
0.886953 0.172495 0
0.873352 0.1712 0
0.867378 0.201876 0
0.847413 0.23465 0
0.841356 0.0421904 0
0.898454 0.282896 0
0.867525 0.296726 0
0.847665 0.314541 0
0.824574 0.329142 0
0.803163 0.322778 0
0.791757 0.35892 0
0.76121 0.371081 0
0.733258 0.392444 1
0.710415 0.416096 0
0.829224 0.0129999 1
0.65614 0.459891 0
0.634076 0.485499 0
0.608455 0.517444 0
0.574631 0.556778 0
0.547243 0.570932 0
0.522996 0.580525 0
0.499253 0.615442 0
0.465659 0.59461 0
0.450027 0.630424 0
0.407914 0.650865 0
0.293252 0.61229 0
0.638981 0.330902 1
0.373072 0.683778 0
0.365511 0.690013 0
0.368448 0.723143 0
0.335812 0.753181 0
0.299593 0.717434 0
0.290266 0.715743 0
0.250621 0.735262 0
0.267382 0.766853 0
0.241322 0.772086 0
0.183806 0.766081 0
0.1802 0.764661 0
0.158645 0.760951 0
0.129117 0.783709 0
0.0942723 0.796527 0
0.080188 0.761672 0
0.0473088 0.784439 0
0.033263 0.75832 0
0.00728684 0.754296 1
0 0.72632 0
0.012273 0.693907 0
0.0471045 0.690132 0
0.0746447 0.679007 0
0.0784686 0.653146 0
0.0710182 0.624936 0
0.0384754 0.617899 0
0.0218155 0.593585 0
0.0294312 0.558561 0
0.0641116 0.549827 0
0.0965061 0.536672 0
0.110666 0.517305 0
0.106794 0.48476 0
0.142007 0.469966 0
0.16467 0.452376 0
0.188831 0.434045 0
0.227397 0.438616 0
0.233847 0.408232 0
0.239553 0.369584 0
0.261976 0.342566 0
0.288138 0.31835 0
0.317584 0.287839 0
0.332309 0.255685 0
0.358276 0.257627 0
0.388142 0.279638 0
0.405104 0.262501 0
0.417171 0.234955 0
0.439507 0.215026 0
0.467568 0.216322 0
0.486926 0.200913 0
0.521984 0.207671 0
0.590677 0.184475 0
0.564606 0.198198 1
0.600311 0.195827 0
0.631203 0.170173 0
0.673725 0.133937 0
0.695944 0.154776 0
0.735085 0.145578 0
0.938062 0.210323 0
0.828331 0.161035 0
0.914793 0.084462 0
0.941838 0.101918 0
0.963482 0.135419 0
0.973051 0.173736 0
1 0.174197 1
0.99315 0.225967 0
0.998949 0.270664 0
0.973934 0.292267 0
0.958798 0.319795 0
0.925025 0.350825 0
0.916186 0.382746 0
0.87812 0.384004 0
0.860064 0.406271 0
0.833452 0.430593 0
0.807506 0.452629 0
0.782207 0.464643 0
0.745202 0.479079 0
0.724845 0.510642 0
0.701993 0.531086 0
0.67426 0.547992 0
0.647335 0.568928 0
0.617358 0.593944 0
0.59254 0.610065 1
