0.502291 0.185454 1
0.486154 0.190871 0
0.476281 0.205314 0
0.461397 0.212028 0
0.452086 0.232646 0
0.439469 0.242214 0
0.427762 0.251231 0
0.41396 0.261687 0
0.400784 0.276877 0
0.391656 0.292354 0
0.385359 0.311836 0
0.380416 0.340163 0
0.359729 0.360475 0
0.333812 0.377257 0
0.306978 0.392636 0
0.297239 0.429884 0
0.253614 0.44514 0
0.20018 0.456334 0
0.174484 0.490515 0
0.0187713 0.431979 0
0 0.489917 0
0.0170981 0.54709 0
0.116512 0.568271 0
0.273206 0.602641 0
0.495907 0.622094 0
0.628896 0.642203 0
0.740422 0.642258 0
0.727538 0.625387 0
0.710957 0.608662 0
0.68411 0.589097 0
0.666617 0.568711 0
0.708816 0.561957 0
0.698276 0.540971 0
0.699132 0.520611 0
0.719938 0.507108 0
0.717577 0.484854 0
0.713149 0.45779 0
0.727008 0.44322 0
0.747771 0.434162 0
0.748435 0.393421 0
0.715389 0.290258 1
0.740477 0.305314 0
0.761994 0.319582 0
0.78758 0.334109 0
0.800959 0.322905 0
0.834831 0.329761 0
0.848651 0.324965 0
0.855673 0.322723 0
0.857803 0.315471 0
0.865273 0.313936 0
0.869754 0.31016 1
0.875618 0.302156 0
0.888267 0.28926 0
0.896463 0.277465 0
0.919298 0.266167 0
0.93502 0.250683 0
0.938879 0.231125 0
0.958851 0.222369 0
0.978064 0.21267 0
1 0.191562 0
0.991104 0.166728 0
0.990256 0.132106 0
0.951115 0.123855 0
0.964492 0.0781945 0
0.953017 0.0482007 0
0.908967 0.039014 0
0.876932 0.023892 0
0.85981 0.016447 0
0.849887 0.0107528 1
0.849942 0.0103504 0
0.848743 0.00484836 0
0.83061 0 0
0.799284 0.0250514 0
0.779235 0.0327466 0
0.758422 0.0461964 0
0.736335 0.045786 0
0.721915 0.0591696 0
0.703416 0.0744797 0
0.690126 0.0989815 0
0.669894 0.140666 0
0.637017 0.178558 0
0.626609 0.196967 1
0.613006 0.188442 0
0.59885 0.185234 0
0.591986 0.187812 0
0.581908 0.198202 0
0.564794 0.18271 0
0.552359 0.182337 0
0.529044 0.169972 0
0.514277 0.194535 0
0.462035 0.197885 0
0.457905 0.207726 0
0.446884 0.22309 0
0.429457 0.243516 0
0.42152 0.250309 0
0.414643 0.264299 0
0.398846 0.275668 0
0.372429 0.279945 0
0.360611 0.290927 0
0.356576 0.308188 0
0.337116 0.320829 0
0.321774 0.33158 0
0.312061 0.347203 0
0.293981 0.34643 0
0.236977 0.356203 0
0.263534 0.392982 0
0.22476 0.427014 0
0.246081 0.482926 0
0.189157 0.476709 0
0.153493 0.495443 0
0.188853 0.527174 0
0.0865069 0.521619 0
0.118781 0.529177 1
0.438318 0.623874 0
0.704263 0.632326 0
0.765596 0.653051 1
0.744728 0.643928 0
0.737303 0.625544 0
0.727389 0.611963 0
0.734118 0.603012 0
0.707024 0.581016 0
0.724068 0.568958 0
0.711065 0.546025 0
0.743248 0.540884 0
0.763843 0.533847 0
0.761589 0.514493 0
0.764697 0.498114 0
0.770714 0.484547 1
