0.993802 0.0800951 1
0.993504 0.0800953 0
0.994466 0.0772513 0
0.995136 0.0782965 0
1 0.0763317 0
0.999466 0.0764748 0
0.996006 0.0769014 0
0.99269 0.078001 0
0.991837 0.078378 0
0.988192 0.0795823 0
0.98732 0.0789554 0
0.98527 0.079502 0
0.985104 0.0796057 0
0.984902 0.0790758 0
0.983728 0.0786303 0
0.982215 0.0785029 0
0.980821 0.0798502 0
0.979523 0.0801959 0
0.977532 0.0801028 0
0.975748 0.0797738 0
0.973961 0.079703 0
0.972437 0.0800853 1
0.970461 0.0801857 0
0.969272 0.0800922 0
0.96718 0.079804 0
0.96689 0.0805857 0
0.964514 0.0809468 0
0.962551 0.0814769 0
0.961781 0.081331 0
0.960876 0.0808947 0
0.959212 0.080949 0
0.95787 0.0808597 0
0.95718 0.0806887 0
0.955025 0.0813818 0
0.955256 0.0805734 0
0.954381 0.0810124 0
0.953277 0.0805006 0
0.952389 0.0801158 0
0.95181 0.0809194 0
0.951112 0.0809264 0
0.950743 0.0799268 0
0.949723 0.0801086 0
0.94972 0.0801093 1
0.950754 0.0801647 0
0.948509 0.0799038 0
0.946347 0.0782883 0
0.944931 0.0792608 0
0.94311 0.0784107 0
0.94167 0.0775346 0
0.939508 0.0775569 0
0.938276 0.0776503 0
0.936973 0.0774106 0
0.935218 0.076358 0
0.93391 0.0776809 0
0.932446 0.0785973 0
0.933209 0.0783269 0
0.932694 0.0781841 0
0.92858 0.0758926 0
0.928041 0.078566 0
0.923585 0.077657 0
0.922939 0.0793649 0
0.921091 0.0798912 0
0.919397 0.0796151 0
0.918886 0.0800806 1
0.918002 0.080401 0
0.916409 0.0802414 0
0.914549 0.0807739 0
0.912477 0.0806485 0
0.908847 0.0793389 0
0.906166 0.0792242 0
0.905304 0.0806712 0
0.902363 0.0799532 0
0.901458 0.0815167 0
0.898081 0.0797399 0
0.898959 0.0811534 0
0.892907 0.0766164 0
0.891103 0.0774769 0
0.889214 0.0783221 0
0.887489 0.0787454 0
0.885663 0.0786453 0
0.883719 0.0801819 0
0.882108 0.0802758 0
0.880418 0.0796412 0
0.878994 0.0789899 0
0.878599 0.080185 1
0.877425 0.0806132 0
0.876792 0.0813937 0
0.875286 0.0821625 0
0.872249 0.081473 0
0.870874 0.0813585 0
0.871921 0.0808435 0
0.869953 0.0812215 0
0.868312 0.082392 0
0.869897 0.0821709 0
0.865744 0.0822773 0
0.865956 0.0813892 0
0.863351 0.0808287 0
0.86292 0.0793734 0
0.861001 0.0801348 0
0.85874 0.0815079 0
0.85567 0.0809458 0
0.854808 0.0803256 0
0.853963 0.0801821 0
0.852426 0.0803792 0
0.851168 0.0803426 0
0.849798 0.0801509 1
0.848923 0.0802437 0
0.848118 0.0803263 0
0.844896 0.0814973 0
0.843788 0.0811123 0
0.842341 0.0812695 0
0.841477 0.080853 0
0.839313 0.0824636 0
0.838154 0.0822717 0
0.837872 0.0823403 0
0.834802 0.0836613 0
0.832859 0.0830967 0
0.830642 0.0833627 0
0.829458 0.0830093 0
0.827211 0.083036 0
0.826655 0.0811547 0
0.823404 0.0838781 0
0.821158 0.0840984 0
0.821243 0.0815173 0
0.817453 0.081602 0
0.81611 0.0805229 0
0.814817 0.0802687 1
0.812398 0.0816432 0
0.810494 0.0810373 0
0.808349 0.08169 0
0.806994 0.0822192 0
0.805524 0.0817716 0
0.802543 0.0815038 0
0.801664 0.0819185 0
0.799345 0.0811489 0
0.797978 0.0823105 0
0.791105 0.0807556 0
0.789373 0.0815246 0
0.783855 0.0814878 0
0.786644 0.0805539 0
0.783282 0.0822032 0
0.779806 0.0812687 0
0.77836 0.0813704 0
0.774927 0.0811952 0
0.771901 0.081234 0
0.770426 0.0815066 0
0.767851 0.0809429 0
0.765875 0.0803769 1
0.765713 0.0797461 0
0.764812 0.0798834 0
0.763957 0.0804691 0
0.763289 0.0798335 0
0.762059 0.0800377 0
0.760307 0.0816757 0
0.759421 0.0807113 0
0.757816 0.0792244 0
0.756291 0.0797901 0
0.754292 0.0785066 0
0.752725 0.0781687 0
0.750044 0.0769527 0
0.745631 0.0789305 0
0.739523 0.0815148 0
0.738085 0.076287 0
0.734794 0.0782367 0
0.731863 0.077863 0
0.726642 0.0779994 0
0.723171 0.0789809 0
0.717061 0.0802948 0
0.714058 0.0802212 1
0.711477 0.0794952 0
0.7084 0.0771266 0
0.70547 0.0757636 0
0.701286 0.0768309 0
0.700082 0.0747262 0
0.698418 0.0741632 0
0.694484 0.0726249 0
0.692049 0.0753883 0
0.689658 0.0750965 0
0.686921 0.0754066 0
0.684412 0.0761702 0
0.682827 0.0772179 0
0.678549 0.0744708 0
0.674147 0.0771368 0
0.672449 0.0775567 0
0.672155 0.0786992 0
0.671492 0.0781516 0
0.669094 0.0792809 0
0.665081 0.080646 0
0.663442 0.0807122 0
0.660985 0.0803068 1
0.659707 0.080413 0
0.657981 0.0817671 0
0.655215 0.0822757 0
0.654212 0.0834506 0
0.65239 0.0837874 0
0.65054 0.0850293 0
0.649154 0.0842762 0
0.645469 0.085984 0
0.642436 0.0876455 0
0.641623 0.0892155 0
0.63955 0.0880767 0
0.635497 0.0894799 0
0.634009 0.0920898 0
0.630827 0.0922653 0
0.628922 0.0913563 0
0.626964 0.0915784 0
0.62362 0.0932262 0
0.621233 0.0946377 0
0.619723 0.0953556 0
0.61733 0.0958463 0
0.615972 0.0959081 1
0.615682 0.0958432 0
0.615241 0.0947162 0
0.614439 0.0944891 0
0.61329 0.0935358 0
0.61087 0.0911356 0
0.609173 0.0919651 0
0.608173 0.0910598 0
0.606174 0.0906519 0
0.604139 0.088248 0
0.602479 0.0875006 0
0.601651 0.0858016 0
0.598227 0.0851599 0
0.596231 0.0831557 0
0.593762 0.0811333 0
0.590531 0.0803614 0
0.586234 0.0802063 0
0.584058 0.0795626 0
0.579165 0.0797484 0
0.575464 0.0785293 0
0.572912 0.080052 0
0.568925 0.0801811 1
0.566057 0.0820392 0
0.56303 0.083163 0
0.563306 0.0827579 0
0.558313 0.083783 0
0.555788 0.086736 0
0.553132 0.0873297 0
0.549567 0.0873428 0
0.547061 0.0897616 0
0.544451 0.0899695 0
0.542495 0.0901 0
0.539649 0.0907426 0
0.536901 0.0912317 0
0.534182 0.0920233 0
0.532221 0.0933691 0
0.528055 0.0920643 0
0.526328 0.0930858 0
0.522928 0.0934814 0
0.522011 0.0926212 0
0.519085 0.0909778 0
0.515686 0.090677 0
0.51395 0.0915644 1
0.512115 0.091919 0
0.509591 0.0917907 0
0.507946 0.0912963 0
0.507167 0.092305 0
0.504822 0.0921637 0
0.502513 0.0912171 0
0.49985 0.0906253 0
0.494442 0.0882911 0
0.493394 0.0877002 0
0.490961 0.088345 0
0.486853 0.0867245 0
0.484467 0.0866978 0
0.483551 0.0879516 0
0.480613 0.0881411 0
0.477167 0.0873641 0
0.474038 0.0868664 0
0.469968 0.0845787 0
0.468005 0.0874885 0
0.464372 0.0889803 0
0.46145 0.0892396 0
0.458606 0.0897487 1
0.457563 0.0897095 0
0.456248 0.0901485 0
0.454407 0.0904004 0
0.453456 0.0900566 0
0.451843 0.0918719 0
0.449673 0.09291 0
0.445695 0.0934359 0
0.444083 0.093059 0
0.442256 0.0936009 0
0.437886 0.0946682 0
0.4355 0.0955554 0
0.432755 0.0955716 0
0.425917 0.0971921 0
0.420844 0.0942199 0
0.416356 0.0935902 0
0.413615 0.0928239 0
0.41062 0.0909761 0
0.408906 0.0899601 0
0.406124 0.0892445 0
0.403597 0.0882044 0
0.402772 0.0884886 1
0.400064 0.0896805 0
0.396566 0.0897409 0
0.3912 0.0913184 0
0.387348 0.0925885 0
0.382698 0.0937165 0
0.378883 0.0934343 0
0.374174 0.0939652 0
0.371349 0.09467 0
0.368949 0.0946789 0
0.365825 0.0926682 0
0.362728 0.0921847 0
0.35951 0.0934921 0
0.356032 0.0920957 0
0.354453 0.0923501 0
0.352672 0.0912595 0
0.3489 0.090757 0
0.346625 0.0897553 0
0.345496 0.088867 0
0.345376 0.0873468 0
0.343425 0.0864108 0
0.340112 0.0867697 1
0.338241 0.0860838 0
0.337112 0.0856906 0
0.335316 0.0850951 0
0.332658 0.0846659 0
0.330757 0.085461 0
0.328106 0.0838493 0
0.324979 0.0846271 0
0.322753 0.0851682 0
0.322638 0.0826998 0
0.320992 0.0800691 0
0.317261 0.0818327 0
0.316622 0.079122 0
0.313134 0.0832749 0
0.310203 0.0825522 0
0.306943 0.0846006 0
0.305598 0.0818558 0
0.302253 0.0832448 0
0.298263 0.0868188 0
0.296113 0.0830706 0
0.294089 0.0830161 0
0.289896 0.0848348 1
0.288778 0.0838346 0
0.287799 0.0851576 0
0.286469 0.0838294 0
0.285691 0.0817305 0
0.281142 0.0807007 0
0.278434 0.0814501 0
0.276262 0.0809469 0
0.273238 0.0793639 0
0.270152 0.078504 0
0.265427 0.0774141 0
0.263388 0.0761269 0
0.262369 0.0750176 0
0.260655 0.0731841 0
0.261184 0.0710465 0
0.256853 0.0743792 0
0.257629 0.0723365 0
0.254952 0.0717905 0
0.252922 0.070625 0
0.249879 0.0720026 0
0.24694 0.0721438 0
0.243506 0.0730098 1
0.242169 0.0718946 0
0.238342 0.0710489 0
0.235035 0.0706845 0
0.232509 0.0694955 0
0.228796 0.0715088 0
0.222788 0.071879 0
0.219917 0.0719937 0
0.216118 0.0690955 0
0.212927 0.0687949 0
0.20851 0.068884 0
0.20344 0.0654202 0
0.200565 0.0666534 0
0.197656 0.0651754 0
0.195258 0.0667075 0
0.191874 0.068952 0
0.192614 0.0725301 0
0.184123 0.0706624 0
0.182292 0.0709159 0
0.180099 0.073052 0
0.177942 0.0736119 0
0.175669 0.0743397 1
0.173694 0.0763311 0
0.174037 0.078792 0
0.170772 0.0806466 0
0.167771 0.0835848 0
0.165414 0.0859076 0
0.161266 0.0890181 0
0.159779 0.0930179 0
0.157108 0.0970155 0
0.153512 0.0987895 0
0.151956 0.101685 0
0.149466 0.106495 0
0.143126 0.110957 0
0.138219 0.11579 0
0.142188 0.113909 0
0.14033 0.116503 0
0.134377 0.121534 0
0.132327 0.123265 0
0.130585 0.125051 0
0.127107 0.128106 0
0.122641 0.130109 0
0.118504 0.133391 1
0.121366 0.136411 0
0.123045 0.139326 0
0.121364 0.141328 0
0.121605 0.145279 0
0.120853 0.148814 0
0.11993 0.152715 0
0.121825 0.153355 0
0.0862159 0.152119 0
0.109078 0.154995 0
0.0912607 0.155652 0
0.0891011 0.15672 0
0.0843099 0.1532 0
0.0824906 0.154383 0
0.0805091 0.152436 0
0.0809424 0.154409 0
0.0820573 0.155166 0
0.0788299 0.154524 0
0.07677 0.153289 0
0.075967 0.153601 0
0.0741021 0.151694 0
0.073863 0.150747 1
0.0696429 0.15014 0
0.0673431 0.148765 0
0.0630807 0.147492 0
0.059324 0.145761 0
0.0524289 0.143997 0
0.0466558 0.141972 0
0.0467761 0.135942 0
0.040692 0.134295 0
0.035588 0.132197 0
0.0339323 0.128518 0
0.0281386 0.126704 0
0.0260064 0.122039 0
0.0224503 0.119019 0
0.0227135 0.113413 0
0.0176171 0.112332 0
0.0180473 0.107232 0
0.0114407 0.106577 0
0.0135761 0.101374 0
0.012964 0.0987843 0
0.0132865 0.0949154 0
0.0129871 0.0923566 1
0.0114704 0.0909154 0
0.00168815 0.0824459 0
0.00658692 0.082483 0
0.00365433 0.0786943 0
0.00287588 0.0723968 0
0.00128811 0.067077 0
0 0.0639121 0
0.00401325 0.0636236 0
0.0041909 0.0591355 0
0.00410757 0.055673 0
0.000433868 0.0497921 0
0.00172839 0.046425 0
0.00724678 0.0402603 0
0.00962391 0.0383949 0
0.0118652 0.0361905 0
0.0152866 0.0325963 0
0.0226023 0.0305845 0
0.0230098 0.025938 0
0.0283265 0.0230304 0
0.0326888 0.0193869 0
0.0394038 0.0156974 1
0.0419272 0.0145676 0
0.0462858 0.0140661 0
0.0477631 0.0120741 0
0.0490378 0.0110451 0
0.0514044 0.00948016 0
0.0534713 0.00774993 0
0.0564314 0.00652692 0
0.060366 0.00621701 0
0.061827 0.00402464 0
0.0638332 0.00283883 0
0.064239 0 0
0.0727554 0.00393004 0
0.0703954 0.00105496 0
0.0758896 0.0024122 0
0.0795795 0.00214221 0
0.0814407 0.000973746 0
0.0848212 0.00134507 0
0.0871052 0.00159616 0
0.0900126 0.0036258 0
0.0900704 0.00121777 0
0.0915058 0.00426347 1
0.0957184 0.00422694 0
0.0987924 0.00524691 0
0.104235 0.00560971 0
0.107539 0.00773415 0
0.112672 0.0129116 0
0.120256 0.0169795 0
0.125947 0.02006 0
0.129533 0.0238595 0
0.130231 0.0244443 0
0.130408 0.0300536 0
0.138029 0.031433 0
0.138833 0.0354779 0
0.143319 0.0392054 0
0.143554 0.0441426 0
0.143099 0.0500299 0
0.146083 0.0530465 0
0.148264 0.0560867 0
0.149141 0.0611789 0
0.150862 0.0633963 0
0.151091 0.0676034 0
0.152047 0.0699444 1
0.149118 0.0723626 0
0.146695 0.0739233 0
0.145312 0.0781351 0
0.140351 0.0808375 0
0.139372 0.0838455 0
0.13612 0.0876722 0
0.133632 0.089217 0
0.128149 0.0910481 0
0.126927 0.0970737 0
0.122538 0.0972324 0
0.117543 0.10111 0
0.111289 0.105884 0
0.10431 0.113671 0
0.104978 0.111603 0
0.101733 0.121846 0
0.102613 0.123256 0
0.101299 0.130838 0
0.101876 0.129618 0
0.101497 0.131299 0
0.101059 0.12651 0
0.100312 0.130729 0
0.100011 0.134485 1
