0.898534 0.485062 1
0.899806 0.489864 0
0.897765 0.490238 0
0.897787 0.492207 0
0.899518 0.498262 0
0.9266 0.528841 0
0.930779 0.544465 0
0.93556 0.548311 0
0.920531 0.564555 0
0.925522 0.587465 0
0.942932 0.59314 0
0.908979 0.628452 0
0.896706 0.651236 0
0.879429 0.658053 0
0.865509 0.671153 0
0.855963 0.689019 0
0.84299 0.710079 0
0.818641 0.736217 0
0.808091 0.750643 0
0.793083 0.759764 0
0.779436 0.778419 0
0.763465 0.791078 1
0.762437 0.799548 0
0.754041 0.814011 0
0.734263 0.832177 0
0.691117 0.880524 0
0.646237 0.902526 0
0.622108 0.914904 0
0.600305 0.929616 0
0.559139 0.929084 0
0.536171 0.934547 0
0.513459 0.962402 0
0.498305 0.985364 0
0.472124 1 0
0.450274 0.987282 0
0.434292 0.966301 0
0.425737 0.946913 0
0.414957 0.939269 0
0.405146 0.923121 0
0.394218 0.91187 0
0.372264 0.906867 0
0.359288 0.901936 0
0.352365 0.870296 0
0.353518 0.84225 1
0.344099 0.842188 0
0.326855 0.842648 0
0.321165 0.836548 0
0.316181 0.824421 0
0.310191 0.818098 0
0.294807 0.805866 0
0.284486 0.797522 0
0.263974 0.799027 0
0.261005 0.781172 0
0.256663 0.754626 0
0.2513 0.742267 0
0.254567 0.716972 0
0.243331 0.702535 0
0.224976 0.687353 0
0.231782 0.661831 0
0.201645 0.649229 0
0.21706 0.610221 0
0.205313 0.565907 0
0.193725 0.565474 0
0.171813 0.520984 0
0.143347 0.506113 0
0.129139 0.495266 1
0.128944 0.482228 0
0.12443 0.476468 0
0.122281 0.469063 0
0.122863 0.464346 0
0.112325 0.406123 0
0.105211 0.392108 0
0.10277 0.382143 0
0.112377 0.369826 0
0.117433 0.345952 0
0.120385 0.330825 0
0.126877 0.319196 0
0.141524 0.308744 0
0.144013 0.297687 0
0.146662 0.288684 0
0.162359 0.275669 0
0.175015 0.267616 0
0.198346 0.239259 0
0.21972 0.231527 0
0.236053 0.218175 0
0.252387 0.204728 0
0.264704 0.193097 0
0.275422 0.184297 1
0.276805 0.184242 0
0.282042 0.18793 0
0.347883 0.16878 0
0.377037 0.0953638 0
0.410132 0.087905 0
0.438089 0.0790156 0
0.448698 0.0845145 0
0.479269 0.0592287 0
0.51125 0.0504488 0
0.522317 0.0593377 0
0.53667 0.0621893 0
0.556419 0.0631335 0
0.571422 0.0612861 0
0.578021 0.0831579 0
0.596946 0.0915694 0
0.612305 0.0915109 0
0.624329 0.10168 0
0.644489 0.109768 0
0.658155 0.117354 0
0.674248 0.13312 0
0.687067 0.141302 0
0.705536 0.143681 1
0.701348 0.15209 0
0.706972 0.166839 0
0.704111 0.182024 0
0.713376 0.200015 0
0.722176 0.214889 0
0.738175 0.230939 0
0.746467 0.246964 0
0.752349 0.26113 0
0.759457 0.2813 0
0.750173 0.305147 0
0.758693 0.323539 0
0.78581 0.332012 0
0.802542 0.352757 0
0.812129 0.357465 0
0.828704 0.368562 0
0.841342 0.379614 0
0.855663 0.399531 0
0.860215 0.414334 0
0.87815 0.452615 0
0.883588 0.467576 0
0.88495 0.475482 0
0.890046 0.481796 1
0.8899 0.481871 0
0.889585 0.482137 0
0.886946 0.480492 0
0.87453 0.477009 0
0.865586 0.569518 0
0.874552 0.59285 0
0.871453 0.627745 0
0.865057 0.648241 0
0.862393 0.668331 0
0.859215 0.681705 0
0.852934 0.71159 0
0.844456 0.74371 0
0.836134 0.754756 0
0.834933 0.74935 0
0.829642 0.736675 0
0.81272 0.732593 0
0.798041 0.757106 0
0.782767 0.767999 0
0.774843 0.769085 0
0.765229 0.768285 0
0.742204 0.792462 0
0.737516 0.793446 1
0.738028 0.793644 0
0.735813 0.810658 0
0.667731 0.886343 0
0.63393 0.897317 0
0.600932 0.898315 0
0.572479 0.914212 0
0.548688 0.924739 0
0.519943 0.92613 0
0.509421 0.933234 0
0.500098 0.923828 0
0.488136 0.915551 0
0.481023 0.889654 0
0.471148 0.871575 0
0.472365 0.855237 0
0.45888 0.864831 0
0.437855 0.859406 0
0.428351 0.850709 0
0.418227 0.85267 0
0.38024 0.844132 0
0.361916 0.837819 0
0.356625 0.83416 1
0.355072 0.831319 0
0.347357 0.823486 0
0.338817 0.8175 0
0.333436 0.809415 0
0.318101 0.798491 0
0.314358 0.786663 0
0.305278 0.762415 0
0.302335 0.747379 0
0.293163 0.737064 0
0.286049 0.720909 0
0.269188 0.695384 0
0.261093 0.679714 0
0.239498 0.674202 0
0.230677 0.658915 0
0.208351 0.651688 0
0.202293 0.632069 0
0.183794 0.609446 0
0.167773 0.591666 0
0.137658 0.584617 0
0.134289 0.563392 0
0.127478 0.54022 0
0.118482 0.527758 1
0.0936282 0.531112 0
0.0788815 0.525026 0
0.0693147 0.51766 0
0.0461764 0.512213 0
0.0460558 0.488507 0
0.0230332 0.488891 0
0.013611 0.479194 0
0.00782322 0.460182 0
0.0214076 0.423526 0
0.0137513 0.389912 0
0.00239406 0.405243 0
0 0.394861 0
0.0261707 0.338771 0
0.0374405 0.299249 0
0.0724829 0.269773 0
0.102715 0.254228 0
0.132155 0.234938 0
0.164404 0.203455 0
0.191134 0.169553 0
0.281894 0.15497 0
0.286642 0.160679 0
0.290553 0.164221 1
0.302824 0.156635 0
0.327763 0.1349 0
0.361219 0.101163 0
0.385938 0.0877863 0
0.413771 0.066702 0
0.442513 0.0518783 0
0.468014 0.0267869 0
0.499353 0.00685774 0
0.520266 0.00206613 0
0.537989 0.00656266 0
0.568487 0 0
0.590559 0.0104597 0
0.605719 0.0238512 0
0.621586 0.0284004 0
0.648411 0.0254033 0
0.655067 0.0418848 0
0.671407 0.0587061 0
0.698966 0.0835028 0
0.708125 0.0930335 0
0.719364 0.110284 0
0.717077 0.128919 0
0.715346 0.1392 1
0.725793 0.138053 0
0.738122 0.142701 0
0.75669 0.155647 0
0.772899 0.155025 0
0.784523 0.171755 0
0.814657 0.18134 0
0.820847 0.195807 0
0.825915 0.211056 0
0.830918 0.231407 0
0.828587 0.254457 0
0.838182 0.272955 0
0.848574 0.291284 0
0.849886 0.313662 0
0.842088 0.32223 0
0.852467 0.332852 0
0.85446 0.347544 0
0.88281 0.360565 0
0.919749 0.448715 0
0.917046 0.469532 0
0.893496 0.505229 0
0.886572 0.506728 0
0.885286 0.510371 1
0.886423 0.511503 0
0.889307 0.512579 0
0.891151 0.521159 0
0.889559 0.529466 0
0.890413 0.532934 0
0.900723 0.560443 0
0.912425 0.564289 0
0.919639 0.574005 0
0.919905 0.592892 0
0.912095 0.6023 0
0.914498 0.608241 0
0.923375 0.610209 0
0.929222 0.629433 0
0.915365 0.645158 0
0.910423 0.663198 0
0.902499 0.676126 0
0.892362 0.693946 0
0.863709 0.696244 0
0.74085 0.723585 0
0.712567 0.790744 0
0.710022 0.790779 0
0.709974 0.79169 1
0.696443 0.795183 0
0.676737 0.801304 0
0.65283 0.806162 0
0.632507 0.817635 0
0.618223 0.816873 0
0.597312 0.828603 0
0.576032 0.83444 0
0.555839 0.837523 0
0.541823 0.83735 0
0.52719 0.835158 0
0.513735 0.836995 0
0.504069 0.829593 0
0.487221 0.831025 0
0.476814 0.82713 0
0.467076 0.8233 0
0.446391 0.819548 0
0.427244 0.820342 0
0.399891 0.821024 0
0.395966 0.818083 0
0.389282 0.815106 0
0.38011 0.819042 0
0.366361 0.817625 1
0.361263 0.80919 0
0.359912 0.797749 0
0.357878 0.785554 0
0.344799 0.771714 0
0.335648 0.7593 0
0.320796 0.744734 0
0.310144 0.735407 0
0.287002 0.718603 0
0.268191 0.711302 0
0.233281 0.700744 0
0.21961 0.689122 0
0.208259 0.680587 0
0.210668 0.659626 0
0.196264 0.644661 0
0.184916 0.619811 0
0.172268 0.600205 0
0.159246 0.584572 0
0.167453 0.535591 0
0.153814 0.522088 0
0.103944 0.494483 0
0.101865 0.462546 0
0.106704 0.439346 1
