0.604598 0.371439 1
0.85296 0.583618 0
0.846036 0.578488 0
0.848003 0.58754 0
0.866333 0.608883 0
0.869275 0.650042 0
0.86992 0.669049 0
0.858489 0.680126 0
0.845561 0.686904 0
0.821969 0.694303 0
0.790505 0.708049 0
0.764788 0.719376 0
0.735262 0.728531 0
0.701246 0.736483 0
0.669967 0.723793 0
0.641011 0.726767 0
0.60626 0.713651 0
0.573889 0.716548 0
0.550251 0.700764 0
0.521393 0.6933 0
0.497459 0.680138 0
0.480598 0.671706 1
0.472376 0.669107 0
0.464706 0.669647 0
0.45447 0.665029 0
0.448918 0.66366 0
0.439756 0.660212 0
0.426287 0.67925 0
0.416614 0.689653 0
0.414862 0.70376 0
0.423162 0.731567 0
0.465484 0.723816 0
0.257007 0.622941 0
0.242187 0.592615 0
0.220043 0.587442 0
0.203055 0.564664 0
0.182461 0.556245 0
0.173291 0.53819 0
0.161483 0.520704 0
0.153782 0.503388 0
0.132374 0.487192 0
0.125649 0.477397 0
0.118951 0.462072 0
0.112585 0.446818 1
0.114121 0.436021 0
0.116629 0.426844 0
0.120389 0.417115 0
0.126556 0.411266 0
0.134273 0.417816 0
0.170911 0.347933 0
0.160924 0.303138 0
0.165714 0.290861 0
0.172808 0.272747 0
0.181586 0.254855 0
0.198557 0.243368 0
0.204178 0.218917 0
0.227209 0.201802 0
0.242834 0.191233 0
0.267323 0.176614 0
0.279166 0.16083 0
0.290005 0.154155 0
0.31346 0.142254 0
0.328559 0.131275 0
0.346669 0.120963 0
0.359516 0.11923 0
0.374674 0.111368 1
0.383817 0.105674 0
0.392842 0.0977997 0
0.396381 0.0897659 0
0.413042 0.0882381 0
0.421611 0.079749 0
0.424713 0.0644489 0
0.458112 0.0646366 0
0.465443 0.054878 0
0.499339 0.0630162 0
0.523877 0.051921 0
0.532709 0.048918 0
0.544092 0.0448229 0
0.564845 0.0436566 0
0.584341 0.0421038 0
0.593874 0.0430854 0
0.624115 0.0395305 0
0.637469 0.0395539 0
0.656613 0.0461314 0
0.664589 0.0469222 0
0.684608 0.0479784 0
0.695143 0.0534718 0
0.709926 0.0607951 1
0.72278 0.0690827 0
0.742643 0.0877113 0
0.775465 0.117077 0
0.778565 0.128737 0
0.806375 0.149814 0
0.851637 0.201523 0
0.902695 0.233257 0
0.928608 0.282378 0
0.941115 0.338632 0
0.962354 0.365758 0
0.955659 0.412406 0
0.948728 0.429711 0
0.940195 0.456419 0
0.933768 0.471744 0
0.92979 0.492689 0
0.923069 0.500409 0
0.912163 0.5143 0
0.893219 0.523807 0
0.883397 0.533769 0
0.880105 0.547899 0
0.864816 0.558625 0
0.850914 0.570118 1
0.847461 0.576488 0
0.84443 0.582619 0
0.843178 0.594517 0
0.857312 0.650968 0
0.826561 0.677495 0
0.800602 0.681791 0
0.782154 0.682198 0
0.750859 0.690525 0
0.721116 0.701275 0
0.688978 0.711777 0
0.672883 0.712224 0
0.630595 0.719514 0
0.600868 0.715516 0
0.575976 0.71199 0
0.554803 0.703512 0
0.531482 0.697946 0
0.498413 0.703549 0
0.46315 0.660384 0
0.451547 0.663973 0
0.431131 0.661222 0
0.424443 0.661973 0
0.420248 0.661114 1
0.418045 0.661048 0
0.415196 0.661463 0
0.412542 0.660674 0
0.410946 0.661612 0
0.405253 0.671699 0
0.391164 0.707202 0
0.244597 0.636914 0
0.221586 0.612895 0
0.204448 0.594992 0
0.186763 0.580198 0
0.176065 0.551026 0
0.153415 0.540051 0
0.137358 0.523828 0
0.136158 0.503532 0
0.121181 0.488774 0
0.0984654 0.47465 0
0.113068 0.372913 0
0.103884 0.369796 0
0.102025 0.364643 0
0.0998852 0.353299 0
0.0944606 0.344947 1
0.102131 0.338334 0
0.108429 0.324484 0
0.122195 0.312931 0
0.131722 0.305144 0
0.142526 0.28816 0
0.148251 0.276709 0
0.156457 0.257858 0
0.169208 0.230842 0
0.172831 0.214729 0
0.18835 0.197017 0
0.204109 0.185304 0
0.216016 0.166363 0
0.234724 0.155332 0
0.252427 0.149201 0
0.260036 0.118851 0
0.296033 0.114728 0
0.323354 0.121105 0
0.355666 0.0989269 0
0.41462 0.100988 0
0.422564 0.0965023 0
0.436841 0.0920478 0
0.453686 0.0903487 1
0.457082 0.0865353 0
0.463371 0.082241 0
0.471735 0.0712773 0
0.479136 0.0694809 0
0.487673 0.064011 0
0.491755 0.0504837 0
0.499497 0.0423819 0
0.510422 0.0353955 0
0.526039 0.0316719 0
0.535488 0.0242065 0
0.54715 0.0170753 0
0.552588 0.0145816 0
0.565023 0.00424998 0
0.579507 0 0
0.600212 0.0163126 0
0.630753 0.0118699 0
0.617644 0.0100823 0
0.785352 0.0716069 0
0.795164 0.109155 0
0.812088 0.123435 0
0.81798 0.141921 0
0.824358 0.156456 1
0.855063 0.175898 0
0.873483 0.20144 0
0.927629 0.252788 0
0.957618 0.301444 0
0.967277 0.31902 0
0.987598 0.342354 0
1 0.371241 0
0.998448 0.393554 0
0.987173 0.409341 0
0.982279 0.432277 0
0.992486 0.447965 0
0.984767 0.472492 0
0.983557 0.490085 0
0.983047 0.510094 0
0.965008 0.52016 0
0.95798 0.531486 0
0.941026 0.547204 0
0.92589 0.579002 0
0.828664 0.612259 0
0.824073 0.612819 0
0.820511 0.62221 0
0.815329 0.622985 1
0.800501 0.63486 0
0.790195 0.648352 0
0.770549 0.659288 0
0.759629 0.672677 0
0.742573 0.680593 0
0.736509 0.677549 0
0.699061 0.697305 0
0.688934 0.686096 0
0.660859 0.694013 0
0.615158 0.679603 0
0.535061 0.659609 0
0.445479 0.621789 0
0.425777 0.619761 0
0.4202 0.615976 0
0.410829 0.612923 0
0.405206 0.60916 0
0.391036 0.612683 0
0.388594 0.624489 0
0.38589 0.626183 0
0.381029 0.624289 0
0.375211 0.628474 0
0.373166 0.630345 1
0.372808 0.635363 0
0.341456 0.635211 0
0.303366 0.609671 0
0.255467 0.611928 0
0.230602 0.595137 0
0.207796 0.590687 0
0.178183 0.586011 0
0.168436 0.561241 0
0.158208 0.547764 0
0.129607 0.53899 0
0.000793644 0.469032 0
0 0.434496 0
0.00219072 0.410867 0
0.000790466 0.397557 0
0.000880161 0.38294 0
0.00945896 0.36728 0
0.0169876 0.353988 0
0.0186102 0.346004 0
0.0238829 0.335544 0
0.0250671 0.3323 0
0.0293485 0.323222 0
0.0362835 0.316388 1
