0 0.00051788 1
0.000101913 0.00231993 0
0.00245182 0.000661257 0
0.00409116 0 0
0.00554182 0.00161137 0
0.00677614 0.00244561 0
0.00797929 0.00394591 0
0.0107408 0.00233927 0
0.0125956 0.00179797 0
0.0143772 0.00311433 0
0.0162338 0.00361276 0
0.0176831 0.0051458 1
0.023276 0.00609284 0
0.0275143 0.00775652 0
0.0322473 0.00888607 0
0.0372102 0.0101422 0
0.0426931 0.0146441 0
0.0519815 0.0146779 0
0.0562731 0.0150664 0
0.0648307 0.0171399 0
0.0726817 0.0186429 0
0.0758413 0.0205257 0
0.0834446 0.0225519 1
0.0894426 0.0241521 0
0.0996439 0.0231743 0
0.109512 0.0252178 0
0.122919 0.0242977 0
0.133911 0.0299603 0
0.140885 0.0327994 0
0.152209 0.0323532 0
0.160706 0.0381041 0
0.174245 0.0413238 0
0.181049 0.0489771 0
0.191378 0.0518104 0
0.201068 0.0544782 1
0.211643 0.0574001 0
0.222411 0.0603844 0
0.233658 0.057876 0
0.244147 0.0606642 0
0.25596 0.0635473 0
0.27197 0.0677013 0
0.28881 0.0770417 0
0.302216 0.0808492 0
0.316434 0.0847031 0
0.324818 0.089305 0
0.341413 0.0940741 1
0.357992 0.0897471 0
0.376403 0.0942727 0
0.398434 0.0885387 0
0.423877 0.0940556 0
0.448931 0.101677 0
0.469424 0.110081 0
0.488238 0.118934 0
0.502255 0.125368 0
0.513019 0.12959 0
0.526443 0.141024 0
0.536429 0.150939 1
0.543969 0.150843 0
0.55167 0.15397 0
0.56078 0.155839 0
0.570484 0.158523 0
0.578507 0.160914 0
0.586643 0.16367 0
0.600979 0.167108 0
0.608675 0.169958 0
0.616642 0.175355 0
0.621386 0.175497 0
0.626238 0.179087 0
0.630143 0.181611 1
0.635229 0.182137 0
0.641601 0.183452 0
0.644743 0.185878 0
0.652005 0.186082 0
0.658815 0.189037 0
0.663726 0.190575 0
0.671732 0.196389 0
0.678938 0.200666 0
0.68022 0.202809 0
0.681257 0.203802 0
0.684967 0.205769 1
0.69228 0.208077 0
0.700295 0.211663 0
0.708764 0.216375 0
0.712763 0.22044 0
0.719488 0.224136 0
0.72707 0.228577 0
0.736034 0.233986 0
0.751083 0.242154 0
0.757998 0.244168 0
0.760523 0.249388 0
0.766151 0.25471 0
0.770169 0.256089 1
0.77838 0.261544 0
0.783629 0.268541 0
0.788953 0.278418 0
0.796652 0.278257 0
0.80609 0.279988 0
0.823808 0.293884 0
0.827931 0.293011 0
0.831901 0.296455 0
0.834703 0.29833 0
0.845564 0.306208 0
0.848019 0.314103 1
0.850911 0.317008 0
0.853896 0.317963 0
0.854963 0.324181 0
0.858477 0.328272 0
0.862279 0.332987 0
0.862827 0.337215 0
0.868084 0.34151 0
0.870604 0.347291 0
0.87559 0.351791 0
0.877581 0.357897 0
0.879791 0.36415 1
0.884941 0.370687 0
0.886561 0.37547 0
0.889158 0.383112 0
0.896264 0.391519 0
0.89923 0.399949 0
0.897679 0.409675 0
0.90364 0.414975 0
0.906506 0.424718 0
0.903722 0.438127 0
0.905481 0.452444 0
0.900787 0.47169 0
0.902044 0.482416 1
0.906808 0.484962 0
0.91063 0.490815 0
0.915114 0.495897 0
0.916644 0.507397 0
0.916573 0.519814 0
0.911625 0.536197 0
0.909901 0.55328 0
0.907329 0.559469 0
0.907197 0.566113 0
0.905011 0.571674 0
0.905165 0.57406 1
0.905563 0.574116 0
0.907794 0.57388 0
0.911225 0.561271 0
0.900161 0.607351 0
0.906302 0.605705 0
0.905355 0.60509 0
0.905835 0.605882 0
0.90719 0.60576 0
0.911725 0.621343 0
0.972501 0.610021 0
0.970385 0.609883 0
0.970536 0.610014 1
0.971416 0.610049 0
0.972305 0.610232 0
0.972986 0.610292 0
0.973581 0.609835 0
0.975377 0.609543 0
0.981924 0.609562 0
0.983525 0.609215 0
0.985821 0.610961 0
0.987433 0.612216 0
0.988194 0.61413 0
0.988282 0.61607 1
0.988538 0.615774 0
0.988631 0.615802 0
0.988748 0.615826 0
0.989249 0.615829 0
0.992467 0.614144 0
0.964251 0.595531 0
0.963242 0.595748 0
0.960971 0.596617 0
0.957931 0.599724 0
0.957569 0.603065 0
0.959203 0.605124 1
0.959215 0.605127 0
0.95927 0.605163 0
0.959194 0.605119 0
0.959199 0.605123 0
0.959193 0.605118 0
0.959162 0.605143 0
0.958907 0.604991 0
0.958376 0.605746 0
0.955724 0.596745 0
0.902358 0.590715 0
0.899959 0.586517 0
0.90142 0.585169 1
0.900318 0.585067 0
0.897458 0.583895 0
0.834798 0.570481 0
0.828173 0.574822 0
0.822162 0.570818 0
0.820945 0.565289 0
0.816879 0.562234 0
0.813841 0.559987 0
0.808026 0.555527 0
0.806334 0.555483 0
0.803928 0.551927 1
0.8055 0.55494 0
0.793294 0.571003 0
0.736822 0.559869 0
0.730965 0.557111 0
0.732807 0.543285 0
0.735771 0.530787 0
0.735801 0.523346 0
0.696948 0.496568 0
0.703715 0.496683 0
0.704024 0.496783 0
0.704024 0.496806 0
0.704026 0.496805 1
0.704564 0.495712 0
0.704985 0.497239 0
0.705281 0.497544 0
0.705852 0.497683 0
0.70671 0.497731 0
0.708062 0.49709 0
0.709647 0.497017 0
0.708238 0.498982 0
0.708653 0.49934 0
0.708958 0.499927 0
0.708688 0.500216 1
0.70878 0.500342 0
0.707457 0.499444 0
0.613108 0.572038 0
0.61951 0.580892 0
0.613638 0.585419 0
0.610913 0.587086 0
0.609068 0.588199 0
0.607347 0.591769 0
0.607084 0.592301 0
0.607144 0.591724 0
0.607022 0.592558 1
0.60664 0.595833 0
0.606508 0.600347 0
0.607682 0.603874 0
0.605486 0.612291 0
0.598483 0.621923 0
0.589407 0.636573 0
0.583132 0.643512 0
0.575238 0.65084 0
0.571918 0.653469 0
0.568879 0.657778 0
0.564744 0.660028 0
0.563858 0.661797 1
0.566021 0.667773 0
0.565991 0.670536 0
0.566833 0.675335 0
0.568164 0.677339 0
0.570677 0.680961 0
0.573302 0.68473 0
0.575743 0.692649 0
0.588729 0.704819 0
0.624708 0.690403 0
0.649754 0.675817 0
0.657116 0.668406 1
0.671884 0.690314 0
0.690771 0.709319 0
0.698316 0.728851 0
0.840261 0.686801 0
0.868223 0.656916 0
0.893949 0.621891 0
0.896855 0.611302 0
0.899417 0.608938 0
0.900079 0.609008 0
0.902259 0.607297 0
0.903664 0.606331 0
0.9051 0.605148 1
0.905443 0.605565 0
0.906408 0.606571 0
0.906657 0.606334 0
0.908525 0.609488 0
0.911321 0.607931 0
0.932795 0.663051 0
0.9709 0.62112 0
0.973913 0.616077 0
0.975185 0.61643 0
0.975481 0.616294 0
0.975545 0.616318 1
0.976701 0.616789 0
0.977519 0.617234 0
0.97861 0.61756 0
0.979845 0.617754 0
0.981612 0.617951 0
0.983191 0.618188 0
0.983537 0.618662 0
0.987842 0.623143 0
0.987812 0.618599 0
0.987804 0.61758 0
0.988282 0.616229 1
0.988279 0.61624 0
0.988291 0.616256 0
0.988306 0.616313 0
0.988568 0.616506 0
0.988771 0.616713 0
0.989121 0.617286 0
0.990456 0.618982 0
1 0.626073 0
0.962744 0.605429 0
0.961358 0.60598 0
0.960932 0.60566 0
0.960145 0.605474 1
0.96015 0.605478 0
0.960043 0.605446 0
0.959967 0.605454 0
0.959866 0.605411 0
0.959829 0.605332 0
0.9597 0.605367 0
0.95904 0.605038 0
0.949718 0.608736 0
0.905592 0.589902 0
0.903222 0.586377 0
0.901974 0.585215 1
0.902002 0.585296 0
0.90197 0.585092 0
0.902123 0.585696 0
0.90268 0.586277 0
0.904985 0.587754 0
0.837313 0.584077 0
0.836801 0.580671 0
0.783698 0.548269 0
0.789222 0.543775 0
0.789937 0.544032 0
0.789966 0.544147 1
0.789379 0.540718 0
0.783403 0.538517 0
0.782978 0.530597 0
0.76935 0.5312 0
0.767368 0.519463 0
0.774053 0.506006 0
0.767956 0.495471 0
0.733285 0.449907 0
0.679105 0.473153 0
0.679126 0.474652 0
0.67331 0.478727 0
0.668629 0.479319 1
0.666477 0.47869 0
0.665019 0.475079 0
0.663771 0.475549 0
0.661604 0.472292 0
0.655607 0.472692 0
0.65692 0.475006 0
0.651589 0.476079 0
0.653385 0.479995 0
0.652912 0.482662 0
0.655818 0.484736 0
0.65668 0.486208 1
0.656255 0.490484 0
0.615685 0.522272 0
0.555119 0.604173 0
0.546969 0.617546 0
0.547072 0.625688 0
0.547062 0.626793 0
0.548367 0.628841 0
0.548604 0.631122 0
0.54917 0.63169 0
0.550052 0.632909 0
0.548762 0.632979 0
0.549473 0.634521 1
0.546227 0.638238 0
0.539384 0.642879 0
0.530333 0.64317 0
0.507894 0.662559 0
0.509996 0.664929 0
0.504733 0.67466 0
0.496153 0.685049 0
0.495036 0.690926 0
0.502226 0.69028 0
0.488644 0.702702 0
0.490884 0.709202 1
0.494915 0.712926 0
0.490575 0.719084 0
0.504267 0.722794 0
0.49324 0.738256 0
0.472646 0.748854 0
0.452698 0.754127 0
0.434115 0.770144 0
0.4306 0.773233 0
0.419208 0.783599 0
0.403928 0.785306 0
0.40095 0.792675 1
0.398981 0.803627 0
0.392053 0.809287 0
0.383281 0.821002 0
0.37297 0.82334 0
0.360068 0.82883 0
0.353042 0.834262 0
0.340869 0.841845 0
0.334015 0.847197 0
0.328344 0.847203 0
0.326099 0.849509 0
0.315663 0.853715 0
0.300838 0.859357 1
0.292596 0.863912 0
0.289446 0.864735 0
0.282684 0.87163 0
0.273851 0.875937 0
0.268016 0.876659 0
0.261846 0.878345 0
0.254377 0.886243 0
0.245284 0.890245 0
0.236751 0.895 0
0.231023 0.894857 0
0.225113 0.897317 1
0.222814 0.899417 0
0.219794 0.901295 0
0.213281 0.902707 0
0.209768 0.906253 0
0.204182 0.912831 0
0.202 0.912937 0
0.191283 0.910127 0
0.184449 0.912625 0
0.178453 0.917799 0
0.168461 0.922271 0
0.155239 0.920957 0
0.1455 0.919223 1
0.141958 0.918858 0
0.135748 0.922149 0
0.130047 0.922893 0
0.124221 0.925532 0
0.120277 0.926393 0
0.115426 0.926888 0
0.110978 0.927163 0
0.105763 0.927281 0
0.101025 0.924587 0
0.0949464 0.924338 0
0.0910457 0.921418 1
0.0874521 0.922492 0
0.085099 0.920899 0
0.0807598 0.919238 0
0.0754258 0.921812 0
0.0627319 0.927162 0
0.0685769 0.919069 0
0.068892 0.912637 0
0.064985 0.911139 0
0.0619937 0.908195 0
0.0623586 0.904511 0
0.0601561 0.901271 1
0.0582512 0.897912 0
0.0566652 0.894701 0
0.0540786 0.89193 0
0.0501109 0.889265 0
0.0481008 0.885248 0
0.0473923 0.880861 0
0.046621 0.876582 0
0.0499944 0.874271 0
0.0529348 0.869795 0
0.058106 0.867347 0
0.0595545 0.861513 0
0.0657626 0.858556 1
0.0665702 0.849931 0
0.0667577 0.842778 0
0.0711168 0.837038 0
0.0718788 0.8281 0
0.0766098 0.821194 0
0.0807841 0.813561 0
0.0876337 0.805909 0
0.0983256 0.799959 0
0.101329 0.794443 0
0.109256 0.788688 0
0.116789 0.785441 1
0.124061 0.764364 0
0.13095 0.74153 0
0.146963 0.726322 0
0.157657 0.718821 0
0.173931 0.711982 0
0.183833 0.707123 0
0.197809 0.704494 0
0.198716 0.695813 0
0.203002 0.69146 0
0.203465 0.68783 0
0.27846 0.60852 0
0.286922 0.599254 1
0.294665 0.591053 0
0.299887 0.575332 0
0.297374 0.561173 0
0.304838 0.542827 0
0.314759 0.529246 0
0.326647 0.516431 0
0.345389 0.514749 0
0.35716 0.493836 0
0.369425 0.490427 0
0.387505 0.489912 0
0.397457 0.487303 1
0.399029 0.48738 0
0.400651 0.48714 0
0.406982 0.486878 0
0.413225 0.488567 0
0.423283 0.496096 0
0.481346 0.473061 0
0.510957 0.418267 0
0.507303 0.40241 0
0.508911 0.400826 0
0.506335 0.390348 0
0.501147 0.388007 1
0.501638 0.387022 0
0.501625 0.385471 0
0.501891 0.384932 0
0.50319 0.382091 0
0.503154 0.380861 0
0.503329 0.378864 0
0.502728 0.378231 0
0.506285 0.376703 0
0.508092 0.373862 0
0.512006 0.370149 0
0.516354 0.3695 0
0.525528 0.365945 1
0.514915 0.364928 0
0.506472 0.365979 0
0.50217 0.367234 0
0.497196 0.37451 0
0.494791 0.366598 0
0.493262 0.376622 0
0.491469 0.381249 0
0.488123 0.383816 0
0.486189 0.383393 0
0.485998 0.383609 0
0.485955 0.383626 1
0.485885 0.383613 0
0.485775 0.383592 0
0.485669 0.38361 0
0.485536 0.38362 0
0.485424 0.383694 0
0.485196 0.383223 0
0.484901 0.382982 0
0.484725 0.383188 0
0.484629 0.383359 0
0.48465 0.383562 0
0.484813 0.384079 0
0.484686 0.383987 1
