0.706782 0.00168025 1
0.707152 0 0
0.707354 0.00179593 0
0.707761 0.00265923 0
0.709045 0.00241178 0
0.708679 0.00371589 0
0.709207 0.00433778 0
0.709255 0.0044023 0
0.70968 0.00479446 0
0.710276 0.00516969 0
0.710248 0.00581755 0
0.710818 0.00617297 1
0.711797 0.0073717 0
0.712797 0.0086063 0
0.712812 0.00994324 0
0.714997 0.0105071 0
0.715532 0.0119237 0
0.716249 0.0127689 0
0.717423 0.0139132 0
0.718061 0.015639 0
0.719236 0.0157323 0
0.720258 0.016906 0
0.721156 0.0178783 1
0.722849 0.0197731 0
0.728501 0.0270932 0
0.728664 0.0305386 0
0.733776 0.0338032 0
0.735605 0.0364057 0
0.738039 0.037636 0
0.73746 0.0404456 0
0.742018 0.043401 0
0.741407 0.0433571 0
0.745361 0.0456615 0
0.747536 0.0483838 0
0.748577 0.0494721 1
0.751652 0.0508946 0
0.7544 0.0565313 0
0.758882 0.059521 0
0.759894 0.0634927 0
0.765137 0.0697363 0
0.767291 0.0724236 0
0.770683 0.0765657 0
0.774606 0.0817573 0
0.780099 0.0850701 0
0.781474 0.0915478 0
0.78516 0.0965224 1
0.788211 0.100726 0
0.792349 0.106514 0
0.796362 0.112202 0
0.804237 0.1149 0
0.807444 0.120758 0
0.809862 0.129579 0
0.812965 0.134535 0
0.819031 0.139054 0
0.824098 0.142765 0
0.825707 0.149963 0
0.830006 0.157371 0
0.829814 0.163587 1
0.833629 0.169922 0
0.838219 0.177661 0
0.843101 0.185993 0
0.852623 0.195171 0
0.851583 0.200697 0
0.858814 0.203104 0
0.858759 0.213391 0
0.862284 0.219859 0
0.866363 0.227546 0
0.869927 0.234379 0
0.873264 0.240931 1
0.876114 0.246503 0
0.875418 0.253221 0
0.885797 0.256986 0
0.885302 0.264304 0
0.889092 0.272622 0
0.893017 0.280328 0
0.900955 0.287688 0
0.899489 0.295805 0
0.902453 0.303694 0
0.905673 0.31126 0
0.914267 0.319295 0
0.913953 0.329744 1
0.917361 0.338322 0
0.920063 0.345062 0
0.923382 0.353654 0
0.925969 0.360508 0
0.928964 0.367203 0
0.931108 0.374617 0
0.930379 0.381798 0
0.932691 0.38684 0
0.936806 0.391723 0
0.936087 0.397425 0
0.939385 0.400831 1
0.945206 0.406682 0
0.945952 0.412445 0
0.947765 0.418371 0
0.948082 0.424927 0
0.948499 0.430391 0
0.952092 0.435274 0
0.95701 0.441333 0
0.958449 0.447876 0
0.95613 0.454419 0
0.95694 0.461272 0
0.957732 0.465888 0
0.954511 0.475426 1
0.955352 0.482611 0
0.960391 0.489957 0
0.961144 0.499608 0
0.964255 0.506318 0
0.965432 0.512862 0
0.967303 0.520926 0
0.968815 0.53005 0
0.964967 0.540133 0
0.965639 0.551245 0
0.960536 0.562073 0
0.960842 0.572297 1
0.961069 0.580364 0
0.961244 0.586543 0
0.961337 0.592516 0
0.96136 0.600997 0
0.961262 0.614513 0
0.961146 0.620959 0
0.960876 0.628489 0
0.960493 0.63824 0
0.960104 0.644863 0
0.959803 0.652654 0
0.959465 0.657394 0
0.959145 0.660407 1
0.959027 0.6617 0
0.958571 0.663584 0
0.957967 0.668057 0
0.957529 0.671537 0
0.954729 0.675137 0
0.950788 0.681938 0
0.95254 0.68827 0
0.952881 0.693721 0
0.950185 0.69743 0
0.948738 0.703651 0
0.947041 0.708928 1
0.944995 0.714959 0
0.943237 0.719773 0
0.940992 0.726044 0
0.939092 0.731002 0
0.934023 0.735861 0
0.934344 0.745335 0
0.930595 0.74994 0
0.927678 0.75711 0
0.927594 0.762017 0
0.923844 0.765071 0
0.921304 0.770043 1
0.92057 0.775547 0
0.916037 0.780059 0
0.909004 0.784126 0
0.908163 0.793242 0
0.904173 0.799939 0
0.901334 0.80463 0
0.897869 0.810102 0
0.894855 0.814647 0
0.892388 0.818112 0
0.886508 0.826768 0
0.882938 0.832052 0
0.878642 0.838116 1
0.875349 0.84257 0
0.873913 0.847564 0
0.87079 0.852048 0
0.867524 0.854688 0
0.864612 0.856617 0
0.860941 0.860904 0
0.854528 0.867326 0
0.851325 0.870701 0
0.848395 0.873679 0
0.844272 0.8777 0
0.840057 0.881578 1
0.83858 0.884957 0
0.832867 0.887604 0
0.831049 0.896077 0
0.828905 0.90329 0
0.818179 0.910161 0
0.816643 0.915775 0
0.803191 0.915428 0
0.79692 0.920266 0
0.789512 0.924479 0
0.783293 0.928087 0
0.777418 0.93071 0
0.773892 0.931883 1
0.768339 0.935314 0
0.760632 0.944209 0
0.753858 0.951984 0
0.746736 0.956747 0
0.737227 0.960552 0
0.728889 0.959575 0
0.721286 0.967834 0
0.713256 0.96666 0
0.703825 0.972398 0
0.698042 0.977306 0
0.692423 0.975696 1
0.689468 0.978527 0
0.683338 0.981021 0
0.680559 0.98662 0
0.67492 0.989154 0
0.66934 0.994001 0
0.665842 0.997432 0
0.657871 0.995339 0
0.65307 0.996349 0
0.649997 0.997287 0
0.64115 0.995765 0
0.635632 0.996696 0
0.630406 0.994824 1
0.625814 0.995463 0
0.622455 0.996079 0
0.616343 0.996504 0
0.612828 0.996824 0
0.608911 0.999549 0
0.604665 1 0
0.600183 0.998528 0
0.595967 0.998179 0
0.592862 0.999006 0
0.590027 0.997374 0
0.586263 0.995235 1
0.582937 0.994678 0
0.57936 0.995815 0
0.575596 0.994941 0
0.571751 0.993722 0
0.568272 0.990542 0
0.562655 0.988507 0
0.55949 0.987227 0
0.556456 0.984044 0
0.552275 0.98411 0
0.548266 0.982166 0
0.544622 0.980233 0
0.540703 0.97796 1
0.538183 0.976482 0
0.534819 0.974899 0
0.530849 0.97589 0
0.527234 0.975818 0
0.527803 0.96926 0
0.521518 0.969177 0
0.517517 0.965973 0
0.518174 0.960442 0
0.514968 0.957295 0
0.509667 0.954068 0
0.508838 0.950909 1
0.505936 0.949768 0
0.503441 0.945022 0
0.500268 0.943623 0
0.497778 0.940033 0
0.494206 0.935673 0
0.49151 0.932269 0
0.489402 0.926295 0
0.488111 0.92365 0
0.48612 0.919216 0
0.484369 0.915115 0
0.483256 0.913135 0
0.482844 0.909961 1
0.48151 0.907808 0
0.48058 0.903684 0
0.477224 0.900752 0
0.476462 0.896143 0
0.475087 0.893214 0
0.476744 0.887004 0
0.477005 0.883509 0
0.476379 0.877285 0
0.475107 0.872403 0
0.47532 0.86585 0
0.472737 0.861879 1
0.470513 0.85492 0
0.467474 0.849603 0
0.464112 0.841519 0
0.46289 0.834532 0
0.458733 0.824661 0
0.45829 0.8159 0
0.45409 0.80882 0
0.454322 0.796237 0
0.435081 0.801742 0
0.432797 0.796085 0
0.4239 0.796577 1
0.414796 0.793351 0
0.406423 0.781152 0
0.39087 0.779486 0
0.383642 0.75935 0
0.375419 0.757519 0
0.365336 0.75676 0
0.344042 0.756312 0
0.331929 0.748883 0
0.323062 0.744448 0
0.313392 0.738433 0
0.296518 0.745132 0
0.284492 0.746423 1
0.273547 0.735889 0
0.260424 0.724905 0
0.247515 0.720037 0
0.239357 0.700201 0
0.227017 0.706817 0
0.214909 0.696025 0
0.204594 0.690311 0
0.191799 0.690733 0
0.18186 0.687337 0
0.171799 0.687457 0
0.160914 0.687661 1
0.151215 0.687803 0
0.145037 0.688859 0
0.13933 0.68401 0
0.132644 0.684548 0
0.125669 0.682088 0
0.11744 0.673055 0
0.107276 0.673361 0
0.0994949 0.660903 0
0.0938022 0.651145 0
0.0879422 0.64197 0
0.0824752 0.632682 0
0.0766231 0.626492 1
0.065891 0.628245 0
0.0579618 0.621883 0
0.0542279 0.60865 0
0.037744 0.606546 0
0.033328 0.598521 0
0.0332082 0.589566 0
0.0306708 0.579972 0
0.0284451 0.576451 0
0.0275131 0.571655 0
0.0245116 0.565987 0
0.0252002 0.561086 1
0.0236157 0.557609 0
0.0219956 0.554031 0
0.0201015 0.54465 0
0.0221321 0.538657 0
0.025611 0.532465 0
0.0158862 0.526159 0
0.0165155 0.515128 0
0.0142742 0.507899 0
0.00994128 0.506022 0
0.015117 0.498291 0
0.0100658 0.493616 0
0.00723925 0.489152 1
0.00403982 0.484296 0
0.00595089 0.476402 0
0.00158434 0.472797 0
0 0.467724 0
0.00422891 0.46691 0
0.000901351 0.462103 0
0.00413219 0.454499 0
0.00391201 0.45162 0
0.00675084 0.446948 0
0.010471 0.441798 0
0.0119881 0.436446 1
0.0110236 0.431025 0
0.0135177 0.425847 0
0.0108895 0.416432 0
0.0149847 0.410921 0
0.0160843 0.40457 0
0.0158744 0.398435 0
0.0190853 0.392639 0
0.0271359 0.390486 0
0.0389418 0.388633 0
0.0399376 0.383272 0
0.0472404 0.381615 0
0.0515743 0.376861 1
0.0556635 0.372236 0
0.0567973 0.364143 0
0.0593434 0.358083 0
0.0588735 0.347192 0
0.0692026 0.349191 0
0.075669 0.343742 0
0.0772136 0.33249 0
0.0839986 0.326161 0
0.0955983 0.327025 0
0.101476 0.321351 0
0.113486 0.324845 1
0.122801 0.318305 0
0.13154 0.31233 0
0.14041 0.301351 0
0.148378 0.296433 0
0.157057 0.292234 0
0.16596 0.287814 0
0.176451 0.281709 0
0.184907 0.27911 0
0.189772 0.273721 0
0.194189 0.272833 0
0.203333 0.264892 0
0.210765 0.262751 1
0.222552 0.24866 0
0.21993 0.222795 0
0.235819 0.21718 0
0.246912 0.208022 0
0.25052 0.194622 0
0.27606 0.190388 0
0.301511 0.187264 0
0.318353 0.191936 0
0.33214 0.194243 0
0.334593 0.190748 0
0.351244 0.189816 1
0.364724 0.175766 0
0.376014 0.174104 0
0.384293 0.164685 0
0.402079 0.161121 0
0.41122 0.149127 0
0.421295 0.143009 0
0.434198 0.135234 0
0.449747 0.137591 0
0.461461 0.12648 0
0.476015 0.119402 0
0.484476 0.118783 0
0.49353 0.121241 1
