0.601989 0 1
0.603364 0.00201889 0
0.600159 0.00539613 0
0.601621 0.00685344 0
0.601542 0.00907582 0
0.602096 0.0116154 0
0.605401 0.0137798 0
0.602156 0.0183242 0
0.601855 0.0208658 0
0.602145 0.0235804 0
0.602095 0.0261844 0
0.604282 0.0284694 1
0.604626 0.0379562 0
0.604988 0.0438814 0
0.607525 0.0523396 0
0.609399 0.0619074 0
0.608639 0.0692779 0
0.607854 0.0773977 0
0.60894 0.0824987 0
0.60995 0.0918719 0
0.609352 0.0969648 0
0.610071 0.10628 0
0.610886 0.111764 1
0.611683 0.126978 0
0.616197 0.129976 0
0.619513 0.138485 0
0.621542 0.159356 0
0.623425 0.17545 0
0.624419 0.190961 0
0.62632 0.206438 0
0.626896 0.224587 0
0.620466 0.242641 0
0.621733 0.261152 0
0.623321 0.272572 0
0.624545 0.288515 1
0.625209 0.291293 0
0.632698 0.310063 0
0.632038 0.311767 0
0.637627 0.337711 0
0.639401 0.341418 0
0.640124 0.352514 0
0.642086 0.363864 0
0.636984 0.38284 0
0.638176 0.387693 0
0.633001 0.408245 0
0.633819 0.413161 1
0.633837 0.413259 0
0.633553 0.413695 0
0.633078 0.413481 0
0.633163 0.414222 0
0.633891 0.414654 0
0.655486 0.420106 0
0.663683 0.53105 0
0.643373 0.5353 0
0.64237 0.532212 0
0.642125 0.532221 0
0.642016 0.532146 1
0.642139 0.533172 0
0.642053 0.534068 0
0.643273 0.531776 0
0.643496 0.536214 0
0.646755 0.531169 0
0.673407 0.560017 0
0.661159 0.675249 0
0.650037 0.677751 0
0.650154 0.678075 0
0.650421 0.677947 0
0.650459 0.677943 0
0.650468 0.677941 1
0.651603 0.676609 0
0.652989 0.677169 0
0.659428 0.675244 0
0.682955 0.681381 0
0.711182 0.817469 0
0.666856 0.853646 0
0.657714 0.865915 0
0.656781 0.865447 0
0.657496 0.86589 0
0.658859 0.865695 0
0.659314 0.865926 1
0.662172 0.865635 0
0.664298 0.864622 0
0.665338 0.864201 0
0.669648 0.870078 0
0.666508 0.862144 0
0.673592 0.877333 0
0.676135 0.884923 0
0.676146 0.892873 0
0.675186 0.904459 0
0.673966 0.917019 0
0.665145 0.930605 0
0.65942 0.933348 1
0.659367 0.934453 0
0.663589 0.94268 0
0.671063 0.949618 0
0.675767 0.958312 0
0.674907 0.963687 0
0.675438 0.974539 0
0.672314 0.975711 0
0.673695 0.986279 0
0.665468 0.989921 0
0.661689 0.991275 0
0.656179 0.991624 1
0.657021 0.995326 0
0.655647 0.994931 0
0.65482 0.99614 0
0.653338 0.99544 0
0.65141 0.998736 0
0.649713 1 0
0.648816 0.997974 0
0.648464 0.994991 0
0.649401 0.993392 0
0.649012 0.992594 0
0.650495 0.990703 1
0.647398 0.989503 0
0.643358 0.988117 0
0.640107 0.983939 0
0.636316 0.979645 0
0.633879 0.975868 0
0.630825 0.969989 0
0.630494 0.966815 0
0.627531 0.945674 0
0.629495 0.938204 0
0.636205 0.931496 0
0.642057 0.925907 0
0.643423 0.926151 1
0.642458 0.92408 0
0.63838 0.921597 0
0.630979 0.916223 0
0.61981 0.909064 0
0.622548 0.909143 0
0.588132 0.877171 0
0.593254 0.82202 0
0.63508 0.778227 0
0.631905 0.776449 0
0.633684 0.778652 0
0.633021 0.780093 1
0.632904 0.780287 0
0.631614 0.779628 0
0.624657 0.777778 0
0.595383 0.768782 0
0.587456 0.761824 0
0.611651 0.764907 0
0.614925 0.617389 0
0.625619 0.596914 0
0.626775 0.591971 0
0.623818 0.592339 0
0.622854 0.591662 1
0.62239 0.591695 0
0.615776 0.59289 0
0.617441 0.591429 0
0.613714 0.591931 0
0.611624 0.590406 0
0.601893 0.597871 0
0.566411 0.543525 0
0.598891 0.601711 0
0.559829 0.513486 0
0.56054 0.513501 0
0.560594 0.513492 0
0.560596 0.513492 1
0.560544 0.513483 0
0.559462 0.514789 0
0.564102 0.517448 0
0.569368 0.604211 0
0.542729 0.61018 0
0.406485 0.688037 0
0.344887 0.610682 0
0.321597 0.538859 0
0.332598 0.532618 0
0.334884 0.529099 0
0.337541 0.524001 1
0.328056 0.531563 0
0.309641 0.542074 0
0.301047 0.539845 0
0.280376 0.544834 0
0.272655 0.54346 0
0.266286 0.541938 0
0.256352 0.540957 0
0.243434 0.539562 0
0.230725 0.54136 0
0.219788 0.536827 0
0.204569 0.532686 0
0.196784 0.526881 1
0.197734 0.536859 0
0.195246 0.53088 0
0.196519 0.553634 0
0.173483 0.596578 0
0.145666 0.621887 0
0.127004 0.623711 0
0.0989284 0.615314 0
0.0682983 0.528653 0
0.0660552 0.528468 0
0.0654216 0.527887 0
0.0654073 0.527805 1
0.0675987 0.527296 0
0.0664253 0.53127 0
0.0660235 0.532528 0
0.029853 0.572054 0
0.022849 0.573222 0
0.01566 0.569641 0
0.00347545 0.558863 0
0 0.538688 0
0.00234627 0.549168 0
0.000197207 0.533109 0
0.00320949 0.526725 1
0.00414556 0.524408 0
0.00579205 0.520734 0
0.00567442 0.516951 0
0.011257 0.516183 0
0.0149767 0.517372 0
0.0201522 0.513965 0
0.0252983 0.516874 0
0.0306816 0.517078 0
0.0352405 0.515224 0
0.0408055 0.512645 0
0.0474554 0.515112 0
0.0537076 0.522828 1
0.0514809 0.520477 0
0.0954172 0.475837 0
0.106781 0.473008 0
0.122448 0.490233 0
0.133917 0.498333 0
0.139986 0.505971 0
0.143305 0.503164 0
0.14896 0.507011 0
0.149227 0.511218 0
0.154669 0.514843 0
0.154516 0.517795 1
0.154502 0.517762 0
0.154347 0.517832 0
0.153311 0.516234 0
0.150419 0.520604 0
0.267954 0.367559 0
0.293852 0.403466 0
0.291824 0.387235 0
0.318696 0.420063 0
0.325179 0.425902 0
0.353674 0.505554 0
0.345551 0.509302 0
0.346083 0.50992 1
0.34932 0.494487 0
0.371004 0.491981 0
0.388539 0.48069 0
0.409716 0.480207 0
0.441741 0.480553 0
0.460063 0.481326 0
0.479055 0.493253 0
0.497624 0.497539 0
0.499094 0.497388 0
0.51545 0.503281 0
0.519041 0.503142 1
0.518328 0.502475 0
0.51733 0.495363 0
0.51914 0.497495 0
0.520064 0.48805 0
0.523505 0.482291 0
0.52588 0.480483 0
0.523399 0.477749 0
0.566876 0.489452 0
0.57079 0.499866 0
0.570939 0.501021 0
0.57114 0.501103 1
0.572646 0.500174 0
0.573213 0.501229 0
0.574704 0.501298 0
0.576785 0.500713 0
0.580901 0.498902 0
0.584474 0.498903 0
0.587528 0.498836 0
0.590568 0.498071 0
0.593392 0.497872 0
0.59659 0.498083 0
0.599125 0.49896 0
0.601322 0.499913 1
0.602757 0.500592 0
0.603907 0.500076 0
0.606291 0.50086 0
0.608798 0.500902 0
0.611113 0.499641 0
0.613417 0.500103 0
0.614604 0.49989 0
0.615647 0.499662 0
0.61677 0.499453 0
0.616893 0.499319 0
0.617262 0.49929 1
0.618002 0.499261 0
0.618718 0.499199 0
0.619222 0.498976 0
0.619823 0.49919 0
0.62031 0.49915 0
0.620735 0.499303 0
0.620982 0.499163 0
0.62089 0.499171 0
0.620995 0.49915 0
0.620999 0.499146 0
0.620999 0.499147 1
0.621364 0.499134 0
0.621749 0.499121 0
0.622227 0.499096 0
0.623183 0.499082 0
0.623717 0.499487 0
0.624328 0.499048 0
0.624628 0.498989 0
0.625241 0.499198 0
0.625247 0.499086 0
0.625703 0.499001 0
0.626264 0.498984 0
0.626678 0.498963 1
0.626968 0.498985 0
0.627032 0.498938 0
0.62679 0.498904 0
0.626878 0.498908 0
0.627065 0.498766 0
0.627847 0.498884 0
0.627923 0.498959 0
0.627735 0.498978 0
0.628431 0.498995 0
0.630007 0.498861 0
0.630027 0.498859 1
0.628796 0.498875 0
0.628254 0.49902 0
0.628282 0.498859 0
0.630026 0.498856 0
0.630007 0.498849 0
0.629459 0.498898 0
0.629557 0.498883 0
0.629514 0.498902 0
0.62964 0.498883 0
0.629687 0.498872 0
0.629703 0.49887 0
0.629714 0.498868 1
0.629663 0.498902 0
0.629547 0.498796 0
0.629497 0.498727 0
0.629668 0.498831 0
0.629712 0.498838 0
0.629719 0.498848 0
0.62972 0.498842 0
0.629726 0.498857 0
0.629732 0.498855 0
0.629732 0.498865 0
0.629735 0.498866 1
0.629748 0.498865 0
0.629763 0.498864 0
0.629779 0.498874 0
0.629794 0.498865 0
0.62981 0.498875 0
0.629821 0.498862 0
0.629836 0.498855 0
0.629852 0.498852 0
0.629863 0.49886 0
0.629879 0.498853 0
0.629889 0.498859 1
0.629889 0.498859 0
0.629889 0.498859 0
0.629889 0.498859 0
0.629889 0.49886 0
0.629888 0.498858 0
0.629875 0.498845 0
0.630176 0.498834 0
0.630179 0.498846 0
0.630184 0.498846 0
0.63019 0.498849 0
0.630197 0.498849 0
0.630199 0.498849 1
0.630254 0.498848 0
0.630315 0.498847 0
0.630379 0.498845 0
0.630422 0.498837 0
0.630465 0.498838 0
0.630536 0.498841 0
0.630597 0.498839 0
0.630662 0.498837 0
0.630694 0.498836 0
0.630772 0.498835 0
0.630832 0.498832 1
0.63088 0.498831 0
0.630902 0.498808 0
0.630966 0.498801 0
0.631006 0.498827 0
0.631063 0.4988 0
0.631082 0.498824 0
0.631185 0.498822 0
0.631232 0.498819 0
0.631284 0.498819 0
0.631354 0.498818 0
0.631401 0.498817 1
0.631422 0.498826 0
0.631447 0.498826 0
0.631449 0.498832 0
0.631469 0.498781 0
0.631482 0.498779 0
0.631496 0.498796 0
0.631518 0.498799 0
0.631525 0.498807 0
0.631543 0.498797 0
0.631553 0.498834 0
0.631572 0.498821 0
0.631586 0.498812 1
0.631591 0.498814 0
0.631593 0.498811 0
0.631594 0.49881 0
0.631598 0.49881 0
0.631611 0.498811 0
0.631603 0.498813 0
0.631605 0.498815 0
0.631607 0.498812 0
0.631611 0.498808 0
0.631616 0.498808 0
0.631623 0.498811 1
0.631616 0.498817 0
0.631625 0.498812 0
0.631625 0.498813 0
0.631626 0.498814 0
0.631627 0.498814 0
0.631628 0.498813 0
0.631629 0.498813 0
0.631629 0.498813 0
0.63163 0.498813 0
0.631631 0.498813 0
0.631633 0.498812 0
0.631643 0.498811 1
0.631643 0.498811 0
0.631643 0.498811 0
0.631643 0.498811 0
0.631643 0.498811 0
0.631643 0.498811 0
0.631643 0.498811 0
0.631643 0.498811 0
0.631643 0.498811 0
0.631643 0.498811 0
0.631643 0.498811 0
0.631643 0.498811 1
0.631643 0.498811 0
0.631643 0.498811 0
0.631644 0.498811 0
0.631644 0.498811 0
0.631644 0.498811 0
0.631644 0.498811 0
0.631645 0.498811 0
0.631645 0.498811 0
0.631645 0.49881 0
0.631646 0.498811 0
0.631646 0.49881 1
0.631646 0.49881 0
0.631647 0.49881 0
0.631647 0.498811 0
0.631648 0.49881 0
0.631648 0.49881 0
0.631649 0.49881 0
0.631649 0.498809 0
0.63165 0.498808 0
0.63165 0.498807 0
0.631651 0.498808 0
0.631651 0.49881 0
0.631652 0.49881 1
0.631652 0.49881 0
0.631653 0.49881 0
0.631653 0.49881 0
0.631653 0.49881 0
0.631654 0.49881 0
0.631654 0.49881 0
0.631654 0.49881 0
0.631655 0.49881 0
0.631655 0.498809 0
0.631655 0.498809 0
0.63166 0.49881 1
0.63166 0.49881 0
0.63166 0.49881 0
0.63166 0.49881 0
0.631659 0.49881 0
0.631659 0.49881 0
0.631659 0.49881 0
0.631659 0.49881 0
0.631659 0.49881 0
0.631659 0.498811 0
0.631659 0.498811 0
0.631659 0.49881 0
0.631659 0.49881 1
