0.283293 0.689667 1
0.295494 0.699048 0
0.296783 0.715277 0
0.291224 0.734606 0
0.308282 0.753607 0
0.420829 0.787128 0
0.435846 0.789463 0
0.44801 0.796231 0
0.45649 0.800815 0
0.457147 0.803091 0
0.456389 0.802393 0
0.457397 0.802895 1
0.46109 0.80601 0
0.465073 0.809451 0
0.470256 0.810024 0
0.48035 0.799733 0
0.482603 0.800181 0
0.493267 0.796211 0
0.588971 0.771971 0
0.618018 0.792407 0
0.620299 0.782746 0
0.642529 0.774637 0
0.649169 0.764398 0
0.66645 0.75469 1
0.681864 0.744874 0
0.679207 0.741351 0
0.682438 0.736986 0
0.694248 0.721677 0
0.705695 0.710224 0
0.723909 0.693939 0
0.739513 0.670236 0
0.86245 0.611072 0
0.870884 0.602987 0
0.883185 0.578589 0
0.883696 0.557515 0
0.888346 0.545279 1
0.893473 0.530002 0
0.895046 0.506412 0
0.891689 0.493845 0
0.88031 0.463316 0
0.874062 0.443648 0
0.88825 0.423646 0
0.901238 0.404596 0
0.932615 0.38148 0
0.940658 0.369679 0
0.955984 0.337487 0
0.904862 0.323558 0
0.909726 0.315239 1
0.90583 0.306152 0
0.909895 0.297172 0
0.914055 0.280871 0
0.918881 0.269467 0
0.932403 0.250425 0
0.918445 0.236876 0
0.757659 0.255295 0
0.741684 0.212532 0
0.718191 0.190567 0
0.70912 0.162519 0
0.731145 0.130233 0
0.728796 0.121014 1
0.715709 0.10485 0
0.699988 0.100495 0
0.688149 0.0842462 0
0.686215 0.0652598 0
0.684068 0.0492657 0
0.534149 0.0574393 0
0.512255 0.0428755 0
0.515147 0.0400572 0
0.515815 0.039846 0
0.5152 0.0390798 0
0.514932 0.0391428 1
0.511089 0.0406013 0
0.504481 0.0406809 0
0.495378 0.0452871 0
0.490927 0.0490157 0
0.487895 0.0529366 0
0.470801 0.0517175 0
0.374291 0.0654213 0
0.358793 0.0911968 0
0.340773 0.114198 0
0.269939 0.115106 0
0.260345 0.114101 0
0.255666 0.118555 1
0.244256 0.134969 0
0.214894 0.153033 0
0.207071 0.166398 0
0.190082 0.197399 0
0.176918 0.213149 0
0.162936 0.2224 0
0.148046 0.248593 0
0.132323 0.267551 0
0.0523101 0.288363 0
0.0727146 0.302001 0
0.073801 0.310332 0
0.0728788 0.319553 1
0.0713689 0.335159 0
0.0713012 0.351949 0
0.0620194 0.374087 0
0.0665972 0.398484 0
0.0719331 0.418183 0
0.0772622 0.438963 0
0.0727083 0.462649 0
0.0830266 0.485768 0
0.0677781 0.521167 0
0.152642 0.557779 0
0.157623 0.565372 0
0.168021 0.57654 1
0.171848 0.598649 0
0.177028 0.620785 0
0.188747 0.632367 0
0.212019 0.648025 0
0.209978 0.673127 0
0.318967 0.707639 0
0.314247 0.723506 0
0.299599 0.751268 0
0.332544 0.767516 0
0.41425 0.779123 0
0.415363 0.776768 0
0.417211 0.7779 1
0.421737 0.783186 0
0.421918 0.790976 0
0.421582 0.802138 0
0.430388 0.800441 0
0.484413 0.778843 0
0.498042 0.787127 0
0.500227 0.792289 0
0.504391 0.810343 0
0.581551 0.797151 0
0.574421 0.782097 0
0.576864 0.780713 1
0.59127 0.77157 0
0.62815 0.75979 0
0.677537 0.741558 0
0.703334 0.738449 0
0.708781 0.728162 0
0.71868 0.710548 0
0.727124 0.698421 0
0.726533 0.682387 0
0.74614 0.669982 0
0.789728 0.609021 0
0.839387 0.609324 0
0.850307 0.599966 1
0.857873 0.584808 0
0.86008 0.559979 0
0.846374 0.532156 0
0.862849 0.507483 0
0.868625 0.483904 0
0.864903 0.458684 0
0.873194 0.432395 0
0.886572 0.416112 0
0.891936 0.393745 0
0.900772 0.380766 0
0.907485 0.361586 0
0.91523 0.339696 1
0.906719 0.341419 0
0.874406 0.303717 0
0.865652 0.285652 0
0.856016 0.264088 0
0.83083 0.248763 0
0.820604 0.230865 0
0.802043 0.207111 0
0.809725 0.185939 0
0.797988 0.167331 0
0.788801 0.158605 0
0.771916 0.151645 0
0.764214 0.139463 1
0.769624 0.128999 0
0.769536 0.117054 0
0.761938 0.0858003 0
0.690093 0.0682193 0
0.67199 0.0486254 0
0.646987 0.042304 0
0.540019 0.0301311 0
0.53219 0.03866 0
0.530593 0.0363153 0
0.528348 0.0349999 0
0.528636 0.0324853 0
0.526431 0.0315035 1
0.527211 0.0271113 0
0.523361 0.0168731 0
0.507725 0.00324997 0
0.487956 0 0
0.470589 0.00906104 0
0.451798 0.023418 0
0.393881 0.0267904 0
0.377398 0.0323371 0
0.348214 0.0513273 0
0.324478 0.0671872 0
0.3091 0.094155 1
0.301247 0.0966588 0
0.286278 0.0941128 0
0.189313 0.103652 0
0.190904 0.14317 0
0.166491 0.164214 0
0.153321 0.182698 0
0.129595 0.182139 0
0.112629 0.207114 0
0.106819 0.224456 0
0.0964556 0.239799 0
0.0898348 0.251786 0
0.090468 0.264284 1
0.0897986 0.26831 0
0.0896176 0.276532 0
0.095117 0.286965 0
0.0151533 0.328059 0
0 0.363469 0
0.018014 0.387081 0
0.0267227 0.416919 0
0.0555527 0.443628 0
0.0758126 0.458174 0
0.079801 0.484207 0
0.10407 0.496619 0
0.128324 0.517972 1
0.135108 0.527477 0
0.135395 0.548322 0
0.121061 0.565417 0
0.121588 0.610603 0
0.205455 0.629447 0
0.197797 0.648213 0
0.204061 0.674296 0
0.333988 0.686499 0
0.366404 0.6845 0
0.364106 0.709367 0
0.372824 0.732339 0
0.375854 0.74851 1
0.377203 0.755404 0
0.381443 0.760034 0
0.396237 0.753837 0
0.38335 0.787709 0
0.48619 0.767449 0
0.508525 0.78197 0
0.512714 0.785889 0
0.517036 0.783075 0
0.53241 0.788433 0
0.53815 0.787728 0
0.539536 0.789241 0
0.54514 0.788101 1
0.54553 0.786909 0
0.549517 0.786123 0
0.540996 0.775728 0
0.559599 0.733541 0
0.722088 0.755597 0
0.756241 0.730199 0
0.761743 0.707822 0
0.778245 0.695624 0
0.783482 0.686958 0
0.793156 0.668962 0
0.804406 0.656313 1
0.810102 0.650375 0
0.818593 0.63929 0
0.822995 0.637017 0
0.928765 0.607689 0
0.938993 0.586155 0
0.953177 0.5596 0
0.962347 0.54265 0
0.959994 0.514234 0
0.946671 0.492151 0
0.943707 0.478812 0
0.937065 0.468061 0
0.930744 0.449629 1
0.952493 0.42875 0
0.965342 0.407738 0
0.974887 0.389182 0
0.996179 0.358682 0
1 0.342519 0
0.980523 0.315038 0
0.881354 0.306421 0
0.874968 0.278089 0
0.918989 0.265601 0
0.899529 0.254302 0
0.857381 0.232786 0
0.840967 0.213539 1
0.838874 0.201311 0
0.834501 0.179867 0
0.826342 0.169943 0
0.796329 0.167454 0
0.737821 0.153556 0
0.743053 0.115681 0
0.690874 0.12149 0
0.663918 0.102087 0
0.650484 0.0907325 0
0.620347 0.0781353 0
0.609213 0.068746 0
0.587312 0.0605608 1
0.579782 0.0550309 0
0.581816 0.0521529 0
0.548102 0.0486761 0
0.567841 0.0377113 0
0.56091 0.0375823 0
0.56418 0.0439143 0
0.477031 0.02707 0
0.467144 0.0366542 0
0.459924 0.0428308 0
0.446067 0.0521757 0
0.440014 0.0538387 0
0.433508 0.063078 1
