0.914097 0.765423 1
0.900522 0.779653 0
0.882412 0.785315 0
0.869121 0.803965 0
0.867733 0.831634 0
0.847793 0.844319 0
0.824044 0.856522 0
0.816218 0.878259 0
0.789947 0.886547 0
0.754138 0.881781 0
0.720721 0.872195 0
0.69205 0.876603 0
0.664728 0.879006 1
0.648633 0.88187 0
0.567484 0.889956 0
0.538457 0.899506 0
0.491075 0.897341 0
0.463587 0.885811 0
0.429604 0.877916 0
0.391908 0.872097 0
0.357712 0.855476 0
0.320231 0.84338 0
0.275331 0.835903 0
0.25565 0.81151 0
0.219289 0.800212 0
0.203174 0.790683 1
0.203809 0.789043 0
0.22268 0.774252 0
0.227973 0.760321 0
0.186613 0.694684 0
0.160298 0.670944 0
0.156789 0.653954 0
0.120969 0.622083 0
0.106183 0.583453 0
0.0959291 0.547671 0
0.0709816 0.524907 0
0.0869271 0.485635 0
0.0869843 0.453196 0
0.0753304 0.417974 1
0.118531 0.406545 0
0.135482 0.35826 0
0.131504 0.299316 0
0.132063 0.2538 0
0.141078 0.228888 0
0.157785 0.19963 0
0.190746 0.187739 0
0.196242 0.165426 0
0.215528 0.146353 0
0.237607 0.139651 0
0.257983 0.117823 0
0.283454 0.100574 0
0.294755 0.0857337 1
0.322216 0.0724153 0
0.334975 0.0610604 0
0.367177 0.0509652 0
0.402477 0.041966 0
0.421109 0.0351853 0
0.459011 0.0391893 0
0.495419 0.0210189 0
0.52573 0.021181 0
0.567948 0 0
0.618418 0.013363 0
0.646611 0.0116761 0
0.690254 0.0109619 0
0.717722 0.0123788 1
0.74073 0.0171127 0
0.757033 0.0230404 0
0.775383 0.0379362 0
0.796322 0.046898 0
0.817828 0.0584662 0
0.834604 0.0719679 0
0.849893 0.0858557 0
0.853696 0.106951 0
0.868506 0.122706 0
0.870205 0.15565 0
0.891052 0.176045 0
0.8874 0.211337 0
0.905129 0.235736 1
0.914232 0.280083 0
0.946557 0.326974 0
0.952558 0.375621 0
0.954602 0.421193 0
0.959301 0.460425 0
0.986227 0.488467 0
1 0.550263 0
0.992204 0.589149 0
0.979913 0.645258 0
0.958962 0.709537 0
0.956233 0.734816 0
0.943528 0.750793 0
0.920487 0.764934 1
0.942775 0.783365 0
0.944773 0.804548 0
0.941122 0.841188 0
0.93265 0.868642 0
0.907036 0.890107 0
0.875234 0.899462 0
0.848894 0.903807 0
0.804074 0.892124 0
0.76875 0.906317 0
0.735208 0.900118 0
0.704186 0.909649 0
0.615141 0.881428 0
0.615577 0.881418 1
0.568185 0.880141 0
0.528467 0.877434 0
0.501111 0.873181 0
0.450076 0.867393 0
0.40433 0.887272 0
0.374932 0.867071 0
0.340902 0.852089 0
0.292194 0.842445 0
0.261508 0.833276 0
0.168757 0.800782 0
0.174905 0.788351 0
0.185112 0.778795 0
0.179221 0.773923 1
0.164822 0.760083 0
0.153247 0.747519 0
0.13777 0.728102 0
0.119454 0.700072 0
0.0872446 0.671042 0
0.0556999 0.63958 0
0.0428917 0.60372 0
0.0515678 0.567762 0
0 0.552801 0
0.00693024 0.504798 0
0.011626 0.441005 0
0.048991 0.418914 0
0.0742654 0.415675 1
