0.949641 0.271249 1
0.940184 0.245336 0
0.937812 0.210109 0
0.963482 0.161085 0
0.951034 0.130296 0
0.926252 0.113517 0
0.90628 0.0748263 0
0.881044 0.0718648 0
0.86185 0.0361781 0
0.834881 0.026343 0
0.792077 0.0316124 0
0.719407 0.0587867 0
0.716263 0.0686992 1
0.700458 0.0472808 0
0.663536 0.0441487 0
0.645927 0.0225929 0
0.606622 0.0208586 0
0.582773 0.00541374 0
0.538313 0.00353954 0
0.499506 0 0
0.469108 0.0310878 0
0.421333 0.0177398 0
0.369147 0.000881249 0
0.274845 0.0389339 0
0.26783 0.060406 0
0.260594 0.093258 1
0.234999 0.101911 0
0.214008 0.110164 0
0.188084 0.108591 0
0.159457 0.125504 0
0.137079 0.142463 0
0.117031 0.159123 0
0.108744 0.192821 0
0.0531528 0.202388 0
0 0.256719 0
0.0189106 0.294387 0
0.036251 0.312988 0
0.0372859 0.324545 1
0.0342388 0.360132 0
0.0334302 0.420246 0
0.0348469 0.46124 0
0.0442032 0.497184 0
0.0765432 0.5373 0
0.0896401 0.581138 0
0.106821 0.627956 0
0.124164 0.674731 0
0.165474 0.71898 0
0.145532 0.77203 0
0.170472 0.782408 0
0.173225 0.803216 0
0.183962 0.8123 1
0.191056 0.83288 0
0.220052 0.847148 0
0.23188 0.882421 0
0.264371 0.895495 0
0.254717 0.935365 0
0.28112 0.953847 0
0.3193 0.967508 0
0.347176 0.962774 0
0.52436 0.964401 0
0.536424 0.944678 0
0.554331 0.949238 0
0.561363 0.951434 1
0.600436 0.95184 0
0.631203 0.950086 0
0.654415 0.946436 0
0.68782 0.9347 0
0.725577 0.93835 0
0.758635 0.936063 0
0.781491 0.929379 0
0.817969 0.918782 0
0.842977 0.907704 0
0.863112 0.885941 0
0.895693 0.871543 0
0.908955 0.855438 0
0.927324 0.828119 1
0.958644 0.793032 0
0.969509 0.768086 0
0.98063 0.726348 0
0.987314 0.709188 0
1 0.665481 0
0.983454 0.633042 0
0.982662 0.605056 0
0.975931 0.58311 0
0.978381 0.546291 0
0.958641 0.508159 0
0.974711 0.470563 0
0.988283 0.435446 0
0.980167 0.398596 1
0.967494 0.380388 0
0.94077 0.377495 0
0.901605 0.380749 0
0.825611 0.207916 0
0.825817 0.167667 0
0.820909 0.147149 0
0.80525 0.150799 0
0.795413 0.139592 0
0.782725 0.123985 0
0.776566 0.107519 0
0.760934 0.100677 0
0.748902 0.0888037 1
0.74798 0.0939504 0
0.654759 0.0882244 0
0.627484 0.0748267 0
0.621405 0.0559402 0
0.58506 0.0532689 0
0.544964 0.0739586 0
0.506825 0.0906385 0
0.4753 0.0811927 0
0.466181 0.0581431 0
0.41789 0.0607813 0
0.393792 0.050256 0
0.364074 0.0681608 0
0.323147 0.0734479 1
0.31778 0.0752846 0
0.312324 0.0771038 0
0.307758 0.068103 0
0.229301 0.125115 0
0.199418 0.148382 0
0.163494 0.143245 0
0.138483 0.16109 0
0.113919 0.181886 0
0.0909941 0.198648 0
0.0732395 0.217407 0
0.057685 0.23118 0
0.0582559 0.252403 1
0.0549405 0.26684 0
0.0617755 0.283766 0
0.0789542 0.293343 0
0.0725353 0.32987 0
0.0188931 0.420479 0
0.00925101 0.461038 0
0.0061201 0.495271 0
0.055752 0.512925 0
0.0560722 0.5662 0
0.0894739 0.572382 0
0.0902843 0.645184 0
0.121234 0.715128 0
0.133171 0.739419 1
0.149651 0.760801 0
0.165018 0.762986 0
0.218704 0.771168 0
0.237849 0.779705 0
0.251381 0.808046 0
0.26321 0.831429 0
0.271248 0.875399 0
0.305367 0.873229 0
0.33742 0.884267 0
0.356941 0.907114 0
0.372772 0.920038 0
0.383883 0.938974 0
0.431455 0.929714 1
