0.536794 0.141995 1
0.548865 0.193108 0
0.483523 0.13737 0
0.52514 0.18251 0
0.471827 0.110973 0
0.536033 0.161759 0
0.558923 0.171613 0
0.577024 0.190235 0
0.625769 0.216926 0
0.653674 0.259566 0
0.707446 0.326748 0
0.709892 0.329651 0
0.70998 0.369046 0
0.74108 0.384109 0
0.720916 0.392308 0
0.759079 0.444245 0
0.777161 0.450315 0
0.802417 0.447936 0
0.860635 0.529819 1
0.776742 0.424823 0
0.727276 0.367535 0
0.650885 0.266758 0
0.543525 0.133387 1
0.612344 0.209926 0
0.603802 0.154323 0
0.629452 0.174323 0
0.62837 0.144032 0
0.637474 0.218222 0
0.647176 0.198837 0
0.646342 0.190766 0
0.620394 0.206058 0
0.631967 0.212082 0
0.643266 0.198779 0
0.619865 0.183295 0
0.62674 0.185317 0
0.646782 0.228898 0
0.608059 0.176832 0
0.597631 0.178241 0
0.659236 0.197099 0
0.699025 0.220203 0
0.617337 0.12281 1
0.665257 0.208486 0
0.626041 0.234468 0
0.655035 0.214739 0
0.65896 0.258794 0
0.673284 0.271433 0
0.699092 0.339498 0
0.754635 0.385907 0
0.745418 0.414611 0
0.765759 0.423661 0
0.786605 0.471514 0
0.837132 0.433041 0
0.790666 0.445442 0
0.77753 0.460326 0
0.815323 0.42221 1
0.75219 0.41456 0
0.754132 0.449765 0
0.73723 0.421051 0
0.726453 0.396635 0
0.777612 0.385706 0
0.774365 0.378972 0
0.720785 0.31822 0
0.77284 0.270104 0
0.750978 0.225226 0
0.706928 0.183748 0
0.700203 0.186561 0
0.667908 0.186763 0
0.634543 0.188216 0
0.632963 0.197553 0
0.584095 0.210176 0
0.583183 0.207962 1
0.593457 0.210152 0
0.54843 0.244427 0
0.505289 0.259365 0
0.490938 0.246525 0
0.480531 0.239249 0
0.456047 0.222241 0
0.418101 0.228546 0
0.398354 0.235615 0
0.373472 0.237399 0
0.350949 0.219315 0
0.34534 0.214556 0
0.338995 0.228455 0
0.309688 0.251802 0
0.296108 0.250224 0
0.278691 0.217424 0
0.272355 0.246434 0
0.283811 0.282018 0
0.290665 0.255578 0
0.283588 0.27188 0
0.290865 0.287818 0
0.306601 0.273947 0
0.30826 0.270834 1
0.298716 0.359751 0
0.339191 0.396754 0
0.391625 0.434777 0
0.406422 0.461201 0
0.411973 0.495386 0
0.460733 0.574239 0
0.494457 0.615958 0
0.518806 0.697943 0
0.540672 0.76812 0
0.558651 0.818035 0
0.583463 0.868762 0
0.604691 0.959216 1
0.662656 0.979921 0
0.672166 0.961437 0
0.70892 1 0
0.711905 0.987528 0
0.728354 0.959503 0
0.718727 0.947781 0
0.691775 0.903521 0
0.735715 0.92029 0
0.652963 0.871286 0
0.646885 0.860817 0
0.671778 0.85814 0
0.666396 0.829578 0
0.671932 0.820796 0
0.661428 0.817846 0
0.654766 0.740675 0
0.681645 0.75022 0
0.702347 0.74675 0
0.654307 0.669559 0
0.645554 0.651488 0
0.705712 0.660794 0
0.712387 0.649901 0
0.734385 0.677638 1
0.730509 0.625364 0
0.731561 0.59135 0
0.718302 0.586937 0
0.755626 0.563282 0
0.741852 0.569329 0
0.779231 0.562718 0
0.762206 0.551917 0
0.813164 0.594194 1
0.741011 0.474075 0
0.70903 0.428005 0
0.657743 0.389039 0
0.66526 0.344484 0
0.655917 0.296884 0
0.633431 0.233909 1
0.69034 0.329793 0
0.713981 0.373656 0
0.730421 0.39278 0
0.736181 0.402621 0
0.780228 0.439298 0
0.801207 0.476795 0
0.813031 0.496616 0
0.796003 0.492865 0
0.788057 0.537712 0
0.843144 0.585579 1
0.793208 0.499845 0
0.763997 0.443057 0
0.731723 0.397192 0
0.687325 0.346267 0
0.642676 0.302223 0
0.636739 0.278836 0
0.649992 0.276099 0
0.686307 0.298849 0
0.705209 0.312477 0
0.728386 0.340603 0
0.729262 0.344086 0
0.717186 0.333606 0
0.717255 0.355642 0
0.71453 0.358917 0
0.707904 0.368263 0
0.695651 0.375276 0
0.699114 0.394195 0
0.711162 0.397791 0
0.710528 0.39701 0
0.679373 0.378786 0
0.644887 0.34176 0
0.607953 0.304604 0
0.596917 0.283072 0
0.619379 0.289668 0
0.623958 0.303269 0
0.625336 0.320967 0
0.630305 0.328552 0
0.638962 0.33712 0
0.633305 0.314719 0
0.629072 0.290761 0
0.625025 0.295955 0
0.633214 0.312037 0
0.629424 0.302689 0
0.61806 0.2903 0
0.621168 0.283514 0
0.620169 0.287041 0
0.604908 0.292098 0
0.563681 0.272717 0
0.504115 0.237805 0
0.477762 0.220241 0
0.47477 0.223801 0
0.485303 0.235426 0
0.477702 0.216395 0
0.458295 0.190396 0
0.453902 0.200578 0
0.450745 0.176137 0
0.43895 0.175201 0
0.385899 0.168017 0
0.380333 0.208097 0
0.343081 0.194249 0
0.327483 0.199087 0
0.344325 0.172353 0
0.366399 0.178801 0
0.393649 0.184154 0
0.430795 0.170418 0
0.451899 0.150183 0
0.479046 0.143631 0
0.507893 0.122459 0
0.520372 0.077332 0
0.510808 0.0856279 0
0.507148 0.100101 0
0.504265 0.0981251 0
0.496774 0.0857962 0
0.483391 0.0808425 0
0.437458 0.0723881 0
0.395218 0.0610297 0
0.371759 0.0613251 0
0.33131 0.0647687 0
0.321151 0.0736246 0
0.292064 0.0910155 0
0.262208 0.0944556 0
0.249187 0.0915412 0
0.234854 0.0925468 0
0.211598 0.102495 0
0.191844 0.106534 0
0.179661 0.121776 0
0.165174 0.154917 0
0.157072 0.173332 0
0.14721 0.186194 0
0.149777 0.187001 0
0.158569 0.205004 0
0.176083 0.231757 0
0.193813 0.257538 0
0.214511 0.288165 1
0.204756 0.341948 0
0.223056 0.375265 0
0.243064 0.401332 0
0.238407 0.430113 0
0.255952 0.460831 0
0.324952 0.51893 0
0.336143 0.571713 0
0.341795 0.61472 0
0.358643 0.671099 0
0.370678 0.728261 0
0.405721 0.790349 0
0.430402 0.861681 0
0.479752 0.902361 0
0.511301 0.929341 0
0.530333 0.945704 0
0.572666 0.944298 0
0.574646 0.929804 0
0.566612 0.92336 0
0.537144 0.933075 0
0.533536 0.938088 1
0.545897 0.922609 0
0.561907 0.919073 0
0.574011 0.908705 0
0.594046 0.890791 0
0.610629 0.861181 0
0.625609 0.842739 0
0.640287 0.812468 0
0.640168 0.758697 0
0.635851 0.7044 0
0.648775 0.664736 0
0.715887 0.687453 0
0.810577 0.738142 0
0.846436 0.758008 0
0.839796 0.774949 0
0.827809 0.758409 0
0.802861 0.736388 0
0.795834 0.711594 0
0.778156 0.68353 0
0.767782 0.678427 0
0.786459 0.658793 1
0.747461 0.647942 0
0.736659 0.604049 0
0.708854 0.571527 0
0.666176 0.55369 0
0.684894 0.556602 0
0.701589 0.568795 0
0.711316 0.581174 0
0.754833 0.616104 0
0.767847 0.622987 0
0.815829 0.653465 1
0.736325 0.588403 0
0.697673 0.564176 0
0.632555 0.514307 0
0.5705 0.445686 0
0.483419 0.364959 0
0.424805 0.332003 0
0.37554 0.285196 0
0.279105 0.195298 1
0.327404 0.208607 0
0.33516 0.199491 0
0.313289 0.140395 0
0.309289 0.0970933 0
0.310731 0.068087 0
0.3413 0.0860777 0
0.384053 0.114656 0
0.408848 0.122717 0
0.444037 0.141986 0
0.482089 0.18824 0
0.469367 0.147525 0
0.484202 0.14525 0
0.505203 0.15971 0
0.515583 0.153063 0
0.531295 0.188372 0
0.557083 0.188335 1
0.5999 0.211718 0
0.60385 0.216479 0
0.623366 0.2334 0
0.625146 0.218679 0
0.615086 0.200406 0
0.630331 0.222506 0
0.652484 0.251109 0
0.682553 0.244743 0
0.682809 0.251369 0
0.692346 0.240735 0
0.68053 0.23186 0
0.68156 0.238385 0
0.678949 0.249524 0
0.686191 0.275011 0
0.680599 0.265042 0
0.638758 0.224733 0
0.670465 0.254256 0
0.676161 0.242379 0
0.707049 0.308637 0
0.697758 0.291304 0
0.692273 0.310045 0
0.667932 0.308777 0
0.678879 0.369676 0
0.637173 0.336467 0
0.6179 0.361926 0
0.592739 0.380348 0
0.589904 0.355588 0
0.615315 0.390303 0
0.613344 0.413322 0
0.603789 0.417669 0
0.62609 0.44673 0
0.634864 0.461867 0
0.591469 0.437809 0
0.560157 0.42717 0
0.564856 0.421196 0
0.561101 0.418737 0
0.572278 0.392786 0
0.550581 0.375949 0
0.518368 0.351212 0
0.519776 0.327635 0
0.570337 0.298288 0
0.584328 0.267888 0
0.581905 0.238643 0
0.553692 0.224003 0
0.563373 0.199925 0
0.53646 0.180371 0
0.539705 0.165504 0
0.50481 0.164234 0
0.496398 0.148881 0
0.460453 0.145354 0
0.452401 0.12754 0
0.432634 0.127897 0
0.407653 0.132249 0
0.383325 0.145139 0
0.362632 0.142201 0
0.357222 0.145572 0
0.339237 0.146489 0
0.303312 0.170211 0
0.277402 0.193059 0
0.264354 0.23793 0
0.25174 0.219975 0
0.216826 0.227926 1
0.245051 0.224866 0
0.260382 0.200973 0
0.268734 0.206811 0
0.265673 0.226483 0
0.262665 0.23937 0
0.27449 0.202794 0
0.261344 0.238771 0
0.295176 0.258836 0
0.338597 0.260611 0
0.34671 0.27321 0
0.37738 0.334388 0
0.434514 0.3909 0
0.458534 0.434775 0
0.480421 0.47502 0
0.497926 0.525141 0
0.51064 0.58943 0
0.51917 0.640488 0
0.571771 0.655428 0
0.613955 0.665077 0
0.675937 0.659322 0
0.687929 0.667382 0
0.689405 0.681324 0
0.712892 0.678005 0
0.720142 0.673764 0
0.745738 0.667879 0
0.767293 0.653197 1
0.749599 0.6496 0
0.736238 0.644703 0
0.735656 0.635971 0
0.732886 0.629519 0
0.705541 0.603402 0
0.681367 0.592555 0
0.691005 0.598906 0
0.651114 0.68837 0
0.625058 0.698151 0
0.640647 0.573927 0
0.654875 0.475284 0
0.692378 0.393726 1
0.678596 0.414797 0
0.712628 0.44798 0
0.721443 0.439761 0
0.701242 0.428407 0
0.717771 0.406599 0
0.747659 0.38415 0
0.59547 0.427533 0
0.609949 0.438453 0
0.571355 0.412212 0
0.541204 0.37652 0
0.485485 0.321617 0
0.426634 0.27303 0
0.391815 0.242517 0
0.37863 0.205328 0
0.36876 0.176231 0
0.349039 0.167131 1
0.372995 0.182898 0
0.376278 0.166586 0
0.4068 0.156827 0
0.457348 0.188272 0
0.507902 0.21969 0
0.499698 0.212978 0
0.534829 0.2306 0
0.548525 0.230214 0
0.541953 0.221688 0
0.534619 0.215965 0
0.503483 0.196577 0
0.475263 0.177447 0
0.465067 0.149699 0
0.46693 0.123774 0
0.433225 0.0601189 0
0.413788 0.0251388 0
0.398655 0.00173369 0
0.4078 0.00140036 0
0.428661 0.0144194 0
0.434729 0.0247124 0
0.44707 0.0315481 0
0.477523 0.0638397 0
0.514394 0.104011 0
0.532661 0.093712 0
0.519282 0.088424 0
0.507246 0.0902427 0
0.517669 0.114771 0
0.520884 0.145207 0
0.499319 0.162656 0
0.516847 0.157038 1
0.570567 0.205446 0
0.583754 0.217744 0
0.55349 0.202777 0
0.574051 0.188408 0
0.625383 0.188288 0
0.70149 0.215138 0
0.705952 0.206883 0
0.700608 0.193708 0
0.687367 0.182875 0
0.675612 0.184913 0
0.670634 0.157753 0
0.707993 0.167741 0
0.727494 0.178088 0
0.732529 0.196006 0
0.714121 0.192843 0
0.721252 0.20305 0
0.723431 0.225848 0
0.732373 0.236163 0
0.735503 0.243408 0
0.780834 0.290737 1
0.750266 0.304133 0
0.775142 0.362663 0
0.775653 0.405498 0
0.748373 0.435094 0
0.698111 0.449036 0
0.633079 0.445034 0
0.586662 0.459428 0
0.517237 0.464582 0
0.477633 0.443456 0
0.411929 0.469858 0
0.379215 0.483243 0
0.313635 0.510165 0
0.253426 0.526724 0
0.209377 0.546296 0
0.151163 0.554367 0
0.0188039 0.551189 1
0.0594192 0.485729 0
0.078894 0.459264 0
0.0733965 0.438556 0
0.0919731 0.410945 0
0.0886631 0.397755 0
0.100407 0.401774 0
0.145668 0.353084 0
0 0.722821 1
0.193744 0.255064 0
0.238576 0.180103 1
0.213087 0.164698 0
0.238385 0.151994 0
0.269784 0.153062 0
0.276998 0.13094 0
0.271444 0.119311 0
0.27624 0.102772 0
0.231243 0.0780501 0
0.220257 0.0623182 0
0.210322 0.0273453 0
0.196548 0.0139574 0
0.187914 0 0
0.172525 0.0231822 0
0.186732 0.0306707 0
0.173536 0.0328945 0
0.155961 0.0151648 0
0.13922 0.0392305 0
0.114524 0.0597333 0
0.0948591 0.0986664 0
0.106297 0.0842996 0
0.0610418 0.10888 0
0.0518116 0.154807 0
0.0669093 0.132783 0
0.0642519 0.115903 0
0.0709635 0.134003 0
0.0593063 0.202109 0
0.0515316 0.291456 0
0.125025 0.308392 0
0.15929 0.326943 0
0.148655 0.356651 0
0.173795 0.396186 0
0.211171 0.440583 0
0.20215 0.464542 0
0.163173 0.52579 0
0.158885 0.585307 0
0.135005 0.625029 0
0.108635 0.684269 1
0.158927 0.732131 0
0.156452 0.722483 0
0.164429 0.729122 0
0.177461 0.750508 0
0.187388 0.714446 0
0.207672 0.726523 0
0.223443 0.734419 0
0.230904 0.750622 0
0.23773 0.741848 0
0.23826 0.730801 0
0.23355 0.792921 0
0.231946 0.737775 0
0.229882 0.767081 0
0.233739 0.737013 0
0.241703 0.750423 0
0.225905 0.734179 0
0.253622 0.734485 0
0.244945 0.725523 0
0.271782 0.725935 0
0.288144 0.721392 0
0.284155 0.695472 0
0.305213 0.654601 0
0.291785 0.632058 0
0.28553 0.572674 0
0.315278 0.532568 0
0.288393 0.562014 0
0.319942 0.535761 0
0.320768 0.561345 0
0.353702 0.519999 0
0.360545 0.482234 0
0.341589 0.444042 0
0.378748 0.441972 0
0.363555 0.445473 0
0.421151 0.423555 1
0.432027 0.501912 0
0.440049 0.509163 0
0.459623 0.541966 0
0.48133 0.592699 0
0.487746 0.586746 0
0.498247 0.587082 0
0.510475 0.560431 0
0.505021 0.54875 0
0.521334 0.565613 0
0.552122 0.576899 0
0.59346 0.591408 0
0.589034 0.592241 0
0.605131 0.587327 0
0.650526 0.586607 0
0.657605 0.587769 0
0.669904 0.573659 0
0.678488 0.588871 0
0.695626 0.597534 0
0.702287 0.612608 0
0.675573 0.610124 0
0.700567 0.623495 0
0.760576 0.682954 0
0.763613 0.651743 0
0.670434 0.579498 0
0.674894 0.598749 0
0.691559 0.619088 0
0.701938 0.629907 0
