0.375812 0.720103 0
0.359296 0.720368 0
0.359528 0.72157 1
0.361512 0.722587 0
0.362662 0.725028 0
0.364532 0.728003 0
0.365317 0.728567 0
0.365006 0.734976 0
0.367918 0.736397 0
0.374366 0.747703 0
0.375214 0.743953 0
0.379347 0.743687 0
0.382463 0.746216 0
0.385505 0.741719 0
0.388772 0.739207 0
0.390167 0.736524 0
0.394636 0.733654 0
0.395551 0.725628 0
0.39575 0.721748 1
0.39764 0.719286 0
0.39752 0.720937 0
0.397575 0.720155 0
0.398561 0.720018 0
0.401101 0.716277 0
0.402435 0.714168 0
0.405205 0.712501 0
0.401785 0.71479 0
0.407409 0.705748 0
0.450733 0.692464 0
0.252816 1 0
0.00995582 0.252834 0
0.0710194 0.179498 0
0 0.135792 0
0.115716 0.367041 0
0.114473 0.369695 0
0.0650121 0.191322 0
0.0837704 0.191787 0
0.0868772 0.18936 0
0.0867778 0.189884 0
0.0868924 0.189912 0
0.0868937 0.189921 0
0.0868948 0.189921 0
0.0868947 0.189921 1
0.0885026 0.18736 0
0.0900778 0.185508 0
0.0907828 0.178764 0
0.0948614 0.176531 0
0.0977037 0.177216 0
0.0976782 0.173161 0
0.101558 0.173821 0
0.102582 0.171149 0
0.104816 0.169787 0
0.107984 0.175231 0
0.110882 0.180628 0
0.107724 0.145585 0
0.116919 0.15397 0
0.120135 0.150665 0
0.121688 0.14802 0
0.123816 0.143663 0
0.125757 0.141358 0
0.128542 0.137747 0
0.132128 0.136186 0
0.135205 0.134196 1
0.138531 0.13331 0
0.142593 0.130473 0
0.144518 0.131914 0
0.144989 0.13253 0
0.147509 0.134111 0
0.14906 0.133318 0
0.151422 0.130611 0
0.149793 0.132205 0
0.171468 0.103126 0
0.108503 0.0255822 0
0.114602 0.715762 0
0.194943 0.622129 0
0.195763 0.628693 0
0.200196 0.631375 0
0.197491 0.629803 0
0.195009 0.62827 0
0.192044 0.627337 0
0.188027 0.625012 0
0.188881 0.626276 0
0.186788 0.625732 0
0.185254 0.62513 0
0.182138 0.624847 0
0.179183 0.622541 0
0.175461 0.623385 0
0.172545 0.62034 0
0.170739 0.618473 0
0.16995 0.616711 0
0.165483 0.616566 0
0.164021 0.615667 0
0.159149 0.616989 1
0.15738 0.616635 0
0.1639 0.614609 0
0.163997 0.611214 0
0.16141 0.609723 0
0.157961 0.60911 0
0.15582 0.607952 0
0.153454 0.607599 0
0.151783 0.605602 0
0.149698 0.604581 0
0.147587 0.604049 0
0.146163 0.603635 0
0.144691 0.602639 0
0.141561 0.602032 0
0.140639 0.600112 0
0.138886 0.599055 0
0.136405 0.596058 0
0.135364 0.593839 0
0.133121 0.591394 0
0.132532 0.590777 0
0.129807 0.586773 0
0.129185 0.584311 0
0.128907 0.581349 0
0.127032 0.578126 0
0.127837 0.576256 0
0.126374 0.572913 0
0.124106 0.570192 0
0.123424 0.568457 0
0.122587 0.566923 0
0.122304 0.563515 0
0.120957 0.561342 1
0.107611 0.547804 0
0.0938864 0.535414 0
0.0844482 0.527501 0
0.0701689 0.502669 0
0.0637621 0.488103 0
0.0629264 0.482243 0
0.0558001 0.467181 0
0.0516834 0.448866 1
0.630168 0.0914927 0
0.58011 0.0570604 1
0.593339 0.0655872 0
0.606155 0.0694406 0
0.611517 0.0739397 0
0.625576 0.0807458 1
0.640243 0.087258 0
0.647879 0.0876957 0
0.650406 0.0908942 0
0.673564 0.103742 0
0.685252 0.106521 0
0.708597 0.134129 0
0.71358 0.138532 0
0.713222 0.13318 0
0.71978 0.138682 0
0.728494 0.15449 0
0.733097 0.165993 0
0.735847 0.173741 0
0.734764 0.185045 0
0.738114 0.189522 0
0.735673 0.202994 0
0.739099 0.213714 1
0.738832 0.214232 0
0.739038 0.214694 0
0.741963 0.217587 0
0.745776 0.220333 0
0.746937 0.223758 0
0.746226 0.227858 0
0.748095 0.223711 0
0.75222 0.226859 0
0.750059 0.228276 0
0.74189 0.226417 0
0.72959 0.223796 0
0.697397 0.177779 0
0.760472 0.299305 0
0.434576 0 0
0.42604 0.00222304 0
0.417988 0.00999126 0
0.412684 0.0157621 0
0.406206 0.0243303 0
0.403636 0.0289819 0
0.390494 0.0413546 1
0.38453 0.0426382 0
0.385134 0.045865 0
0.38147 0.0470065 0
0.361575 0.0582934 0
0.120494 0.282469 0
0.116108 0.251926 0
0.113314 0.25329 0
0.113621 0.253675 1
0.108158 0.262404 0
0.108973 0.267009 0
0.10353 0.280856 0
0.100907 0.291001 0
0.0985891 0.348258 0
0.100915 0.348397 0
0.104671 0.354562 0
0.107837 0.356111 0
0.11604 0.368646 0
0.119615 0.368662 1
0.118074 0.36994 0
0.106071 0.337043 0
0.733595 0.400447 0
0.649323 0.433313 0
0.640121 0.451059 0
0.635929 0.455506 1
0.633131 0.454364 0
0.631612 0.455079 0
0.629529 0.455603 0
0.627844 0.454808 0
0.624854 0.455816 0
0.623331 0.455024 0
0.619495 0.454266 0
0.617977 0.454534 0
0.616185 0.453937 0
0.61398 0.452923 0
0.610846 0.450844 0
0.609863 0.451131 0
0.606935 0.45081 0
0.602009 0.439418 0
0.59042 0.310583 0
0.607261 0.445541 0
0.335374 0.141159 0
0.384542 0.126627 0
0.392079 0.129881 0
0.393724 0.130088 0
0.397797 0.130913 0
0.400941 0.132707 0
0.394032 0.138652 0
0.395883 0.139586 0
0.39932 0.139678 0
0.400957 0.141078 0
0.404632 0.141065 0
0.405882 0.142511 1
0.406915 0.144785 0
0.407909 0.146016 0
0.408923 0.147982 0
0.410381 0.150317 0
0.411703 0.151288 0
0.41308 0.153519 0
0.417047 0.154632 0
0.421159 0.156085 0
0.422433 0.158075 0
0.426125 0.158835 0
0.427564 0.159932 0
0.429486 0.160971 0
0.432513 0.162914 0
0.43416 0.16567 0
0.442515 0.164577 0
0.445221 0.165417 0
0.444755 0.169097 0
0.450102 0.169506 0
0.455164 0.170045 0
0.463337 0.16915 0
0.467663 0.169784 0
0.473968 0.170457 0
0.478459 0.169641 0
0.484067 0.166223 0
0.486653 0.166187 0
0.489871 0.16688 0
0.497913 0.164628 0
0.500866 0.165048 0
0.507283 0.16493 0
0.511501 0.168268 0
0.515531 0.165227 0
0.519743 0.165518 1
0.519743 0.165518 0
0.519743 0.165518 0
0.519743 0.165518 0
0.519745 0.165518 0
0.519732 0.165515 0
0.519858 0.165557 0
0.520799 0.165352 0
0.52514 0.169495 0
0.541025 0.196339 0
0.468752 0.547594 0
0.510606 0.572524 0
0.53071 0.543647 0
0.529884 0.559154 0
0.536818 0.564168 0
0.545202 0.558537 0
0.546132 0.557337 0
0.538229 0.565031 0
0.535218 0.571405 0
0.534451 0.571195 0
0.534096 0.571888 0
0.539397 0.578137 0
0.545531 0.580258 0
0.555521 0.579916 0
0.560762 0.550844 0
0.562973 0.551541 0
0.56398 0.553041 0
0.564989 0.554166 0
0.562578 0.555268 0
0.560803 0.558382 0
0.563014 0.555899 0
0.563473 0.556609 0
0.564859 0.557232 0
0.56551 0.562177 0
0.564352 0.564477 0
0.565025 0.563737 0
0.563512 0.560647 0
0.56439 0.559316 0
0.565704 0.558678 1
0.565786 0.558736 0
0.565772 0.5585 0
0.565881 0.557707 0
0.566278 0.557076 0
0.566862 0.557323 0
0.567106 0.557241 0
0.565997 0.55563 0
0.56567 0.554095 0
0.564823 0.551609 0
0.564374 0.549646 0
0.563805 0.548476 0
0.563213 0.54694 0
0.556577 0.543713 0
0.557454 0.544526 0
0.552395 0.539957 0
0.526657 0.564303 0
0.239968 0.560715 0
0.252015 0.557998 0
0.250601 0.559583 0
0.250367 0.559241 0
0.250268 0.559314 0
0.250267 0.559298 0
0.250211 0.55925 0
0.251027 0.559746 0
0.255402 0.556277 0
0.251398 0.558225 0
0.251114 0.558926 0
0.249976 0.559507 0
0.252719 0.557547 0
0.250756 0.559546 0
0.250177 0.559261 0
0.250258 0.559307 1
0.250833 0.553091 0
0.255408 0.545394 0
0.256972 0.536806 0
0.253636 0.528547 0
0.256231 0.521186 0
0.254059 0.510759 0
0.252047 0.504675 0
0.254322 0.490153 0
0.253716 0.489741 0
0.2297 0.436861 0
0.198625 0.389862 0
0.177668 0.376117 0
0.175549 0.36004 0
0.2297 0.444317 0
0.157391 0.358394 0
0.162402 0.358944 0
0.158629 0.356701 0
0.157376 0.355936 0
0.156342 0.35642 0
0.155565 0.35604 1
0.1557 0.35617 0
0.156926 0.353756 0
0.157921 0.359016 0
0.154537 0.354732 0
0.156239 0.353375 0
0.163394 0.34626 0
0.161096 0.348652 0
0.156876 0.349209 0
0.161964 0.345345 0
0.158816 0.350388 0
0.160576 0.347463 0
0.160057 0.347773 0
0.161637 0.344641 0
0.165486 0.34179 0
0.16563 0.342356 0
0.16459 0.342771 0
0.158952 0.348816 0
0.171636 0.333744 0
0.17499 0.333765 0
0.17725 0.33015 0
0.184715 0.329291 0
0.186627 0.326648 0
0.191174 0.320776 0
0.194121 0.317026 0
0.196493 0.313985 0
0.199165 0.308823 0
0.202396 0.304401 0
0.203856 0.302249 0
0.206574 0.296632 0
0.206503 0.292678 1
0.207891 0.291972 0
0.209599 0.287865 0
0.218153 0.28105 0
0.20945 0.286194 0
0.219517 0.278202 0
0.237829 0.269851 0
0.221592 0.279425 0
0.511993 0.358328 0
0.505773 0.355552 0
0.504055 0.352897 0
0.506745 0.361936 0
0.508255 0.366112 0
0.509502 0.369246 0
0.509917 0.374387 0
0.509881 0.379062 0
0.511105 0.383669 0
0.510488 0.389492 0
0.513643 0.3949 0
0.512881 0.397594 0
0.514269 0.403306 1
0.514194 0.403232 0
0.515201 0.402953 0
0.514453 0.403202 0
0.514292 0.403318 0
0.51427 0.403307 0
0.514269 0.403307 0
0.514269 0.403306 0
0.514269 0.403306 0
0.514269 0.403306 0
0.514269 0.403306 0
0.514269 0.403306 0
0.514269 0.403306 0
0.514269 0.403306 0
0.514269 0.403306 0
0.514269 0.403306 0
0.514269 0.403306 0
0.514269 0.403306 0
0.514269 0.403306 0
0.514269 0.403306 0
0.514269 0.403306 0
0.514269 0.403306 0
0.514269 0.403306 0
0.514269 0.403306 0
0.514269 0.403306 0
0.514269 0.403306 0
0.514269 0.403306 0
0.51427 0.403308 0
0.514278 0.403289 0
0.514331 0.403431 0
0.514993 0.403142 0
0.514965 0.402716 0
0.516877 0.400668 0
0.51744 0.40073 0
0.511668 0.388507 0
0.515735 0.366112 0
0.513158 0.340713 0
0.480369 0.346696 0
