0.140719 0.656761 0
0.158948 0.486944 0
0.145058 0.469276 0
0.15086 0.477543 0
0.149483 0.474466 0
0.148175 0.47313 0
0.148792 0.472413 0
0.159436 0.503097 0
0.174336 0.613661 0
0.155828 0.489706 0
0.150912 0.485024 0
0.150272 0.485718 0
0.150886 0.488521 0
0.149088 0.483382 0
0.150259 0.48698 0
0.149676 0.490672 0
0.152809 0.500625 0
0.150527 0.497963 0
0.15063 0.496512 0
0.150251 0.495105 0
0.15009 0.492768 0
0.148566 0.490552 0
0.151464 0.484538 0
0.14739 0.391379 0
0.164057 0.406118 1
0.163423 0.406352 0
0.164819 0.401857 0
0.165571 0.394889 0
0.166641 0.390423 0
0.167676 0.385829 0
0.178538 0.36859 0
0.176127 0.344189 0
0.393258 0.324918 0
0.38482 0.310754 0
0.383903 0.310339 0
0.382024 0.311622 0
0.38219 0.31169 0
0.38268 0.313275 0
0.378345 0.30975 0
0.413888 0.340449 0
0.204459 0.355553 0
0.201401 0.345137 0
0.206093 0.342996 0
0.210197 0.339477 0
0.213737 0.336412 0
0.21616 0.334272 0
0.22077 0.332247 1
0.22077 0.332247 0
0.22077 0.332247 0
0.22077 0.332247 0
0.22077 0.332246 0
0.220775 0.332234 0
0.220737 0.332248 0
0.220654 0.331928 0
0.220658 0.33213 0
0.220135 0.331574 0
0.218864 0.331428 0
0.216609 0.334341 0
0.209027 0.336244 0
0.20565 0.339049 0
0.203198 0.341081 0
0.202493 0.344544 0
0.192896 0.334056 0
0.167247 0.500639 0
0.154158 0.474588 0
0.158487 0.481802 0
0.192514 0.34279 0
0.210126 0.342521 0
0.216486 0.340151 0
0.212364 0.343958 0
0.212711 0.345403 0
0.214853 0.342451 0
0.224704 0.347114 0
0.167673 0.479276 0
0.159876 0.482748 0
0.160488 0.4813 0
0.160918 0.487374 0
0.160882 0.484561 0
0.160749 0.482594 0
0.160691 0.482129 0
0.160384 0.481923 0
0.160072 0.481246 0
0.159877 0.480756 0
0.159687 0.479687 0
0.159855 0.478553 0
0.160013 0.477453 0
0.160275 0.477151 0
0.159927 0.477575 0
0.160444 0.477976 0
0.147652 0.471483 0
0.204774 0.374153 0
0.200231 0.371398 0
0.198185 0.373729 0
0.198164 0.378071 0
0.197028 0.38138 0
0.196476 0.384296 0
0.195192 0.387307 0
0.196109 0.391444 0
0.195189 0.394247 0
0.194998 0.396714 0
0.196848 0.400205 0
0.187081 0.400811 0
0.166922 0.469413 0
0.165525 0.466561 0
0.165223 0.466154 0
0.165799 0.464683 0
0.166265 0.462491 1
0.167296 0.459348 0
0.167675 0.456063 0
0.168234 0.452786 0
0.169864 0.449556 0
0.170749 0.446726 0
0.169625 0.44269 0
0.172143 0.44084 0
0.172133 0.436198 0
0.171659 0.433683 0
0.172215 0.429195 0
0.171911 0.425321 0
0.172023 0.423208 0
0.171595 0.419357 0
0.169908 0.416558 1
0.169908 0.416558 0
0.169908 0.416558 0
0.169908 0.416558 0
0.169908 0.416558 0
0.169906 0.416561 0
0.169941 0.416584 0
0.16986 0.416925 0
0.171698 0.419277 0
0.163446 0.425973 0
0.27238 0.343391 0
0.270335 0.332571 0
0.271587 0.331154 0
0.271353 0.330319 0
0.270651 0.329234 0
0.270514 0.328138 0
0.269923 0.327074 0
0.268659 0.326367 0
0.267998 0.324729 0
0.266355 0.324241 0
0.265337 0.322944 1
0.266013 0.321642 0
0.26635 0.320368 0
0.267423 0.31849 0
0.269096 0.315845 0
0.268655 0.313867 0
0.268697 0.310177 0
0.270867 0.308515 0
0.270157 0.304982 0
0.270651 0.303272 0
0.269066 0.299811 0
0.269926 0.296955 0
0.277182 0.298654 0
0.267813 0.340459 0
0.516517 0.360796 0
0.511724 0.351232 0
0.306506 0.26177 0
0.289189 0.280911 0
0.299576 0.273663 0
0.292796 0.273499 0
0.298513 0.268924 0
0.288033 0.272511 0
0.289464 0.26796 0
0.279972 0.268871 0
0.263783 0.27301 0
0.286916 0.263197 0
0.2816 0.261417 0
0.281104 0.259161 0
0.273608 0.257509 0
0.263582 0.255732 0
0.257975 0.246036 0
0.277184 0.246901 0
0.277757 0.238587 1
0.235599 0.211213 0
0.176138 0.214677 0
0.162252 0.209189 0
0.134879 0.211353 0
0.112975 0.221338 0
0.0687363 0.20312 0
0.0575591 0.233786 0
0.0641934 0.369494 0
0.0597236 0.376337 0
0.0572525 0.380951 1
0.034614 0.384702 0
0.0421811 0.401067 0
0.0358747 0.412009 0
0.0282258 0.419276 0
0.0363589 0.425053 0
0.0251956 0.433314 0
0 0.460851 0
1.08696e-05 0.518526 0
0.0242479 0.536972 0
0.0437434 0.531502 1
0.0431223 0.523595 0
0.0547681 0.531866 0
0.0330824 0.553779 0
0.384683 0.892191 0
0.350524 0.926868 0
0.246856 0.829696 0
0.233651 0.756418 0
0.0539167 0.519528 0
0.0748103 0.516979 0
0.086064 0.535253 0
0.0859695 0.528536 0
0.0814429 0.512331 0
0.0737296 0.493809 0
0.0739656 0.48835 0
0.0797384 0.491574 0
0.0833297 0.489778 1
0.229202 0.693309 0
0.4935 0.697304 1
0.47048 0.721146 0
0.54084 0.456454 0
0.478663 0.295977 0
0.462008 0.287552 1
0.463956 0.27942 0
0.453984 0.259987 0
0.454918 0.256244 0
0.44187 0.244352 0
0.439601 0.242765 0
0.424727 0.237073 0
0.416344 0.233416 0
0.378813 0.25349 1
0.404953 0.222356 0
0.494048 0.304937 0
0.499956 0.286676 0
0.503418 0.286525 0
0.502931 0.299811 0
0.506261 0.298866 0
0.508403 0.303665 0
0.512797 0.306582 0
0.516805 0.309644 0
0.519474 0.315827 1
0.550847 0.332253 0
0.561973 0.334644 0
0.576618 0.35157 0
0.585744 0.362259 0
0.594405 0.375782 0
0.598146 0.39105 0
0.603947 0.407513 0
0.607553 0.416436 0
0.610484 0.43345 0
0.605776 0.446955 1
0.617567 0.392116 0
0.204355 0 0
0.123625 0.105732 0
0.0983002 0.134291 0
0.0658716 0.170388 0
0.0284137 0.324483 0
0.0742939 0.223532 0
0.695367 0.574981 0
0.682632 0.67061 0
0.52413 0.770004 0
0.528953 0.759897 0
0.527502 0.760513 1
0.549588 0.75796 0
0.507992 0.785734 0
0.503995 0.808302 0
0.495878 0.823535 0
0.487031 0.853672 0
0.487671 0.904803 0
0.476909 0.923167 0
0.444304 1 0
0.171123 0.768864 0
0.186409 0.776202 0
0.187044 0.774842 0
0.18727 0.774448 1
0.193015 0.770307 0
0.1857 0.760641 0
0.187485 0.756128 0
0.1806 0.74826 0
0.1811 0.745324 0
0.18028 0.739814 0
0.155167 0.722391 0
0.152071 0.715113 0
0.135502 0.706082 0
0.19487 0.723958 0
0.260521 0.795293 0
0.260107 0.778552 0
0.267113 0.777682 0
0.285347 0.782176 0
0.291873 0.780241 0
0.310503 0.782157 0
0.318911 0.777824 0
0.325535 0.776545 0
0.329501 0.77174 0
0.333282 0.768394 1
0.33406 0.766122 0
0.337064 0.76213 0
0.339581 0.757772 0
0.341049 0.75402 0
0.337502 0.749567 0
0.373423 0.754487 0
0.517068 0.647488 0
0.514273 0.655525 1
0.514937 0.650532 0
0.523652 0.635501 0
0.541014 0.603544 0
0.549048 0.586728 0
0.544956 0.587895 0
0.571614 0.552991 0
0.446303 0.30897 0
0.438013 0.295994 1
0.437999 0.298442 0
0.436234 0.30252 0
0.43537 0.306564 0
0.430456 0.311718 0
0.563056 0.517182 0
0.53163 0.496313 0
0.535484 0.495187 0
0.533155 0.491805 1
0.531493 0.487962 0
0.529371 0.483663 0
0.530155 0.47982 0
0.529413 0.475114 0
0.527148 0.471735 0
0.524157 0.470001 0
0.521834 0.467466 0
0.520566 0.463088 0
0.517535 0.460423 0
0.517696 0.456971 0
0.512827 0.451127 0
0.505762 0.440046 0
0.502578 0.428997 0
0.499398 0.425461 1
0.497546 0.424015 0
0.496779 0.421369 0
0.49538 0.41904 0
0.490948 0.417022 0
0.484034 0.418476 0
0.393167 0.32819 0
0.372119 0.322298 0
0.372631 0.327077 0
0.369923 0.326824 0
0.367299 0.327319 0
0.361579 0.328588 0
0.357346 0.327604 0
0.355041 0.328351 0
0.352485 0.328188 1
0.3512 0.329215 0
0.349803 0.330001 0
0.348964 0.330617 0
0.347779 0.330901 0
0.346734 0.331587 0
0.346162 0.332513 0
0.344745 0.333105 0
0.343625 0.333983 0
0.343083 0.33544 0
0.342734 0.336164 0
0.341799 0.337653 0
0.341388 0.339488 0
0.341338 0.341124 0
0.340402 0.350409 0
0.33918 0.341018 0
0.417853 0.399606 0
0.435535 0.434824 0
0.403136 0.595996 0
0.399162 0.592939 0
0.386962 0.613904 0
0.296527 0.650297 0
0.30314 0.647992 0
0.303238 0.647787 0
0.303187 0.647391 0
0.303071 0.646564 0
0.303078 0.645778 1
0.29977 0.644098 0
0.297327 0.641281 0
0.29198 0.637299 0
0.288398 0.636252 0
0.283523 0.632153 0
0.280424 0.62981 0
0.274712 0.622058 0
0.268555 0.619131 0
0.265487 0.612294 0
0.259154 0.607936 0
0.254354 0.60258 0
0.249812 0.596187 0
0.247758 0.592645 0
0.240661 0.586832 0
0.238188 0.582651 0
0.234959 0.576656 0
0.232757 0.573761 0
0.230971 0.570044 1
0.230971 0.570044 0
0.230971 0.570044 0
0.230971 0.570044 0
0.230972 0.570043 0
0.230974 0.570045 0
0.230982 0.570039 0
0.231003 0.570074 0
0.231696 0.570458 0
0.232674 0.572001 0
0.233831 0.573912 0
0.231993 0.573103 0
0.228194 0.567266 0
0.231918 0.563838 0
0.233158 0.560478 0
0.233935 0.55855 0
0.234287 0.55598 0
0.234245 0.554488 0
0.234559 0.552934 0
0.238016 0.551672 0
0.237784 0.549786 0
0.239482 0.548865 0
0.243103 0.547872 0
0.244777 0.547208 0
0.247737 0.548402 0
0.248125 0.551755 0
0.273079 0.562794 0
0.362868 0.605484 0
0.363313 0.619304 0
0.358666 0.62247 0
0.357828 0.62176 0
0.355519 0.62125 0
0.355247 0.62044 0
0.356062 0.619435 0
0.356874 0.618549 0
0.35649 0.617474 0
0.354569 0.617501 0
0.354415 0.616603 0
0.355014 0.615856 0
0.355787 0.615617 0
0.355891 0.615126 1
0.355755 0.613871 0
0.356014 0.613245 0
0.356462 0.613999 0
0.356353 0.613991 0
0.356582 0.613342 0
0.356752 0.611782 0
0.357731 0.608766 0
0.359982 0.608866 0
0.360766 0.609692 0
0.367534 0.596643 0
0.403531 0.536451 0
0.409307 0.532066 0
0.410717 0.531906 0
0.4094 0.531976 0
0.405483 0.545703 0
0.409609 0.429125 0
0.414867 0.429531 0
0.415188 0.429677 0
0.415253 0.429625 0
0.415269 0.42961 1
0.415622 0.429732 0
0.415359 0.429882 0
0.415433 0.430048 0
0.415606 0.430189 0
0.415712 0.430338 0
0.415852 0.430748 0
0.415154 0.430718 0
0.407245 0.443916 0
0.406643 0.527289 0
0.418969 0.528606 0
0.4189 0.529287 0
0.419062 0.529396 0
0.419105 0.529397 0
0.419107 0.529399 0
0.419106 0.529398 0
0.419101 0.529396 0
0.419091 0.529375 0
0.418913 0.529342 0
0.416523 0.532677 0
0.412567 0.53641 0
0.411661 0.537531 0
0.410766 0.538769 0
0.408039 0.541918 0
0.418009 0.531577 0
0.419306 0.531425 0
0.417493 0.533471 0
0.414624 0.536517 0
0.410199 0.541065 0
0.41846 0.530286 0
0.42015 0.529515 0
0.41957 0.529805 0
0.419439 0.5297 0
0.419485 0.529576 0
0.419282 0.529444 0
0.419171 0.529425 0
0.419105 0.529409 0
0.419106 0.5294 0
0.419108 0.529399 0
0.419107 0.529399 0
0.419105 0.529392 0
0.419174 0.52942 0
0.419178 0.529404 0
0.419121 0.529393 0
0.419105 0.529397 0
0.419107 0.529399 0
0.419108 0.529399 1
0.418893 0.5298 0
0.41852 0.5299 0
0.4182 0.529897 0
0.418232 0.529901 0
0.418752 0.528527 0
0.41823 0.530382 0
0.417868 0.528605 0
0.41809 0.527956 0
0.417654 0.528019 0
0.416496 0.530973 0
0.416035 0.530938 0
0.415567 0.531039 0
0.41528 0.531134 0
0.415331 0.531252 0
0.416243 0.530988 0
0.416429 0.530241 0
0.415968 0.529916 0
0.416057 0.529471 0
0.416481 0.528858 0
0.417262 0.527861 0
0.415172 0.531952 0
0.405959 0.526245 0
0.404641 0.448327 0
0.403877 0.44222 0
0.404768 0.442599 0
0.40504 0.443315 0
0.403534 0.443604 0
0.402927 0.443506 0
0.40125 0.443353 0
0.402361 0.44476 0
0.40292 0.445495 0
0.401275 0.444675 0
0.401957 0.445739 0
0.401881 0.446141 0
0.401786 0.446233 0
0.401663 0.446763 0
0.401542 0.447066 0
0.401807 0.446672 0
0.401348 0.446844 0
0.401049 0.447717 1
0.400947 0.448649 0
0.400125 0.449503 0
0.399396 0.450318 0
0.398628 0.450954 0
0.397845 0.452341 0
0.396633 0.45291 0
0.394806 0.454607 0
0.391788 0.455152 0
0.39002 0.456578 0
0.387698 0.457368 0
0.385235 0.456623 0
0.383995 0.45639 0
0.38246 0.456609 0
0.381086 0.457452 0
0.37857 0.457623 0
0.376492 0.458165 0
0.375001 0.46044 0
0.372063 0.461926 0
0.370703 0.462964 0
0.36967 0.463659 0
0.367652 0.465457 0
0.366808 0.465946 0
0.365396 0.466501 0
0.363416 0.466584 0
0.361877 0.467914 0
0.361361 0.470751 0
0.359436 0.469091 0
0.359941 0.467895 0
0.357774 0.469642 0
0.357282 0.469306 0
0.35552 0.470936 0
0.354246 0.470981 0
0.351546 0.472002 0
0.350286 0.472887 0
0.349079 0.472382 0
0.34977 0.474569 0
0.349984 0.475288 0
0.346542 0.47652 0
0.346218 0.478604 0
0.344474 0.480263 0
0.343535 0.481193 0
0.342763 0.48259 0
0.34309 0.484453 0
0.342478 0.486596 0
0.340433 0.488418 0
0.339402 0.49045 0
0.33875 0.491514 0
0.337999 0.493032 0
0.336403 0.49572 0
0.336222 0.496598 0
0.33341 0.501498 0
0.33256 0.500031 1
0.33256 0.500031 0
0.33256 0.500031 0
0.33256 0.500031 0
0.33256 0.500031 0
0.33256 0.500032 0
0.332561 0.500022 0
0.332497 0.500102 0
0.333245 0.499777 0
0.337986 0.504782 0
0.378467 0.432225 0
