0.339099 0.895414 0
0.335611 0.904791 0
0.326933 0.898614 0
0.340346 0.907981 0
0.331701 0.902417 0
0.331665 0.903663 0
0.320222 0.897241 0
0.335513 0.901429 0
0.325706 0.9094 0
0.328387 0.909549 0
0.323645 0.903945 0
0.323073 0.899576 0
0.332512 0.891763 0
0.327319 0.891367 0
0.32305 0.893236 0
0.332557 0.898379 0
0.325891 0.896054 1
0.332267 0.89593 0
0.333542 0.892605 0
0.336824 0.891077 0
0.339166 0.894964 0
0.342347 0.902717 0
0.347884 0.910504 0
0.347674 0.91188 0
0.345706 0.904892 0
0.363555 0.899176 0
0.367533 0.89506 0
0.356741 0.902263 0
0.353591 0.895107 0
0.352429 0.885852 0
0.3603 0.880127 0
0.355507 0.874707 0
0.360927 0.868807 0
0.376602 0.87158 0
0.384106 0.869967 0
0.378787 0.873068 0
0.36409 0.864014 0
0.353716 0.854072 0
0.357473 0.850024 0
0.346774 0.83992 0
0.334442 0.819004 0
0.372485 0.823751 0
0.367855 0.821826 0
0.379083 0.82727 0
0.370136 0.820058 0
0.378862 0.83487 0
0.373556 0.850503 0
0.387162 0.849748 0
0.372382 0.830808 0
0.377515 0.840564 0
0.37374 0.844083 0
0.381752 0.828067 0
0.371624 0.814872 0
0.38315 0.825228 0
0.373888 0.821413 0
0.360962 0.809321 0
0.372169 0.802239 0
0.365468 0.796779 0
0.360467 0.796827 0
0.353126 0.787002 0
0.343035 0.777003 0
0.358596 0.773244 0
0.355473 0.77762 0
0.347993 0.776294 0
0.345534 0.765623 0
0.353199 0.764939 0
0.342928 0.76065 0
0.349859 0.753509 0
0.362504 0.750524 0
0.360507 0.748826 0
0.358879 0.735967 0
0.357675 0.729598 0
0.37252 0.728589 0
0.364813 0.723432 0
0.360972 0.720967 0
0.37437 0.728626 0
0.371093 0.714273 0
0.373967 0.708713 0
0.366307 0.716073 0
0.376148 0.709017 0
0.360237 0.706926 0
0.368715 0.724582 0
0.361174 0.721327 0
0.364088 0.722284 0
0.376044 0.729909 0
0.374957 0.735268 0
0.379839 0.73711 0
0.386304 0.733853 0
0.389818 0.725173 0
0.381137 0.705399 0
0.386092 0.690604 0
0.385126 0.719434 0
0.414809 0.688324 0
0.397334 0.732061 0
0.425174 0.691465 0
0.412821 0.724483 0
0.407238 0.732981 0
0.390597 0.784944 0
0.422292 0.771982 0
0.45185 0.770208 0
0.461269 0.762791 0
0.466988 0.76927 0
0.455486 0.759418 0
0.480601 0.739841 0
0.490452 0.793829 0
0.487279 0.800075 0
0.510458 0.751384 0
0.508131 0.730747 0
0.508663 0.742104 0
0.502934 0.768459 0
0.495651 0.788164 1
0.501436 0.746738 0
0.483263 0.761029 0
0.468395 0.773213 0
0.447187 0.771474 0
0.43288 0.73754 0
0.419308 0.691376 0
0.436302 0.773305 0
0.41776 0.7896 0
0.384489 0.751259 0
0.382474 0.699867 0
0.389492 0.661641 0
0.36171 0.67789 0
0.355642 0.73707 0
0.356145 0.711179 0
0.33946 0.736095 0
0.349136 0.755491 0
0.352692 0.746074 0
0.361067 0.748687 0
0.369336 0.746044 0
0.387347 0.740927 0
0.357455 0.692537 0
0.376997 0.693432 0
0.371398 0.663338 0
0.392101 0.666848 0
0.409185 0.674335 0
0.436202 0.690307 0
0.460227 0.675318 0
0.467601 0.685884 0
0.471167 0.662291 0
0.505857 0.680992 0
0.51889 0.672534 0
0.532833 0.692859 0
0.533687 0.640726 0
0.552924 0.641831 0
0.628153 0.701408 0
0.676062 0.717361 0
0.669505 0.704499 0
0.67057 0.710871 0
0.670121 0.693642 0
0.667766 0.661109 0
0.675328 0.645893 0
0.669252 0.63069 0
0.710221 0.638176 0
0.7728 0.675778 1
0.732186 0.671937 0
0.708121 0.665828 0
0.709715 0.664452 0
0.718304 0.674267 0
0.733479 0.691418 0
0.742588 0.71316 0
0.728473 0.727159 0
0.784985 0.756589 0
0.820054 0.779229 0
0.777109 0.760903 0
0.765914 0.778466 0
0.776076 0.792597 0
0.805798 0.821819 0
0.776485 0.824994 0
0.711179 0.82489 0
0.699856 0.842987 0
0.687606 0.851863 0
0.680816 0.864108 0
0.656363 0.857297 0
0.706312 0.870708 0
0.655039 0.875968 0
0.688536 0.875101 0
0.675874 0.890815 0
0.661923 0.904819 0
0.650843 0.902482 0
0.614938 0.87447 0
0.597943 0.876165 0
0.662411 0.890983 0
0.613848 0.907047 0
0.543074 0.913735 0
0.506162 0.914706 0
0.508929 0.8924 0
0.500176 0.888551 0
0.518192 0.858373 0
0.484853 0.881889 0
0.476354 0.88303 1
0.529447 0.871372 0
0.561659 0.850164 0
0.599412 0.817249 0
0.638714 0.808934 0
0.646193 0.801415 0
0.670716 0.798352 0
0.67622 0.795478 0
0.664616 0.773444 0
0.688422 0.748336 0
0.814325 0.748442 1
0.812168 0.76078 0
0.851758 0.745438 0
0.84193 0.731227 0
0.834872 0.724438 0
0.841749 0.721545 0
0.830334 0.715266 0
0.848482 0.707417 0
0.864475 0.709972 0
0.888404 0.701736 0
0.876249 0.682666 0
0.869894 0.654426 0
0.86011 0.629484 0
0.860279 0.636803 0
0.899919 0.664005 1
0.738343 0.453069 0
0.628371 0.327888 0
0.530837 0.223169 0
0.35364 0.0048934 1
0.418932 0.0707359 0
0.484809 0.157381 0
0.592647 0.241125 0
0.673873 0.314256 0
0.702375 0.346512 0
0.730444 0.382677 0
0.825159 0.463579 0
0.924216 0.544223 1
0.937289 0.53239 0
0.939809 0.516795 0
0.933633 0.50441 0
0.931462 0.486614 0
0.921757 0.464762 0
0.940804 0.470258 0
0.925391 0.456757 0
0.940785 0.468165 0
0.919556 0.461059 0
0.94262 0.475639 0
0.942199 0.491626 0
0.938734 0.50403 1
0.957999 0.524182 0
0.96321 0.553559 0
0.943831 0.554206 0
0.889321 0.538568 0
0.809317 0.513832 0
0.756752 0.499089 0
0.786949 0.519759 0
0.833821 0.539652 0
0.937368 0.539758 0
0.983681 0.545348 0
1 0.536587 0
0.985064 0.513306 0
0.91972 0.493704 0
0.923884 0.492629 1
0.871806 0.42939 0
0.812168 0.329647 0
0.756368 0.249524 0
0.702185 0.180562 0
0.759853 0.208426 0
0.767905 0.203952 0
0.692042 0.162449 0
0.59617 0.123435 0
0.520695 0.0883465 0
0.492948 0.0732013 0
0.488905 0.0689703 0
0.444678 0.0461219 0
0.41168 0.0255585 0
0.37927 0 1
0.385674 0.0131678 0
0.375502 0.0241516 0
0.373165 0.0440507 0
0.386631 0.0592313 0
0.39982 0.0699722 0
0.397158 0.0816133 0
0.388904 0.101129 0
0.399116 0.141876 0
0.390005 0.144059 0
0.399514 0.151499 0
0.404577 0.151992 0
0.407075 0.155094 0
0.378637 0.155572 0
0.344676 0.155823 0
0.302361 0.150447 0
0.284798 0.150942 0
0.233659 0.162319 0
0.224206 0.17294 0
0.219956 0.175009 0
0.206415 0.190963 0
0.155451 0.175041 0
0.113356 0.144335 0
0.118212 0.166947 0
0.129617 0.186882 0
0.121737 0.208304 0
0.106827 0.207711 0
0.0675929 0.194389 0
0.0474361 0.186312 1
0.0500241 0.175591 0
0.0376738 0.17867 0
0.0264218 0.16988 0
0.00727261 0.180985 0
0.0100439 0.175709 0
0.0189744 0.185395 0
0.0194979 0.190976 0
0.0121942 0.193211 0
0.00850092 0.207079 0
0.00712127 0.168476 0
0 0.166761 0
0.0206764 0.183917 0
0.0273907 0.210808 0
0.0278634 0.17383 0
0.0311185 0.171545 0
0.051333 0.169769 0
0.0411497 0.184349 0
0.0330768 0.175736 0
0.0558747 0.155109 0
0.0861547 0.154892 0
0.120558 0.146397 0
0.138824 0.144315 1
0.20298 0.152796 0
0.288341 0.160615 0
0.354424 0.171424 0
0.399338 0.162802 0
0.444721 0.165561 0
0.506879 0.136984 0
0.523662 0.136201 0
0.548543 0.113794 0
0.580887 0.0999444 0
0.620211 0.0797344 1
0.630794 0.0935646 0
0.647991 0.125423 0
0.656506 0.146824 0
0.650493 0.176919 0
0.654796 0.197337 0
0.660967 0.215976 0
0.681769 0.237891 0
0.706163 0.256745 0
0.738155 0.279576 0
0.770801 0.317122 0
0.807213 0.350306 0
0.836559 0.402704 0
0.870733 0.445936 0
0.880564 0.445714 0
0.917192 0.480416 0
0.929131 0.500965 0
0.910558 0.506758 0
0.90445 0.517708 0
0.863144 0.513031 0
0.842689 0.533021 1
0.746879 0.533511 0
0.660724 0.533605 0
0.552528 0.529951 0
0.473913 0.539885 0
0.397403 0.550536 0
0.284823 0.530935 0
0.181743 0.505223 0
0.045002 0.472697 1
0.192868 0.501132 0
0.356144 0.53325 0
0.547496 0.572671 0
0.771544 0.637695 1
0.736243 0.656363 0
0.700605 0.669691 0
0.622753 0.657103 0
0.544535 0.658941 0
0.473545 0.669794 0
0.378345 0.646699 0
0.289925 0.603344 0
0.190116 0.547288 0
0.133096 0.526234 0
0.090205 0.503608 1
0.090386 0.475074 0
0.103665 0.457165 0
0.109182 0.425774 0
0.100869 0.391591 0
0.0972944 0.346844 0
0.0647282 0.298928 0
0.101881 0.329105 0
0.163444 0.379895 0
0.156102 0.361543 0
0.140447 0.340131 0
0.12427 0.327081 0
0.113991 0.325148 1
0.120929 0.32186 0
0.132711 0.319549 0
0.137717 0.305222 0
0.146099 0.310673 0
0.149108 0.303388 0
0.153976 0.301347 0
0.167014 0.304883 0
0.180966 0.305848 0
0.195133 0.301281 0
0.203704 0.303638 0
0.22077 0.320884 0
0.216898 0.301387 0
0.218113 0.301063 0
0.215732 0.309394 0
0.215145 0.307079 0
0.210534 0.287094 0
0.198031 0.30606 0
0.199451 0.318131 0
0.209347 0.330795 0
0.214341 0.356254 0
0.210987 0.394541 0
0.218359 0.452437 0
0.215451 0.464668 0
0.146938 0.419501 0
0.110511 0.405659 0
0.0709079 0.420043 0
0.0716839 0.454058 0
0.064933 0.484196 0
0.0541833 0.501525 0
0.0641452 0.531849 0
0.0699417 0.560116 0
0.0771325 0.591125 0
0.0913428 0.638932 0
0.124742 0.692898 1
0.103612 0.688456 0
0.105337 0.713074 0
0.12942 0.735814 0
0.123857 0.739784 0
0.149376 0.745483 0
0.173342 0.732745 0
0.230457 0.747484 0
0.282562 0.760162 0
0.304842 0.754191 0
0.327619 0.737855 0
0.354116 0.737945 0
0.369787 0.74825 0
0.37855 0.747972 0
0.393043 0.75383 0
0.386222 0.755292 0
0.398827 0.774084 1
0.420338 0.74801 0
0.490801 0.75277 0
0.566872 0.755108 0
0.602397 0.734859 0
0.606105 0.707341 0
0.624596 0.701535 0
0.646555 0.693245 0
0.65169 0.681247 0
0.648974 0.715122 0
0.694238 0.730781 0
0.703553 0.713682 0
0.718034 0.714224 0
0.715979 0.697882 0
0.66274 0.63945 1
0.697834 0.655335 0
0.707849 0.647999 0
0.710585 0.65047 0
0.705747 0.630994 0
0.632805 0.577848 0
0.561699 0.571573 0
0.559137 0.58073 0
0.559769 0.545979 0
0.554778 0.52767 0
0.570028 0.477467 0
0.598009 0.458084 0
0.62831 0.461357 0
0.632299 0.440021 0
0.605301 0.414552 0
0.618286 0.418414 0
0.67751 0.420853 0
0.71796 0.401115 0
0.739361 0.380242 1
0.71705 0.385174 0
0.657439 0.341584 0
0.637511 0.329176 0
0.628343 0.323052 0
0.61868 0.322844 0
0.608311 0.308971 0
0.629536 0.303788 0
0.641354 0.29044 0
0.622812 0.258489 0
0.606955 0.235032 0
0.572523 0.218778 0
0.585809 0.248555 0
0.504447 0.201896 0
0.460328 0.172255 0
0.437902 0.172267 0
0.433241 0.188047 0
0.476284 0.221864 0
0.462636 0.190852 0
0.470871 0.188426 0
0.456244 0.143101 0
0.42173 0.10245 0
0.418211 0.0836615 0
0.399263 0.0564787 0
0.499692 0.145308 1
0.487946 0.155326 0
0.478213 0.151845 0
0.458418 0.163065 0
0.439348 0.168168 0
0.424528 0.175215 0
0.407878 0.18035 0
0.382965 0.172732 0
0.360659 0.175341 0
0.325599 0.170556 0
0.309355 0.172563 0
0.297999 0.178435 0
0.284232 0.169262 0
0.272213 0.15507 0
0.256784 0.15341 0
0.243215 0.137374 0
0.235281 0.126822 0
0.226027 0.1337 0
0.212977 0.12452 0
0.236626 0.146768 0
0.23183 0.165584 0
0.222729 0.204221 0
0.205103 0.209253 0
0.192317 0.218554 0
0.153779 0.229838 0
0.152377 0.24703 0
0.157227 0.272939 0
0.131219 0.286718 0
0.122701 0.307596 1
0.0915267 0.305881 0
0.0418528 0.283068 0
0.0698232 0.354726 0
0.0793303 0.415392 0
0.0865598 0.455618 0
0.0747103 0.48113 0
0.0615342 0.513865 0
0.0535736 0.529153 0
0.0233019 0.543652 0
0.0222548 0.553418 0
0.0232155 0.564518 0
0.0295105 0.572743 0
0.0432044 0.58789 0
0.0627289 0.611922 0
0.0736175 0.621538 0
0.0790525 0.632514 1
0.0949121 0.644425 0
0.104144 0.635298 0
0.115078 0.63585 0
0.131513 0.637091 0
0.177194 0.665478 0
0.223094 0.680373 0
0.263649 0.673936 0
0.298078 0.652436 0
0.3517 0.637468 0
0.388546 0.591381 0
0.444075 0.560688 0
0.458018 0.518033 0
0.540219 0.510731 0
0.579486 0.488373 0
0.59343 0.465169 0
0.595521 0.456415 0
0.608405 0.417164 0
0.638516 0.363025 0
0.623639 0.32692 0
0.647347 0.290552 1
0.679321 0.335998 0
0.697842 0.338461 0
0.689505 0.33883 0
0.666488 0.339112 0
0.677485 0.370937 0
0.66929 0.394077 0
0.642377 0.406632 0
0.614712 0.418519 0
0.565716 0.426498 0
0.540394 0.445337 0
0.499709 0.454626 0
0.49262 0.46469 0
0.453776 0.465925 0
0.458299 0.472522 0
0.4774 0.480708 0
0.474187 0.491003 0
0.487076 0.492778 0
0.494113 0.489498 0
0.481757 0.473014 0
0.418242 0.454834 1
0.417032 0.457668 0
0.419776 0.445777 0
0.428603 0.416606 0
0.45596 0.392295 0
0.46112 0.366878 0
