0.541718 0.172507 0
0.616568 0.139254 0
0.634001 0.152394 0
0.638616 0.175151 0
0.654336 0.175701 0
0.672595 0.183037 0
0.677115 0.209521 0
0.681774 0.233299 0
0.710446 0.277442 0
0.724449 0.308895 0
0.715399 0.332426 0
0.739682 0.366893 0
0.759193 0.396022 0
0.767878 0.432644 0
0.777701 0.474323 0
0.763048 0.504099 0
0.784055 0.541989 0
0.79783 0.582257 0
0.804573 0.607542 0
0.819064 0.650957 0
0.817159 0.670704 0
0.813119 0.690107 0
0.798262 0.700765 0
0.78684 0.731647 0
0.780656 0.752421 0
0.755208 0.778665 0
0.718878 0.803136 0
0.685564 0.827829 0
0.655686 0.860572 0
0.622068 0.885009 0
0.604353 0.918463 0
0.564238 0.920553 0
0.522592 0.91401 0
0.480228 0.911744 0
0.472045 0.930263 0
0.428583 0.903887 0
0.412819 0.918389 0
0.329012 0.835469 0
0.289889 0.833776 0
0.257511 0.83255 0
0.176164 0.85597 0
0.14424 0.856978 0
0.145087 0.858076 0
0.137229 0.852025 0
0.132987 0.855925 0
0.12573 0.859752 0
0.119168 0.866608 1
0.124559 0.868624 0
0.126313 0.871454 0
0.125028 0.877934 0
0.126906 0.891853 0
0.12298 0.904197 0
0.105867 0.884869 0
0.100804 0.857784 0
0.092844 0.864543 0
0.0823504 0.88657 0
0.0742782 0.889627 0
0.0670968 0.885734 0
0.0580573 0.886804 0
0.0557973 0.874054 0
0.0337128 0.890984 0
0.0538492 0.849479 0
0.0580624 0.832826 0
0.0522459 0.829095 0
0.0480181 0.830724 0
0.039872 0.825063 0
0.0396648 0.828741 0
0.0399965 0.829121 0
0.0395348 0.828427 0
0.0369821 0.823421 0
0 0.833314 0
0.012177 0.504893 0
0.0327471 0.527747 0
0.0390383 0.525114 0
0.039811 0.524149 1
0.0483911 0.501067 0
0.0572247 0.475595 0
0.0577169 0.456165 0
0.066441 0.433764 0
0.0763076 0.411586 0
0.0802627 0.393489 0
0.102474 0.376716 0
0.117871 0.362346 0
0.123658 0.345478 0
0.126718 0.316851 0
0.12914 0.300288 0
0.151411 0.27663 0
0.162861 0.267474 0
0.164823 0.242555 0
0.170001 0.219046 0
0.177215 0.203208 0
0.192268 0.187835 0
0.209526 0.176802 0
0.34874 0.150691 0
0.368787 0.122609 0
0.396412 0.0908653 0
0.435801 0.0556601 0
0.427508 0.0391726 0
0.438526 0.0273074 0
0.465892 0.0214391 0
0.47397 0.0226586 1
0.472333 0.0206957 0
0.471941 0.0137281 0
0.471537 0.00997999 0
0.472424 0.011813 0
0.480733 0.0132327 0
0.450175 0.018131 0
0.484829 0.00780319 0
0.502938 0.0191175 0
0.505678 0.0610391 0
0.544838 0.0532162 0
0.579169 0.0479784 0
0.567345 0.101338 0
0.595729 0.0908032 0
0.610212 0.1018 0
0.617951 0.117815 0
0.637555 0.119366 0
0.641489 0.1412 0
0.650787 0.154775 0
0.657854 0.165308 0
0.661522 0.185143 0
0.672191 0.196136 0
0.681212 0.227313 0
0.687754 0.254743 0
0.696151 0.297958 0
0.710345 0.331648 0
0.714445 0.355135 0
0.735391 0.407976 0
0.76663 0.447192 0
0.777362 0.491162 0
0.79181 0.532402 0
0.780477 0.563698 0
0.776761 0.577642 0
0.779495 0.620407 0
0.766179 0.653582 0
0.76873 0.695003 0
0.748849 0.700571 0
0.724866 0.723782 0
0.709407 0.745526 0
0.676784 0.762063 0
0.649424 0.78928 0
0.613925 0.812311 0
0.590861 0.841221 0
0.549224 0.874844 0
0.509173 0.889083 1
0.490076 0.893457 0
0.476533 0.898741 0
0.43869 0.872252 0
0.404906 0.862205 0
0.408812 0.890087 0
0.405746 0.904248 0
0.399865 0.951154 0
0.399766 0.976589 0
0.386475 0.982649 0
0.37903 0.986781 1
0.35009 0.971196 0
0.290959 0.906721 0
0.0426503 0.62213 0
0.0247171 0.615394 1
0.00060914 0.636295 0
0.177517 0.899505 0
0.276209 0.980431 0
0.263059 0.991151 1
0.253542 1 0
0.237437 0.993824 0
0.21744 0.995121 0
0.162119 0.983928 0
0.13414 0.967834 0
0.102461 0.943097 0
0.0847822 0.916714 0
0.070231 0.939849 0
0.0717341 0.891934 0
0.0531224 0.909759 0
0.042635 0.903502 0
0.0373601 0.893636 0
0.0445676 0.86659 0
0.0409907 0.861776 0
0.0403022 0.855164 0
0.0312377 0.852477 0
0.0388908 0.823333 0
0.0398631 0.829297 1
0.0399132 0.829238 0
0.0401548 0.829043 0
0.0406288 0.828893 0
0.0401072 0.829255 0
0.0402568 0.828636 0
0.0370318 0.826457 0
0.0245501 0.800061 0
0.0197808 0.5089 0
0.0359736 0.531805 0
0.0542542 0.52151 0
0.0626032 0.504958 0
0.0704202 0.48106 0
0.0721078 0.467938 0
0.0765566 0.438045 0
0.12895 0.422092 0
0.142049 0.399578 0
0.133093 0.382328 0
0.132245 0.357077 0
0.147759 0.332833 0
0.155323 0.316872 1
0.176395 0.304894 0
0.190098 0.279924 0
0.200856 0.255068 0
0.224602 0.241045 0
0.22078 0.215516 0
0.228926 0.201215 0
0.234663 0.174642 0
0.249873 0.156177 0
0.247224 0.130338 0
0.275711 0.0901025 0
0.249567 0.0577433 0
0.235004 0.0481287 0
0.235025 0.0412165 0
0.222742 0.0350413 0
0.21766 0.0240378 0
0.212058 0.019988 1
0.210892 0.0202418 0
0.279653 0 0
0.319854 0.00183175 0
0.340828 0.00991574 0
0.323639 0.0252257 0
0.34267 0.0135132 0
0.397188 0.0185418 0
0.385034 0.0387365 0
0.500261 0.0605255 0
0.497874 0.0984102 0
0.560601 0.0609489 0
0.543245 0.124771 0
0.567083 0.127665 0
0.61223 0.0928896 0
0.608746 0.132121 0
0.644074 0.127801 0
0.640466 0.154255 0
0.661265 0.152511 0
0.67547 0.165179 0
0.682082 0.177821 0
0.700099 0.188727 0
0.704134 0.20232 1
0.718829 0.234147 0
0.744991 0.263871 0
0.750174 0.300038 0
0.770581 0.339598 0
0.776901 0.369955 0
0.784543 0.406158 0
0.811429 0.442128 0
0.858692 0.502498 0
0.86214 0.530742 0
0.86099 0.56479 0
0.861614 0.589641 0
0.857059 0.623319 1
0.84603 0.649445 0
0.837522 0.669455 0
0.818955 0.67597 0
0.843114 0.723523 0
0.830484 0.757195 0
0.778599 0.773672 0
0.744268 0.787921 0
0.707766 0.807667 0
0.720089 0.836637 0
0.651819 0.854892 0
0.612848 0.872438 0
0.566264 0.910689 0
0.497677 0.878648 0
0.474297 0.887555 0
0.444697 0.867176 0
0.402365 0.854347 0
0.306485 0.763989 0
0.219946 0.732124 0
0.193344 0.724756 0
0.148209 0.700609 1
0.139876 0.705288 0
0.146637 0.720052 0
0.150419 0.712165 0
0.0962852 0.733739 0
