0.354369 0.183031 0
0.395798 0.191955 0
0.391781 0.193515 1
0.390401 0.193434 0
0.38929 0.191907 0
0.387723 0.190831 0
0.384396 0.188451 0
0.382696 0.180216 0
0.372634 0.170437 0
0.366594 0.162094 0
0.364335 0.155657 0
0.344796 0.131248 0
0.342974 0.132512 0
0.342668 0.132101 0
0.342439 0.131932 1
0.34109 0.131378 0
0.339954 0.13155 0
0.338761 0.131751 0
0.337432 0.132715 0
0.334359 0.135634 0
0.33362 0.134628 0
0.331829 0.135543 0
0.330955 0.137177 0
0.331402 0.13646 0
0.327926 0.139834 0
0.327685 0.136922 0
0.338439 0.144729 0
0.255908 0.196009 0
0.268373 0.188419 0
0.267432 0.185819 0
0.267212 0.18502 1
0.267383 0.184496 0
0.268352 0.183721 0
0.266524 0.184544 0
0.26637 0.18331 0
0.264827 0.183604 0
0.264922 0.183044 0
0.264817 0.182379 0
0.259826 0.188917 0
0.248303 0.204036 0
0.224095 0.30691 0
0.218589 0.300791 0
0.219687 0.300498 1
0.210746 0.284735 0
0.4024 0.431931 0
0.351656 0.418113 0
0.336452 0.413089 0
0.336624 0.420055 0
0.330286 0.42562 0
0.336671 0.438005 0
0.336104 0.44799 0
0.336921 0.460483 0
0.334324 0.469373 0
0.319534 0.478169 0
0.303946 0.507589 0
0.295683 0.522136 0
0.293065 0.523618 0
0.295976 0.523961 0
0.287643 0.531694 1
0.302336 0.531475 0
0.311946 0.540568 0
0.323754 0.541206 0
0.333944 0.544888 0
0.363833 0.5553 0
0.410399 0.587032 0
0.421952 0.605178 0
0.432314 0.617571 0
0.437347 0.639324 0
0.44123 0.671528 0
0.456204 0.687255 0
0.452505 0.712271 1
0.485039 0.710387 0
0.503645 0.711552 0
0.520474 0.715859 0
0.533523 0.720073 0
0.551969 0.725846 0
0.559753 0.732672 0
0.628594 0.792747 0
0.588217 0.721106 0
0.634339 0.786835 0
0.645745 0.799893 0
0.654817 0.81054 0
0.65855 0.812722 1
0.671072 0.802175 0
0.685643 0.789343 0
0.702811 0.778303 0
0.715014 0.776084 0
0.733576 0.766183 0
0.759695 0.765937 0
0.771543 0.757179 0
0.797851 0.765313 1
0.771234 0.715391 0
0.740357 0.665763 0
0.808821 0.691502 0
0.807472 0.685436 0
0.866275 0.666668 0
0.689793 0.58955 0
0.883007 0.655415 0
0.914156 0.623514 1
0.915792 0.621402 0
0.916451 0.621667 0
0.920468 0.619967 0
0.912815 0.611307 0
0.979554 0.545613 0
0.934828 0.518547 0
0.93135 0.516854 0
0.930844 0.516722 1
0.937415 0.503161 0
0.939619 0.482145 0
0.936725 0.469034 0
0.942348 0.454892 0
0.939981 0.43165 0
0.937176 0.421537 0
0.92381 0.397123 0
0.926446 0.392501 0
0.920092 0.382548 0
0.907871 0.365618 1
0.914022 0.349852 0
0.922777 0.338018 0
0.929591 0.3163 0
0.927927 0.301757 0
0.922671 0.283758 0
0.920816 0.271489 0
0.913908 0.261331 0
0.911301 0.247964 0
0.904127 0.232886 0
0.898962 0.221477 0
0.886826 0.208464 0
0.885753 0.199659 1
0.885107 0.197545 0
0.885916 0.192607 0
0.889319 0.18853 0
0.884583 0.164071 0
0.885092 0.160122 0
0.884124 0.15683 0
0.882357 0.154716 0
0.880659 0.148255 1
0.877941 0.136927 0
0.873872 0.133723 0
0.874464 0.121495 0
0.870503 0.127952 0
0.871017 0.118386 0
0.872732 0.109855 0
0.872998 0.103149 0
0.871852 0.0971227 0
0.880486 0.0835459 0
0.885327 0.0703561 0
0.876246 0.0752164 0
0.775837 0.0454666 0
0.811666 0.0718156 0
0.80187 0.0639572 1
0.798186 0.062228 0
0.795437 0.0609932 0
0.791533 0.0586833 0
0.780264 0.0567066 0
0.781882 0.0246221 0
0.772945 0.021532 1
0.763508 0.0165241 0
0.756942 0.0148803 0
0.752859 0.0118105 0
0.744543 0.00879606 0
0.742166 0.00619156 0
0.739754 0.00634164 0
0.738658 0.00567586 0
0.687124 0.00733438 1
0.670925 0.00339695 0
0.65849 0.00973298 0
0.648456 0.00699186 0
0.633168 0 0
0.622358 0.00643423 0
0.609001 0.00657403 0
0.597327 0.0123461 0
0.576973 0.0116592 1
0.567176 0.0163203 0
0.56114 0.0189516 0
0.553838 0.0220745 0
0.551246 0.0273541 0
0.548221 0.0342703 0
0.547643 0.0373313 0
0.495405 0.04809 0
0.481572 0.0498973 1
0.481529 0.0499504 0
0.481534 0.0499013 0
0.481426 0.0500105 0
0.481076 0.0501552 0
0.480326 0.050439 0
0.47914 0.0504271 0
0.478531 0.0508103 0
0.477674 0.0505323 0
0.477428 0.0501777 0
0.476095 0.0494919 0
0.476739 0.0499732 0
0.474213 0.0478959 0
0.473773 0.0586831 0
0.331984 0.138128 0
0.328104 0.10008 0
0.332196 0.103927 1
0.291304 0.107344 0
0.297262 0.106723 0
0.296388 0.108988 0
0.293566 0.109586 0
0.292847 0.115194 0
0.292888 0.118754 1
0.294532 0.12033 0
0.295287 0.121686 0
0.297348 0.121946 0
0.299791 0.122253 0
0.301954 0.123378 0
0.302992 0.124989 0
0.303457 0.125788 0
0.304048 0.12775 0
0.304525 0.128187 0
0.30479 0.129418 0
0.235664 0.180887 0
0.242588 0.177049 0
0.245813 0.181576 0
0.247481 0.182755 1
0.247481 0.182755 0
0.247481 0.182755 0
0.247481 0.182755 0
0.247481 0.182755 0
0.247481 0.182754 0
0.247479 0.182751 0
0.247484 0.182746 0
0.247516 0.182678 0
0.247229 0.182831 0
0.245253 0.181123 0
0.228816 0.163537 0
0.288196 0.367321 0
0.28206 0.372965 0
0.280552 0.379709 0
0.248466 0.174564 0
0.247897 0.18162 0
0.24709 0.182869 0
0.247733 0.182137 0
0.244904 0.184176 0
0.245058 0.150517 0
0.259704 0.398186 0
0.248849 0.421666 1
0.24885 0.421717 0
0.248914 0.42359 0
0.249274 0.422647 0
0.249277 0.422945 0
0.253985 0.432774 0
0.251049 0.444448 0
0.273908 0.467628 0
0.296279 0.573295 0
0.285793 0.582747 0
0.285245 0.609234 0
0.300332 0.654876 0
0.310875 0.690643 0
0.345684 0.707793 0
0.355116 0.717376 1
0.359665 0.717572 0
0.339479 0.732561 0
0.453378 0.812376 0
0.492033 0.833146 0
0.508831 0.840478 0
0.533031 0.837379 0
0.558983 0.843622 0
0.580106 0.843679 1
0.572591 0.830735 0
0.737519 0.857348 0
0.754644 0.864933 0
0.758557 0.850609 0
0.612354 0.834826 0
0.78078 0.851088 1
0.782166 0.849856 0
0.776841 0.878511 0
0.970368 0.766906 0
0.958289 0.728632 0
0.955058 0.718056 0
0.958149 0.702757 1
0.958749 0.701977 0
0.959443 0.700433 0
0.962456 0.695536 0
0.959837 0.696426 0
0.960758 0.69526 0
0.967934 0.695534 0
0.929108 0.564329 0
0.813791 0.394705 0
0.801111 0.375437 0
0.800083 0.372156 0
0.80206 0.372798 0
0.799033 0.372173 1
0.797913 0.371088 0
0.797528 0.366452 0
0.795386 0.362735 0
0.799083 0.359676 0
0.935499 0.589643 0
0.787531 0.314584 0
0.765625 0.322358 0
0.745784 0.302972 0
0.616356 0.236095 0
0.615456 0.21555 0
0.611285 0.210582 0
0.608694 0.207831 0
0.606149 0.205499 0
0.601988 0.197717 0
0.602081 0.199467 0
0.600622 0.195849 1
0.600945 0.186673 0
0.593334 0.180942 0
0.591249 0.174817 0
0.587082 0.166912 0
0.575199 0.156931 0
0.565676 0.155367 0
0.558367 0.147055 0
0.548877 0.145986 0
0.534906 0.143811 0
0.525357 0.140075 1
0.515835 0.135473 0
0.506396 0.134451 0
0.490365 0.131455 0
0.457356 0.106749 0
0.451888 0.0974181 0
0.42684 0.104731 0
0.263866 0.0202247 0
0.267995 0.00606876 0
0.435902 0.0553989 0
0.430497 0.0629457 1
0.429862 0.0638797 0
0.429684 0.0656089 0
0.426832 0.0605327 0
0.427067 0.0646515 0
0.424805 0.0594331 0
0.423184 0.0595595 0
0.424026 0.0646971 0
0.423381 0.0640358 1
0.415229 0.0649984 0
0.414098 0.0651933 0
0.405148 0.0627098 0
0.392735 0.0624783 0
0.378193 0.060796 0
0.368927 0.0646002 0
0.361928 0.0757725 0
0.356705 0.0818916 0
0.350248 0.0855043 0
0.347533 0.0892545 1
0.347295 0.089229 0
0.347377 0.0892624 0
0.347497 0.0892696 0
0.347435 0.0892495 0
0.34717 0.0891579 0
0.346646 0.0892725 0
0.346437 0.0893283 0
0.346518 0.0902916 0
0.34684 0.0908248 0
0.360197 0.0789328 0
0.305174 0.161256 0
0.297496 0.165191 1
0.297053 0.165456 0
0.296318 0.166208 0
0.295895 0.167 0
0.294887 0.167984 0
0.294117 0.169937 0
0.291955 0.169661 0
0.289768 0.169447 0
0.289615 0.171474 0
0.287906 0.171008 0
0.289084 0.173043 0
0.284676 0.167682 0
0.286875 0.185876 0
0.243012 0.362148 0
0.222532 0.350487 1
0.222032 0.351422 0
0.221771 0.352549 0
0.220996 0.354924 0
0.241321 0.345098 0
0.262719 0.515434 0
0.268286 0.526683 0
0.267521 0.527611 0
0.269577 0.529964 0
0.270974 0.530956 0
0.271799 0.531338 1
0.270455 0.532679 0
0.268021 0.535238 0
0.26342 0.539068 0
0.259374 0.542202 0
0.273211 0.654088 0
0.3951 0.739464 0
0.401328 0.748473 0
0.404416 0.751477 0
0.406025 0.75127 0
0.407616 0.751607 0
0.407189 0.752754 0
0.410891 0.754215 1
0.412422 0.761519 0
0.421043 0.776834 0
0.423905 0.778332 0
0.432727 0.791046 0
0.443523 0.796546 0
0.650026 0.898766 0
0.626295 0.899497 0
0.828443 0.801417 0
0.659589 0.886922 0
0.648958 0.863426 0
0.650795 0.86346 0
0.652879 0.862079 1
0.654794 0.863128 0
0.657407 0.864293 0
0.657208 0.86307 0
0.660324 0.865939 0
0.655531 0.865183 0
0.664863 0.878654 0
0.864006 0.818489 0
0.840039 0.80418 1
0.842335 0.803832 0
0.844106 0.803934 0
0.851013 0.803144 0
0.85436 0.801138 0
0.861711 0.80074 0
0.858199 0.781529 0
1 0.656471 0
0.929296 0.552906 0
0.91801 0.549707 0
0.919246 0.548954 0
0.91904 0.548273 0
0.919152 0.547397 1
0.918888 0.547339 0
0.918376 0.547168 0
0.917896 0.547263 0
0.917578 0.546997 0
0.917637 0.547185 0
0.916156 0.545065 0
0.924105 0.564777 0
0.791915 0.402819 0
0.782908 0.424656 0
0.783821 0.397947 0
0.782194 0.392113 0
0.782458 0.389304 1
0.770575 0.389888 0
0.739773 0.386588 0
0.71944 0.379207 0
0.704373 0.36426 0
0.690017 0.355949 0
0.673937 0.352536 0
0.659543 0.342728 0
0.649036 0.32383 0
0.633509 0.314949 0
0.62167 0.299438 1
0.614189 0.301467 0
0.600088 0.309338 0
0.584882 0.314935 0
0.573037 0.32174 0
0.563709 0.323561 0
0.552594 0.322669 0
0.547936 0.332634 0
0.540856 0.325151 0
0.537163 0.319152 0
0.528264 0.315904 0
0.517582 0.310734 0
0.512761 0.30741 0
0.508913 0.297337 0
0.465898 0.266596 0
0.446168 0.247893 0
0.434095 0.231882 0
0.433415 0.231515 0
0.432491 0.231128 0
0.426023 0.224383 0
0.422581 0.223492 1
0.421349 0.225086 0
0.420884 0.22572 0
0.411667 0.239761 0
0.406772 0.24814 0
0.405508 0.254094 0
0.401632 0.256672 0
0.395823 0.261687 0
0.390068 0.265575 0
0.378651 0.262496 0
0.375741 0.269265 0
0.369066 0.272679 0
0.363708 0.274168 0
0.35727 0.276747 0
0.3538 0.277425 0
0.352055 0.281123 0
0.362516 0.300315 0
0.259536 0.27046 0
0.257489 0.277904 0
0.339144 0.298595 0
0.26119 0.279832 0
0.257873 0.276934 0
0.256415 0.278325 1
0.256638 0.268683 0
0.175076 0.304274 0
0.182735 0.314352 0
0.185259 0.31677 0
0.185825 0.317015 0
0.185887 0.317076 0
0.185897 0.317082 0
0.1859 0.317084 0
0.1859 0.317083 0
0.185897 0.317078 0
0.185815 0.316913 0
0.185558 0.31585 0
0.185737 0.316815 0
0.185835 0.316903 0
0.186052 0.316708 0
0.185899 0.317085 1
0.181321 0.319283 0
0.177998 0.318687 0
0.170207 0.322748 0
0.167939 0.325612 0
0.164117 0.328441 0
0.158993 0.332938 0
0.157126 0.33768 0
0.153335 0.340318 0
0.152485 0.345547 0
0.150957 0.351927 0
0.148904 0.357139 0
0.148916 0.360282 0
0.147037 0.363079 0
0.148669 0.367742 0
0.148149 0.371785 0
0.148116 0.375905 1
0.145867 0.378202 0
0.143792 0.381205 0
0.141871 0.384763 0
0.136725 0.389572 0
0.136276 0.391783 0
0.137062 0.392576 0
0.133398 0.400212 0
0.129917 0.404817 0
0.12823 0.410654 0
0.128722 0.412438 0
0.126693 0.418325 0
0.124906 0.42567 0
0.124369 0.427164 0
0.123545 0.431679 0
0.122298 0.437704 0
0.12307 0.440261 0
0.123847 0.44662 0
0.12546 0.453022 0
0.122018 0.460038 0
0.121924 0.463549 1
0.123062 0.464767 0
0.124041 0.465035 0
0.124014 0.465767 0
0.125511 0.467483 0
0.125923 0.468269 0
0.127432 0.469895 0
0.127281 0.471047 0
0.12964 0.473596 0
0.131358 0.47639 0
0.131874 0.479643 0
0.131046 0.483351 0
0.131589 0.486423 0
0.130209 0.488957 0
0.129917 0.490695 0
0.129539 0.490689 0
0.12675 0.499263 0
0.11425 0.463319 0
0.129139 0.492293 0
0.109955 0.461748 0
0.125843 0.494693 0
0.123567 0.497702 0
0.123265 0.497398 0
0.122721 0.497764 0
0.122797 0.497728 0
0.122378 0.497983 0
0.122289 0.497922 0
0.122276 0.497938 0
0.122272 0.497939 0
0.122272 0.497939 0
0.122272 0.497939 1
0.122432 0.497727 0
0.122866 0.497154 0
0.123042 0.496759 0
0.12324 0.49672 0
0.123598 0.49615 0
0.12343 0.495799 0
0.123342 0.495707 0
0.123282 0.495524 0
0.123318 0.495166 0
0.123353 0.494658 0
0.123575 0.493929 0
0.123283 0.493553 0
0.123101 0.49352 0
0.122899 0.493255 0
0.122541 0.492687 0
0.122318 0.492123 0
0.122171 0.491471 0
0.121542 0.491466 0
0.121381 0.490306 0
0.120717 0.489887 0
0.120529 0.489384 0
0.120082 0.489327 0
0.119616 0.489249 0
0.119419 0.489835 0
0.119108 0.489398 0
0.118529 0.48895 0
0.118325 0.48818 0
0.117476 0.487682 0
0.117294 0.487478 0
0.116732 0.486879 0
0.116125 0.486461 0
0.115914 0.485975 0
0.11551 0.485841 0
0.115423 0.486041 0
0.115291 0.486312 0
0.11494 0.48593 0
0.11449 0.485027 0
0.114018 0.484309 0
0.113213 0.483492 0
0.113027 0.482997 0
0.11259 0.482266 0
0.112384 0.481976 0
0.112145 0.481959 0
0.11194 0.482264 0
0.111765 0.482509 0
0.111425 0.481993 0
0.111559 0.481266 0
0.111574 0.480945 0
0.111455 0.479942 0
0.111276 0.479947 0
0.111229 0.479447 0
0.110843 0.478952 0
0.110631 0.478402 0
0.110787 0.477759 0
0.1106 0.477958 0
0.110492 0.478223 0
0.110351 0.478105 0
0.110573 0.477409 1
0.10922 0.477768 0
0.108659 0.477951 0
0.108051 0.478261 0
0.10762 0.479967 0
0.107748 0.480672 0
0.107413 0.480694 0
0.107775 0.481582 0
0.107057 0.481682 0
0.107124 0.482609 0
0.107013 0.483627 0
0.106893 0.485202 0
0.106084 0.485284 0
0.106114 0.484415 0
0.106434 0.484967 0
0.106373 0.48593 0
0.106785 0.486514 0
0.106891 0.485836 0
0.107019 0.486749 0
0.107275 0.487496 0
0.106424 0.487636 0
0.106098 0.487819 0
0.106065 0.488707 0
0.106478 0.489892 0
0.107003 0.491585 0
0.107134 0.493002 0
0.107018 0.493858 0
0.106786 0.491907 0
0.107829 0.492146 0
0.107921 0.491988 0
0.107587 0.492403 0
0.106024 0.49194 0
0.105907 0.492724 0
0.106742 0.493407 0
0.107501 0.494238 0
0.107493 0.494734 0
0.106424 0.494588 0
0.106253 0.494618 0
0.10631 0.495073 0
0.10631 0.495592 0
0.106377 0.495783 0
0.105849 0.495801 0
0.105535 0.496305 0
0.105466 0.496532 0
0.105732 0.497072 0
0.105754 0.496858 0
0.105808 0.496842 0
0.106443 0.497445 0
0.107193 0.498425 0
0.108601 0.499036 0
0.109071 0.498931 0
0.109168 0.498839 0
0.109291 0.499048 0
0.109401 0.499083 0
0.109589 0.498912 0
0.110374 0.499332 0
0.110828 0.499446 0
0.111266 0.49966 0
0.111306 0.499444 0
0.11192 0.499691 0
0.113019 0.499898 1
0.113782 0.499974 0
0.114448 0.499615 0
0.114409 0.499731 0
0.114474 0.500316 0
0.114661 0.501626 0
0.11509 0.502375 0
0.115477 0.502182 0
0.115568 0.502636 0
0.115818 0.502588 0
0.115825 0.501985 0
0.116768 0.501484 0
0.117279 0.501647 0
0.11759 0.501573 0
0.117688 0.50139 0
0.117757 0.501262 0
0.117732 0.501224 0
0.118246 0.500606 0
0.11851 0.500244 0
0.118511 0.49995 0
0.118557 0.499725 0
0.119156 0.499547 0
0.11942 0.499538 0
0.11938 0.499692 0
0.119524 0.499542 1
0.119465 0.499538 0
0.119534 0.499636 0
0.119532 0.499627 0
0.119437 0.499531 0
0.119391 0.499483 0
0.119356 0.499522 0
0.119303 0.49949 0
0.11926 0.499523 0
0.119307 0.499553 0
0.119265 0.499569 0
0.118936 0.499147 0
0.114555 0.505214 0
0.0744832 0.483653 0
0 0.470848 0
