0.51367 0.281023 0
0.483922 0.297034 0
0.465125 0.30686 0
0.442428 0.309636 0
0.416031 0.311863 0
0.389409 0.319323 0
0.36358 0.329633 0
0.338564 0.339184 0
0.312344 0.352425 0
0.285881 0.371291 0
0.248045 0.37693 0
0.216338 0.386955 0
0.180788 0.399397 0
0.143421 0.422046 0
0.108503 0.449621 0
0.0933882 0.481253 0
0.0798263 0.510158 0
0.0662339 0.52744 0
0.0512304 0.53631 0
0.0376118 0.552732 0
0.0304086 0.574 1
0.0269978 0.590233 0
0.0247691 0.601165 0
0.0209935 0.606107 0
0.0141156 0.604032 0
0.00895145 0.599197 0
0 0.5872 1
0.00122996 0.574812 0
0.0034485 0.560657 0
0.00602142 0.542065 0
0.00976338 0.521843 0
0.0180438 0.490733 0
0.0286081 0.458522 0
0.040233 0.426006 0
0.0575601 0.39422 0
0.0691225 0.363616 0
0.0787291 0.332995 0
0.0924406 0.303485 0
0.114925 0.288572 0
0.118061 0.247131 0
0.127014 0.206637 0
0.139822 0.175333 0
0.148498 0.144502 1
0.16331 0.119699 0
0.179512 0.0955811 0
0.199531 0.0692418 0
0.22289 0.0486326 0
0.240667 0.0357856 0
0.260351 0.026791 0
0.284281 0.0164512 0
0.308127 0.00672782 1
0.333332 0 0
0.362656 0.00180636 0
0.394111 0.00495857 0
0.440593 0.0112883 1
0.491954 0.0255186 0
0.532857 0.0401346 0
0.567217 0.0576649 0
0.598134 0.079433 0
0.633989 0.104924 0
0.673057 0.132437 0
0.710591 0.162946 0
0.748886 0.196261 0
0.785675 0.232424 0
0.814329 0.268002 1
0.834871 0.301243 0
0.853394 0.333892 0
0.868535 0.364423 0
0.881444 0.395854 0
0.895201 0.422391 0
0.91457 0.446447 0
0.931756 0.473487 0
0.944624 0.498853 0
0.951116 0.515878 0
0.952194 0.528589 0
0.952645 0.537007 0
0.957074 0.54368 1
0.972475 0.554384 0
0.979762 0.558735 0
0.975101 0.553117 0
0.971794 0.54851 0
0.975411 0.548874 0
0.963965 0.531014 0
0.95209 0.511461 0
0.947177 0.48752 0
0.950346 0.466962 0
0.950384 0.450133 0
0.946731 0.437289 0
0.945973 0.424637 0
0.941804 0.414772 0
0.935993 0.413631 0
0.923429 0.414013 0
0.905063 0.413035 0
0.891991 0.407862 0
0.876976 0.396226 0
0.855818 0.385848 0
0.826896 0.375809 0
0.797063 0.363028 0
0.769025 0.351903 0
0.741478 0.339915 0
0.711625 0.325794 0
0.684074 0.316396 0
0.649174 0.30389 0
0.605982 0.290235 0
0.565741 0.289654 0
0.533082 0.290827 0
0.505763 0.292158 0
0.477822 0.296125 0
0.451193 0.298168 0
0.426755 0.304762 0
0.401292 0.309795 0
0.375491 0.313525 0
0.348972 0.330019 0
0.323935 0.348558 0
0.299319 0.358516 0
0.273876 0.367382 0
0.247781 0.384083 0
0.224258 0.402263 0
0.205359 0.415785 0
0.188044 0.424554 0
0.167733 0.444117 0
0.153562 0.489193 0
0.134535 0.516005 1
0.116774 0.530234 0
0.103039 0.558527 0
0.0948001 0.576381 0
0.0867035 0.587772 0
0.0808691 0.599217 0
0.0763609 0.610084 0
0.0666217 0.609092 0
0.0555667 0.59754 1
0.0521984 0.597833 0
0.0487859 0.59438 0
0.0459461 0.59177 0
0.0437915 0.575124 0
0.041229 0.560731 0
0.0387564 0.5491 0
0.0380259 0.53723 0
0.0360704 0.517147 0
0.0328245 0.497119 0
0.037165 0.468571 0
0.0487948 0.429989 0
0.0592934 0.387466 0
0.0683108 0.342921 0
0.0807468 0.297149 0
0.0930255 0.258133 0
0.104446 0.227063 0
0.11455 0.197596 0
0.127735 0.166022 0
0.145178 0.134657 0
0.157915 0.105951 0
0.168985 0.0851005 0
0.184687 0.0705288 1
0.203458 0.0611738 0
0.222795 0.0522904 0
0.245268 0.0426585 0
0.263397 0.0329748 0
0.283442 0.0246943 0
0.310441 0.0199261 0
0.331445 0.015134 0
0.353723 0.010691 0
0.375849 0.0108807 0
0.434347 0.0268199 1
0.428663 0.0155564 0
0.460918 0.0253525 0
0.482282 0.0369287 0
0.510775 0.0493682 0
0.548908 0.0673237 0
0.571204 0.0868166 0
0.590918 0.108386 0
0.617607 0.132257 0
0.64816 0.158482 0
0.679046 0.189707 0
0.708816 0.222157 0
0.729793 0.25247 0
0.744458 0.281295 0
0.767378 0.311114 0
0.799215 0.345397 0
0.830168 0.380954 0
0.857551 0.411357 0
0.88061 0.439275 1
0.893427 0.46323 0
0.91138 0.489731 0
0.928358 0.50848 0
0.942013 0.520988 0
0.95211 0.534138 0
0.959305 0.541777 0
0.970437 0.548259 0
0.983103 0.555614 0
0.987428 0.556461 0
0.975145 0.544285 0
1 0.569587 0
0.968784 0.531926 0
0.956966 0.511418 0
0.946975 0.49522 0
0.943029 0.475807 0
0.941507 0.4637 0
0.935848 0.448045 0
0.933357 0.429569 1
0.932239 0.409616 0
0.922252 0.398225 0
0.906806 0.393073 0
0.895285 0.388257 0
0.881967 0.386689 0
0.868555 0.385841 0
0.85604 0.381092 0
0.844482 0.3804 0
0.829423 0.381193 0
0.805623 0.372154 0
0.786158 0.363211 0
0.771725 0.346709 1
0.750483 0.329956 0
0.71918 0.324065 0
0.692948 0.318497 0
0.669847 0.311278 0
0.639937 0.315416 0
0.607591 0.314766 0
0.577367 0.302543 0
0.551027 0.296546 0
0.524849 0.29917 0
0.491459 0.301233 0
0.454633 0.296843 0
0.422297 0.294756 1
0.395753 0.294084 0
0.372025 0.28956 0
0.347885 0.293668 0
0.313608 0.301154 0
0.279563 0.308927 0
0.2527 0.319318 0
0.226828 0.327277 0
0.196699 0.332849 0
0.168823 0.349226 0
0.148108 0.379138 0
0.125298 0.406543 0
0.104471 0.428442 0
0.0903013 0.45502 0
0.0824337 0.486759 1
0.0653757 0.497039 0
0.0557891 0.515926 0
0.0447199 0.5214 0
0.0393484 0.524088 0
0.0360896 0.53038 0
0.0294781 0.547644 0
0.0251492 0.560957 0
0.0225334 0.551655 0
0.0157272 0.53271 0
0.0131491 0.529126 0
0.0190422 0.532039 0
0.0204362 0.518657 0
0.0225682 0.508879 0
0.0240727 0.487246 0
0.0272311 0.449908 0
0.0351957 0.414603 1
0.0480021 0.387424 0
0.0611638 0.357941 0
0.0793685 0.328123 0
0.0830634 0.289565 0
0.091132 0.260087 0
0.101506 0.222709 0
0.123873 0.22831 0
0.114161 0.18414 0
0.136298 0.173578 0
0.143392 0.14072 0
0.148753 0.110464 0
0.161235 0.0792375 1
0.174678 0.0690065 0
0.19461 0.056557 0
0.223007 0.0535647 0
0.233696 0.0314618 0
0.270226 0.0228328 0
0.281914 0.024677 0
0.310069 0.019666 0
0.338413 0.0180924 0
0.35578 0.0257499 0
0.392626 0.0149381 0
0.421431 0.016094 0
0.44215 0.0195282 1
0.470762 0.0230522 0
0.488435 0.0324792 0
0.527315 0.0461454 0
0.527214 0.0569567 0
0.578005 0.0625011 0
0.614471 0.0790015 1
0.626348 0.101138 0
0.65344 0.123014 0
0.658832 0.143949 0
0.668261 0.17272 0
0.680052 0.206396 0
0.69134 0.243557 0
0.700546 0.288237 0
0.725325 0.300998 0
0.75725 0.318266 0
0.83232 0.357377 0
