0.712998 0.0959 0
0.734872 0.0226139 0
0.764117 0.0465672 0
0.782137 0.0619652 0
0.802858 0.0823502 0
0.81383 0.109051 0
0.851992 0.12533 0
0.861849 0.150723 0
0.87349 0.183193 0
0.885492 0.217135 0
0.926695 0.254259 0
0.937376 0.289059 0
0.947634 0.322845 0
0.948427 0.352305 0
0.951384 0.380355 0
0.957479 0.427181 0
0.964624 0.473127 1
0.967942 0.490501 0
0.97415 0.502043 0
0.970782 0.502877 0
0.969811 0.499655 0
0.967736 0.508652 0
0.952931 0.535761 0
0.932083 0.547798 0
0.903698 0.557916 0
0.877666 0.569925 0
0.859063 0.589643 0
0.836635 0.608369 0
0.788627 0.590985 0
0.752245 0.596265 0
0.729483 0.621415 0
0.688206 0.625933 0
0.661151 0.638457 0
0.641534 0.657483 0
0.605415 0.664002 0
0.568093 0.660878 0
0.52234 0.648449 0
0.501893 0.649125 0
0.46361 0.652204 0
0.415504 0.624147 0
0.390199 0.628899 1
0.363667 0.631548 0
0.342208 0.640604 0
0.327074 0.630711 0
0.301724 0.629965 0
0.280065 0.620056 0
0.256725 0.629722 0
0.233918 0.622233 0
0.191149 0.626556 0
0.17985 0.610597 0
0.147583 0.611925 0
0.116875 0.607621 0
0.0893565 0.585015 0
0.0669012 0.561742 0
0.0485838 0.544362 1
0.0418364 0.526837 0
0.0313567 0.512957 0
0.0314209 0.484994 0
0.0368491 0.461807 0
0.0179532 0.448166 0
0.00154917 0.440032 0
0 0.412371 0
0.00340073 0.38949 0
0.00276361 0.376761 0
0.0153348 0.359126 1
0.0306156 0.34036 0
0.0473768 0.323495 0
0.0546425 0.305251 0
0.0666635 0.289656 0
0.0827398 0.285985 0
0.102421 0.281436 0
0.106431 0.258286 0
0.12915 0.258801 0
0.132583 0.225932 0
0.156679 0.224438 0
0.172919 0.217472 0
0.198903 0.211713 1
0.227295 0.19118 0
0.272427 0.159445 0
0.302367 0.136235 0
0.31938 0.107333 0
0.352856 0.105816 0
0.386745 0.0873623 0
0.412897 0.0740941 0
0.449744 0.0568818 0
0.487981 0.03525 0
0.538836 0.0169704 1
0.581131 0.00501723 0
0.630226 0 0
0.654438 0.0017228 0
0.680197 0.00795237 0
0.70309 0.0293235 0
0.738732 0.0466351 0
0.7551 0.0526341 0
0.77928 0.0735414 1
0.794041 0.0862935 0
0.813726 0.116107 0
0.850959 0.120094 0
0.870154 0.139285 0
0.878586 0.179251 0
0.89235 0.204839 0
0.91233 0.230023 0
0.92324 0.27053 0
0.925241 0.316128 0
0.942854 0.336342 0
0.966108 0.377851 0
1 0.427037 0
0.990328 0.473418 0
0.972108 0.495255 0
0.981522 0.521872 0
0.963188 0.560724 0
0.95078 0.579993 0
0.943068 0.580827 0
0.943992 0.582898 0
0.931013 0.581664 0
0.909407 0.595322 0
0.882339 0.585093 0
0.85461 0.605209 0
0.818163 0.614344 0
0.795825 0.632226 0
0.779424 0.631012 0
0.750123 0.636292 0
0.726876 0.635607 1
0.695612 0.644191 0
0.666942 0.658242 0
0.601936 0.644811 0
0.58922 0.647086 0
0.543339 0.615305 0
